%YAML:1.0
---
groups:
   - intact
   - CD19
intactGmmnames:
   - "intact.2014-1240.0"
   - "intact.2014-1240.1"
   - "intact.2014-1240.2"
   - "intact.2014-1240.3"
   - "intact.2014-1240.4"
intactLabels:
   - FSC-A
   - SSC-A
   - SY41
   - CD19
   - CD10
   - CD20
   - CD45
   - CD34
   - CD38
   - CD58
intactMu: !!opencv-matrix
   rows: 5
   cols: 10
   dt: d
   data: [ 2.3803747521532697e+00, 1.7905595699063634e+00,
       2.8961820364247743e+00, 1.4953329180101087e+00,
       1.3013680016681184e+00, 1.0222785560473782e+00,
       2.1589363493735436e+00, 1.1790560640284493e+00,
       2.2722409556380914e+00, 1.9555653536565176e+00,
       1.4685454299805445e+00, 3.6684104452218425e-01,
       2.7150538292555488e+00, 1.1993806628219317e+00,
       1.2669335037056479e+00, 9.2473818511337336e-01,
       3.4333201298917397e+00, 1.1250738138039234e+00,
       2.3175057627836022e+00, 1.2392810750039585e+00,
       1.1546648341571808e+00, 4.7301903234853038e-01,
       2.6161062595581828e+00, 1.2141122349272124e+00,
       1.2075640137381363e+00, 9.8510504114255870e-01,
       1.5112376443705815e+00, 1.1286940608316711e+00,
       1.5181128227520613e+00, 2.2505277977410523e+00,
       1.9071950660905026e+00, 1.1929905025377670e+00,
       2.8348675362480513e+00, 1.4271098800633299e+00,
       1.3277688842699455e+00, 1.2628029444412363e+00,
       3.2457320660607163e+00, 1.3446053871168540e+00,
       2.6992287273848867e+00, 1.6590427065501185e+00,
       2.7208200071361324e+00, 3.0444025643466417e+00,
       2.7395625392899405e+00, 1.6654165474423657e+00,
       2.1836347060982324e+00, 9.7987060606276577e-01,
       2.5928580231607445e+00, 1.1481676243847259e+00,
       2.0123207550235129e+00, 2.0146911666418017e+00 ]
intactSigma:
   - !!opencv-matrix
      rows: 10
      cols: 10
      dt: d
      data: [ 1.0284143715734821e+00, 7.5767450546922022e-01,
          6.1929931887491144e-02, 1.3649096118442614e-01,
          2.9817121043395761e-02, -1.3845664272598287e-02,
          2.8138499566994385e-01, -3.1675155510279371e-02,
          2.8903769135338392e-01, 6.8085563103563330e-03,
          7.5767450546922022e-01, 9.9686048964372942e-01,
          1.1846110906293777e-01, 1.8405357228026906e-01,
          4.0686395571217678e-02, -1.1130100737128291e-02,
          3.1222684274939611e-01, -3.5837831371805552e-02,
          3.4188777780749324e-01, 1.1320253935773393e-02,
          6.1929931887491123e-02, 1.1846110906293777e-01,
          3.4109660754889048e-01, 3.1213954237677768e-02,
          2.6255678758695885e-02, 7.2652550993921481e-03,
          9.2222378304993718e-02, -1.0945003183334828e-02,
          1.6703897151805416e-01, 1.2517150526363835e-01,
          1.3649096118442614e-01, 1.8405357228026903e-01,
          3.1213954237677768e-02, 5.7014662341578815e-02,
          1.1046519300190313e-02, -4.9116172503114548e-03,
          5.3009427336009961e-02, -6.1612787251375117e-03,
          5.7711887852624641e-02, 8.4075124090351987e-03,
          2.9817121043395761e-02, 4.0686395571217678e-02,
          2.6255678758695895e-02, 1.1046519300190311e-02,
          6.1769530489462737e-02, 3.9053312820566967e-03,
          1.5096201503518482e-02, -2.0348994642504109e-03,
          2.8468509837753602e-02, 2.0912833828511897e-02,
          -1.3845664272598287e-02, -1.1130100737128291e-02,
          7.2652550993921464e-03, -4.9116172503114539e-03,
          3.9053312820566954e-03, 9.6729368723159667e-02,
          -4.1778352945231840e-03, 2.9758480037083814e-03,
          -1.2290393446412119e-02, 9.8440112445629981e-03,
          2.8138499566994385e-01, 3.1222684274939611e-01,
          9.2222378304993718e-02, 5.3009427336009961e-02,
          1.5096201503518487e-02, -4.1778352945231840e-03,
          2.2264638141568643e-01, -1.0345845208318669e-02,
          2.5251713961616945e-01, 4.3508714139042184e-02,
          -3.1675155510279371e-02, -3.5837831371805552e-02,
          -1.0945003183334830e-02, -6.1612787251375100e-03,
          -2.0348994642504104e-03, 2.9758480037083814e-03,
          -1.0345845208318667e-02, 5.6011960760516837e-02,
          -1.2630046914869342e-02, 5.1317659989262090e-03,
          2.8903769135338392e-01, 3.4188777780749324e-01,
          1.6703897151805416e-01, 5.7711887852624641e-02,
          2.8468509837753602e-02, -1.2290393446412119e-02,
          2.5251713961616945e-01, -1.2630046914869342e-02,
          3.9083485198258688e-01, 7.4409575237833703e-02,
          6.8085563103563390e-03, 1.1320253935773385e-02,
          1.2517150526363832e-01, 8.4075124090351970e-03,
          2.0912833828511897e-02, 9.8440112445629998e-03,
          4.3508714139042177e-02, 5.1317659989262090e-03,
          7.4409575237833689e-02, 1.8969298537462090e-01 ]
   - !!opencv-matrix
      rows: 10
      cols: 10
      dt: d
      data: [ 9.9225892950546637e-02, 1.2070225685610916e-02,
          -6.1309136394894860e-02, 2.1997690220382504e-03,
          9.5100961876972926e-03, -1.1793147751455039e-03,
          1.3924909566661389e-02, 2.5414781486411448e-03,
          2.2752525896233763e-02, 3.0353922903570224e-02,
          1.2070225685610916e-02, 1.4766133244976410e-02,
          -2.8948271674799457e-02, 3.4588632184371832e-03,
          5.6121447307460222e-03, -1.8815062677478586e-03,
          7.4970181806327044e-03, 2.0647048853998551e-03,
          1.6633043751581009e-02, 3.1705546981230882e-02,
          -6.1309136394894867e-02, -2.8948271674799457e-02,
          1.9002112881628772e-01, -7.1234715506877976e-03,
          -2.2824171082349267e-02, 7.0551055691813087e-03,
          -3.3620598652046058e-02, -5.3874307541005159e-03,
          -6.8126178228367001e-02, -8.3636469575280079e-02,
          2.1997690220382504e-03, 3.4588632184371832e-03,
          -7.1234715506877976e-03, 4.2810391384312627e-02,
          -1.5396708479396854e-03, -4.9283103721298911e-03,
          8.1525297282988992e-04, -3.3195974724882151e-05,
          5.4156011690959244e-05, 7.6688436648393215e-03,
          9.5100961876972943e-03, 5.6121447307460222e-03,
          -2.2824171082349267e-02, -1.5396708479396852e-03,
          2.1001079874551010e-01, -1.4345362157423393e-03,
          5.5666442909148269e-03, 1.0834528121621884e-04,
          1.5016685138159324e-02, 2.0182584920756939e-02,
          -1.1793147751455034e-03, -1.8815062677478584e-03,
          7.0551055691813087e-03, -4.9283103721298911e-03,
          -1.4345362157423380e-03, 7.8155079507944883e-02,
          -1.7369464577921933e-03, -1.0853451321845908e-02,
          -1.6737028205314225e-02, -4.2047180019215303e-03,
          1.3924909566661389e-02, 7.4970181806327052e-03,
          -3.3620598652046065e-02, 8.1525297282989014e-04,
          5.5666442909148278e-03, -1.7369464577921942e-03,
          2.1756866113778750e-02, 2.6169506293382745e-03,
          1.4013004567610092e-02, 2.4897846891005996e-02,
          2.5414781486411461e-03, 2.0647048853998542e-03,
          -5.3874307541005167e-03, -3.3195974724881473e-05,
          1.0834528121621910e-04, -1.0853451321845908e-02,
          2.6169506293382740e-03, 1.2088238289461661e-01,
          5.6057589670445466e-03, 4.7819941882689294e-03,
          2.2752525896233760e-02, 1.6633043751581013e-02,
          -6.8126178228367001e-02, 5.4156011690959149e-05,
          1.5016685138159324e-02, -1.6737028205314225e-02,
          1.4013004567610092e-02, 5.6057589670445466e-03,
          1.0076719420508445e-01, 4.1345177542070774e-02,
          3.0353922903570224e-02, 3.1705546981230882e-02,
          -8.3636469575280106e-02, 7.6688436648393232e-03,
          2.0182584920756946e-02, -4.2047180019215303e-03,
          2.4897846891005996e-02, 4.7819941882689286e-03,
          4.1345177542070774e-02, 1.6761512049766553e-01 ]
   - !!opencv-matrix
      rows: 10
      cols: 10
      dt: d
