%YAML:1.0
---
groups:
   - intact
   - CD19
intactGmmnames:
   - "intact.2014-3399.0"
   - "intact.2014-3399.1"
   - "intact.2014-3399.2"
   - "intact.2014-3399.3"
   - "intact.2014-3399.4"
intactLabels:
   - FSC-A
   - SSC-A
   - SY41
   - CD19
   - CD10
   - CD20
   - CD45
   - CD34
   - CD38
   - CD58
intactMu: !!opencv-matrix
   rows: 5
   cols: 10
   dt: d
   data: [ 8.2378765067556659e-01, 2.9912254594793619e-01,
       3.3257605607084999e+00, 1.3986429066711354e+00,
       1.2363049678154481e+00, 1.0791919682207334e+00,
       3.2765915165168855e+00, 1.1069707541214904e+00,
       1.9154172664760050e+00, 1.2270761278470521e+00,
       1.0921497318888296e+00, 5.6865606073839126e-01,
       3.1081585626203525e+00, 1.1425126859722530e+00,
       1.1901281567681734e+00, 1.0898953636497146e+00,
       1.2514830911365149e+00, 1.1501366285566239e+00,
       1.2045693925628900e+00, 2.3096467881724756e+00,
       1.3777902815465566e+00, 6.8721788518768601e-01,
       3.1116427309351891e+00, 1.6632461578085977e+00,
       1.5072976186305402e+00, 1.0536642694431160e+00,
       3.3738225295635256e+00, 1.0584783929259005e+00,
       2.2013913632712518e+00, 1.7811566275323532e+00,
       2.2371059606771970e+00, 2.1777385385239234e+00,
       3.2622010422503243e+00, 1.8599690199183110e+00,
       1.6341794010874811e+00, 1.1582426518801945e+00,
       2.9038809918550337e+00, 1.3009430537333682e+00,
       2.2001167796417569e+00, 2.1095661301948061e+00,
       1.0545004440941768e+00, 4.1227617599091237e-01,
       3.2542094266555637e+00, 1.4797198413491213e+00,
       1.3005956057480510e+00, 1.0761501335592161e+00,
       3.3159346758219757e+00, 1.1061282213547403e+00,
       1.8912067509746653e+00, 1.4243069217888693e+00 ]
intactSigma:
   - !!opencv-matrix
      rows: 10
      cols: 10
      dt: d
      data: [ 1.9446309024108238e-02, 9.6563414788278896e-04,
          -3.9441923587644765e-03, 4.9291800457915375e-04,
          5.3016238295354315e-04, -2.5795428951110429e-04,
          1.9761019971773412e-03, -4.2915418028826143e-04,
          1.4308287179240426e-03, 1.5470815022038883e-03,
          9.6563414788278896e-04, 6.2639123411650979e-03,
          8.3552033382877102e-04, 4.1745643101566343e-03,
          1.7576577030531274e-03, 9.4159154156438405e-05,
          2.0360400300727961e-03, -1.6751490012407091e-04,
          -4.1545762900101110e-04, 2.0163677376986249e-02,
          -3.9441923587644756e-03, 8.3552033382877102e-04,
          3.2445670275562245e-03, 1.5844918128807949e-03,
          -2.8254645208950077e-04, 1.4906793724414648e-04,
          1.5688344574136272e-06, 2.9031865778787879e-05,
          -9.4746726643570576e-04, 1.3725876767997332e-03,
          4.9291800457915396e-04, 4.1745643101566325e-03,
          1.5844918128807956e-03, 1.0776800114918343e-01,
          4.7861857278609079e-03, -4.8177887704171684e-03,
          2.8165569620011606e-03, -8.3761013903163606e-04,
          -7.4663269886663377e-03, 1.2127571932717273e-02,
          5.3016238295354337e-04, 1.7576577030531274e-03,
          -2.8254645208950049e-04, 4.7861857278609071e-03,
          1.3800425324565802e-01, 6.8424880712937878e-04,
          5.5345202392256202e-04, -1.4850464853809044e-03,
          5.5576775550378267e-04, 5.8648903570733242e-03,
          -2.5795428951110424e-04, 9.4159154156438446e-05,
          1.4906793724414657e-04, -4.8177887704171666e-03,
          6.8424880712937867e-04, 2.5352796201587733e-02,
          -2.0160622889521187e-04, -5.8138077827169466e-03,
          -1.3022509213158994e-02, -1.1104827143498526e-04,
          1.9761019971773412e-03, 2.0360400300727961e-03,
          1.5688344574136370e-06, 2.8165569620011615e-03,
          5.5345202392256202e-04, -2.0160622889521163e-04,
          6.6679818844900558e-03, 2.1241290058138628e-04,
          3.9884234805238538e-03, 3.5414926983628604e-03,
          -4.2915418028826127e-04, -1.6751490012407107e-04,
          2.9031865778787858e-05, -8.3761013903163671e-04,
          -1.4850464853809033e-03, -5.8138077827169466e-03,
          2.1241290058138650e-04, 6.5206286220557810e-02,
          6.8553008214661849e-03, 2.9596288831284281e-04,
          1.4308287179240428e-03, -4.1545762900101110e-04,
          -9.4746726643570544e-04, -7.4663269886663351e-03,
          5.5576775550378256e-04, -1.3022509213158994e-02,
          3.9884234805238538e-03, 6.8553008214661832e-03,
          8.4449902721280237e-02, 5.1818532937470871e-05,
          1.5470815022038883e-03, 2.0163677376986253e-02,
          1.3725876767997330e-03, 1.2127571932717272e-02,
          5.8648903570733251e-03, -1.1104827143498543e-04,
          3.5414926983628604e-03, 2.9596288831284221e-04,
          5.1818532937470851e-05, 1.6506833643721486e-01 ]
   - !!opencv-matrix
      rows: 10
      cols: 10
      dt: d
      data: [ 8.0389640371218846e-02, 2.9380124483345309e-02,
          1.6822952789287318e-02, 1.7177904343016703e-02,
          6.5476437324197192e-03, 3.9800409827560736e-04,
          1.7060940830625589e-02, 7.2952592899681661e-04,
          1.0029369815085672e-02, 2.3613921915945395e-02,
          2.9380124483345309e-02, 3.7333921301155024e-02,
          1.3739578304095151e-02, 2.1739660838202536e-02,
          7.2077604003599341e-03, 6.8082060085231945e-04,
          1.5128575638128191e-02, 1.0229748447468979e-03,
          9.4250153471789559e-03, 2.8646200258866408e-02,
          1.6822952789287318e-02, 1.3739578304095151e-02,
          4.8794936761679883e-02, 9.9534628340198286e-03,
          3.5366276391102553e-03, 7.0676564767341418e-04,
          1.5042129160678690e-02, 9.0096871541362920e-04,
          8.4568533346773087e-03, 1.6826784304110148e-02,
          1.7177904343016710e-02, 2.1739660838202536e-02,
          9.9534628340198286e-03, 9.3775521862595912e-02,
          5.2974063461336653e-03, -3.0791655319360066e-03,
          7.6335732903458952e-03, 1.0284300011571556e-03,
          -3.3106993083843886e-03, 1.7153604254267998e-02,
          6.5476437324197192e-03, 7.2077604003599341e-03,
          3.5366276391102579e-03, 5.2974063461336653e-03,
          3.3667421482633395e-02, 3.4065484574104981e-04,
          -2.9643211703776948e-03, -1.0847378423398984e-04,
          4.4630179358120421e-03, 7.4493174878667787e-03,
          3.9800409827560725e-04, 6.8082060085231924e-04,
          7.0676564767341451e-04, -3.0791655319360057e-03,
          3.4065484574105008e-04, 1.6926995470225952e-02,
          8.1018825317414245e-04, -1.5209980584618310e-03,
          -7.5936311146663051e-03, 7.5239420389403456e-04,
          1.7060940830625589e-02, 1.5128575638128191e-02,
          1.5042129160678685e-02, 7.6335732903458926e-03,
          -2.9643211703776948e-03, 8.1018825317414234e-04,
          8.7069599396414926e-02, 2.8186608234429069e-03,
          1.5959933009762672e-02, 1.7052274528307269e-02,
          7.2952592899681672e-04, 1.0229748447468984e-03,
          9.0096871541362942e-04, 1.0284300011571552e-03,
          -1.0847378423398967e-04, -1.5209980584618310e-03,
          2.8186608234429056e-03, 1.5357966775395263e-02,
          2.1834162816244157e-03, 1.0228201791051433e-03,
          1.0029369815085672e-02, 9.4250153471789559e-03,
          8.4568533346773087e-03, -3.3106993083843886e-03,
          4.4630179358120421e-03, -7.5936311146663042e-03,
          1.5959933009762676e-02, 2.1834162816244157e-03,
          3.9567377520344692e-02, 1.0802817505416005e-02,
          2.3613921915945395e-02, 2.8646200258866408e-02,
          1.6826784304110148e-02, 1.7153604254267998e-02,
          7.4493174878667804e-03, 7.5239420389403488e-04,
          1.7052274528307269e-02, 1.0228201791051437e-03,
          1.0802817505416005e-02, 4.9316431523246655e-02 ]
   - !!opencv-matrix
      rows: 10
      cols: 10
      dt: d
