%YAML:1.0
---
groups:
   - intact
   - CD19
   - blast
intactGmmnames:
   - "intact.2014-3031.0"
   - "intact.2014-3031.1"
   - "intact.2014-3031.2"
   - "intact.2014-3031.3"
   - "intact.2014-3031.4"
intactLabels:
   - FSC-A
   - SSC-A
   - SY41
   - CD19
   - CD10
   - CD20
   - CD45
   - CD34
   - CD38
   - CD58
intactMu: !!opencv-matrix
   rows: 5
   cols: 10
   dt: d
   data: [ 1.9246002107852613e+00, 8.5175195605533671e-01,
       3.3715006759850796e+00, 1.3346616705242267e+00,
       1.1800924542791791e+00, 1.0386480102302660e+00,
       1.5018358744515434e+00, 1.2081444752846642e+00,
       1.6447201786962862e+00, 2.3521698740593733e+00,
       2.7800408439692803e+00, 3.4784100524023449e+00,
       3.2978110279833563e+00, 2.0491959118546617e+00,
       2.1712247890359384e+00, 1.0060964437385620e+00,
       2.7501538145657309e+00, 1.1725190853992964e+00,
       1.6342856183077132e+00, 2.0487246913741308e+00,
       1.3831678852575857e+00, 5.0653976294903169e-01,
       3.4681868205707325e+00, 1.0709915177120006e+00,
       1.1152714461628668e+00, 9.9503432033362393e-01,
       1.3130099743153019e+00, 1.1550257632710537e+00,
       1.5807954423960802e+00, 2.4561311412769693e+00,
       1.6499849186998474e+00, 5.9239573147060343e-01,
       3.2325520216505454e+00, 1.6021116338695887e+00,
       1.0239683227621048e+00, 9.5772321598759003e-01,
       3.4055124797352399e+00, 1.1357513466137832e+00,
       1.9838908641970192e+00, 1.6683422242997372e+00,
       2.5663542876787080e+00, 1.7596996150680806e+00,
       3.4120992044262479e+00, 1.8822554296867045e+00,
       1.3890960736314837e+00, 1.0838784879304890e+00,
       2.6643041111173305e+00, 1.2915352836930070e+00,
       2.0968401031414117e+00, 2.1126634644224187e+00 ]
intactSigma:
   - !!opencv-matrix
      rows: 10
      cols: 10
      dt: d
      data: [ 5.0473014956402606e-01, 1.3099624849908933e-01,
          5.9851047628348445e-03, 7.4614459856259710e-02,
          2.5774497856500520e-02, 2.0287565616355280e-02,
          5.4184364002004000e-02, 1.2978759836374578e-02,
          7.8061674951304099e-03, 8.3835287681859549e-02,
          1.3099624849908931e-01, 1.1724402383024345e-01,
          3.0573952783950083e-02, 6.3317434148270221e-02,
          1.2860135799582031e-02, 1.0700904908409820e-02,
          2.9012058762636881e-02, 5.0821485398403919e-03,
          4.7904400593792393e-03, 5.4686615140579098e-02,
          5.9851047628348471e-03, 3.0573952783950083e-02,
          2.1196065682651227e-01, -7.3573729947953436e-04,
          1.4183449519885902e-02, -2.3930829156100956e-02,
          1.4184051680719216e-03, -1.5841715209077848e-02,
          1.5240216756004383e-02, 9.5349493853384884e-02,
          7.4614459856259710e-02, 6.3317434148270221e-02,
          -7.3573729947953468e-04, 1.0300200275043664e-01,
          7.4130226956215734e-03, 7.9162805850866956e-03,
          1.5635371346342540e-02, 6.1186653470924335e-03,
          -1.4996009968583214e-03, 1.6366405863136722e-02,
          2.5774497856500517e-02, 1.2860135799582027e-02,
          1.4183449519885899e-02, 7.4130226956215760e-03,
          6.2920490985552524e-02, -2.1199137838562965e-03,
          1.7421630707650632e-03, -2.0712180533476341e-03,
          4.1354080030990299e-03, 3.3035292851137987e-02,
          2.0287565616355287e-02, 1.0700904908409820e-02,
          -2.3930829156100952e-02, 7.9162805850866956e-03,
          -2.1199137838562965e-03, 4.5112102880912344e-02,
          4.5102908206863497e-03, 3.3661230778723335e-03,
          -5.8350777052305607e-03, -2.0212272059909747e-02,
          5.4184364002004000e-02, 2.9012058762636884e-02,
          1.4184051680719227e-03, 1.5635371346342537e-02,
          1.7421630707650636e-03, 4.5102908206863480e-03,
          7.3276387291834735e-02, 7.3713918024419555e-03,
          1.4021164693354553e-02, 2.8926435462621414e-02,
          1.2978759836374573e-02, 5.0821485398403919e-03,
          -1.5841715209077852e-02, 6.1186653470924335e-03,
          -2.0712180533476328e-03, 3.3661230778723335e-03,
          7.3713918024419555e-03, 1.9992377340772180e-02,
          -5.6796402332123547e-04, -8.1010752615943184e-03,
          7.8061674951304073e-03, 4.7904400593792411e-03,
          1.5240216756004380e-02, -1.4996009968583207e-03,
          4.1354080030990307e-03, -5.8350777052305607e-03,
          1.4021164693354553e-02, -5.6796402332123569e-04,
          1.1478555958152295e-02, 1.9599620922405411e-02,
          8.3835287681859577e-02, 5.4686615140579098e-02,
          9.5349493853384884e-02, 1.6366405863136715e-02,
          3.3035292851137987e-02, -2.0212272059909754e-02,
          2.8926435462621414e-02, -8.1010752615943184e-03,
          1.9599620922405411e-02, 1.7352199633308385e-01 ]
   - !!opencv-matrix
      rows: 10
      cols: 10
      dt: d
      data: [ 5.5279815202085258e-01, 3.7634294740480585e-02,
          -7.1273492186605544e-02, 2.9603371226149932e-03,
          -1.4202003266333524e-01, -1.2302776668753908e-02,
          1.0280963644550823e-02, -3.0050225286086829e-03,
          2.2338588595899902e-02, -5.9873655932940594e-03,
          3.7634294740480585e-02, 3.2363330292320652e-01,
          -2.8614707233522212e-02, 5.1492986775966317e-02,
          1.3154324754682825e-01, 4.2694665661300706e-04,
          6.3978173439089236e-02, 3.8307541304690151e-04,
          -5.7651764832521279e-03, 3.3284964616761385e-02,
          -7.1273492186605530e-02, -2.8614707233522205e-02,
          6.7578735200059567e-02, -5.1370122840453426e-03,
          -1.5046365478336304e-02, 5.6166545943629543e-03,
          -3.1945171479584276e-02, 2.1371344771967064e-03,
          -4.8017664978504656e-03, -7.9692324136904167e-03,
          2.9603371226149928e-03, 5.1492986775966317e-02,
          -5.1370122840453409e-03, 2.2622239555571220e-02,
          3.1489567941814629e-02, -1.2226219469831264e-03,
          1.4585351071023355e-02, -1.6804462047611112e-04,
          -3.3348824774453601e-03, 6.2126470050790856e-03,
          -1.4202003266333524e-01, 1.3154324754682825e-01,
          -1.5046365478336300e-02, 3.1489567941814629e-02,
          3.2894330952306367e-01, 2.4211784541656252e-03,
          1.0623464533693493e-01, -1.0156405148921055e-03,
          -1.0650048185088320e-02, 3.5243231764467066e-02,
          -1.2302776668753908e-02, 4.2694665661300685e-04,
          5.6166545943629543e-03, -1.2226219469831259e-03,
          2.4211784541656265e-03, 3.9223386025966887e-02,
          -3.5423294772746364e-03, -4.0370216452645970e-03,
          -5.7062807784905032e-03, -3.8018046900111261e-04,
          1.0280963644550823e-02, 6.3978173439089236e-02,
          -3.1945171479584283e-02, 1.4585351071023355e-02,
          1.0623464533693494e-01, -3.5423294772746364e-03,
          8.0115094112289204e-02, -1.0859688430548719e-03,
          2.1174870836815260e-03, 1.7825400567587989e-02,
          -3.0050225286086842e-03, 3.8307541304690091e-04,
          2.1371344771967064e-03, -1.6804462047611150e-04,
          -1.0156405148921061e-03, -4.0370216452645970e-03,
          -1.0859688430548719e-03, 3.6577334606178409e-02,
          1.4521210361271946e-03, -3.6470868607997494e-05,
          2.2338588595899902e-02, -5.7651764832521244e-03,
          -4.8017664978504647e-03, -3.3348824774453601e-03,
          -1.0650048185088320e-02, -5.7062807784905023e-03,
          2.1174870836815269e-03, 1.4521210361271946e-03,
          7.5892294663624160e-03, 1.0936919225736792e-04,
          -5.9873655932940585e-03, 3.3284964616761385e-02,
          -7.9692324136904167e-03, 6.2126470050790856e-03,
          3.5243231764467066e-02, -3.8018046900111261e-04,
          1.7825400567587989e-02, -3.6470868607997426e-05,
          1.0936919225736803e-04, 2.2096903811444048e-02 ]
   - !!opencv-matrix
      rows: 10
      cols: 10
      dt: d
