%YAML:1.0
---
groups:
   - intact
   - CD19
intactGmmnames:
   - "intact.2014-1060.0"
   - "intact.2014-1060.1"
   - "intact.2014-1060.2"
   - "intact.2014-1060.3"
   - "intact.2014-1060.4"
intactLabels:
   - FSC-A
   - SSC-A
   - SY41
   - CD19
   - CD10
   - CD20
   - CD45
   - CD34
   - CD38
   - CD58
intactMu: !!opencv-matrix
   rows: 5
   cols: 10
   dt: d
   data: [ 1.5671874357619588e+00, 5.5037272187674435e-01,
       2.5337323031901335e+00, 1.3123743142626612e+00,
       8.7866744070420744e-01, 9.5873944764562902e-01,
       3.3836433597149802e+00, 1.1308116447120298e+00,
       2.4915044450969046e+00, 1.3008311115275566e+00,
       2.6922187277140717e+00, 2.8395051395234163e+00,
       2.7810257625974857e+00, 1.6648226538853650e+00,
       1.4964000476531329e+00, 1.1159984663997480e+00,
       2.5052849326338555e+00, 1.2697645494784213e+00,
       1.9811070108658271e+00, 1.9991861835537659e+00,
       1.1236416474062589e+00, 2.8231625098958524e-01,
       2.6178861151097474e+00, 1.2306332611773181e+00,
       8.4492671695832189e-01, 9.0687632457450351e-01,
       3.2855286546193350e+00, 1.1317946411762709e+00,
       2.0907993777372713e+00, 8.8222468930857822e-01,
       1.3883157792293523e+00, 4.3953881935668893e-01,
       2.4633693729238266e+00, 1.2990409995904166e+00,
       8.7562209186758699e-01, 8.8247825688517201e-01,
       3.4316923857093018e+00, 1.1430368712979191e+00,
       2.1025254670240221e+00, 1.1675706936445245e+00,
       1.2459654155835937e+00, 6.0546842976393977e-01,
       2.4723220591638420e+00, 1.2357469812485025e+00,
       1.1045035302760029e+00, 9.6596411367926993e-01,
       1.4546381658512451e+00, 1.1771465856301118e+00,
       1.3997139684942541e+00, 2.0285292641840216e+00 ]
intactSigma:
   - !!opencv-matrix
      rows: 10
      cols: 10
      dt: d
      data: [ 1.7641711668430893e-01, 1.6394801304026804e-02,
          1.2402144914915839e-03, 9.8615908682599292e-03,
          3.1057704719653855e-03, -1.1922092624707654e-02,
          2.6048346611462454e-02, -1.0552858582269530e-03,
          1.9592234224998038e-02, 1.8443180526716337e-02,
          1.6394801304026801e-02, 2.3933119243035993e-02,
          -3.2009383524539380e-03, 5.3327338116871074e-03,
          2.8140317887374328e-03, -5.8984989214365931e-03,
          5.4899313739195481e-03, 1.1792950600223284e-03,
          3.6685837010335415e-03, 3.4537984856543649e-02,
          1.2402144914915839e-03, -3.2009383524539388e-03,
          1.3300884174938304e-01, 4.4474373282989976e-03,
          1.8774551432524571e-03, -2.3631840320629784e-04,
          1.0672413183880312e-02, -7.0727729405358842e-04,
          -4.3934544470601272e-02, -2.5674596589706129e-02,
          9.8615908682599292e-03, 5.3327338116871091e-03,
          4.4474373282989959e-03, 4.0842486168510245e-02,
          3.0291045861938464e-04, -9.3741631590884208e-03,
          7.9554877160075890e-03, -2.8817812500698468e-04,
          -3.5201312834627161e-03, 6.9094027059191758e-03,
          3.1057704719653842e-03, 2.8140317887374337e-03,
          1.8774551432524571e-03, 3.0291045861938491e-04,
          5.8812031868035394e-02, 1.2356674469889608e-03,
          2.0129958887090890e-03, -1.6443425354610449e-03,
          -2.9445662332977102e-03, 8.0635016396239222e-03,
          -1.1922092624707658e-02, -5.8984989214365957e-03,
          -2.3631840320629803e-04, -9.3741631590884208e-03,
          1.2356674469889604e-03, 1.2169747620746607e-01,
          -1.2304403308144359e-04, -7.1035040806114178e-03,
          -1.4676481449494294e-02, -6.4919248187609154e-03,
          2.6048346611462454e-02, 5.4899313739195481e-03,
          1.0672413183880311e-02, 7.9554877160075907e-03,
          2.0129958887090882e-03, -1.2304403308144437e-04,
          2.8395739568182112e-02, -8.7453492877970359e-04,
          1.8476011595542688e-03, 2.3548453431388146e-03,
          -1.0552858582269533e-03, 1.1792950600223290e-03,
          -7.0727729405358896e-04, -2.8817812500698436e-04,
          -1.6443425354610460e-03, -7.1035040806114178e-03,
          -8.7453492877970359e-04, 7.4704319260586113e-02,
          -2.0611830097613771e-04, 1.8292204159769513e-03,
          1.9592234224998041e-02, 3.6685837010335407e-03,
          -4.3934544470601272e-02, -3.5201312834627161e-03,
          -2.9445662332977089e-03, -1.4676481449494294e-02,
          1.8476011595542682e-03, -2.0611830097613741e-04,
          1.2402615898975843e-01, 3.4650926589466835e-02,
          1.8443180526716337e-02, 3.4537984856543649e-02,
          -2.5674596589706125e-02, 6.9094027059191801e-03,
          8.0635016396239222e-03, -6.4919248187609154e-03,
          2.3548453431388146e-03, 1.8292204159769509e-03,
          3.4650926589466821e-02, 1.7451654363649699e-01 ]
   - !!opencv-matrix
      rows: 10
      cols: 10
      dt: d
      data: [ 8.2465637872229280e-01, 7.1325214525786329e-01,
          5.8147135503063531e-02, 2.1893008713318556e-02,
          3.3650805750824693e-02, -1.1972298052704707e-01,
          -1.4712449673055336e-01, -3.0997442391908631e-02,
          -1.0734254962851268e-01, 1.7115566555560399e-01,
          7.1325214525786329e-01, 1.6758099430345674e+00,
          9.1427460491179807e-02, 7.3905053543759661e-02,
          1.7069685664046716e-01, -2.4267227986833581e-01,
          -4.1324843393766009e-01, -1.0534027591854499e-01,
          -3.3715556899522847e-01, 3.3232031148328195e-01,
          5.8147135503063517e-02, 9.1427460491179807e-02,
          1.0935407454116462e-01, 2.3065241566811393e-03,
          1.5011064032212843e-02, -1.7983172402761611e-02,
          -7.8273478269589650e-03, 1.5536030339682813e-03,
          -7.8607265257763324e-03, 2.5102393914070095e-02,
          2.1893008713318552e-02, 7.3905053543759661e-02,
          2.3065241566811389e-03, 8.6212392050062883e-02,
          4.6448863157055034e-03, 5.0838288964137161e-02,
          -3.0137873296477422e-03, -2.2762242105398151e-02,
          -3.6753655366405194e-02, 5.9860013880948595e-03,
          3.3650805750824693e-02, 1.7069685664046716e-01,
          1.5011064032212843e-02, 4.6448863157055008e-03,
          2.4950810619678299e-01, -5.3801307956966998e-02,
          -5.0516565143124491e-02, -2.4845531865072729e-02,
          -6.4440798963417298e-02, 7.1602423259258696e-02,
          -1.1972298052704707e-01, -2.4267227986833581e-01,
          -1.7983172402761607e-02, 5.0838288964137161e-02,
          -5.3801307956966998e-02, 2.4616638331773905e-01,
          8.7262525897536122e-02, 2.0229173365432139e-02,
          5.1118530092132311e-02, -5.4091645448655995e-02,
          -1.4712449673055336e-01, -4.1324843393766009e-01,
          -7.8273478269589615e-03, -3.0137873296477422e-03,
          -5.0516565143124491e-02, 8.7262525897536122e-02,
          2.8334372980736872e-01, 2.4519956562921854e-02,
          1.6469893586722675e-01, -9.7386070161791835e-02,
          -3.0997442391908631e-02, -1.0534027591854500e-01,
          1.5536030339682817e-03, -2.2762242105398151e-02,
          -2.4845531865072722e-02, 2.0229173365432139e-02,
          2.4519956562921857e-02, 1.1612929610265822e-01,
          8.0697072224471839e-02, 2.4748537068009125e-03,
          -1.0734254962851270e-01, -3.3715556899522853e-01,
          -7.8607265257763324e-03, -3.6753655366405187e-02,
          -6.4440798963417298e-02, 5.1118530092132311e-02,
          1.6469893586722675e-01, 8.0697072224471811e-02,
          2.9694010368924145e-01, -2.4584222980836550e-02,
          1.7115566555560399e-01, 3.3232031148328195e-01,
          2.5102393914070095e-02, 5.9860013880948595e-03,
          7.1602423259258696e-02, -5.4091645448655981e-02,
          -9.7386070161791835e-02, 2.4748537068009125e-03,
          -2.4584222980836550e-02, 1.8558503559875841e-01 ]
   - !!opencv-matrix
      rows: 10
      cols: 10
      dt: d
