%YAML:1.0
---
groups:
   - intact
   - CD19
   - blast
intactGmmnames:
   - "intact.2015-3541.0"
   - "intact.2015-3541.1"
   - "intact.2015-3541.2"
   - "intact.2015-3541.3"
   - "intact.2015-3541.4"
intactLabels:
   - FSC-A
   - SSC-A
   - SY41
   - CD19
   - CD10
   - CD20
   - CD45
   - CD34
   - CD38
   - CD58
intactMu: !!opencv-matrix
   rows: 5
   cols: 10
   dt: d
   data: [ 2.2848840447475274e+00, 1.4854753916616081e+00,
       3.5503238061786173e+00, 1.5657114246961852e+00,
       1.7064039203907959e+00, 1.2945636035990737e+00,
       2.6232930220028781e+00, 1.6955146035684761e+00,
       1.8830911057440431e+00, 2.2863981841035668e+00,
       1.5786969026915665e+00, 5.6824590504380690e-01,
       3.3149016802044877e+00, 1.3862703867992792e+00,
       1.0856186166019850e+00, 1.0744339094019151e+00,
       3.8160953755720621e+00, 2.0259228778848826e+00,
       2.0320220428832418e+00, 1.4669600522187125e+00,
       1.3872988523626930e+00, 6.0591910804302973e-01,
       3.4801142886527594e+00, 1.3147728777746019e+00,
       1.4085793546051535e+00, 1.1594276476629308e+00,
       1.6982333432936338e+00, 1.1765067272075564e+00,
       1.4731163493244441e+00, 2.5376966618610690e+00,
       2.9813692387382846e+00, 3.3624262115951331e+00,
       3.2753332410423912e+00, 1.7524532607387266e+00,
       2.3188545757926611e+00, 1.1631850708589462e+00,
       3.2556784474782665e+00, 1.7265056595464368e+00,
       1.6019045367640175e+00, 2.1409175313610334e+00,
       1.3505961410232052e+00, 3.2099706892632679e-01,
       3.2613116641518425e+00, 1.3109759670192651e+00,
       1.0597034738468349e+00, 1.0974429136474042e+00,
       3.7017309705347330e+00, 1.8146571533499742e+00,
       1.5957449957235503e+00, 9.8835120645287444e-01 ]
intactSigma:
   - !!opencv-matrix
      rows: 10
      cols: 10
      dt: d
      data: [ 7.2780702277384590e-01, 4.4001830794170094e-01,
          5.2609007964336714e-02, 8.1695403944647235e-02,
          7.6497756873524211e-02, 5.4436862337353046e-04,
          1.5574903034925347e-01, 1.1097411045729798e-01,
          8.5443626157330477e-02, 7.9458774463989107e-02,
          4.4001830794170094e-01, 8.1321422131556109e-01,
          2.7520776604220247e-03, 1.4315792477608430e-01,
          1.5251602201090494e-01, 2.7171391165109190e-02,
          2.8417205592119843e-01, 1.2848526438509067e-01,
          1.2953597609015113e-01, 3.9596959748266686e-02,
          5.2609007964336721e-02, 2.7520776604220264e-03,
          6.3575320110672073e-02, -1.0976948354938731e-02,
          -1.0989609185420003e-02, -2.1222708572650469e-02,
          -1.4466572801301859e-02, -7.6927686668833567e-03,
          1.9345978183604104e-02, 5.1660303932756453e-02,
          8.1695403944647235e-02, 1.4315792477608430e-01,
          -1.0976948354938731e-02, 1.2368941248533939e-01,
          6.1293383539830951e-02, 8.2364723253449290e-02,
          1.1215016044047081e-01, 7.4376202443095590e-02,
          3.3768126063055112e-02, -1.7012719414009957e-02,
          7.6497756873524225e-02, 1.5251602201090500e-01,
          -1.0989609185420003e-02, 6.1293383539830951e-02,
          4.4980963913650923e-01, 2.2269635787875788e-02,
          9.2634880217815269e-02, 9.3925872573925401e-02,
          2.8238042768069179e-02, 4.9039417358328091e-02,
          5.4436862337353198e-04, 2.7171391165109190e-02,
          -2.1222708572650469e-02, 8.2364723253449290e-02,
          2.2269635787875781e-02, 1.9429430147218407e-01,
          8.1369763922918448e-02, 6.2074152429821533e-02,
          -1.7338639234550958e-02, -4.5729910858117173e-02,
          1.5574903034925347e-01, 2.8417205592119843e-01,
          -1.4466572801301859e-02, 1.1215016044047081e-01,
          9.2634880217815269e-02, 8.1369763922918462e-02,
          5.6462587654336938e-01, 2.0703797554149320e-01,
          1.5944662353795319e-01, -4.6007865863748970e-02,
          1.1097411045729798e-01, 1.2848526438509067e-01,
          -7.6927686668833567e-03, 7.4376202443095590e-02,
          9.3925872573925401e-02, 6.2074152429821533e-02,
          2.0703797554149320e-01, 4.0663792963695872e-01,
          1.1928046353308812e-01, -2.6981797230525784e-02,
          8.5443626157330477e-02, 1.2953597609015113e-01,
          1.9345978183604097e-02, 3.3768126063055098e-02,
          2.8238042768069179e-02, -1.7338639234550961e-02,
          1.5944662353795319e-01, 1.1928046353308812e-01,
          2.4575569430652600e-01, 4.3157720009223147e-02,
          7.9458774463989107e-02, 3.9596959748266672e-02,
          5.1660303932756460e-02, -1.7012719414009957e-02,
          4.9039417358328091e-02, -4.5729910858117173e-02,
          -4.6007865863748977e-02, -2.6981797230525784e-02,
          4.3157720009223154e-02, 2.6449643142398743e-01 ]
   - !!opencv-matrix
      rows: 10
      cols: 10
      dt: d
      data: [ 8.3233741894265620e-02, 1.6690355797744191e-02,
          9.3264164199545170e-04, 1.9911750239736438e-03,
          -3.5063515331351610e-03, 3.3448441972539649e-04,
          -2.6687464682196333e-03, -3.8371801313454235e-04,
          2.5218174465403774e-02, 1.4398319763486375e-02,
          1.6690355797744191e-02, 2.6186000378436301e-02,
          -2.4876323947743556e-03, 4.7838745716982465e-03,
          -1.2803217013777140e-03, -2.2144602520899085e-03,
          4.8524669728575330e-03, 8.5784860264316171e-03,
          2.6953919122685702e-02, 4.3003460656939232e-02,
          9.3264164199545203e-04, -2.4876323947743552e-03,
          2.2655419832126693e-02, -7.1902897785729083e-04,
          6.4064546004544642e-04, 5.1390565407982952e-04,
          1.6605570510695180e-03, 1.0363683999212208e-04,
          -2.5045633604206748e-02, -4.4346589773887309e-03,
          1.9911750239736438e-03, 4.7838745716982474e-03,
          -7.1902897785729105e-04, 3.2709962821187905e-02,
          3.3899510378151499e-04, -3.9742061099080454e-03,
          3.7176759069321367e-03, 7.6883336800451863e-03,
          -5.0831924851967138e-03, 1.0612595453544290e-02,
          -3.5063515331351619e-03, -1.2803217013777127e-03,
          6.4064546004544631e-04, 3.3899510378151526e-04,
          1.0150256431116200e-01, 4.4181280319192858e-04,
          -7.0155387447464748e-04, -3.2312582713685295e-03,
          -8.5960932454764456e-03, 7.9251892254012316e-04,
          3.3448441972539595e-04, -2.2144602520899085e-03,
          5.1390565407982973e-04, -3.9742061099080463e-03,
          4.4181280319192825e-04, 4.6823381816057955e-02,
          -1.3601761883945201e-03, -9.9360323538180903e-03,
          -1.8971827744565926e-02, -5.1961467971990615e-03,
          -2.6687464682196324e-03, 4.8524669728575330e-03,
          1.6605570510695182e-03, 3.7176759069321367e-03,
          -7.0155387447464726e-04, -1.3601761883945207e-03,
          1.7451997600779260e-02, 1.7494668179869253e-02,
          -1.9948393839619726e-02, 1.5014963840498255e-02,
          -3.8371801313454268e-04, 8.5784860264316153e-03,
          1.0363683999212230e-04, 7.6883336800451880e-03,
          -3.2312582713685295e-03, -9.9360323538180886e-03,
          1.7494668179869253e-02, 1.4058201591813674e-01,
          -1.3167988751186710e-02, 2.5253180965447122e-02,
          2.5218174465403774e-02, 2.6953919122685691e-02,
          -2.5045633604206748e-02, -5.0831924851967155e-03,
          -8.5960932454764404e-03, -1.8971827744565933e-02,
          -1.9948393839619726e-02, -1.3167988751186710e-02,
          3.0363374092383016e-01, 2.7042107850148524e-02,
          1.4398319763486375e-02, 4.3003460656939232e-02,
          -4.4346589773887309e-03, 1.0612595453544290e-02,
          7.9251892254012283e-04, -5.1961467971990642e-03,
          1.5014963840498255e-02, 2.5253180965447115e-02,
          2.7042107850148513e-02, 1.7830986880729194e-01 ]
   - !!opencv-matrix
      rows: 10
      cols: 10
      dt: d
