%YAML:1.0
---
groups:
   - intact
   - CD19
   - blast
intactGmmnames:
   - "intact.2015-2525.0"
   - "intact.2015-2525.1"
   - "intact.2015-2525.2"
   - "intact.2015-2525.3"
   - "intact.2015-2525.4"
intactLabels:
   - FSC-A
   - SSC-A
   - SY41
   - CD19
   - CD10
   - CD20
   - CD45
   - CD34
   - CD38
   - CD58
intactMu: !!opencv-matrix
   rows: 5
   cols: 10
   dt: d
   data: [ 2.4821107087562782e+00, 1.9448614374829938e+00,
       3.5001594694729099e+00, 1.7734354657941311e+00,
       2.2190046126213114e+00, 1.3044006502617860e+00,
       3.4339122494567813e+00, 2.2461852010105310e+00,
       2.6671231167443308e+00, 2.2821842681977729e+00,
       1.5971712576884090e+00, 4.3739776149760418e-01,
       3.7931804671201812e+00, 1.2908237891478054e+00,
       1.0892637029965577e+00, 1.1570340958980407e+00,
       3.6241242673462395e+00, 1.2294258317100502e+00,
       1.6487244943663675e+00, 1.1549355735945066e+00,
       3.0379926050872581e+00, 3.7519526423220757e+00,
       3.6405365370774154e+00, 1.9476014269758195e+00,
       2.7241572006626193e+00, 1.1719862484118082e+00,
       3.0424030645280031e+00, 1.6453482646213824e+00,
       1.6515827186797061e+00, 2.0717416698884112e+00,
       2.6907894514506472e+00, 2.4146567905458722e+00,
       3.4367928108236692e+00, 1.6785592716755973e+00,
       1.6456986845226456e+00, 1.2117176008400408e+00,
       2.5340919886836222e+00, 1.7536379054371529e+00,
       1.5856066626882355e+00, 1.7682096342883451e+00,
       1.1830329202686234e+00, 4.2663849810328180e-01,
       3.8410519515053889e+00, 1.1309130933850418e+00,
       1.2581446142863684e+00, 1.1758580218494930e+00,
       1.8282168089094426e+00, 1.2593831777152102e+00,
       1.4452622268299586e+00, 2.1710101248136362e+00 ]
intactSigma:
   - !!opencv-matrix
      rows: 10
      cols: 10
      dt: d
      data: [ 2.3813689021785298e-01, 1.3441879348957115e-02,
          3.3807249769878642e-03, 1.3589058313900915e-02,
          -1.0823714325056402e-01, 2.1600638240391126e-02,
          1.6196330123189717e-02, 3.8990536094687833e-02,
          1.5865426161081886e-02, 4.4707146844777520e-03,
          1.3441879348957115e-02, 2.8010426329459243e-01,
          4.2418845473327265e-03, 2.4620372164276382e-02,
          2.2806028820176819e-01, -3.2139299375969502e-02,
          -1.9081167959286091e-02, -9.1084928770718165e-02,
          5.9643179080138206e-03, 1.0175783186935504e-02,
          3.3807249769878629e-03, 4.2418845473327282e-03,
          6.5499039585183494e-02, 2.9385333041104500e-03,
          -8.8651550677251185e-03, 2.3393550924957461e-04,
          -1.2640785918312935e-03, 3.2970140586413522e-03,
          3.8022353834612711e-03, -7.5262923531911163e-04,
          1.3589058313900913e-02, 2.4620372164276379e-02,
          2.9385333041104487e-03, 5.9403449119213941e-02,
          -5.8836808884283774e-03, 4.3013773959995625e-03,
          9.0582354698963592e-03, 2.5910280251450934e-02,
          7.8114138323557214e-03, 4.0930690598129727e-03,
          -1.0823714325056402e-01, 2.2806028820176813e-01,
          -8.8651550677251167e-03, -5.8836808884283774e-03,
          8.4418981421410966e-01, -9.5503080986523284e-02,
          -5.2523682007068286e-02, -2.0593881703412192e-01,
          -1.0730869549306575e-02, 9.6017843516105362e-03,
          2.1600638240391126e-02, -3.2139299375969516e-02,
          2.3393550924957510e-04, 4.3013773959995607e-03,
          -9.5503080986523284e-02, 8.8080067616629634e-02,
          1.4953476625244103e-02, 3.5847461821637956e-02,
          -5.8252538849734234e-03, 9.0559983727829822e-04,
          1.6196330123189721e-02, -1.9081167959286088e-02,
          -1.2640785918312933e-03, 9.0582354698963592e-03,
          -5.2523682007068286e-02, 1.4953476625244103e-02,
          2.7652441561832795e-02, 4.1588093123295727e-02,
          5.0695826428864034e-03, 3.6676217765546273e-03,
          3.8990536094687847e-02, -9.1084928770718165e-02,
          3.2970140586413526e-03, 2.5910280251450934e-02,
          -2.0593881703412192e-01, 3.5847461821637963e-02,
          4.1588093123295727e-02, 2.2986308233486286e-01,
          2.3610712173647849e-02, 8.5264523750895362e-03,
          1.5865426161081889e-02, 5.9643179080138180e-03,
          3.8022353834612724e-03, 7.8114138323557214e-03,
          -1.0730869549306573e-02, -5.8252538849734243e-03,
          5.0695826428864017e-03, 2.3610712173647855e-02,
          5.4197008970319427e-02, 9.2337288704634826e-03,
          4.4707146844777538e-03, 1.0175783186935506e-02,
          -7.5262923531911163e-04, 4.0930690598129727e-03,
          9.6017843516105379e-03, 9.0559983727829855e-04,
          3.6676217765546273e-03, 8.5264523750895362e-03,
          9.2337288704634809e-03, 1.2559751612766502e-02 ]
   - !!opencv-matrix
      rows: 10
      cols: 10
      dt: d
      data: [ 8.2743842213500576e-02, 1.7593106677904341e-02,
          -2.0003364034878096e-02, 1.2706752004726060e-02,
          7.6150442246414882e-04, -6.2879143096179519e-04,
          9.4543517620103625e-03, 1.3019726198371547e-03,
          6.4026778288093708e-04, 2.6534572919423054e-02,
          1.7593106677904341e-02, 2.3928502500521417e-02,
          -1.7845970506370698e-02, 1.2680807719623282e-02,
          1.3457923358126858e-03, -1.0793143566710374e-03,
          9.8995620209751858e-03, 2.5635630752123993e-03,
          1.5705605232483568e-02, 4.6766122168619653e-02,
          -2.0003364034878096e-02, -1.7845970506370698e-02,
          4.4889254536904913e-02, -1.1405680531469750e-02,
          1.6832686131396338e-04, 5.7352214536106870e-04,
          -1.3621151429149192e-02, 1.3402718854890420e-03,
          -1.4747385338395801e-02, -3.9570520997266510e-02,
          1.2706752004726063e-02, 1.2680807719623282e-02,
          -1.1405680531469753e-02, 8.5435291016028023e-02,
          6.8774354050650944e-04, -1.9859380903008285e-03,
          8.6475897347327840e-03, 6.5292550191730246e-03,
          -3.5545988111338335e-04, 2.8472290057975594e-02,
          7.6150442246414915e-04, 1.3457923358126858e-03,
          1.6832686131396324e-04, 6.8774354050650977e-04,
          3.4751776906524201e-02, 1.3864978818529456e-04,
          -2.3774056608428975e-04, -2.2901073010284222e-03,
          -1.8837707803902729e-03, 3.0972992974408458e-03,
          -6.2879143096179551e-04, -1.0793143566710376e-03,
          5.7352214536106826e-04, -1.9859380903008285e-03,
          1.3864978818529459e-04, 2.7619054103418535e-02,
          4.9886525246466129e-04, -1.6103297833526705e-02,
          -2.0047346869564983e-02, -2.3274618933031167e-04,
          9.4543517620103608e-03, 9.8995620209751858e-03,
          -1.3621151429149192e-02, 8.6475897347327840e-03,
          -2.3774056608429005e-04, 4.9886525246466129e-04,
          1.6792229538334005e-02, -1.8855459008707937e-03,
          6.2738939649386012e-03, 2.7679210900857312e-02,
          1.3019726198371558e-03, 2.5635630752123988e-03,
          1.3402718854890422e-03, 6.5292550191730272e-03,
          -2.2901073010284222e-03, -1.6103297833526702e-02,
          -1.8855459008707931e-03, 1.4457398555792106e-01,
          9.7535129612098311e-03, 2.7998421744125706e-03,
          6.4026778288093676e-04, 1.5705605232483568e-02,
          -1.4747385338395801e-02, -3.5545988111338410e-04,
          -1.8837707803902733e-03, -2.0047346869564976e-02,
          6.2738939649386012e-03, 9.7535129612098311e-03,
          2.4344745554149075e-01, 2.3155201024198272e-02,
          2.6534572919423051e-02, 4.6766122168619653e-02,
          -3.9570520997266503e-02, 2.8472290057975594e-02,
          3.0972992974408454e-03, -2.3274618933031167e-04,
          2.7679210900857312e-02, 2.7998421744125724e-03,
          2.3155201024198269e-02, 2.2604026379309952e-01 ]
   - !!opencv-matrix
      rows: 10
      cols: 10
      dt: d
