%YAML:1.0
---
groups:
   - intact
   - CD19
   - blast
intactGmmnames:
   - "intact.2015-3865.0"
   - "intact.2015-3865.1"
   - "intact.2015-3865.2"
   - "intact.2015-3865.3"
   - "intact.2015-3865.4"
intactLabels:
   - FSC-A
   - SSC-A
   - SY41
   - CD19
   - CD10
   - CD20
   - CD45
   - CD34
   - CD38
   - CD58
intactMu: !!opencv-matrix
   rows: 5
   cols: 10
   dt: d
   data: [ 1.1212537678617966e+00, 2.9713909516527992e-01,
       3.6846997938990089e+00, 1.1738401086519155e+00,
       1.0454662520079931e+00, 9.7598405475599548e-01,
       3.6137397208204307e+00, 1.6730637713923826e+00,
       1.6332976314349392e+00, 9.4051356338892866e-01,
       2.3289187383651684e+00, 2.7957910189041462e+00,
       3.7563694006295347e+00, 1.6495821120452967e+00,
       1.9142556437025653e+00, 1.0597964139221066e+00,
       2.8746717526420942e+00, 1.5547095381690084e+00,
       1.6078015086430111e+00, 2.0737851892775883e+00,
       1.1687440307107599e+00, 5.4694776705739889e-01,
       3.6579787727657602e+00, 1.2211729323931027e+00,
       1.2937827178014163e+00, 1.0366095976388148e+00,
       1.4106853489221653e+00, 1.1589111593457975e+00,
       1.2662322916516224e+00, 2.3179091019651827e+00,
       1.6517479048145216e+00, 7.3274213535866417e-01,
       3.4382130252041687e+00, 1.2719994423200227e+00,
       1.0758691678662229e+00, 9.2121032864904573e-01,
       3.6429036715300787e+00, 1.8096163193762980e+00,
       2.7549400844656597e+00, 1.6053112030830310e+00,
       1.4247188876734536e+00, 5.0505418756225851e-01,
       3.5364652660457381e+00, 1.2362392537253388e+00,
       1.0796211134066300e+00, 9.6617099118665095e-01,
       3.7372856685705131e+00, 1.8859232558245513e+00,
       1.4270003720956270e+00, 1.3913950702934439e+00 ]
intactSigma:
   - !!opencv-matrix
      rows: 10
      cols: 10
      dt: d
      data: [ 5.6692818930588425e-02, 6.4733617625122404e-03,
          -2.4636542216745848e-02, 1.8197135257179648e-03,
          -2.9745097446281181e-04, 2.9476358394110930e-04,
          7.9508071766601924e-03, 1.8921647092606483e-03,
          4.4017300223175510e-03, -5.3939033336915364e-03,
          6.4733617625122404e-03, 6.5065023600596392e-03,
          -2.7718435340281194e-03, 1.6819378920771102e-03,
          9.3168018708694104e-04, 2.1262431616436337e-04,
          2.9769107369812275e-03, 2.2640723067241966e-03,
          -1.5016185724227662e-03, 1.7128211497853402e-02,
          -2.4636542216745848e-02, -2.7718435340281194e-03,
          2.3043663456572192e-02, -5.2981077904178152e-04,
          5.1991463575185558e-04, 4.7683129631952359e-04,
          -4.5541036216990727e-03, -1.7633091099051310e-03,
          -3.4655291416809215e-03, 4.6841465540298274e-03,
          1.8197135257179661e-03, 1.6819378920771100e-03,
          -5.2981077904178152e-04, 3.3133078142800636e-02,
          6.0212855162491280e-04, -3.8163048823322918e-03,
          -4.6587593326489769e-04, 3.6811841157123252e-03,
          -3.5222526264433538e-03, 4.3085786552988546e-03,
          -2.9745097446281176e-04, 9.3168018708694104e-04,
          5.1991463575185536e-04, 6.0212855162491280e-04,
          4.9027240968290677e-02, 1.2198390641072142e-04,
          -2.7100696847417451e-04, -6.2054977755683369e-03,
          -1.3994252209597743e-03, 4.3126301862746888e-03,
          2.9476358394110952e-04, 2.1262431616436285e-04,
          4.7683129631952332e-04, -3.8163048823322905e-03,
          1.2198390641072130e-04, 5.5274575752024942e-02,
          -3.3342727629598296e-04, -9.1121043433289514e-03,
          -1.7852123065983282e-02, 1.2533944748204812e-03,
          7.9508071766601924e-03, 2.9769107369812275e-03,
          -4.5541036216990727e-03, -4.6587593326489769e-04,
          -2.7100696847417435e-04, -3.3342727629598280e-04,
          9.1218428951575833e-03, 4.3858285546703882e-03,
          -5.0024682007908427e-04, 2.6265940961707171e-03,
          1.8921647092606483e-03, 2.2640723067241970e-03,
          -1.7633091099051308e-03, 3.6811841157123265e-03,
          -6.2054977755683369e-03, -9.1121043433289549e-03,
          4.3858285546703882e-03, 1.9470919026665748e-01,
          8.1854108345204533e-03, 4.8124682312034742e-03,
          4.4017300223175510e-03, -1.5016185724227662e-03,
          -3.4655291416809211e-03, -3.5222526264433551e-03,
          -1.3994252209597743e-03, -1.7852123065983286e-02,
          -5.0024682007908405e-04, 8.1854108345204516e-03,
          1.0543077823345720e-01, -5.7374107945961910e-03,
          -5.3939033336915364e-03, 1.7128211497853402e-02,
          4.6841465540298282e-03, 4.3085786552988555e-03,
          4.3126301862746888e-03, 1.2533944748204797e-03,
          2.6265940961707162e-03, 4.8124682312034759e-03,
          -5.7374107945961919e-03, 1.3979563510450518e-01 ]
   - !!opencv-matrix
      rows: 10
      cols: 10
      dt: d
      data: [ 4.1967711509850619e-01, 2.5733009290758491e-01,
          3.7924732906663270e-04, 3.0114149583299284e-02,
          7.4801689030709034e-03, -6.6772241235021944e-03,
          -3.7187506533731395e-02, -3.9941396580965294e-03,
          1.6187048403686614e-02, 4.8717149764367473e-02,
          2.5733009290758491e-01, 7.8968596758049481e-01,
          -3.6409610102979468e-03, 9.6140359585073276e-02,
          2.0312686567635080e-01, -1.4084116028892911e-02,
          -7.9055661756686144e-02, -7.0017722571063340e-02,
          -3.8628456044686448e-02, 1.2537273950158470e-01,
          3.7924732906663238e-04, -3.6409610102979455e-03,
          5.0340128272502678e-02, -4.8622778631943310e-03,
          2.4012808391662307e-04, -6.2844963113018572e-03,
          -2.6541670583725575e-03, -2.1160115710555750e-02,
          4.0714908298293629e-03, -4.5979728254291006e-03,
          3.0114149583299284e-02, 9.6140359585073276e-02,
          -4.8622778631943310e-03, 6.2315612687511908e-02,
          3.1305997280655203e-02, 1.5479292790859717e-02,
          -7.1216685126980622e-03, 3.5092954405645648e-03,
          -3.3439264495976318e-03, 1.3144637229975855e-02,
          7.4801689030709008e-03, 2.0312686567635080e-01,
          2.4012808391662293e-04, 3.1305997280655203e-02,
          3.1781342164354565e-01, -8.7706520219462316e-03,
          -4.8697713867975568e-03, -3.9939868301074211e-02,
          -1.5768011105985216e-02, 5.5708465173202187e-02,
          -6.6772241235021944e-03, -1.4084116028892911e-02,
          -6.2844963113018598e-03, 1.5479292790859717e-02,
          -8.7706520219462316e-03, 8.4194052011351925e-02,
          7.3547113200252178e-04, 1.2491166529829371e-02,
          -1.3814084174537311e-02, -3.3122494414875294e-03,
          -3.7187506533731395e-02, -7.9055661756686130e-02,
          -2.6541670583725575e-03, -7.1216685126980640e-03,
          -4.8697713867975568e-03, 7.3547113200252113e-04,
          1.2921881079725536e-01, 3.5749144795192291e-02,
          1.4256598419115899e-02, -3.2344733502684520e-02,
          -3.9941396580965302e-03, -7.0017722571063340e-02,
          -2.1160115710555750e-02, 3.5092954405645622e-03,
          -3.9939868301074211e-02, 1.2491166529829371e-02,
          3.5749144795192291e-02, 2.5014341968779108e-01,
          1.8683386281061934e-02, -3.5414941435372824e-03,
          1.6187048403686614e-02, -3.8628456044686454e-02,
          4.0714908298293629e-03, -3.3439264495976327e-03,
          -1.5768011105985216e-02, -1.3814084174537309e-02,
          1.4256598419115899e-02, 1.8683386281061930e-02,
          8.7872932578807947e-02, -2.8194265977839026e-03,
          4.8717149764367473e-02, 1.2537273950158470e-01,
          -4.5979728254291006e-03, 1.3144637229975855e-02,
          5.5708465173202187e-02, -3.3122494414875294e-03,
          -3.2344733502684520e-02, -3.5414941435372815e-03,
          -2.8194265977839026e-03, 8.4498413660367117e-02 ]
   - !!opencv-matrix
      rows: 10
