%YAML:1.0
---
groups:
   - intact
   - CD19
   - blast
intactGmmnames:
   - "intact.2015-1827.0"
   - "intact.2015-1827.1"
   - "intact.2015-1827.2"
   - "intact.2015-1827.3"
   - "intact.2015-1827.4"
intactLabels:
   - FSC-A
   - SSC-A
   - SY41
   - CD19
   - CD10
   - CD20
   - CD45
   - CD34
   - CD38
   - CD58
intactMu: !!opencv-matrix
   rows: 5
   cols: 10
   dt: d
   data: [ 1.2990581150582152e+00, 3.4553565010053949e-01,
       3.2486681144721348e+00, 1.3652082647036150e+00,
       1.2769432784094612e+00, 1.0268462579662128e+00,
       3.7267232561940333e+00, 1.2289304369247318e+00,
       2.0511869551905781e+00, 8.6042574945341244e-01,
       3.2751927744940992e+00, 3.5123082464887827e+00,
       2.7435782679508383e+00, 1.8500766368754313e+00,
       2.0920056337603152e+00, 1.1091400400500011e+00,
       3.1324821005166648e+00, 1.3457439713160624e+00,
       1.5903781945045139e+00, 1.9679851547593006e+00,
       1.1343783592549144e+00, 3.9015738848186621e-01,
       3.0075369302438544e+00, 1.1662415803042641e+00,
       1.3879496255756771e+00, 1.0706684154336177e+00,
       1.8238225671812072e+00, 1.1803960790485133e+00,
       1.3505972270426145e+00, 2.2117184640570091e+00,
       2.3223966957051299e+00, 2.0115581195626091e+00,
       2.9423604484321459e+00, 1.6202078516303919e+00,
       1.5432564278010719e+00, 1.2265814076824173e+00,
       2.6845676215600740e+00, 1.6114815970833252e+00,
       1.7251986252803235e+00, 1.8307461089471944e+00,
       1.5600951972982191e+00, 6.0606726012518153e-01,
       2.7976850967906719e+00, 1.5308359510054483e+00,
       1.3212401841418107e+00, 1.0726713816659583e+00,
       3.8684520550961259e+00, 1.3150170784502091e+00,
       1.9498806541133658e+00, 1.4008801035644738e+00 ]
intactSigma:
   - !!opencv-matrix
      rows: 10
      cols: 10
      dt: d
      data: [ 4.9626532058336274e-02, 6.4865407554644591e-03,
          -1.2604588863606086e-02, 5.1139917801877174e-03,
          9.5982534233728548e-06, -1.0196409545346577e-03,
          6.1203387906982390e-03, -2.2696566051882191e-04,
          4.2305244847520225e-05, 1.4221886283885513e-03,
          6.4865407554644599e-03, 6.1363037925246241e-03,
          -3.4343693266251033e-03, 3.1548211748173411e-03,
          8.6050721912696998e-04, -2.4512128695543332e-04,
          3.0207527376554387e-03, 3.9481470243737016e-04,
          -3.1537672280211142e-03, 1.1061397632879048e-02,
          -1.2604588863606089e-02, -3.4343693266251033e-03,
          1.8062074438421886e-02, -3.2140405669241852e-03,
          -6.3715424953056658e-04, 6.5396165733900972e-04,
          -4.4210868138310723e-03, 1.2603681926664696e-03,
          -3.0990109710012340e-03, 9.2678799241555912e-04,
          5.1139917801877183e-03, 3.1548211748173411e-03,
          -3.2140405669241856e-03, 6.1082827485971262e-02,
          2.6939686783771042e-03, -3.5000704813298619e-03,
          1.9022972188759632e-03, 4.6000633670571014e-03,
          -5.4430514040271450e-03, 3.4906875567058343e-03,
          9.5982534233730953e-06, 8.6050721912696976e-04,
          -6.3715424953056637e-04, 2.6939686783771046e-03,
          1.5598480307618826e-01, 1.4119273090611743e-03,
          2.1288950559610555e-04, -5.5107454096175552e-03,
          -1.3578236506871230e-04, 5.9526606780629428e-03,
          -1.0196409545346580e-03, -2.4512128695543316e-04,
          6.5396165733900874e-04, -3.5000704813298619e-03,
          1.4119273090611737e-03, 5.1720843334272383e-02,
          -1.3846492159278473e-04, -9.2530860716755706e-03,
          -1.7799531003771667e-02, 7.9445703986193920e-05,
          6.1203387906982390e-03, 3.0207527376554378e-03,
          -4.4210868138310723e-03, 1.9022972188759623e-03,
          2.1288950559610547e-04, -1.3846492159278481e-04,
          6.3704070455922303e-03, -1.3617244123198915e-03,
          -1.0204702789319965e-03, 7.7366365619849903e-04,
          -2.2696566051882234e-04, 3.9481470243737027e-04,
          1.2603681926664691e-03, 4.6000633670571032e-03,
          -5.5107454096175561e-03, -9.2530860716755706e-03,
          -1.3617244123198904e-03, 1.9621781514797540e-01,
          3.5521983574946722e-03, 1.6339126041852888e-03,
          4.2305244847520828e-05, -3.1537672280211142e-03,
          -3.0990109710012348e-03, -5.4430514040271476e-03,
          -1.3578236506871200e-04, -1.7799531003771671e-02,
          -1.0204702789319965e-03, 3.5521983574946744e-03,
          1.2207917961212267e-01, -2.8809567271230801e-03,
          1.4221886283885508e-03, 1.1061397632879048e-02,
          9.2678799241555933e-04, 3.4906875567058335e-03,
          5.9526606780629428e-03, 7.9445703986194164e-05,
          7.7366365619849925e-04, 1.6339126041852883e-03,
          -2.8809567271230810e-03, 1.1243055063299488e-01 ]
   - !!opencv-matrix
      rows: 10
      cols: 10
      dt: d
      data: [ 3.0243746482126110e-01, 3.5529767823811648e-02,
          -1.4817540475877088e-03, 3.6577357091312169e-03,
          -1.2667706440937970e-01, -1.1182471211206853e-03,
          -3.3108595104113132e-02, -9.0513673087997959e-03,
          3.2046939213379984e-02, -2.3499195518891895e-02,
          3.5529767823811655e-02, 3.3626991473506523e-01,
          -6.2403101475688720e-02, 5.5239576102679502e-02,
          1.4883440257882755e-01, 3.2673979748318511e-03,
          4.0035411418500616e-02, 2.1016664357348395e-02,
          -1.5647797610410952e-03, 5.0116999807957439e-02,
          -1.4817540475877081e-03, -6.2403101475688720e-02,
          9.4496834536039506e-02, -9.4414141105232715e-03,
          -5.5037167045721251e-02, 2.9689286134217260e-04,
          -1.2673072035691324e-02, -3.8549548529221420e-03,
          1.5394375405897099e-02, -1.9925815054732548e-02,
          3.6577357091312156e-03, 5.5239576102679488e-02,
          -9.4414141105232715e-03, 3.2237499474048859e-02,
          3.0166379959977993e-02, -1.0420534338690573e-03,
          8.6140080508730985e-03, 4.6390018306504697e-03,
          -5.8237336664801178e-03, 8.5865523171673123e-03,
          -1.2667706440937970e-01, 1.4883440257882755e-01,
          -5.5037167045721251e-02, 3.0166379959978000e-02,
          3.9393072613996905e-01, 4.9493666844289399e-03,
          6.6529586011711606e-02, 2.1146051249374076e-02,
          -5.1830947701817627e-02, 7.2783839193375485e-02,
          -1.1182471211206868e-03, 3.2673979748318511e-03,
          2.9689286134217254e-04, -1.0420534338690570e-03,
          4.9493666844289373e-03, 4.5240385786967229e-02,
          1.2945389933777022e-03, -6.1647266847517455e-03,
          -2.0018982445115494e-02, 7.8319428430839071e-04,
          -3.3108595104113132e-02, 4.0035411418500616e-02,
          -1.2673072035691327e-02, 8.6140080508730985e-03,
          6.6529586011711619e-02, 1.2945389933777022e-03,
          3.0721631126941450e-02, 4.1953963443827624e-03,
          -5.7161456154502755e-03, 1.4862258642593218e-02,
          -9.0513673087997959e-03, 2.1016664357348395e-02,
          -3.8549548529221433e-03, 4.6390018306504705e-03,
          2.1146051249374069e-02, -6.1647266847517446e-03,
          4.1953963443827616e-03, 1.2805870350145718e-01,
          -8.7796519072145141e-05, 8.5254873472848328e-03,
          3.2046939213379984e-02, -1.5647797610410959e-03,
          1.5394375405897099e-02, -5.8237336664801178e-03,
          -5.1830947701817641e-02, -2.0018982445115498e-02,
          -5.7161456154502747e-03, -8.7796519072145209e-05,
          1.0636902262654098e-01, -1.2671363634671744e-02,
          -2.3499195518891892e-02, 5.0116999807957439e-02,
          -1.9925815054732548e-02, 8.5865523171673123e-03,
          7.2783839193375471e-02, 7.8319428430839114e-04,
          1.4862258642593218e-02, 8.5254873472848328e-03,
          -1.2671363634671744e-02, 3.9384289334530642e-02 ]
   - !!opencv-matrix
      rows: 10
