%YAML:1.0
---
groups:
   - intact
   - CD19
   - blast
intactGmmnames:
   - "intact.2015-0451.0"
   - "intact.2015-0451.1"
   - "intact.2015-0451.2"
   - "intact.2015-0451.3"
   - "intact.2015-0451.4"
intactLabels:
   - FSC-A
   - SSC-A
   - SY41
   - CD19
   - CD10
   - CD20
   - CD45
   - CD34
   - CD38
   - CD58
intactMu: !!opencv-matrix
   rows: 5
   cols: 10
   dt: d
   data: [ 1.1790898155456746e+00, 3.7108898188203576e-01,
       2.6452727926982256e+00, 1.2922657870816425e+00,
       9.4186558496887707e-01, 9.5372135381368495e-01,
       3.1889993832754553e+00, 9.3146873093994365e-01,
       1.8231264047933529e+00, 1.0752585058874431e+00,
       2.9947882180963803e+00, 3.5422242244919633e+00,
       2.7053820178238595e+00, 1.6824171055242993e+00,
       1.6128888567047304e+00, 9.9471864692868273e-01,
       2.4321800645168548e+00, 1.0547264520983319e+00,
       1.5344851181446264e+00, 2.2171983909199717e+00,
       9.4941289754481761e-01, 4.8156309431589933e-01,
       2.7912226197012768e+00, 1.1905118107087973e+00,
       9.6490702292095720e-01, 9.5692021332951405e-01,
       1.2617823831440367e+00, 1.0428575295710052e+00,
       1.4452604988326030e+00, 2.4383060980945923e+00,
       1.9268648871857494e+00, 1.4852999674724960e+00,
       2.8093802302520237e+00, 1.6253022719106822e+00,
       1.1465324727542705e+00, 1.1779624949373340e+00,
       2.4860872785569641e+00, 1.2786710073917347e+00,
       2.0999701666625206e+00, 1.9898301655671384e+00,
       1.4213632658688351e+00, 6.1805691943945074e-01,
       2.4136152129791033e+00, 1.3964495740075138e+00,
       9.9287935295061658e-01, 9.8141789919299682e-01,
       3.2937745038395851e+00, 9.3908235537718721e-01,
       1.9672400470039815e+00, 1.5288134350613907e+00 ]
intactSigma:
   - !!opencv-matrix
      rows: 10
      cols: 10
      dt: d
      data: [ 8.1580080220965676e-02, 1.1148193094436539e-02,
          -4.4565103589903420e-02, 4.6310779459685335e-03,
          2.0038408358848069e-03, 1.3846450328521360e-05,
          1.0736975476369108e-02, -2.5415483461954250e-03,
          8.8245644121996980e-03, 9.6277462619545531e-03,
          1.1148193094436539e-02, 9.1644815370822974e-03,
          -7.1614794922240290e-03, 2.2934332996882648e-03,
          1.6075976544183217e-03, 3.1066660953640747e-05,
          3.3067430210721172e-03, -5.9450614362455806e-04,
          4.8967052557317287e-04, 2.4117598439586205e-02,
          -4.4565103589903420e-02, -7.1614794922240273e-03,
          5.0670806900608406e-02, 1.0760207551670431e-03,
          -4.3194955267435013e-04, 6.0289162196304111e-04,
          -5.0194244775321941e-03, 2.4064687620675741e-03,
          -8.8972977145291020e-05, -5.1622115093494731e-03,
          4.6310779459685343e-03, 2.2934332996882648e-03,
          1.0760207551670433e-03, 3.3861593556179778e-02,
          1.2427567662619595e-03, -3.1032758219561472e-03,
          2.3016621115392647e-03, 1.1741437520787325e-03,
          -3.9214090395206309e-05, 6.4987970133150424e-03,
          2.0038408358848069e-03, 1.6075976544183219e-03,
          -4.3194955267434986e-04, 1.2427567662619599e-03,
          5.3843820334087529e-02, 2.3175311739920943e-04,
          1.2723903858960545e-03, -1.0011002541601241e-03,
          1.5061848662426705e-03, 5.2481350852284321e-03,
          1.3846450328521373e-05, 3.1066660953640760e-05,
          6.0289162196304155e-04, -3.1032758219561472e-03,
          2.3175311739920948e-04, 5.9440509230498845e-02,
          4.3695741668666979e-04, -6.2168368332664722e-03,
          -1.8323219609390432e-02, 8.7444828306646496e-05,
          1.0736975476369108e-02, 3.3067430210721172e-03,
          -5.0194244775321941e-03, 2.3016621115392651e-03,
          1.2723903858960545e-03, 4.3695741668667011e-04,
          8.8386697423442889e-03, -2.6309380423732401e-03,
          7.2976048886524807e-03, 5.3855725606410275e-03,
          -2.5415483461954254e-03, -5.9450614362455806e-04,
          2.4064687620675733e-03, 1.1741437520787323e-03,
          -1.0011002541601244e-03, -6.2168368332664722e-03,
          -2.6309380423732401e-03, 8.3531076634973347e-02,
          -2.8000245071917186e-05, -1.3737238419953613e-03,
          8.8245644121997015e-03, 4.8967052557317297e-04,
          -8.8972977145290735e-05, -3.9214090395206214e-05,
          1.5061848662426699e-03, -1.8323219609390432e-02,
          7.2976048886524807e-03, -2.8000245071916946e-05,
          7.3579414051971478e-02, 2.8737162480346494e-03,
          9.6277462619545513e-03, 2.4117598439586205e-02,
          -5.1622115093494731e-03, 6.4987970133150424e-03,
          5.2481350852284303e-03, 8.7444828306646605e-05,
          5.3855725606410275e-03, -1.3737238419953633e-03,
          2.8737162480346498e-03, 1.7518490121624286e-01 ]
   - !!opencv-matrix
      rows: 10
      cols: 10
      dt: d
      data: [ 3.5688281873122885e-01, 8.9731152068148828e-02,
          -7.0789481606403995e-04, 1.2390625610732607e-02,
          -7.5851724122012687e-02, -3.2355159261009884e-03,
          -2.5334223694150008e-02, -1.4327762132785021e-05,
          1.8150790346928528e-02, -1.7950688744690455e-02,
          8.9731152068148815e-02, 2.9095021403394922e-01,
          -2.4950554268423158e-02, 3.9640885336342926e-02,
          5.0566803167447931e-02, 2.2168776597757288e-03,
          1.5578905416854682e-02, 7.2512098512464230e-03,
          1.6045239857161050e-02, 2.1882552339372335e-02,
          -7.0789481606404038e-04, -2.4950554268423158e-02,
          5.1988403510413055e-02, 1.7670376578769831e-03,
          -6.7422635845031239e-03, 1.5281405987922719e-03,
          -7.3832125827945991e-03, -4.7611713947846417e-04,
          -2.6911641223393238e-03, -5.9002890511537147e-04,
          1.2390625610732606e-02, 3.9640885336342926e-02,
          1.7670376578769837e-03, 3.1754955477164004e-02,
          1.3388024852554400e-02, -7.1375302797539980e-04,
          4.5475751463802819e-03, 1.8398931245499973e-03,
          -2.1197587094789602e-03, 4.7463085649639388e-03,
          -7.5851724122012687e-02, 5.0566803167447938e-02,
          -6.7422635845031239e-03, 1.3388024852554400e-02,
          1.9154631767532268e-01, 4.0234802801022819e-03,
          2.8755070823571434e-02, 1.1410529737887610e-03,
          -4.4204373183971577e-03, 2.6704407266062474e-02,
          -3.2355159261009884e-03, 2.2168776597757296e-03,
          1.5281405987922724e-03, -7.1375302797539980e-04,
          4.0234802801022819e-03, 6.4864786471934749e-02,
          1.1713124113656322e-03, -5.2054337405578362e-03,
          -2.2811000404731729e-02, 1.8554688141681557e-03,
          -2.5334223694150011e-02, 1.5578905416854682e-02,
          -7.3832125827946009e-03, 4.5475751463802819e-03,
          2.8755070823571430e-02, 1.1713124113656311e-03,
          4.0016346650385920e-02, -5.9642517179172465e-04,
          1.0179878929597399e-02, 4.1846413825611817e-03,
          -1.4327762132785304e-05, 7.2512098512464256e-03,
          -4.7611713947846390e-04, 1.8398931245499973e-03,
          1.1410529737887617e-03, -5.2054337405578379e-03,
          -5.9642517179172444e-04, 5.1174000658950142e-02,
          1.6136020339974921e-04, 2.0047075411285626e-03,
          1.8150790346928528e-02, 1.6045239857161050e-02,
          -2.6911641223393238e-03, -2.1197587094789606e-03,
          -4.4204373183971577e-03, -2.2811000404731729e-02,
          1.0179878929597401e-02, 1.6136020339975002e-04,
          8.8779763691108377e-02, -1.4938890198157957e-03,
          -1.7950688744690455e-02, 2.1882552339372335e-02,
          -5.9002890511537169e-04, 4.7463085649639396e-03,
          2.6704407266062470e-02, 1.8554688141681557e-03,
          4.1846413825611817e-03, 2.0047075411285635e-03,
          -1.4938890198157953e-03, 2.8417907223132512e-02 ]
   - !!opencv-matrix
      rows: 10
      cols: 10
