%YAML:1.0
---
groups:
   - intact
   - CD19
   - blast
intactGmmnames:
   - "intact.2015-3454.0"
   - "intact.2015-3454.1"
   - "intact.2015-3454.2"
   - "intact.2015-3454.3"
   - "intact.2015-3454.4"
intactLabels:
   - FSC-A
   - SSC-A
   - SY41
   - CD19
   - CD10
   - CD20
   - CD45
   - CD34
   - CD38
   - CD58
intactMu: !!opencv-matrix
   rows: 5
   cols: 10
   dt: d
   data: [ 1.2757408195855768e+00, 3.4991154113761641e-01,
       3.7742826300719656e+00, 1.2309017628498569e+00,
       1.5227064244844604e+00, 1.0201252728000529e+00,
       3.7330174790812451e+00, 2.2327007376228765e+00,
       1.6891233251793469e+00, 1.0930798755361806e+00,
       2.9103167165762627e+00, 3.5205351746717461e+00,
       3.5773190677940754e+00, 1.7765745404128064e+00,
       2.6609641956549912e+00, 1.1039769343054320e+00,
       3.2471976254303510e+00, 2.1696180662963953e+00,
       1.5357614852076520e+00, 2.1116261273765478e+00,
       1.1821319597242033e+00, 4.0119406379582861e-01,
       3.7227666920355560e+00, 1.1702125281751417e+00,
       1.3787445044211515e+00, 1.0650999616659844e+00,
       1.8103710055132642e+00, 1.1893779719608055e+00,
       1.5130882516972883e+00, 2.2953917805617188e+00,
       3.0390475294393560e+00, 3.1003105578384837e+00,
       3.5441642494196177e+00, 1.7034921257729061e+00,
       1.7691075046839011e+00, 1.1084585922443664e+00,
       2.9257257549433171e+00, 1.7198315559488189e+00,
       1.5657077830946848e+00, 1.8194615028055523e+00,
       2.0157148767460087e+00, 1.2443077089763890e+00,
       3.2567025305868595e+00, 1.4425971727401521e+00,
       1.5360154651751774e+00, 1.2134986916752954e+00,
       2.8454839866755113e+00, 2.2666701364074000e+00,
       1.9114487823587560e+00, 2.0043565373888130e+00 ]
intactSigma:
   - !!opencv-matrix
      rows: 10
      cols: 10
      dt: d
      data: [ 5.7578652735892917e-02, 1.3481264356652013e-02,
          -1.3417445380398794e-02, 5.8137795917183295e-03,
          1.3663177300558837e-02, 3.9384775106757360e-04,
          8.8065504618861368e-03, 1.7907306302111330e-02,
          -5.0696757731910338e-03, 2.0411919465468446e-02,
          1.3481264356652013e-02, 1.5597320906427467e-02,
          -8.5629245200764519e-03, 5.8269844551516693e-03,
          1.2923934808765381e-02, 3.6055112608164905e-04,
          7.8034779092774585e-03, 1.5979076204233764e-02,
          -5.7246200058340378e-03, 3.6440688135867989e-02,
          -1.3417445380398794e-02, -8.5629245200764519e-03,
          1.8556713269408651e-02, -4.1178339648910035e-03,
          -1.4299806815721626e-02, 2.2301403510560151e-04,
          -8.7842640989846382e-03, -1.7346081363583888e-02,
          4.6129855719586940e-03, -1.8182890222130214e-02,
          5.8137795917183321e-03, 5.8269844551516684e-03,
          -4.1178339648910026e-03, 5.0004261050492445e-02,
          8.0794650916338508e-03, -4.1101493240542613e-03,
          3.0158529658975701e-03, 9.9147915296236514e-03,
          -4.8322857620767328e-03, 1.1560122749896169e-02,
          1.3663177300558837e-02, 1.2923934808765381e-02,
          -1.4299806815721629e-02, 8.0794650916338473e-03,
          2.8162862253967375e-01, 4.3796764687383650e-04,
          1.1236445175760418e-02, 2.8451117522836578e-02,
          -7.0896372555834426e-03, 3.0039872199159018e-02,
          3.9384775106757360e-04, 3.6055112608164905e-04,
          2.2301403510560156e-04, -4.1101493240542604e-03,
          4.3796764687383687e-04, 4.9308491451393217e-02,
          -3.6134993679197457e-04, -4.8540016760674383e-03,
          -1.7690250732061340e-02, 1.7619743512002452e-03,
          8.8065504618861368e-03, 7.8034779092774559e-03,
          -8.7842640989846382e-03, 3.0158529658975701e-03,
          1.1236445175760416e-02, -3.6134993679197457e-04,
          1.1804165189954587e-02, 1.6815782727360746e-02,
          -5.6853583751310987e-03, 1.4985393875159670e-02,
          1.7907306302111330e-02, 1.5979076204233760e-02,
          -1.7346081363583888e-02, 9.9147915296236514e-03,
          2.8451117522836581e-02, -4.8540016760674383e-03,
          1.6815782727360746e-02, 1.2455192605112254e-01,
          -8.7273301327537457e-03, 3.6113219829946870e-02,
          -5.0696757731910356e-03, -5.7246200058340361e-03,
          4.6129855719586940e-03, -4.8322857620767337e-03,
          -7.0896372555834409e-03, -1.7690250732061340e-02,
          -5.6853583751310978e-03, -8.7273301327537457e-03,
          1.1783917285717450e-01, -1.5954681682016109e-02,
          2.0411919465468446e-02, 3.6440688135867989e-02,
          -1.8182890222130214e-02, 1.1560122749896169e-02,
          3.0039872199159018e-02, 1.7619743512002446e-03,
          1.4985393875159672e-02, 3.6113219829946884e-02,
          -1.5954681682016109e-02, 2.1380514014768323e-01 ]
   - !!opencv-matrix
      rows: 10
      cols: 10
      dt: d
      data: [ 3.4694602528898894e-01, 9.6719864942588732e-02,
          -2.4175162080837129e-02, 1.6185144367654593e-02,
          -2.2728936468913948e-02, 3.3885285104687107e-03,
          -1.4544920935762973e-02, 2.0868800203429653e-03,
          1.0360294906548400e-02, 5.7799850242107121e-03,
          9.6719864942588732e-02, 2.6285368582191532e-01,
          -1.5201295781177787e-02, 4.4959724477780801e-02,
          3.3243932811282559e-02, 3.5843019218292369e-03,
          1.5640910742018590e-02, 2.0564333760401555e-02,
          1.3594426593585184e-02, 1.6152949951433789e-02,
          -2.4175162080837129e-02, -1.5201295781177787e-02,
          4.1800626824537640e-02, -2.8464076451947236e-03,
          -2.1386892050615771e-03, 8.5689643828734923e-04,
          -1.9678372329169410e-03, 1.0406450082226608e-03,
          -6.1396645835430640e-06, 6.1990136378210563e-04,
          1.6185144367654593e-02, 4.4959724477780794e-02,
          -2.8464076451947236e-03, 3.3129270597569607e-02,
          8.3348592635786797e-03, -1.5959440331501256e-03,
          3.5750812968117782e-03, 5.7347723356253166e-03,
          -6.5766622533527269e-04, 2.9018643309494121e-03,
          -2.2728936468913948e-02, 3.3243932811282552e-02,
          -2.1386892050615771e-03, 8.3348592635786797e-03,
          1.2123403160736969e-01, 1.3234051779938377e-03,
          2.2746805563674175e-02, 2.5364885958313266e-02,
          1.1947069158606172e-03, 7.3550245293962898e-03,
          3.3885285104687112e-03, 3.5843019218292356e-03,
          8.5689643828734891e-04, -1.5959440331501250e-03,
          1.3234051779938381e-03, 4.6746561348209370e-02,
          3.5568111436184351e-04, -1.5797001455438763e-03,
          -1.1041090324204389e-02, 1.7325783111148197e-03,
          -1.4544920935762972e-02, 1.5640910742018590e-02,
          -1.9678372329169410e-03, 3.5750812968117782e-03,
          2.2746805563674175e-02, 3.5568111436184313e-04,
          2.4262177353082469e-02, 1.1081578564641884e-02,
          -5.5953066787302731e-04, 1.9916303091316338e-03,
          2.0868800203429645e-03, 2.0564333760401558e-02,
          1.0406450082226610e-03, 5.7347723356253192e-03,
          2.5364885958313262e-02, -1.5797001455438769e-03,
          1.1081578564641884e-02, 6.9566088761977729e-02,
          5.3767305826866660e-03, 8.1035151875876246e-03,
          1.0360294906548398e-02, 1.3594426593585181e-02,
          -6.1396645835430911e-06, -6.5766622533527269e-04,
          1.1947069158606165e-03, -1.1041090324204389e-02,
          -5.5953066787302710e-04, 5.3767305826866660e-03,
          3.3888876557555764e-02, 3.7552691663807402e-03,
          5.7799850242107138e-03, 1.6152949951433786e-02,
          6.1990136378210585e-04, 2.9018643309494112e-03,
          7.3550245293962898e-03, 1.7325783111148197e-03,
          1.9916303091316342e-03, 8.1035151875876246e-03,
          3.7552691663807402e-03, 2.3063577250850082e-02 ]
   - !!opencv-matrix
      rows: 10
      cols: 10
      dt: d
