%YAML:1.0
---
groups:
   - intact
   - CD19
   - blast
intactGmmnames:
   - "intact.2015-0943.0"
   - "intact.2015-0943.1"
   - "intact.2015-0943.2"
   - "intact.2015-0943.3"
   - "intact.2015-0943.4"
intactLabels:
   - FSC-A
   - SSC-A
   - SY41
   - CD19
   - CD10
   - CD20
   - CD45
   - CD34
   - CD38
   - CD58
intactMu: !!opencv-matrix
   rows: 5
   cols: 10
   dt: d
   data: [ 2.4909769902920260e+00, 3.7855749430870569e+00,
       2.6852169823447354e+00, 1.7916814950214448e+00,
       2.1106080011611752e+00, 1.0607608676895661e+00,
       3.0803649029704534e+00, 1.2743513590274225e+00,
       1.3740960588604854e+00, 2.0970529567198737e+00,
       1.3183921013730726e+00, 4.8807061161789017e-01,
       2.6855629461385213e+00, 9.9631929942609321e-01,
       1.1810595167385936e+00, 1.0178615242766631e+00,
       3.7344389998929857e+00, 1.1230665021722552e+00,
       1.2931477217792215e+00, 1.1473952863255514e+00,
       1.1370764202899053e+00, 4.6108581122114506e-01,
       2.7664791464467591e+00, 1.0517033693009821e+00,
       1.2500144645542266e+00, 1.0337658578170421e+00,
       1.4031693757752499e+00, 1.1468075022610098e+00,
       1.1382253022344331e+00, 2.1943356442412498e+00,
       2.1383003476641287e+00, 3.4753079918150034e+00,
       2.5068674451320985e+00, 1.7275653265140074e+00,
       1.8773228628839351e+00, 1.0783683782157618e+00,
       2.6127669866653558e+00, 1.3095302427594331e+00,
       1.1662663196002914e+00, 1.5324535865204290e+00,
       2.1681944151121835e+00, 1.7027956995476305e+00,
       2.6174125660241288e+00, 1.4842521228832126e+00,
       1.3953033145773173e+00, 1.1629416868151849e+00,
       3.2422955800615227e+00, 1.8566468411942856e+00,
       2.1343250293203773e+00, 2.2376945995424595e+00 ]
intactSigma:
   - !!opencv-matrix
      rows: 10
      cols: 10
      dt: d
      data: [ 1.9701647348072768e-01, 1.1053022173779160e-02,
          -5.9089149080765232e-03, 1.4215007636873645e-03,
          -8.6593497375312897e-02, 1.0275715590433940e-03,
          -3.6482942709452335e-02, -6.0903520270874029e-03,
          1.7793417260247087e-02, -9.2554801998045028e-03,
          1.1053022173779164e-02, 2.0928629995242107e-01,
          6.9065733198356196e-04, 3.5449473187390487e-02,
          8.2615564383183793e-02, 2.1834046109765960e-03,
          2.8843139603765406e-02, 9.2222470341423186e-03,
          -1.0781675660120114e-02, 1.8342911513110335e-02,
          -5.9089149080765249e-03, 6.9065733198356131e-04,
          9.0870750861735322e-02, 1.1189963809143425e-03,
          3.9130818145961749e-03, 1.9919162056653561e-03,
          6.2842392806231506e-04, 1.0903152673736424e-03,
          -4.7423717932479169e-04, -9.9103138872025810e-04,
          1.4215007636873645e-03, 3.5449473187390487e-02,
          1.1189963809143425e-03, 3.1793021629685454e-02,
          2.0898298394574622e-02, -1.4504041551401789e-03,
          5.8291561023800847e-03, 3.0194902529970162e-03,
          -6.4889952734953921e-03, 3.2463175355296353e-03,
          -8.6593497375312897e-02, 8.2615564383183793e-02,
          3.9130818145961706e-03, 2.0898298394574622e-02,
          3.5716014456645429e-01, 1.1025578688453499e-03,
          7.1128795064066663e-02, 1.1472744185101282e-02,
          -2.9488459635463440e-02, 2.1410880198923787e-02,
          1.0275715590433937e-03, 2.1834046109765956e-03,
          1.9919162056653561e-03, -1.4504041551401789e-03,
          1.1025578688453504e-03, 3.5318825535118413e-02,
          4.8020930821289325e-04, -5.1046362753145551e-03,
          -1.1709142111453744e-02, 1.2567874071055428e-04,
          -3.6482942709452335e-02, 2.8843139603765413e-02,
          6.2842392806231474e-04, 5.8291561023800847e-03,
          7.1128795064066663e-02, 4.8020930821289341e-04,
          4.5591528106837323e-02, 3.1948254014414592e-03,
          -1.1906700179741981e-02, 6.3107956329907433e-03,
          -6.0903520270874029e-03, 9.2222470341423168e-03,
          1.0903152673736418e-03, 3.0194902529970154e-03,
          1.1472744185101280e-02, -5.1046362753145568e-03,
          3.1948254014414587e-03, 1.2272525600923090e-01,
          1.4049055499206300e-03, 2.1330326121857647e-03,
          1.7793417260247080e-02, -1.0781675660120114e-02,
          -4.7423717932479169e-04, -6.4889952734953939e-03,
          -2.9488459635463430e-02, -1.1709142111453744e-02,
          -1.1906700179741981e-02, 1.4049055499206291e-03,
          5.7525302707186497e-02, -2.0638036211947336e-03,
          -9.2554801998045028e-03, 1.8342911513110328e-02,
          -9.9103138872025766e-04, 3.2463175355296353e-03,
          2.1410880198923787e-02, 1.2567874071055420e-04,
          6.3107956329907433e-03, 2.1330326121857647e-03,
          -2.0638036211947327e-03, 1.6699697050163515e-02 ]
   - !!opencv-matrix
      rows: 10
      cols: 10
      dt: d
      data: [ 4.9932425906131485e-02, 1.8314348897858254e-02,
          -9.0149110548003245e-03, 5.4493449749398355e-03,
          4.2067738507652600e-04, -7.6064050484436784e-04,
          1.4241555949126766e-02, -8.5314350373467073e-04,
          1.0591358340010733e-04, 4.5550981032240291e-02,
          1.8314348897858254e-02, 2.5115156862335328e-02,
          -7.0023583483920966e-03, 6.2264039770313908e-03,
          1.2116553966763934e-03, -2.1109949628951249e-04,
          1.5046657282503989e-02, -2.8702530303069049e-04,
          -5.5362819035422485e-03, 5.7700480873959577e-02,
          -9.0149110548003227e-03, -7.0023583483920966e-03,
          4.1858766568492654e-02, -9.1567554899775808e-04,
          1.8703364356760074e-04, -1.1775426060246243e-04,
          -5.6812754742950828e-03, 2.1181153640222098e-03,
          1.9873228290325168e-03, -1.9048216984743786e-02,
          5.4493449749398355e-03, 6.2264039770313908e-03,
          -9.1567554899775840e-04, 1.0710911067128334e-01,
          8.3485901399021662e-04, -4.8275845795271851e-03,
          1.6864526285131326e-03, 6.0182223692131290e-03,
          -1.2029947552207912e-02, 1.6434505274227285e-02,
          4.2067738507652638e-04, 1.2116553966763934e-03,
          1.8703364356760066e-04, 8.3485901399021683e-04,
          1.1596943496278839e-02, -1.2082680623162100e-04,
          6.0798094089656838e-04, 3.9103538389898918e-04,
          -5.8520363511926422e-04, 3.0841163813771612e-03,
          -7.6064050484436806e-04, -2.1109949628951195e-04,
          -1.1775426060246250e-04, -4.8275845795271860e-03,
          -1.2082680623162088e-04, 3.4581818951807682e-02,
          3.0040080039119134e-06, -8.7443743913219688e-03,
          -1.6563956542777526e-02, -1.2241453938697199e-04,
          1.4241555949126766e-02, 1.5046657282503989e-02,
          -5.6812754742950836e-03, 1.6864526285131336e-03,
          6.0798094089656806e-04, 3.0040080039117241e-06,
          1.7242968231397485e-02, -2.4705607528814266e-03,
          -4.2557997563872733e-03, 4.1281967799094765e-02,
          -8.5314350373467030e-04, -2.8702530303069033e-04,
          2.1181153640222089e-03, 6.0182223692131255e-03,
          3.9103538389898880e-04, -8.7443743913219688e-03,
          -2.4705607528814262e-03, 1.8414671632026192e-01,
          6.1906680261830842e-03, -8.7365924314777052e-04,
          1.0591358340010748e-04, -5.5362819035422476e-03,
          1.9873228290325172e-03, -1.2029947552207912e-02,
          -5.8520363511926432e-04, -1.6563956542777522e-02,
          -4.2557997563872716e-03, 6.1906680261830842e-03,
          1.0220957299112808e-01, -1.6366958093133308e-02,
          4.5550981032240291e-02, 5.7700480873959591e-02,
          -1.9048216984743786e-02, 1.6434505274227282e-02,
          3.0841163813771616e-03, -1.2241453938697215e-04,
          4.1281967799094751e-02, -8.7365924314776868e-04,
          -1.6366958093133308e-02, 2.5154370077568522e-01 ]
   - !!opencv-matrix
      rows: 10
      cols: 10
