%YAML:1.0
---
groups:
   - intact
   - CD19
   - blast
intactGmmnames:
   - "intact.2015-2580.0"
   - "intact.2015-2580.1"
   - "intact.2015-2580.2"
   - "intact.2015-2580.3"
   - "intact.2015-2580.4"
intactLabels:
   - FSC-A
   - SSC-A
   - SY41
   - CD19
   - CD10
   - CD20
   - CD45
   - CD34
   - CD38
   - CD58
intactMu: !!opencv-matrix
   rows: 5
   cols: 10
   dt: d
   data: [ 2.2050945010816707e+00, 2.7731509611573961e+00,
       3.4871699391456259e+00, 1.7561760169380154e+00,
       2.0253977135103960e+00, 1.0624042342317770e+00,
       2.8686939382474987e+00, 1.3803536057212211e+00,
       1.7008212200230506e+00, 2.0898908850638258e+00,
       1.4075172968178422e+00, 5.0658009480475863e-01,
       3.5632988165333388e+00, 1.3650272962653824e+00,
       1.4786095263945676e+00, 9.4864229082812479e-01,
       3.8731122564006579e+00, 1.2588451230206361e+00,
       1.5489954568603270e+00, 1.1832560393633158e+00,
       9.7314621578679095e-01, 3.9064454555624101e-01,
       3.6366171246954213e+00, 1.1288390988689494e+00,
       1.5271915180834830e+00, 9.9369353624264867e-01,
       1.8845990911264898e+00, 1.1897172306883563e+00,
       1.1722587849146044e+00, 2.2235214193102224e+00,
       1.1353603815391200e+00, 3.1116098166717931e-01,
       3.7162422283086216e+00, 1.2452148985414375e+00,
       1.3736128604406408e+00, 9.5549253012743918e-01,
       3.7563489590047365e+00, 1.2161007251144045e+00,
       1.7896391115732260e+00, 7.9188862784245029e-01,
       1.6296322458848891e+00, 7.2736808226112781e-01,
       3.4382029617714323e+00, 1.4293731458911196e+00,
       1.5817817490927961e+00, 9.7784648319486323e-01,
       3.8404999835715437e+00, 1.3535143941727064e+00,
       2.4421209867383524e+00, 1.3702246344854805e+00 ]
intactSigma:
   - !!opencv-matrix
      rows: 10
      cols: 10
      dt: d
      data: [ 4.9860961287034905e-01, 5.2001147218764543e-01,
          1.9106779588249325e-02, 1.2780237523880811e-01,
          6.7446900677336871e-02, 1.0277217949979107e-04,
          1.7580258792305753e-01, 6.2449743487030165e-03,
          9.5533074999081313e-02, 3.8401791459650274e-02,
          5.2001147218764543e-01, 1.8923333475116457e+00,
          5.1338065531233955e-02, 4.0503547579799332e-01,
          5.4278644021602174e-01, -9.3220058315685601e-03,
          5.8351161231015558e-01, -3.1519327290516999e-02,
          1.0479318645030453e-01, 7.8601288121066509e-02,
          1.9106779588249322e-02, 5.1338065531233955e-02,
          1.9730198181407713e-01, 1.9562773381396153e-02,
          5.1554068785638764e-02, -4.5099996620759685e-03,
          3.8337552657945105e-02, -7.2913379530089688e-03,
          5.6333540216845703e-02, 6.3922809415581955e-02,
          1.2780237523880811e-01, 4.0503547579799332e-01,
          1.9562773381396153e-02, 1.2807631040232950e-01,
          1.2209630661435798e-01, 6.6037875724738347e-03,
          1.4532147623935254e-01, 6.8173220337172753e-03,
          4.6096626605033927e-02, 2.3563456415481600e-02,
          6.7446900677336871e-02, 5.4278644021602174e-01,
          5.1554068785638750e-02, 1.2209630661435798e-01,
          4.6928488896054210e-01, 1.9592033185531800e-03,
          2.0936894517377455e-01, -1.3536208506706501e-02,
          8.9327797511870987e-03, 8.6490291457110541e-02,
          1.0277217949979240e-04, -9.3220058315685583e-03,
          -4.5099996620759711e-03, 6.6037875724738347e-03,
          1.9592033185531796e-03, 9.8240008033605691e-02,
          9.5775906690428875e-03, 1.4501920105577396e-02,
          -9.4599853986501881e-03, -1.4751294815060141e-04,
          1.7580258792305753e-01, 5.8351161231015558e-01,
          3.8337552657945112e-02, 1.4532147623935257e-01,
          2.0936894517377455e-01, 9.5775906690428875e-03,
          4.1033387373192465e-01, 4.3616563635637720e-02,
          1.7002004800125678e-01, 9.0550773584333707e-02,
          6.2449743487030165e-03, -3.1519327290516999e-02,
          -7.2913379530089679e-03, 6.8173220337172753e-03,
          -1.3536208506706501e-02, 1.4501920105577396e-02,
          4.3616563635637720e-02, 1.5741270404875973e-01,
          6.2450172343405601e-02, 1.1350756499574852e-02,
          9.5533074999081341e-02, 1.0479318645030455e-01,
          5.6333540216845716e-02, 4.6096626605033934e-02,
          8.9327797511871039e-03, -9.4599853986501899e-03,
          1.7002004800125678e-01, 6.2450172343405601e-02,
          2.8826204841137004e-01, 5.5553142512557441e-02,
          3.8401791459650274e-02, 7.8601288121066495e-02,
          6.3922809415581955e-02, 2.3563456415481607e-02,
          8.6490291457110541e-02, -1.4751294815060141e-04,
          9.0550773584333707e-02, 1.1350756499574852e-02,
          5.5553142512557441e-02, 1.2481475668783598e-01 ]
   - !!opencv-matrix
      rows: 10
      cols: 10
      dt: d
      data: [ 6.5351976521592151e-02, 9.2554090870873660e-03,
          -9.2352848077557666e-03, 5.6379443268441140e-03,
          8.9721111478153169e-03, -9.2213791373959046e-05,
          2.4406886251240626e-03, 2.7928152163539806e-04,
          -7.0705670934405910e-03, -5.9477116564765776e-03,
          9.2554090870873660e-03, 2.0563952727403627e-02,
          -8.4282961619755667e-03, 9.4731637730530727e-03,
          1.2435585751866384e-02, -8.1925811325851239e-04,
          7.7208677669461240e-03, 3.0556570249517965e-03,
          -5.3048275514452703e-03, 3.1046480084889194e-02,
          -9.2352848077557684e-03, -8.4282961619755667e-03,
          8.2927648375849566e-02, -5.6275402029982869e-03,
          -1.0895441005948846e-02, -4.9827670654103116e-04,
          -6.3971545442245226e-03, -2.1999445768531782e-03,
          1.4032832464106613e-02, -5.6284113109859712e-03,
          5.6379443268441132e-03, 9.4731637730530727e-03,
          -5.6275402029982869e-03, 8.6322334084931951e-02,
          1.1715267689221107e-02, -3.9171135872787862e-03,
          5.2597817143138085e-03, 6.8480933330352231e-03,
          -9.7471722755734114e-03, 1.1992118147769945e-02,
          8.9721111478153169e-03, 1.2435585751866384e-02,
          -1.0895441005948846e-02, 1.1715267689221110e-02,
          3.2017577407845360e-01, 9.2285125783421625e-04,
          8.9000470527511762e-03, -7.0060774307254478e-03,
          3.1620093424299016e-03, 1.2213164682841740e-02,
          -9.2213791373959466e-05, -8.1925811325851195e-04,
          -4.9827670654103127e-04, -3.9171135872787879e-03,
          9.2285125783421592e-04, 7.3014970192260567e-02,
          -6.8501347639020771e-04, -1.6815954618805643e-02,
          -4.7593757727348841e-02, -1.8743031627035422e-03,
          2.4406886251240626e-03, 7.7208677669461240e-03,
          -6.3971545442245226e-03, 5.2597817143138093e-03,
          8.9000470527511762e-03, -6.8501347639020739e-04,
          1.0057568482981390e-02, 1.3801228707017252e-03,
          -3.9215463869108260e-03, 8.2535361863426988e-03,
          2.7928152163539849e-04, 3.0556570249517965e-03,
          -2.1999445768531782e-03, 6.8480933330352231e-03,
          -7.0060774307254504e-03, -1.6815954618805643e-02,
          1.3801228707017252e-03, 2.3122164353269731e-01,
          1.0945124558443878e-02, 4.9509449621553021e-03,
          -7.0705670934405884e-03, -5.3048275514452695e-03,
          1.4032832464106613e-02, -9.7471722755734149e-03,
          3.1620093424299038e-03, -4.7593757727348841e-02,
          -3.9215463869108269e-03, 1.0945124558443875e-02,
          2.6961492635229767e-01, -7.6216890808648826e-03,
          -5.9477116564765767e-03, 3.1046480084889194e-02,
          -5.6284113109859738e-03, 1.1992118147769945e-02,
          1.2213164682841744e-02, -1.8743031627035424e-03,
          8.2535361863427005e-03, 4.9509449621553039e-03,
          -7.6216890808648826e-03, 2.0765610757757058e-01 ]
   - !!opencv-matrix
      rows: 10
      cols: 10
      dt: d
