%YAML:1.0
---
groups:
   - intact
   - CD19
   - blast
intactGmmnames:
   - "intact.2015-2606.0"
   - "intact.2015-2606.1"
   - "intact.2015-2606.2"
   - "intact.2015-2606.3"
   - "intact.2015-2606.4"
intactLabels:
   - FSC-A
   - SSC-A
   - SY41
   - CD19
   - CD10
   - CD20
   - CD45
   - CD34
   - CD38
   - CD58
intactMu: !!opencv-matrix
   rows: 5
   cols: 10
   dt: d
   data: [ 1.3935208155366112e+00, 3.3598807941488784e-01,
       3.1385617984846155e+00, 1.1537406296398602e+00,
       1.1201426090556694e+00, 1.0861224932908979e+00,
       3.6713503827429035e+00, 1.1730349967507345e+00,
       1.5872007498686380e+00, 8.2401867746662472e-01,
       2.3252408187184157e+00, 3.0427360827899697e+00,
       2.9963157210325377e+00, 1.6955647259032771e+00,
       1.8303533537681049e+00, 1.2166588535815313e+00,
       3.2035246339586712e+00, 1.3274692023124284e+00,
       1.6296231185605239e+00, 1.9576173906214829e+00,
       1.4578898284282833e+00, 7.1274727214414624e-01,
       2.8258126185064518e+00, 1.2342659170293295e+00,
       1.1276282444043606e+00, 1.0313253790417536e+00,
       3.7968461721127227e+00, 1.2290222423597126e+00,
       2.5939027237143737e+00, 1.7026298910773003e+00,
       1.1354027134183728e+00, 5.3965379038509476e-01,
       3.0420000386341512e+00, 1.1835745622560747e+00,
       1.2146069217185353e+00, 1.1544125214400462e+00,
       1.5992726910165609e+00, 1.3345456212567464e+00,
       1.3318668273024734e+00, 2.1343450956771886e+00,
       1.3887244471195272e+00, 5.5303226079722301e-01,
       3.0539660483759752e+00, 1.2234299458438667e+00,
       1.1423790402110929e+00, 1.0872341123355960e+00,
       3.8129663665397020e+00, 1.1903190466078966e+00,
       1.4731426744479825e+00, 1.5089083575330611e+00 ]
intactSigma:
   - !!opencv-matrix
      rows: 10
      cols: 10
      dt: d
      data: [ 2.5931191234795127e-02, 4.8889538571005834e-04,
          3.3959594480121317e-04, 8.0738241337536664e-04,
          1.9540454461767096e-04, -3.0138387675852620e-04,
          -1.2376746474491778e-04, -5.4978275213541573e-05,
          1.4869221472982514e-03, 5.4355532896678603e-04,
          4.8889538571005855e-04, 4.9495011187124880e-03,
          -8.3851668415266516e-04, 1.3205324174408533e-03,
          3.8789173975680590e-04, -1.6421349806518740e-04,
          2.7664657334828214e-03, -8.6609692745924247e-05,
          -5.7402196243752928e-04, 7.4087783657544272e-03,
          3.3959594480121333e-04, -8.3851668415266516e-04,
          6.1981955995705183e-03, 1.4643414223086828e-04,
          1.7254901093159081e-04, 3.4355037988288131e-04,
          -1.1934174956071332e-03, 2.5775356052114024e-04,
          -2.3179642604321876e-03, 1.5778917425914619e-03,
          8.0738241337536675e-04, 1.3205324174408533e-03,
          1.4643414223086833e-04, 3.4759850429744499e-02,
          3.0725702344046633e-04, -2.2993774402420065e-03,
          -6.1156708977737123e-05, 2.4890674202176291e-03,
          -2.1465215985900870e-03, 1.9567990242091021e-03,
          1.9540454461767102e-04, 3.8789173975680585e-04,
          1.7254901093159079e-04, 3.0725702344046644e-04,
          1.5674243994494054e-02, 1.8580774762812677e-04,
          1.9066880200513717e-04, -1.1545751706702203e-03,
          -5.8565757789592551e-04, 1.3495544548267964e-03,
          -3.0138387675852625e-04, -1.6421349806518726e-04,
          3.4355037988288142e-04, -2.2993774402420069e-03,
          1.8580774762812661e-04, 2.8248225129296731e-02,
          -2.1928674261612516e-04, -5.8908796310608025e-03,
          -1.0379709499775491e-02, 6.6872373219166231e-04,
          -1.2376746474491781e-04, 2.7664657334828214e-03,
          -1.1934174956071332e-03, -6.1156708977737082e-05,
          1.9066880200513723e-04, -2.1928674261612505e-04,
          6.3324693841360297e-03, -1.9729353731418511e-03,
          3.5185299877923054e-04, 1.6734504932910052e-03,
          -5.4978275213541451e-05, -8.6609692745924342e-05,
          2.5775356052114002e-04, 2.4890674202176300e-03,
          -1.1545751706702196e-03, -5.8908796310608068e-03,
          -1.9729353731418515e-03, 1.4415844759966742e-01,
          2.0731714269026638e-03, 4.2668381199807552e-04,
          1.4869221472982514e-03, -5.7402196243752982e-04,
          -2.3179642604321876e-03, -2.1465215985900870e-03,
          -5.8565757789592497e-04, -1.0379709499775491e-02,
          3.5185299877923043e-04, 2.0731714269026651e-03,
          6.8922130832496709e-02, -6.3983907285149492e-03,
          5.4355532896678603e-04, 7.4087783657544272e-03,
          1.5778917425914619e-03, 1.9567990242091030e-03,
          1.3495544548267954e-03, 6.6872373219166231e-04,
          1.6734504932910052e-03, 4.2668381199807514e-04,
          -6.3983907285149492e-03, 8.1119771579849412e-02 ]
   - !!opencv-matrix
      rows: 10
      cols: 10
      dt: d
      data: [ 4.7818342920871232e-01, 3.2471980752583340e-01,
          7.2760591704507088e-03, 3.3953278217575600e-02,
          7.2610681592521001e-02, -6.5061971196891027e-02,
          -1.2499910367116202e-02, -5.1231129286440514e-03,
          -1.3166574708754186e-02, 3.8207660159062531e-02,
          3.2471980752583340e-01, 1.4427354209912631e+00,
          -1.4366473670177507e-01, 1.4718539165252545e-01,
          3.5131259628651956e-01, -1.6480221201227491e-01,
          -5.8191060064847595e-02, -7.6138044729828172e-02,
          -2.0445675772981473e-01, 1.2332625881882922e-01,
          7.2760591704507088e-03, -1.4366473670177507e-01,
          1.1756404742208025e-01, -7.5296239658873242e-03,
          -3.0059085270893050e-02, 1.9233939723936472e-02,
          1.1928721100095735e-02, 1.4362477043371374e-02,
          3.7176203978593961e-02, 6.9131275064308086e-03,
          3.3953278217575600e-02, 1.4718539165252545e-01,
          -7.5296239658873242e-03, 7.2852910516056010e-02,
          5.2290943983737695e-02, 1.9481816834680275e-02,
          -1.6985317523598338e-03, 4.8885937662693441e-04,
          -1.8243362337035524e-02, 1.1347672607437591e-02,
          7.2610681592521001e-02, 3.5131259628651956e-01,
          -3.0059085270893050e-02, 5.2290943983737695e-02,
          3.3770466668511190e-01, -2.6047369762590616e-02,
          2.2029658177138031e-02, -1.3172557099058048e-02,
          -7.7560212465112341e-02, 5.3070829799072683e-02,
          -6.5061971196891041e-02, -1.6480221201227493e-01,
          1.9233939723936472e-02, 1.9481816834680275e-02,
          -2.6047369762590616e-02, 1.6092797137837039e-01,
          -6.2084931486921001e-03, 2.6527450755633550e-02,
          -9.1495273088191935e-03, -3.6104241233441255e-02,
          -1.2499910367116202e-02, -5.8191060064847595e-02,
          1.1928721100095735e-02, -1.6985317523598338e-03,
          2.2029658177138031e-02, -6.2084931486920967e-03,
          2.2259157813400288e-01, -1.9885143837271767e-02,
          6.2366086685716783e-02, 4.6765256093964022e-02,
          -5.1231129286440531e-03, -7.6138044729828172e-02,
          1.4362477043371374e-02, 4.8885937662693484e-04,
          -1.3172557099058048e-02, 2.6527450755633550e-02,
          -1.9885143837271767e-02, 1.5639900527738362e-01,
          1.9749312215646374e-02, 6.1970629830821189e-03,
          -1.3166574708754186e-02, -2.0445675772981473e-01,
          3.7176203978593968e-02, -1.8243362337035527e-02,
          -7.7560212465112341e-02, -9.1495273088191935e-03,
          6.2366086685716790e-02, 1.9749312215646374e-02,
          1.8283868353897662e-01, 1.2612034960011788e-02,
          3.8207660159062531e-02, 1.2332625881882922e-01,
          6.9131275064308103e-03, 1.1347672607437591e-02,
          5.3070829799072697e-02, -3.6104241233441255e-02,
          4.6765256093964022e-02, 6.1970629830821206e-03,
          1.2612034960011793e-02, 1.2904096508773719e-01 ]
   - !!opencv-matrix
      rows: 10
      cols: 10
