%YAML:1.0
---
groups:
   - intact
   - CD19
intactGmmnames:
   - "intact.2015-0789.0"
   - "intact.2015-0789.1"
   - "intact.2015-0789.2"
   - "intact.2015-0789.3"
   - "intact.2015-0789.4"
intactLabels:
   - FSC-A
   - SSC-A
   - SY41
   - CD19
   - CD10
   - CD20
   - CD45
   - CD34
   - CD38
   - CD58
intactMu: !!opencv-matrix
   rows: 5
   cols: 10
   dt: d
   data: [ 2.2413806145470305e+00, 3.3406898318957743e+00,
       3.9458056167671987e+00, 1.6917167016801919e+00,
       2.4424217091113869e+00, 1.0841664077854125e+00,
       3.1238894756143001e+00, 1.2115738954462352e+00,
       1.4354145729845318e+00, 2.0833475603549427e+00,
       1.3139319816371415e+00, 3.7823727728331347e-01,
       4.1128281672116769e+00, 1.2240402149294822e+00,
       9.6259567819724423e-01, 1.0601925248912265e+00,
       3.6050644292718621e+00, 1.1033840157892201e+00,
       1.4535308812241308e+00, 1.0831687430821624e+00,
       2.3204023250564521e+00, 2.9675520606684658e+00,
       3.7204819855699811e+00, 1.6465177149135921e+00,
       1.9697255822601363e+00, 1.0858589464586972e+00,
       2.6568716484389592e+00, 1.2012564923689451e+00,
       1.3617720682164429e+00, 1.6236439295361922e+00,
       2.0013508211491957e+00, 1.0672914938696199e+00,
       3.8600455698835958e+00, 1.4702860751212661e+00,
       1.1210432501469247e+00, 1.3267039569231671e+00,
       3.6096259205942705e+00, 1.1874905068135613e+00,
       1.8707707823614934e+00, 1.5920589358925339e+00,
       1.6280017620253160e+00, 8.3082624031348062e-01,
       3.5711594162414668e+00, 1.3109974255536223e+00,
       1.3296775666627207e+00, 1.1179731604652507e+00,
       1.7536737299276992e+00, 1.5737337805012237e+00,
       1.3874588960309480e+00, 1.8810771970240712e+00 ]
intactSigma:
   - !!opencv-matrix
      rows: 10
      cols: 10
      dt: d
      data: [ 1.8865816279205080e-01, 1.0975163958440279e-01,
          -9.8340557965585721e-03, 1.6738901731658061e-02,
          -5.7249568259112168e-03, 1.2860554556520525e-03,
          -5.4379600728184322e-03, 1.1439177966399280e-02,
          2.4707836222427962e-03, 4.6784454502806607e-03,
          1.0975163958440279e-01, 3.2605411174802323e-01,
          -3.3022673516982702e-02, 4.9605969011496859e-02,
          2.0276686296735274e-02, 1.6192754926493804e-03,
          7.4464205367581193e-03, 9.4995204913741142e-03,
          2.6695676560459613e-03, 1.2147559576353736e-02,
          -9.8340557965585669e-03, -3.3022673516982695e-02,
          5.6363098333554996e-02, -4.6899406717499544e-03,
          -3.4714418868200684e-03, 2.6025892313230413e-04,
          -3.7595968597920427e-03, 1.3038459929130427e-03,
          -7.2514892107047174e-04, -2.1961571897265207e-03,
          1.6738901731658061e-02, 4.9605969011496873e-02,
          -4.6899406717499544e-03, 2.3084193618988058e-02,
          5.3638982567647889e-03, -1.1955075273405620e-03,
          1.0026128315056542e-03, 2.1709444011616301e-03,
          -2.3173460448140297e-03, 1.6181534465692074e-03,
          -5.7249568259112186e-03, 2.0276686296735274e-02,
          -3.4714418868200697e-03, 5.3638982567647889e-03,
          9.9046825478170786e-02, -5.0908344621097983e-05,
          1.3952766977773234e-02, 3.5397686688618950e-04,
          -7.8046340313179098e-04, 2.1754906098798718e-03,
          1.2860554556520540e-03, 1.6192754926493799e-03,
          2.6025892313230413e-04, -1.1955075273405618e-03,
          -5.0908344621097888e-05, 2.7577821846281263e-02,
          1.2292547567248146e-04, -4.4937036128005411e-03,
          -5.7564866802051976e-03, 9.5955226347328032e-05,
          -5.4379600728184331e-03, 7.4464205367581185e-03,
          -3.7595968597920423e-03, 1.0026128315056544e-03,
          1.3952766977773232e-02, 1.2292547567248146e-04,
          1.6756384680242545e-02, -1.4646785758981921e-03,
          -1.0658014241115702e-03, 1.5647040607464349e-03,
          1.1439177966399280e-02, 9.4995204913741037e-03,
          1.3038459929130420e-03, 2.1709444011616293e-03,
          3.5397686688618890e-04, -4.4937036128005403e-03,
          -1.4646785758981923e-03, 1.3491935050538456e-01,
          1.9620722655957520e-03, 2.6960672338731651e-03,
          2.4707836222427962e-03, 2.6695676560459631e-03,
          -7.2514892107047207e-04, -2.3173460448140293e-03,
          -7.8046340313179098e-04, -5.7564866802051976e-03,
          -1.0658014241115700e-03, 1.9620722655957520e-03,
          1.3971245747047034e-02, 1.2176698146647809e-03,
          4.6784454502806598e-03, 1.2147559576353734e-02,
          -2.1961571897265203e-03, 1.6181534465692080e-03,
          2.1754906098798727e-03, 9.5955226347328059e-05,
          1.5647040607464349e-03, 2.6960672338731642e-03,
          1.2176698146647809e-03, 1.3505465236020985e-02 ]
   - !!opencv-matrix
      rows: 10
      cols: 10
      dt: d
      data: [ 1.0463096605328494e-01, 2.3576907455253017e-02,
          -8.2587428084911502e-03, 4.3763535336277378e-03,
          4.5542957433759275e-03, -8.0669992562981457e-04,
          2.4057019171992024e-02, 2.1572844710033580e-03,
          -6.2361855975405023e-03, 6.1414413764334756e-02,
          2.3576907455253017e-02, 1.8654544640169919e-02,
          -3.3519239609261743e-03, 3.3406444316496377e-03,
          3.4363960464591755e-03, -3.7104256608357024e-04,
          1.3737338091406807e-02, 1.8357294111398159e-03,
          -3.1148914368243686e-03, 4.4904447174279556e-02,
          -8.2587428084911502e-03, -3.3519239609261743e-03,
          1.6144160303260963e-02, -5.6828240735485355e-04,
          -3.5747955330868908e-04, 3.9214614855113456e-04,
          -2.4354094733830801e-03, 9.3156434403815003e-04,
          -6.6660381802314845e-04, -7.2740064558451866e-03,
          4.3763535336277378e-03, 3.3406444316496377e-03,
          -5.6828240735485355e-04, 1.7999980261567936e-02,
          1.0504649864590027e-03, -2.2592954233474232e-03,
          1.7649962992220506e-03, 2.9985351897126398e-03,
          -2.6356783090264188e-03, 7.4940566120856840e-03,
          4.5542957433759275e-03, 3.4363960464591763e-03,
          -3.5747955330868881e-04, 1.0504649864590029e-03,
          7.4664732270860915e-02, -7.3394715389623461e-04,
          2.4028166685643427e-03, 5.5098547387100291e-04,
          -1.0636422662571722e-03, 9.4764757694130973e-03,
          -8.0669992562981457e-04, -3.7104256608357062e-04,
          3.9214614855113473e-04, -2.2592954233474232e-03,
          -7.3394715389623450e-04, 2.6240155304748693e-02,
          -4.0277143986396818e-04, -6.9832445902568152e-03,
          -6.9871638316103104e-03, -1.2263161400257966e-03,
          2.4057019171992024e-02, 1.3737338091406807e-02,
          -2.4354094733830788e-03, 1.7649962992220506e-03,
          2.4028166685643435e-03, -4.0277143986396834e-04,
          2.2243219851587222e-02, -2.5650165468137521e-03,
          -4.1324539402302473e-03, 3.5766959772262456e-02,
          2.1572844710033572e-03, 1.8357294111398163e-03,
          9.3156434403815068e-04, 2.9985351897126398e-03,
          5.5098547387100324e-04, -6.9832445902568161e-03,
          -2.5650165468137521e-03, 1.8791601540377803e-01,
          2.7847400810852687e-03, 2.2445375308050158e-03,
          -6.2361855975405040e-03, -3.1148914368243686e-03,
          -6.6660381802314845e-04, -2.6356783090264188e-03,
          -1.0636422662571720e-03, -6.9871638316103104e-03,
          -4.1324539402302473e-03, 2.7847400810852687e-03,
          3.4576649243711809e-02, -1.1233767639461309e-02,
          6.1414413764334756e-02, 4.4904447174279556e-02,
          -7.2740064558451875e-03, 7.4940566120856840e-03,
          9.4764757694130938e-03, -1.2263161400257975e-03,
          3.5766959772262456e-02, 2.2445375308050150e-03,
          -1.1233767639461305e-02, 2.1759347438699658e-01 ]
   - !!opencv-matrix
      rows: 10
      cols: 10
      dt: d
