%YAML:1.0
---
groups:
   - intact
   - CD19
   - blast
intactGmmnames:
   - "intact.2015-2743.0"
   - "intact.2015-2743.1"
   - "intact.2015-2743.2"
   - "intact.2015-2743.3"
   - "intact.2015-2743.4"
intactLabels:
   - FSC-A
   - SSC-A
   - SY41
   - CD19
   - CD10
   - CD20
   - CD45
   - CD34
   - CD38
   - CD58
intactMu: !!opencv-matrix
   rows: 5
   cols: 10
   dt: d
   data: [ 1.0233983456987987e+00, 5.4275674626408343e-01,
       3.4443753837630240e+00, 1.1894745406939140e+00,
       1.3468680871206367e+00, 1.0356466580557977e+00,
       1.7901114938881248e+00, 1.2273480607209211e+00,
       1.4947653488407309e+00, 2.0545222569472315e+00,
       2.6927475403267067e+00, 3.5072928798886847e+00,
       3.6348880137038875e+00, 1.7522675889979527e+00,
       1.8068043303497303e+00, 1.0566751389300186e+00,
       2.8878349970779107e+00, 1.2821074921530899e+00,
       1.5062482601430629e+00, 1.9876892473171626e+00,
       1.1773808086712358e+00, 4.0267406026064001e-01,
       3.5195057331174744e+00, 1.3085742064643575e+00,
       1.3499562760422110e+00, 1.0005900087865736e+00,
       3.7026895204895522e+00, 1.2211027039555165e+00,
       1.6521501980012736e+00, 9.2398483052993896e-01,
       1.5103412263247049e+00, 7.9132530318899574e-01,
       2.8778399443180955e+00, 1.4324567131841819e+00,
       1.4599996291584338e+00, 9.6000901780515768e-01,
       3.8571582538967499e+00, 1.3221662525004874e+00,
       2.2660788576772597e+00, 1.3700472169818387e+00,
       2.2633938975663197e+00, 1.7640142679998896e+00,
       3.3546029614864588e+00, 1.6677451743642790e+00,
       1.5055012857482504e+00, 1.2093138046655920e+00,
       2.9901962303983392e+00, 1.4788427975067455e+00,
       2.0527358245576042e+00, 1.6520082128361773e+00 ]
intactSigma:
   - !!opencv-matrix
      rows: 10
      cols: 10
      dt: d
      data: [ 1.0507237190147586e-01, 3.9770139295435297e-02,
          -6.6141307351353151e-02, 1.1980309636707088e-02,
          3.1457680656819136e-03, 1.3070980695027601e-03,
          2.9582743064121383e-02, 4.7372674366745306e-03,
          9.4529717304638779e-03, -4.5884563574381644e-03,
          3.9770139295435297e-02, 3.7685238675387561e-02,
          -2.2373727927492593e-02, 1.0355507800855299e-02,
          2.2298849373169789e-03, 1.7302052744990260e-03,
          2.9970500795490976e-02, 4.5191581816591110e-03,
          8.7310458591333840e-03, -4.4683112223815142e-03,
          -6.6141307351353137e-02, -2.2373727927492593e-02,
          3.4909097304752407e-01, -1.5664575934916523e-02,
          9.3272337105973629e-03, -1.2862378446659960e-03,
          6.1994968779736717e-02, -7.9251223368392246e-03,
          4.6675121912147392e-02, 8.5121253107492717e-02,
          1.1980309636707090e-02, 1.0355507800855299e-02,
          -1.5664575934916523e-02, 1.9594224050157316e-02,
          8.3832871785249267e-04, -2.0915078033682420e-03,
          2.3129807404158056e-03, 2.3131862139571372e-03,
          -8.1472819005493666e-04, -4.1351201784126336e-03,
          3.1457680656819141e-03, 2.2298849373169798e-03,
          9.3272337105973595e-03, 8.3832871785249235e-04,
          2.5903749443666430e-02, 5.0390119869368765e-04,
          -1.8885453508663097e-03, -1.1814366687927535e-03,
          4.2951327624770165e-03, 6.3917396516691193e-03,
          1.3070980695027593e-03, 1.7302052744990260e-03,
          -1.2862378446659958e-03, -2.0915078033682424e-03,
          5.0390119869368787e-04, 3.9927983427193794e-02,
          2.3555902384518679e-03, -3.5592545364442514e-03,
          -6.2093730269425886e-03, -6.0021021492740031e-04,
          2.9582743064121383e-02, 2.9970500795490986e-02,
          6.1994968779736717e-02, 2.3129807404158047e-03,
          -1.8885453508663114e-03, 2.3555902384518653e-03,
          2.5705458679092941e-01, 1.3829922348054450e-03,
          5.9845991246639869e-02, 3.7645383857719449e-02,
          4.7372674366745297e-03, 4.5191581816591119e-03,
          -7.9251223368392298e-03, 2.3131862139571364e-03,
          -1.1814366687927537e-03, -3.5592545364442527e-03,
          1.3829922348054444e-03, 3.9708100250155060e-02,
          5.1561256667710794e-04, -2.7345329909927115e-03,
          9.4529717304638779e-03, 8.7310458591333840e-03,
          4.6675121912147392e-02, -8.1472819005493698e-04,
          4.2951327624770183e-03, -6.2093730269425886e-03,
          5.9845991246639869e-02, 5.1561256667710849e-04,
          4.7317132117967051e-02, 2.5980738828031966e-02,
          -4.5884563574381627e-03, -4.4683112223815116e-03,
          8.5121253107492717e-02, -4.1351201784126327e-03,
          6.3917396516691193e-03, -6.0021021492740053e-04,
          3.7645383857719442e-02, -2.7345329909927115e-03,
          2.5980738828031966e-02, 9.0602793871311926e-02 ]
   - !!opencv-matrix
      rows: 10
      cols: 10
      dt: d
      data: [ 3.4568340048651608e-01, 8.7853505694595019e-02,
          -3.5237119214673578e-03, 1.6633283341903702e-02,
          -3.4477017573627415e-02, 2.6452904691442250e-03,
          -1.8905853038951557e-02, 1.5711845384741622e-03,
          8.6331999481520094e-03, 3.1296129843647132e-05,
          8.7853505694595005e-02, 2.8328084599691322e-01,
          -3.9494245510823693e-02, 4.5167554983687609e-02,
          2.5586872443662961e-02, 3.6002156898142508e-03,
          8.2873306603132267e-03, 5.5833876527364946e-03,
          9.6059448332662199e-03, 7.9091811614146953e-03,
          -3.5237119214673578e-03, -3.9494245510823686e-02,
          6.7554631334753007e-02, -7.9270595793625703e-03,
          -1.5420625805311117e-02, -4.1727059273479253e-04,
          -9.0292844338962439e-03, -5.2929340461847774e-04,
          -2.6546262132715881e-03, 1.8031342794575116e-04,
          1.6633283341903695e-02, 4.5167554983687609e-02,
          -7.9270595793625668e-03, 3.0009346422984227e-02,
          5.0412945496336970e-03, -1.4227787617597150e-03,
          1.1870531805756668e-03, 2.0353395605915716e-03,
          -2.5229310092065838e-03, 1.0790248879864975e-03,
          -3.4477017573627415e-02, 2.5586872443662961e-02,
          -1.5420625805311118e-02, 5.0412945496336996e-03,
          1.5032103909229783e-01, 3.3289917324177699e-04,
          1.7999644115630976e-02, -2.6851972545667599e-03,
          -1.7921874474270351e-03, 3.6310973050771586e-03,
          2.6452904691442224e-03, 3.6002156898142499e-03,
          -4.1727059273479210e-04, -1.4227787617597143e-03,
          3.3289917324177731e-04, 5.0609998498383692e-02,
          -9.0913907783418980e-05, -7.4597161229395838e-03,
          -9.4579579524885823e-03, 2.1924972785544879e-04,
          -1.8905853038951551e-02, 8.2873306603132267e-03,
          -9.0292844338962439e-03, 1.1870531805756677e-03,
          1.7999644115630972e-02, -9.0913907783418763e-05,
          2.9006654966734227e-02, -1.3991500836441717e-03,
          -3.3270704394834568e-04, 2.1927899963035289e-03,
          1.5711845384741609e-03, 5.5833876527364955e-03,
          -5.2929340461847828e-04, 2.0353395605915725e-03,
          -2.6851972545667599e-03, -7.4597161229395838e-03,
          -1.3991500836441715e-03, 8.4963297851199271e-02,
          8.5625816441228699e-04, 1.5752331224702634e-03,
          8.6331999481520094e-03, 9.6059448332662216e-03,
          -2.6546262132715881e-03, -2.5229310092065838e-03,
          -1.7921874474270362e-03, -9.4579579524885805e-03,
          -3.3270704394834584e-04, 8.5625816441228558e-04,
          2.6409355774773449e-02, -9.8117808836919235e-06,
          3.1296129843646346e-05, 7.9091811614146953e-03,
          1.8031342794575138e-04, 1.0790248879864975e-03,
          3.6310973050771586e-03, 2.1924972785544871e-04,
          2.1927899963035289e-03, 1.5752331224702634e-03,
          -9.8117808836918133e-06, 1.9266623573033798e-02 ]
   - !!opencv-matrix
      rows: 10
      cols: 10
