%YAML:1.0
---
groups:
   - intact
   - CD19
   - blast
intactGmmnames:
   - "intact.2016-5460.0"
   - "intact.2016-5460.1"
   - "intact.2016-5460.2"
   - "intact.2016-5460.3"
   - "intact.2016-5460.4"
intactLabels:
   - FSC-A
   - SSC-A
   - SY41
   - CD19
   - CD10
   - CD20
   - CD45
   - CD34
   - CD38
   - CD58
intactMu: !!opencv-matrix
   rows: 5
   cols: 10
   dt: d
   data: [ 2.0630756746296912e+00, 1.3084918236183529e+00,
       3.4137303547380800e+00, 1.6294521560687261e+00,
       1.3131040700555461e+00, 1.4969832276958102e+00,
       3.1328501069672368e+00, 1.5897622115732710e+00,
       2.3577958321469019e+00, 1.9577427487021017e+00,
       1.2042423827184845e+00, 3.1817909396243421e-01,
       3.4100775739138807e+00, 1.4507697871435568e+00,
       1.0746508342141718e+00, 1.2382387084023736e+00,
       3.7096247628890140e+00, 1.4937884083331496e+00,
       1.9118800875266133e+00, 1.1481074303590955e+00,
       2.4295064315497537e+00, 3.0801709586561374e+00,
       3.4176514833942466e+00, 1.8104109330698177e+00,
       2.1936063613838401e+00, 1.2833767739888191e+00,
       2.9649472090044187e+00, 1.2472334919095731e+00,
       1.6473502546294603e+00, 2.1588477301119955e+00,
       1.4829319555007803e+00, 5.7219566743154915e-01,
       3.0071874030275039e+00, 1.5212836362153033e+00,
       1.1140934287631548e+00, 1.2760613516947454e+00,
       3.7775962966596710e+00, 1.6433270347650142e+00,
       3.0193639106958732e+00, 1.8153037154713041e+00,
       9.6041438575704796e-01, 3.8297966559249924e-01,
       3.7215917558778950e+00, 1.2207214151624288e+00,
       1.3099669433567382e+00, 1.2648086871986857e+00,
       1.6945774811554715e+00, 1.0523457566009917e+00,
       1.3426310075547756e+00, 2.3816848908218708e+00 ]
intactSigma:
   - !!opencv-matrix
      rows: 10
      cols: 10
      dt: d
      data: [ 5.7720385434967247e-01, 3.9240461537316235e-01,
          2.1193058496760408e-02, 5.2683383898347015e-02,
          5.4906141097291437e-02, -1.0671241786724454e-01,
          -7.5553858980043380e-04, -3.6193326987793385e-03,
          4.2047105903017919e-02, 1.1726174183239121e-01,
          3.9240461537316235e-01, 7.2591745402345109e-01,
          3.4370198091963768e-02, 9.7524649130748153e-02,
          1.1327139051476644e-01, -1.1139599798122669e-01,
          -3.5874927807596928e-02, -4.2020153040644659e-02,
          3.1543693331487474e-02, 1.3978383712872691e-01,
          2.1193058496760408e-02, 3.4370198091963761e-02,
          1.6421618234693433e-01, -1.8502270968673905e-03,
          1.2339950425386990e-02, 7.0660753593929449e-03,
          -4.3979635728161229e-02, 2.5049806541884334e-03,
          3.8922462585558058e-02, 8.6589004993132563e-03,
          5.2683383898347015e-02, 9.7524649130748153e-02,
          -1.8502270968673896e-03, 1.0831198362654222e-01,
          1.6284613641724906e-02, 9.7984670360490148e-02,
          7.4266418638835360e-02, -4.2456866714204291e-03,
          -4.0752172712100760e-03, -2.5081059250014127e-02,
          5.4906141097291424e-02, 1.1327139051476644e-01,
          1.2339950425386985e-02, 1.6284613641724906e-02,
          2.4311640594137365e-01, -9.6215828387340753e-03,
          -2.6980645976080114e-02, -9.4434386171173054e-03,
          7.3212429922275737e-04, 4.8939005258225581e-02,
          -1.0671241786724454e-01, -1.1139599798122669e-01,
          7.0660753593929449e-03, 9.7984670360490148e-02,
          -9.6215828387340753e-03, 3.1581643755235650e-01,
          9.4296805084329804e-02, -9.0536957106766465e-03,
          -3.8351424435227356e-02, -1.2717760520685881e-01,
          -7.5553858980043130e-04, -3.5874927807596914e-02,
          -4.3979635728161236e-02, 7.4266418638835360e-02,
          -2.6980645976080114e-02, 9.4296805084329804e-02,
          4.2831128167251403e-01, 1.0023469641884991e-01,
          2.2688870714016848e-01, -4.1870614410120945e-02,
          -3.6193326987793385e-03, -4.2020153040644659e-02,
          2.5049806541884304e-03, -4.2456866714204273e-03,
          -9.4434386171173054e-03, -9.0536957106766465e-03,
          1.0023469641884991e-01, 3.1354800418451939e-01,
          1.4129791315585946e-01, 3.4889810474456995e-02,
          4.2047105903017919e-02, 3.1543693331487474e-02,
          3.8922462585558058e-02, -4.0752172712100743e-03,
          7.3212429922275932e-04, -3.8351424435227370e-02,
          2.2688870714016848e-01, 1.4129791315585943e-01,
          4.9264811630142002e-01, 5.4361608202297886e-02,
          1.1726174183239121e-01, 1.3978383712872691e-01,
          8.6589004993132528e-03, -2.5081059250014123e-02,
          4.8939005258225581e-02, -1.2717760520685881e-01,
          -4.1870614410120945e-02, 3.4889810474457002e-02,
          5.4361608202297892e-02, 2.4147854085167292e-01 ]
   - !!opencv-matrix
      rows: 10
      cols: 10
      dt: d
      data: [ 7.5136918839708994e-02, 1.4477852742581603e-02,
          -4.2149744788975860e-02, 1.2516516214122147e-02,
          3.4827525784624476e-03, -9.8939206711658222e-04,
          1.6551520310621032e-02, 1.2167893423147679e-02,
          -1.5552956564127212e-02, 3.6924189647760230e-02,
          1.4477852742581603e-02, 1.3205463209363163e-02,
          -2.1863013002253330e-02, 9.9037917578309025e-03,
          3.4506601623254612e-03, -8.0816067758737384e-04,
          1.2203091133176486e-02, 1.0759459352237469e-02,
          -5.0723412801547667e-03, 4.4713961696873424e-02,
          -4.2149744788975853e-02, -2.1863013002253330e-02,
          7.3751167362624770e-02, -1.9614794306051807e-02,
          -5.4446624998723539e-03, 2.3227583187654271e-03,
          -2.7286206176736116e-02, -2.2162017038016360e-02,
          1.2647692986982142e-02, -7.7624981099136403e-02,
          1.2516516214122147e-02, 9.9037917578309025e-03,
          -1.9614794306051800e-02, 3.6084356582270022e-02,
          2.9746060883820277e-03, -3.0844587176044971e-03,
          1.1645135958024971e-02, 1.5143274524089700e-02,
          -7.7361723406668519e-03, 3.3088250637692371e-02,
          3.4827525784624476e-03, 3.4506601623254620e-03,
          -5.4446624998723521e-03, 2.9746060883820286e-03,
          5.9826350954583989e-02, 2.4774914871916710e-04,
          2.8878270428469564e-03, -5.8696639098310729e-04,
          -2.7281930706876470e-03, 1.6271499889569049e-02,
          -9.8939206711658222e-04, -8.0816067758737438e-04,
          2.3227583187654262e-03, -3.0844587176044966e-03,
          2.4774914871916726e-04, 1.6836147427307917e-02,
          -1.0773240792291596e-03, -1.0916032352534326e-02,
          -8.6979590213711409e-03, -2.9186792469172254e-03,
          1.6551520310621032e-02, 1.2203091133176486e-02,
          -2.7286206176736116e-02, 1.1645135958024971e-02,
          2.8878270428469572e-03, -1.0773240792291601e-03,
          1.9107472944997435e-02, 1.2687236706533765e-02,
          -6.5355150794950542e-03, 4.1061224245256385e-02,
          1.2167893423147679e-02, 1.0759459352237469e-02,
          -2.2162017038016360e-02, 1.5143274524089704e-02,
          -5.8696639098310783e-04, -1.0916032352534326e-02,
          1.2687236706533765e-02, 1.9421053651622713e-01,
          5.4586968079441576e-03, 3.7513696128663697e-02,
          -1.5552956564127208e-02, -5.0723412801547667e-03,
          1.2647692986982142e-02, -7.7361723406668519e-03,
          -2.7281930706876466e-03, -8.6979590213711409e-03,
          -6.5355150794950542e-03, 5.4586968079441550e-03,
          1.7222788534795094e-01, -2.5796148410883495e-02,
          3.6924189647760237e-02, 4.4713961696873424e-02,
          -7.7624981099136403e-02, 3.3088250637692371e-02,
          1.6271499889569045e-02, -2.9186792469172249e-03,
          4.1061224245256385e-02, 3.7513696128663676e-02,
          -2.5796148410883495e-02, 2.5624695138117370e-01 ]
   - !!opencv-matrix
      rows: 10
      cols: 10
