%YAML:1.0
---
groups:
   - intact
   - CD19
   - blast
intactGmmnames:
   - "intact.2016-3767.0"
   - "intact.2016-3767.1"
   - "intact.2016-3767.2"
   - "intact.2016-3767.3"
   - "intact.2016-3767.4"
intactLabels:
   - FSC-A
   - SSC-A
   - SY41
   - CD19
   - CD10
   - CD20
   - CD45
   - CD34
   - CD38
   - CD58
intactMu: !!opencv-matrix
   rows: 5
   cols: 10
   dt: d
   data: [ 6.7474955949132487e-01, 3.4500887770676297e-01,
       3.3503642189704661e+00, 1.1507371121924763e+00,
       1.4392049640403903e+00, 1.1678610015110815e+00,
       1.8115146468234784e+00, 9.9614550438536142e-01,
       1.2641513000919105e+00, 2.2274693127387861e+00,
       1.2807732326312649e+00, 2.0633687412763644e+00,
       3.0703979258751319e+00, 1.6593220193123532e+00,
       1.6585562976720429e+00, 1.2279424880491063e+00,
       2.6269914294973247e+00, 1.5740041721996882e+00,
       1.5891897758770519e+00, 1.8981136078163952e+00,
       8.2382135233492071e-01, 3.7277840243142313e-01,
       3.2904711392829715e+00, 1.4112635163639815e+00,
       1.2935654458259658e+00, 1.1337790941295185e+00,
       3.6896364209693546e+00, 1.5443338543891572e+00,
       1.8445446192534187e+00, 1.0819738146243443e+00,
       2.0709075128866941e+00, 3.0402126858218046e+00,
       3.3033628433526103e+00, 1.8296038667903132e+00,
       1.4297034533350219e+00, 1.1909905295643850e+00,
       2.9153375950038529e+00, 1.3015056546701296e+00,
       1.9028290406543382e+00, 2.0756426058284663e+00,
       1.7368510558940922e+00, 3.4370983891133302e+00,
       3.2155044303776665e+00, 1.9005041720645808e+00,
       2.3158069817930467e+00, 1.1897038478758915e+00,
       3.1247256486751702e+00, 1.4724193033450175e+00,
       1.6677661496376475e+00, 2.2628575664937540e+00 ]
intactSigma:
   - !!opencv-matrix
      rows: 10
      cols: 10
      dt: d
      data: [ 2.8956785614220010e-02, 1.0676231023553065e-02,
          -4.4724108921095343e-03, 3.2064736502907549e-03,
          2.7462856346016028e-03, 1.8205540977083264e-04,
          7.1326074033795945e-03, 1.6727051650911073e-03,
          4.6788879545851727e-03, 9.3292993919512502e-03,
          1.0676231023553069e-02, 1.4127765833170229e-02,
          8.3740023394470349e-03, 4.1774499437143685e-03,
          4.1053832389082072e-03, 3.3298021046354495e-04,
          1.6674544828627066e-02, 4.1444930117852724e-03,
          1.1293215091334678e-02, 1.1403363363160090e-02,
          -4.4724108921095317e-03, 8.3740023394470332e-03,
          1.0760417809507380e-01, 1.1829075159329688e-03,
          3.1849583552877609e-03, 9.2920985234559435e-05,
          2.0745365214296544e-02, 6.3030506404722830e-03,
          1.4784961844155337e-02, 1.2698979618090984e-02,
          3.2064736502907549e-03, 4.1774499437143694e-03,
          1.1829075159329693e-03, 1.2465582566357979e-02,
          1.9801122703718269e-03, -1.9571322184379135e-03,
          4.2608767833441754e-03, 2.4958464934787257e-03,
          2.0217968922712328e-03, 3.1387829128160199e-03,
          2.7462856346016028e-03, 4.1053832389082081e-03,
          3.1849583552877613e-03, 1.9801122703718265e-03,
          5.3532318935503989e-02, 6.4842678119900871e-04,
          1.2634158375532023e-02, -4.5628320448108710e-04,
          1.2736052298120694e-02, 6.5126830244111979e-03,
          1.8205540977083250e-04, 3.3298021046354468e-04,
          9.2920985234559218e-05, -1.9571322184379130e-03,
          6.4842678119900849e-04, 1.5514534936628802e-02,
          9.1250469997736824e-04, -2.2706954495668409e-03,
          -8.3736056733701644e-03, 3.4497865641724040e-04,
          7.1326074033795919e-03, 1.6674544828627066e-02,
          2.0745365214296537e-02, 4.2608767833441728e-03,
          1.2634158375532023e-02, 9.1250469997736770e-04,
          1.8551055147685128e-01, 2.1072019935250682e-03,
          5.3881769193956194e-02, 2.2374952654304978e-02,
          1.6727051650911066e-03, 4.1444930117852724e-03,
          6.3030506404722830e-03, 2.4958464934787257e-03,
          -4.5628320448108683e-04, -2.2706954495668409e-03,
          2.1072019935250677e-03, 4.9930922054303099e-02,
          7.3749112073676982e-03, 3.3943326823795313e-03,
          4.6788879545851718e-03, 1.1293215091334680e-02,
          1.4784961844155337e-02, 2.0217968922712306e-03,
          1.2736052298120689e-02, -8.3736056733701644e-03,
          5.3881769193956194e-02, 7.3749112073676999e-03,
          8.5158057965544237e-02, 1.3971845247106436e-02,
          9.3292993919512502e-03, 1.1403363363160090e-02,
          1.2698979618090984e-02, 3.1387829128160199e-03,
          6.5126830244112005e-03, 3.4497865641724013e-04,
          2.2374952654304978e-02, 3.3943326823795313e-03,
          1.3971845247106436e-02, 2.3060218141447368e-02 ]
   - !!opencv-matrix
      rows: 10
      cols: 10
      dt: d
      data: [ 2.2839450915438653e-01, 2.6535730609715064e-01,
          1.3988005204372878e-02, 7.2039909360500476e-02,
          4.3230731642909082e-02, 5.9150396068110532e-03,
          4.0862299060064299e-02, 8.4644830101072608e-04,
          1.9021270425524140e-02, 3.0369935908434838e-02,
          2.6535730609715064e-01, 1.3973170691021299e+00,
          -9.6636521651490628e-02, 2.8517464166500495e-01,
          2.0013271852341305e-01, 1.0300934786204065e-02,
          1.0550045812643463e-01, -6.2473129330233634e-02,
          -1.4321084435586812e-01, -1.6032043548253425e-01,
          1.3988005204372878e-02, -9.6636521651490642e-02,
          2.8503925185507201e-01, -9.6444882915490415e-03,
          2.7970956196198816e-02, 2.5230207199490144e-03,
          2.0669417682488745e-02, -2.1917568648640268e-02,
          9.0380033597294823e-02, 7.6117258917999170e-02,
          7.2039909360500476e-02, 2.8517464166500489e-01,
          -9.6444882915490467e-03, 1.2258260480751004e-01,
          7.6463053309306722e-02, 1.1180042744104652e-02,
          5.8571968912682959e-02, 3.0062524802790092e-02,
          3.4434640550251856e-03, -2.1167179316215087e-02,
          4.3230731642909082e-02, 2.0013271852341302e-01,
          2.7970956196198816e-02, 7.6463053309306722e-02,
          2.8873247758507492e-01, 8.6084594932771697e-03,
          2.9325039598174230e-02, 2.4221035675754558e-02,
          -9.8653951267981786e-03, 1.9678365832464973e-03,
          5.9150396068110515e-03, 1.0300934786204068e-02,
          2.5230207199490157e-03, 1.1180042744104652e-02,
          8.6084594932771714e-03, 5.6843780776708007e-02,
          9.2619258163729682e-03, 1.6453831951636560e-02,
          1.0233075563355664e-03, 5.9553165265534965e-03,
          4.0862299060064312e-02, 1.0550045812643463e-01,
          2.0669417682488745e-02, 5.8571968912682959e-02,
          2.9325039598174230e-02, 9.2619258163729682e-03,
          4.3697393294611458e-01, 1.5161012905990132e-01,
          2.7432660093017447e-01, 5.2569263453915965e-02,
          8.4644830101072749e-04, -6.2473129330233655e-02,
          -2.1917568648640268e-02, 3.0062524802790092e-02,
          2.4221035675754558e-02, 1.6453831951636560e-02,
          1.5161012905990132e-01, 3.3467611759669663e-01,
          1.6158790390587141e-01, 7.9207347154995666e-02,
          1.9021270425524144e-02, -1.4321084435586812e-01,
          9.0380033597294823e-02, 3.4434640550251856e-03,
          -9.8653951267981752e-03, 1.0233075563355651e-03,
          2.7432660093017441e-01, 1.6158790390587141e-01,
          4.3257561724324389e-01, 1.1615336469863842e-01,
          3.0369935908434838e-02, -1.6032043548253422e-01,
          7.6117258917999170e-02, -2.1167179316215087e-02,
          1.9678365832464968e-03, 5.9553165265534948e-03,
          5.2569263453915965e-02, 7.9207347154995666e-02,
          1.1615336469863842e-01, 2.2952221637020251e-01 ]
   - !!opencv-matrix
      rows: 10
      cols: 10
      dt: d
