%YAML:1.0
---
groups:
   - intact
   - CD19
   - blast
intactGmmnames:
   - "intact.2016-5460.0"
   - "intact.2016-5460.1"
   - "intact.2016-5460.2"
   - "intact.2016-5460.3"
   - "intact.2016-5460.4"
intactLabels:
   - FSC-A
   - SSC-A
   - SY41
   - CD19
   - CD10
   - CD20
   - CD45
   - CD34
   - CD38
   - CD58
intactMu: !!opencv-matrix
   rows: 5
   cols: 10
   dt: d
   data: [ 2.0630756746296912e+00, 1.3084918236183529e+00,
       3.4137303547380800e+00, 1.6294521560687261e+00,
       1.3131040700555461e+00, 1.4969832276958102e+00,
       3.1328501069672368e+00, 1.5897622115732710e+00,
       2.3577958321469019e+00, 1.9577427487021017e+00,
       1.2042423827184845e+00, 3.1817909396243421e-01,
       3.4100775739138807e+00, 1.4507697871435568e+00,
       1.0746508342141718e+00, 1.2382387084023736e+00,
       3.7096247628890140e+00, 1.4937884083331496e+00,
       1.9118800875266133e+00, 1.1481074303590955e+00,
       2.4295064315497537e+00, 3.0801709586561374e+00,
       3.4176514833942466e+00, 1.8104109330698177e+00,
       2.1936063613838401e+00, 1.2833767739888191e+00,
       2.9649472090044187e+00, 1.2472334919095731e+00,
       1.6473502546294603e+00, 2.1588477301119955e+00,
       1.4829319555007803e+00, 5.7219566743154915e-01,
       3.0071874030275039e+00, 1.5212836362153033e+00,
       1.1140934287631548e+00, 1.2760613516947454e+00,
       3.7775962966596710e+00, 1.6433270347650142e+00,
       3.0193639106958732e+00, 1.8153037154713041e+00,
       9.6041438575704796e-01, 3.8297966559249924e-01,
       3.7215917558778950e+00, 1.2207214151624288e+00,
       1.3099669433567382e+00, 1.2648086871986857e+00,
       1.6945774811554715e+00, 1.0523457566009917e+00,
       1.3426310075547756e+00, 2.3816848908218708e+00 ]
intactSigma:
   - !!opencv-matrix
      rows: 10
      cols: 10
      dt: d
      data: [ 5.7720385434967247e-01, 3.9240461537316235e-01,
          2.1193058496760408e-02, 5.2683383898347015e-02,
          5.4906141097291437e-02, -1.0671241786724454e-01,
          -7.5553858980043380e-04, -3.6193326987793385e-03,
          4.2047105903017919e-02, 1.1726174183239121e-01,
          3.9240461537316235e-01, 7.2591745402345109e-01,
          3.4370198091963768e-02, 9.7524649130748153e-02,
          1.1327139051476644e-01, -1.1139599798122669e-01,
          -3.5874927807596928e-02, -4.2020153040644659e-02,
          3.1543693331487474e-02, 1.3978383712872691e-01,
          2.1193058496760408e-02, 3.4370198091963761e-02,
          1.6421618234693433e-01, -1.8502270968673905e-03,
          1.2339950425386990e-02, 7.0660753593929449e-03,
          -4.3979635728161229e-02, 2.5049806541884334e-03,
          3.8922462585558058e-02, 8.6589004993132563e-03,
          5.2683383898347015e-02, 9.7524649130748153e-02,
          -1.8502270968673896e-03, 1.0831198362654222e-01,
          1.6284613641724906e-02, 9.7984670360490148e-02,
          7.4266418638835360e-02, -4.2456866714204291e-03,
          -4.0752172712100760e-03, -2.5081059250014127e-02,
          5.4906141097291424e-02, 1.1327139051476644e-01,
          1.2339950425386985e-02, 1.6284613641724906e-02,
          2.4311640594137365e-01, -9.6215828387340753e-03,
          -2.6980645976080114e-02, -9.4434386171173054e-03,
          7.3212429922275737e-04, 4.8939005258225581e-02,
          -1.0671241786724454e-01, -1.1139599798122669e-01,
          7.0660753593929449e-03, 9.7984670360490148e-02,
          -9.6215828387340753e-03, 3.1581643755235650e-01,
          9.4296805084329804e-02, -9.0536957106766465e-03,
          -3.8351424435227356e-02, -1.2717760520685881e-01,
          -7.5553858980043130e-04, -3.5874927807596914e-02,
          -4.3979635728161236e-02, 7.4266418638835360e-02,
          -2.6980645976080114e-02, 9.4296805084329804e-02,
          4.2831128167251403e-01, 1.0023469641884991e-01,
          2.2688870714016848e-01, -4.1870614410120945e-02,
          -3.6193326987793385e-03, -4.2020153040644659e-02,
          2.5049806541884304e-03, -4.2456866714204273e-03,
          -9.4434386171173054e-03, -9.0536957106766465e-03,
          1.0023469641884991e-01, 3.1354800418451939e-01,
          1.4129791315585946e-01, 3.4889810474456995e-02,
          4.2047105903017919e-02, 3.1543693331487474e-02,
          3.8922462585558058e-02, -4.0752172712100743e-03,
          7.3212429922275932e-04, -3.8351424435227370e-02,
          2.2688870714016848e-01, 1.4129791315585943e-01,
          4.9264811630142002e-01, 5.4361608202297886e-02,
          1.1726174183239121e-01, 1.3978383712872691e-01,
          8.6589004993132528e-03, -2.5081059250014123e-02,
          4.8939005258225581e-02, -1.2717760520685881e-01,
          -4.1870614410120945e-02, 3.4889810474457002e-02,
          5.4361608202297892e-02, 2.4147854085167292e-01 ]
   - !!opencv-matrix
      rows: 10
      cols: 10
      dt: d
      data: [ 7.5136918839708994e-02, 1.4477852742581603e-02,
          -4.2149744788975860e-02, 1.2516516214122147e-02,
          3.4827525784624476e-03, -9.8939206711658222e-04,
          1.6551520310621032e-02, 1.2167893423147679e-02,
          -1.5552956564127212e-02, 3.6924189647760230e-02,
          1.4477852742581603e-02, 1.3205463209363163e-02,
          -2.1863013002253330e-02, 9.9037917578309025e-03,
          3.4506601623254612e-03, -8.0816067758737384e-04,
          1.2203091133176486e-02, 1.0759459352237469e-02,
          -5.0723412801547667e-03, 4.4713961696873424e-02,
          -4.2149744788975853e-02, -2.1863013002253330e-02,
          7.3751167362624770e-02, -1.9614794306051807e-02,
          -5.4446624998723539e-03, 2.3227583187654271e-03,
          -2.7286206176736116e-02, -2.2162017038016360e-02,
          1.2647692986982142e-02, -7.7624981099136403e-02,
          1.2516516214122147e-02, 9.9037917578309025e-03,
          -1.9614794306051800e-02, 3.6084356582270022e-02,
          2.9746060883820277e-03, -3.0844587176044971e-03,
          1.1645135958024971e-02, 1.5143274524089700e-02,
          -7.7361723406668519e-03, 3.3088250637692371e-02,
          3.4827525784624476e-03, 3.4506601623254620e-03,
          -5.4446624998723521e-03, 2.9746060883820286e-03,
          5.9826350954583989e-02, 2.4774914871916710e-04,
          2.8878270428469564e-03, -5.8696639098310729e-04,
          -2.7281930706876470e-03, 1.6271499889569049e-02,
          -9.8939206711658222e-04, -8.0816067758737438e-04,
          2.3227583187654262e-03, -3.0844587176044966e-03,
          2.4774914871916726e-04, 1.6836147427307917e-02,
          -1.0773240792291596e-03, -1.0916032352534326e-02,
          -8.6979590213711409e-03, -2.9186792469172254e-03,
          1.6551520310621032e-02, 1.2203091133176486e-02,
          -2.7286206176736116e-02, 1.1645135958024971e-02,
          2.8878270428469572e-03, -1.0773240792291601e-03,
          1.9107472944997435e-02, 1.2687236706533765e-02,
          -6.5355150794950542e-03, 4.1061224245256385e-02,
          1.2167893423147679e-02, 1.0759459352237469e-02,
          -2.2162017038016360e-02, 1.5143274524089704e-02,
          -5.8696639098310783e-04, -1.0916032352534326e-02,
          1.2687236706533765e-02, 1.9421053651622713e-01,
          5.4586968079441576e-03, 3.7513696128663697e-02,
          -1.5552956564127208e-02, -5.0723412801547667e-03,
          1.2647692986982142e-02, -7.7361723406668519e-03,
          -2.7281930706876466e-03, -8.6979590213711409e-03,
          -6.5355150794950542e-03, 5.4586968079441550e-03,
          1.7222788534795094e-01, -2.5796148410883495e-02,
          3.6924189647760237e-02, 4.4713961696873424e-02,
          -7.7624981099136403e-02, 3.3088250637692371e-02,
          1.6271499889569045e-02, -2.9186792469172249e-03,
          4.1061224245256385e-02, 3.7513696128663676e-02,
          -2.5796148410883495e-02, 2.5624695138117370e-01 ]
   - !!opencv-matrix
      rows: 10
      cols: 10
      dt: d
      data: [ 1.9581948147876727e-01, 1.3241735562077686e-01,
          -2.2793577834780889e-02, 2.5853973080510306e-02,
          -4.0410764718162642e-02, 2.3596306564501023e-03,
          -1.5627006569139328e-02, 4.9262728972909048e-04,
          2.7347337568097856e-02, -3.3601340054753028e-04,
          1.3241735562077686e-01, 4.0819151276437038e-01,
          -6.1491098868011816e-02, 7.7008187509628998e-02,
          6.3734653597279464e-02, 3.3786464171393533e-03,
          2.6024902836249447e-02, 2.2279731775853000e-02,
          3.4632949709574257e-02, 2.6337272258898346e-02,
          -2.2793577834780889e-02, -6.1491098868011830e-02,
          6.7312012021310250e-02, -1.2742776388359698e-02,
          -1.3605145740363998e-02, -7.7165430124409611e-05,
          -1.0554149433868299e-02, -3.9356380400387622e-03,
          -1.0133908198155414e-02, -4.6295623151280984e-03,
          2.5853973080510299e-02, 7.7008187509628998e-02,
          -1.2742776388359699e-02, 3.0575135881844986e-02,
          1.3981427881942846e-02, -7.2079303657556794e-04,
          5.8716947556760298e-03, 5.7434917502351785e-03,
          1.3412475876088089e-03, 4.5081571310727668e-03,
          -4.0410764718162642e-02, 6.3734653597279450e-02,
          -1.3605145740363998e-02, 1.3981427881942846e-02,
          1.9630377253605241e-01, 3.2493340682316366e-04,
          3.4702404081569473e-02, 1.6333941524440950e-02,
          -9.8082293478599820e-03, 1.7128413600621929e-02,
          2.3596306564501028e-03, 3.3786464171393525e-03,
          -7.7165430124409638e-05, -7.2079303657556805e-04,
          3.2493340682316344e-04, 1.4484101145570713e-02,
          4.4607411644165256e-05, -4.6982768557230058e-03,
          -8.7147620540607394e-03, 2.2447352808379841e-04,
          -1.5627006569139328e-02, 2.6024902836249447e-02,
          -1.0554149433868299e-02, 5.8716947556760298e-03,
          3.4702404081569473e-02, 4.4607411644165195e-05,
          3.0066668185290232e-02, 5.5171629088236109e-03,
          -1.2699078712541530e-03, 4.0862945777697685e-03,
          4.9262728972909113e-04, 2.2279731775852980e-02,
          -3.9356380400387614e-03, 5.7434917502351803e-03,
          1.6333941524440950e-02, -4.6982768557230067e-03,
          5.5171629088236109e-03, 1.1670513988989802e-01,
          4.2658585667198871e-03, 3.8723175212901739e-03,
          2.7347337568097860e-02, 3.4632949709574277e-02,
          -1.0133908198155414e-02, 1.3412475876088093e-03,
          -9.8082293478599855e-03, -8.7147620540607394e-03,
          -1.2699078712541533e-03, 4.2658585667198854e-03,
          8.7518930821160537e-02, 6.2523512321639729e-04,
          -3.3601340054753033e-04, 2.6337272258898346e-02,
          -4.6295623151280984e-03, 4.5081571310727668e-03,
          1.7128413600621929e-02, 2.2447352808379852e-04,
          4.0862945777697677e-03, 3.8723175212901730e-03,
          6.2523512321639762e-04, 1.7344192455759921e-02 ]
   - !!opencv-matrix
      rows: 10
      cols: 10
      dt: d
      data: [ 2.5812985657134659e-02, -1.1070558361186492e-03,
          -1.1299041939505446e-03, -2.3676035889296575e-04,
          -2.5731936523909168e-04, -1.9556749260530286e-04,
          -2.3998433555807632e-03, -1.9161880632844145e-03,
          -4.0687827734552200e-03, -3.0489759889253472e-03,
          -1.1070558361186485e-03, 8.7040481052821170e-03,
          3.5312127623569434e-04, 3.6744467419358253e-03,
          1.3608683963897846e-03, 4.6766724106999367e-04,
          3.0804969738978676e-03, 3.9512805006535244e-03,
          7.7744495568615674e-03, 8.5249946639658642e-03,
          -1.1299041939505446e-03, 3.5312127623569423e-04,
          3.2847986782077704e-02, -9.8250011352926615e-04,
          -7.1203509865583404e-05, -4.8922644446539925e-05,
          -2.5021679751697878e-03, -1.3334151896855556e-03,
          -4.3071375718713498e-04, -2.6352727565408392e-03,
          -2.3676035889296543e-04, 3.6744467419358253e-03,
          -9.8250011352926615e-04, 3.4615654076240988e-02,
          6.5840009450571528e-04, -5.8223741476149619e-03,
          4.4574445487564228e-03, 9.5193993017713818e-03,
          2.2723150207976796e-03, 4.6460321436484105e-03,
          -2.5731936523909146e-04, 1.3608683963897835e-03,
          -7.1203509865583431e-05, 6.5840009450571473e-04,
          7.5856023321948546e-02, 4.3337606148639401e-04,
          6.7477960054239069e-04, -2.4671497373361263e-03,
          1.4474391199019148e-03, 4.2707311483207566e-03,
          -1.9556749260530294e-04, 4.6766724106999351e-04,
          -4.8922644446540041e-05, -5.8223741476149619e-03,
          4.3337606148639401e-04, 4.5556660045359396e-02,
          -2.6676999699607395e-04, -1.0628347916638711e-02,
          8.3208022630988730e-04, 1.0272415828115700e-03,
          -2.3998433555807632e-03, 3.0804969738978676e-03,
          -2.5021679751697870e-03, 4.4574445487564228e-03,
          6.7477960054239069e-04, -2.6676999699607400e-04,
          1.0297883431883736e-02, 6.8834955692859768e-03,
          3.8020582534738687e-03, 5.6912775934122081e-03,
          -1.9161880632844145e-03, 3.9512805006535244e-03,
          -1.3334151896855560e-03, 9.5193993017713818e-03,
          -2.4671497373361263e-03, -1.0628347916638711e-02,
          6.8834955692859768e-03, 1.7904533142813708e-01,
          9.9452653269198003e-03, 8.5484407837909150e-03,
          -4.0687827734552208e-03, 7.7744495568615691e-03,
          -4.3071375718713460e-04, 2.2723150207976804e-03,
          1.4474391199019148e-03, 8.3208022630988784e-04,
          3.8020582534738692e-03, 9.9452653269197968e-03,
          4.9809496172637982e-02, 1.3636175817407920e-02,
          -3.0489759889253472e-03, 8.5249946639658659e-03,
          -2.6352727565408392e-03, 4.6460321436484087e-03,
          4.2707311483207574e-03, 1.0272415828115691e-03,
          5.6912775934122081e-03, 8.5484407837909150e-03,
          1.3636175817407920e-02, 4.2812744736771879e-02 ]
   - !!opencv-matrix
      rows: 10
      cols: 10
      dt: d
      data: [ 6.1848635971963037e-02, 2.4111106862500519e-02,
          -9.5154354038463323e-03, 5.7941219464352888e-03,
          1.3861125026334005e-02, 1.1649403586793527e-03,
          3.1697297703189332e-02, 7.4785208706095521e-03,
          2.2188359292342402e-02, 2.2479573291375992e-02,
          2.4111106862500519e-02, 2.1659544830870691e-02,
          7.4524112200534467e-03, 5.2134793932913145e-03,
          1.0124511882342029e-02, 9.6808350207889669e-04,
          2.8938163006052828e-02, 8.4881990635711727e-03,
          2.2524798906008305e-02, 1.5288935831280753e-02,
          -9.5154354038463323e-03, 7.4524112200534433e-03,
          7.6040548476897535e-02, 8.4377668111380985e-04,
          2.0221378594977002e-03, 4.3358654837536586e-04,
          1.5916565863492112e-02, 7.5975726160255903e-03,
          1.3852377043606371e-02, 3.7859702599972647e-03,
          5.7941219464352888e-03, 5.2134793932913153e-03,
          8.4377668111380985e-04, 7.8313977896689018e-03,
          3.0081931337257511e-03, -1.0175581700156387e-03,
          4.9305548392704580e-03, 2.3919120972609267e-03,
          4.1421795063019120e-03, 3.2533651753908015e-03,
          1.3861125026334003e-02, 1.0124511882342029e-02,
          2.0221378594977015e-03, 3.0081931337257524e-03,
          1.1484663891179621e-01, 2.9513364884091778e-04,
          -1.3588182301608003e-02, 1.9816374384513287e-03,
          1.4800701582738510e-02, 1.3338163803516592e-02,
          1.1649403586793527e-03, 9.6808350207889669e-04,
          4.3358654837536586e-04, -1.0175581700156392e-03,
          2.9513364884091800e-04, 1.0044991869178607e-02,
          2.8816635126101050e-03, -1.5726580627335915e-03,
          -4.1614342956911897e-03, 7.9259636491118353e-04,
          3.1697297703189325e-02, 2.8938163006052828e-02,
          1.5916565863492115e-02, 4.9305548392704580e-03,
          -1.3588182301608003e-02, 2.8816635126101037e-03,
          2.0003213932808250e-01, 1.1148823794779361e-02,
          6.1889573337451001e-02, 2.9136219040547872e-02,
          7.4785208706095521e-03, 8.4881990635711727e-03,
          7.5975726160255894e-03, 2.3919120972609271e-03,
          1.9816374384513291e-03, -1.5726580627335918e-03,
          1.1148823794779361e-02, 5.8315933641315626e-02,
          1.2944830498035544e-02, 6.4308309675128105e-03,
          2.2188359292342402e-02, 2.2524798906008305e-02,
          1.3852377043606371e-02, 4.1421795063019120e-03,
          1.4800701582738504e-02, -4.1614342956911897e-03,
          6.1889573337450987e-02, 1.2944830498035543e-02,
          8.4857663751350038e-02, 1.7777857740763698e-02,
          2.2479573291375992e-02, 1.5288935831280753e-02,
          3.7859702599972655e-03, 3.2533651753908015e-03,
          1.3338163803516592e-02, 7.9259636491118375e-04,
          2.9136219040547872e-02, 6.4308309675128114e-03,
          1.7777857740763698e-02, 2.8752699817376597e-02 ]
intactC: !!opencv-matrix
   rows: 1
   cols: 5
   dt: d
   data: [ 7.0200312908702420e-02, 2.1428883183997080e-01,
       2.8411110567966052e-01, 1.7198672954447197e-01,
       8.2040277531198635e-02 ]
intactNumEvents: 182745.
intactMaxVals: !!opencv-matrix
   rows: 1
   cols: 10
   dt: d
   data: [ 4.5000000000000000e+00, 4.5000000000000000e+00,
       4.5000000000000000e+00, 4.5000000000000000e+00,
       4.5000000000000000e+00, 4.5000000000000000e+00,
       4.5000000000000000e+00, 4.5000000000000000e+00,
       4.5000000000000000e+00, 4.5000000000000000e+00 ]
CD19Gmmnames:
   - "CD19.2016-5460.0"
   - "CD19.2016-5460.1"
CD19Labels:
   - FSC-A
   - SSC-A
   - SY41
   - CD19
   - CD10
   - CD20
   - CD45
   - CD34
   - CD38
   - CD58
CD19Mu: !!opencv-matrix
   rows: 2
   cols: 10
   dt: d
   data: [ 1.1856321272076153e+00, 2.6147001741793707e-01,
       3.3706494330816845e+00, 2.8090505571994440e+00,
       1.1161347287506456e+00, 3.1705920188036116e+00,
       3.6629097912612183e+00, 1.5166244389225463e+00,
       2.2218339865875558e+00, 9.6655231971852285e-01,
       1.4517913984672988e+00, 4.6415566999420632e-01,
       3.2258668793803680e+00, 2.9988799955128038e+00,
       1.2029791554463511e+00, 3.2548777254718000e+00,
       3.7361239803195536e+00, 1.5484101585653314e+00,
       2.2653435235192885e+00, 1.4736351065486817e+00 ]
CD19Sigma:
   - !!opencv-matrix
      rows: 10
      cols: 10
      dt: d
      data: [ 5.4866548689084055e-02, 7.3279212741273496e-03,
          -3.4740702082876891e-02, 1.5110986689431959e-02,
          1.4211638425949125e-03, 1.1589829645307909e-02,
          1.4292188820831876e-02, 1.1497367857080503e-02,
          1.5189572028374568e-02, 1.7634746366836974e-02,
          7.3279212741273496e-03, 4.4180826527390063e-03,
          -6.7859058512791028e-03, 5.6732693283739919e-03,
          7.1869939111738896e-04, 5.4627825297768207e-03,
          3.3998291439213601e-03, 2.7048406145414902e-03,
          4.9349868913138306e-03, 1.4945230523615433e-02,
          -3.4740702082876877e-02, -6.7859058512791020e-03,
          4.7660709876199914e-02, -1.4837698804774299e-02,
          -2.6825080564291948e-03, -1.3445055393502891e-02,
          -1.2662842906009573e-02, -1.0066538330172700e-02,
          -1.7082022226025072e-02, -1.1739604458348247e-02,
          1.5110986689431956e-02, 5.6732693283739919e-03,
          -1.4837698804774299e-02, 6.0352383059874629e-02,
          -1.1265289465183723e-03, 2.0380275563990118e-02,
          7.3519780120246863e-03, 5.9520954217861487e-03,
          2.4933125794270330e-02, 7.7897777694682924e-03,
          1.4211638425949127e-03, 7.1869939111738875e-04,
          -2.6825080564291930e-03, -1.1265289465183725e-03,
          7.9341095135543535e-02, 3.0534181025103999e-03,
          -9.5644688381621475e-05, -2.2958774017634246e-03,
          1.2101404317661364e-02, 3.6849342616021223e-03,
          1.1589829645307909e-02, 5.4627825297768207e-03,
          -1.3445055393502891e-02, 2.0380275563990115e-02,
          3.0534181025103995e-03, 3.7391996495437688e-02,
          4.9304494137663432e-03, 3.6891851705016399e-03,
          1.6113450715067063e-02, 3.5939062405031448e-03,
          1.4292188820831876e-02, 3.3998291439213593e-03,
          -1.2662842906009573e-02, 7.3519780120246880e-03,
          -9.5644688381621448e-05, 4.9304494137663432e-03,
          1.0843348471084761e-02, 7.8900361815658956e-03,
          8.2236574599825196e-03, 7.6712256266221720e-03,
          1.1497367857080507e-02, 2.7048406145414906e-03,
          -1.0066538330172698e-02, 5.9520954217861487e-03,
          -2.2958774017634246e-03, 3.6891851705016408e-03,
          7.8900361815658956e-03, 2.1977431648686374e-01,
          1.3441477254904761e-02, 8.7829368405391069e-03,
          1.5189572028374568e-02, 4.9349868913138306e-03,
          -1.7082022226025072e-02, 2.4933125794270327e-02,
          1.2101404317661362e-02, 1.6113450715067066e-02,
          8.2236574599825196e-03, 1.3441477254904754e-02,
          8.9291646625171014e-02, 2.2866831291694827e-03,
          1.7634746366836974e-02, 1.4945230523615433e-02,
          -1.1739604458348247e-02, 7.7897777694682924e-03,
          3.6849342616021206e-03, 3.5939062405031426e-03,
          7.6712256266221720e-03, 8.7829368405391069e-03,
          2.2866831291694827e-03, 1.4481445716658928e-01 ]
   - !!opencv-matrix
      rows: 10
      cols: 10
      dt: d
      data: [ 1.7050095006909852e-01, 2.8021554265340684e-02,
          3.7624592342688388e-03, 1.4623109596936690e-02,
          3.8446591515254073e-04, 4.9505050521347037e-03,
          2.3045105249195313e-02, 2.0198625695412274e-02,
          5.7816471705653613e-02, 3.3762354257522116e-02,
          2.8021554265340684e-02, 2.8297644836972558e-02,
          3.3531638489183841e-03, 2.4746064830199387e-02,
          1.5700643636782862e-03, 3.3748813508461613e-03,
          1.2040731222821075e-02, 1.1978214528317307e-02,
          6.4064775807860894e-02, 4.4981128598106240e-02,
          3.7624592342688397e-03, 3.3531638489183841e-03,
          1.2551643812711097e-01, -3.9496699425544603e-02,
          9.0493006233117214e-03, -7.1645740736583974e-02,
          -2.0724517005607630e-02, 1.4651548946574193e-02,
          -1.2273375433693088e-02, 1.6701950560847102e-02,
          1.4623109596936695e-02, 2.4746064830199387e-02,
          -3.9496699425544603e-02, 1.1429817723060182e-01,
          -1.0865457016619624e-02, 7.2693424842809509e-02,
          2.4784791952627349e-02, 1.2299733053596730e-03,
          9.6596652946788611e-02, 3.3585943146534840e-02,
          3.8446591515254181e-04, 1.5700643636782862e-03,
          9.0493006233117214e-03, -1.0865457016619628e-02,
          1.7994819843627541e-01, -2.4585455703028329e-02,
          -2.7263050503987640e-02, 9.9627012145180605e-03,
          2.5312767346563490e-02, 2.3529051930002803e-02,
          4.9505050521347037e-03, 3.3748813508461604e-03,
          -7.1645740736583974e-02, 7.2693424842809509e-02,
          -2.4585455703028329e-02, 2.5827559307804293e-01,
          4.7661736995867031e-02, -3.1509181952222493e-02,
          -5.2614013237947406e-02, -4.4808174436506983e-02,
          2.3045105249195313e-02, 1.2040731222821075e-02,
          -2.0724517005607634e-02, 2.4784791952627349e-02,
          -2.7263050503987640e-02, 4.7661736995867031e-02,
          6.7769002874921574e-02, 6.1169354596583023e-03,
          2.7643474933328277e-02, 1.0807905854019762e-02,
          2.0198625695412274e-02, 1.1978214528317307e-02,
          1.4651548946574193e-02, 1.2299733053596725e-03,
          9.9627012145180622e-03, -3.1509181952222493e-02,
          6.1169354596583040e-03, 2.9464112637803092e-01,
          4.9729105125269263e-02, 3.8068422163322499e-02,
          5.7816471705653620e-02, 6.4064775807860880e-02,
          -1.2273375433693091e-02, 9.6596652946788583e-02,
          2.5312767346563490e-02, -5.2614013237947399e-02,
          2.7643474933328270e-02, 4.9729105125269249e-02,
          4.4099075838813051e-01, 1.3948662232005274e-01,
          3.3762354257522116e-02, 4.4981128598106240e-02,
          1.6701950560847105e-02, 3.3585943146534840e-02,
          2.3529051930002803e-02, -4.4808174436506983e-02,
          1.0807905854019762e-02, 3.8068422163322499e-02,
          1.3948662232005274e-01, 2.1237185515265117e-01 ]
CD19C: !!opencv-matrix
   rows: 1
   cols: 2
   dt: d
   data: [ 1.5811463373155618e-01, 1.8952006526292035e-02 ]
CD19NumEvents: 39335.
CD19MaxVals: !!opencv-matrix
   rows: 1
   cols: 10
   dt: d
   data: [ 4.5000000000000000e+00, 4.5000000000000000e+00,
       4.5000000000000000e+00, 4.5000000000000000e+00,
       4.5000000000000000e+00, 4.5000000000000000e+00,
       4.5000000000000000e+00, 4.5000000000000000e+00,
       4.5000000000000000e+00, 4.5000000000000000e+00 ]
blastGmmnames:
   - "blast.2016-5460.0"
blastLabels:
   - FSC-A
   - SSC-A
   - SY41
   - CD19
   - CD10
   - CD20
   - CD45
   - CD34
   - CD38
   - CD58
blastMu: !!opencv-matrix
   rows: 1
   cols: 10
   dt: d
   data: [ 1.4003461765892364e+00, 4.5946052100728541e-01,
       3.5029192321440754e+00, 2.8967768935596241e+00,
       3.7671572250478409e+00, 1.3463418518795687e+00,
       2.7232713418848373e+00, 2.3280796531368706e+00,
       2.5611743699101841e+00, 2.2928804229287540e+00 ]
blastSigma:
   - !!opencv-matrix
      rows: 10
      cols: 10
      dt: d
      data: [ 1.6111234712506400e-01, 1.6457829690013328e-02,
          -2.9888727471980757e-02, 3.0462513684945392e-02,
          1.5206717153034917e-03, 1.3632312883513600e-02,
          2.4119072299984338e-02, 3.9887571853654276e-02,
          2.3906090588780876e-02, 1.7797093309921713e-02,
          1.6457829690013328e-02, 1.7724290473282459e-02,
          -6.0013797846736787e-03, 1.4902386373426453e-02,
          1.3494019020298853e-03, 6.8802698255781992e-03,
          3.9321189108058327e-03, 3.5763229452742905e-03,
          9.0065893343250839e-03, 1.2199389099892067e-02,
          -2.9888727471980757e-02, -6.0013797846736787e-03,
          2.7832856786462645e-02, -1.1192060826431411e-02,
          1.3773008945152402e-02, -4.7043636485703619e-03,
          3.6075050705746429e-03, -2.6249137412447315e-02,
          1.9646385834791026e-03, -6.5021122859977207e-04,
          3.0462513684945392e-02, 1.4902386373426453e-02,
          -1.1192060826431411e-02, 4.8403741648610221e-02,
          4.2228283203762000e-03, 9.6069737834726405e-03,
          1.6020827022870190e-02, 1.0319390001522083e-03,
          2.0483269695343181e-02, 5.5076908892268839e-03,
          1.5206717153034917e-03, 1.3494019020298853e-03,
          1.3773008945152402e-02, 4.2228283203762000e-03,
          6.6272221715369131e-02, 1.7796971067711906e-03,
          4.2055358235021330e-02, -3.6569883818050687e-02,
          1.4193081159899975e-02, 1.0076405015919136e-03,
          1.3632312883513600e-02, 6.8802698255781992e-03,
          -4.7043636485703619e-03, 9.6069737834726405e-03,
          1.7796971067711906e-03, 5.5766053557044275e-02,
          9.0748036082724439e-03, -4.3354751685985120e-03,
          2.7749272192173309e-03, 7.4039225802545114e-04,
          2.4119072299984338e-02, 3.9321189108058327e-03,
          3.6075050705746429e-03, 1.6020827022870190e-02,
          4.2055358235021330e-02, 9.0748036082724439e-03,
          8.8309747923035253e-02, -2.4137215751062417e-02,
          2.0187953774534431e-02, 2.3826497273277589e-03,
          3.9887571853654276e-02, 3.5763229452742905e-03,
          -2.6249137412447315e-02, 1.0319390001522083e-03,
          -3.6569883818050687e-02, -4.3354751685985120e-03,
          -2.4137215751062417e-02, 1.7908662208110543e-01,
          -2.9025889790305480e-02, 5.3079926626619081e-03,
          2.3906090588780876e-02, 9.0065893343250839e-03,
          1.9646385834791026e-03, 2.0483269695343181e-02,
          1.4193081159899975e-02, 2.7749272192173309e-03,
          2.0187953774534431e-02, -2.9025889790305480e-02,
          8.2422467377571917e-02, 1.2965797005341648e-02,
          1.7797093309921713e-02, 1.2199389099892067e-02,
          -6.5021122859977207e-04, 5.5076908892268839e-03,
          1.0076405015919136e-03, 7.4039225802545114e-04,
          2.3826497273277589e-03, 5.3079926626619081e-03,
          1.2965797005341648e-02, 2.1801135478512715e-02 ]
blastC: !!opencv-matrix
   rows: 1
   cols: 1
   dt: d
   data: [ 3.0610223814754383e-04 ]
blastNumEvents: 68.
blastMaxVals: !!opencv-matrix
   rows: 1
   cols: 10
   dt: d
   data: [ 4.5000000000000000e+00, 4.5000000000000000e+00,
       4.5000000000000000e+00, 4.5000000000000000e+00,
       4.5000000000000000e+00, 4.5000000000000000e+00,
       4.5000000000000000e+00, 4.5000000000000000e+00,
       4.5000000000000000e+00, 4.5000000000000000e+00 ]
