%YAML:1.0
---
groups:
   - intact
   - CD19
   - blast
intactGmmnames:
   - "intact.2016-5168.0"
   - "intact.2016-5168.1"
   - "intact.2016-5168.2"
   - "intact.2016-5168.3"
   - "intact.2016-5168.4"
intactLabels:
   - FSC-A
   - SSC-A
   - SY41
   - CD19
   - CD10
   - CD20
   - CD45
   - CD34
   - CD38
   - CD58
intactMu: !!opencv-matrix
   rows: 5
   cols: 10
   dt: d
   data: [ 1.1306113914030440e+00, 2.8046765012012420e-01,
       3.8902254260073570e+00, 1.3809174184104054e+00,
       1.4803856030442111e+00, 1.1303065122991098e+00,
       3.6159401255516541e+00, 1.5482671845751608e+00,
       1.9292193743899313e+00, 1.1955842234704444e+00,
       8.3626950897389463e-01, 3.6512965445853918e-01,
       3.8252459474952758e+00, 1.2362130908276356e+00,
       1.4192820551343686e+00, 1.1705835369908919e+00,
       1.5772303090357436e+00, 1.1057038614726684e+00,
       1.3691375575769977e+00, 2.3226179339068049e+00,
       1.3110710708464830e+00, 4.5980517820148287e-01,
       3.6919346520876237e+00, 1.5149066067740018e+00,
       1.7578790845441361e+00, 1.1961260096121735e+00,
       3.7738140389886574e+00, 1.8365606355685302e+00,
       1.9599424710219149e+00, 1.5166430787374185e+00,
       1.0684127894703987e+00, 1.9832205509900527e-01,
       3.9035895839655721e+00, 1.3445867567613898e+00,
       1.4235932712536441e+00, 1.1425783924880437e+00,
       3.5835581706641313e+00, 1.4853744905945181e+00,
       2.0225867509372071e+00, 6.7883154625758535e-01,
       1.8726624645227685e+00, 2.0650714699579882e+00,
       3.6134750793309247e+00, 1.6899891932956046e+00,
       1.9363352141092458e+00, 1.2655416404291251e+00,
       2.7588437322432187e+00, 2.2242685116746799e+00,
       1.7646790397725722e+00, 2.0468413847221854e+00 ]
intactSigma:
   - !!opencv-matrix
      rows: 10
      cols: 10
      dt: d
      data: [ 4.1182205507308806e-02, 4.9813088136993608e-03,
          -5.0989555818780298e-03, 5.0358785051613309e-03,
          6.8319663420317710e-03, -1.1182376689177845e-03,
          8.2808457134178493e-03, 6.9084169528958392e-03,
          -9.3833535585257115e-04, -4.1421566756341928e-03,
          4.9813088136993608e-03, 4.7141671745417552e-03,
          -7.3251786570931730e-04, 2.2245069348526027e-03,
          3.4667705951100785e-03, -4.0709080601971596e-04,
          3.1296668212943803e-03, 3.4538399487553202e-03,
          -4.2374132037886026e-04, 1.0958825169591327e-02,
          -5.0989555818780298e-03, -7.3251786570931740e-04,
          6.2003969250549939e-03, -7.9978214545585468e-04,
          -2.6747681213963818e-03, 4.0607984474483560e-04,
          -2.1781823222800367e-03, -1.2674218606798042e-03,
          -2.1955098298324987e-03, 1.6823122818897455e-03,
          5.0358785051613317e-03, 2.2245069348526027e-03,
          -7.9978214545585425e-04, 2.7450112779736392e-02,
          3.7694518594674378e-03, -3.9400875557301937e-03,
          3.0969602628772921e-03, 7.4348784826596907e-03,
          -2.2312424698252629e-03, 1.2894584232082259e-03,
          6.8319663420317710e-03, 3.4667705951100785e-03,
          -2.6747681213963831e-03, 3.7694518594674365e-03,
          2.2072687507488495e-01, -3.2936729002934977e-04,
          4.3717901719288492e-03, -1.2145407397287547e-03,
          -7.8705445208846845e-03, 8.8940561978742040e-03,
          -1.1182376689177842e-03, -4.0709080601971617e-04,
          4.0607984474483560e-04, -3.9400875557301937e-03,
          -3.2936729002934939e-04, 3.0627296268609605e-02,
          -7.4557014774916032e-04, -1.4727272435902003e-02,
          -1.0180744451387348e-02, 8.7445871260471227e-04,
          8.2808457134178493e-03, 3.1296668212943807e-03,
          -2.1781823222800359e-03, 3.0969602628772913e-03,
          4.3717901719288492e-03, -7.4557014774916054e-04,
          1.0379372496520642e-02, 4.7181064805394482e-03,
          -1.0012002895160648e-03, 3.9841176684217948e-04,
          6.9084169528958392e-03, 3.4538399487553210e-03,
          -1.2674218606798042e-03, 7.4348784826596907e-03,
          -1.2145407397287540e-03, -1.4727272435902000e-02,
          4.7181064805394456e-03, 1.7431652080308324e-01,
          2.5698607496566612e-03, 3.5852814230906936e-03,
          -9.3833535585257223e-04, -4.2374132037886043e-04,
          -2.1955098298324987e-03, -2.2312424698252621e-03,
          -7.8705445208846845e-03, -1.0180744451387348e-02,
          -1.0012002895160648e-03, 2.5698607496566599e-03,
          1.4684918175603251e-01, 4.2317182594834440e-03,
          -4.1421566756341928e-03, 1.0958825169591331e-02,
          1.6823122818897451e-03, 1.2894584232082268e-03,
          8.8940561978742040e-03, 8.7445871260471173e-04,
          3.9841176684218002e-04, 3.5852814230906914e-03,
          4.2317182594834440e-03, 1.4786307154570141e-01 ]
   - !!opencv-matrix
      rows: 10
      cols: 10
      dt: d
      data: [ 3.6136259214970150e-02, 1.0050425361528103e-02,
          -1.9022997713905300e-04, 3.2798806980523037e-03,
          5.6032415132928450e-03, 6.1768018918444167e-04,
          9.7990496546205997e-03, 2.3169344150255626e-03,
          6.2846101304876757e-03, 7.5953364309578010e-03,
          1.0050425361528103e-02, 1.0907217025940774e-02,
          1.5158587456887962e-03, 3.0827616633515606e-03,
          5.4564106866943837e-03, 7.9236406108416609e-04,
          1.1124274981000850e-02, 3.9175237084514269e-03,
          6.6620978192234006e-03, 8.7374426136180849e-03,
          -1.9022997713905279e-04, 1.5158587456887962e-03,
          8.4047717312362435e-02, -9.8887832124827722e-04,
          8.1757737877031517e-03, 7.6997029819694308e-04,
          2.4178170955882414e-02, 7.6338190317357365e-03,
          1.4735537489281152e-02, 6.7948054674118914e-03,
          3.2798806980523037e-03, 3.0827616633515614e-03,
          -9.8887832124827700e-04, 9.5941107999551710e-03,
          2.6737601056776926e-03, -1.4568757177020521e-03,
          2.9875127231125120e-03, 2.4373091187935040e-03,
          1.7362122066049137e-03, 2.6952990470379412e-03,
          5.6032415132928432e-03, 5.4564106866943820e-03,
          8.1757737877031535e-03, 2.6737601056776926e-03,
          6.0989134493797725e-02, 5.5684883508721355e-04,
          2.6283216966780107e-03, 4.7278957216227409e-03,
          1.5030430427044666e-02, 1.0020165378965986e-02,
          6.1768018918444069e-04, 7.9236406108416620e-04,
          7.6997029819694362e-04, -1.4568757177020521e-03,
          5.5684883508721344e-04, 1.9352483967318774e-02,
          2.6585584550911918e-03, -3.1701167421021763e-03,
          -4.8045050818779885e-03, 7.4404804049494754e-04,
          9.7990496546205997e-03, 1.1124274981000850e-02,
          2.4178170955882403e-02, 2.9875127231125129e-03,
          2.6283216966780116e-03, 2.6585584550911927e-03,
          2.1868494157818763e-01, 1.2293161399611077e-02,
          4.8435609697720095e-02, 2.1433302707497336e-02,
          2.3169344150255626e-03, 3.9175237084514269e-03,
          7.6338190317357365e-03, 2.4373091187935040e-03,
          4.7278957216227427e-03, -3.1701167421021772e-03,
          1.2293161399611081e-02, 6.8929906864062709e-02,
          1.1613350517160437e-02, 5.7963546357267144e-03,
          6.2846101304876740e-03, 6.6620978192234023e-03,
          1.4735537489281150e-02, 1.7362122066049135e-03,
          1.5030430427044666e-02, -4.8045050818779885e-03,
          4.8435609697720095e-02, 1.1613350517160437e-02,
          4.8647661537064325e-02, 1.1167203723429433e-02,
          7.5953364309578010e-03, 8.7374426136180849e-03,
          6.7948054674118932e-03, 2.6952990470379412e-03,
          1.0020165378965986e-02, 7.4404804049494754e-04,
          2.1433302707497336e-02, 5.7963546357267144e-03,
          1.1167203723429431e-02, 2.5191897664472024e-02 ]
   - !!opencv-matrix
      rows: 10
      cols: 10
      dt: d
