%YAML:1.0
---
groups:
   - intact
   - CD19
   - blast
intactGmmnames:
   - "intact.2016-4183.0"
   - "intact.2016-4183.1"
   - "intact.2016-4183.2"
   - "intact.2016-4183.3"
   - "intact.2016-4183.4"
intactLabels:
   - FSC-A
   - SSC-A
   - SY41
   - CD19
   - CD10
   - CD20
   - CD45
   - CD34
   - CD38
   - CD58
intactMu: !!opencv-matrix
   rows: 5
   cols: 10
   dt: d
   data: [ 1.4619622692559748e+00, 4.0636003889699823e-01,
       3.2967280323110133e+00, 1.4637350178849557e+00,
       1.3789803586655089e+00, 1.0560954013423351e+00,
       3.7324836754753967e+00, 1.6728374305669120e+00,
       1.6089132351790940e+00, 1.4458068164306850e+00,
       1.3577984650448847e+00, 5.9874762303201146e-01,
       3.4061802974348314e+00, 1.4960829787464933e+00,
       1.3901061600678271e+00, 1.1642385681331280e+00,
       3.6870731730748982e+00, 1.8375886126139509e+00,
       2.2286142429486633e+00, 1.5959776182389540e+00,
       2.0801568453904493e+00, 2.4470191838218858e+00,
       3.4624025139255421e+00, 1.9056213119565759e+00,
       2.0743238601619272e+00, 1.3419670262280015e+00,
       3.3893363491169088e+00, 1.8063529051160645e+00,
       1.7363684569585360e+00, 1.9941430038959749e+00,
       1.0707012220443093e+00, 2.9097238754410648e-01,
       3.5829932468012506e+00, 1.3801613632243341e+00,
       1.3322473922479789e+00, 1.0977735450465038e+00,
       3.6082401805020945e+00, 1.5691061740387526e+00,
       1.8247887604641431e+00, 1.1271975238239258e+00,
       1.4927979971259624e+00, 8.9103697136806514e-01,
       3.4458531044258560e+00, 1.4012208455151991e+00,
       1.6112280018916096e+00, 1.1561532431461405e+00,
       2.0097926376585189e+00, 1.2645511503388609e+00,
       1.5684157778842918e+00, 2.4673791401427319e+00 ]
intactSigma:
   - !!opencv-matrix
      rows: 10
      cols: 10
      dt: d
      data: [ 8.2728786901000759e-02, 1.4392943294666415e-02,
          -2.0185407030055457e-02, 7.5295965831161963e-03,
          4.1584370241314790e-03, -2.3576223850458257e-03,
          1.1322366746111654e-02, 1.5959494880232405e-02,
          -1.9459510714336957e-02, 3.3897208420596368e-02,
          1.4392943294666415e-02, 1.5996550732126427e-02,
          -8.1486926455998990e-03, 8.2292388250360723e-03,
          3.1696953104250625e-03, -1.3347276177316598e-03,
          1.0226695139944491e-02, 1.4022253592491722e-02,
          -2.3887312805880308e-04, 2.9446204010077720e-02,
          -2.0185407030055457e-02, -8.1486926455998990e-03,
          3.1402272928900299e-02, -4.3946190948607440e-03,
          -2.3036749772795753e-03, 1.5710820178622346e-03,
          -7.6770497678847150e-03, -9.4365571858563251e-03,
          5.0934572463497115e-03, -1.6498592313994722e-02,
          7.5295965831161963e-03, 8.2292388250360723e-03,
          -4.3946190948607440e-03, 3.8119827245180329e-02,
          3.0512374911585843e-03, -4.4341692644373019e-03,
          8.3344315312425792e-03, 1.4465063834003823e-02,
          -5.9971489361809963e-03, 1.5001983660743215e-02,
          4.1584370241314799e-03, 3.1696953104250612e-03,
          -2.3036749772795753e-03, 3.0512374911585843e-03,
          2.8549090878666755e-01, 5.6865444966883367e-04,
          5.9648962824541008e-04, -5.3122479781669398e-03,
          4.7324590037965217e-03, 1.1547228639838288e-02,
          -2.3576223850458266e-03, -1.3347276177316598e-03,
          1.5710820178622346e-03, -4.4341692644373019e-03,
          5.6865444966883475e-04, 4.3759165128336545e-02,
          -2.1730537748115026e-03, -1.8989816048164031e-02,
          -2.5513050633147950e-02, -3.9019154509845415e-03,
          1.1322366746111652e-02, 1.0226695139944491e-02,
          -7.6770497678847150e-03, 8.3344315312425792e-03,
          5.9648962824541030e-04, -2.1730537748115009e-03,
          1.6850900517769270e-02, 1.4818735445126111e-02,
          9.0513485674276228e-04, 2.2213066978646227e-02,
          1.5959494880232405e-02, 1.4022253592491722e-02,
          -9.4365571858563251e-03, 1.4465063834003821e-02,
          -5.3122479781669407e-03, -1.8989816048164031e-02,
          1.4818735445126116e-02, 1.9839319015917839e-01,
          8.8933188393746331e-03, 2.7745205710731809e-02,
          -1.9459510714336960e-02, -2.3887312805880327e-04,
          5.0934572463497124e-03, -5.9971489361809963e-03,
          4.7324590037965217e-03, -2.5513050633147939e-02,
          9.0513485674276260e-04, 8.8933188393746331e-03,
          1.5862543332249404e-01, -1.5580505164611277e-02,
          3.3897208420596368e-02, 2.9446204010077720e-02,
          -1.6498592313994722e-02, 1.5001983660743215e-02,
          1.1547228639838286e-02, -3.9019154509845415e-03,
          2.2213066978646227e-02, 2.7745205710731816e-02,
          -1.5580505164611274e-02, 1.9030750224147064e-01 ]
   - !!opencv-matrix
      rows: 10
      cols: 10
      dt: d
      data: [ 1.1365507756031061e-01, 2.5649692485499576e-02,
          -5.3856876835345451e-02, 9.3425690360072408e-03,
          3.3290055104418389e-03, -9.0755248402774828e-03,
          1.8892734581645598e-02, 3.3365956559672227e-02,
          6.7950155124452696e-02, 3.8724608921528417e-02,
          2.5649692485499580e-02, 3.8964669679136338e-02,
          -1.2014223467462819e-02, 1.1654707457472957e-02,
          4.8940890679995764e-03, -9.5286106164832619e-03,
          9.4459950141795885e-03, 1.8126344536686170e-02,
          1.5601746800701904e-02, 4.0305195696978567e-02,
          -5.3856876835345451e-02, -1.2014223467462816e-02,
          6.1664776127517203e-02, -4.7592002226975088e-03,
          -3.7356189539570345e-03, 8.7048304764220288e-03,
          -1.5061487524872711e-02, -1.4649412656698621e-02,
          -7.9425132695991760e-02, -2.2639971437749040e-02,
          9.3425690360072408e-03, 1.1654707457472952e-02,
          -4.7592002226975088e-03, 3.8705850059670754e-02,
          2.9523000515174801e-03, -6.9323753876629210e-03,
          7.6492458867642478e-03, 1.3468268351086306e-02,
          1.7583069462268920e-03, 1.4304831777388689e-02,
          3.3290055104418389e-03, 4.8940890679995755e-03,
          -3.7356189539570358e-03, 2.9523000515174788e-03,
          3.0376791520108348e-01, 9.9730009633444304e-04,
          -6.6474251134355546e-04, -1.1499672025777573e-03,
          8.8416399496332263e-03, 1.3568838126940914e-02,
          -9.0755248402774845e-03, -9.5286106164832601e-03,
          8.7048304764220288e-03, -6.9323753876629210e-03,
          9.9730009633444304e-04, 9.5509424764874631e-02,
          -2.2245226283222415e-03, -4.8598968698525431e-03,
          -2.3997754617677468e-02, -7.3979567156009811e-03,
          1.8892734581645594e-02, 9.4459950141795902e-03,
          -1.5061487524872711e-02, 7.6492458867642478e-03,
          -6.6474251134355546e-04, -2.2245226283222411e-03,
          2.0031386966275357e-02, 1.6922245577231133e-02,
          2.6037977041055760e-02, 1.8334281327552181e-02,
          3.3365956559672227e-02, 1.8126344536686170e-02,
          -1.4649412656698623e-02, 1.3468268351086303e-02,
          -1.1499672025777577e-03, -4.8598968698525414e-03,
          1.6922245577231133e-02, 1.6866961037459513e-01,
          3.2529903040680819e-02, 4.0890386691340652e-02,
          6.7950155124452696e-02, 1.5601746800701899e-02,
          -7.9425132695991774e-02, 1.7583069462268925e-03,
          8.8416399496332246e-03, -2.3997754617677468e-02,
          2.6037977041055760e-02, 3.2529903040680833e-02,
          3.5323794140490594e-01, 4.1570404731526088e-02,
          3.8724608921528417e-02, 4.0305195696978574e-02,
          -2.2639971437749040e-02, 1.4304831777388689e-02,
          1.3568838126940911e-02, -7.3979567156009811e-03,
          1.8334281327552181e-02, 4.0890386691340659e-02,
          4.1570404731526088e-02, 2.1377626074741188e-01 ]
   - !!opencv-matrix
      rows: 10
      cols: 10
