%YAML:1.0
---
groups:
   - intact
   - CD19
   - blast
intactGmmnames:
   - "intact.2016-1947.0"
   - "intact.2016-1947.1"
   - "intact.2016-1947.2"
   - "intact.2016-1947.3"
   - "intact.2016-1947.4"
intactLabels:
   - FSC-A
   - SSC-A
   - SY41
   - CD19
   - CD10
   - CD20
   - CD45
   - CD34
   - CD38
   - CD58
intactMu: !!opencv-matrix
   rows: 5
   cols: 10
   dt: d
   data: [ 1.3816229964622131e+00, 3.3298561660279036e-01,
       3.7799334455735387e+00, 1.3717116650119656e+00,
       1.0971594982995978e+00, 1.0507733079896955e+00,
       3.7437967426903862e+00, 2.1281503374819546e+00,
       1.6663906899999774e+00, 1.0505411400879570e+00,
       2.3844161619452224e+00, 1.9670575369048351e+00,
       3.2876139532497413e+00, 1.7008902002504229e+00,
       1.5578590470887972e+00, 1.2992254418079918e+00,
       2.8707216855035638e+00, 2.0315253769509347e+00,
       1.8478816102493119e+00, 1.9819966849101025e+00,
       1.3253604470452385e+00, 4.9820929861747859e-01,
       3.4951017724348854e+00, 1.1576830631700279e+00,
       1.4678710259060177e+00, 1.1224463593330423e+00,
       1.8905691375255957e+00, 1.1724002044188420e+00,
       1.6065244631842250e+00, 2.4521809120833349e+00,
       1.7416074060539097e+00, 6.3096362598540701e-01,
       3.2113811409743751e+00, 1.6235137391717598e+00,
       1.1416973674344921e+00, 1.0551388478650010e+00,
       3.9876064091315104e+00, 2.4300731407061735e+00,
       2.0326652287598397e+00, 1.8772391985522567e+00,
       2.8764650463725534e+00, 3.7159053787642513e+00,
       3.4046049567814793e+00, 1.9728825779012982e+00,
       2.7457035852206921e+00, 1.1213810436808342e+00,
       3.2725492308125510e+00, 2.1464875074969862e+00,
       1.6581140965059917e+00, 2.2280793643430226e+00 ]
intactSigma:
   - !!opencv-matrix
      rows: 10
      cols: 10
      dt: d
      data: [ 4.0618660410750553e-02, 2.7223626847967955e-03,
          -7.0540017717693783e-03, 3.1887670628881330e-03,
          3.2409089028335432e-05, -7.9041985421714461e-04,
          3.3062138856719335e-03, 2.8503610474838736e-03,
          -1.1781628466018895e-03, 6.1973312816229371e-03,
          2.7223626847967955e-03, 1.2682161268649867e-02,
          7.3111550845766839e-04, 6.2800134717909649e-03,
          2.5509990032164987e-03, -1.7430490853429531e-04,
          2.7284028268097353e-03, 4.7563811581673590e-03,
          -1.4406748602717539e-03, 2.0905120998745346e-02,
          -7.0540017717693783e-03, 7.3111550845766883e-04,
          8.5572718232238051e-03, -6.6830429404115838e-04,
          4.1059640733250355e-04, 2.8567855351263149e-04,
          -9.7421340262897468e-04, 2.1665395973826971e-04,
          -5.8804352472667987e-04, 8.4941125308986211e-04,
          3.1887670628881343e-03, 6.2800134717909649e-03,
          -6.6830429404115838e-04, 7.3031881751570604e-02,
          2.1718269926290050e-03, -5.1603154023161409e-03,
          3.4639213265881138e-03, 8.8878207340671138e-03,
          -4.7724182558418421e-03, 1.2078552488228957e-02,
          3.2409089028335256e-05, 2.5509990032164987e-03,
          4.1059640733250355e-04, 2.1718269926290059e-03,
          6.2587125431439725e-02, 3.1370093885392362e-04,
          6.0696503376265814e-04, -8.2183910914341305e-04,
          -1.1184371182714407e-03, 1.2843618286637753e-02,
          -7.9041985421714461e-04, -1.7430490853429531e-04,
          2.8567855351263155e-04, -5.1603154023161409e-03,
          3.1370093885392384e-04, 4.1313288156766256e-02,
          -7.6299028970292296e-04, -8.9480329875121709e-03,
          -7.7238652809584300e-03, -1.4695666940640431e-04,
          3.3062138856719335e-03, 2.7284028268097353e-03,
          -9.7421340262897468e-04, 3.4639213265881133e-03,
          6.0696503376265836e-04, -7.6299028970292350e-04,
          6.9624778910493037e-03, 5.9983701120064252e-03,
          -1.3503355232825677e-03, 7.4434914985130633e-03,
          2.8503610474838736e-03, 4.7563811581673582e-03,
          2.1665395973826979e-04, 8.8878207340671138e-03,
          -8.2183910914341283e-04, -8.9480329875121709e-03,
          5.9983701120064270e-03, 9.5931992083683318e-02,
          5.3529730663592825e-04, 1.3472871727948938e-02,
          -1.1781628466018888e-03, -1.4406748602717539e-03,
          -5.8804352472667987e-04, -4.7724182558418421e-03,
          -1.1184371182714403e-03, -7.7238652809584300e-03,
          -1.3503355232825677e-03, 5.3529730663592857e-04,
          2.6751119812684979e-02, -4.8919861575103876e-03,
          6.1973312816229371e-03, 2.0905120998745343e-02,
          8.4941125308986190e-04, 1.2078552488228955e-02,
          1.2843618286637753e-02, -1.4695666940640453e-04,
          7.4434914985130633e-03, 1.3472871727948938e-02,
          -4.8919861575103885e-03, 1.8196205222350939e-01 ]
   - !!opencv-matrix
      rows: 10
      cols: 10
      dt: d
      data: [ 7.8575925611025066e-01, 4.9504962975313649e-01,
          4.0015442756537359e-02, 1.0328752065015662e-01,
          1.5845825309817547e-02, 1.3431111932753049e-02,
          4.7263810535102278e-02, 3.5301496841103380e-03,
          8.5256186366892334e-02, 1.5056605504475418e-01,
          4.9504962975313643e-01, 1.3113289005830322e+00,
          8.6456780218561971e-02, 2.3728479530065777e-01,
          1.6067017683386151e-01, -5.4826978561181875e-03,
          1.6410293454070100e-02, -7.5385950887642286e-02,
          2.3968140654084726e-02, 3.7023498660473379e-02,
          4.0015442756537366e-02, 8.6456780218561971e-02,
          2.7846528559663869e-01, 3.2253649528983325e-02,
          3.0443395523513019e-02, -1.8487204745596453e-02,
          1.6039175433537087e-01, 9.2741782252686190e-03,
          9.2656150699624226e-02, 2.0007140137935368e-02,
          1.0328752065015662e-01, 2.3728479530065782e-01,
          3.2253649528983325e-02, 1.4883278822108634e-01,
          5.5201139746435084e-02, 4.2705833098911891e-02,
          9.1299898071981994e-02, 4.1585709716070028e-02,
          4.9092993513535160e-02, 8.3444696487594300e-03,
          1.5845825309817551e-02, 1.6067017683386148e-01,
          3.0443395523513019e-02, 5.5201139746435084e-02,
          3.6379439416841730e-01, 2.3237100550834205e-02,
          2.1486016594545958e-02, 3.4013979405653434e-02,
          5.0487440396009158e-02, 5.9140864938731080e-02,
          1.3431111932753054e-02, -5.4826978561181884e-03,
          -1.8487204745596453e-02, 4.2705833098911891e-02,
          2.3237100550834205e-02, 1.8341042736368460e-01,
          4.1683065843308803e-02, 9.5485236182599811e-02,
          2.9939124607331828e-02, 4.6163633584449582e-02,
          4.7263810535102278e-02, 1.6410293454070100e-02,
          1.6039175433537087e-01, 9.1299898071981994e-02,
          2.1486016594545951e-02, 4.1683065843308803e-02,
          6.0667721533354435e-01, 2.6102463561360834e-01,
          1.9643952213703014e-01, 4.1701313694578516e-02,
          3.5301496841103406e-03, -7.5385950887642286e-02,
          9.2741782252686207e-03, 4.1585709716070028e-02,
          3.4013979405653441e-02, 9.5485236182599811e-02,
          2.6102463561360834e-01, 4.4971641901707382e-01,
          1.2898452981501499e-01, 1.2851782039288412e-01,
          8.5256186366892334e-02, 2.3968140654084730e-02,
          9.2656150699624226e-02, 4.9092993513535160e-02,
          5.0487440396009144e-02, 2.9939124607331828e-02,
          1.9643952213703014e-01, 1.2898452981501499e-01,
          2.4955979281844720e-01, 9.7247875180535445e-02,
          1.5056605504475418e-01, 3.7023498660473372e-02,
          2.0007140137935368e-02, 8.3444696487594266e-03,
          5.9140864938731080e-02, 4.6163633584449575e-02,
          4.1701313694578516e-02, 1.2851782039288415e-01,
          9.7247875180535445e-02, 3.0584158718083432e-01 ]
   - !!opencv-matrix
      rows: 10
      cols: 10
      dt: d
