%YAML:1.0
---
groups:
   - intact
   - CD19
intactGmmnames:
   - "intact.2016-1555.0"
   - "intact.2016-1555.1"
   - "intact.2016-1555.2"
   - "intact.2016-1555.3"
   - "intact.2016-1555.4"
intactLabels:
   - FSC-A
   - SSC-A
   - SY41
   - CD19
   - CD10
   - CD20
   - CD45
   - CD34
   - CD38
   - CD58
intactMu: !!opencv-matrix
   rows: 5
   cols: 10
   dt: d
   data: [ 2.4089562615022602e+00, 2.7384156810280800e+00,
       2.9234174813679794e+00, 1.6670014515483056e+00,
       2.1319647918382962e+00, 1.2369874362741065e+00,
       3.3618647733987106e+00, 1.6380181646058731e+00,
       1.7979320427121945e+00, 2.1175750872239889e+00,
       1.3807551676276895e+00, 7.4100962670103587e-01,
       2.8060549743468903e+00, 1.3431872979956021e+00,
       1.5002005185065739e+00, 1.1617819987479643e+00,
       3.9833917409610740e+00, 2.4562809789734459e+00,
       2.2855401968330500e+00, 1.7597897591051399e+00,
       1.9556966470789670e+00, 3.1906925227526410e+00,
       2.7502764047170629e+00, 1.7466428545288972e+00,
       2.7973211063099392e+00, 1.1883906769855082e+00,
       3.5062149669513927e+00, 1.9937854726400042e+00,
       1.6848908799942366e+00, 2.1933029619933371e+00,
       1.0896789158532383e+00, 6.9426653627709412e-01,
       2.6005644286187666e+00, 1.3307544967784146e+00,
       1.3740049465310187e+00, 1.2507509391668936e+00,
       1.8426746554286049e+00, 1.6214999438163946e+00,
       1.2795411899884277e+00, 2.0063060715477175e+00,
       1.1891524591228220e+00, 2.9880069788334157e-01,
       3.1738018520684936e+00, 1.2134222437588442e+00,
       1.3504488401725625e+00, 1.1548998920356051e+00,
       3.8122707732930032e+00, 2.0570712184774416e+00,
       1.7049643829564669e+00, 1.1490222401917023e+00 ]
intactSigma:
   - !!opencv-matrix
      rows: 10
      cols: 10
      dt: d
      data: [ 4.8778891932986923e-01, 1.4554962512407044e-01,
          3.5504094261782131e-02, 3.6012791652122816e-02,
          -1.0305108943672207e-01, -1.0259547305832837e-03,
          -3.8693015305666142e-02, 5.9297714231322046e-02,
          8.6471630214270900e-02, 7.4931782389681015e-04,
          1.4554962512407041e-01, 6.1935112703401884e-01,
          -8.7042919493073148e-02, 1.1417070212771581e-01,
          1.5130950177203478e-01, 3.6294761011781270e-03,
          5.9470175793541663e-02, -1.0724365325855140e-01,
          -2.9163106829080437e-02, 6.3085903154962084e-02,
          3.5504094261782145e-02, -8.7042919493073148e-02,
          1.2148714252256582e-01, -1.4182188149365426e-02,
          -4.0172294472062858e-02, 3.9252517426282734e-03,
          -1.8421398790987687e-02, 4.8897061390348620e-02,
          3.4921148066275588e-02, -1.0899066543626918e-02,
          3.6012791652122837e-02, 1.1417070212771581e-01,
          -1.4182188149365428e-02, 4.4388413163089356e-02,
          2.9913629280985555e-02, -5.2060780411480596e-04,
          1.1026456127455762e-02, -1.2133331623990325e-02,
          -5.7014267855388066e-03, 1.1800086540943135e-02,
          -1.0305108943672210e-01, 1.5130950177203481e-01,
          -4.0172294472062858e-02, 2.9913629280985555e-02,
          4.4221951407760762e-01, 1.2843551845514976e-02,
          5.5222403862387220e-02, -1.1145056595913479e-01,
          -1.3519325900541229e-01, 2.0304178746465371e-02,
          -1.0259547305832839e-03, 3.6294761011781262e-03,
          3.9252517426282725e-03, -5.2060780411480607e-04,
          1.2843551845514976e-02, 3.2022871976513954e-02,
          -2.0690141036955349e-03, 5.3054448978059497e-03,
          -1.5179391501357165e-02, 4.9163353900861617e-04,
          -3.8693015305666149e-02, 5.9470175793541656e-02,
          -1.8421398790987687e-02, 1.1026456127455762e-02,
          5.5222403862387220e-02, -2.0690141036955353e-03,
          4.5676215929306839e-02, -4.0888055615148017e-03,
          -4.4685226826795231e-03, 1.4617036235671260e-02,
          5.9297714231322025e-02, -1.0724365325855142e-01,
          4.8897061390348620e-02, -1.2133331623990320e-02,
          -1.1145056595913477e-01, 5.3054448978059479e-03,
          -4.0888055615148026e-03, 3.9328514309493662e-01,
          9.5825266269951095e-02, -6.6285376571825977e-03,
          8.6471630214270873e-02, -2.9163106829080434e-02,
          3.4921148066275567e-02, -5.7014267855388066e-03,
          -1.3519325900541229e-01, -1.5179391501357159e-02,
          -4.4685226826795240e-03, 9.5825266269951095e-02,
          2.3717542718359089e-01, 6.0739700984654655e-03,
          7.4931782389680982e-04, 6.3085903154962084e-02,
          -1.0899066543626915e-02, 1.1800086540943135e-02,
          2.0304178746465371e-02, 4.9163353900861639e-04,
          1.4617036235671260e-02, -6.6285376571825995e-03,
          6.0739700984654638e-03, 3.3295344571093580e-02 ]
   - !!opencv-matrix
      rows: 10
      cols: 10
      dt: d
      data: [ 1.3167650705468928e-01, 8.3824857277997419e-02,
          8.5750527073443598e-03, 4.1663350377001321e-02,
          1.6881317901470558e-02, 2.8593018165600753e-02,
          6.5845710149555967e-04, 1.6109601484339636e-02,
          -1.1259702179749966e-03, 4.3019173827080814e-02,
          8.3824857277997419e-02, 1.9168801380602071e-01,
          -5.1822288935741796e-03, 6.7917025452255572e-02,
          2.6869889508013407e-02, 5.0023240275492695e-02,
          -6.1467693433548852e-03, 2.8970298091968306e-02,
          6.8534076249584672e-02, 9.5913835557778118e-02,
          8.5750527073443616e-03, -5.1822288935741796e-03,
          1.2631083273456037e-01, 8.7703300564840759e-03,
          -3.3273899178466493e-04, 1.0635360516147279e-02,
          -4.2172483051381247e-03, -3.5050941006009549e-03,
          -1.7774551499697974e-02, -7.8150121481289480e-03,
          4.1663350377001321e-02, 6.7917025452255572e-02,
          8.7703300564840742e-03, 9.6086853154483828e-02,
          2.1340052889267873e-02, 4.1020278617980917e-02,
          -2.7917624514098953e-03, 1.0155952887246460e-02,
          7.8568390309859161e-03, 2.6953336573692078e-02,
          1.6881317901470558e-02, 2.6869889508013414e-02,
          -3.3273899178466396e-04, 2.1340052889267876e-02,
          4.2446202169127945e-01, 1.0103141745822330e-02,
          1.5448669057366706e-03, 6.1739338227416269e-03,
          2.9153043125296922e-02, 9.7214537203651856e-03,
          2.8593018165600753e-02, 5.0023240275492695e-02,
          1.0635360516147285e-02, 4.1020278617980924e-02,
          1.0103141745822334e-02, 9.2269591935535508e-02,
          -6.0700108580258230e-03, -4.7322764617862417e-03,
          -1.5697842366852951e-02, 1.3065435603187223e-02,
          6.5845710149555988e-04, -6.1467693433548826e-03,
          -4.2172483051381255e-03, -2.7917624514098949e-03,
          1.5448669057366712e-03, -6.0700108580258238e-03,
          1.6421040815415580e-02, 1.2618748385338847e-02,
          -9.5063717160478109e-03, 5.2014104611016014e-03,
          1.6109601484339636e-02, 2.8970298091968306e-02,
          -3.5050941006009540e-03, 1.0155952887246460e-02,
          6.1739338227416269e-03, -4.7322764617862417e-03,
          1.2618748385338847e-02, 6.0904770351964212e-02,
          2.6216931356579324e-02, 2.7533083539444007e-02,
          -1.1259702179749953e-03, 6.8534076249584672e-02,
          -1.7774551499697977e-02, 7.8568390309859161e-03,
          2.9153043125296919e-02, -1.5697842366852951e-02,
          -9.5063717160478126e-03, 2.6216931356579324e-02,
          3.8695951629030717e-01, 2.4382115477781637e-02,
          4.3019173827080814e-02, 9.5913835557778118e-02,
          -7.8150121481289515e-03, 2.6953336573692074e-02,
          9.7214537203651891e-03, 1.3065435603187223e-02,
          5.2014104611016014e-03, 2.7533083539444007e-02,
          2.4382115477781637e-02, 1.2876686203913396e-01 ]
   - !!opencv-matrix
      rows: 10
      cols: 10
      dt: d
