%YAML:1.0
---
groups:
   - intact
   - CD19
   - blast
intactGmmnames:
   - "intact.2016-5334.0"
   - "intact.2016-5334.1"
   - "intact.2016-5334.2"
   - "intact.2016-5334.3"
   - "intact.2016-5334.4"
intactLabels:
   - FSC-A
   - SSC-A
   - SY41
   - CD19
   - CD10
   - CD20
   - CD45
   - CD34
   - CD38
   - CD58
intactMu: !!opencv-matrix
   rows: 5
   cols: 10
   dt: d
   data: [ 1.5443876806602290e+00, 3.5667131083037756e-01,
       2.8080631244619623e+00, 1.5419912091936492e+00,
       1.0945142900993852e+00, 1.0928905911099225e+00,
       3.8178509130205160e+00, 1.5907476526970215e+00,
       1.9533250152445487e+00, 1.3190674222505314e+00,
       2.9950521407908193e+00, 2.7263788640359237e+00,
       2.7584708141614178e+00, 1.8188456000486328e+00,
       2.7930704157954152e+00, 1.1591945472688814e+00,
       3.1617889358045601e+00, 1.6446007885110245e+00,
       1.8058850436457550e+00, 2.1887695989866578e+00,
       1.1866158431347882e+00, 2.5719214958610814e-01,
       2.9475552943924330e+00, 1.1781789107179110e+00,
       1.4302638187715024e+00, 1.1337922431680139e+00,
       1.6267407337660518e+00, 1.0059835311264509e+00,
       1.3558262671850907e+00, 2.2322703015166501e+00,
       2.1977687241955208e+00, 1.4391929695272467e+00,
       2.8726799491056370e+00, 1.5631398196898079e+00,
       1.7824024565007313e+00, 1.2591219916556675e+00,
       2.5059467125025363e+00, 1.6652974433690719e+00,
       1.7909844531680386e+00, 1.9536632845532584e+00,
       3.4131976995857713e+00, 1.9445166243726977e+00,
       2.8719667972176146e+00, 1.6674311646572639e+00,
       1.6656636976026269e+00, 1.2253177119566245e+00,
       3.0536335770547969e+00, 1.4335633123987763e+00,
       2.1630804186918802e+00, 1.9884823603806898e+00 ]
intactSigma:
   - !!opencv-matrix
      rows: 10
      cols: 10
      dt: d
      data: [ 1.2673439821082147e-01, 3.1146896947154189e-02,
          -2.6532379813204027e-02, 2.7592178720367382e-02,
          4.5278645169766069e-03, -2.5885959863559335e-03,
          2.7922035704267986e-02, 3.1466503093117083e-02,
          1.4931870401760076e-02, 9.5476648282934035e-02,
          3.1146896947154189e-02, 1.6143618665923860e-02,
          -1.0384619288244180e-02, 1.2103709041374070e-02,
          3.5698053589074906e-03, -9.6123305552851205e-04,
          1.2055468703874425e-02, 1.4227265613124212e-02,
          1.1152805236091879e-02, 4.7019112391309896e-02,
          -2.6532379813204027e-02, -1.0384619288244181e-02,
          1.8078942486278317e-02, -8.9255163663994209e-03,
          -1.4695872809602369e-03, 3.0134483314818325e-04,
          -1.0235479565988774e-02, -1.2038091481957940e-02,
          -1.0738227904825289e-02, -3.3762228786233799e-02,
          2.7592178720367382e-02, 1.2103709041374070e-02,
          -8.9255163663994209e-03, 4.8820036040856073e-02,
          2.2892040786638935e-03, -4.4442927125824929e-03,
          1.3551093077306614e-02, 1.9677327725107975e-02,
          -4.4682802068402193e-03, 3.7573554336538875e-02,
          4.5278645169766077e-03, 3.5698053589074932e-03,
          -1.4695872809602369e-03, 2.2892040786638953e-03,
          8.3102290403686788e-02, 1.8773755927106658e-03,
          2.5851698233881355e-03, -1.0226410525597843e-03,
          -4.8487057725399041e-04, 1.6416900924473687e-02,
          -2.5885959863559335e-03, -9.6123305552851162e-04,
          3.0134483314818303e-04, -4.4442927125824929e-03,
          1.8773755927106656e-03, 4.9699874119470709e-02,
          -4.8132560890743668e-04, -1.5473580349237837e-02,
          -1.0341231405485809e-02, -2.8699540090133127e-03,
          2.7922035704267982e-02, 1.2055468703874425e-02,
          -1.0235479565988774e-02, 1.3551093077306613e-02,
          2.5851698233881363e-03, -4.8132560890743652e-04,
          1.7592953166339360e-02, 1.5245095584527760e-02,
          -5.5240929270917777e-04, 4.0114952096812276e-02,
          3.1466503093117083e-02, 1.4227265613124212e-02,
          -1.2038091481957940e-02, 1.9677327725107975e-02,
          -1.0226410525597843e-03, -1.5473580349237837e-02,
          1.5245095584527760e-02, 2.2054985372649624e-01,
          1.5728880363503513e-02, 4.6208835030884236e-02,
          1.4931870401760075e-02, 1.1152805236091875e-02,
          -1.0738227904825292e-02, -4.4682802068402184e-03,
          -4.8487057725399031e-04, -1.0341231405485806e-02,
          -5.5240929270917755e-04, 1.5728880363503523e-02,
          2.4904975278579533e-01, 4.2318775170729524e-03,
          9.5476648282934035e-02, 4.7019112391309896e-02,
          -3.3762228786233799e-02, 3.7573554336538882e-02,
          1.6416900924473687e-02, -2.8699540090133119e-03,
          4.0114952096812283e-02, 4.6208835030884229e-02,
          4.2318775170729498e-03, 2.5968126435501121e-01 ]
   - !!opencv-matrix
      rows: 10
      cols: 10
      dt: d
      data: [ 2.9395194259963681e-01, 1.6652523422390406e-01,
          -1.8885438919037021e-02, 3.0870112920885942e-02,
          -2.4855603012498308e-02, 3.9497451045141440e-03,
          -1.6203210296471489e-02, -2.7307131276504946e-02,
          2.5922668973407278e-02, 2.2532593576793398e-03,
          1.6652523422390406e-01, 3.3558175023562514e-01,
          -1.7675952735623533e-02, 6.8446868264729885e-02,
          4.9131528939174350e-02, 4.9889534284630489e-03,
          1.9344731733514108e-02, 2.8544550806558003e-02,
          4.0397309044434358e-02, 1.6603494055894081e-02,
          -1.8885438919037021e-02, -1.7675952735623533e-02,
          2.1114808573774686e-02, -3.4223774492198045e-03,
          -1.9566681813634474e-04, -2.7068105848646927e-05,
          -1.2961277631380272e-03, 6.0620298762599127e-03,
          -2.9428192247305512e-03, -2.6808954477774657e-04,
          3.0870112920885949e-02, 6.8446868264729871e-02,
          -3.4223774492198045e-03, 3.3097572202041799e-02,
          1.4499632748560771e-02, -1.3164079154309811e-03,
          6.6024455753099379e-03, 1.0823296561656115e-02,
          3.9496731538642693e-03, 3.2980416346350236e-03,
          -2.4855603012498308e-02, 4.9131528939174350e-02,
          -1.9566681813634434e-04, 1.4499632748560774e-02,
          1.0059431460371560e-01, 4.5695311459590454e-05,
          2.6294412308802795e-02, 3.6257414842156145e-02,
          4.5992147188065290e-03, 6.6022215353896459e-03,
          3.9497451045141449e-03, 4.9889534284630471e-03,
          -2.7068105848646863e-05, -1.3164079154309801e-03,
          4.5695311459590129e-05, 3.6047615425668499e-02,
          1.9733340371479584e-04, -9.1454980657132614e-03,
          -1.1066562252902170e-02, 2.4942060455304758e-04,
          -1.6203210296471485e-02, 1.9344731733514108e-02,
          -1.2961277631380274e-03, 6.6024455753099362e-03,
          2.6294412308802795e-02, 1.9733340371479589e-04,
          2.5829615447326416e-02, 1.5605479758490129e-02,
          1.7601290726386159e-03, 2.2505006845020101e-03,
          -2.7307131276504935e-02, 2.8544550806557996e-02,
          6.0620298762599127e-03, 1.0823296561656115e-02,
          3.6257414842156138e-02, -9.1454980657132579e-03,
          1.5605479758490129e-02, 1.8406755807921010e-01,
          8.1095072307481742e-03, 7.7965713751944922e-03,
          2.5922668973407274e-02, 4.0397309044434365e-02,
          -2.9428192247305529e-03, 3.9496731538642693e-03,
          4.5992147188065290e-03, -1.1066562252902170e-02,
          1.7601290726386154e-03, 8.1095072307481759e-03,
          6.6775417357136241e-02, 3.2697434025570566e-03,
          2.2532593576793398e-03, 1.6603494055894084e-02,
          -2.6808954477774668e-04, 3.2980416346350245e-03,
          6.6022215353896451e-03, 2.4942060455304769e-04,
          2.2505006845020092e-03, 7.7965713751944939e-03,
          3.2697434025570557e-03, 1.4011787111276944e-02 ]
   - !!opencv-matrix
      rows: 10
      cols: 10
      dt: d
