%YAML:1.0
---
groups:
   - intact
   - CD19
   - blast
intactGmmnames:
   - "intact.2016-5817.0"
   - "intact.2016-5817.1"
   - "intact.2016-5817.2"
   - "intact.2016-5817.3"
   - "intact.2016-5817.4"
intactLabels:
   - FSC-A
   - SSC-A
   - SY41
   - CD19
   - CD10
   - CD20
   - CD45
   - CD34
   - CD38
   - CD58
intactMu: !!opencv-matrix
   rows: 5
   cols: 10
   dt: d
   data: [ 1.9868488644792737e+00, 3.2362063043007518e+00,
       3.5878524350284597e+00, 1.9390417929771986e+00,
       2.5886750414899842e+00, 1.2812828954615971e+00,
       3.2028821361705941e+00, 1.4724725269493191e+00,
       1.6071551930314041e+00, 1.9593636157213290e+00,
       9.9248329674584090e-01, 2.4035116468039378e-01,
       3.9960039171440558e+00, 1.3324977192804666e+00,
       1.4543948506008522e+00, 1.2541519241063661e+00,
       3.5301081861949473e+00, 1.4001476772252757e+00,
       1.6375877817642419e+00, 1.1305468692191010e+00,
       1.3281620377635062e+00, 4.5214427031275561e-01,
       3.3942620049785304e+00, 1.4454601907928999e+00,
       1.8632188377013765e+00, 1.2552176416573051e+00,
       3.6868487845520290e+00, 1.6057102729591965e+00,
       2.0807260057819610e+00, 1.4542107358143250e+00,
       9.1100216140575996e-01, 4.4658881673841883e-01,
       3.6201513760136668e+00, 1.2562161072835247e+00,
       1.4066020175957341e+00, 1.2788759718157292e+00,
       1.7453194375115069e+00, 1.1553314628959228e+00,
       1.5637278410491191e+00, 2.3181763068280978e+00,
       1.7452078067559393e+00, 1.8348322766331668e+00,
       3.5815060013824467e+00, 1.7468447563171441e+00,
       1.6619447898775734e+00, 1.3988583883417234e+00,
       2.7612355966927491e+00, 1.6239128956528972e+00,
       1.9652382590496451e+00, 1.7661022925936274e+00 ]
intactSigma:
   - !!opencv-matrix
      rows: 10
      cols: 10
      dt: d
      data: [ 2.6712953987896088e-01, 1.3305593960165621e-01,
          -3.6535225584270026e-02, 2.7998547726755800e-02,
          -5.0055546767483416e-04, 1.5797520901737535e-03,
          5.7242858490577024e-04, 6.9990014561367728e-03,
          1.3501145605527872e-02, 1.0421722448663273e-02,
          1.3305593960165621e-01, 3.9494944541902999e-01,
          -6.7494761949609322e-02, 7.6042747108747061e-02,
          6.4561740043954235e-02, 1.4887506633651420e-03,
          2.9153947846918448e-02, 2.0373073452406226e-02,
          1.2498883658619920e-02, 3.0834820032761619e-02,
          -3.6535225584270040e-02, -6.7494761949609322e-02,
          1.2359532325579148e-01, -1.8740614122122100e-02,
          -4.3152462274368718e-02, 8.8950031988599681e-04,
          -3.5923095431581294e-02, -6.8111786463291761e-03,
          -5.5234061513279101e-03, -1.0521576511990790e-02,
          2.7998547726755800e-02, 7.6042747108747047e-02,
          -1.8740614122122100e-02, 3.1669934614687832e-02,
          1.8339198489160345e-02, -9.1385185183044204e-04,
          9.0605073940747075e-03, 7.7243427807341131e-03,
          1.8494801367015148e-04, 6.1638982279466634e-03,
          -5.0055546767483535e-04, 6.4561740043954235e-02,
          -4.3152462274368711e-02, 1.8339198489160342e-02,
          1.5075722770562919e-01, -4.3266366942750059e-04,
          3.8462860157565677e-02, 1.6868954033290050e-02,
          3.5340357519900834e-04, 1.0030965887282228e-02,
          1.5797520901737535e-03, 1.4887506633651424e-03,
          8.8950031988599637e-04, -9.1385185183044172e-04,
          -4.3266366942750108e-04, 1.3199260590461627e-02,
          -4.7886313312755011e-04, -5.4147964695215201e-03,
          -3.6776632436586916e-03, 2.1623334383352399e-04,
          5.7242858490576969e-04, 2.9153947846918441e-02,
          -3.5923095431581301e-02, 9.0605073940747075e-03,
          3.8462860157565677e-02, -4.7886313312754989e-04,
          3.7942662463919766e-02, 7.5018728715342351e-03,
          9.3320001149564289e-04, 8.5007486405400314e-03,
          6.9990014561367763e-03, 2.0373073452406222e-02,
          -6.8111786463291744e-03, 7.7243427807341166e-03,
          1.6868954033290050e-02, -5.4147964695215201e-03,
          7.5018728715342351e-03, 1.1016378343053228e-01,
          2.5401018959721028e-03, 5.7804077861250813e-03,
          1.3501145605527870e-02, 1.2498883658619921e-02,
          -5.5234061513279101e-03, 1.8494801367015137e-04,
          3.5340357519900872e-04, -3.6776632436586907e-03,
          9.3320001149564246e-04, 2.5401018959721028e-03,
          1.7407085146222388e-02, 4.9464561330578643e-03,
          1.0421722448663273e-02, 3.0834820032761619e-02,
          -1.0521576511990790e-02, 6.1638982279466617e-03,
          1.0030965887282228e-02, 2.1623334383352386e-04,
          8.5007486405400314e-03, 5.7804077861250830e-03,
          4.9464561330578635e-03, 4.6542378915526844e-02 ]
   - !!opencv-matrix
      rows: 10
      cols: 10
      dt: d
      data: [ 8.0467316142431466e-02, 2.5774446763227321e-03,
          -4.0198021167485637e-02, 8.5109430857308443e-03,
          5.6108767072620162e-03, -8.1945736243527634e-04,
          5.7555454777048175e-03, 2.2143086959646795e-03,
          -2.1298706622823920e-03, 8.1806912434700917e-03,
          2.5774446763227321e-03, 7.2942703594387759e-03,
          1.8804105648491059e-04, 2.6571808798307611e-03,
          4.6790580503667635e-03, -5.6045141564064070e-05,
          2.9626314440713295e-03, 3.5002035464658625e-03,
          -2.4494993288243696e-03, 2.4211931208275504e-02,
          -4.0198021167485637e-02, 1.8804105648491086e-04,
          4.2718391451565550e-02, -4.1939555591836378e-03,
          -1.1563938200090953e-03, 3.3225533022424221e-04,
          -1.9033217003534047e-03, 1.1479288272644504e-03,
          1.2549307289088109e-04, 9.3243328763424388e-04,
          8.5109430857308460e-03, 2.6571808798307615e-03,
          -4.1939555591836387e-03, 2.6477845746627243e-02,
          4.8923364141270978e-03, -1.7398375093965646e-03,
          2.3347485514100268e-03, 5.7156709087988521e-03,
          -2.5714226650905988e-03, 7.6728842322745412e-03,
          5.6108767072620179e-03, 4.6790580503667635e-03,
          -1.1563938200090959e-03, 4.8923364141270978e-03,
          2.1616915258667055e-01, -7.2694168807618971e-05,
          4.4069107689426283e-03, -3.9881488785125648e-04,
          -3.2520170608445502e-03, 1.9541448344576672e-02,
          -8.1945736243527656e-04, -5.6045141564064049e-05,
          3.3225533022424199e-04, -1.7398375093965646e-03,
          -7.2694168807618809e-05, 1.1689950622259712e-02,
          -3.0601176842929922e-04, -6.7446972720079414e-03,
          -3.5653664647391429e-03, 1.6132197232588430e-05,
          5.7555454777048183e-03, 2.9626314440713295e-03,
          -1.9033217003534041e-03, 2.3347485514100268e-03,
          4.4069107689426274e-03, -3.0601176842929922e-04,
          9.9763135843195551e-03, 3.1186622842728907e-03,
          -2.6032476985552184e-03, 8.0310144608575548e-03,
          2.2143086959646803e-03, 3.5002035464658612e-03,
          1.1479288272644513e-03, 5.7156709087988538e-03,
          -3.9881488785125551e-04, -6.7446972720079414e-03,
          3.1186622842728912e-03, 1.1986687485181714e-01,
          2.3830329851694468e-04, 1.2160141099542620e-02,
          -2.1298706622823924e-03, -2.4494993288243700e-03,
          1.2549307289088103e-04, -2.5714226650905988e-03,
          -3.2520170608445489e-03, -3.5653664647391438e-03,
          -2.6032476985552184e-03, 2.3830329851694468e-04,
          2.9602553780758076e-02, -7.7713865058940826e-03,
          8.1806912434700899e-03, 2.4211931208275504e-02,
          9.3243328763424290e-04, 7.6728842322745412e-03,
          1.9541448344576672e-02, 1.6132197232588674e-05,
          8.0310144608575565e-03, 1.2160141099542617e-02,
          -7.7713865058940826e-03, 1.8346403375386264e-01 ]
   - !!opencv-matrix
      rows: 10
      cols: 10
      dt: d
