%YAML:1.0
---
groups:
   - intact
   - CD19
   - blast
intactGmmnames:
   - "intact.2016-4630.0"
   - "intact.2016-4630.1"
   - "intact.2016-4630.2"
   - "intact.2016-4630.3"
   - "intact.2016-4630.4"
intactLabels:
   - FSC-A
   - SSC-A
   - SY41
   - CD19
   - CD10
   - CD20
   - CD45
   - CD34
   - CD38
   - CD58
intactMu: !!opencv-matrix
   rows: 5
   cols: 10
   dt: d
   data: [ 1.6082892864435636e+00, 3.6492631766543154e-01,
       3.3727649205136534e+00, 1.0783136740491175e+00,
       1.2845350250258067e+00, 1.1835154978513751e+00,
       1.7445580952036266e+00, 1.0782283281355882e+00,
       1.7361617594232068e+00, 2.3504990127553125e+00,
       2.9329196998972686e+00, 1.3533941442616471e+00,
       3.4055016853658731e+00, 1.6536965611300358e+00,
       1.4252597976678985e+00, 1.4610085596511511e+00,
       3.0170705445791235e+00, 1.8120732581834760e+00,
       2.4915374269546553e+00, 2.1432132275298348e+00,
       1.8022738782871768e+00, 3.4330786444601918e-01,
       3.5017088210093825e+00, 1.5444654288087836e+00,
       1.0888660267420247e+00, 1.1199378039273129e+00,
       3.7629455828055756e+00, 1.5503103789172401e+00,
       2.2631513286936111e+00, 7.9830097346991513e-01,
       2.0344221690025583e+00, 5.0468712361854451e-01,
       3.3232646119060849e+00, 1.6774876694732492e+00,
       1.1242445383408970e+00, 1.1343594256778340e+00,
       3.8467888344517971e+00, 1.6550816388700649e+00,
       2.1364794250581745e+00, 1.5746279383769970e+00,
       3.6730018111160612e+00, 2.7477495865721879e+00,
       3.2871708875023211e+00, 1.8961657800609419e+00,
       2.8156398803925722e+00, 1.1806312358639532e+00,
       3.1629273988213922e+00, 1.3898839671732510e+00,
       2.0249326746471779e+00, 2.2536014663075208e+00 ]
intactSigma:
   - !!opencv-matrix
      rows: 10
      cols: 10
      dt: d
      data: [ 2.0396765690293978e-01, 4.3776543102401221e-02,
          -6.7147900277155564e-03, 2.2821262750731503e-02,
          2.0087354866330114e-02, 2.2645984751014491e-03,
          4.8630006253843956e-02, 1.1987654959332121e-02,
          5.6378117611681204e-02, 3.4304462726435926e-02,
          4.3776543102401221e-02, 1.7830487516349223e-02,
          6.6091177670146578e-03, 8.9677420398770139e-03,
          7.7631776199416358e-03, 1.4525993104967108e-03,
          2.4899729240240046e-02, 6.3358132553630268e-03,
          2.8959887097613053e-02, 1.4011258247905587e-02,
          -6.7147900277155529e-03, 6.6091177670146569e-03,
          1.5258740869075585e-01, -2.6977537451597562e-03,
          1.6975874633583250e-03, 7.6261185796341533e-04,
          7.2842398007722173e-03, 4.5815273946214407e-03,
          1.0614221866466242e-03, 1.2628994629026172e-02,
          2.2821262750731503e-02, 8.9677420398770139e-03,
          -2.6977537451597562e-03, 3.4101399888875929e-02,
          6.9417843099751761e-03, -2.3605738021198501e-03,
          1.5776676747188124e-02, 6.9963797358528756e-03,
          2.1903875266210557e-02, 6.7823986889591330e-03,
          2.0087354866330117e-02, 7.7631776199416358e-03,
          1.6975874633583241e-03, 6.9417843099751761e-03,
          1.1789693875184450e-01, 1.9762129925125558e-03,
          -2.7452606716727337e-03, 3.3165715714094449e-03,
          3.0019902882155242e-02, 9.1253540949794883e-03,
          2.2645984751014482e-03, 1.4525993104967105e-03,
          7.6261185796341500e-04, -2.3605738021198501e-03,
          1.9762129925125554e-03, 2.2216817775959186e-02,
          7.0439991948168541e-03, 3.2557421353020748e-04,
          -3.9529362432233034e-04, 1.5609926323212093e-03,
          4.8630006253843956e-02, 2.4899729240240046e-02,
          7.2842398007722225e-03, 1.5776676747188131e-02,
          -2.7452606716727368e-03, 7.0439991948168549e-03,
          1.8301372836606844e-01, 1.8200809043457267e-02,
          1.3158994478669681e-01, 2.9034431726659798e-02,
          1.1987654959332121e-02, 6.3358132553630268e-03,
          4.5815273946214433e-03, 6.9963797358528756e-03,
          3.3165715714094449e-03, 3.2557421353020710e-04,
          1.8200809043457271e-02, 4.0353068095006751e-02,
          2.6296835433441388e-02, 6.2817833062214249e-03,
          5.6378117611681204e-02, 2.8959887097613053e-02,
          1.0614221866466237e-03, 2.1903875266210560e-02,
          3.0019902882155246e-02, -3.9529362432233110e-04,
          1.3158994478669678e-01, 2.6296835433441388e-02,
          2.3376066948079902e-01, 3.4029979767626277e-02,
          3.4304462726435926e-02, 1.4011258247905591e-02,
          1.2628994629026172e-02, 6.7823986889591313e-03,
          9.1253540949794883e-03, 1.5609926323212101e-03,
          2.9034431726659798e-02, 6.2817833062214249e-03,
          3.4029979767626277e-02, 2.3376767446992887e-02 ]
   - !!opencv-matrix
      rows: 10
      cols: 10
      dt: d
      data: [ 8.1313142028814289e-01, 3.5073752757309457e-01,
          2.1707894486252886e-03, 8.2399057349701682e-02,
          -2.8376775803753307e-02, 3.0842911686103189e-02,
          2.1317429692410400e-01, 4.1626505228093323e-02,
          1.6824417470307121e-01, 1.1372287136220613e-01,
          3.5073752757309457e-01, 4.7687216917166653e-01,
          -3.8393207649311971e-02, 1.2405994987260001e-01,
          4.1031615116837949e-02, 5.3200839481521135e-02,
          1.8755818265343144e-01, 7.6534047463449176e-02,
          1.2589631467590845e-01, 8.3025083960126464e-02,
          2.1707894486252891e-03, -3.8393207649311971e-02,
          1.6845737365615271e-01, -2.4783161866202205e-02,
          2.3026840824168719e-02, -4.8796896249022045e-02,
          -6.8689888966201706e-02, -8.4152781227774573e-02,
          -2.4844660282034359e-02, -6.2449407514984278e-03,
          8.2399057349701682e-02, 1.2405994987260001e-01,
          -2.4783161866202205e-02, 1.4212687367303758e-01,
          4.2690651114212191e-02, 5.3564172711122605e-02,
          1.4035937636983561e-01, 8.7254386973376424e-02,
          8.3992520516533692e-02, 1.5898137497937375e-02,
          -2.8376775803753307e-02, 4.1031615116837963e-02,
          2.3026840824168726e-02, 4.2690651114212191e-02,
          3.4502555511484445e-01, 9.5600026730070526e-03,
          -3.1872886377142813e-02, 1.5942411240317159e-02,
          -1.3209583001993487e-02, 2.5426206650781592e-02,
          3.0842911686103182e-02, 5.3200839481521135e-02,
          -4.8796896249022045e-02, 5.3564172711122605e-02,
          9.5600026730070526e-03, 2.0140628817874262e-01,
          1.2100462768478215e-01, 1.2976636331280414e-01,
          7.9440623381373851e-02, 3.0301368984913125e-02,
          2.1317429692410400e-01, 1.8755818265343144e-01,
          -6.8689888966201706e-02, 1.4035937636983561e-01,
          -3.1872886377142813e-02, 1.2100462768478215e-01,
          5.4724234925396642e-01, 2.4808352714349144e-01,
          3.2070264219905054e-01, 3.0700170193890444e-02,
          4.1626505228093323e-02, 7.6534047463449176e-02,
          -8.4152781227774573e-02, 8.7254386973376397e-02,
          1.5942411240317166e-02, 1.2976636331280414e-01,
          2.4808352714349144e-01, 4.0499175002509685e-01,
          2.1019942936001504e-01, 7.3543723310334055e-02,
          1.6824417470307121e-01, 1.2589631467590842e-01,
          -2.4844660282034355e-02, 8.3992520516533692e-02,
          -1.3209583001993491e-02, 7.9440623381373851e-02,
          3.2070264219905054e-01, 2.1019942936001501e-01,
          4.2149481223162083e-01, 1.0680863106173874e-01,
          1.1372287136220613e-01, 8.3025083960126464e-02,
          -6.2449407514984278e-03, 1.5898137497937379e-02,
          2.5426206650781592e-02, 3.0301368984913125e-02,
          3.0700170193890437e-02, 7.3543723310334042e-02,
          1.0680863106173874e-01, 2.0033865224424746e-01 ]
   - !!opencv-matrix
      rows: 10
      cols: 10
      dt: d
