%YAML:1.0
---
groups:
   - intact
   - CD19
   - blast
intactGmmnames:
   - "intact.2016-2749.0"
   - "intact.2016-2749.1"
   - "intact.2016-2749.2"
   - "intact.2016-2749.3"
   - "intact.2016-2749.4"
intactLabels:
   - FSC-A
   - SSC-A
   - SY41
   - CD19
   - CD10
   - CD20
   - CD45
   - CD34
   - CD38
   - CD58
intactMu: !!opencv-matrix
   rows: 5
   cols: 10
   dt: d
   data: [ 2.6268896064500855e+00, 3.1755079684553289e+00,
       3.0116467208388595e+00, 1.9435465347351613e+00,
       2.3646267061332202e+00, 1.0835191117741556e+00,
       3.2417815292406296e+00, 1.6616101926929405e+00,
       1.9915566925944677e+00, 2.3051627406104527e+00,
       1.2285586361164937e+00, 2.6006905545117293e-01,
       3.0749731520075176e+00, 1.5114832670237741e+00,
       1.1032428534238912e+00, 9.6458674027369240e-01,
       3.9028159417375834e+00, 1.6816295191237676e+00,
       1.8911941218864112e+00, 8.5352973760386575e-01,
       2.2279322894501803e+00, 1.7786706701732793e+00,
       2.8122934555145074e+00, 1.7719615400086786e+00,
       1.3148107894730900e+00, 1.2763470152291660e+00,
       3.3714076232458225e+00, 2.4271206903221647e+00,
       2.5303875579766060e+00, 2.3438158961015585e+00,
       1.4256838754028891e+00, 4.1261402659029589e-01,
       2.9502985636732162e+00, 1.6196266215391906e+00,
       1.1242850583319679e+00, 9.9537841268585181e-01,
       3.9904095493821945e+00, 1.8235765692321664e+00,
       1.9469734010651183e+00, 1.6942971392921284e+00,
       1.0036103561412120e+00, 2.7387882417073434e-01,
       3.2242099388421015e+00, 1.1889087464692543e+00,
       1.3518465607275185e+00, 1.0520076234388527e+00,
       1.8046417217536967e+00, 1.1137232579634486e+00,
       1.3475885908434146e+00, 2.3715009206396171e+00 ]
intactSigma:
   - !!opencv-matrix
      rows: 10
      cols: 10
      dt: d
      data: [ 2.3703855005588068e-01, 1.6229735494398706e-01,
          -1.4979867319408329e-02, 3.1332907993217383e-02,
          -2.9692951125751248e-02, 8.5085072535197575e-03,
          -8.1163048315352343e-03, 2.5609682042457640e-02,
          2.9048446527020225e-02, 1.2472496996857454e-02,
          1.6229735494398706e-01, 3.8196293401723264e-01,
          -3.0394374414444120e-02, 7.3491694214760442e-02,
          2.1156199402350643e-02, 9.7970743268445439e-03,
          1.7041285561507677e-02, 4.7529659611109221e-02,
          4.3687430516069228e-02, 2.2443255228046372e-02,
          -1.4979867319408331e-02, -3.0394374414444127e-02,
          4.5811969259353151e-02, -6.5096127995787579e-03,
          -1.0350489432942584e-02, 8.2938965781232234e-04,
          -5.5111358691910372e-03, 8.9364769085581181e-03,
          -9.0985739883579135e-04, -7.9765355939601860e-04,
          3.1332907993217383e-02, 7.3491694214760428e-02,
          -6.5096127995787597e-03, 3.1639309126860360e-02,
          7.1619598805914520e-03, -9.1362697772412829e-04,
          5.1078307113345892e-03, 1.3129516944278333e-02,
          5.9056365521633685e-03, 4.4076781161156535e-03,
          -2.9692951125751248e-02, 2.1156199402350646e-02,
          -1.0350489432942584e-02, 7.1619598805914512e-03,
          1.4900220368952821e-01, -5.7858695339810078e-04,
          3.5423593589305920e-02, 1.9622969424771708e-02,
          2.8715966850079932e-03, 1.6543107618953343e-03,
          8.5085072535197558e-03, 9.7970743268445421e-03,
          8.2938965781232169e-04, -9.1362697772412926e-04,
          -5.7858695339810110e-04, 7.8464244727282043e-02,
          -8.3377440181618475e-05, -1.6549385493903807e-03,
          -1.0979257076321856e-02, 1.9024282938420556e-03,
          -8.1163048315352326e-03, 1.7041285561507680e-02,
          -5.5111358691910372e-03, 5.1078307113345892e-03,
          3.5423593589305920e-02, -8.3377440181618719e-05,
          2.6454505957696328e-02, 1.5906011245146647e-02,
          4.7039397053611444e-03, 1.5750892626460746e-03,
          2.5609682042457636e-02, 4.7529659611109221e-02,
          8.9364769085581129e-03, 1.3129516944278333e-02,
          1.9622969424771708e-02, -1.6549385493903797e-03,
          1.5906011245146647e-02, 1.9276724387003194e-01,
          3.5026115107991258e-02, 1.7120898864416707e-02,
          2.9048446527020225e-02, 4.3687430516069228e-02,
          -9.0985739883579135e-04, 5.9056365521633677e-03,
          2.8715966850079923e-03, -1.0979257076321853e-02,
          4.7039397053611444e-03, 3.5026115107991258e-02,
          6.2324766477416901e-02, 9.2721320510685719e-03,
          1.2472496996857449e-02, 2.2443255228046372e-02,
          -7.9765355939601882e-04, 4.4076781161156526e-03,
          1.6543107618953343e-03, 1.9024282938420562e-03,
          1.5750892626460746e-03, 1.7120898864416707e-02,
          9.2721320510685701e-03, 1.2354016501815101e-02 ]
   - !!opencv-matrix
      rows: 10
      cols: 10
      dt: d
      data: [ 5.2214643163167630e-02, 5.1839294805542217e-03,
          -6.7911427949105168e-03, 6.5034050184565725e-03,
          6.2405868661984337e-04, -2.9359769129692637e-04,
          6.3012124369115959e-03, 5.3099955797943675e-03,
          -3.3068216732667346e-03, 3.8388968505345023e-03,
          5.1839294805542217e-03, 3.4053626372355494e-03,
          -1.9376402001916901e-03, 2.9366169512114451e-03,
          4.5521181179571828e-04, -4.3895735778139979e-04,
          2.8554690422311476e-03, 3.5063846106168253e-03,
          -2.1331207407931049e-03, 5.8977529339717134e-03,
          -6.7911427949105150e-03, -1.9376402001916905e-03,
          1.2929367111965013e-02, -2.1910755961033999e-03,
          -1.9020416057163224e-04, 6.9559870849870010e-04,
          -2.6775078633165749e-03, -1.9704440491393948e-03,
          -4.6348225362288802e-04, 1.1590009130117758e-05,
          6.5034050184565716e-03, 2.9366169512114446e-03,
          -2.1910755961034012e-03, 4.6873836368580897e-02,
          6.9005353739358345e-04, -5.4873175602651713e-03,
          3.9021050055584637e-03, 9.6400267429563764e-03,
          -6.0162720116718263e-03, 3.7620753139935258e-03,
          6.2405868661984294e-04, 4.5521181179571845e-04,
          -1.9020416057163213e-04, 6.9005353739358378e-04,
          4.9881355879528376e-02, -9.9048976496773240e-06,
          3.1440765924320397e-04, -3.5237686861887144e-03,
          -2.0921867689917316e-03, 7.4920778925810223e-04,
          -2.9359769129692648e-04, -4.3895735778139974e-04,
          6.9559870849869999e-04, -5.4873175602651713e-03,
          -9.9048976496771072e-06, 7.8972334330377730e-02,
          -7.3130563374206460e-04, -1.7771593174210180e-02,
          -1.8905163808422689e-02, -1.0894608187509364e-03,
          6.3012124369115959e-03, 2.8554690422311476e-03,
          -2.6775078633165749e-03, 3.9021050055584637e-03,
          3.1440765924320386e-04, -7.3130563374206481e-04,
          6.6812518104037337e-03, 4.0433566140091531e-03,
          -3.3152752104804897e-04, 2.9621896820226602e-03,
          5.3099955797943658e-03, 3.5063846106168253e-03,
          -1.9704440491393944e-03, 9.6400267429563764e-03,
          -3.5237686861887135e-03, -1.7771593174210173e-02,
          4.0433566140091531e-03, 1.7434445906004623e-01,
          6.4966603245812807e-03, 5.0734082440170719e-03,
          -3.3068216732667346e-03, -2.1331207407931049e-03,
          -4.6348225362288862e-04, -6.0162720116718263e-03,
          -2.0921867689917325e-03, -1.8905163808422686e-02,
          -3.3152752104804908e-04, 6.4966603245812850e-03,
          1.1987212832615660e-01, -7.8612025610490781e-03,
          3.8388968505345023e-03, 5.8977529339717142e-03,
          1.1590009130117673e-05, 3.7620753139935258e-03,
          7.4920778925810299e-04, -1.0894608187509377e-03,
          2.9621896820226602e-03, 5.0734082440170710e-03,
          -7.8612025610490799e-03, 7.9811670707701038e-02 ]
   - !!opencv-matrix
      rows: 10
      cols: 10
