%YAML:1.0
---
groups:
   - intact
   - CD19
   - blast
intactGmmnames:
   - "intact.2016-6032.0"
   - "intact.2016-6032.1"
   - "intact.2016-6032.2"
   - "intact.2016-6032.3"
   - "intact.2016-6032.4"
intactLabels:
   - FSC-A
   - SSC-A
   - SY41
   - CD19
   - CD10
   - CD20
   - CD45
   - CD34
   - CD38
   - CD58
intactMu: !!opencv-matrix
   rows: 5
   cols: 10
   dt: d
   data: [ 8.2907749808727482e-01, 4.0238506293641063e-01,
       3.7173194716068552e+00, 1.2555924403095031e+00,
       1.4169147034320668e+00, 1.3059283698945665e+00,
       1.8149738658934462e+00, 1.1889308633145064e+00,
       1.6848818202919775e+00, 2.1363816947540579e+00,
       1.1101339635794414e+00, 3.1869408039486197e-01,
       3.5944179129578950e+00, 1.4675741374226257e+00,
       1.1113788649236394e+00, 1.2709323184448853e+00,
       3.7601452549501730e+00, 1.5333011981695923e+00,
       1.6649286154748064e+00, 1.1306180056325448e+00,
       1.3640603206119535e+00, 6.5416200330146634e-01,
       3.5172757511772694e+00, 1.6318256625100565e+00,
       1.3060470615449751e+00, 1.3234306582035815e+00,
       3.8874346525320558e+00, 1.6616865108940948e+00,
       2.3002032752698613e+00, 1.6234675095920439e+00,
       1.3257580470020633e+00, 5.7960610669793566e-01,
       3.5315170568920062e+00, 1.6331757400079614e+00,
       1.2313506075313818e+00, 1.2522252654228507e+00,
       3.9217980481194501e+00, 2.0532191708015848e+00,
       1.7874980966372496e+00, 1.6366131528095333e+00,
       1.8232689260030199e+00, 2.0123520972525308e+00,
       3.6394619784901301e+00, 1.7967311555373282e+00,
       1.8622415956522127e+00, 1.4473769271934822e+00,
       2.9754541866397370e+00, 2.0016918646059287e+00,
       2.3598422424723795e+00, 1.8405730360558370e+00 ]
intactSigma:
   - !!opencv-matrix
      rows: 10
      cols: 10
      dt: d
      data: [ 7.3659767508265389e-02, 2.8244402215204051e-02,
          1.7427802891863287e-02, 9.7616331046087735e-03,
          1.6204865252775875e-02, 1.6585438036534810e-03,
          3.1726914730937229e-02, 1.0694298666271711e-02,
          2.8685120397647881e-02, 2.2889094836176255e-02,
          2.8244402215204051e-02, 2.6261819089683863e-02,
          1.1521245795642043e-02, 8.7602096038520306e-03,
          1.6737931419239221e-02, 1.5842665935793465e-03,
          3.5596284604496493e-02, 1.2079247731104147e-02,
          3.4191875696820889e-02, 2.1834404349156088e-02,
          1.7427802891863291e-02, 1.1521245795642043e-02,
          3.8304202770897154e-02, 3.9382712110560139e-03,
          8.8579233426593768e-03, 8.7440856021992928e-04,
          1.7873457042245720e-02, 7.4201280859787760e-03,
          1.5050766924176711e-02, 8.5258745469909206e-03,
          9.7616331046087735e-03, 8.7602096038520306e-03,
          3.9382712110560139e-03, 1.7918817646005294e-02,
          9.6137358368343136e-03, -5.0838252699617786e-04,
          1.6858307483345918e-02, 6.8347975815125604e-03,
          1.6354176132247850e-02, 8.2363337503886143e-03,
          1.6204865252775875e-02, 1.6737931419239221e-02,
          8.8579233426593750e-03, 9.6137358368343136e-03,
          1.2916501853406892e-01, 3.7377476428687656e-03,
          4.9792952219999298e-02, 1.5536770185159325e-02,
          7.2949926428941117e-02, 2.5703109626390643e-02,
          1.6585438036534810e-03, 1.5842665935793469e-03,
          8.7440856021992960e-04, -5.0838252699617796e-04,
          3.7377476428687656e-03, 1.1462482068114356e-02,
          6.6967119043304093e-03, -1.9471895880292822e-03,
          1.6267968945470241e-03, 2.0200637892685744e-03,
          3.1726914730937229e-02, 3.5596284604496493e-02,
          1.7873457042245720e-02, 1.6858307483345918e-02,
          4.9792952219999298e-02, 6.6967119043304093e-03,
          2.6441527220633360e-01, 3.5078471975910241e-02,
          1.9393677914480348e-01, 4.9914085064717291e-02,
          1.0694298666271716e-02, 1.2079247731104147e-02,
          7.4201280859787760e-03, 6.8347975815125604e-03,
          1.5536770185159327e-02, -1.9471895880292811e-03,
          3.5078471975910248e-02, 9.3661913039631006e-02,
          4.4045935129506157e-02, 1.3823421253272924e-02,
          2.8685120397647888e-02, 3.4191875696820889e-02,
          1.5050766924176711e-02, 1.6354176132247850e-02,
          7.2949926428941103e-02, 1.6267968945470235e-03,
          1.9393677914480348e-01, 4.4045935129506164e-02,
          2.5453065692928506e-01, 5.0026698601760969e-02,
          2.2889094836176255e-02, 2.1834404349156088e-02,
          8.5258745469909206e-03, 8.2363337503886143e-03,
          2.5703109626390643e-02, 2.0200637892685749e-03,
          4.9914085064717291e-02, 1.3823421253272924e-02,
          5.0026698601760955e-02, 4.5742962955679686e-02 ]
   - !!opencv-matrix
      rows: 10
      cols: 10
      dt: d
      data: [ 4.7620960227800678e-02, 7.4240893148657264e-03,
          -5.5826541823227058e-03, 6.4385206963549551e-03,
          2.2842870527482913e-03, -6.0232842238247672e-04,
          6.6677946627880218e-03, 2.4375977453968216e-03,
          -3.9951665479364684e-03, 1.0344194314093955e-02,
          7.4240893148657264e-03, 9.8625810960371370e-03,
          -1.4318815265196749e-03, 6.1858306034154389e-03,
          3.9003446640695537e-03, -1.0970132157368372e-04,
          6.5435909798726398e-03, 2.5577550714944298e-03,
          -9.8378532408983964e-04, 2.6259379994299826e-02,
          -5.5826541823227058e-03, -1.4318815265196749e-03,
          4.8198507814754942e-03, -1.1191716814273475e-03,
          -1.3116775266264479e-04, 1.6378101441941065e-04,
          -2.3214788013297492e-03, -1.0392680888752536e-03,
          -3.7595122518827001e-04, -1.9790779143385516e-03,
          6.4385206963549551e-03, 6.1858306034154398e-03,
          -1.1191716814273479e-03, 4.0347322958170000e-02,
          3.0362891162668258e-03, -2.1462086129256149e-03,
          6.5335018684701020e-03, 8.8777335718364849e-03,
          -5.5584450275830786e-03, 1.3147547273990763e-02,
          2.2842870527482904e-03, 3.9003446640695546e-03,
          -1.3116775266264479e-04, 3.0362891162668258e-03,
          7.0425593518101445e-02, 6.6460738712768115e-04,
          2.0752212266176668e-03, -2.3704705411193550e-03,
          -7.8530350456394463e-05, 1.6313345071437464e-02,
          -6.0232842238247650e-04, -1.0970132157368374e-04,
          1.6378101441941059e-04, -2.1462086129256145e-03,
          6.6460738712768223e-04, 1.3688472894541158e-02,
          -2.4928656494982253e-04, -9.4641108228217044e-03,
          -1.1386275873438687e-02, 1.1733461184518701e-03,
          6.6677946627880218e-03, 6.5435909798726398e-03,
          -2.3214788013297492e-03, 6.5335018684701020e-03,
          2.0752212266176664e-03, -2.4928656494982264e-04,
          1.2101657195017554e-02, 4.0190472970177216e-03,
          2.5980990499048511e-03, 1.0636501194670130e-02,
          2.4375977453968216e-03, 2.5577550714944298e-03,
          -1.0392680888752536e-03, 8.8777335718364814e-03,
          -2.3704705411193559e-03, -9.4641108228217027e-03,
          4.0190472970177233e-03, 1.8277032436631452e-01,
          1.5245509167015274e-02, 4.1586634257895075e-04,
          -3.9951665479364693e-03, -9.8378532408983943e-04,
          -3.7595122518826996e-04, -5.5584450275830777e-03,
          -7.8530350456394938e-05, -1.1386275873438687e-02,
          2.5980990499048506e-03, 1.5245509167015277e-02,
          1.7236484554849124e-01, -4.2223139176576999e-03,
          1.0344194314093955e-02, 2.6259379994299826e-02,
          -1.9790779143385507e-03, 1.3147547273990760e-02,
          1.6313345071437464e-02, 1.1733461184518701e-03,
          1.0636501194670134e-02, 4.1586634257895065e-04,
          -4.2223139176577008e-03, 1.7471176350003495e-01 ]
   - !!opencv-matrix
      rows: 10
      cols: 10
      dt: d
