%YAML:1.0
---
groups:
   - intact
   - CD19
intactGmmnames:
   - "intact.2016-0513.0"
   - "intact.2016-0513.1"
   - "intact.2016-0513.2"
   - "intact.2016-0513.3"
   - "intact.2016-0513.4"
intactLabels:
   - FSC-A
   - SSC-A
   - SY41
   - CD19
   - CD10
   - CD20
   - CD45
   - CD34
   - CD38
   - CD58
intactMu: !!opencv-matrix
   rows: 5
   cols: 10
   dt: d
   data: [ 1.4208977980327313e+00, 4.6422477590785977e-01,
       3.4571380483519945e+00, 1.2351853808058817e+00,
       1.2418525097009496e+00, 1.0816742661736225e+00,
       3.8776116235347833e+00, 2.2419691164390985e+00,
       1.4543413345977445e+00, 1.3772637004453494e+00,
       1.7135667979154210e+00, 1.1841381448323627e+00,
       3.5632990151436084e+00, 1.4553300377998872e+00,
       1.5121042261882223e+00, 1.2373997047679604e+00,
       2.6884549168898793e+00, 1.6487151539228566e+00,
       1.5974521523644731e+00, 1.7503281199852754e+00,
       1.2156042616818239e+00, 3.0357626616402222e-01,
       3.7704896884011116e+00, 1.1865124772392546e+00,
       1.2650612601950917e+00, 1.0960488264122763e+00,
       3.7671915550499770e+00, 1.9274917921082630e+00,
       1.5157610630254224e+00, 9.2976432628748651e-01,
       2.4480278647703586e+00, 3.4438077282924069e+00,
       3.6406514112077915e+00, 1.7517949182281334e+00,
       2.4895715762313433e+00, 1.1375373405446609e+00,
       3.2216917508013649e+00, 1.8658905063968840e+00,
       1.4968017366623390e+00, 2.0919168219125668e+00,
       2.7097683833666086e+00, 3.2971448918579531e+00,
       3.7418780673200702e+00, 1.7195971751865520e+00,
       2.0613933889902643e+00, 1.1484735245260471e+00,
       3.1127708559572644e+00, 1.4297171170012581e+00,
       1.5134882935536436e+00, 2.0518551154351421e+00 ]
intactSigma:
   - !!opencv-matrix
      rows: 10
      cols: 10
      dt: d
      data: [ 7.5774665115235437e-02, 5.2301419624443193e-03,
          -2.4118927037863735e-02, 4.2337888280477836e-03,
          -5.3072652649313263e-03, -5.1303737009282535e-04,
          -3.1675122028683645e-04, 5.6090787767208142e-05,
          2.2326407485879817e-03, -8.7169228291468937e-04,
          5.2301419624443202e-03, 1.5831709587235902e-02,
          -1.4015595775205156e-02, 3.4614331520818049e-03,
          -6.7838768456620589e-03, -1.4165534086041315e-03,
          4.7620403761631722e-03, 6.4787425109957717e-03,
          1.0777833311870974e-02, 2.5076278278942904e-02,
          -2.4118927037863735e-02, -1.4015595775205156e-02,
          1.3074911081483895e-01, -6.1409760716153103e-03,
          1.3504929048396869e-02, 2.6102065358453797e-03,
          -1.4175444125300606e-02, -1.4463402167532485e-02,
          1.0173110465382801e-02, -2.6027350260789745e-02,
          4.2337888280477836e-03, 3.4614331520818049e-03,
          -6.1409760716153103e-03, 4.0567472820922053e-02,
          -9.1915502255125216e-04, -3.0383029002091764e-03,
          6.7252326860610151e-04, 3.6589180705844698e-03,
          -4.1225125552757430e-03, 5.2067240965625464e-03,
          -5.3072652649313245e-03, -6.7838768456620598e-03,
          1.3504929048396869e-02, -9.1915502255125248e-04,
          2.5491254624770054e-01, 1.6268966346516841e-03,
          -6.7370590504179650e-03, -8.8665002952541035e-03,
          -5.2427846611848071e-04, -1.0762540727782067e-02,
          -5.1303737009282535e-04, -1.4165534086041315e-03,
          2.6102065358453797e-03, -3.0383029002091760e-03,
          1.6268966346516826e-03, 2.8796287842235493e-02,
          -1.3429427371146189e-03, -7.4687336696851753e-03,
          -1.7054849007828374e-02, -1.6924846843700764e-03,
          -3.1675122028683656e-04, 4.7620403761631722e-03,
          -1.4175444125300611e-02, 6.7252326860610173e-04,
          -6.7370590504179624e-03, -1.3429427371146191e-03,
          1.2577304637920254e-02, 1.1428326378687688e-02,
          -1.5211859421982060e-02, 8.8519013198070200e-03,
          5.6090787767208623e-05, 6.4787425109957709e-03,
          -1.4463402167532485e-02, 3.6589180705844698e-03,
          -8.8665002952541018e-03, -7.4687336696851753e-03,
          1.1428326378687686e-02, 5.9487185190762890e-02,
          4.5213368317675480e-03, 1.0122373275218940e-02,
          2.2326407485879808e-03, 1.0777833311870974e-02,
          1.0173110465382801e-02, -4.1225125552757438e-03,
          -5.2427846611848179e-04, -1.7054849007828374e-02,
          -1.5211859421982060e-02, 4.5213368317675454e-03,
          3.1948445547569954e-01, -1.3455449809842005e-02,
          -8.7169228291468818e-04, 2.5076278278942904e-02,
          -2.6027350260789745e-02, 5.2067240965625473e-03,
          -1.0762540727782068e-02, -1.6924846843700766e-03,
          8.8519013198070200e-03, 1.0122373275218938e-02,
          -1.3455449809842009e-02, 1.8253978901591869e-01 ]
   - !!opencv-matrix
      rows: 10
      cols: 10
      dt: d
      data: [ 7.0464084009730588e-01, 5.9041981519542985e-01,
          8.7609128300779708e-03, 1.5665585210839406e-01,
          8.1656389807232763e-02, 2.1069570286384502e-02,
          5.0541065451618339e-01, 2.6969995903800981e-01,
          2.0223562740457965e-01, -1.0097848533343451e-03,
          5.9041981519542985e-01, 1.0860418139409176e+00,
          7.9041027947212850e-03, 2.4556305503065118e-01,
          1.4731824775153668e-01, 3.9556312894007711e-02,
          4.2738579560524803e-01, 2.5353075904857247e-01,
          2.0104412776190758e-01, 3.2144960858881091e-02,
          8.7609128300779760e-03, 7.9041027947212798e-03,
          2.9049993328977519e-01, 1.1368436919406734e-02,
          -1.0454799250866995e-02, 1.0822523121172312e-02,
          8.9014519601680941e-02, 2.8604876057036238e-02,
          2.3740883104932328e-02, 1.0578266666412971e-02,
          1.5665585210839406e-01, 2.4556305503065112e-01,
          1.1368436919406732e-02, 1.8515193191967652e-01,
          4.3427605282330903e-02, 1.0566687261262003e-01,
          1.7631562324175912e-01, 1.1858307154003329e-01,
          9.3331703852611927e-02, -1.4764819142012033e-02,
          8.1656389807232763e-02, 1.4731824775153665e-01,
          -1.0454799250866996e-02, 4.3427605282330903e-02,
          2.7320413740708066e-01, 9.7290371976664538e-03,
          -9.9266181112824085e-03, 1.8739683503581895e-02,
          -1.2031757596257181e-02, 9.8093588204964822e-03,
          2.1069570286384502e-02, 3.9556312894007718e-02,
          1.0822523121172312e-02, 1.0566687261262003e-01,
          9.7290371976664538e-03, 1.7261869328921425e-01,
          7.8041354453321762e-02, 5.6408091475594363e-02,
          1.7589490774764360e-02, -2.0105524438778857e-02,
          5.0541065451618339e-01, 4.2738579560524803e-01,
          8.9014519601680914e-02, 1.7631562324175912e-01,
          -9.9266181112824085e-03, 7.8041354453321762e-02,
          1.2283117914312072e+00, 5.0776971569530405e-01,
          3.7980222810248598e-01, -1.4832869708796312e-01,
          2.6969995903800981e-01, 2.5353075904857253e-01,
          2.8604876057036235e-02, 1.1858307154003325e-01,
          1.8739683503581891e-02, 5.6408091475594363e-02,
          5.0776971569530405e-01, 4.5154487696370427e-01,
          2.3058189230438600e-01, -2.2441923515945705e-02,
          2.0223562740457965e-01, 2.0104412776190758e-01,
          2.3740883104932317e-02, 9.3331703852611927e-02,
          -1.2031757596257176e-02, 1.7589490774764360e-02,
          3.7980222810248598e-01, 2.3058189230438600e-01,
          4.0105246515850929e-01, 3.8029689665905600e-02,
          -1.0097848533343423e-03, 3.2144960858881091e-02,
          1.0578266666412966e-02, -1.4764819142012033e-02,
          9.8093588204964804e-03, -2.0105524438778857e-02,
          -1.4832869708796312e-01, -2.2441923515945705e-02,
          3.8029689665905600e-02, 3.5653396690460121e-01 ]
   - !!opencv-matrix
      rows: 10
      cols: 10
      dt: d
