%YAML:1.0
---
groups:
   - intact
   - CD19
intactGmmnames:
   - "intact.47691.0"
   - "intact.47691.1"
   - "intact.47691.2"
   - "intact.47691.3"
   - "intact.47691.4"
intactLabels:
   - FSC-A
   - SSC-A
   - SY41
   - CD19
   - CD10
   - CD20
   - CD45
   - CD34
   - CD38
   - CD58
intactMu: !!opencv-matrix
   rows: 5
   cols: 10
   dt: d
   data: [ 1.1260478348872454e+00, 2.9276197245731023e-01,
       2.9234547673277227e+00, 1.2770442323411029e+00,
       1.0377171339388436e+00, 1.2859219897414214e+00,
       3.2423416391136080e+00, 1.1197442124104633e+00,
       1.8424874377262872e+00, 1.0704228384241317e+00,
       2.2495179954899576e+00, 2.9621177151888900e+00,
       2.6850430034517747e+00, 1.4999224555600750e+00,
       2.8824654061810233e+00, 1.3066501369773489e+00,
       3.0686882054843632e+00, 1.2398289175732133e+00,
       1.9282428387117849e+00, 2.4788953239357086e+00,
       1.9425652091524239e+00, 2.7467169861472747e+00,
       3.0626381883110625e+00, 1.4437686195869011e+00,
       2.6394816746529419e+00, 1.3616298998983098e+00,
       2.8526845609000477e+00, 1.2702207443312938e+00,
       1.8128436677840125e+00, 2.2597703404839642e+00,
       1.2749668024773659e+00, 5.0284088892208012e-01,
       2.8140579841059288e+00, 1.2541636419540989e+00,
       1.2201958995526700e+00, 1.2532975153169981e+00,
       3.2806673392291081e+00, 1.0424450282474667e+00,
       2.2913362220247802e+00, 1.6314924169077980e+00,
       1.7541550229007488e+00, 1.6724229488062698e+00,
       2.8740185233387092e+00, 1.4995429706339407e+00,
       1.4649558450381082e+00, 1.6987083756019954e+00,
       3.0203373003832836e+00, 1.2682059272664288e+00,
       2.0686355197701234e+00, 1.8111979695804490e+00 ]
intactSigma:
   - !!opencv-matrix
      rows: 10
      cols: 10
      dt: d
      data: [ 2.1580683486383284e-02, 3.1693699283640501e-03,
          -8.8860463159512947e-04, -2.3082989584860645e-04,
          -1.8533472383458697e-03, -2.7380367275139711e-04,
          3.5160647407491345e-03, -2.7442007279497127e-04,
          -6.2803550049327311e-04, 2.9119145221888228e-03,
          3.1693699283640501e-03, 5.7071083033038844e-03,
          -8.4008656508411598e-04, -2.1225726048079469e-04,
          1.1587643112252748e-03, -2.3090563298918155e-04,
          3.1372272251529772e-03, -3.1740184975508642e-04,
          -4.7186319956821566e-03, 1.5707647304387395e-02,
          -8.8860463159512926e-04, -8.4008656508411609e-04,
          1.2094507671035138e-02, 3.2228729169696556e-04,
          1.2180026421188780e-03, 8.8092690282602550e-04,
          -1.2582113485590744e-03, 1.3185721137391470e-05,
          -2.4674790613423119e-04, -3.5979963896716513e-03,
          -2.3082989584860637e-04, -2.1225726048079474e-04,
          3.2228729169696572e-04, 2.7853886739618167e-03,
          -7.2568763142618941e-03, 2.2808318550354517e-05,
          -3.3542282271181701e-04, 6.8910353641423209e-04,
          1.1263326231833028e-03, -1.1809301942154292e-04,
          -1.8533472383458697e-03, 1.1587643112252750e-03,
          1.2180026421188786e-03, -7.2568763142618941e-03,
          1.0076661902753165e-01, -1.5938150735996040e-03,
          6.5708527421682325e-04, -1.8051189526829048e-02,
          -9.3458265880528805e-03, 6.4639586200549541e-03,
          -2.7380367275139716e-04, -2.3090563298918152e-04,
          8.8092690282602550e-04, 2.2808318550354510e-05,
          -1.5938150735996040e-03, 9.0532565757280407e-03,
          -7.2431625809997178e-05, 5.9353614478331736e-04,
          -8.3316341937637536e-04, -4.6055570972979394e-03,
          3.5160647407491345e-03, 3.1372272251529772e-03,
          -1.2582113485590744e-03, -3.3542282271181695e-04,
          6.5708527421682325e-04, -7.2431625809997178e-05,
          6.7507089782054544e-03, -6.6422591727252926e-04,
          -2.4385937894883560e-03, 5.2200612371816110e-03,
          -2.7442007279497127e-04, -3.1740184975508642e-04,
          1.3185721137391440e-05, 6.8910353641423176e-04,
          -1.8051189526829055e-02, 5.9353614478331736e-04,
          -6.6422591727252882e-04, 4.1668282817939821e-02,
          2.2468936424441298e-03, 3.1664908428386630e-04,
          -6.2803550049327279e-04, -4.7186319956821566e-03,
          -2.4674790613423109e-04, 1.1263326231833032e-03,
          -9.3458265880528805e-03, -8.3316341937637493e-04,
          -2.4385937894883568e-03, 2.2468936424441285e-03,
          6.3900027461920847e-02, -1.7225916877364945e-02,
          2.9119145221888228e-03, 1.5707647304387395e-02,
          -3.5979963896716513e-03, -1.1809301942154277e-04,
          6.4639586200549550e-03, -4.6055570972979385e-03,
          5.2200612371816110e-03, 3.1664908428386603e-04,
          -1.7225916877364945e-02, 1.9687074969742460e-01 ]
   - !!opencv-matrix
      rows: 10
      cols: 10
      dt: d
      data: [ 1.3145661701696237e-01, 1.3526213450809674e-01,
          -7.1515990535460303e-03, -8.1023872440973122e-04,
          -3.2445926616382734e-03, 1.0972167561416608e-03,
          8.1020257794480247e-04, 4.1510520086547832e-03,
          1.1551471521537189e-02, 8.3937803978332559e-03,
          1.3526213450809674e-01, 3.4973275970410944e-01,
          -6.5684166849625959e-03, 6.3110694803139352e-03,
          1.2804439585647880e-02, 2.7660528193316868e-04,
          1.0372487163038438e-02, 9.4523280363036245e-03,
          3.0056680757433216e-02, 2.0725737428337578e-02,
          -7.1515990535460294e-03, -6.5684166849625933e-03,
          3.8330078619407973e-02, 8.2206292150965171e-04,
          1.3685239237141557e-03, 1.0854877662974218e-03,
          -1.0688315029332258e-03, 1.5235134344394817e-04,
          1.3560022703907402e-03, 5.8229502857027118e-04,
          -8.1023872440973122e-04, 6.3110694803139378e-03,
          8.2206292150965171e-04, 3.2744872486688066e-02,
          1.6121635329228588e-02, -2.6432793138296642e-03,
          4.5351358077479181e-03, 1.0675911609773396e-03,
          8.8848249250885868e-03, 8.1625165935920790e-04,
          -3.2445926616382751e-03, 1.2804439585647883e-02,
          1.3685239237141559e-03, 1.6121635329228588e-02,
          4.6750113365489912e-02, -5.0713712778427886e-03,
          9.8621095375131165e-03, 7.8199348336504255e-05,
          9.4686632728300957e-03, 1.8332890813675560e-03,
          1.0972167561416608e-03, 2.7660528193316841e-04,
          1.0854877662974220e-03, -2.6432793138296642e-03,
          -5.0713712778427877e-03, 1.7811609784035433e-02,
          -8.8059255055764540e-04, 6.7239073748813060e-04,
          -3.8193558104118609e-03, 3.4531705681414767e-04,
          8.1020257794480247e-04, 1.0372487163038438e-02,
          -1.0688315029332256e-03, 4.5351358077479181e-03,
          9.8621095375131165e-03, -8.8059255055764540e-04,
          9.8774329755055880e-03, 6.9295868443786297e-04,
          2.1949468633247608e-03, 9.2886025875743756e-04,
          4.1510520086547832e-03, 9.4523280363036245e-03,
          1.5235134344394796e-04, 1.0675911609773396e-03,
          7.8199348336504377e-05, 6.7239073748813082e-04,
          6.9295868443786297e-04, 6.6524735393413595e-02,
          2.5531529680474785e-03, 7.7467315283032807e-04,
          1.1551471521537189e-02, 3.0056680757433219e-02,
          1.3560022703907404e-03, 8.8848249250885816e-03,
          9.4686632728300957e-03, -3.8193558104118609e-03,
          2.1949468633247603e-03, 2.5531529680474794e-03,
          2.4247808411841210e-02, 4.0843407918960016e-03,
          8.3937803978332559e-03, 2.0725737428337571e-02,
          5.8229502857027097e-04, 8.1625165935920779e-04,
          1.8332890813675560e-03, 3.4531705681414767e-04,
          9.2886025875743756e-04, 7.7467315283032807e-04,
          4.0843407918960024e-03, 8.2863691279196332e-03 ]
   - !!opencv-matrix
      rows: 10
      cols: 10
      dt: d
