%YAML:1.0
---
groups:
   - intact
   - CD19
   - blast
intactGmmnames:
   - "intact.47737.0"
   - "intact.47737.1"
   - "intact.47737.2"
   - "intact.47737.3"
   - "intact.47737.4"
intactLabels:
   - FSC-A
   - SSC-A
   - SY41
   - CD19
   - CD10
   - CD20
   - CD45
   - CD34
   - CD38
   - CD58
intactMu: !!opencv-matrix
   rows: 5
   cols: 10
   dt: d
   data: [ 1.4274734352967480e+00, 4.6337126443006155e-01,
       2.6481705117721619e+00, 1.3422499709373303e+00,
       1.1437982708354364e+00, 1.3523312789710640e+00,
       3.4825169046277127e+00, 1.0471368512461088e+00,
       2.4571333335505403e+00, 1.8020922763708278e+00,
       2.1322418757128410e+00, 2.7756043342571393e+00,
       2.9063750668130410e+00, 1.3632229954764494e+00,
       1.8322110067565931e+00, 1.3146964279406559e+00,
       2.9217574072559129e+00, 1.1840164225839656e+00,
       1.7595496519707987e+00, 2.3957742589013997e+00,
       1.7586863149875183e+00, 1.0903266494528816e+00,
       2.6884838859404283e+00, 1.4513973424405060e+00,
       1.4267316173155349e+00, 1.7248814551108322e+00,
       3.0120027203336921e+00, 1.2944352603550027e+00,
       2.1551536742917414e+00, 1.8952070107260448e+00,
       1.1413771752590389e+00, 2.7628052530474834e-01,
       2.6568987941827751e+00, 1.3313522659451522e+00,
       1.1665292896459385e+00, 1.2893247411815432e+00,
       3.4123106956372338e+00, 1.0464794822464305e+00,
       1.7348700806476574e+00, 1.0974328694505435e+00,
       9.0214063789635268e-01, 3.1855000015522827e-01,
       2.8455129474722729e+00, 1.3338666769929062e+00,
       1.2915925093730523e+00, 1.2761204390870609e+00,
       1.2698577511541740e+00, 1.1162065575345812e+00,
       1.6402572133987645e+00, 2.5546722032446527e+00 ]
intactSigma:
   - !!opencv-matrix
      rows: 10
      cols: 10
      dt: d
      data: [ 8.5468252902056938e-02, 2.7196502064509329e-02,
          -2.6918271578820511e-03, 1.2584394857535603e-03,
          -5.2966890444265122e-03, 4.4174173068548131e-03,
          1.3814277252916689e-02, 2.5938358225376565e-03,
          4.1516361927614098e-02, 6.4698541825924355e-02,
          2.7196502064509333e-02, 2.2801442926316147e-02,
          1.1889142498441343e-05, 1.1961036159208775e-03,
          -2.3702568679714780e-03, 2.0921184777416908e-03,
          9.1836032728752782e-03, 2.4069052347490990e-03,
          3.8419467931462725e-02, 4.1707053259164760e-02,
          -2.6918271578820516e-03, 1.1889142498441446e-05,
          4.0443924965544636e-02, 2.4315967749670290e-05,
          1.3777777011968920e-03, -1.2228216003242651e-03,
          -3.6261126330464880e-04, 8.0902695026246964e-04,
          -1.1367490791748432e-02, -5.2342245580422782e-03,
          1.2584394857535603e-03, 1.1961036159208775e-03,
          2.4315967749670334e-05, 1.0978986630519336e-03,
          -8.6750413522799325e-04, 1.9598141910537003e-04,
          2.0081917725811645e-04, 4.4672648375419040e-04,
          1.0500793392377044e-02, 2.3022983105458646e-03,
          -5.2966890444265122e-03, -2.3702568679714780e-03,
          1.3777777011968920e-03, -8.6750413522799336e-04,
          4.9912129698333283e-03, -6.6571491402670987e-04,
          -1.0805214449500873e-03, -4.3561879164770697e-03,
          -1.4626929904322152e-02, -4.8664950034217171e-03,
          4.4174173068548131e-03, 2.0921184777416913e-03,
          -1.2228216003242651e-03, 1.9598141910537008e-04,
          -6.6571491402670987e-04, 4.1107749619043128e-02,
          2.6049730731894506e-03, 9.0724616950912289e-04,
          1.2833160879406440e-02, 9.8511008240270322e-03,
          1.3814277252916689e-02, 9.1836032728752799e-03,
          -3.6261126330464858e-04, 2.0081917725811650e-04,
          -1.0805214449500871e-03, 2.6049730731894502e-03,
          1.6602062367540197e-02, 5.7919364373968751e-04,
          1.2720755301210420e-02, 2.7345927889587587e-02,
          2.5938358225376570e-03, 2.4069052347490982e-03,
          8.0902695026246953e-04, 4.4672648375419045e-04,
          -4.3561879164770697e-03, 9.0724616950912267e-04,
          5.7919364373968730e-04, 3.8178738818538109e-02,
          7.6975068836417238e-03, 6.3284381729300726e-03,
          4.1516361927614119e-02, 3.8419467931462725e-02,
          -1.1367490791748428e-02, 1.0500793392377042e-02,
          -1.4626929904322152e-02, 1.2833160879406443e-02,
          1.2720755301210420e-02, 7.6975068836417230e-03,
          4.5283318974497855e-01, 7.2647598360001078e-02,
          6.4698541825924355e-02, 4.1707053259164760e-02,
          -5.2342245580422790e-03, 2.3022983105458646e-03,
          -4.8664950034217171e-03, 9.8511008240270339e-03,
          2.7345927889587583e-02, 6.3284381729300778e-03,
          7.2647598360001078e-02, 2.0740092044910868e-01 ]
   - !!opencv-matrix
      rows: 10
      cols: 10
      dt: d
      data: [ 2.4818937442067351e-01, 1.5109669576607568e-01,
          -2.1910025589561809e-02, -8.3496310677488972e-05,
          -2.4145030769015488e-02, 1.1882391240730004e-03,
          -1.1597848331385482e-02, 3.0217050552006461e-03,
          2.0751442436240271e-02, 1.4357546597479232e-02,
          1.5109669576607571e-01, 3.7467421289464597e-01,
          -1.6323174111940352e-02, 2.0798294730894132e-03,
          5.1175111032182467e-02, 1.4357248975268081e-03,
          2.8590886292063234e-02, 7.2220862177576322e-03,
          2.2928452003605208e-02, 2.3484648082197367e-02,
          -2.1910025589561809e-02, -1.6323174111940352e-02,
          3.2288328363742298e-02, 4.6783574494271049e-04,
          -2.6291232261346476e-03, 2.8774838206528678e-03,
          -1.0923755916562028e-03, 7.6722209848109483e-04,
          -2.5791545354939831e-03, -1.8865743412869269e-03,
          -8.3496310677489067e-05, 2.0798294730894136e-03,
          4.6783574494271070e-04, 4.7261854091165964e-03,
          1.7556662674681361e-03, 3.8960977363111233e-05,
          1.6947715364942213e-03, 4.1330035210706672e-04,
          1.4149016436827394e-03, 5.8435417883623731e-04,
          -2.4145030769015488e-02, 5.1175111032182460e-02,
          -2.6291232261346472e-03, 1.7556662674681367e-03,
          1.5272375272593833e-01, -2.2428374693222270e-03,
          3.9931835435829385e-02, -3.5184570876066598e-03,
          1.4177715076771175e-03, 6.4962926830473590e-03,
          1.1882391240730006e-03, 1.4357248975268074e-03,
          2.8774838206528678e-03, 3.8960977363111260e-05,
          -2.2428374693222266e-03, 1.3133889512641951e-02,
          -1.1709914059531280e-06, 1.4465628019266845e-03,
          -1.4802800316888033e-03, 2.9172369869813231e-04,
          -1.1597848331385481e-02, 2.8590886292063234e-02,
          -1.0923755916562028e-03, 1.6947715364942213e-03,
          3.9931835435829385e-02, -1.1709914059531447e-06,
          2.7291334032846039e-02, 2.4030292534667147e-03,
          6.0336174649444825e-04, 2.8857500042348658e-03,
          3.0217050552006439e-03, 7.2220862177576322e-03,
          7.6722209848109537e-04, 4.1330035210706645e-04,
          -3.5184570876066606e-03, 1.4465628019266850e-03,
          2.4030292534667147e-03, 7.9878920686811614e-02,
          2.1062923827961664e-03, 1.4989985915492446e-03,
          2.0751442436240265e-02, 2.2928452003605208e-02,
          -2.5791545354939827e-03, 1.4149016436827391e-03,
          1.4177715076771180e-03, -1.4802800316888031e-03,
          6.0336174649444846e-04, 2.1062923827961664e-03,
          1.8489374924831034e-02, 4.9500753728503903e-03,
          1.4357546597479230e-02, 2.3484648082197367e-02,
          -1.8865743412869269e-03, 5.8435417883623763e-04,
          6.4962926830473590e-03, 2.9172369869813236e-04,
          2.8857500042348654e-03, 1.4989985915492439e-03,
          4.9500753728503903e-03, 1.2289637487268752e-02 ]
   - !!opencv-matrix
      rows: 10
      cols: 10
      dt: d
