%YAML:1.0
---
groups:
   - intact
   - CD19
intactGmmnames:
   - "intact.47863.0"
   - "intact.47863.1"
   - "intact.47863.2"
   - "intact.47863.3"
   - "intact.47863.4"
intactLabels:
   - FSC-A
   - SSC-A
   - SY41
   - CD19
   - CD10
   - CD20
   - CD45
   - CD34
   - CD38
   - CD58
intactMu: !!opencv-matrix
   rows: 5
   cols: 10
   dt: d
   data: [ 1.6010477383002901e+00, 4.7983647657082679e-01,
       2.7002308350028232e+00, 1.2775313180945178e+00,
       1.1136769803430517e+00, 1.2146906722791357e+00,
       3.4156474236535770e+00, 1.2387224922995044e+00,
       2.3906767169164529e+00, 1.5656990482336979e+00,
       1.4811663370686623e+00, 4.8953575537490829e-01,
       2.6834010574773242e+00, 1.3063092880488676e+00,
       1.0235383735733925e+00, 1.1960124481013301e+00,
       2.6300184866875154e+00, 1.2585225625758349e+00,
       1.5226887203297306e+00, 2.0884165340367740e+00,
       2.7490945154001549e+00, 2.9510945114937215e+00,
       2.9710980648709073e+00, 1.3926869249846539e+00,
       2.2632429166735535e+00, 1.3574130630375492e+00,
       2.9705787019237668e+00, 1.3313989178049830e+00,
       1.7440765179603916e+00, 2.2854826474932906e+00,
       1.8176482131615765e+00, 1.0389504347285596e+00,
       2.8498801862950844e+00, 1.3886627547422961e+00,
       1.2631636450236179e+00, 1.6143150928254073e+00,
       3.0783896268276441e+00, 1.4382556044263652e+00,
       2.4460963548306216e+00, 1.8073043040090626e+00,
       1.3431011517841975e+00, 2.9304452560663807e-01,
       2.8504388338481914e+00, 1.2989144666630734e+00,
       9.9430383913955978e-01, 1.2074620211331817e+00,
       3.3511860094522712e+00, 1.1640587295663347e+00,
       2.0479391555835664e+00, 1.0953614989816902e+00 ]
intactSigma:
   - !!opencv-matrix
      rows: 10
      cols: 10
      dt: d
      data: [ 7.6015059003112326e-02, 1.0094043375734297e-02,
          -1.8715270554927683e-02, -1.5069502506005375e-03,
          -4.5807092248731666e-04, -8.6495335818751460e-04,
          5.8142115158931196e-03, 5.0343616760615169e-03,
          2.4268147164431739e-02, 1.4569542426110381e-02,
          1.0094043375734297e-02, 1.4424435167515584e-02,
          -5.5778069210500941e-03, -4.6451116067244450e-04,
          3.3066522577659152e-03, 4.1250136526178242e-04,
          2.8341917420340729e-03, 4.1675315284688853e-03,
          2.0008338448326238e-02, 3.0504586093063290e-02,
          -1.8715270554927683e-02, -5.5778069210500950e-03,
          9.6936379386958732e-02, 2.8630582260104043e-03,
          -5.9453372108321375e-03, 8.6003346621245304e-04,
          -5.4058410935323856e-03, -3.7078702771004748e-03,
          -2.3549990673154619e-02, -1.4927963201340995e-02,
          -1.5069502506005375e-03, -4.6451116067244450e-04,
          2.8630582260104043e-03, 4.3773649707353011e-03,
          -1.2412041540484699e-02, -2.5388583390739954e-04,
          -1.2795997196441110e-03, 4.9143857804609728e-04,
          4.1490174335701681e-03, -1.3525838173388744e-03,
          -4.5807092248731644e-04, 3.3066522577659147e-03,
          -5.9453372108321375e-03, -1.2412041540484699e-02,
          1.3464667687006579e-01, 3.0360996818403055e-04,
          3.9482696881336966e-03, -3.5050450880532089e-02,
          3.9209053289704582e-03, 1.5832000299979387e-02,
          -8.6495335818751427e-04, 4.1250136526178258e-04,
          8.6003346621245228e-04, -2.5388583390739954e-04,
          3.0360996818403103e-04, 5.5877264035406597e-02,
          -4.2286656795448101e-04, 2.9036246350085554e-04,
          5.2909052615434946e-03, 2.2433459164254831e-03,
          5.8142115158931196e-03, 2.8341917420340737e-03,
          -5.4058410935323856e-03, -1.2795997196441110e-03,
          3.9482696881336966e-03, -4.2286656795448123e-04,
          1.0932162213732499e-02, 1.9993847998761353e-03,
          2.4933885466854899e-03, 8.7360649023756412e-03,
          5.0343616760615177e-03, 4.1675315284688853e-03,
          -3.7078702771004748e-03, 4.9143857804609696e-04,
          -3.5050450880532089e-02, 2.9036246350085549e-04,
          1.9993847998761335e-03, 1.3913069703921979e-01,
          8.2452741465919334e-03, 1.5548658391731677e-02,
          2.4268147164431739e-02, 2.0008338448326234e-02,
          -2.3549990673154615e-02, 4.1490174335701681e-03,
          3.9209053289704600e-03, 5.2909052615434946e-03,
          2.4933885466854890e-03, 8.2452741465919299e-03,
          3.3434078985761445e-01, 3.1301500897424936e-02,
          1.4569542426110381e-02, 3.0504586093063290e-02,
          -1.4927963201340995e-02, -1.3525838173388744e-03,
          1.5832000299979380e-02, 2.2433459164254840e-03,
          8.7360649023756412e-03, 1.5548658391731673e-02,
          3.1301500897424929e-02, 2.0680011349255009e-01 ]
   - !!opencv-matrix
      rows: 10
      cols: 10
      dt: d
      data: [ 1.3961616236990090e-01, 4.5530379981141627e-03,
          -2.0560896856534523e-02, -4.2974529062198502e-03,
          -4.1918060691349800e-03, -3.9210236979727690e-03,
          1.5572444946367231e-01, -5.8891585334425152e-03,
          -7.8821287221271779e-03, -2.9419326176691529e-02,
          4.5530379981141627e-03, 2.5779136855869956e-02,
          3.0473467161821707e-03, 9.8867317413981783e-04,
          6.6873231226875383e-03, 3.4630816306702402e-03,
          -1.1538099605538196e-02, 9.5489583715556003e-03,
          4.3036946676031926e-03, 2.9917870025142117e-02,
          -2.0560896856534523e-02, 3.0473467161821702e-03,
          1.0194394308333773e-01, 1.1602308498867384e-03,
          9.2798430117497915e-03, 4.3134609801151547e-03,
          -2.9963141998038161e-02, 6.4568774998972022e-04,
          1.6967044169709556e-03, 3.3315739272447684e-03,
          -4.2974529062198502e-03, 9.8867317413981783e-04,
          1.1602308498867384e-03, 2.6055742944513290e-03,
          -3.8717232450988315e-03, 2.2108674487456134e-04,
          -1.8524732761469834e-02, 1.5752027581110639e-03,
          1.1194336174948254e-03, 5.5773532892231690e-03,
          -4.1918060691349818e-03, 6.6873231226875348e-03,
          9.2798430117497915e-03, -3.8717232450988315e-03,
          7.3478968503220138e-02, 1.8114407552620789e-03,
          -1.8506851335598856e-02, -1.9474499827536327e-02,
          -1.5418000815692690e-03, 1.5944134901142500e-02,
          -3.9210236979727690e-03, 3.4630816306702394e-03,
          4.3134609801151538e-03, 2.2108674487456140e-04,
          1.8114407552620785e-03, 1.2538392965110610e-02,
          -7.0117150079936283e-03, 2.3366895596990504e-03,
          3.0512660393269666e-05, 4.4855320991818558e-03,
          1.5572444946367231e-01, -1.1538099605538196e-02,
          -2.9963141998038161e-02, -1.8524732761469834e-02,
          -1.8506851335598862e-02, -7.0117150079936300e-03,
          7.7303854230212654e-01, -4.0035991855773044e-03,
          -2.1116878341663481e-02, -2.1107206624440036e-01,
          -5.8891585334425144e-03, 9.5489583715556003e-03,
          6.4568774998972032e-04, 1.5752027581110641e-03,
          -1.9474499827536327e-02, 2.3366895596990522e-03,
          -4.0035991855773027e-03, 7.0093469031253103e-02,
          5.1239759360417452e-03, 9.9089901506843603e-03,
          -7.8821287221271779e-03, 4.3036946676031935e-03,
          1.6967044169709548e-03, 1.1194336174948256e-03,
          -1.5418000815692694e-03, 3.0512660393269592e-05,
          -2.1116878341663481e-02, 5.1239759360417452e-03,
          5.7474901232490048e-03, 8.9893976362277663e-03,
          -2.9419326176691525e-02, 2.9917870025142117e-02,
          3.3315739272447697e-03, 5.5773532892231682e-03,
          1.5944134901142500e-02, 4.4855320991818558e-03,
          -2.1107206624440036e-01, 9.9089901506843568e-03,
          8.9893976362277698e-03, 1.5946324122940309e-01 ]
   - !!opencv-matrix
      rows: 10
      cols: 10
      dt: d
