%YAML:1.0
---
groups:
   - intact
   - CD19
   - blast
intactGmmnames:
   - "intact.48018.0"
   - "intact.48018.1"
   - "intact.48018.2"
   - "intact.48018.3"
   - "intact.48018.4"
intactLabels:
   - FSC-A
   - SSC-A
   - SY41
   - CD19
   - CD10
   - CD20
   - CD45
   - CD34
   - CD38
   - CD58
intactMu: !!opencv-matrix
   rows: 5
   cols: 10
   dt: d
   data: [ 1.6217859201263434e+00, 2.9613326466838902e-01,
       1.8523811019284329e+00, 1.2701323422103652e+00,
       9.3416961509208507e-01, 1.1777815172209460e+00,
       3.4727996455952526e+00, 9.1321908096514193e-01,
       1.2412746087040651e+00, 1.2323925840479715e+00,
       1.7002698801452092e+00, 5.1875519279673554e-01,
       1.4158636622312268e+00, 1.2749686296140270e+00,
       9.7954880139133282e-01, 1.2084231220276334e+00,
       1.1845782927697601e+00, 1.0221835267814587e+00,
       1.0929961085140902e+00, 2.2252259883124257e+00,
       1.7292310985769295e+00, 6.1029885665672023e-01,
       1.9450422809789127e+00, 1.3578279321220761e+00,
       1.1176644430359772e+00, 1.3396871682338922e+00,
       2.8192304323829891e+00, 1.1424671842483620e+00,
       1.6197845777734974e+00, 1.9762193664125087e+00,
       1.6561818238006880e+00, 4.4276026693396509e-01,
       1.9455761042624673e+00, 1.2822490676354108e+00,
       1.0052726022757934e+00, 1.1358507353090523e+00,
       3.5928014453783024e+00, 9.3001686780849513e-01,
       1.6498974038658105e+00, 1.8281409050582724e+00,
       1.4654918590161927e+00, 3.1966041962084063e-01,
       1.7161197851238803e+00, 1.2730999127775195e+00,
       9.3233970194605387e-01, 1.1777343347589124e+00,
       3.4685351473420480e+00, 9.1542822197528884e-01,
       1.5985423170946982e+00, 1.1287773248592357e+00 ]
intactSigma:
   - !!opencv-matrix
      rows: 10
      cols: 10
      dt: d
      data: [ 2.9276435792162631e-02, 3.4883957459779210e-03,
          2.9247186882775098e-03, -1.5303262527028696e-04,
          1.6797266864547024e-03, -1.6951177819222687e-04,
          7.2059052020901444e-03, 2.8721686677588227e-04,
          1.7678191948573587e-03, 1.6154761483395730e-02,
          3.4883957459779210e-03, 3.1890030479217488e-03,
          3.2567945118547309e-04, 8.7372828605558289e-05,
          7.4405206318761143e-04, -1.9643955129662404e-04,
          2.1633037521720266e-03, 4.8844083966201476e-04,
          -4.2109228356949696e-04, 9.5812415357663504e-03,
          2.9247186882775103e-03, 3.2567945118547299e-04,
          5.7172159005726378e-02, -3.8438274713446702e-06,
          -4.5922027083966286e-04, 1.4361442199144520e-04,
          5.4252697267762376e-04, 3.6935669223475779e-04,
          7.2879858081079444e-04, 1.3608360179949800e-02,
          -1.5303262527028690e-04, 8.7372828605558316e-05,
          -3.8438274713447591e-06, 6.5314850862962064e-03,
          -5.3574895782855583e-03, -4.7174484754425257e-04,
          -2.6989779046264780e-05, 5.8921689094130363e-04,
          4.1140835043101715e-04, 1.2276272368617214e-03,
          1.6797266864547029e-03, 7.4405206318761154e-04,
          -4.5922027083966286e-04, -5.3574895782855592e-03,
          6.4841253606340771e-02, 8.7848105303513007e-04,
          1.1534973669091511e-03, -3.4688817710414608e-03,
          -1.2423053705726058e-03, 7.5499142413562011e-03,
          -1.6951177819222676e-04, -1.9643955129662399e-04,
          1.4361442199144520e-04, -4.7174484754425257e-04,
          8.7848105303513029e-04, 7.5707236461930675e-03,
          -2.0101769273939675e-04, 1.6335276476931148e-04,
          -3.3912964084695692e-03, -1.5934204866402532e-03,
          7.2059052020901444e-03, 2.1633037521720270e-03,
          5.4252697267762376e-04, -2.6989779046264776e-05,
          1.1534973669091511e-03, -2.0101769273939686e-04,
          7.4589129228757644e-03, 2.2097938287959843e-05,
          2.5115445993252410e-04, 1.0450019359190328e-02,
          2.8721686677588275e-04, 4.8844083966201454e-04,
          3.6935669223475746e-04, 5.8921689094130407e-04,
          -3.4688817710414590e-03, 1.6335276476931154e-04,
          2.2097938287959789e-05, 3.8545682930059194e-02,
          2.5425805546588177e-04, 5.3296475599275365e-03,
          1.7678191948573587e-03, -4.2109228356949685e-04,
          7.2879858081079541e-04, 4.1140835043101704e-04,
          -1.2423053705726060e-03, -3.3912964084695696e-03,
          2.5115445993252399e-04, 2.5425805546588199e-04,
          2.6197085290102180e-02, 3.7393687938827634e-04,
          1.6154761483395730e-02, 9.5812415357663522e-03,
          1.3608360179949805e-02, 1.2276272368617214e-03,
          7.5499142413562011e-03, -1.5934204866402532e-03,
          1.0450019359190328e-02, 5.3296475599275330e-03,
          3.7393687938827634e-04, 1.5082343714099899e-01 ]
   - !!opencv-matrix
      rows: 10
      cols: 10
      dt: d
      data: [ 2.2778015353507636e-01, 6.7149633329263506e-03,
          3.7377962889273600e-02, -1.1794502791618938e-03,
          4.1421642370547502e-03, 1.3956025951375513e-03,
          1.5376400633572412e-02, 9.6008822456844622e-03,
          5.6496927647679464e-03, 4.9606005463428977e-02,
          6.7149633329263506e-03, 3.0185506988036466e-02,
          2.4481613787065101e-03, 5.8577678394919591e-04,
          1.9747982980347165e-03, 1.8059539998075091e-04,
          8.4393229075701952e-04, 1.3606673839304884e-03,
          9.2764111849889938e-04, 5.4368527557159202e-03,
          3.7377962889273586e-02, 2.4481613787065105e-03,
          1.5974961076072200e-01, 4.1882877253899100e-04,
          4.6284604847668864e-03, 7.0785391684426873e-04,
          6.6695055382811957e-03, 4.5018531752737106e-03,
          2.3558060133954273e-03, 2.0800576157478327e-02,
          -1.1794502791618938e-03, 5.8577678394919602e-04,
          4.1882877253899127e-04, 7.0389700261440135e-03,
          -6.5293837788997743e-03, -5.6670551523929798e-04,
          1.0537109363830568e-03, 2.1682785980181685e-04,
          7.7029015852477249e-04, 6.0832478026525436e-04,
          4.1421642370547502e-03, 1.9747982980347174e-03,
          4.6284604847668864e-03, -6.5293837788997743e-03,
          7.0957185984486998e-02, 1.5766646488845342e-03,
          3.0939398451474672e-03, -8.4614535194663370e-03,
          -1.1131275054754406e-03, 3.2354889736173186e-03,
          1.3956025951375511e-03, 1.8059539998075075e-04,
          7.0785391684426830e-04, -5.6670551523929787e-04,
          1.5766646488845348e-03, 8.2971037299961557e-03,
          8.6244337088216966e-04, 3.2469333930480027e-04,
          -2.1018926585237617e-03, 4.6892867678759701e-04,
          1.5376400633572412e-02, 8.4393229075701984e-04,
          6.6695055382811931e-03, 1.0537109363830564e-03,
          3.0939398451474667e-03, 8.6244337088216966e-04,
          5.5831381554097538e-02, 4.1557372235750045e-03,
          4.6232602567077528e-03, 5.4604009106150935e-03,
          9.6008822456844639e-03, 1.3606673839304886e-03,
          4.5018531752737106e-03, 2.1682785980181696e-04,
          -8.4614535194663353e-03, 3.2469333930480054e-04,
          4.1557372235750062e-03, 8.7317771606461342e-02,
          1.1860524948126060e-03, 4.3449232691849396e-03,
          5.6496927647679464e-03, 9.2764111849889905e-04,
          2.3558060133954278e-03, 7.7029015852477249e-04,
          -1.1131275054754397e-03, -2.1018926585237617e-03,
          4.6232602567077537e-03, 1.1860524948126055e-03,
          1.4403893870965915e-02, 2.9532752920477003e-03,
          4.9606005463428977e-02, 5.4368527557159220e-03,
          2.0800576157478327e-02, 6.0832478026525425e-04,
          3.2354889736173186e-03, 4.6892867678759680e-04,
          5.4604009106150935e-03, 4.3449232691849396e-03,
          2.9532752920477003e-03, 2.9245129190501019e-02 ]
   - !!opencv-matrix
      rows: 10
      cols: 10
      dt: d
      data: [ 6.4598522298187633e-01, 1.7949100603318216e-01,
          1.3601716556946539e-01, -2.5603563082215812e-04,
          2.7547386830676868e-02, -3.4033889475397754e-02,
          2.1850205564515662e-01, 5.8492349613605915e-02,
          2.4068389276121618e-01, 1.6007308257871639e-01,
          1.7949100603318216e-01, 1.7477788254503851e-01,
          5.6647423450496510e-02, 1.0181246928735953e-03,
          4.1013379563261801e-02, -4.0998679652341614e-02,
          5.2263056382830297e-02, 4.2262322556178185e-02,
          1.0640707180289669e-01, 1.0711640595575285e-01,
          1.3601716556946539e-01, 5.6647423450496510e-02,
          1.3193386203260876e-01, 3.7247925690370976e-03,
          2.8457474607175702e-02, -2.3639340996350688e-02,
          1.2561352138328349e-01, 3.4399889481768801e-02,
          8.7538847207376272e-02, 6.6282978335467604e-02,
          -2.5603563082215737e-04, 1.0181246928735955e-03,
          3.7247925690370989e-03, 3.9076228719298549e-02,
          7.5055399558193936e-03, 6.1464648427088870e-03,
          3.3964853186921197e-02, 2.5886513041742114e-03,
          4.9550030916805567e-03, -7.6064710048372669e-03,
          2.7547386830676868e-02, 4.1013379563261801e-02,
          2.8457474607175702e-02, 7.5055399558193927e-03,
          1.3945330211320409e-01, -2.1228213966516054e-02,
          5.7429691771453698e-02, 3.6241528446577326e-02,
          4.4511181419867756e-02, 4.4100924093398913e-02,
          -3.4033889475397754e-02, -4.0998679652341614e-02,
          -2.3639340996350695e-02, 6.1464648427088870e-03,
          -2.1228213966516061e-02, 1.8615401062347042e-01,
          4.9111437315371348e-02, -2.9951716604085507e-02,
          -6.9286221977577908e-03, -7.4827279911414496e-02,
          2.1850205564515660e-01, 5.2263056382830297e-02,
          1.2561352138328349e-01, 3.3964853186921197e-02,
          5.7429691771453691e-02, 4.9111437315371355e-02,
          6.3286975545812130e-01, 1.6185002789575458e-02,
          2.2358156329613099e-01, -3.3157616844831067e-02,
          5.8492349613605915e-02, 4.2262322556178185e-02,
          3.4399889481768801e-02, 2.5886513041742114e-03,
          3.6241528446577326e-02, -2.9951716604085507e-02,
          1.6185002789575458e-02, 1.9470563513922920e-01,
          7.3754797180508522e-02, 7.0551108721303907e-02,
          2.4068389276121616e-01, 1.0640707180289670e-01,
          8.7538847207376272e-02, 4.9550030916805593e-03,
          4.4511181419867762e-02, -6.9286221977577951e-03,
          2.2358156329613096e-01, 7.3754797180508522e-02,
          3.4404945642696327e-01, 8.0418031846579890e-02,
          1.6007308257871639e-01, 1.0711640595575285e-01,
          6.6282978335467604e-02, -7.6064710048372687e-03,
          4.4100924093398906e-02, -7.4827279911414496e-02,
          -3.3157616844831067e-02, 7.0551108721303907e-02,
          8.0418031846579904e-02, 2.3977793339637396e-01 ]
   - !!opencv-matrix
      rows: 10
      cols: 10
      dt: d
      data: [ 9.0136128124006398e-02, -4.7762351142107752e-04,
          2.3410173252127735e-02, -1.1060336192787958e-03,
          -2.4488797613907518e-03, -2.3601196638232758e-03,
          5.9907794724136159e-03, 3.2952960900353629e-05,
          4.8779890311224814e-03, 1.9922957905870984e-02,
          -4.7762351142107752e-04, 9.3245967543951220e-03,
          7.9387330233563608e-04, 6.1395824174124308e-04,
          2.4376269515750375e-03, -1.0603705863958073e-03,
          3.5705381661652420e-03, 2.2666159900739656e-03,
          3.2839657876259942e-03, 1.2049509696543054e-02,
          2.3410173252127735e-02, 7.9387330233563597e-04,
          6.4322235547342080e-02, -7.5748152468824154e-05,
          5.4222070686716815e-04, -1.3146639088373578e-03,
          5.7889228774746400e-03, 2.1524806516216677e-03,
          9.6386589872246402e-04, 1.9676259787332871e-02,
          -1.1060336192787958e-03, 6.1395824174124297e-04,
          -7.5748152468824127e-05, 7.4474265216971621e-03,
          -4.9434193482905606e-03, -7.5590979431248376e-04,
          -1.0606063595730254e-05, 7.8709082470883914e-04,
          3.8524924770178639e-03, 9.9349156476770178e-04,
          -2.4488797613907501e-03, 2.4376269515750375e-03,
          5.4222070686716717e-04, -4.9434193482905606e-03,
          7.2905556596817314e-02, -4.0084681035556038e-05,
          1.9247999582078905e-03, -7.0001102269455539e-03,
          2.7145188734833468e-03, 7.0100561494037964e-03,
          -2.3601196638232762e-03, -1.0603705863958073e-03,
          -1.3146639088373578e-03, -7.5590979431248344e-04,
          -4.0084681035556214e-05, 1.7289503778030908e-02,
          -2.4851416158523966e-03, -1.9694134914936300e-04,
          -2.1034556428600030e-02, -8.3115535780473072e-03,
          5.9907794724136151e-03, 3.5705381661652416e-03,
          5.7889228774746409e-03, -1.0606063595730270e-05,
          1.9247999582078911e-03, -2.4851416158523966e-03,
          1.4603319480408876e-02, 5.8898054344785162e-04,
          7.4617130260391865e-03, 1.9286429911836551e-02,
          3.2952960900353405e-05, 2.2666159900739656e-03,
          2.1524806516216677e-03, 7.8709082470883914e-04,
          -7.0001102269455513e-03, -1.9694134914936305e-04,
          5.8898054344785206e-04, 7.1108167471061023e-02,
          2.4318781039643668e-03, 7.4729038079936645e-03,
          4.8779890311224832e-03, 3.2839657876259946e-03,
          9.6386589872246478e-04, 3.8524924770178639e-03,
          2.7145188734833477e-03, -2.1034556428600030e-02,
          7.4617130260391865e-03, 2.4318781039643681e-03,
          2.0288299854481126e-01, 1.6391428377793348e-02,
          1.9922957905870991e-02, 1.2049509696543054e-02,
          1.9676259787332864e-02, 9.9349156476770178e-04,
          7.0100561494037981e-03, -8.3115535780473072e-03,
          1.9286429911836555e-02, 7.4729038079936611e-03,
          1.6391428377793348e-02, 9.6358924607571381e-02 ]
   - !!opencv-matrix
      rows: 10
      cols: 10
      dt: d
      data: [ 5.0712820365094405e-02, -3.1396460102161815e-03,
          5.7415685705395165e-03, -2.1048287009534246e-04,
          -1.9363742026241662e-03, -5.1756693182386016e-04,
          2.1288172050912112e-03, 3.7278305651286433e-04,
          2.7003906698227529e-02, -2.5064890957945019e-03,
          -3.1396460102161815e-03, 4.2810767062014983e-03,
          -1.2096077685163637e-03, 7.3164095414132913e-05,
          7.2134658565803703e-04, 4.2402071517421378e-05,
          1.7944619913093139e-03, 5.1288353456354827e-04,
          -6.6450621213081590e-03, 4.8990632484180278e-03,
          5.7415685705395191e-03, -1.2096077685163637e-03,
          1.0243130824251116e-01, 5.2181739708992166e-05,
          -1.1282078642131288e-03, 4.9999383970824229e-04,
          -1.6967368651364057e-04, 6.9669695769595749e-04,
          1.2366151632997834e-02, -2.4946767013711985e-03,
          -2.1048287009534252e-04, 7.3164095414132954e-05,
          5.2181739708992200e-05, 6.5739550858398346e-03,
          -5.3362377610490092e-03, -5.1235702970715705e-04,
          6.5279135226012567e-05, 6.0203314339359634e-04,
          7.8967876955654819e-04, 1.2460251225184294e-03,
          -1.9363742026241666e-03, 7.2134658565803703e-04,
          -1.1282078642131284e-03, -5.3362377610490092e-03,
          6.2964645267783129e-02, 8.8933393243399988e-04,
          2.6665241492237248e-04, -3.2406280049949547e-03,
          -3.4394632225392199e-03, 7.0570663884586245e-03,
          -5.1756693182386005e-04, 4.2402071517421364e-05,
          4.9999383970824229e-04, -5.1235702970715705e-04,
          8.8933393243399923e-04, 1.0793908744284014e-02,
          6.6851975690090246e-05, -4.9588691300493663e-05,
          -7.6284094824160195e-03, 1.4988808746151246e-04,
          2.1288172050912112e-03, 1.7944619913093139e-03,
          -1.6967368651364049e-04, 6.5279135226012540e-05,
          2.6665241492237243e-04, 6.6851975690090273e-05,
          4.9686655133389492e-03, 2.3791288001328710e-04,
          -2.4638455503475151e-03, 3.7750772278273568e-03,
          3.7278305651286444e-04, 5.1288353456354838e-04,
          6.9669695769595825e-04, 6.0203314339359634e-04,
          -3.2406280049949543e-03, -4.9588691300493561e-05,
          2.3791288001328699e-04, 3.5700773813470275e-02,
          -1.3867285891489665e-04, 3.6244375159130661e-03,
          2.7003906698227532e-02, -6.6450621213081590e-03,
          1.2366151632997834e-02, 7.8967876955654862e-04,
          -3.4394632225392234e-03, -7.6284094824160195e-03,
          -2.4638455503475151e-03, -1.3867285891489678e-04,
          1.3875642112360986e-01, -1.5479376355673508e-02,
          -2.5064890957945036e-03, 4.8990632484180278e-03,
          -2.4946767013711993e-03, 1.2460251225184292e-03,
          7.0570663884586228e-03, 1.4988808746151241e-04,
          3.7750772278273568e-03, 3.6244375159130652e-03,
          -1.5479376355673504e-02, 1.0852357200239188e-01 ]
intactC: !!opencv-matrix
   rows: 1
   cols: 5
   dt: d
   data: [ 2.6311586451783625e-01, 8.3397895869616420e-02,
       2.6165722124514918e-02, 1.4391182071195041e-01,
       2.7364450658055317e-01 ]
intactNumEvents: 298186.
intactMaxVals: !!opencv-matrix
   rows: 1
   cols: 10
   dt: d
   data: [ 4.5000000000000000e+00, 4.5000000000000000e+00,
       4.5000000000000000e+00, 4.5000000000000000e+00,
       4.5000000000000000e+00, 4.5000000000000000e+00,
       4.5000000000000000e+00, 4.5000000000000000e+00,
       4.5000000000000000e+00, 4.5000000000000000e+00 ]
CD19Gmmnames:
   - "CD19.48018.0"
   - "CD19.48018.1"
CD19Labels:
   - FSC-A
   - SSC-A
   - SY41
   - CD19
   - CD10
   - CD20
   - CD45
   - CD34
   - CD38
   - CD58
CD19Mu: !!opencv-matrix
   rows: 2
   cols: 10
   dt: d
   data: [ 1.4071451664944898e+00, 2.8904052885757964e-01,
       1.5421748337784853e+00, 2.7018484514724777e+00,
       9.7751401501672497e-01, 1.3035261335266455e+00,
       3.4715018384285545e+00, 9.2259148094304366e-01,
       1.1498054026945255e+00, 1.2026010942305967e+00,
       1.4838415738049888e+00, 3.4632814785433375e-01,
       1.6199195290573429e+00, 2.7416937330153930e+00,
       1.0465443993572356e+00, 2.1017141520527227e+00,
       3.5015790552571566e+00, 9.4953716929387988e-01,
       1.4999279577023370e+00, 1.3332892788114901e+00 ]
CD19Sigma:
   - !!opencv-matrix
      rows: 10
      cols: 10
      dt: d
      data: [ 3.0940182352175022e-02, -2.1560985837206807e-03,
          8.2402840719295947e-03, 2.1588547645386221e-03,
          -1.0636830479122624e-03, -1.4383134787496813e-03,
          1.8947411467954631e-03, 4.7161800011438204e-05,
          3.0352588258913038e-04, 3.5422582819022641e-03,
          -2.1560985837206798e-03, 3.5414100209203840e-03,
          1.1885562211664739e-03, 2.1955028037876183e-03,
          8.5893059426711581e-04, 4.2492648915265762e-04,
          1.6072499764119869e-03, 4.0239527498520832e-04,
          4.8392730061719177e-04, 6.1412394772214990e-03,
          8.2402840719295965e-03, 1.1885562211664739e-03,
          1.0344537094663454e-01, -1.5480105115592052e-03,
          1.8116492438500342e-03, 1.3246609049833973e-03,
          7.9733196548169576e-05, 8.3139768670378639e-04,
          -2.1360513110845464e-04, 1.7075013398680512e-02,
          2.1588547645386208e-03, 2.1955028037876178e-03,
          -1.5480105115592056e-03, 3.4520402688275095e-02,
          1.4453664599453498e-03, -5.9965568624595934e-03,
          5.0687578174637860e-03, 5.0181694489545776e-04,
          1.2676782273019751e-03, 5.1218688367853041e-03,
          -1.0636830479122626e-03, 8.5893059426711603e-04,
          1.8116492438500344e-03, 1.4453664599453505e-03,
          7.0135726230782264e-02, 3.8009922360764521e-04,
          9.2525770967644507e-04, -2.6414650850027327e-03,
          -1.3748343103772796e-03, 5.2213929728124400e-03,
          -1.4383134787496813e-03, 4.2492648915265800e-04,
          1.3246609049833978e-03, -5.9965568624595917e-03,
          3.8009922360764489e-04, 3.0550519466207977e-02,
          -5.8108207037789616e-05, 2.1910391767571670e-04,
          2.1731156706291258e-03, 2.4250262663605833e-04,
          1.8947411467954635e-03, 1.6072499764119869e-03,
          7.9733196548169576e-05, 5.0687578174637860e-03,
          9.2525770967644475e-04, -5.8108207037789704e-05,
          7.7574759905559773e-03, 1.9925202164340085e-05,
          1.3648260113513315e-03, 6.0424429893837159e-03,
          4.7161800011438217e-05, 4.0239527498520827e-04,
          8.3139768670378649e-04, 5.0181694489545787e-04,
          -2.6414650850027331e-03, 2.1910391767571675e-04,
          1.9925202164340017e-05, 3.2908203056914151e-02,
          2.9422783076893172e-04, 2.9491671118029223e-03,
          3.0352588258913038e-04, 4.8392730061719177e-04,
          -2.1360513110845435e-04, 1.2676782273019745e-03,
          -1.3748343103772798e-03, 2.1731156706291249e-03,
          1.3648260113513315e-03, 2.9422783076893172e-04,
          1.4694209380196424e-02, 1.1912426025036988e-03,
          3.5422582819022632e-03, 6.1412394772214990e-03,
          1.7075013398680519e-02, 5.1218688367853033e-03,
          5.2213929728124409e-03, 2.4250262663605881e-04,
          6.0424429893837167e-03, 2.9491671118029223e-03,
          1.1912426025036992e-03, 9.8958225042637474e-02 ]
   - !!opencv-matrix
      rows: 10
      cols: 10
      dt: d
      data: [ 1.1282313224350886e-01, 1.7148633227579486e-02,
          3.2864158228758773e-02, 1.3185158436128469e-02,
          5.3273117108428459e-03, 1.8790502231030477e-02,
          1.7396301521975400e-02, 1.9121085685943453e-03,
          2.6143543681703782e-02, 2.9192920715881782e-02,
          1.7148633227579486e-02, 1.5290702285543946e-02,
          1.4651414757814054e-02, 8.9485341054263579e-03,
          6.1315591805164542e-03, 6.1795686322052810e-03,
          7.8062507090897711e-03, 2.6658319834903686e-03,
          8.4837048481533738e-03, 2.4223104165760210e-02,
          3.2864158228758773e-02, 1.4651414757814049e-02,
          1.1682920275112747e-01, 6.2527297476777204e-03,
          8.2841450473630854e-03, 4.9807126616530891e-03,
          7.9028385806168919e-03, 4.7845551143356575e-03,
          8.1477505576290875e-03, 4.2860995807766415e-02,
          1.3185158436128467e-02, 8.9485341054263579e-03,
          6.2527297476777204e-03, 4.3870504225711010e-02,
          6.2457152298758126e-03, 2.0020069438959544e-02,
          1.0339218359758569e-02, 2.2657498306977854e-03,
          9.8967310601536691e-03, 1.5989495305994455e-02,
          5.3273117108428459e-03, 6.1315591805164542e-03,
          8.2841450473630854e-03, 6.2457152298758135e-03,
          1.1815656371263535e-01, -3.7954563215157541e-03,
          4.2175193577977960e-03, 3.8152438151425965e-03,
          5.8965926269069647e-03, 1.5331923624342818e-02,
          1.8790502231030477e-02, 6.1795686322052810e-03,
          4.9807126616530891e-03, 2.0020069438959544e-02,
          -3.7954563215157554e-03, 1.8047547353001286e-01,
          9.8575185456009178e-03, -3.0112893021385979e-03,
          5.4994114663958531e-02, 4.4958995529033969e-03,
          1.7396301521975400e-02, 7.8062507090897711e-03,
          7.9028385806168919e-03, 1.0339218359758569e-02,
          4.2175193577977969e-03, 9.8575185456009160e-03,
          1.4679919402539487e-02, 1.0362561174549520e-03,
          1.0027275795113011e-02, 1.4488207409694410e-02,
          1.9121085685943466e-03, 2.6658319834903686e-03,
          4.7845551143356549e-03, 2.2657498306977849e-03,
          3.8152438151425965e-03, -3.0112893021385979e-03,
          1.0362561174549522e-03, 7.2719786256250876e-02,
          3.4702069893743920e-04, 7.7776849942754788e-03,
          2.6143543681703782e-02, 8.4837048481533738e-03,
          8.1477505576290910e-03, 9.8967310601536674e-03,
          5.8965926269069647e-03, 5.4994114663958531e-02,
          1.0027275795113011e-02, 3.4702069893743952e-04,
          8.3702036173062905e-02, 1.0514898845413489e-02,
          2.9192920715881792e-02, 2.4223104165760210e-02,
          4.2860995807766415e-02, 1.5989495305994455e-02,
          1.5331923624342818e-02, 4.4958995529033943e-03,
          1.4488207409694410e-02, 7.7776849942754762e-03,
          1.0514898845413486e-02, 1.2596118481239882e-01 ]
CD19C: !!opencv-matrix
   rows: 1
   cols: 2
   dt: d
   data: [ 9.4785371738147120e-02, 1.1484631126224125e-01 ]
CD19NumEvents: 79102.
CD19MaxVals: !!opencv-matrix
   rows: 1
   cols: 10
   dt: d
   data: [ 4.5000000000000000e+00, 4.5000000000000000e+00,
       4.5000000000000000e+00, 4.5000000000000000e+00,
       4.5000000000000000e+00, 4.5000000000000000e+00,
       4.5000000000000000e+00, 4.5000000000000000e+00,
       4.5000000000000000e+00, 4.5000000000000000e+00 ]
blastGmmnames:
   - "blast.48018.0"
blastLabels:
   - FSC-A
   - SSC-A
   - SY41
   - CD19
   - CD10
   - CD20
   - CD45
   - CD34
   - CD38
   - CD58
blastMu: !!opencv-matrix
   rows: 1
   cols: 10
   dt: d
   data: [ 1.5336387991905214e+00, 4.9370522230863573e-01,
       1.6981119287014008e+00, 2.9733663082122805e+00,
       3.4242739725112914e+00, 1.2077002525329590e+00,
       2.7100213193893432e+00, 2.4405817198753357e+00,
       1.9888268435001373e+00, 2.3079504036903380e+00 ]
blastSigma:
   - !!opencv-matrix
      rows: 10
      cols: 10
      dt: d
      data: [ 6.4598947961122380e-02, -2.3566373596440012e-03,
          2.0931209253540046e-02, 7.1456548752223672e-03,
          -9.1851066655156601e-03, 2.7164141378849684e-02,
          5.7621386128510624e-03, -1.2948925572647428e-02,
          3.1045616465276715e-02, -3.4959994850688350e-03,
          -2.3566373596440012e-03, 1.4638326567203788e-02,
          7.2229923534497488e-03, 9.1020166128887928e-03,
          1.2187459132078710e-02, -5.7017832549540537e-03,
          1.3330182850752333e-02, -5.5420452745663065e-04,
          1.8419614929359524e-02, 1.5568012158218503e-02,
          2.0931209253540046e-02, 7.2229923534497488e-03,
          6.1626914395823844e-02, -1.9391978788406165e-03,
          -2.8089102116867428e-03, 7.2793245751123703e-03,
          -1.4957641642235047e-03, -1.1309635249579580e-03,
          4.2278926292113439e-02, 1.0071839946247134e-02,
          7.1456548752223672e-03, 9.1020166128887928e-03,
          -1.9391978788406165e-03, 5.8183922526436629e-02,
          2.9188393007047810e-02, -1.0138315684621660e-02,
          2.0948848969723485e-02, 2.0548449957401876e-02,
          6.4444181188522284e-02, 2.3874779835193070e-02,
          -9.1851066655156601e-03, 1.2187459132078710e-02,
          -2.8089102116867428e-03, 2.9188393007047810e-02,
          6.3541065330631460e-02, 8.2861851198569505e-03,
          1.1692875398373125e-02, 1.4172555348538738e-02,
          7.9807040514971714e-02, 3.3674691688054155e-02,
          2.7164141378849684e-02, -5.7017832549540537e-03,
          7.2793245751123703e-03, -1.0138315684621660e-02,
          8.2861851198569505e-03, 1.5515717179751662e-01,
          1.4324974362284297e-02, -5.4785968622286406e-03,
          1.9358418221669393e-01, -7.0586072606241123e-03,
          5.7621386128510624e-03, 1.3330182850752333e-02,
          -1.4957641642235047e-03, 2.0948848969723485e-02,
          1.1692875398373125e-02, 1.4324974362284297e-02,
          3.8025129809511345e-02, 9.0436405095326664e-03,
          4.9351389876940197e-02, 2.3310764573029209e-02,
          -1.2948925572647428e-02, -5.5420452745663065e-04,
          -1.1309635249579580e-03, 2.0548449957401876e-02,
          1.4172555348538738e-02, -5.4785968622286406e-03,
          9.0436405095326664e-03, 2.1758576440968710e-01,
          -1.0057514671902724e-01, 1.4257097339287627e-02,
          3.1045616465276715e-02, 1.8419614929359524e-02,
          4.2278926292113439e-02, 6.4444181188522284e-02,
          7.9807040514971714e-02, 1.9358418221669393e-01,
          4.9351389876940197e-02, -1.0057514671902724e-01,
          6.1444763101619859e-01, 4.7545045360868440e-02,
          -3.4959994850688350e-03, 1.5568012158218503e-02,
          1.0071839946247134e-02, 2.3874779835193070e-02,
          3.3674691688054155e-02, -7.0586072606241123e-03,
          2.3310764573029209e-02, 1.4257097339287627e-02,
          4.7545045360868440e-02, 4.1756671976358621e-02 ]
blastC: !!opencv-matrix
   rows: 1
   cols: 1
   dt: d
   data: [ 1.3250719514069681e-04 ]
blastNumEvents: 50.
blastMaxVals: !!opencv-matrix
   rows: 1
   cols: 10
   dt: d
   data: [ 4.5000000000000000e+00, 4.5000000000000000e+00,
       4.5000000000000000e+00, 4.5000000000000000e+00,
       4.5000000000000000e+00, 4.5000000000000000e+00,
       4.5000000000000000e+00, 4.5000000000000000e+00,
       4.5000000000000000e+00, 4.5000000000000000e+00 ]
