%YAML:1.0
---
groups:
   - intact
   - CD19
   - blast
intactGmmnames:
   - "intact.48018.0"
   - "intact.48018.1"
   - "intact.48018.2"
   - "intact.48018.3"
   - "intact.48018.4"
intactLabels:
   - FSC-A
   - SSC-A
   - SY41
   - CD19
   - CD10
   - CD20
   - CD45
   - CD34
   - CD38
   - CD58
intactMu: !!opencv-matrix
   rows: 5
   cols: 10
   dt: d
   data: [ 1.6217859201263434e+00, 2.9613326466838902e-01,
       1.8523811019284329e+00, 1.2701323422103652e+00,
       9.3416961509208507e-01, 1.1777815172209460e+00,
       3.4727996455952526e+00, 9.1321908096514193e-01,
       1.2412746087040651e+00, 1.2323925840479715e+00,
       1.7002698801452092e+00, 5.1875519279673554e-01,
       1.4158636622312268e+00, 1.2749686296140270e+00,
       9.7954880139133282e-01, 1.2084231220276334e+00,
       1.1845782927697601e+00, 1.0221835267814587e+00,
       1.0929961085140902e+00, 2.2252259883124257e+00,
       1.7292310985769295e+00, 6.1029885665672023e-01,
       1.9450422809789127e+00, 1.3578279321220761e+00,
       1.1176644430359772e+00, 1.3396871682338922e+00,
       2.8192304323829891e+00, 1.1424671842483620e+00,
       1.6197845777734974e+00, 1.9762193664125087e+00,
       1.6561818238006880e+00, 4.4276026693396509e-01,
       1.9455761042624673e+00, 1.2822490676354108e+00,
       1.0052726022757934e+00, 1.1358507353090523e+00,
       3.5928014453783024e+00, 9.3001686780849513e-01,
       1.6498974038658105e+00, 1.8281409050582724e+00,
       1.4654918590161927e+00, 3.1966041962084063e-01,
       1.7161197851238803e+00, 1.2730999127775195e+00,
       9.3233970194605387e-01, 1.1777343347589124e+00,
       3.4685351473420480e+00, 9.1542822197528884e-01,
       1.5985423170946982e+00, 1.1287773248592357e+00 ]
intactSigma:
   - !!opencv-matrix
      rows: 10
      cols: 10
      dt: d
      data: [ 2.9276435792162631e-02, 3.4883957459779210e-03,
          2.9247186882775098e-03, -1.5303262527028696e-04,
          1.6797266864547024e-03, -1.6951177819222687e-04,
          7.2059052020901444e-03, 2.8721686677588227e-04,
          1.7678191948573587e-03, 1.6154761483395730e-02,
          3.4883957459779210e-03, 3.1890030479217488e-03,
          3.2567945118547309e-04, 8.7372828605558289e-05,
          7.4405206318761143e-04, -1.9643955129662404e-04,
          2.1633037521720266e-03, 4.8844083966201476e-04,
          -4.2109228356949696e-04, 9.5812415357663504e-03,
          2.9247186882775103e-03, 3.2567945118547299e-04,
          5.7172159005726378e-02, -3.8438274713446702e-06,
          -4.5922027083966286e-04, 1.4361442199144520e-04,
          5.4252697267762376e-04, 3.6935669223475779e-04,
          7.2879858081079444e-04, 1.3608360179949800e-02,
          -1.5303262527028690e-04, 8.7372828605558316e-05,
          -3.8438274713447591e-06, 6.5314850862962064e-03,
          -5.3574895782855583e-03, -4.7174484754425257e-04,
          -2.6989779046264780e-05, 5.8921689094130363e-04,
          4.1140835043101715e-04, 1.2276272368617214e-03,
          1.6797266864547029e-03, 7.4405206318761154e-04,
          -4.5922027083966286e-04, -5.3574895782855592e-03,
          6.4841253606340771e-02, 8.7848105303513007e-04,
          1.1534973669091511e-03, -3.4688817710414608e-03,
          -1.2423053705726058e-03, 7.5499142413562011e-03,
          -1.6951177819222676e-04, -1.9643955129662399e-04,
          1.4361442199144520e-04, -4.7174484754425257e-04,
          8.7848105303513029e-04, 7.5707236461930675e-03,
          -2.0101769273939675e-04, 1.6335276476931148e-04,
          -3.3912964084695692e-03, -1.5934204866402532e-03,
          7.2059052020901444e-03, 2.1633037521720270e-03,
          5.4252697267762376e-04, -2.6989779046264776e-05,
          1.1534973669091511e-03, -2.0101769273939686e-04,
          7.4589129228757644e-03, 2.2097938287959843e-05,
          2.5115445993252410e-04, 1.0450019359190328e-02,
          2.8721686677588275e-04, 4.8844083966201454e-04,
          3.6935669223475746e-04, 5.8921689094130407e-04,
          -3.4688817710414590e-03, 1.6335276476931154e-04,
          2.2097938287959789e-05, 3.8545682930059194e-02,
          2.5425805546588177e-04, 5.3296475599275365e-03,
          1.7678191948573587e-03, -4.2109228356949685e-04,
          7.2879858081079541e-04, 4.1140835043101704e-04,
          -1.2423053705726060e-03, -3.3912964084695696e-03,
          2.5115445993252399e-04, 2.5425805546588199e-04,
          2.6197085290102180e-02, 3.7393687938827634e-04,
          1.6154761483395730e-02, 9.5812415357663522e-03,
          1.3608360179949805e-02, 1.2276272368617214e-03,
          7.5499142413562011e-03, -1.5934204866402532e-03,
          1.0450019359190328e-02, 5.3296475599275330e-03,
          3.7393687938827634e-04, 1.5082343714099899e-01 ]
   - !!opencv-matrix
      rows: 10
      cols: 10
      dt: d
      data: [ 2.2778015353507636e-01, 6.7149633329263506e-03,
          3.7377962889273600e-02, -1.1794502791618938e-03,
          4.1421642370547502e-03, 1.3956025951375513e-03,
          1.5376400633572412e-02, 9.6008822456844622e-03,
          5.6496927647679464e-03, 4.9606005463428977e-02,
          6.7149633329263506e-03, 3.0185506988036466e-02,
          2.4481613787065101e-03, 5.8577678394919591e-04,
          1.9747982980347165e-03, 1.8059539998075091e-04,
          8.4393229075701952e-04, 1.3606673839304884e-03,
          9.2764111849889938e-04, 5.4368527557159202e-03,
          3.7377962889273586e-02, 2.4481613787065105e-03,
          1.5974961076072200e-01, 4.1882877253899100e-04,
          4.6284604847668864e-03, 7.0785391684426873e-04,
          6.6695055382811957e-03, 4.5018531752737106e-03,
          2.3558060133954273e-03, 2.0800576157478327e-02,
          -1.1794502791618938e-03, 5.8577678394919602e-04,
          4.1882877253899127e-04, 7.0389700261440135e-03,
          -6.5293837788997743e-03, -5.6670551523929798e-04,
          1.0537109363830568e-03, 2.1682785980181685e-04,
          7.7029015852477249e-04, 6.0832478026525436e-04,
          4.1421642370547502e-03, 1.9747982980347174e-03,
          4.6284604847668864e-03, -6.5293837788997743e-03,
          7.0957185984486998e-02, 1.5766646488845342e-03,
          3.0939398451474672e-03, -8.4614535194663370e-03,
          -1.1131275054754406e-03, 3.2354889736173186e-03,
          1.3956025951375511e-03, 1.8059539998075075e-04,
          7.0785391684426830e-04, -5.6670551523929787e-04,
          1.5766646488845348e-03, 8.2971037299961557e-03,
          8.6244337088216966e-04, 3.2469333930480027e-04,
          -2.1018926585237617e-03, 4.6892867678759701e-04,
          1.5376400633572412e-02, 8.4393229075701984e-04,
          6.6695055382811931e-03, 1.0537109363830564e-03,
          3.0939398451474667e-03, 8.6244337088216966e-04,
          5.5831381554097538e-02, 4.1557372235750045e-03,
          4.6232602567077528e-03, 5.4604009106150935e-03,
          9.6008822456844639e-03, 1.3606673839304886e-03,
          4.5018531752737106e-03, 2.1682785980181696e-04,
          -8.4614535194663353e-03, 3.2469333930480054e-04,
          4.1557372235750062e-03, 8.7317771606461342e-02,
          1.1860524948126060e-03, 4.3449232691849396e-03,
          5.6496927647679464e-03, 9.2764111849889905e-04,
          2.3558060133954278e-03, 7.7029015852477249e-04,
          -1.1131275054754397e-03, -2.1018926585237617e-03,
          4.6232602567077537e-03, 1.1860524948126055e-03,
          1.4403893870965915e-02, 2.9532752920477003e-03,
          4.9606005463428977e-02, 5.4368527557159220e-03,
          2.0800576157478327e-02, 6.0832478026525425e-04,
          3.2354889736173186e-03, 4.6892867678759680e-04,
          5.4604009106150935e-03, 4.3449232691849396e-03,
          2.9532752920477003e-03, 2.9245129190501019e-02 ]
   - !!opencv-matrix
      rows: 10
      cols: 10
      dt: d
