%YAML:1.0
---
groups:
   - intact
   - CD19
   - blast
intactGmmnames:
   - "intact.48380.0"
   - "intact.48380.1"
   - "intact.48380.2"
   - "intact.48380.3"
   - "intact.48380.4"
intactLabels:
   - FSC-A
   - SSC-A
   - SY41
   - CD19
   - CD10
   - CD20
   - CD45
   - CD34
   - CD38
   - CD58
intactMu: !!opencv-matrix
   rows: 5
   cols: 10
   dt: d
   data: [ 1.7641958918642469e+00, 4.0847367305027105e-01,
       2.3431944951993668e+00, 1.2764510641475497e+00,
       1.1078732006196770e+00, 1.2303264898758151e+00,
       3.4119290300604677e+00, 1.0338402639432327e+00,
       1.7704371430764883e+00, 1.7093702371146489e+00,
       3.0044963084476706e+00, 2.5465015714607482e+00,
       2.5035542025174373e+00, 1.3666018372108515e+00,
       2.0742297954833040e+00, 1.3060420200529730e+00,
       2.8733021423694916e+00, 1.1949298149661987e+00,
       1.6923160311524468e+00, 2.3227679619914956e+00,
       1.2577295732117248e+00, 3.8015402483809163e-01,
       2.5140503888530761e+00, 1.2888637489962946e+00,
       1.2268753735171665e+00, 1.2788790424942118e+00,
       1.4806463667862177e+00, 1.0865268100798058e+00,
       1.7193931174529804e+00, 2.4957625283158746e+00,
       2.0142140696219122e+00, 8.9833711633729296e-01,
       2.4628963749480346e+00, 1.3108068827416668e+00,
       1.1128989281442681e+00, 1.2746976974520663e+00,
       3.0271073238950881e+00, 1.0759456577541044e+00,
       2.7494960270645254e+00, 2.0409788071691790e+00,
       1.9860385842689083e+00, 1.0512944510135440e+00,
       2.6236394844330997e+00, 1.3694979937519545e+00,
       1.4609522440898943e+00, 1.3443718039937917e+00,
       2.6415502133513047e+00, 1.2384889500537182e+00,
       2.2802958751001769e+00, 2.2140378722886340e+00 ]
intactSigma:
   - !!opencv-matrix
      rows: 10
      cols: 10
      dt: d
      data: [ 7.5213402175316968e-02, 1.1144602974084155e-02,
          -1.1025697932721165e-02, 4.5295493259185128e-04,
          3.5067671906892746e-04, -5.2723198281363279e-03,
          1.6992146414740682e-02, 9.8250824667014123e-05,
          1.4687189531509904e-02, 3.1932948990700018e-02,
          1.1144602974084155e-02, 8.0933123135308004e-03,
          -5.5639530637821948e-03, 4.3325583968905625e-04,
          3.5825225916171909e-04, -2.0455453716562030e-03,
          5.0752118363281296e-03, 4.3775038097721336e-04,
          5.4676087243480647e-03, 1.9156572060766427e-02,
          -1.1025697932721162e-02, -5.5639530637821948e-03,
          2.4964915380742730e-02, -2.6914306351691689e-04,
          -8.9097080893615270e-05, 2.7223453172920812e-03,
          -5.5194150003290950e-03, 5.7070039048151730e-05,
          -8.5452471412419632e-03, -2.2685894400809665e-02,
          4.5295493259185117e-04, 4.3325583968905625e-04,
          -2.6914306351691678e-04, 1.0810854006207292e-03,
          -6.6728112334874868e-04, -4.0416201507076079e-04,
          -1.8762214327412057e-04, 2.5203582913540520e-04,
          4.1446597658016400e-04, 1.6370046843914719e-03,
          3.5067671906892746e-04, 3.5825225916171909e-04,
          -8.9097080893615216e-05, -6.6728112334874868e-04,
          5.1074183798695445e-03, -1.7016234214306232e-04,
          5.8157680363031300e-04, -4.9824183115007277e-03,
          1.2175874153610035e-04, 2.8089897271546052e-03,
          -5.2723198281363287e-03, -2.0455453716562030e-03,
          2.7223453172920816e-03, -4.0416201507076079e-04,
          -1.7016234214306230e-04, 2.2723269294894224e-02,
          -4.9380670453783449e-04, -2.4092946602063833e-05,
          -8.6537110687541254e-03, -7.8097543097921619e-03,
          1.6992146414740682e-02, 5.0752118363281288e-03,
          -5.5194150003290941e-03, -1.8762214327412057e-04,
          5.8157680363031322e-04, -4.9380670453783417e-04,
          2.7064373624300281e-02, -1.1663258099138406e-03,
          1.1835773493801646e-02, 1.2051739196782279e-02,
          9.8250824667014082e-05, 4.3775038097721320e-04,
          5.7070039048151906e-05, 2.5203582913540520e-04,
          -4.9824183115007277e-03, -2.4092946602063880e-05,
          -1.1663258099138408e-03, 3.6664402054376641e-02,
          -1.0339603082486369e-05, 1.3361410604303845e-03,
          1.4687189531509904e-02, 5.4676087243480647e-03,
          -8.5452471412419632e-03, 4.1446597658016383e-04,
          1.2175874153610022e-04, -8.6537110687541254e-03,
          1.1835773493801650e-02, -1.0339603082486433e-05,
          4.0291423812572197e-02, 1.9762151944268794e-02,
          3.1932948990700018e-02, 1.9156572060766423e-02,
          -2.2685894400809665e-02, 1.6370046843914719e-03,
          2.8089897271546052e-03, -7.8097543097921610e-03,
          1.2051739196782275e-02, 1.3361410604303848e-03,
          1.9762151944268794e-02, 1.5448654090484557e-01 ]
   - !!opencv-matrix
      rows: 10
      cols: 10
      dt: d
      data: [ 2.7336542680574299e-01, 1.3246803122458234e-01,
          -1.4808296290330387e-03, -4.7296756559751345e-03,
          -6.1340683198305011e-02, 9.3071544143295947e-03,
          -1.7937597664372661e-02, 1.1645934000154663e-02,
          1.3291215398890556e-02, 9.6892569896590095e-03,
          1.3246803122458234e-01, 4.7455547234301082e-01,
          -6.0852700442595234e-02, 1.3868729070144539e-02,
          1.3223585916301500e-01, -4.2370252496795602e-03,
          5.8054050274280525e-02, 2.4596614297110079e-02,
          7.8914748506726303e-03, 3.1379430182342204e-02,
          -1.4808296290330408e-03, -6.0852700442595234e-02,
          3.0472682049054088e-02, -3.9470038206808741e-03,
          -3.3644186665173610e-02, 3.4525732560793648e-03,
          -1.4484555437785139e-02, -2.2056348331571766e-03,
          -1.0536701473743951e-03, -2.8804444931468439e-03,
          -4.7296756559751345e-03, 1.3868729070144543e-02,
          -3.9470038206808741e-03, 1.2221088512945861e-02,
          2.1223576955795232e-02, -1.6918216469867340e-03,
          8.0449526914783531e-03, 1.2431435615798707e-03,
          3.6667592587991201e-03, 2.0037795845495791e-03,
          -6.1340683198305011e-02, 1.3223585916301500e-01,
          -3.3644186665173603e-02, 2.1223576955795232e-02,
          2.2962501384095768e-01, -1.3047025631324228e-02,
          7.1096563965769494e-02, -1.0777789710240721e-04,
          9.5890168834574085e-03, 1.8613109625724447e-02,
          9.3071544143295947e-03, -4.2370252496795602e-03,
          3.4525732560793648e-03, -1.6918216469867340e-03,
          -1.3047025631324224e-02, 1.0979503065730150e-02,
          -4.0063846796180927e-03, 9.2944083779299678e-04,
          -2.1217926114447143e-03, -3.1821423684024738e-04,
          -1.7937597664372664e-02, 5.8054050274280525e-02,
          -1.4484555437785139e-02, 8.0449526914783513e-03,
          7.1096563965769494e-02, -4.0063846796180927e-03,
          3.6889092781299287e-02, 2.6885504339071507e-03,
          4.6587431773710119e-03, 9.5436336225979430e-03,
          1.1645934000154665e-02, 2.4596614297110072e-02,
          -2.2056348331571775e-03, 1.2431435615798707e-03,
          -1.0777789710240769e-04, 9.2944083779299656e-04,
          2.6885504339071503e-03, 8.7668963156811802e-02,
          2.1671267675609394e-03, 2.4966735996249066e-03,
          1.3291215398890556e-02, 7.8914748506726338e-03,
          -1.0536701473743953e-03, 3.6667592587991201e-03,
          9.5890168834574067e-03, -2.1217926114447134e-03,
          4.6587431773710110e-03, 2.1671267675609394e-03,
          1.3769756090271416e-02, 4.6993416169014693e-03,
          9.6892569896590095e-03, 3.1379430182342204e-02,
          -2.8804444931468430e-03, 2.0037795845495796e-03,
          1.8613109625724444e-02, -3.1821423684024743e-04,
          9.5436336225979430e-03, 2.4966735996249066e-03,
          4.6993416169014693e-03, 1.9571287539560247e-02 ]
   - !!opencv-matrix
      rows: 10
      cols: 10
      dt: d
