%YAML:1.0
---
groups:
   - intact
   - CD19
intactGmmnames:
   - "intact.48624.0"
   - "intact.48624.1"
   - "intact.48624.2"
   - "intact.48624.3"
   - "intact.48624.4"
intactLabels:
   - FSC-A
   - SSC-A
   - SY41
   - CD19
   - CD10
   - CD20
   - CD45
   - CD34
   - CD38
   - CD58
intactMu: !!opencv-matrix
   rows: 5
   cols: 10
   dt: d
   data: [ 1.0718228351496293e+00, 2.2326284622630582e-01,
       3.3011557996767436e+00, 1.2501453000688199e+00,
       1.1041963446434606e+00, 1.2259846224319146e+00,
       3.3280140940091756e+00, 1.1415114245413400e+00,
       2.0140329561765626e+00, 1.0120089335834908e+00,
       1.8545515356474696e+00, 2.6748216010614545e+00,
       3.3234501137211994e+00, 1.3149539910134644e+00,
       2.0260563530853299e+00, 1.2628425787822377e+00,
       3.3292937035383097e+00, 1.2301028242476721e+00,
       1.7464378055958696e+00, 2.2051559067959441e+00,
       1.2505147605991294e+00, 4.4024779208760900e-01,
       3.3156632305013631e+00, 1.2163731092971690e+00,
       1.2164338493876652e+00, 1.1912171352129237e+00,
       3.4417700542659224e+00, 1.1047443543958249e+00,
       2.2835548445913600e+00, 1.4807764888246977e+00,
       1.2135865948557989e+00, 8.3982975002341831e-01,
       3.4239114308197474e+00, 1.2617473740745000e+00,
       1.1436641382015644e+00, 1.2336603432201170e+00,
       2.4641845416416386e+00, 1.2218709607324982e+00,
       1.7830800565341112e+00, 1.9413824846035530e+00,
       1.1394369753056373e+00, 2.8572706390423103e-01,
       3.3178546571752419e+00, 1.2370353711232891e+00,
       1.1488514182504841e+00, 1.2129945003449754e+00,
       3.3581499019764167e+00, 1.1279091619824819e+00,
       1.6490409513583557e+00, 1.2336068017865984e+00 ]
intactSigma:
   - !!opencv-matrix
      rows: 10
      cols: 10
      dt: d
      data: [ 2.4961453452052255e-02, 1.9187392663176255e-03,
          -1.1966694077671263e-03, -3.0235079919891842e-04,
          -6.3682242610524028e-04, -4.6755264553818561e-04,
          5.8314388778562855e-03, -2.7892574137291417e-05,
          3.8601543142931542e-03, 4.2344255388567413e-03,
          1.9187392663176251e-03, 3.1950735787134848e-03,
          -3.2850798875607692e-04, -1.3335495389751937e-04,
          3.1377853081192859e-05, -1.1613750310458493e-04,
          2.2132913909081106e-03, 3.6824268838808621e-05,
          -1.0964245644239474e-04, 1.4965899781164495e-02,
          -1.1966694077671263e-03, -3.2850798875607692e-04,
          3.6016515364252029e-03, 6.3791317690402332e-05,
          5.7967665877504807e-04, 1.6597853525796350e-04,
          -6.6655233595668299e-04, -4.1699374681866284e-05,
          -1.4065741666027685e-03, 1.1592809426185534e-06,
          -3.0235079919891831e-04, -1.3335495389751935e-04,
          6.3791317690402278e-05, 1.3676142438761975e-03,
          -2.1831942873440343e-03, -1.8789151877775763e-04,
          -4.6064197146279765e-04, 8.0253829153439839e-04,
          1.0082641907903942e-03, -1.2339490385707478e-04,
          -6.3682242610524050e-04, 3.1377853081192859e-05,
          5.7967665877504818e-04, -2.1831942873440338e-03,
          1.3181363361432679e-02, -2.8756180161597985e-05,
          2.6786439020166225e-04, -7.2256187115865922e-03,
          -9.6489892879826893e-04, 9.2949638328083495e-04,
          -4.6755264553818561e-04, -1.1613750310458496e-04,
          1.6597853525796352e-04, -1.8789151877775755e-04,
          -2.8756180161597938e-05, 1.1351220079642474e-02,
          -7.5543331280228379e-05, 2.6700993770029986e-04,
          -4.3241536141927408e-03, -3.7293934045407734e-04,
          5.8314388778562846e-03, 2.2132913909081102e-03,
          -6.6655233595668277e-04, -4.6064197146279765e-04,
          2.6786439020166225e-04, -7.5543331280228420e-05,
          8.3466309054876179e-03, -5.2600510230152149e-04,
          -1.1477184588666138e-03, 2.8769169161827453e-03,
          -2.7892574137291257e-05, 3.6824268838808601e-05,
          -4.1699374681866264e-05, 8.0253829153439839e-04,
          -7.2256187115865922e-03, 2.6700993770030013e-04,
          -5.2600510230152138e-04, 2.4866478641469809e-02,
          -4.4463484271337689e-05, 1.7297245746657846e-03,
          3.8601543142931546e-03, -1.0964245644239472e-04,
          -1.4065741666027683e-03, 1.0082641907903939e-03,
          -9.6489892879826861e-04, -4.3241536141927408e-03,
          -1.1477184588666140e-03, -4.4463484271337743e-05,
          8.8500025917572153e-02, 7.4275987474588701e-04,
          4.2344255388567413e-03, 1.4965899781164495e-02,
          1.1592809426185464e-06, -1.2339490385707486e-04,
          9.2949638328083516e-04, -3.7293934045407766e-04,
          2.8769169161827453e-03, 1.7297245746657856e-03,
          7.4275987474588744e-04, 1.6678502781278046e-01 ]
   - !!opencv-matrix
      rows: 10
      cols: 10
      dt: d
      data: [ 1.5081645998413756e-01, 1.6058347668127645e-01,
          -4.6246877907473982e-05, -9.7620767236595747e-03,
          4.9581126082269989e-03, -1.1714566317836596e-02,
          2.1832869732641021e-03, 6.8077579041780027e-03,
          1.4772437261500274e-02, 2.0742706685255127e-02,
          1.6058347668127645e-01, 4.2208266493504931e-01,
          5.9393693191894872e-03, -1.6466566196063476e-02,
          1.9837507423778818e-02, -2.1395274310747708e-02,
          1.2634385950371314e-02, 8.1369373785528994e-03,
          2.8330228869185372e-02, 4.5882582045448574e-02,
          -4.6246877907474172e-05, 5.9393693191894872e-03,
          1.0464963848034825e-02, 1.2994924424693011e-04,
          -2.0660203335280199e-03, 3.9664209186421600e-04,
          9.6589594679239127e-05, -2.0265337267443597e-04,
          5.5934384960532415e-04, 4.1009009030459453e-04,
          -9.7620767236595747e-03, -1.6466566196063476e-02,
          1.2994924424693005e-04, 2.5026263942456356e-02,
          -4.7329134043515636e-03, 1.6601166914859317e-02,
          1.2448846496064363e-04, 4.9263611359058265e-04,
          7.9115242393126492e-04, -7.5801705470212484e-03,
          4.9581126082269972e-03, 1.9837507423778811e-02,
          -2.0660203335280194e-03, -4.7329134043515627e-03,
          1.8423203805431554e-01, -1.2972219861703146e-02,
          1.4705891141072337e-02, -5.9440234663612991e-03,
          -9.6780137403147096e-04, 1.4038121921883596e-02,
          -1.1714566317836596e-02, -2.1395274310747704e-02,
          3.9664209186421611e-04, 1.6601166914859317e-02,
          -1.2972219861703146e-02, 3.0885211270502626e-02,
          -8.3460341811436220e-04, -1.5646602055763547e-04,
          -3.1221483620573766e-03, -1.0271213548306910e-02,
          2.1832869732641021e-03, 1.2634385950371314e-02,
          9.6589594679239032e-05, 1.2448846496064360e-04,
          1.4705891141072335e-02, -8.3460341811436220e-04,
          1.1666201421459957e-02, 1.9097571355570743e-04,
          -2.8188590443693073e-04, 9.0762325796653212e-04,
          6.8077579041780027e-03, 8.1369373785528977e-03,
          -2.0265337267443597e-04, 4.9263611359058254e-04,
          -5.9440234663612991e-03, -1.5646602055763553e-04,
          1.9097571355570741e-04, 4.3889863089824489e-02,
          1.6282613499887721e-03, 1.9887172158322614e-03,
          1.4772437261500274e-02, 2.8330228869185372e-02,
          5.5934384960532415e-04, 7.9115242393126525e-04,
          -9.6780137403147117e-04, -3.1221483620573766e-03,
          -2.8188590443693052e-04, 1.6282613499887721e-03,
          2.0149280807198071e-02, 6.1260294987682401e-03,
          2.0742706685255127e-02, 4.5882582045448574e-02,
          4.1009009030459458e-04, -7.5801705470212484e-03,
          1.4038121921883596e-02, -1.0271213548306910e-02,
          9.0762325796653201e-04, 1.9887172158322619e-03,
          6.1260294987682401e-03, 3.1401569648413660e-02 ]
   - !!opencv-matrix
      rows: 10
      cols: 10
      dt: d
