%YAML:1.0
---
groups:
   - intact
   - CD19
intactGmmnames:
   - "intact.48628.0"
   - "intact.48628.1"
   - "intact.48628.2"
   - "intact.48628.3"
   - "intact.48628.4"
intactLabels:
   - FSC-A
   - SSC-A
   - SY41
   - CD19
   - CD10
   - CD20
   - CD45
   - CD34
   - CD38
   - CD58
intactMu: !!opencv-matrix
   rows: 5
   cols: 10
   dt: d
   data: [ 1.0281992934964932e+00, 3.5185189727874971e-01,
       3.4637363710902354e+00, 1.2027032372529396e+00,
       1.2007671195854697e+00, 1.2586068051819730e+00,
       3.3968319917054175e+00, 1.1901121632527907e+00,
       2.1471460504084985e+00, 1.4305372760295800e+00,
       2.1367830514317698e+00, 2.3577292860272530e+00,
       3.5048260009662395e+00, 1.2962371852028807e+00,
       1.9829440078938698e+00, 1.3291116782665136e+00,
       2.8722790227716239e+00, 1.3048644329490893e+00,
       1.8651738861657445e+00, 2.3913551045625603e+00,
       9.6285939614732075e-01, 2.4368506140834698e-01,
       3.5136855986482534e+00, 1.2288630357770567e+00,
       1.0971553072530602e+00, 1.2441180248074100e+00,
       3.3318809272481293e+00, 1.1625451603100185e+00,
       2.2878841620471526e+00, 8.9507561353560439e-01,
       9.0818590657808662e-01, 4.3411161417858446e-01,
       3.5920181663598076e+00, 1.2685150301701495e+00,
       1.1678686951866410e+00, 1.2483500604604332e+00,
       1.4264088930295848e+00, 1.2246921671406659e+00,
       1.7109792212253003e+00, 2.5471124580961124e+00,
       1.4694086745223403e+00, 1.1164113319997604e+00,
       3.5688968026110528e+00, 1.2792016366232464e+00,
       1.3356887267185176e+00, 1.3214389790425607e+00,
       3.1122391049180624e+00, 1.4053398787425313e+00,
       2.6468802133918703e+00, 1.9912583635750478e+00 ]
intactSigma:
   - !!opencv-matrix
      rows: 10
      cols: 10
      dt: d
      data: [ 3.6284125167106662e-02, 3.8350114011026118e-03,
          -3.3861042440492890e-03, -1.5119085241524464e-03,
          3.5723046021159748e-03, -4.5588644629373782e-04,
          3.2506242315363449e-03, 1.9955227775113132e-03,
          5.7061235152977225e-03, 2.2365300443763499e-02,
          3.8350114011026118e-03, 8.3600358086189635e-03,
          2.1597608542165943e-03, -3.1269801658434130e-04,
          5.5572791698206244e-04, -4.6873559956569388e-04,
          2.1931706677797745e-03, 7.3891817790760822e-04,
          9.6098169039373627e-03, 9.9471427458317375e-03,
          -3.3861042440492882e-03, 2.1597608542165943e-03,
          3.4235866344188126e-02, 3.5020769341431821e-04,
          2.9154483050893346e-04, 2.3986313564448790e-04,
          -1.0477112621485596e-03, -9.1588149425772156e-04,
          5.8624499375384129e-05, 2.2123243798386938e-03,
          -1.5119085241524464e-03, -3.1269801658434130e-04,
          3.5020769341431821e-04, 4.8567321964185228e-03,
          -9.4424321003763207e-03, -3.2461387298995844e-04,
          -2.7832584396744482e-03, 3.4656067136588724e-04,
          4.4496177965049405e-03, -3.4689780337384796e-03,
          3.5723046021159752e-03, 5.5572791698206211e-04,
          2.9154483050893341e-04, -9.4424321003763207e-03,
          5.2501205207897236e-02, 7.7862265856655424e-04,
          6.7655059076403646e-03, -1.2906444795553655e-02,
          -3.0960195833489197e-03, 1.0714204934036272e-02,
          -4.5588644629373793e-04, -4.6873559956569399e-04,
          2.3986313564448755e-04, -3.2461387298995833e-04,
          7.7862265856655413e-04, 3.3109333726336301e-02,
          2.6335782228081476e-04, 2.1049684606560704e-04,
          -1.1179032142538773e-02, 5.9345277599873972e-04,
          3.2506242315363436e-03, 2.1931706677797745e-03,
          -1.0477112621485596e-03, -2.7832584396744482e-03,
          6.7655059076403646e-03, 2.6335782228081482e-04,
          1.6003066223391153e-02, 6.2025106003918819e-04,
          -3.9483245660513425e-03, 1.0116623382346849e-02,
          1.9955227775113132e-03, 7.3891817790760822e-04,
          -9.1588149425772156e-04, 3.4656067136588708e-04,
          -1.2906444795553655e-02, 2.1049684606560683e-04,
          6.2025106003918841e-04, 6.9029711362573354e-02,
          3.3395605318315745e-03, 6.6761624780286317e-03,
          5.7061235152977199e-03, 9.6098169039373609e-03,
          5.8624499375383919e-05, 4.4496177965049405e-03,
          -3.0960195833489184e-03, -1.1179032142538773e-02,
          -3.9483245660513425e-03, 3.3395605318315767e-03,
          2.8008396431868793e-01, -3.5145281376273756e-02,
          2.2365300443763499e-02, 9.9471427458317375e-03,
          2.2123243798386934e-03, -3.4689780337384796e-03,
          1.0714204934036270e-02, 5.9345277599874059e-04,
          1.0116623382346847e-02, 6.6761624780286317e-03,
          -3.5145281376273749e-02, 2.4440783894087958e-01 ]
   - !!opencv-matrix
      rows: 10
      cols: 10
      dt: d
      data: [ 1.4596948939708998e-01, 1.1387007177241100e-01,
          -1.8943825312843218e-02, 2.4155152355883297e-03,
          1.2456152869135701e-02, 5.9932371231661060e-03,
          9.9387963936150101e-03, 1.1734211412331153e-02,
          1.8502392330099638e-02, 1.1690042933057495e-02,
          1.1387007177241100e-01, 2.6088000321852944e-01,
          -1.0579946728079119e-02, 2.5131188079288371e-03,
          3.2418261348501752e-02, 9.6923041172070797e-03,
          2.6648890465519680e-02, 1.7589334554011057e-02,
          3.1235980678120650e-02, 1.7066477383253925e-02,
          -1.8943825312843218e-02, -1.0579946728079119e-02,
          5.3566626819038135e-02, -7.9881580942176185e-04,
          -4.5345295121918287e-03, 1.1282534239168219e-04,
          -2.4983269267087453e-03, -2.4603105574110273e-03,
          -2.7674771654220640e-03, -1.8682457987545136e-03,
          2.4155152355883293e-03, 2.5131188079288358e-03,
          -7.9881580942176174e-04, 9.3964276817917660e-03,
          1.6148785080211784e-03, 2.1609980638026148e-04,
          1.7353822580545677e-03, 1.3776953131906741e-03,
          2.1790926957466037e-03, 6.6674281967519502e-04,
          1.2456152869135704e-02, 3.2418261348501752e-02,
          -4.5345295121918304e-03, 1.6148785080211784e-03,
          1.1324005594476173e-01, 1.4481479229574744e-03,
          2.2974329187129910e-02, -3.1171814810235202e-03,
          2.2303670827905219e-03, 5.7078956415783670e-03,
          5.9932371231661060e-03, 9.6923041172070779e-03,
          1.1282534239168210e-04, 2.1609980638026162e-04,
          1.4481479229574742e-03, 1.7146704576057110e-02,
          1.1907151826033920e-03, 1.6062591865990499e-03,
          -1.5017256032756475e-03, 1.1541683462551538e-03,
          9.9387963936150101e-03, 2.6648890465519680e-02,
          -2.4983269267087444e-03, 1.7353822580545677e-03,
          2.2974329187129910e-02, 1.1907151826033922e-03,
          2.3581370814214811e-02, 3.0051044039140318e-03,
          3.0411246521481858e-03, 2.2547935520417272e-03,
          1.1734211412331153e-02, 1.7589334554011057e-02,
          -2.4603105574110269e-03, 1.3776953131906737e-03,
          -3.1171814810235202e-03, 1.6062591865990503e-03,
          3.0051044039140318e-03, 5.5500125121548886e-02,
          3.3766805946698068e-03, 1.9984331843138190e-03,
          1.8502392330099642e-02, 3.1235980678120650e-02,
          -2.7674771654220636e-03, 2.1790926957466037e-03,
          2.2303670827905214e-03, -1.5017256032756469e-03,
          3.0411246521481858e-03, 3.3766805946698064e-03,
          2.4583491145603497e-02, 3.1715161482773501e-03,
          1.1690042933057495e-02, 1.7066477383253918e-02,
          -1.8682457987545136e-03, 6.6674281967519535e-04,
          5.7078956415783670e-03, 1.1541683462551538e-03,
          2.2547935520417272e-03, 1.9984331843138181e-03,
          3.1715161482773510e-03, 9.2610493923284375e-03 ]
   - !!opencv-matrix
      rows: 10
      cols: 10
      dt: d
