%YAML:1.0
---
groups:
   - intact
   - CD19
   - blast
intactGmmnames:
   - "intact.48846.0"
   - "intact.48846.1"
   - "intact.48846.2"
   - "intact.48846.3"
   - "intact.48846.4"
intactLabels:
   - FSC-A
   - SSC-A
   - SY41
   - CD19
   - CD10
   - CD20
   - CD45
   - CD34
   - CD38
   - CD58
intactMu: !!opencv-matrix
   rows: 5
   cols: 10
   dt: d
   data: [ 1.7650385851159491e+00, 1.5482261981817118e+00,
       3.1753692946271457e+00, 1.2224400778466407e+00,
       1.5300814923502590e+00, 1.1355201015913654e+00,
       2.4770157559084360e+00, 1.3265161971519406e+00,
       1.9528469090514191e+00, 2.2435883538194137e+00,
       1.2376751465160205e+00, 4.3599431690191226e-01,
       2.9831202331503808e+00, 1.1071095838796607e+00,
       1.1350189588328510e+00, 9.3602682470869747e-01,
       3.2166566478346263e+00, 1.2329750196225333e+00,
       2.1801840890939501e+00, 1.7721193534339565e+00,
       8.7982422373512947e-01, 3.1921026080904585e-01,
       3.0962381250073459e+00, 1.1896187373788463e+00,
       1.1470804929888947e+00, 9.8282135397002424e-01,
       1.2571121048408056e+00, 1.1895452282878303e+00,
       1.3701968319589597e+00, 2.5155677812779738e+00,
       2.4677013534514183e+00, 2.5222009494697586e+00,
       2.9623597086867797e+00, 1.2606605489999461e+00,
       2.1860693225578562e+00, 1.1069492973299258e+00,
       2.7840773964989176e+00, 1.3096771117005876e+00,
       1.7833360744473341e+00, 2.3419155068533017e+00,
       1.0757958744919647e+00, 2.4655851154124092e-01,
       3.0407249259294273e+00, 1.1508159928589434e+00,
       1.0838356174567516e+00, 9.5238827391265279e-01,
       3.0997100812137486e+00, 1.1631119374510686e+00,
       1.9599278604247286e+00, 9.7493108792661509e-01 ]
intactSigma:
   - !!opencv-matrix
      rows: 10
      cols: 10
      dt: d
      data: [ 4.6905581830279713e-01, 2.1731114942861096e-01,
          -6.1166652538793484e-02, -1.9418757436554738e-03,
          -5.0959455395569540e-03, -7.1830094494508426e-03,
          1.8208718380858591e-01, 3.2099021962689357e-02,
          7.1041798121037253e-02, 4.3285119831582404e-02,
          2.1731114942861096e-01, 6.7213549915881321e-01,
          -1.6878445162961192e-02, 1.0446443309778980e-02,
          2.0088865753307719e-01, 4.0061681775228557e-02,
          2.0826190421157553e-01, 3.7792721888881302e-03,
          -3.5075551346323404e-02, -7.5015327605806592e-02,
          -6.1166652538793484e-02, -1.6878445162961199e-02,
          1.0727136872732149e-01, 3.5755584854045572e-03,
          1.2617573095494874e-02, 1.0434551963303293e-02,
          -4.3792626253750862e-02, -4.8312741470651430e-03,
          1.8942228733528708e-02, 2.4733043478793681e-02,
          -1.9418757436554732e-03, 1.0446443309778976e-02,
          3.5755584854045576e-03, 2.2546615866088155e-02,
          9.3459173127845938e-03, 1.6275858015707086e-02,
          -8.9294142232974709e-03, -7.1903561924569609e-04,
          -9.0951688143332491e-03, -4.5615056056264843e-03,
          -5.0959455395569522e-03, 2.0088865753307719e-01,
          1.2617573095494879e-02, 9.3459173127845938e-03,
          2.2220838245992963e-01, 3.6734783910130381e-02,
          3.8621292665317865e-02, -1.9376508251126294e-02,
          -9.9952267763554439e-02, -5.1200511977145244e-02,
          -7.1830094494508452e-03, 4.0061681775228557e-02,
          1.0434551963303293e-02, 1.6275858015707086e-02,
          3.6734783910130367e-02, 1.3638405161447464e-01,
          8.4485059598324325e-03, -7.8241122731076884e-04,
          -4.3721071601799902e-02, -2.3216635215425472e-02,
          1.8208718380858591e-01, 2.0826190421157553e-01,
          -4.3792626253750862e-02, -8.9294142232974692e-03,
          3.8621292665317858e-02, 8.4485059598324291e-03,
          4.0974317811394767e-01, 3.9002373087161493e-02,
          1.7692288927399327e-01, -3.6181322192234078e-02,
          3.2099021962689343e-02, 3.7792721888881284e-03,
          -4.8312741470651448e-03, -7.1903561924569620e-04,
          -1.9376508251126304e-02, -7.8241122731076830e-04,
          3.9002373087161486e-02, 1.2358831085786522e-01,
          3.9298720412119903e-02, 8.8542977144641793e-03,
          7.1041798121037253e-02, -3.5075551346323404e-02,
          1.8942228733528708e-02, -9.0951688143332491e-03,
          -9.9952267763554439e-02, -4.3721071601799909e-02,
          1.7692288927399327e-01, 3.9298720412119910e-02,
          3.5081984284721279e-01, 6.1364463727640033e-02,
          4.3285119831582404e-02, -7.5015327605806592e-02,
          2.4733043478793685e-02, -4.5615056056264843e-03,
          -5.1200511977145244e-02, -2.3216635215425468e-02,
          -3.6181322192234092e-02, 8.8542977144641828e-03,
          6.1364463727640033e-02, 2.1610379363372911e-01 ]
   - !!opencv-matrix
      rows: 10
      cols: 10
      dt: d
      data: [ 3.8666190694168684e-02, 8.0137387956422373e-03,
          -2.4136138504646191e-03, -2.1752524988196010e-03,
          -7.2161052113505788e-04, -2.3494245807764514e-03,
          2.1999640655196153e-03, 1.2505729456493764e-03,
          1.3489257705033595e-02, 4.2738921346596901e-03,
          8.0137387956422373e-03, 1.3624851968892671e-02,
          -3.4439445553132917e-04, -1.8601899023457647e-03,
          -4.0216516528483846e-05, -1.2085081497754391e-03,
          2.8995559168277741e-03, 4.0683997872281935e-03,
          2.6106447712642609e-02, 1.6328583658602853e-02,
          -2.4136138504646191e-03, -3.4439445553132906e-04,
          3.8782100966950832e-02, 1.2575342776051574e-03,
          7.0133846218267204e-04, 2.4798894179778536e-03,
          4.2409759674327704e-04, -1.6967921654649641e-03,
          -1.4922757152345215e-02, 1.0263338336670346e-03,
          -2.1752524988196010e-03, -1.8601899023457651e-03,
          1.2575342776051577e-03, 9.5324554974240191e-03,
          -1.0033062971967287e-02, -1.4226084105560080e-04,
          -1.9138855937825506e-03, -4.7484812434487196e-04,
          -2.5449035309739144e-03, -2.6220691900345088e-03,
          -7.2161052113505863e-04, -4.0216516528483894e-05,
          7.0133846218267161e-04, -1.0033062971967287e-02,
          4.4933195338961583e-02, -1.1566521027900000e-03,
          6.6853067779667390e-04, -1.8156398352883470e-02,
          -3.0092987746217006e-03, -2.0272066391067399e-03,
          -2.3494245807764501e-03, -1.2085081497754389e-03,
          2.4798894179778536e-03, -1.4226084105560064e-04,
          -1.1566521027900002e-03, 1.0595600759302111e-01,
          -1.8765825707349577e-03, 1.5909584193467810e-03,
          -1.3218851432752218e-02, -4.4538543546251688e-03,
          2.1999640655196145e-03, 2.8995559168277741e-03,
          4.2409759674327720e-04, -1.9138855937825506e-03,
          6.6853067779667412e-04, -1.8765825707349577e-03,
          2.2488237211915327e-02, 1.7646216631008239e-03,
          1.9374803507615394e-02, 9.7005088379909614e-03,
          1.2505729456493764e-03, 4.0683997872281935e-03,
          -1.6967921654649646e-03, -4.7484812434487185e-04,
          -1.8156398352883470e-02, 1.5909584193467814e-03,
          1.7646216631008235e-03, 1.1252491675696827e-01,
          1.9004946834054511e-02, 1.0647630266188646e-02,
          1.3489257705033599e-02, 2.6106447712642609e-02,
          -1.4922757152345213e-02, -2.5449035309739144e-03,
          -3.0092987746217028e-03, -1.3218851432752211e-02,
          1.9374803507615390e-02, 1.9004946834054525e-02,
          4.7699582876234259e-01, 3.2801286528660206e-03,
          4.2738921346596884e-03, 1.6328583658602853e-02,
          1.0263338336670340e-03, -2.6220691900345097e-03,
          -2.0272066391067399e-03, -4.4538543546251697e-03,
          9.7005088379909614e-03, 1.0647630266188653e-02,
          3.2801286528660236e-03, 1.5871437243549766e-01 ]
   - !!opencv-matrix
      rows: 10
      cols: 10
      dt: d
