%YAML:1.0
---
groups:
   - intact
   - CD19
   - blast
intactGmmnames:
   - "intact.48849.0"
   - "intact.48849.1"
   - "intact.48849.2"
   - "intact.48849.3"
   - "intact.48849.4"
intactLabels:
   - FSC-A
   - SSC-A
   - SY41
   - CD19
   - CD10
   - CD20
   - CD45
   - CD34
   - CD38
   - CD58
intactMu: !!opencv-matrix
   rows: 5
   cols: 10
   dt: d
   data: [ 1.2958562466869861e+00, 3.3418658886021363e-01,
       2.8271548580030847e+00, 1.3382938549378260e+00,
       1.1732430659367574e+00, 1.0981626718091364e+00,
       1.6017424803606577e+00, 1.1810767282022616e+00,
       1.5378553623336744e+00, 2.1366230747073391e+00,
       2.8641813734418218e+00, 2.8674523158988636e+00,
       2.8060538634502561e+00, 1.4039797313967202e+00,
       2.4263550151995630e+00, 1.2153681748071623e+00,
       2.9647751848309212e+00, 1.2470514912811159e+00,
       1.6111894781848566e+00, 2.1291025353702056e+00,
       1.6663507372005093e+00, 4.8588682423277368e-01,
       2.9506768270587718e+00, 1.3312179180331078e+00,
       1.3029071626806494e+00, 1.2464173278064945e+00,
       2.9745833211018335e+00, 1.1446931568353302e+00,
       2.0141053900891492e+00, 1.9070335010142689e+00,
       2.6733076577452506e+00, 1.8183629470065716e+00,
       2.8720825846091222e+00, 1.4092183547565020e+00,
       1.7177266376625375e+00, 1.3569169948133972e+00,
       3.0108982150146382e+00, 1.3077656587019801e+00,
       1.9980309733623716e+00, 2.0284696615407887e+00,
       1.4012903086194675e+00, 2.1830016591247875e-01,
       2.9924837139952318e+00, 1.3293155262709824e+00,
       1.1418010902548621e+00, 1.2113596654317704e+00,
       3.1228752618616000e+00, 1.1220216133356975e+00,
       1.7091539784551661e+00, 1.3042731260445002e+00 ]
intactSigma:
   - !!opencv-matrix
      rows: 10
      cols: 10
      dt: d
      data: [ 1.1487698683785356e-01, 2.8208790654568407e-02,
          2.7845870924919493e-02, 9.7911706109337911e-04,
          8.3204811630807549e-03, 1.6945782263679595e-04,
          4.3603011372256292e-02, 5.7293527037920681e-03,
          8.7083528256600949e-03, 4.7581247643733844e-02,
          2.8208790654568407e-02, 1.2929627096504760e-02,
          7.6594689824534528e-03, 4.6337351010166826e-04,
          3.6863789946226634e-03, 5.2233908004046799e-04,
          1.6049626558973674e-02, 2.3910521401889033e-03,
          3.6539684749260799e-03, 1.9437847420133623e-02,
          2.7845870924919493e-02, 7.6594689824534519e-03,
          6.7253810142984261e-02, 9.4220710979900054e-04,
          7.2804049548322886e-03, 3.5022890185898289e-03,
          2.7301822868138884e-02, 2.1572131640772785e-03,
          3.3026361443584317e-03, 1.3970094920693198e-02,
          9.7911706109337889e-04, 4.6337351010166826e-04,
          9.4220710979900021e-04, 1.4283586105119032e-03,
          -1.0601550548332047e-03, -7.3236015230069933e-05,
          1.2734483857707285e-03, 2.5123883729200622e-04,
          4.3468013035699474e-04, 1.0559086696968261e-03,
          8.3204811630807479e-03, 3.6863789946226643e-03,
          7.2804049548322886e-03, -1.0601550548332047e-03,
          2.2357773925981397e-02, 5.4702023393380392e-04,
          8.8514482823212025e-03, -3.1868577456886484e-03,
          1.9345088434878793e-03, 7.4614195789669503e-03,
          1.6945782263679595e-04, 5.2233908004046821e-04,
          3.5022890185898280e-03, -7.3236015230069933e-05,
          5.4702023393380424e-04, 1.5879996091371616e-02,
          3.0721236078368195e-03, 3.8845749533992054e-04,
          -1.1596775911343390e-03, -4.1968902506588262e-03,
          4.3603011372256285e-02, 1.6049626558973670e-02,
          2.7301822868138877e-02, 1.2734483857707285e-03,
          8.8514482823212007e-03, 3.0721236078368195e-03,
          1.1414891043322357e-01, 4.6219455377115130e-03,
          1.0602977701252722e-02, 1.8905223185029886e-02,
          5.7293527037920681e-03, 2.3910521401889024e-03,
          2.1572131640772781e-03, 2.5123883729200622e-04,
          -3.1868577456886497e-03, 3.8845749533992070e-04,
          4.6219455377115104e-03, 2.0510362163401744e-02,
          1.4911890012240172e-03, 5.4818737156118666e-03,
          8.7083528256600949e-03, 3.6539684749260790e-03,
          3.3026361443584322e-03, 4.3468013035699474e-04,
          1.9345088434878797e-03, -1.1596775911343385e-03,
          1.0602977701252722e-02, 1.4911890012240172e-03,
          7.0082855163178586e-03, 9.2102215641476515e-03,
          4.7581247643733844e-02, 1.9437847420133623e-02,
          1.3970094920693198e-02, 1.0559086696968261e-03,
          7.4614195789669503e-03, -4.1968902506588279e-03,
          1.8905223185029883e-02, 5.4818737156118675e-03,
          9.2102215641476533e-03, 9.4021253318986753e-02 ]
   - !!opencv-matrix
      rows: 10
      cols: 10
      dt: d
      data: [ 3.1131069315099497e-01, 1.8931718116610527e-01,
          -2.9583462651974732e-02, 6.5258965672156523e-04,
          8.3098092358307972e-03, 2.7479447612215714e-03,
          1.8208501048561244e-02, 5.1618936881648574e-03,
          1.1843191717627306e-02, 2.4751531301378360e-02,
          1.8931718116610527e-01, 3.2425559472868309e-01,
          -2.5477238771814840e-02, 2.8008615740934615e-03,
          3.2699703882162881e-02, 6.2024195115807949e-03,
          1.7536591754605552e-02, 9.3914221302285709e-03,
          9.0591826185480381e-03, 3.0691760837955929e-02,
          -2.9583462651974732e-02, -2.5477238771814840e-02,
          3.8166542010569751e-02, -6.2678109378765741e-04,
          -1.0696724368715032e-02, 6.4450917268912165e-03,
          -1.0097503519059471e-02, -5.7455752774047562e-04,
          -1.5623967440969889e-03, -1.0777169990790309e-02,
          6.5258965672156566e-04, 2.8008615740934611e-03,
          -6.2678109378765741e-04, 1.2391750973160906e-02,
          9.7081678907165875e-03, -8.6142012877194081e-04,
          2.5788085471391059e-03, 9.1490370540361920e-04,
          2.6956637247464057e-03, 9.7899668090073964e-04,
          8.3098092358307937e-03, 3.2699703882162874e-02,
          -1.0696724368715032e-02, 9.7081678907165909e-03,
          1.3233497561309873e-01, -7.3242935802752336e-04,
          2.7088028311581670e-02, -1.5909796933925356e-03,
          2.6271272651173369e-03, 8.5875278997411195e-03,
          2.7479447612215719e-03, 6.2024195115807949e-03,
          6.4450917268912174e-03, -8.6142012877194070e-04,
          -7.3242935802752325e-04, 3.6415072401199920e-02,
          -1.5801735524556503e-03, 1.7440409338116650e-03,
          -3.8134457392692066e-03, -3.7708649096709064e-03,
          1.8208501048561240e-02, 1.7536591754605552e-02,
          -1.0097503519059471e-02, 2.5788085471391046e-03,
          2.7088028311581670e-02, -1.5801735524556503e-03,
          1.9050133242339198e-02, 1.2592808859583930e-03,
          3.0321581864535979e-03, 7.9306250930451950e-03,
          5.1618936881648566e-03, 9.3914221302285640e-03,
          -5.7455752774047519e-04, 9.1490370540361888e-04,
          -1.5909796933925356e-03, 1.7440409338116657e-03,
          1.2592808859583930e-03, 9.3295334163615198e-02,
          2.1593719974822949e-03, 1.6912046487963840e-03,
          1.1843191717627303e-02, 9.0591826185480364e-03,
          -1.5623967440969889e-03, 2.6956637247464057e-03,
          2.6271272651173369e-03, -3.8134457392692057e-03,
          3.0321581864535979e-03, 2.1593719974822949e-03,
          1.1996407897231682e-02, 6.5195446870364628e-03,
          2.4751531301378360e-02, 3.0691760837955932e-02,
          -1.0777169990790309e-02, 9.7899668090073964e-04,
          8.5875278997411212e-03, -3.7708649096709064e-03,
          7.9306250930451950e-03, 1.6912046487963840e-03,
          6.5195446870364654e-03, 3.9869594722968062e-02 ]
   - !!opencv-matrix
      rows: 10
      cols: 10
      dt: d
