%YAML:1.0
---
groups:
   - intact
   - CD19
   - blast
intactGmmnames:
   - "intact.49010.0"
   - "intact.49010.1"
   - "intact.49010.2"
   - "intact.49010.3"
   - "intact.49010.4"
intactLabels:
   - FSC-A
   - SSC-A
   - SY41
   - CD19
   - CD10
   - CD20
   - CD45
   - CD34
   - CD38
   - CD58
intactMu: !!opencv-matrix
   rows: 5
   cols: 10
   dt: d
   data: [ 1.0818801644432181e+00, 3.2273796839731006e-01,
       3.2006328923296583e+00, 1.0214792461222424e+00,
       1.0203726963476265e+00, 1.1082293630090088e+00,
       3.3918039799049589e+00, 1.0052137392577809e+00,
       1.9229257546805498e+00, 1.1762982646863931e+00,
       2.3610881280776566e+00, 3.0448411638056450e+00,
       3.1631910005977120e+00, 1.1490081222171558e+00,
       2.0861517174941202e+00, 1.2342586643585343e+00,
       2.8450686089263781e+00, 1.2406289161195159e+00,
       1.7389968469179484e+00, 2.4233195427090584e+00,
       1.3685029221050364e+00, 5.3928686853023045e-01,
       2.8772095456579478e+00, 1.0432437499066460e+00,
       1.0313200057613172e+00, 1.0537906488085340e+00,
       3.4992268422253643e+00, 1.0292227729188506e+00,
       2.4567720270521813e+00, 1.9149058813528634e+00,
       9.6356244745413733e-01, 7.3597279133605020e-01,
       3.2883795919562591e+00, 1.0244131955650961e+00,
       1.0447294185444005e+00, 1.1197763327999186e+00,
       2.8601687693142996e+00, 1.0363887831722158e+00,
       1.8387593922921304e+00, 1.4222611653949155e+00,
       1.9271037552628345e+00, 1.5433025800153508e+00,
       3.0730259036859300e+00, 1.1955458039755225e+00,
       1.2300768331534337e+00, 1.2310851089222550e+00,
       3.2649778932134366e+00, 1.2389712026484203e+00,
       2.4307399085751129e+00, 2.0210510478406700e+00 ]
intactSigma:
   - !!opencv-matrix
      rows: 10
      cols: 10
      dt: d
      data: [ 4.7439898178600982e-02, 5.2348325559293260e-03,
          -2.6390142589851420e-02, -5.7327749405688294e-04,
          -3.5529956052886974e-03, -9.5894256791466187e-04,
          7.6802373568724000e-03, 1.8541966472388970e-03,
          -1.9370088309926727e-02, 9.6658900427673156e-03,
          5.2348325559293260e-03, 8.6558801212257720e-03,
          -4.2590371969769393e-03, 2.6961790150579085e-04,
          2.6454401832797344e-05, 6.6492594673287582e-05,
          2.9878162692410313e-03, 1.7702308053774384e-03,
          -6.9935218733686794e-03, 2.5097494806291889e-02,
          -2.6390142589851420e-02, -4.2590371969769393e-03,
          4.7036378141298019e-02, 8.3915550989390061e-04,
          3.8651128710177609e-03, 2.3676714058926177e-03,
          -7.3060759027974344e-03, -1.2042176668596795e-03,
          1.4499965488166721e-02, -1.6353203550471523e-02,
          -5.7327749405688283e-04, 2.6961790150579091e-04,
          8.3915550989390093e-04, 1.0849495995876047e-02,
          -3.0298073366530017e-03, -2.4825843321171184e-04,
          -7.3887044662521558e-05, 2.7461115387635487e-04,
          3.1685338385438362e-03, 1.7846756945182080e-03,
          -3.5529956052886974e-03, 2.6454401832797384e-05,
          3.8651128710177618e-03, -3.0298073366530017e-03,
          1.2111229611284574e-02, 3.0405108594155092e-04,
          -4.7552642424785390e-04, -3.1967381423738950e-03,
          -1.7297677280213443e-03, 2.6410508936792884e-03,
          -9.5894256791466219e-04, 6.6492594673287595e-05,
          2.3676714058926190e-03, -2.4825843321171157e-04,
          3.0405108594155103e-04, 4.5647046692936497e-02,
          -1.4582208901483130e-04, 3.4326456137389466e-04,
          -1.2348391516799680e-02, 1.1623675173598347e-03,
          7.6802373568724000e-03, 2.9878162692410313e-03,
          -7.3060759027974344e-03, -7.3887044662521531e-05,
          -4.7552642424785385e-04, -1.4582208901483135e-04,
          8.6421869729002808e-03, 8.0083458295797600e-04,
          -4.7808870205020672e-03, 7.0831010615527304e-03,
          1.8541966472388968e-03, 1.7702308053774390e-03,
          -1.2042176668596797e-03, 2.7461115387635482e-04,
          -3.1967381423738950e-03, 3.4326456137389466e-04,
          8.0083458295797578e-04, 2.4552307215783029e-02,
          -2.0492521802981706e-03, 1.0553017304375332e-02,
          -1.9370088309926724e-02, -6.9935218733686820e-03,
          1.4499965488166721e-02, 3.1685338385438349e-03,
          -1.7297677280213441e-03, -1.2348391516799678e-02,
          -4.7808870205020663e-03, -2.0492521802981702e-03,
          1.9128981191145639e-01, -4.3925447570088975e-02,
          9.6658900427673122e-03, 2.5097494806291889e-02,
          -1.6353203550471523e-02, 1.7846756945182085e-03,
          2.6410508936792901e-03, 1.1623675173598354e-03,
          7.0831010615527304e-03, 1.0553017304375332e-02,
          -4.3925447570088975e-02, 2.7098015449910617e-01 ]
   - !!opencv-matrix
      rows: 10
      cols: 10
      dt: d
      data: [ 1.5499089098838728e-01, 1.4658070147407706e-01,
          -2.7702265131730377e-02, 3.0972401335231585e-03,
          9.0466111462833370e-04, 7.9755894672776193e-03,
          1.8239312889897462e-03, 1.0860381676616215e-02,
          1.9610792984788964e-02, 9.6531891974938680e-03,
          1.4658070147407706e-01, 4.2593871079540502e-01,
          -8.6446176407235772e-02, 1.0007230631479867e-02,
          4.5729667994494176e-02, 5.9438079974286368e-03,
          1.6418163404328702e-02, 2.5180231258275218e-02,
          3.4465110515486536e-02, 2.5631330690020816e-02,
          -2.7702265131730387e-02, -8.6446176407235759e-02,
          9.4818292443492241e-02, 3.6991077282913395e-04,
          -1.1275801827497316e-02, 6.6256457360563369e-03,
          1.3968335664139911e-03, -3.8872909399221764e-03,
          -5.4537586542352029e-03, -5.1349817609614894e-03,
          3.0972401335231580e-03, 1.0007230631479867e-02,
          3.6991077282913395e-04, 5.3055461589644901e-02,
          9.6822861197441538e-03, -9.7755839719753667e-05,
          4.6731088065472800e-03, 1.7073808006274514e-03,
          9.5736382928522223e-03, 3.4060294095862977e-03,
          9.0466111462833326e-04, 4.5729667994494197e-02,
          -1.1275801827497314e-02, 9.6822861197441538e-03,
          1.2526341818056125e-01, 2.1909420367143702e-03,
          2.1031169977075319e-02, -1.3905124961807575e-03,
          4.9959218878029331e-03, 7.6350849032554690e-03,
          7.9755894672776211e-03, 5.9438079974286333e-03,
          6.6256457360563386e-03, -9.7755839719753735e-05,
          2.1909420367143694e-03, 4.4132740901971654e-02,
          1.4319816821793000e-03, 1.8303525647556872e-03,
          -5.6793747307782609e-03, 1.8142513563032590e-03,
          1.8239312889897460e-03, 1.6418163404328705e-02,
          1.3968335664139911e-03, 4.6731088065472800e-03,
          2.1031169977075319e-02, 1.4319816821793006e-03,
          1.8851793745403293e-02, 3.4304956761236050e-03,
          1.8206076853733723e-03, 1.3759268320157026e-03,
          1.0860381676616220e-02, 2.5180231258275218e-02,
          -3.8872909399221764e-03, 1.7073808006274520e-03,
          -1.3905124961807553e-03, 1.8303525647556866e-03,
          3.4304956761236046e-03, 1.4132368117174615e-01,
          5.5354005181432282e-03, 4.3285572506179910e-03,
          1.9610792984788964e-02, 3.4465110515486543e-02,
          -5.4537586542352029e-03, 9.5736382928522223e-03,
          4.9959218878029349e-03, -5.6793747307782591e-03,
          1.8206076853733719e-03, 5.5354005181432282e-03,
          5.3517250857420914e-02, 1.0536242119674128e-02,
          9.6531891974938697e-03, 2.5631330690020812e-02,
          -5.1349817609614903e-03, 3.4060294095862986e-03,
          7.6350849032554716e-03, 1.8142513563032597e-03,
          1.3759268320157022e-03, 4.3285572506179884e-03,
          1.0536242119674129e-02, 1.7886578159416248e-02 ]
   - !!opencv-matrix
      rows: 10
      cols: 10
      dt: d
