%YAML:1.0
---
groups:
   - intact
   - CD19
intactGmmnames:
   - "intact.49331.0"
   - "intact.49331.1"
   - "intact.49331.2"
   - "intact.49331.3"
   - "intact.49331.4"
intactLabels:
   - FSC-A
   - SSC-A
   - SY41
   - CD19
   - CD10
   - CD20
   - CD45
   - CD34
   - CD38
   - CD58
intactMu: !!opencv-matrix
   rows: 5
   cols: 10
   dt: d
   data: [ 1.3481756237570341e+00, 4.5010795303142953e-01,
       3.1290376830265654e+00, 1.2398492840949615e+00,
       1.1879664314068963e+00, 1.2353397546482283e+00,
       3.4410074017646419e+00, 9.5025888195159380e-01,
       1.8638243955208860e+00, 1.9331400447263880e+00,
       1.7374262499742992e+00, 2.5830714972091320e+00,
       3.7258900499739580e+00, 1.2746530787547310e+00,
       1.5939813972591095e+00, 1.2468781810732033e+00,
       2.2967686592278254e+00, 1.1650787360650918e+00,
       1.6786921497215979e+00, 1.9980546392591416e+00,
       1.0811803461526535e+00, 2.8402485018987411e-01,
       3.4570778420848445e+00, 1.2474407646373717e+00,
       1.1778415146979968e+00, 1.1910343562659345e+00,
       3.2588473468824875e+00, 9.7324624221769862e-01,
       1.6812486191343465e+00, 1.3234215770910120e+00,
       1.1391299978415970e+00, 5.9728289101295373e-01,
       3.2766647867808185e+00, 1.2646025166348798e+00,
       1.2322932478934137e+00, 1.1497875946603984e+00,
       1.3953288647337674e+00, 1.1368658298897829e+00,
       1.6454169852653475e+00, 2.7196727809196930e+00,
       2.1487360849392130e+00, 2.7743189348296338e+00,
       3.2862737333956611e+00, 1.2741211943220270e+00,
       2.1942287955641233e+00, 1.2181020272057197e+00,
       2.8846870453491844e+00, 1.2654456748608980e+00,
       1.8831387582848724e+00, 2.3922686179202453e+00 ]
intactSigma:
   - !!opencv-matrix
      rows: 10
      cols: 10
      dt: d
      data: [ 4.1227462816930280e-02, 2.0881405211565225e-03,
          -1.4299000794181524e-02, -7.9066836922212869e-04,
          -7.6554278519100371e-04, 2.0770678192440591e-04,
          1.0121949065206604e-02, -1.5230614297569948e-03,
          -1.5702794438179398e-02, 5.1793321791057893e-03,
          2.0881405211565225e-03, 8.1206932961533727e-03,
          -4.3557318520713846e-03, 7.8233611277533902e-05,
          2.2395229417707075e-04, -9.0102257108468206e-04,
          3.0680873333672662e-03, 1.1024464067996979e-03,
          4.9989486681557690e-03, 9.0624127245803338e-03,
          -1.4299000794181524e-02, -4.3557318520713846e-03,
          9.5102280757710198e-02, 1.8454158158370600e-03,
          7.9570367064381396e-04, -1.7513780685727578e-03,
          -1.0676844878234960e-02, 3.4985390843251434e-03,
          9.2249683431112877e-03, -6.7866346902635925e-03,
          -7.9066836922212880e-04, 7.8233611277533916e-05,
          1.8454158158370598e-03, 2.2704328332938603e-03,
          -1.2721015556832558e-03, -1.1307454494840720e-03,
          -9.9401432000504860e-04, 8.2497269327221946e-04,
          3.8498888206955823e-03, 5.4387467724198130e-05,
          -7.6554278519100371e-04, 2.2395229417707067e-04,
          7.9570367064381374e-04, -1.2721015556832556e-03,
          5.4737526717018262e-03, 7.5481395639377896e-04,
          5.0500140173142594e-04, -3.4005973371086917e-03,
          -1.9073774169039940e-03, 8.0308073408704675e-04,
          2.0770678192440629e-04, -9.0102257108468206e-04,
          -1.7513780685727586e-03, -1.1307454494840722e-03,
          7.5481395639377842e-04, 8.8338368656436378e-02,
          3.5857900281797356e-03, 1.3844777894589581e-04,
          -2.9150528765220802e-02, 1.8690225502171923e-03,
          1.0121949065206604e-02, 3.0680873333672667e-03,
          -1.0676844878234960e-02, -9.9401432000504860e-04,
          5.0500140173142573e-04, 3.5857900281797369e-03,
          1.7962030088124737e-02, -9.7593411905299362e-04,
          -2.3021666381047717e-02, 7.0339583090126287e-03,
          -1.5230614297569952e-03, 1.1024464067996979e-03,
          3.4985390843251434e-03, 8.2497269327221913e-04,
          -3.4005973371086917e-03, 1.3844777894589570e-04,
          -9.7593411905299362e-04, 4.6361033435641172e-02,
          4.2369276212436109e-03, 2.8435580874671251e-03,
          -1.5702794438179395e-02, 4.9989486681557690e-03,
          9.2249683431112877e-03, 3.8498888206955823e-03,
          -1.9073774169039946e-03, -2.9150528765220802e-02,
          -2.3021666381047717e-02, 4.2369276212436118e-03,
          1.8140110276028898e-01, -3.1477688986044565e-03,
          5.1793321791057893e-03, 9.0624127245803338e-03,
          -6.7866346902635934e-03, 5.4387467724198300e-05,
          8.0308073408704665e-04, 1.8690225502171927e-03,
          7.0339583090126270e-03, 2.8435580874671251e-03,
          -3.1477688986044565e-03, 5.3860101183931947e-02 ]
   - !!opencv-matrix
      rows: 10
      cols: 10
      dt: d
      data: [ 2.3962799811308386e-01, 2.0714712859345585e-01,
          -6.8983767097974980e-03, -2.1799411456862815e-06,
          4.2714747785316193e-03, 2.4454559802752377e-03,
          -2.0084926698990927e-02, 1.4017180318900648e-02,
          7.7150031645959486e-03, 2.0170875314312716e-02,
          2.0714712859345585e-01, 5.2115764947284882e-01,
          2.8036179963105385e-02, 3.4836431689355121e-03,
          3.9260332782256976e-02, 1.0673564479391585e-02,
          -8.1365407771451709e-02, 3.3580500761986549e-02,
          1.7422507661786032e-02, 1.0075604618374778e-01,
          -6.8983767097974980e-03, 2.8036179963105385e-02,
          2.7963738050265387e-02, 1.6884897942097087e-03,
          -2.4499628275703824e-03, 6.7785023819971219e-03,
          -3.2591059071480778e-02, 5.7530667313190785e-03,
          -2.6876077340694457e-03, -5.1472511524129072e-03,
          -2.1799411456866478e-06, 3.4836431689355130e-03,
          1.6884897942097093e-03, 5.3638051088937665e-03,
          -4.6780295721787143e-03, 8.1651008229763762e-05,
          -2.5624755573946554e-03, 1.6829897330148150e-03,
          7.2518458159072775e-04, 1.0109825231351148e-03,
          4.2714747785316193e-03, 3.9260332782256976e-02,
          -2.4499628275703837e-03, -4.6780295721787152e-03,
          8.4705621339786832e-02, -1.0538004090634159e-03,
          3.5163309637679580e-02, -4.3988958102095903e-03,
          4.1391827967997442e-03, 3.6089191348177320e-02,
          2.4454559802752369e-03, 1.0673564479391587e-02,
          6.7785023819971237e-03, 8.1651008229763748e-05,
          -1.0538004090634157e-03, 3.1987978632186199e-02,
          -6.6972630414136947e-03, 3.5957427015020763e-03,
          -4.3659413733789293e-03, -2.1502288068156383e-03,
          -2.0084926698990927e-02, -8.1365407771451709e-02,
          -3.2591059071480778e-02, -2.5624755573946554e-03,
          3.5163309637679580e-02, -6.6972630414136956e-03,
          1.6721922433311376e-01, -7.2630077755610443e-03,
          1.0058012316419347e-02, 2.3445290775516974e-02,
          1.4017180318900643e-02, 3.3580500761986549e-02,
          5.7530667313190802e-03, 1.6829897330148153e-03,
          -4.3988958102095903e-03, 3.5957427015020772e-03,
          -7.2630077755610443e-03, 1.1135121392784554e-01,
          1.8044624789767399e-03, 9.6931575325593811e-03,
          7.7150031645959469e-03, 1.7422507661786029e-02,
          -2.6876077340694466e-03, 7.2518458159072754e-04,
          4.1391827967997442e-03, -4.3659413733789293e-03,
          1.0058012316419347e-02, 1.8044624789767389e-03,
          1.7291336672744056e-02, 1.5141257059790891e-02,
          2.0170875314312716e-02, 1.0075604618374778e-01,
          -5.1472511524129089e-03, 1.0109825231351152e-03,
          3.6089191348177313e-02, -2.1502288068156392e-03,
          2.3445290775516974e-02, 9.6931575325593811e-03,
          1.5141257059790891e-02, 1.3855935275921594e-01 ]
   - !!opencv-matrix
      rows: 10
      cols: 10
      dt: d
