%YAML:1.0
---
groups:
   - intact
   - CD19
   - blast
intactGmmnames:
   - "intact.49371.0"
   - "intact.49371.1"
   - "intact.49371.2"
   - "intact.49371.3"
   - "intact.49371.4"
intactLabels:
   - FSC-A
   - SSC-A
   - SY41
   - CD19
   - CD10
   - CD20
   - CD45
   - CD34
   - CD38
   - CD58
intactMu: !!opencv-matrix
   rows: 5
   cols: 10
   dt: d
   data: [ 1.0604969787105913e+00, 3.4075855890962797e-01,
       2.3126636180053275e+00, 1.0136951012698026e+00,
       1.1046144614400990e+00, 1.1598829988613484e+00,
       3.3817402067649449e+00, 1.1312823574843467e+00,
       1.8255220278700546e+00, 1.3691884166608153e+00,
       1.5349337291061584e+00, 1.3931261840417326e+00,
       2.5059890852428781e+00, 1.1295520176374663e+00,
       1.4104024880928399e+00, 1.1962201801625332e+00,
       2.6855499444746189e+00, 1.3168644372098266e+00,
       2.1456454711760649e+00, 2.1683321264889059e+00,
       8.4042069601011593e-01, 2.9293132699088692e-01,
       2.4524126829877870e+00, 1.1076799156321873e+00,
       1.2167219387249157e+00, 1.1232112814406026e+00,
       1.2572325542434546e+00, 1.2106778212206033e+00,
       1.6028890529773880e+00, 2.5116387763634309e+00,
       2.5343744450567365e+00, 3.0652463929970262e+00,
       2.4539621835506509e+00, 1.1094106163770645e+00,
       2.1227363075741961e+00, 1.1964739703479295e+00,
       3.0160847409990308e+00, 1.2395454639122250e+00,
       1.7623316598458811e+00, 2.3911908344190249e+00,
       2.2410033333028561e+00, 2.3849624439193580e+00,
       2.4185091013158009e+00, 1.0903343898958073e+00,
       1.9671588160926403e+00, 1.1867804821120804e+00,
       2.9726325902448063e+00, 1.2390451373450935e+00,
       1.6936285246802261e+00, 2.3487502676814529e+00 ]
intactSigma:
   - !!opencv-matrix
      rows: 10
      cols: 10
      dt: d
      data: [ 3.5389806660756695e-02, 1.2261779491728363e-02,
          1.3028224094213578e-03, -5.8846239692077950e-03,
          9.5647012792559483e-03, 2.9354116573880861e-04,
          1.0165603424647255e-02, -2.3815928095264377e-03,
          4.4129022734075041e-02, 4.2356947865377616e-02,
          1.2261779491728360e-02, 1.3521754646022760e-02,
          1.0469924497296702e-03, -4.9760817325004252e-03,
          8.6353855527607423e-03, 4.9185046153080354e-04,
          7.8163704786269432e-03, -1.6729922832399689e-03,
          3.4522910357034919e-02, 4.6513007222766960e-02,
          1.3028224094213581e-03, 1.0469924497296702e-03,
          3.3227832233622870e-02, -3.6243573863330478e-04,
          9.8158526548715276e-04, 2.3994925736556936e-04,
          5.7753704220757981e-04, 4.2977534786856644e-04,
          -3.2390609458273225e-03, 6.3332356172042343e-03,
          -5.8846239692077959e-03, -4.9760817325004252e-03,
          -3.6243573863330500e-04, 1.2926206518362194e-02,
          -1.9255735673117266e-02, -2.0670065149016202e-03,
          -4.6285312239079945e-03, 3.1700230313103633e-03,
          -9.7700983062194227e-03, -1.8793644337156391e-02,
          9.5647012792559483e-03, 8.6353855527607423e-03,
          9.8158526548715319e-04, -1.9255735673117266e-02,
          7.3843409871002907e-02, 1.3060488588352178e-03,
          6.6524646070499592e-03, -1.9451600272365196e-02,
          2.6700302604605482e-02, 3.4007492726644981e-02,
          2.9354116573880894e-04, 4.9185046153080354e-04,
          2.3994925736556871e-04, -2.0670065149016193e-03,
          1.3060488588352178e-03, 5.8742860329447318e-02,
          1.2493255135810480e-03, 5.8976215678086399e-05,
          -2.2947738693981624e-02, 1.1029477243907002e-02,
          1.0165603424647255e-02, 7.8163704786269432e-03,
          5.7753704220757992e-04, -4.6285312239079945e-03,
          6.6524646070499592e-03, 1.2493255135810478e-03,
          1.2507289928445256e-02, -1.5785344174403929e-03,
          1.8893127010416118e-02, 2.3349411849703891e-02,
          -2.3815928095264386e-03, -1.6729922832399691e-03,
          4.2977534786856644e-04, 3.1700230313103633e-03,
          -1.9451600272365196e-02, 5.8976215678086575e-05,
          -1.5785344174403929e-03, 5.9667680141477289e-02,
          -6.7199923973922521e-03, -1.7896520041255090e-03,
          4.4129022734075041e-02, 3.4522910357034919e-02,
          -3.2390609458273233e-03, -9.7700983062194210e-03,
          2.6700302604605472e-02, -2.2947738693981617e-02,
          1.8893127010416118e-02, -6.7199923973922495e-03,
          3.1511701866902880e-01, 9.0411508649853131e-02,
          4.2356947865377616e-02, 4.6513007222766960e-02,
          6.3332356172042343e-03, -1.8793644337156391e-02,
          3.4007492726644988e-02, 1.1029477243906998e-02,
          2.3349411849703895e-02, -1.7896520041255097e-03,
          9.0411508649853131e-02, 3.0728092971313864e-01 ]
   - !!opencv-matrix
      rows: 10
      cols: 10
      dt: d
      data: [ 3.7076712581894949e-01, 3.1618680755906159e-01,
          1.3625058434807149e-02, -2.8146282976686458e-03,
          3.7446579710430208e-02, -2.3825410893901959e-03,
          1.2069073968160055e-01, 1.5904994472304288e-02,
          6.6020043859621805e-02, 7.9040636794193264e-02,
          3.1618680755906159e-01, 7.2291202370990060e-01,
          -1.1551717305490749e-02, 5.6662309079904844e-03,
          9.6674755422550246e-02, 1.7954301445676175e-02,
          1.8089392020637984e-01, -2.5561427957270413e-02,
          -1.9274324498191046e-02, 1.6545250478081400e-04,
          1.3625058434807148e-02, -1.1551717305490757e-02,
          7.3154082625594613e-02, 1.8697782710708191e-03,
          1.2287658252852524e-02, -3.8659765243013116e-04,
          -1.4868047665681370e-02, 9.0781099021056133e-03,
          3.3777639966554092e-02, 6.0473098086564474e-02,
          -2.8146282976686467e-03, 5.6662309079904835e-03,
          1.8697782710708189e-03, 4.8832686041948452e-02,
          5.6922966314100635e-03, 3.3368300789823016e-02,
          -2.1226563933809107e-02, 5.0591378500871829e-03,
          3.8250511298602561e-03, 1.7662963497888404e-03,
          3.7446579710430208e-02, 9.6674755422550260e-02,
          1.2287658252852524e-02, 5.6922966314100635e-03,
          2.2294984567650414e-01, 2.4352853805215003e-02,
          7.9978792615636382e-03, -1.8022407709654076e-02,
          -3.5261246851033212e-02, 5.3378110434208072e-02,
          -2.3825410893901959e-03, 1.7954301445676172e-02,
          -3.8659765243013165e-04, 3.3368300789823016e-02,
          2.4352853805215000e-02, 1.1626033624431914e-01,
          -3.4691512050146357e-03, 5.5145540170866659e-03,
          -2.5723558999949374e-02, -1.4552386274050810e-02,
          1.2069073968160055e-01, 1.8089392020637984e-01,
          -1.4868047665681377e-02, -2.1226563933809107e-02,
          7.9978792615636382e-03, -3.4691512050146344e-03,
          4.5607713048232834e-01, 2.0851824280860604e-02,
          1.6005991468080399e-01, -3.1189803552019287e-02,
          1.5904994472304288e-02, -2.5561427957270413e-02,
          9.0781099021056150e-03, 5.0591378500871812e-03,
          -1.8022407709654079e-02, 5.5145540170866659e-03,
          2.0851824280860604e-02, 1.5270894983691105e-01,
          4.5686525100360656e-02, 8.8738000276766607e-03,
          6.6020043859621805e-02, -1.9274324498191046e-02,
          3.3777639966554092e-02, 3.8250511298602548e-03,
          -3.5261246851033212e-02, -2.5723558999949374e-02,
          1.6005991468080402e-01, 4.5686525100360656e-02,
          3.9914063801977884e-01, 1.3606324115050777e-01,
          7.9040636794193264e-02, 1.6545250478081658e-04,
          6.0473098086564474e-02, 1.7662963497888401e-03,
          5.3378110434208058e-02, -1.4552386274050810e-02,
          -3.1189803552019276e-02, 8.8738000276766607e-03,
          1.3606324115050783e-01, 3.0853615034903242e-01 ]
   - !!opencv-matrix
      rows: 10
      cols: 10
      dt: d
