%YAML:1.0
---
groups:
   - intact
   - CD19
   - blast
intactGmmnames:
   - "intact.494.0"
   - "intact.494.1"
   - "intact.494.2"
   - "intact.494.3"
   - "intact.494.4"
intactLabels:
   - FSC-A
   - SSC-A
   - SY41
   - CD19
   - CD10
   - CD20
   - CD45
   - CD34
   - CD38
intactMu: !!opencv-matrix
   rows: 5
   cols: 9
   dt: d
   data: [ 1.7082524474178178e+00, 3.7396429547158522e-01,
       3.6903473843597756e+00, 8.9893550353343077e-01,
       8.3312607957973894e-01, 9.9383832797947214e-01,
       3.7216231608832877e+00, 1.1399276253998922e+00,
       1.6681733322876784e+00, 2.5134085603472798e+00,
       1.5799696135143060e+00, 3.9516164919485637e+00,
       1.4375174513025035e+00, 2.1392001160013976e+00,
       1.6774289573216659e+00, 2.8610848324586309e+00,
       1.6053938129728162e+00, 2.6231407710563297e+00,
       1.5506090356094286e+00, 3.3259605160056449e-01,
       3.7551537480156671e+00, 8.9324588562636931e-01,
       1.2374272770251400e+00, 9.4810389735979395e-01,
       3.6895385720778751e+00, 1.1615463870763123e+00,
       1.8384751775949919e+00, 1.5218312524600945e+00,
       5.5761206404837460e-01, 3.9697655888443326e+00,
       1.0900239005558621e+00, 1.4569691444626867e+00,
       1.1413789247246071e+00, 1.8113107961478847e+00,
       1.1124275988801571e+00, 1.7236603923104616e+00,
       2.4841151679806264e+00, 9.2429891897007865e-01,
       3.7217284652067333e+00, 1.0986702102650279e+00,
       1.0239579350703181e+00, 1.1523472476026637e+00,
       3.5029008006482449e+00, 1.8448865465792497e+00,
       2.7816536345453362e+00 ]
intactSigma:
   - !!opencv-matrix
      rows: 9
      cols: 9
      dt: d
      data: [ 2.2031494162691473e-01, 3.9954678501367268e-02,
          -3.3665840436282284e-02, -2.5177982647839139e-03,
          8.0404036685648370e-03, 3.7958109041871142e-02,
          2.9014332047052099e-02, 1.1516898040109660e-02,
          -9.8879919668276757e-03, 3.9954678501367268e-02,
          1.9739719819085354e-02, -1.1966704611402233e-02,
          4.1133950500943997e-03, 6.3705951361893937e-03,
          1.7087269482718475e-02, 1.0053460875099646e-02,
          2.2740681533610224e-03, -2.9912770243996126e-03,
          -3.3665840436282291e-02, -1.1966704611402234e-02,
          2.9985954863891148e-02, -4.7993741975217285e-03,
          -3.9954923343568033e-03, -1.3928685889058948e-02,
          -8.0344673085980048e-03, 2.5934613398286865e-03,
          2.2332301537992226e-03, -2.5177982647839148e-03,
          4.1133950500943980e-03, -4.7993741975217285e-03,
          5.5717776448725484e-02, 3.3090223239548074e-03,
          5.3117390709035706e-03, -1.1020716624901531e-03,
          2.2737389784039871e-04, -2.5954742726605664e-03,
          8.0404036685648370e-03, 6.3705951361893937e-03,
          -3.9954923343568025e-03, 3.3090223239548074e-03,
          5.3437450161551193e-02, 1.3471233469630054e-03,
          1.9769274800547254e-03, -5.0247799925005818e-03,
          -1.2840040710860544e-03, 3.7958109041871142e-02,
          1.7087269482718468e-02, -1.3928685889058948e-02,
          5.3117390709035697e-03, 1.3471233469630054e-03,
          7.0410373860667633e-02, 8.3750867724170248e-03,
          1.0337368106996608e-03, -3.3678753431582802e-03,
          2.9014332047052099e-02, 1.0053460875099646e-02,
          -8.0344673085980065e-03, -1.1020716624901531e-03,
          1.9769274800547254e-03, 8.3750867724170248e-03,
          1.1599584720087227e-02, 1.7547389785218005e-03,
          -2.5277171391884863e-03, 1.1516898040109655e-02,
          2.2740681533610224e-03, 2.5934613398286882e-03,
          2.2737389784039823e-04, -5.0247799925005826e-03,
          1.0337368106996612e-03, 1.7547389785217999e-03,
          1.5709598872397712e-01, 2.1531811118698013e-04,
          -9.8879919668276757e-03, -2.9912770243996126e-03,
          2.2332301537992226e-03, -2.5954742726605664e-03,
          -1.2840040710860540e-03, -3.3678753431582815e-03,
          -2.5277171391884863e-03, 2.1531811118698016e-04,
          1.2445057151777923e-02 ]
   - !!opencv-matrix
      rows: 9
      cols: 9
      dt: d
      data: [ 6.9816349998412675e-01, 2.8112915036541830e-01,
          6.2989513363132993e-02, 4.9136265970050913e-02,
          -9.8584174275679129e-03, 3.2649959715946655e-02,
          8.9571168442411600e-02, 7.1610274241484737e-02,
          2.4496364099019566e-01, 2.8112915036541830e-01,
          6.4091621705697366e-01, -2.3400530213714979e-02,
          1.6876262935503106e-01, 8.0196117789922097e-02,
          1.8017215922708141e-01, 3.8750486767238912e-02,
          9.1193464414845882e-02, 1.8550074739839373e-01,
          6.2989513363132993e-02, -2.3400530213714982e-02,
          1.1975700880493791e-01, -2.0218478592824302e-02,
          -4.8779547613372130e-02, -5.4893028396672969e-02,
          9.8885254280293745e-03, -3.3234994273451945e-02,
          5.8929387287892709e-02, 4.9136265970050906e-02,
          1.6876262935503106e-01, -2.0218478592824295e-02,
          1.2683124258182554e-01, 5.4108936149555378e-02,
          1.0367890414485822e-01, 7.6794912010104159e-03,
          5.2657027894864906e-02, 1.7965130769981241e-02,
          -9.8584174275679129e-03, 8.0196117789922097e-02,
          -4.8779547613372130e-02, 5.4108936149555378e-02,
          5.7533797173628998e-01, 1.2622793746887154e-01,
          -5.2191160445487002e-02, 4.6488608023228351e-02,
          -1.1317937216675467e-01, 3.2649959715946662e-02,
          1.8017215922708141e-01, -5.4893028396672969e-02,
          1.0367890414485822e-01, 1.2622793746887154e-01,
          2.5792763821578246e-01, 1.8338020034710526e-02,
          6.9865499429365929e-02, -5.0876948984019598e-03,
          8.9571168442411614e-02, 3.8750486767238912e-02,
          9.8885254280293763e-03, 7.6794912010104176e-03,
          -5.2191160445487002e-02, 1.8338020034710526e-02,
          3.5720783507306103e-01, 3.9652678663801115e-02,
          1.6662993998043285e-01, 7.1610274241484737e-02,
          9.1193464414845882e-02, -3.3234994273451945e-02,
          5.2657027894864906e-02, 4.6488608023228351e-02,
          6.9865499429365929e-02, 3.9652678663801122e-02,
          3.5516047240405735e-01, 7.4224153522902320e-02,
          2.4496364099019566e-01, 1.8550074739839373e-01,
          5.8929387287892709e-02, 1.7965130769981234e-02,
          -1.1317937216675467e-01, -5.0876948984019598e-03,
          1.6662993998043285e-01, 7.4224153522902306e-02,
          5.5605637529380214e-01 ]
   - !!opencv-matrix
      rows: 9
      cols: 9
      dt: d
      data: [ 2.1684536265711218e-01, 3.0968958241596980e-02,
          -5.6900690139356794e-02, -2.5386346661395993e-03,
          4.5949783314373292e-02, 5.6415643940150376e-02,
          3.4427809580386479e-02, 1.2970068642438833e-02,
          5.5434559336837112e-03, 3.0968958241596987e-02,
          1.5840417635926359e-02, -1.0716657631416923e-02,
          4.1538164173823529e-03, 1.9642670865216840e-02,
          1.9419336835408717e-02, 8.4773285793839012e-03,
          2.5504443158415285e-03, -1.6226741574260151e-03,
          -5.6900690139356808e-02, -1.0716657631416923e-02,
          4.2399953296080040e-02, -3.8498162117054165e-03,
          -1.7720333544816922e-02, -3.0044030202611420e-02,
          -1.2828245558550012e-02, 4.3805997565573586e-04,
          -6.1302099759088825e-03, -2.5386346661395985e-03,
          4.1538164173823538e-03, -3.8498162117054165e-03,
          5.4068507014992565e-02, 7.0753332720179321e-03,
          8.1187500680490986e-03, -1.7002561467996621e-03,
          3.3225987761547822e-05, -2.7884580100215376e-03,
          4.5949783314373271e-02, 1.9642670865216840e-02,
          -1.7720333544816922e-02, 7.0753332720179269e-03,
          3.6907277537101668e-01, 2.4487660409394194e-02,
