%YAML:1.0
---
groups:
   - intact
   - CD19
   - blast
intactGmmnames:
   - "intact.496.0"
   - "intact.496.1"
   - "intact.496.2"
   - "intact.496.3"
   - "intact.496.4"
intactLabels:
   - FSC-A
   - SSC-A
   - SY41
   - CD19
   - CD10
   - CD20
   - CD45
   - CD34
   - CD38
intactMu: !!opencv-matrix
   rows: 5
   cols: 9
   dt: d
   data: [ 2.0348575804253000e+00, 7.6142489597089724e-01,
       2.6618871135964435e+00, 8.8681848768145488e-01,
       9.8461554005119667e-01, 1.4003572636521722e+00,
       4.0019726047222068e+00, 1.3448915632197651e+00,
       2.9433488148347000e+00, 3.0461850757875886e+00,
       3.7126033366651474e+00, 3.0369386416432671e+00,
       1.7999511133466064e+00, 2.6510868454682877e+00,
       1.5378009351652910e+00, 3.3190436985447840e+00,
       1.2732401694167408e+00, 1.5704023698837490e+00,
       1.4655691139132574e+00, 3.4828193137403263e-01,
       3.1697510776400710e+00, 7.8657921837785794e-01,
       9.4673470717201491e-01, 1.2891334652687418e+00,
       3.8629757756713738e+00, 1.2072657582455899e+00,
       1.7395912217150182e+00, 1.8279484773406489e+00,
       5.6909964464246365e-01, 2.7879789478626122e+00,
       8.3435674594627418e-01, 1.0253599816791779e+00,
       1.5050518126499841e+00, 3.9998915426068318e+00,
       1.2395654932540672e+00, 1.4916466362214682e+00,
       2.1835885363511274e+00, 1.4083429370425793e+00,
       2.7677009052677186e+00, 1.2738762309231770e+00,
       1.5378224015287159e+00, 1.5680415405287123e+00,
       2.7712834102928956e+00, 1.5373425326566150e+00,
       1.9124860203208078e+00 ]
intactSigma:
   - !!opencv-matrix
      rows: 9
      cols: 9
      dt: d
      data: [ 1.4729460922803639e-01, 2.4258650696984817e-02,
          1.0963108369500815e-02, 6.9093215900343785e-03,
          4.3890679298611021e-03, 1.2754430854481471e-02,
          6.8240240541897167e-03, 1.1571824732801425e-02,
          2.0684209016198548e-02, 2.4258650696984817e-02,
          2.1905259618403127e-02, 9.3394857530535033e-04,
          2.9888496614040635e-03, 5.2875606224776295e-03,
          9.9627819816632598e-03, 4.7183850417508331e-03,
          6.4647446972600948e-03, 1.8647323682550454e-02,
          1.0963108369500815e-02, 9.3394857530535119e-04,
          1.0156824596265264e-01, 1.5094921664759392e-03,
          -5.0081076575055246e-04, -2.3369998759186468e-03,
          -5.0174690662593182e-05, 3.2152213156344759e-03,
          2.9888312145596140e-03, 6.9093215900343802e-03,
          2.9888496614040635e-03, 1.5094921664759390e-03,
          6.4182788101191074e-02, 1.5976984822320222e-04,
          1.3550518052988755e-03, -3.7452220829417501e-03,
          3.9827418223968725e-03, 2.5611836373525929e-03,
          4.3890679298611021e-03, 5.2875606224776295e-03,
          -5.0081076575055300e-04, 1.5976984822320232e-04,
          5.4650162599067055e-02, -1.1254350611811566e-03,
          2.5697126559647530e-03, -6.7882668361730512e-03,
          2.7866443695164561e-03, 1.2754430854481471e-02,
          9.9627819816632598e-03, -2.3369998759186421e-03,
          1.3550518052988748e-03, -1.1254350611811558e-03,
          4.9283802246192894e-02, 4.0354835672149038e-03,
          2.9974531014475038e-03, 2.7795839383256476e-03,
          6.8240240541897158e-03, 4.7183850417508331e-03,
          -5.0174690662593107e-05, -3.7452220829417501e-03,
          2.5697126559647526e-03, 4.0354835672149038e-03,
          8.3405583284697875e-03, 2.4984645582174858e-03,
          3.4987035976095332e-03, 1.1571824732801422e-02,
          6.4647446972600931e-03, 3.2152213156344772e-03,
          3.9827418223968743e-03, -6.7882668361730503e-03,
          2.9974531014475051e-03, 2.4984645582174854e-03,
          1.8967292732659907e-01, 2.2627153195743814e-02,
          2.0684209016198545e-02, 1.8647323682550454e-02,
          2.9888312145596140e-03, 2.5611836373525920e-03,
          2.7866443695164539e-03, 2.7795839383256485e-03,
          3.4987035976095332e-03, 2.2627153195743814e-02,
          1.2576075007785620e-01 ]
   - !!opencv-matrix
      rows: 9
      cols: 9
      dt: d
      data: [ 3.9387046581067758e-01, 1.0401598670374135e-01,
          -3.8319445088104719e-02, 2.3188003200174445e-02,
          -3.5851831975948857e-02, 1.8399827511639183e-02,
          -2.3384330918929091e-02, -4.2275972170149993e-03,
          1.2143340176195798e-02, 1.0401598670374135e-01,
          2.4376472797763554e-01, -3.3140046344745321e-03,
          4.5580562745249624e-02, 2.3566139055530049e-02,
          2.8973533163721664e-02, 1.0870830312705129e-02,
          9.8702203876778628e-03, 8.3957259932507730e-03,
          -3.8319445088104705e-02, -3.3140046344745321e-03,
          8.7288366454144381e-02, -1.6764132639469880e-03,
          -1.1632931209517396e-02, -4.1708017918851790e-03,
          -6.4873357397117366e-03, 2.0994442908792302e-03,
          -4.6726028675538522e-03, 2.3188003200174445e-02,
          4.5580562745249624e-02, -1.6764132639469874e-03,
          2.6527478394651222e-02, 3.3439000708861194e-03,
          6.3358750734328895e-03, 7.7508707994438416e-04,
          2.4283338667965624e-03, -2.6730522991519575e-03,
          -3.5851831975948857e-02, 2.3566139055530053e-02,
          -1.1632931209517397e-02, 3.3439000708861194e-03,
          1.4396794848914815e-01, 5.6756010602802389e-03,
          4.8990592707945015e-02, 1.3345663231806276e-02,
          1.3413026547548800e-03, 1.8399827511639176e-02,
          2.8973533163721664e-02, -4.1708017918851790e-03,
          6.3358750734328877e-03, 5.6756010602802397e-03,
          3.7857906468780310e-02, 4.4165345590990524e-03,
          6.2198599349664535e-03, 2.8795647501789292e-03,
          -2.3384330918929094e-02, 1.0870830312705127e-02,
          -6.4873357397117340e-03, 7.7508707994438449e-04,
          4.8990592707945015e-02, 4.4165345590990524e-03,
          4.0986013686732131e-02, 8.8258262777507202e-03,
          -1.0025145795676486e-03, -4.2275972170150002e-03,
          9.8702203876778628e-03, 2.0994442908792315e-03,
          2.4283338667965624e-03, 1.3345663231806276e-02,
          6.2198599349664535e-03, 8.8258262777507149e-03,
          8.9053169951032837e-02, 1.7784960542162995e-03,
          1.2143340176195797e-02, 8.3957259932507765e-03,
          -4.6726028675538522e-03, -2.6730522991519575e-03,
          1.3413026547548803e-03, 2.8795647501789296e-03,
          -1.0025145795676486e-03, 1.7784960542163001e-03,
          4.0408116408381704e-02 ]
   - !!opencv-matrix
      rows: 9
      cols: 9
      dt: d
      data: [ 1.0188264621588780e-01, 1.2478833706371834e-02,
          -2.6228922408909432e-02, 4.3889443965044591e-03,
          5.1262683043341471e-03, 1.7760659388978261e-02,
          8.8047677480014991e-03, 4.1879157811135197e-03,
          1.6853200784021926e-02, 1.2478833706371836e-02,
          7.6938797485782418e-03, -7.7082068201135426e-03,
          1.0185186870272499e-03, 3.8836991619618103e-03,
          1.0939276389957947e-02, 3.5105425867622431e-03,
          1.0792539496985963e-03, -3.9418187603559593e-03,
          -2.6228922408909429e-02, -7.7082068201135426e-03,
          6.1542597823285708e-02, -1.8609489216777459e-03,
          -3.5811792520726751e-03, -1.2432771272949126e-02,
          -5.7727180345073306e-03, 1.5520654574379413e-03,
          -3.1929180734095009e-04, 4.3889443965044591e-03,
          1.0185186870272497e-03, -1.8609489216777455e-03,
          3.6922017011524567e-02, 5.9261407264093807e-04,
          1.6315843349003802e-03, -1.8629080548951801e-03,
          2.5189511395086435e-03, 5.5440565809027238e-04,
          5.1262683043341471e-03, 3.8836991619618103e-03,
          -3.5811792520726760e-03, 5.9261407264093807e-04,
          5.1013993594644994e-02, 4.3484033040750852e-03,
          2.4685333163793157e-03, -4.6030374985574158e-03,
