%YAML:1.0
---
groups:
   - intact
   - CD19
   - blast
intactGmmnames:
   - "intact.49759.0"
   - "intact.49759.1"
   - "intact.49759.2"
   - "intact.49759.3"
   - "intact.49759.4"
intactLabels:
   - FSC-A
   - SSC-A
   - SY41
   - CD19
   - CD10
   - CD20
   - CD45
   - CD34
   - CD38
   - CD58
intactMu: !!opencv-matrix
   rows: 5
   cols: 10
   dt: d
   data: [ 1.1431754718066076e+00, 3.2825892135401719e-01,
       3.1798066672683638e+00, 1.3332008374671183e+00,
       1.0767950590708386e+00, 1.1839883399578550e+00,
       3.2548114694025756e+00, 1.1599991909895688e+00,
       1.5003859997588636e+00, 1.2229029463473289e+00,
       2.3561537675231166e+00, 3.2856335710294227e+00,
       3.0089010185917351e+00, 1.3272066607167283e+00,
       2.5742767263865738e+00, 1.2313545799223424e+00,
       3.0150607302914048e+00, 1.3315829953047256e+00,
       1.5235904730065029e+00, 2.3684459359272427e+00,
       9.5607333200556377e-01, 4.0778691915744719e-01,
       2.9499454156628704e+00, 1.3361594596029494e+00,
       1.1286461696987806e+00, 1.1878151783627111e+00,
       1.3929519515190565e+00, 1.2080371505779537e+00,
       1.5367169266551592e+00, 2.2899359470080731e+00,
       1.3068211899712070e+00, 5.1883156066466407e-01,
       3.0035025293081539e+00, 1.3398300844437323e+00,
       1.0993771772766165e+00, 1.1335771636707914e+00,
       3.2839783384698946e+00, 1.1730089400970647e+00,
       1.8838441914310378e+00, 1.6661231400957528e+00,
       2.3165136044946801e+00, 2.0479123400794119e+00,
       2.9111345057547999e+00, 1.4056243748996571e+00,
       1.4284081471030641e+00, 1.2406848332980556e+00,
       2.7421928799410207e+00, 1.7757637097650329e+00,
       1.8006959180799182e+00, 2.4611673093132622e+00 ]
intactSigma:
   - !!opencv-matrix
      rows: 10
      cols: 10
      dt: d
      data: [ 4.0983031521878030e-02, 7.1281752077767191e-03,
          -2.3852703894617508e-02, -2.1909422301046215e-04,
          -1.8869218453246295e-03, -8.6332841475383567e-04,
          7.3631967020238468e-03, 3.7178293954757334e-04,
          -7.8941903288380303e-03, 1.6901394053729608e-02,
          7.1281752077767191e-03, 1.0598148175589954e-02,
          -1.4410782647817318e-02, 4.6249801836322712e-05,
          2.3687983924037195e-04, -5.5281751027754476e-04,
          3.7778427898447894e-03, 1.0363961390929784e-03,
          -7.2984579871019127e-03, 3.7482098806820657e-02,
          -2.3852703894617508e-02, -1.4410782647817314e-02,
          8.4517543778416956e-02, 9.9070296508693158e-04,
          1.3413524112648107e-03, 2.8503949648548792e-03,
          -1.0519330498457383e-02, 1.6172945070765468e-03,
          2.0587969969773284e-02, -5.0350707351061237e-02,
          -2.1909422301046204e-04, 4.6249801836322719e-05,
          9.9070296508693202e-04, 1.4082104155523384e-03,
          -1.2415380506208501e-03, -1.3120025770224576e-04,
          -3.1721725586854609e-04, 2.8587085960469079e-04,
          4.4511552560144512e-04, 6.6653886185212823e-04,
          -1.8869218453246299e-03, 2.3687983924037203e-04,
          1.3413524112648107e-03, -1.2415380506208501e-03,
          9.6579663616104851e-03, -2.7764194011301518e-05,
          -4.7071749010763921e-04, -9.8320557613678695e-04,
          -1.0086070732727333e-03, 3.7910567721950571e-03,
          -8.6332841475383611e-04, -5.5281751027754444e-04,
          2.8503949648548792e-03, -1.3120025770224579e-04,
          -2.7764194011301596e-05, 1.0514690285757742e-02,
          -3.5418066841678985e-04, 2.1844217554901460e-04,
          -6.6096685624086134e-04, -2.8955930964796135e-03,
          7.3631967020238468e-03, 3.7778427898447894e-03,
          -1.0519330498457383e-02, -3.1721725586854609e-04,
          -4.7071749010763921e-04, -3.5418066841678996e-04,
          1.7875851185871282e-02, -4.5729270446046418e-04,
          -3.5308252360088835e-03, 8.3640329096713439e-03,
          3.7178293954757356e-04, 1.0363961390929784e-03,
          1.6172945070765464e-03, 2.8587085960469068e-04,
          -9.8320557613678652e-04, 2.1844217554901468e-04,
          -4.5729270446046407e-04, 7.4427545167275316e-03,
          2.7387127037403416e-04, 4.4962009039643761e-03,
          -7.8941903288380303e-03, -7.2984579871019127e-03,
          2.0587969969773287e-02, 4.4511552560144512e-04,
          -1.0086070732727331e-03, -6.6096685624086134e-04,
          -3.5308252360088839e-03, 2.7387127037403406e-04,
          2.4726282314094350e-02, -3.0575385886344550e-02,
          1.6901394053729604e-02, 3.7482098806820657e-02,
          -5.0350707351061237e-02, 6.6653886185212823e-04,
          3.7910567721950558e-03, -2.8955930964796126e-03,
          8.3640329096713421e-03, 4.4962009039643753e-03,
          -3.0575385886344557e-02, 2.6719472014765638e-01 ]
   - !!opencv-matrix
      rows: 10
      cols: 10
      dt: d
      data: [ 1.3745826198343772e-01, 1.0384760337162452e-01,
          -1.8328749228114321e-02, 1.9229033549377926e-03,
          -9.5021336913438982e-03, 2.5330677001000456e-03,
          -2.8078205722498546e-03, 4.6017002073474251e-03,
          3.1115295845415510e-03, 1.0231347621536546e-02,
          1.0384760337162455e-01, 3.6321052367832113e-01,
          -5.4931143094345804e-02, -5.4368665483834960e-04,
          3.9929185825022515e-02, 2.5307232328635261e-03,
          1.7196960295965472e-02, 1.3113341825191981e-02,
          -1.0795590805468454e-03, 2.1950123019860015e-02,
          -1.8328749228114314e-02, -5.4931143094345804e-02,
          1.1320294875040121e-01, 1.2687144480457830e-03,
          -4.0826011186428715e-03, 9.1142911927065168e-04,
          -1.1522451722275145e-03, 2.3466959539745636e-03,
          7.2420205637200631e-04, -2.4851104325638519e-03,
          1.9229033549377926e-03, -5.4368665483834993e-04,
          1.2687144480457830e-03, 1.4589550551550472e-02,
          -6.9256011171935283e-03, -6.3904444835245799e-04,
          -7.6536561147785224e-04, 8.5881739580400828e-04,
          2.8620320128083690e-03, 8.7169561709647572e-04,
          -9.5021336913438965e-03, 3.9929185825022515e-02,
          -4.0826011186428715e-03, -6.9256011171935257e-03,
          9.6954283663007124e-02, -3.1807332610444337e-03,
          2.4416629189506454e-02, 3.5197330073762885e-03,
          -5.5415921107966155e-03, 6.9592871730445429e-03,
          2.5330677001000447e-03, 2.5307232328635261e-03,
          9.1142911927065190e-04, -6.3904444835245820e-04,
          -3.1807332610444337e-03, 2.0482262358306552e-02,
          -3.8228942268154489e-04, 8.8090994567135029e-04,
          -3.4207811998364030e-03, 3.7055769136868706e-04,
          -2.8078205722498538e-03, 1.7196960295965472e-02,
          -1.1522451722275149e-03, -7.6536561147785246e-04,
          2.4416629189506454e-02, -3.8228942268154489e-04,
          1.7744350692699109e-02, 3.2926795614929816e-03,
          6.8009476270768950e-05, 5.1532749375920962e-03,
          4.6017002073474259e-03, 1.3113341825191985e-02,
          2.3466959539745623e-03, 8.5881739580400806e-04,
          3.5197330073762898e-03, 8.8090994567135040e-04,
          3.2926795614929816e-03, 5.7381560764689400e-02,
          2.0107860030060178e-03, 5.9894988161609446e-03,
          3.1115295845415502e-03, -1.0795590805468458e-03,
          7.2420205637200631e-04, 2.8620320128083690e-03,
          -5.5415921107966138e-03, -3.4207811998364047e-03,
          6.8009476270768963e-05, 2.0107860030060178e-03,
          1.0410214488119615e-02, 3.1282654757638067e-03,
          1.0231347621536546e-02, 2.1950123019860011e-02,
          -2.4851104325638511e-03, 8.7169561709647561e-04,
          6.9592871730445420e-03, 3.7055769136868695e-04,
          5.1532749375920962e-03, 5.9894988161609463e-03,
          3.1282654757638067e-03, 2.0991293256412618e-02 ]
   - !!opencv-matrix
      rows: 10
      cols: 10
      dt: d
