%YAML:1.0
---
groups:
   - intact
   - CD19
   - blast
intactGmmnames:
   - "intact.49824.0"
   - "intact.49824.1"
   - "intact.49824.2"
   - "intact.49824.3"
   - "intact.49824.4"
intactLabels:
   - FSC-A
   - SSC-A
   - SY41
   - CD19
   - CD10
   - CD20
   - CD45
   - CD34
   - CD38
   - CD58
intactMu: !!opencv-matrix
   rows: 5
   cols: 10
   dt: d
   data: [ 1.4637660326223598e+00, 5.2999719043262516e-01,
       3.0823718866604586e+00, 1.3268261386094180e+00,
       1.0816481044293986e+00, 1.1225665902690527e+00,
       3.4007921741672473e+00, 1.1110126236094064e+00,
       2.2176507299371719e+00, 1.8846173587187789e+00,
       7.9619781388486177e-01, 3.0257325687890446e-01,
       3.2389578576730731e+00, 1.3179610121278058e+00,
       1.1306024296808213e+00, 1.1604622040351147e+00,
       1.2435465911804824e+00, 1.1527733240349232e+00,
       1.5374376037247104e+00, 2.4116596758192399e+00,
       2.2085488183133806e+00, 2.8343376438132242e+00,
       3.2611872936891237e+00, 1.3355502659918286e+00,
       1.9859742905393249e+00, 1.2135982596668076e+00,
       3.1051740306590632e+00, 1.2132022325192304e+00,
       1.5666753489264220e+00, 2.3364405015235068e+00,
       1.3367756409870923e+00, 3.2969020588020614e-01,
       3.1107196338249974e+00, 1.3207555366129724e+00,
       1.0738466197814083e+00, 1.1750206527506424e+00,
       3.2943011747453972e+00, 1.1091101315985852e+00,
       1.5826281403726461e+00, 1.3335008574782985e+00,
       1.7600735214954049e+00, 1.1765596557006428e+00,
       3.2233754181458130e+00, 1.3420491780862651e+00,
       1.2338220569139458e+00, 1.1878654200524661e+00,
       2.5309717533108622e+00, 1.1995538693664458e+00,
       1.9533470264368418e+00, 2.2116722464382046e+00 ]
intactSigma:
   - !!opencv-matrix
      rows: 10
      cols: 10
      dt: d
      data: [ 7.4729398272520495e-02, 1.4006788416980925e-02,
          -1.3551272641671235e-02, -7.0850729393664649e-05,
          -1.0897433535738423e-03, -3.4110969414684511e-03,
          5.7086040711121491e-03, 4.6406863109604049e-04,
          1.1407763486902232e-02, 1.6416462492788966e-02,
          1.4006788416980925e-02, 2.1689360470278841e-02,
          -1.4232896971447604e-03, 4.3194852102773932e-04,
          1.6153559749991549e-04, -3.4349261369170281e-03,
          6.4121706972075062e-03, 1.0587218190280568e-03,
          2.2099116917435786e-02, 2.2597713568839242e-02,
          -1.3551272641671235e-02, -1.4232896971447604e-03,
          3.0556847181658440e-02, 3.4323562103740228e-04,
          9.3941538273341894e-04, 1.9900092781735671e-03,
          -3.8204220302224591e-03, 9.5549794364693493e-04,
          -5.1763322005964688e-03, -3.5520336740569453e-03,
          -7.0850729393664568e-05, 4.3194852102773932e-04,
          3.4323562103740228e-04, 1.5609653200871782e-03,
          -1.1733732652009050e-03, -1.0599648266861243e-03,
          1.0514365192215568e-04, 4.4124038243280160e-04,
          4.4856174453272706e-03, 6.8363775925642039e-04,
          -1.0897433535738425e-03, 1.6153559749991543e-04,
          9.3941538273341959e-04, -1.1733732652009050e-03,
          8.2532059139275547e-03, 6.8365992862404505e-04,
          2.7670746764917753e-04, -4.7007536038526140e-03,
          -4.1222272098722056e-03, 1.8823893546746982e-03,
          -3.4110969414684503e-03, -3.4349261369170290e-03,
          1.9900092781735667e-03, -1.0599648266861243e-03,
          6.8365992862404494e-04, 5.4337045195947994e-02,
          -2.7847781397958306e-03, 4.3000872261658252e-04,
          -4.0700084713344617e-02, -3.3403697478937952e-03,
          5.7086040711121482e-03, 6.4121706972075062e-03,
          -3.8204220302224586e-03, 1.0514365192215571e-04,
          2.7670746764917769e-04, -2.7847781397958302e-03,
          2.3607521595587364e-02, -5.0985996612455382e-04,
          1.9373451662719827e-02, 9.9053667828293192e-03,
          4.6406863109604114e-04, 1.0587218190280566e-03,
          9.5549794364693471e-04, 4.4124038243280149e-04,
          -4.7007536038526148e-03, 4.3000872261658208e-04,
          -5.0985996612455361e-04, 2.6008037657534969e-02,
          6.9367155635260633e-04, 2.7218553249633457e-03,
          1.1407763486902230e-02, 2.2099116917435782e-02,
          -5.1763322005964705e-03, 4.4856174453272698e-03,
          -4.1222272098722056e-03, -4.0700084713344631e-02,
          1.9373451662719834e-02, 6.9367155635260708e-04,
          2.8906689640236116e-01, 1.9735833523562056e-02,
          1.6416462492788966e-02, 2.2597713568839242e-02,
          -3.5520336740569435e-03, 6.8363775925642039e-04,
          1.8823893546746982e-03, -3.3403697478937983e-03,
          9.9053667828293192e-03, 2.7218553249633457e-03,
          1.9735833523562056e-02, 1.1515353576985268e-01 ]
   - !!opencv-matrix
      rows: 10
      cols: 10
      dt: d
      data: [ 4.8626592878355870e-02, 1.5483443242366729e-02,
          5.4111856122336507e-03, 4.3421252662285118e-04,
          1.6251549816019902e-03, 7.3942630655719690e-04,
          6.9861627009400159e-03, 2.3322555570652027e-03,
          4.2661732285750598e-03, 1.6396078663201603e-02,
          1.5483443242366729e-02, 1.0221079111531972e-02,
          6.8496194333293276e-03, 3.3925498762531285e-04,
          1.6616253452487802e-03, 8.2699021682695753e-04,
          4.8710528081141015e-03, 1.5607737113219305e-03,
          2.8000511683462671e-03, 1.0443810578049740e-02,
          5.4111856122336507e-03, 6.8496194333293303e-03,
          5.1123770695472526e-02, 1.2669335010983191e-03,
          4.0372155936286456e-03, 2.1041197105758857e-03,
          -3.0563057436553492e-03, 2.7233387707910860e-03,
          3.1392715007178477e-03, 1.4024582445796846e-02,
          4.3421252662285124e-04, 3.3925498762531285e-04,
          1.2669335010983189e-03, 1.3772898451887847e-03,
          -1.2478860030054534e-03, -8.9177344133740212e-05,
          4.5392678508283723e-04, 2.5111582930455515e-04,
          3.1601286339148326e-04, 4.7313150072727524e-04,
          1.6251549816019900e-03, 1.6616253452487800e-03,
          4.0372155936286456e-03, -1.2478860030054534e-03,
          9.6445402419707282e-03, 3.3040241979971808e-04,
          7.6331976284401304e-04, -1.6025619428713478e-03,
          2.7934849347879874e-04, 3.0361404019256339e-03,
          7.3942630655719690e-04, 8.2699021682695753e-04,
          2.1041197105758865e-03, -8.9177344133740198e-05,
          3.3040241979971808e-04, 1.2511158720943735e-02,
          1.6301036557818334e-04, 2.0639459556255949e-04,
          -2.0983876686572981e-03, 1.0881273860442464e-03,
          6.9861627009400141e-03, 4.8710528081141024e-03,
          -3.0563057436553505e-03, 4.5392678508283707e-04,
          7.6331976284401337e-04, 1.6301036557818318e-04,
          5.2749246692972547e-02, 1.5834203894972731e-03,
          6.3323505749069090e-03, 1.4815691016086801e-03,
          2.3322555570652035e-03, 1.5607737113219305e-03,
          2.7233387707910860e-03, 2.5111582930455498e-04,
          -1.6025619428713478e-03, 2.0639459556255963e-04,
          1.5834203894972731e-03, 1.3107894450598883e-02,
          8.0225677067882317e-04, 2.3377993866062073e-03,
          4.2661732285750598e-03, 2.8000511683462675e-03,
          3.1392715007178482e-03, 3.1601286339148321e-04,
          2.7934849347879885e-04, -2.0983876686572972e-03,
          6.3323505749069090e-03, 8.0225677067882349e-04,
          1.0301615060505967e-02, 5.0524803034122153e-03,
          1.6396078663201603e-02, 1.0443810578049740e-02,
          1.4024582445796845e-02, 4.7313150072727503e-04,
          3.0361404019256348e-03, 1.0881273860442464e-03,
          1.4815691016086801e-03, 2.3377993866062073e-03,
          5.0524803034122153e-03, 2.5233337740007872e-02 ]
   - !!opencv-matrix
      rows: 10
      cols: 10
      dt: d
