%YAML:1.0
---
groups:
   - intact
   - CD19
   - blast
intactGmmnames:
   - "intact.49930.0"
   - "intact.49930.1"
   - "intact.49930.2"
   - "intact.49930.3"
   - "intact.49930.4"
intactLabels:
   - FSC-A
   - SSC-A
   - SY41
   - CD19
   - CD10
   - CD20
   - CD45
   - CD34
   - CD38
   - CD58
intactMu: !!opencv-matrix
   rows: 5
   cols: 10
   dt: d
   data: [ 1.0240498420306345e+00, 3.0970659127547995e-01,
       3.2286720064175687e+00, 1.2787438342968060e+00,
       1.0841618683612806e+00, 1.3188683436601418e+00,
       3.1960443093898774e+00, 1.1080015551732896e+00,
       1.6171947056421390e+00, 1.4258353108520958e+00,
       1.8314205425899304e+00, 2.5734933963933964e+00,
       3.2395876186634047e+00, 1.2961857107256463e+00,
       2.0248620518961875e+00, 1.3542203244311628e+00,
       2.7847518070334361e+00, 1.2396537329448269e+00,
       1.5843327358623456e+00, 2.2342440396082801e+00,
       9.3197915538900422e-01, 3.6592445095877496e-01,
       3.3928968948320852e+00, 1.2809325119061259e+00,
       1.3757611262618210e+00, 1.3385084142397119e+00,
       1.6604111133193284e+00, 1.1712084433623826e+00,
       1.7692275441880008e+00, 2.4504031010939111e+00,
       1.8532819677741132e+00, 2.8378155427260991e+00,
       3.1148095145630963e+00, 1.2748232045357131e+00,
       2.5419100759371220e+00, 1.3283929427457195e+00,
       2.9459623862881310e+00, 1.2336134721948315e+00,
       1.6009564182279523e+00, 2.4210316977316118e+00,
       1.4185033156875499e+00, 9.4852468493568010e-01,
       3.1474973767682095e+00, 1.3167003274376847e+00,
       1.3419770999854361e+00, 1.5437152411225394e+00,
       2.9776715783802628e+00, 1.2347584713053990e+00,
       2.4296705146131514e+00, 2.0277969646752170e+00 ]
intactSigma:
   - !!opencv-matrix
      rows: 10
      cols: 10
      dt: d
      data: [ 5.8753340367101281e-02, 1.4801448665333268e-02,
          -1.4975230765313900e-02, -3.2030178554631549e-04,
          -4.7530524634781758e-03, -7.1851655617201197e-04,
          1.1284568321704961e-02, 1.1277047333163859e-03,
          -1.6874095768399100e-03, 4.9127453238623033e-02,
          1.4801448665333268e-02, 1.9649322745093550e-02,
          -1.0142683107711756e-02, -6.1124083431612225e-05,
          -3.7281507995286510e-04, -5.1518471062253978e-04,
          8.5688112504532250e-03, 1.3280165085929841e-03,
          -2.1633676144529532e-03, 5.4358628187589866e-02,
          -1.4975230765313900e-02, -1.0142683107711756e-02,
          2.5482546319261536e-02, 4.9031766958501711e-05,
          2.9215371183814289e-03, 7.6376869729909396e-04,
          -5.0889464136224952e-03, -5.1958609847141488e-04,
          3.1005780003007905e-04, -2.8495056687951086e-02,
          -3.2030178554631538e-04, -6.1124083431612265e-05,
          4.9031766958501596e-05, 1.4704172452048097e-03,
          -1.3248507482524871e-03, -7.9956791926764391e-05,
          -1.3556304044933982e-04, 2.6376579363194391e-04,
          3.4834267132162651e-04, -6.3858448657803330e-05,
          -4.7530524634781758e-03, -3.7281507995286489e-04,
          2.9215371183814289e-03, -1.3248507482524873e-03,
          1.1237777339394763e-02, 5.6357013244044888e-05,
          -1.1895543940249734e-04, -1.3602681692811331e-03,
          -1.2556662457406855e-03, 1.5534310449750689e-03,
          -7.1851655617201165e-04, -5.1518471062253967e-04,
          7.6376869729909396e-04, -7.9956791926764337e-05,
          5.6357013244044800e-05, 8.0416673435326543e-03,
          -1.8545584229995627e-04, 9.3167054102257055e-05,
          1.8311508494281094e-03, -8.7707432008702171e-04,
          1.1284568321704961e-02, 8.5688112504532267e-03,
          -5.0889464136224952e-03, -1.3556304044933982e-04,
          -1.1895543940249737e-04, -1.8545584229995603e-04,
          1.5748348726421627e-02, 4.2311774470097052e-04,
          -1.3597127818881758e-03, 2.2167707884638677e-02,
          1.1277047333163859e-03, 1.3280165085929841e-03,
          -5.1958609847141499e-04, 2.6376579363194391e-04,
          -1.3602681692811329e-03, 9.3167054102257014e-05,
          4.2311774470097052e-04, 7.9243426054099678e-03,
          -3.1472537975484906e-05, 5.7388499850080628e-03,
          -1.6874095768399111e-03, -2.1633676144529523e-03,
          3.1005780003007916e-04, 3.4834267132162656e-04,
          -1.2556662457406862e-03, 1.8311508494281087e-03,
          -1.3597127818881763e-03, -3.1472537975484886e-05,
          3.0005080251312249e-02, -8.2026277566646221e-03,
          4.9127453238623039e-02, 5.4358628187589866e-02,
          -2.8495056687951079e-02, -6.3858448657803195e-05,
          1.5534310449750682e-03, -8.7707432008702127e-04,
          2.2167707884638677e-02, 5.7388499850080620e-03,
          -8.2026277566646238e-03, 2.9905932302905930e-01 ]
   - !!opencv-matrix
      rows: 10
      cols: 10
      dt: d
      data: [ 3.5467043201800336e-01, 2.0140814296591833e-01,
          -4.7606963876994549e-02, 1.3475341289839811e-03,
          -3.5201329692017932e-02, -2.2654609607460967e-05,
          5.3376238442955727e-02, 1.2932006274750567e-02,
          2.0537999788076234e-02, 4.8578856641774776e-02,
          2.0140814296591833e-01, 4.0356474327111636e-01,
          -3.6652689405430178e-02, 1.7413038032203119e-03,
          2.6258672880657037e-02, 1.4824175348602099e-04,
          4.3222948888570860e-02, 1.7704775215883848e-02,
          4.4282740158112085e-03, 4.0284523958590487e-02,
          -4.7606963876994549e-02, -3.6652689405430171e-02,
          5.7968088537049725e-02, 2.1579860917914385e-04,
          -8.5451427380831019e-03, 5.9378568999180542e-03,
          -2.2848206498724249e-02, -1.8396818869593863e-03,
          1.2399855814296727e-03, -9.9928514621442713e-03,
          1.3475341289839811e-03, 1.7413038032203126e-03,
          2.1579860917914380e-04, 6.6532229958773722e-03,
          -6.7307377381583275e-03, 1.3143268602944762e-04,
          -4.3206151633228137e-04, 6.9584470355460470e-04,
          1.5921634177640989e-03, 1.4286295036146906e-03,
          -3.5201329692017932e-02, 2.6258672880657044e-02,
          -8.5451427380831071e-03, -6.7307377381583284e-03,
          1.7928652932494904e-01, -5.7964011107434930e-03,
          1.7751666446641213e-02, -1.5481713005975292e-03,
          -2.2034285326328965e-02, -2.3446257764368532e-02,
          -2.2654609607460764e-05, 1.4824175348602132e-04,
          5.9378568999180542e-03, 1.3143268602944748e-04,
          -5.7964011107434939e-03, 8.7375447252407753e-03,
          -3.4863165039788072e-03, 6.9994572021361942e-04,
          8.9318867030721105e-04, 7.8700437272089788e-04,
          5.3376238442955727e-02, 4.3222948888570860e-02,
          -2.2848206498724249e-02, -4.3206151633228137e-04,
          1.7751666446641213e-02, -3.4863165039788068e-03,
          4.8921578724431085e-02, 5.4025049968594923e-03,
          9.3012179004938833e-04, 1.6925042397016248e-02,
          1.2932006274750567e-02, 1.7704775215883848e-02,
          -1.8396818869593869e-03, 6.9584470355460481e-04,
          -1.5481713005975303e-03, 6.9994572021361910e-04,
          5.4025049968594915e-03, 4.4557746610656611e-02,
          1.4510408865811134e-03, 3.2309645496541787e-03,
          2.0537999788076234e-02, 4.4282740158112059e-03,
          1.2399855814296732e-03, 1.5921634177640991e-03,
          -2.2034285326328965e-02, 8.9318867030721105e-04,
          9.3012179004938833e-04, 1.4510408865811139e-03,
          1.2547709000875401e-02, 1.0998810460607741e-02,
          4.8578856641774790e-02, 4.0284523958590487e-02,
          -9.9928514621442713e-03, 1.4286295036146904e-03,
          -2.3446257764368532e-02, 7.8700437272089744e-04,
          1.6925042397016248e-02, 3.2309645496541779e-03,
          1.0998810460607741e-02, 4.6452113546592788e-02 ]
   - !!opencv-matrix
      rows: 10
      cols: 10
      dt: d
