%YAML:1.0
---
groups:
   - intact
   - CD19
   - blast
intactGmmnames:
   - "intact.49959.0"
   - "intact.49959.1"
   - "intact.49959.2"
   - "intact.49959.3"
   - "intact.49959.4"
intactLabels:
   - FSC-A
   - SSC-A
   - SY41
   - CD19
   - CD10
   - CD20
   - CD45
   - CD34
   - CD38
   - CD58
intactMu: !!opencv-matrix
   rows: 5
   cols: 10
   dt: d
   data: [ 1.0555845670915247e+00, 3.8680338618937016e-01,
       3.0738526662961339e+00, 1.2963673671452085e+00,
       1.2131514668873913e+00, 1.1239241430494342e+00,
       3.3090805420806801e+00, 1.0571705394796220e+00,
       2.0931187385087178e+00, 1.7166504005137728e+00,
       1.8326370024992933e+00, 2.6452594342814675e+00,
       3.1299185818406370e+00, 1.3471087382246760e+00,
       2.5121434117397534e+00, 1.1951566329348966e+00,
       3.0941378026131434e+00, 1.2696194256419691e+00,
       1.5858153040205520e+00, 2.3058290657291378e+00,
       9.2777680152549946e-01, 2.4338309481206497e-01,
       3.1751677785081842e+00, 1.3265723257942987e+00,
       1.1213955191324045e+00, 1.1530292474689015e+00,
       3.2461424467479540e+00, 1.1327696340016997e+00,
       1.6828313426120018e+00, 1.0542449098348321e+00,
       7.8246268338416536e-01, 3.5720517677045310e-01,
       3.2358282378014485e+00, 1.3573057580079582e+00,
       1.2826699171231428e+00, 1.1614581574705394e+00,
       1.3647574813745829e+00, 1.2378864931389466e+00,
       1.6051788668639264e+00, 2.5060668088161844e+00,
       1.5254695737378683e+00, 1.3560385482807789e+00,
       3.3053313145916481e+00, 1.4011228886033200e+00,
       1.6892104371147623e+00, 1.3101244372803946e+00,
       2.7508089427427671e+00, 1.3184173078331041e+00,
       1.9374930967763901e+00, 2.1201743181153230e+00 ]
intactSigma:
   - !!opencv-matrix
      rows: 10
      cols: 10
      dt: d
      data: [ 3.0953886216718105e-02, 8.9114534799445214e-03,
          -6.8518263101299322e-03, -1.8590083031849835e-03,
          1.6791548030521673e-03, -1.5885451879253554e-03,
          5.6796769940985316e-03, -5.6253563394164817e-03,
          8.3838376367519618e-03, 2.0132715707335616e-02,
          8.9114534799445214e-03, 1.5309847427939203e-02,
          -4.9965190945000055e-03, -2.2240451850883709e-03,
          3.9561593835319292e-03, -2.7711559682189490e-03,
          8.1482788290345408e-03, -5.7718114074401441e-03,
          1.8176889185067723e-02, 2.9951875958930830e-02,
          -6.8518263101299322e-03, -4.9965190945000055e-03,
          1.8040442812090315e-02, 1.8770057131425387e-03,
          -1.7033423041652085e-03, 1.5983243673156550e-03,
          -5.1718186863692409e-03, 5.0198154098959899e-03,
          -1.3359077703964151e-02, -1.7190760801068197e-02,
          -1.8590083031849837e-03, -2.2240451850883704e-03,
          1.8770057131425385e-03, 4.5664543225584775e-03,
          -9.0355790855379710e-03, 7.2049639448961650e-05,
          -3.1986280958988464e-03, 3.9880218000698424e-03,
          -1.4008077796172046e-03, -7.3220637763414947e-03,
          1.6791548030521671e-03, 3.9561593835319292e-03,
          -1.7033423041652085e-03, -9.0355790855379710e-03,
          5.5944162535492233e-02, -4.1352876060217920e-04,
          4.8963666012050797e-03, -2.1097766308111825e-02,
          1.1606492673640742e-03, 1.3575519976566745e-02,
          -1.5885451879253554e-03, -2.7711559682189503e-03,
          1.5983243673156544e-03, 7.2049639448961610e-05,
          -4.1352876060217903e-04, 5.4505600956112635e-02,
          -2.0314977382868142e-03, 2.7524166492284541e-03,
          -3.0542598452733626e-02, -3.1879655895912448e-03,
          5.6796769940985325e-03, 8.1482788290345408e-03,
          -5.1718186863692409e-03, -3.1986280958988468e-03,
          4.8963666012050815e-03, -2.0314977382868129e-03,
          2.4340728551860261e-02, -7.6168988711641239e-03,
          1.4402489120821366e-02, 2.8072070411355118e-02,
          -5.6253563394164808e-03, -5.7718114074401441e-03,
          5.0198154098959882e-03, 3.9880218000698424e-03,
          -2.1097766308111825e-02, 2.7524166492284550e-03,
          -7.6168988711641239e-03, 8.3957698550933837e-02,
          -1.6543090156800687e-02, -1.3469457824559029e-02,
          8.3838376367519670e-03, 1.8176889185067723e-02,
          -1.3359077703964150e-02, -1.4008077796172035e-03,
          1.1606492673640737e-03, -3.0542598452733626e-02,
          1.4402489120821366e-02, -1.6543090156800694e-02,
          2.9954939469875108e-01, -9.6974263472450611e-03,
          2.0132715707335616e-02, 2.9951875958930830e-02,
          -1.7190760801068197e-02, -7.3220637763414947e-03,
          1.3575519976566745e-02, -3.1879655895912444e-03,
          2.8072070411355118e-02, -1.3469457824559029e-02,
          -9.6974263472450611e-03, 2.0700288100863429e-01 ]
   - !!opencv-matrix
      rows: 10
      cols: 10
      dt: d
      data: [ 1.3749064345729634e-01, 1.1017550421076239e-01,
          -5.9411694903959344e-03, 1.5515830026918581e-04,
          5.4477914588484354e-03, 2.1610579346674000e-03,
          6.4075699397000349e-03, 4.9815880015102515e-03,
          -8.9687647233945326e-04, 9.9934092536093950e-05,
          1.1017550421076239e-01, 2.8544113662855009e-01,
          -8.1382648752312409e-03, -1.2033754888724942e-03,
          3.3158068349912834e-02, 1.9194396976159201e-03,
          1.3238591365663728e-02, 2.0779986272855301e-03,
          4.3280784544829278e-03, 2.1314078520323968e-02,
          -5.9411694903959353e-03, -8.1382648752312409e-03,
          1.6498076473008837e-02, 3.5751201365695885e-04,
          6.8471918497166101e-04, 9.6920778646722363e-04,
          1.4781295783448144e-03, 2.6822460390973101e-03,
          2.8683721272440414e-05, -3.1548084805255727e-03,
          1.5515830026918611e-04, -1.2033754888724937e-03,
          3.5751201365695896e-04, 1.2594515951072758e-02,
          -2.5375441920149474e-03, -3.9817362866584224e-04,
          4.2023445144293096e-04, 1.1435379499191167e-03,
          2.6620383299079320e-03, -5.6953184276044512e-05,
          5.4477914588484345e-03, 3.3158068349912834e-02,
          6.8471918497166068e-04, -2.5375441920149474e-03,
          1.4434552302191281e-01, -1.9473149736518049e-03,
          2.7668858713101402e-02, 2.1750352039554568e-03,
          -2.9980744774712309e-04, 1.5584816937820119e-03,
          2.1610579346673995e-03, 1.9194396976159201e-03,
          9.6920778646722363e-04, -3.9817362866584262e-04,
          -1.9473149736518054e-03, 2.4741087464546074e-02,
          5.0103612867255889e-04, 1.5841304765977465e-03,
          -2.7341413381076680e-03, -7.2091177145974509e-05,
          6.4075699397000349e-03, 1.3238591365663728e-02,
          1.4781295783448144e-03, 4.2023445144293118e-04,
          2.7668858713101402e-02, 5.0103612867255900e-04,
          2.0234457032795337e-02, 4.5171162514872363e-03,
          7.9090095412458195e-04, -7.9972859357203428e-04,
          4.9815880015102497e-03, 2.0779986272855292e-03,
          2.6822460390973110e-03, 1.1435379499191165e-03,
          2.1750352039554568e-03, 1.5841304765977456e-03,
          4.5171162514872363e-03, 5.4318114659580655e-02,
          1.3427679217922052e-03, -2.5784415671282080e-03,
          -8.9687647233945228e-04, 4.3280784544829269e-03,
          2.8683721272440391e-05, 2.6620383299079320e-03,
          -2.9980744774712347e-04, -2.7341413381076671e-03,
          7.9090095412458184e-04, 1.3427679217922052e-03,
          1.1198012751978671e-02, 5.3420613952698225e-03,
          9.9934092536093814e-05, 2.1314078520323968e-02,
          -3.1548084805255740e-03, -5.6953184276044675e-05,
          1.5584816937820115e-03, -7.2091177145974266e-05,
          -7.9972859357203417e-04, -2.5784415671282080e-03,
          5.3420613952698225e-03, 2.6911823024237929e-02 ]
   - !!opencv-matrix
      rows: 10
      cols: 10
      dt: d
