%YAML:1.0
---
groups:
   - intact
   - CD19
   - blast
intactGmmnames:
   - "intact.501.0"
   - "intact.501.1"
   - "intact.501.2"
   - "intact.501.3"
   - "intact.501.4"
intactLabels:
   - FSC-A
   - SSC-A
   - SY41
   - CD19
   - CD10
   - CD20
   - CD45
   - CD34
   - CD38
intactMu: !!opencv-matrix
   rows: 5
   cols: 9
   dt: d
   data: [ 1.3356272375219642e+00, 5.5179639572995187e-01,
       3.4650391895937673e+00, 1.0727814814295160e+00,
       9.1839145344496909e-01, 1.1224176910111410e+00,
       3.7011518931681513e+00, 1.0530969152560310e+00,
       1.5251232209258703e+00, 2.2464431593092207e+00,
       3.7337479267482649e+00, 3.2636780223128268e+00,
       1.6179476591054858e+00, 2.2046772472160918e+00,
       1.4216594065462538e+00, 3.3918082207421367e+00,
       1.1258959774644441e+00, 1.5928449738189079e+00,
       1.3970241111431274e+00, 7.8539932453916284e-01,
       3.2704964858562748e+00, 1.1077250094305817e+00,
       9.3267658398693609e-01, 1.1280479098927050e+00,
       3.6825236897298619e+00, 1.0673001721429738e+00,
       2.3479892483272864e+00, 2.2546906395700037e+00,
       2.1238610121724535e+00, 3.6245884003815196e+00,
       1.5957362184409298e+00, 1.4747333074604487e+00,
       1.7549947003119171e+00, 3.2467656126943791e+00,
       1.5524983407083428e+00, 2.0484630241251875e+00,
       1.4267865881492068e+00, 9.7623296067876664e-01,
       3.7194308470805990e+00, 1.2066671446749215e+00,
       1.4456060673768272e+00, 1.3765507431141575e+00,
       1.5859953434803624e+00, 1.0955967093013799e+00,
       1.5430109551954820e+00 ]
intactSigma:
   - !!opencv-matrix
      rows: 9
      cols: 9
      dt: d
      data: [ 1.2749054984616839e-01, 2.6251845563607715e-02,
          -2.5049293484980733e-02, -2.0668563751906205e-03,
          4.5802646049078518e-03, 2.3200584031255904e-02,
          2.0566971572647013e-02, 2.6848836288799198e-03,
          -2.9293431310410708e-03, 2.6251845563607715e-02,
          3.1728880803101128e-02, 2.5494727087247144e-03,
          2.4827689722080040e-03, 4.7493986421139620e-03,
          1.5580724747838431e-02, 1.6123290536998836e-02,
          3.3957158637616166e-03, 2.4145205974785433e-04,
          -2.5049293484980736e-02, 2.5494727087247144e-03,
          8.7470803492507757e-02, -3.2849414042361065e-04,
          2.0472840313427165e-03, -4.3174056703363939e-03,
          -3.9176041516774708e-03, 9.3003031905729595e-03,
          3.0818693882029300e-03, -2.0668563751906209e-03,
          2.4827689722080040e-03, -3.2849414042361065e-04,
          2.1053721104602734e-02, 1.0514223364754189e-03,
          1.8971989948311796e-03, -9.6461476183247528e-04,
          1.6476361925316558e-03, -2.9048531807517389e-03,
          4.5802646049078535e-03, 4.7493986421139611e-03,
          2.0472840313427161e-03, 1.0514223364754198e-03,
          3.7883990351781832e-02, -1.3191106434616337e-03,
          6.8495328140442122e-04, -3.0399317610942775e-03,
          -7.8599106825732405e-04, 2.3200584031255900e-02,
          1.5580724747838431e-02, -4.3174056703363956e-03,
          1.8971989948311796e-03, -1.3191106434616345e-03,
          6.4066106824674493e-02, 8.6722039316235108e-03,
          -3.5364121305101003e-05, -2.1420534480933000e-03,
          2.0566971572647013e-02, 1.6123290536998836e-02,
          -3.9176041516774717e-03, -9.6461476183247507e-04,
          6.8495328140442155e-04, 8.6722039316235126e-03,
          2.1825351946193425e-02, -9.0563657395051659e-04,
          4.9311694579528349e-05, 2.6848836288799237e-03,
          3.3957158637616183e-03, 9.3003031905729630e-03,
          1.6476361925316560e-03, -3.0399317610942784e-03,
          -3.5364121305100827e-05, -9.0563657395051594e-04,
          1.5345631538977364e-01, 2.6348421648843068e-03,
          -2.9293431310410704e-03, 2.4145205974785428e-04,
          3.0818693882029287e-03, -2.9048531807517389e-03,
          -7.8599106825732405e-04, -2.1420534480932995e-03,
          4.9311694579528431e-05, 2.6348421648843068e-03,
          1.8719944364543280e-02 ]
   - !!opencv-matrix
      rows: 9
      cols: 9
      dt: d
      data: [ 1.1583867283440444e-01, 4.2055419552648819e-02,
          1.5291686706077813e-02, 8.9974167665800623e-04,
          -3.2138051169442322e-02, 1.4956396711094836e-02,
          -3.6658164856107826e-03, 2.8674168989822309e-03,
          9.3796344445965657e-03, 4.2055419552648826e-02,
          2.8616479412208717e-01, -3.8860720471700257e-03,
          3.6385529152387262e-02, 8.0124671258810162e-02,
          1.5701000889690505e-02, 2.7505360404453668e-02,
          1.2732390142387326e-02, -1.0270040434330649e-02,
          1.5291686706077813e-02, -3.8860720471700257e-03,
          6.7509315953964769e-02, -4.3998001032042487e-03,
          -4.1909244830689578e-02, 1.3547301054705323e-02,
          -8.5060895934526079e-03, 7.7988794020104717e-03,
          8.9507126285385055e-03, 8.9974167665800623e-04,
          3.6385529152387255e-02, -4.3998001032042504e-03,
          2.4975803937683286e-02, 5.9627639273322226e-03,
          1.4227971017520050e-03, 2.2110868084279866e-03,
          1.1385076393517824e-03, -6.3518053781872778e-03,
          -3.2138051169442322e-02, 8.0124671258810176e-02,
          -4.1909244830689571e-02, 5.9627639273322217e-03,
          6.0296739414971046e-01, 8.8869949147230391e-03,
          7.4574047069982080e-02, 1.1367586169786167e-02,
          -2.7991054240084728e-02, 1.4956396711094836e-02,
          1.5701000889690515e-02, 1.3547301054705323e-02,
          1.4227971017520048e-03, 8.8869949147230426e-03,
          5.9493933524854992e-02, 6.2248499560310488e-03,
          5.1555771800249678e-03, 1.6284705024710066e-03,
          -3.6658164856107835e-03, 2.7505360404453668e-02,
          -8.5060895934526079e-03, 2.2110868084279874e-03,
          7.4574047069982080e-02, 6.2248499560310470e-03,
          3.6259709908310567e-02, 1.0462438047397808e-03,
          -8.8506611156621302e-03, 2.8674168989822309e-03,
          1.2732390142387324e-02, 7.7988794020104717e-03,
          1.1385076393517829e-03, 1.1367586169786160e-02,
          5.1555771800249686e-03, 1.0462438047397801e-03,
          1.0728140361919274e-01, 1.8218503928101608e-03,
          9.3796344445965657e-03, -1.0270040434330647e-02,
          8.9507126285385055e-03, -6.3518053781872778e-03,
          -2.7991054240084717e-02, 1.6284705024710057e-03,
          -8.8506611156621302e-03, 1.8218503928101597e-03,
          2.7405571728623832e-02 ]
   - !!opencv-matrix
      rows: 9
      cols: 9
      dt: d
      data: [ 1.0054125596516375e-01, 4.6223384609376840e-02,
          4.4622116088233847e-03, -9.4987754598375868e-05,
          5.2395339852475773e-03, 2.1132102646717991e-02,
          1.7650758617170286e-02, 7.5681066482394550e-03,
          2.4886917392023630e-02, 4.6223384609376840e-02,
          6.6449179123783578e-02, -3.4563814951176579e-03,
          6.0150664390213812e-03, 7.2027957270288188e-03,
          2.0013476220257349e-02, 1.6389264245830027e-02,
          8.4737218397962066e-03, 4.7353773433910985e-02,
          4.4622116088233856e-03, -3.4563814951176584e-03,
          4.5615891304351432e-02, -3.6549812963295025e-03,
          -1.3425331281534581e-04, 3.2771380943376312e-03,
          9.6119241285828405e-04, 5.1098353532464417e-03,
          -4.3470499215548580e-03, -9.4987754598375637e-05,
          6.0150664390213812e-03, -3.6549812963295025e-03,
          2.2090423203065701e-02, 1.3469992244866933e-03,
          1.2028482712574048e-03, -6.4545548025049808e-04,
          3.2065462845976071e-04, 4.6712528323803121e-03,
          5.2395339852475773e-03, 7.2027957270288188e-03,
          -1.3425331281534617e-04, 1.3469992244866931e-03,
          3.7584329742169076e-02, -1.5220785553631015e-03,
          1.8425207990840240e-03, -3.0990180352816854e-03,
