%YAML:1.0
---
groups:
   - intact
   - CD19
   - blast
intactGmmnames:
   - "intact.50174.0"
   - "intact.50174.1"
   - "intact.50174.2"
   - "intact.50174.3"
   - "intact.50174.4"
intactLabels:
   - FSC-A
   - SSC-A
   - SY41
   - CD19
   - CD10
   - CD20
   - CD45
   - CD34
   - CD38
   - CD58
intactMu: !!opencv-matrix
   rows: 5
   cols: 10
   dt: d
   data: [ 1.0295182858201559e+00, 3.5941220370422960e-01,
       2.6365358519279600e+00, 1.0553292715125302e+00,
       9.4894009892703457e-01, 1.2441469230347275e+00,
       1.2109746681058828e+00, 9.5154652269607498e-01,
       1.4524688446671010e+00, 2.6357281565211368e+00,
       1.2452535317476034e+00, 2.5895737614129616e-01,
       2.6735737741643564e+00, 1.0653286004789602e+00,
       9.0123886886309534e-01, 1.3751225666359777e+00,
       3.4556523678192970e+00, 1.0478903868263603e+00,
       2.0359287163440714e+00, 1.5551231917348898e+00,
       1.5332321354754785e+00, 4.4826822511007225e-01,
       2.4457689144861505e+00, 1.0531150754351899e+00,
       1.1079370410904099e+00, 1.5071427932981090e+00,
       3.6062150544814058e+00, 1.2814892525023842e+00,
       2.2701691104710124e+00, 2.2644357738839815e+00,
       2.2822443159354941e+00, 1.8978592699407082e+00,
       2.8813154650634218e+00, 1.1967346115965571e+00,
       1.9099453547484597e+00, 1.7177153420789748e+00,
       2.7263323540884241e+00, 1.2838369756598471e+00,
       2.1174822775794460e+00, 2.5613619796214309e+00,
       1.4024414212910461e+00, 5.4141153303008394e-01,
       2.9180456496321114e+00, 1.0716618493543162e+00,
       1.1464675141144445e+00, 1.3499185121948112e+00,
       1.3177430028480770e+00, 9.5973892424578189e-01,
       1.6479713567961534e+00, 2.9126773449732131e+00 ]
intactSigma:
   - !!opencv-matrix
      rows: 10
      cols: 10
      dt: d
      data: [ 3.2055203809623713e-02, 3.6033806113126739e-03,
          -4.3689112204053646e-03, 1.3767639344360415e-04,
          -2.5401802271109233e-03, -3.7832534682022504e-04,
          2.2845077217889943e-03, 8.4512444257170644e-04,
          -1.6309550132187660e-03, -1.1847235776462801e-03,
          3.6033806113126730e-03, 6.2434022871990652e-03,
          5.5945609847592886e-04, 5.7287348806647739e-05,
          1.7332888570909734e-03, 7.5059937348474922e-04,
          2.4063909104439707e-03, 6.3665776806302149e-04,
          4.9268245054343409e-04, 5.5361705116340008e-03,
          -4.3689112204053637e-03, 5.5945609847592886e-04,
          5.1603775590177779e-02, 3.0973585355761521e-04,
          2.8095471721736099e-03, 3.1361963450671341e-03,
          -1.0525025131441297e-02, -7.4919415573116615e-04,
          7.2870318227935961e-04, 5.1280568468924752e-03,
          1.3767639344360388e-04, 5.7287348806647678e-05,
          3.0973585355761516e-04, 5.0659996156853983e-03,
          -4.8230773787195577e-03, -8.8814738273030117e-04,
          3.3488781212002219e-04, 4.0772249104623678e-04,
          6.4417750923415496e-04, -9.4565978603447504e-05,
          -2.5401802271109233e-03, 1.7332888570909732e-03,
          2.8095471721736090e-03, -4.8230773787195577e-03,
          3.8778069985991467e-02, 1.6786721844292772e-03,
          1.1863169178163873e-03, -2.8713364047043407e-03,
          -6.6924719292258403e-04, 6.8355376161888734e-03,
          -3.7832534682022504e-04, 7.5059937348474900e-04,
          3.1361963450671341e-03, -8.8814738273030117e-04,
          1.6786721844292759e-03, 5.0256044035072590e-02,
          3.1755433754312155e-04, 1.4941215804366751e-04,
          -7.3093277863464021e-03, 2.0115979487386245e-03,
          2.2845077217889947e-03, 2.4063909104439715e-03,
          -1.0525025131441297e-02, 3.3488781212002229e-04,
          1.1863169178163873e-03, 3.1755433754312144e-04,
          2.2124714720272016e-02, 1.4080387269856955e-03,
          1.7352157097236065e-03, -3.2261527788837757e-04,
          8.4512444257170600e-04, 6.3665776806302160e-04,
          -7.4919415573116615e-04, 4.0772249104623667e-04,
          -2.8713364047043407e-03, 1.4941215804366743e-04,
          1.4080387269856949e-03, 1.7209415013717859e-02,
          2.7201346184893742e-05, -6.7759875436489364e-04,
          -1.6309550132187658e-03, 4.9268245054343409e-04,
          7.2870318227935950e-04, 6.4417750923415518e-04,
          -6.6924719292258360e-04, -7.3093277863464021e-03,
          1.7352157097236065e-03, 2.7201346184893729e-05,
          1.8369475254755657e-02, 3.5908672571816976e-03,
          -1.1847235776462801e-03, 5.5361705116340008e-03,
          5.1280568468924752e-03, -9.4565978603447490e-05,
          6.8355376161888734e-03, 2.0115979487386245e-03,
          -3.2261527788837762e-04, -6.7759875436489386e-04,
          3.5908672571816984e-03, 2.3093701671431991e-02 ]
   - !!opencv-matrix
      rows: 10
      cols: 10
      dt: d
      data: [ 3.5634869046826265e-02, 2.9546632394758985e-03,
          -1.0358922971881515e-03, -2.0258696249916044e-04,
          -2.9293774602269047e-03, -2.2544270964857923e-03,
          4.6739435649161042e-03, 1.6067159047000658e-03,
          -6.2031754179773168e-03, 7.5333777119158639e-03,
          2.9546632394758980e-03, 4.2267729516189045e-03,
          -1.5337082623496435e-04, -1.6933991558791402e-05,
          1.4679590448523142e-03, -1.1280296806620601e-03,
          2.7101100597538810e-03, 8.5715435390628920e-04,
          -5.9569721107313933e-03, 1.8229359770310538e-02,
          -1.0358922971881515e-03, -1.5337082623496435e-04,
          6.6287911506267439e-03, 1.6217110260098339e-04,
          1.0174812097758338e-03, -2.5176914519025180e-04,
          -9.5593212089494178e-04, -1.5459855090336854e-04,
          -2.2061666116121215e-03, 9.1008666297393741e-04,
          -2.0258696249916060e-04, -1.6933991558791392e-05,
          1.6217110260098350e-04, 8.2105438979858877e-03,
          -1.2149631457412709e-02, -1.2952150393465507e-03,
          -2.9388575277434836e-04, 3.7264324026083538e-03,
          3.0975718882794586e-03, 3.7334236394110900e-04,
          -2.9293774602269051e-03, 1.4679590448523146e-03,
          1.0174812097758343e-03, -1.2149631457412709e-02,
          8.5676622546190892e-02, -8.2362807849518363e-04,
          1.0264738253818221e-03, -2.6670658515758783e-02,
          -1.1680169648983451e-02, 1.2650463971223160e-02,
          -2.2544270964857936e-03, -1.1280296806620597e-03,
          -2.5176914519025180e-04, -1.2952150393465501e-03,
          -8.2362807849518471e-04, 9.3529572740629660e-02,
          -2.2750327751885620e-03, 2.8134405814097288e-04,
          2.3657735374687978e-02, -4.3148388601727088e-03,
          4.6739435649161051e-03, 2.7101100597538810e-03,
          -9.5593212089494200e-04, -2.9388575277434836e-04,
          1.0264738253818223e-03, -2.2750327751885615e-03,
          7.4430828096979876e-03, 1.8697365869385025e-03,
          -8.3274180108249100e-03, 7.8408349722566863e-03,
          1.6067159047000663e-03, 8.5715435390628920e-04,
          -1.5459855090336867e-04, 3.7264324026083538e-03,
          -2.6670658515758783e-02, 2.8134405814097277e-04,
          1.8697365869385027e-03, 1.3778330155263038e-01,
          -1.5436171653020838e-03, 4.9709367824320961e-03,
          -6.2031754179773151e-03, -5.9569721107313924e-03,
          -2.2061666116121210e-03, 3.0975718882794573e-03,
          -1.1680169648983449e-02, 2.3657735374687974e-02,
          -8.3274180108249100e-03, -1.5436171653020838e-03,
          1.7308186264539785e-01, -2.5863489444063817e-02,
          7.5333777119158613e-03, 1.8229359770310538e-02,
          9.1008666297393720e-04, 3.7334236394110900e-04,
          1.2650463971223160e-02, -4.3148388601727105e-03,
          7.8408349722566845e-03, 4.9709367824320953e-03,
          -2.5863489444063817e-02, 2.3126723328997603e-01 ]
   - !!opencv-matrix
      rows: 10
      cols: 10
      dt: d
