%YAML:1.0
---
groups:
   - intact
   - CD19
   - blast
intactGmmnames:
   - "intact.50185.0"
   - "intact.50185.1"
   - "intact.50185.2"
   - "intact.50185.3"
   - "intact.50185.4"
intactLabels:
   - FSC-A
   - SSC-A
   - SY41
   - CD19
   - CD10
   - CD20
   - CD45
   - CD34
   - CD38
   - CD58
intactMu: !!opencv-matrix
   rows: 5
   cols: 10
   dt: d
   data: [ 1.2590299473277460e+00, 3.0124785921529079e-01,
       2.9336982406493544e+00, 1.1145619978718779e+00,
       8.9582946590896728e-01, 1.3441345709621424e+00,
       3.4913106844707071e+00, 1.1079181970250520e+00,
       1.8375545115146548e+00, 1.8216931093227220e+00,
       2.9382737195532083e+00, 2.2455327886594927e+00,
       3.0125158795058797e+00, 1.1421496455555238e+00,
       1.6169873379557362e+00, 1.3696510323268511e+00,
       3.1565596463394621e+00, 1.1806589457302523e+00,
       1.6517114195598381e+00, 2.5333335418054932e+00,
       2.5338706923351331e+00, 1.8060835673417068e+00,
       2.8893886639676913e+00, 1.1801879355966103e+00,
       1.3865187143629287e+00, 1.4145417766884014e+00,
       3.1635178228105647e+00, 1.2958369868110839e+00,
       1.8580077921909468e+00, 2.4784130283867825e+00,
       1.5315367547842282e+00, 7.8726413605994117e-01,
       3.0450560273048652e+00, 1.1823486166817689e+00,
       1.6154491561085744e+00, 1.4412117248661065e+00,
       2.4007611456907796e+00, 1.6351044884829078e+00,
       2.3435211865040562e+00, 2.5850311666460164e+00,
       2.9824794664831429e+00, 2.4737329332707190e+00,
       2.9471922709967178e+00, 1.1737641032262300e+00,
       2.3383090705099252e+00, 1.3694315399669605e+00,
       3.2956882444769815e+00, 1.2022959162985098e+00,
       1.6660410087427739e+00, 2.5696157152797250e+00 ]
intactSigma:
   - !!opencv-matrix
      rows: 10
      cols: 10
      dt: d
      data: [ 7.6072534370120640e-02, 1.4342797249106807e-02,
          -1.3690201189665770e-02, 5.7134290730978727e-04,
          -5.5784619302666231e-03, 4.6256930474877614e-05,
          1.9024061866733253e-02, -9.5698243701687938e-04,
          2.6078966369216985e-02, 5.2454483468682624e-02,
          1.4342797249106807e-02, 1.0718796854855134e-02,
          -7.9448168146551757e-04, 6.4514438095706359e-04,
          7.1657414313882717e-04, 2.7078291046574682e-03,
          1.1844506008518439e-02, 9.3909717860055000e-04,
          1.0711030825838521e-02, 3.8395086215689905e-02,
          -1.3690201189665770e-02, -7.9448168146551757e-04,
          2.0142600213533906e-02, 4.9380664658481884e-04,
          5.3912958121087162e-03, 4.7675027545025219e-03,
          -7.2396015627954123e-04, 1.6007085418540583e-03,
          -6.8153828294763392e-03, 3.8581303461545919e-03,
          5.7134290730978727e-04, 6.4514438095706380e-04,
          4.9380664658481874e-04, 8.8023806962350751e-03,
          -1.0630259928612971e-02, -1.3101589729179169e-03,
          4.1494518302878349e-04, 3.2119721289931027e-03,
          4.5418973609289287e-03, 2.9562768516304921e-03,
          -5.5784619302666257e-03, 7.1657414313882803e-04,
          5.3912958121087179e-03, -1.0630259928612971e-02,
          6.7039580359051526e-02, 3.6014262981956921e-03,
          2.3513601244599413e-04, -1.3083003107400303e-02,
          -7.5273771853480078e-03, 1.0980111981886450e-02,
          4.6256930474878298e-05, 2.7078291046574682e-03,
          4.7675027545025228e-03, -1.3101589729179171e-03,
          3.6014262981956917e-03, 1.1511702204309943e-01,
          7.1094271116848287e-03, 2.0661921050724183e-03,
          -1.8833134377331220e-02, 2.3684534391325646e-02,
          1.9024061866733253e-02, 1.1844506008518439e-02,
          -7.2396015627954101e-04, 4.1494518302878365e-04,
          2.3513601244599434e-04, 7.1094271116848304e-03,
          2.4922768469809762e-02, 8.7999762472539781e-04,
          3.3321437916269676e-04, 4.9623580175979641e-02,
          -9.5698243701688036e-04, 9.3909717860055000e-04,
          1.6007085418540577e-03, 3.2119721289931027e-03,
          -1.3083003107400303e-02, 2.0661921050724183e-03,
          8.7999762472539824e-04, 1.0007991171612331e-01,
          2.4107066391402111e-03, 7.4541011354729335e-03,
          2.6078966369216985e-02, 1.0711030825838521e-02,
          -6.8153828294763418e-03, 4.5418973609289287e-03,
          -7.5273771853480052e-03, -1.8833134377331220e-02,
          3.3321437916269692e-04, 2.4107066391402142e-03,
          1.6733674296706436e-01, 3.0496702188797183e-02,
          5.2454483468682624e-02, 3.8395086215689898e-02,
          3.8581303461545902e-03, 2.9562768516304913e-03,
          1.0980111981886450e-02, 2.3684534391325649e-02,
          4.9623580175979641e-02, 7.4541011354729353e-03,
          3.0496702188797176e-02, 2.6498620956179397e-01 ]
   - !!opencv-matrix
      rows: 10
      cols: 10
      dt: d
      data: [ 2.4388518776350365e-01, 1.5285973871607755e-01,
          -2.1495436255646271e-02, 1.0377947170568710e-03,
          -4.8178570924804431e-02, 7.1288310238933963e-03,
          -2.5724175617061595e-03, 1.0646229607914915e-02,
          1.6341113493272764e-02, 8.6801839881430337e-03,
          1.5285973871607755e-01, 2.6154040365117814e-01,
          -2.4065875544701274e-02, 2.7837178804825690e-03,
          1.0064579222855842e-02, 8.8647247496565842e-03,
          2.8819695563950833e-02, 1.3032213002431813e-02,
          1.1226728454962609e-02, 2.8908398466617070e-02,
          -2.1495436255646271e-02, -2.4065875544701285e-02,
          2.4059047569825923e-02, 4.8522306594460390e-04,
          5.7491899705452085e-03, 7.4996266823710881e-03,
          -2.2741708957431913e-03, -2.6479730152824089e-05,
          -2.5706680593554515e-03, -3.5191213727118263e-03,
          1.0377947170568712e-03, 2.7837178804825682e-03,
          4.8522306594460379e-04, 1.1425198125069902e-02,
          -2.3936419483633242e-03, -8.6202894984743414e-04,
          2.1394969669869001e-03, 1.8603658430567374e-03,
          1.4981834963436751e-03, 7.1738044842654231e-04,
          -4.8178570924804431e-02, 1.0064579222855845e-02,
          5.7491899705452067e-03, -2.3936419483633251e-03,
          2.0149587565605009e-01, 8.6435234175024928e-03,
          3.7139985413404485e-02, -6.1269560071119059e-03,
          -1.8153072692584222e-02, 1.7599422317912061e-02,
          7.1288310238933981e-03, 8.8647247496565842e-03,
          7.4996266823710873e-03, -8.6202894984743414e-04,
          8.6435234175024928e-03, 6.5129560479942131e-02,
          3.0994466053523894e-03, 2.1655672842853316e-03,
          -5.3020067856711624e-03, 1.2402766074355994e-03,
          -2.5724175617061595e-03, 2.8819695563950833e-02,
          -2.2741708957431913e-03, 2.1394969669868997e-03,
          3.7139985413404492e-02, 3.0994466053523898e-03,
          2.5536689979982909e-02, 1.4055016735556236e-03,
          -4.2249446133034770e-03, 9.2421282895418250e-03,
          1.0646229607914915e-02, 1.3032213002431813e-02,
          -2.6479730152824028e-05, 1.8603658430567374e-03,
          -6.1269560071119068e-03, 2.1655672842853298e-03,
          1.4055016735556244e-03, 4.2730996544782740e-02,
          1.7343750527261210e-03, 7.5166313150611249e-04,
          1.6341113493272767e-02, 1.1226728454962611e-02,
          -2.5706680593554519e-03, 1.4981834963436751e-03,
          -1.8153072692584222e-02, -5.3020067856711624e-03,
          -4.2249446133034770e-03, 1.7343750527261210e-03,
          1.5130618342160293e-02, 3.2319015621137668e-04,
          8.6801839881430354e-03, 2.8908398466617070e-02,
          -3.5191213727118259e-03, 7.1738044842654199e-04,
          1.7599422317912061e-02, 1.2402766074355994e-03,
          9.2421282895418250e-03, 7.5166313150611304e-04,
          3.2319015621137668e-04, 1.8809407361652757e-02 ]
   - !!opencv-matrix
      rows: 10
      cols: 10
      dt: d
