%YAML:1.0
---
groups:
   - intact
   - CD19
   - blast
intactGmmnames:
   - "intact.50246.0"
   - "intact.50246.1"
   - "intact.50246.2"
   - "intact.50246.3"
   - "intact.50246.4"
intactLabels:
   - FSC-A
   - SSC-A
   - SY41
   - CD19
   - CD10
   - CD20
   - CD45
   - CD34
   - CD38
   - CD58
intactMu: !!opencv-matrix
   rows: 5
   cols: 10
   dt: d
   data: [ 1.5032458379854075e+00, 3.6031501929188814e-01,
       3.3465380897581234e+00, 1.1672062304732180e+00,
       9.5928175190263909e-01, 1.2912771789411586e+00,
       3.5966378638072531e+00, 1.3026603019356466e+00,
       2.2736458234989536e+00, 2.1217342959715437e+00,
       2.8223472670578853e+00, 2.8402822710966951e+00,
       3.2520161948949218e+00, 1.1964924544545952e+00,
       2.0059818984976934e+00, 1.2708616122282674e+00,
       3.2040821551018794e+00, 1.2896291112739633e+00,
       2.1993549798995300e+00, 2.6787098981007351e+00,
       1.1804742425384456e+00, 2.1404812813100443e-01,
       3.3923095972004194e+00, 1.1361993365157028e+00,
       9.4659815049685236e-01, 1.2829999773354004e+00,
       3.4530955360350069e+00, 1.1768328395901180e+00,
       2.0834833343832533e+00, 1.2675379045979962e+00,
       1.8839863918426287e+00, 9.5736824620850391e-01,
       3.2781021225202407e+00, 1.4921066320498668e+00,
       1.1779827641758500e+00, 1.5149297042267007e+00,
       2.7375256654404629e+00, 1.9286846027858717e+00,
       1.9574200442577032e+00, 2.3361269229176469e+00,
       1.0436932065230085e+00, 4.6337596369439610e-01,
       3.5447113098026026e+00, 1.1257640964022013e+00,
       1.0653668598805022e+00, 1.3577830845570429e+00,
       1.3379104006524603e+00, 1.1166578517633821e+00,
       1.5779311297217622e+00, 2.8179524426265239e+00 ]
intactSigma:
   - !!opencv-matrix
      rows: 10
      cols: 10
      dt: d
      data: [ 1.3227431659236233e-01, 1.2378294572076938e-02,
          -2.5867508160081012e-02, 1.2169886738060891e-03,
          -1.0746045460747328e-02, -1.5564295585068314e-02,
          1.5419407212515042e-02, 9.5964021285329746e-03,
          3.2442335587704457e-02, 1.3191579030480953e-02,
          1.2378294572076936e-02, 8.9205978905078104e-03,
          -6.3315966339472533e-03, 1.6608839496208229e-03,
          -2.8161450264139569e-03, -5.9665265889237125e-03,
          8.8080013502244928e-03, 5.7672119532701394e-03,
          2.6214475483652695e-02, 7.7271476214606722e-03,
          -2.5867508160081012e-02, -6.3315966339472550e-03,
          2.9473432963546636e-02, -1.2497272262137356e-03,
          6.1344844951732114e-03, 4.7217967285527193e-03,
          -7.6401164783536958e-03, -5.0832268283318334e-03,
          -1.0416598144709634e-02, -1.3171355659638400e-02,
          1.2169886738060895e-03, 1.6608839496208229e-03,
          -1.2497272262137361e-03, 1.2735237837480377e-02,
          -1.3034925836554077e-02, -6.4404042742367690e-03,
          2.6576719834366441e-03, 4.9771309620030811e-03,
          1.9586138514469321e-02, 4.0880522355700296e-03,
          -1.0746045460747328e-02, -2.8161450264139569e-03,
          6.1344844951732114e-03, -1.3034925836554077e-02,
          5.1776919158767469e-02, 7.5572072650631145e-03,
          -9.9205614492101296e-04, -1.8945243615149657e-02,
          -1.3370172049656778e-02, -1.4052793902207420e-03,
          -1.5564295585068316e-02, -5.9665265889237125e-03,
          4.7217967285527193e-03, -6.4404042742367690e-03,
          7.5572072650631128e-03, 1.2103922944523621e-01,
          -2.5532474508359235e-03, -4.7739710253307263e-03,
          -1.4142094986518616e-01, 3.8102818381678775e-03,
          1.5419407212515042e-02, 8.8080013502244928e-03,
          -7.6401164783536958e-03, 2.6576719834366441e-03,
          -9.9205614492101318e-04, -2.5532474508359218e-03,
          2.3648713799966869e-02, 7.9619527007484103e-03,
          1.9720348726628201e-02, 2.4154123542608586e-02,
          9.5964021285329798e-03, 5.7672119532701377e-03,
          -5.0832268283318334e-03, 4.9771309620030811e-03,
          -1.8945243615149657e-02, -4.7739710253307272e-03,
          7.9619527007484103e-03, 1.3527032388855006e-01,
          1.7764487551031091e-02, 1.6134733545605514e-02,
          3.2442335587704457e-02, 2.6214475483652692e-02,
          -1.0416598144709636e-02, 1.9586138514469324e-02,
          -1.3370172049656778e-02, -1.4142094986518616e-01,
          1.9720348726628201e-02, 1.7764487551031102e-02,
          5.1767550724805222e-01, 3.0402891891523677e-03,
          1.3191579030480953e-02, 7.7271476214606722e-03,
          -1.3171355659638397e-02, 4.0880522355700288e-03,
          -1.4052793902207422e-03, 3.8102818381678762e-03,
          2.4154123542608586e-02, 1.6134733545605514e-02,
          3.0402891891523720e-03, 9.7248393867649621e-02 ]
   - !!opencv-matrix
      rows: 10
      cols: 10
      dt: d
      data: [ 2.4763398327039016e-01, 1.4499422302564904e-01,
          -9.7552326742494800e-03, -9.3722169011976920e-03,
          -7.4826298581874978e-02, -7.4904836765923135e-03,
          -1.5953870630397084e-02, 3.0358839176817406e-03,
          4.8748920743893941e-02, 4.8663295867133376e-03,
          1.4499422302564904e-01, 4.6845457255227335e-01,
          -4.5902359982621453e-02, -4.4281729512959635e-04,
          1.9763149084126480e-01, 6.2539453108597775e-03,
          6.9756418793460173e-02, 2.2117372637702460e-02,
          1.5884660398822676e-03, 3.9148165743755375e-02,
          -9.7552326742494783e-03, -4.5902359982621446e-02,
          4.0937092129783491e-02, 1.5402986482343300e-03,
          -3.2547962192703991e-02, 3.0730593163507129e-03,
          -1.3458260845017118e-02, 7.4050681126704480e-04,
          1.0221397668706703e-02, -3.9477549880809334e-03,
          -9.3722169011976920e-03, -4.4281729512959733e-04,
          1.5402986482343293e-03, 3.5995008187817555e-02,
          2.5044373805961560e-02, 9.0190393755124802e-04,
          7.6867206505667552e-03, 7.1480082449580460e-03,
          1.2623320881972927e-03, 2.1778491712847866e-03,
          -7.4826298581874950e-02, 1.9763149084126480e-01,
          -3.2547962192704005e-02, 2.5044373805961560e-02,
          5.5202172890237267e-01, 1.6293077989121073e-02,
          1.3210798628471165e-01, 3.5373095226992002e-02,
          -8.1513172868336856e-02, 3.3012022220145473e-02,
          -7.4904836765923126e-03, 6.2539453108597775e-03,
          3.0730593163507142e-03, 9.0190393755124813e-04,
          1.6293077989121069e-02, 5.8786504779126621e-02,
          5.5391507859450491e-03, 2.8930551022613451e-03,
          -2.6564483610375219e-02, 7.1140758424267307e-04,
          -1.5953870630397087e-02, 6.9756418793460173e-02,
          -1.3458260845017118e-02, 7.6867206505667552e-03,
          1.3210798628471165e-01, 5.5391507859450491e-03,
          4.8989180458448016e-02, 1.1192098794993046e-02,
          -2.5792523707128569e-02, 1.1382272414839627e-02,
          3.0358839176817380e-03, 2.2117372637702457e-02,
          7.4050681126704469e-04, 7.1480082449580460e-03,
          3.5373095226992002e-02, 2.8930551022613451e-03,
          1.1192098794993046e-02, 6.3273359210181679e-02,
          -2.5763808333653148e-03, 4.3312064181488417e-03,
          4.8748920743893941e-02, 1.5884660398822659e-03,
          1.0221397668706706e-02, 1.2623320881972929e-03,
          -8.1513172868336869e-02, -2.6564483610375219e-02,
          -2.5792523707128569e-02, -2.5763808333653148e-03,
          1.1433449200822286e-01, 2.0183306957165343e-03,
          4.8663295867133376e-03, 3.9148165743755368e-02,
          -3.9477549880809325e-03, 2.1778491712847866e-03,
          3.3012022220145473e-02, 7.1140758424267339e-04,
          1.1382272414839627e-02, 4.3312064181488417e-03,
          2.0183306957165343e-03, 1.2110442478753038e-02 ]
   - !!opencv-matrix
      rows: 10
      cols: 10
      dt: d
