%YAML:1.0
---
groups:
   - intact
   - CD19
   - blast
intactGmmnames:
   - "intact.515.0"
   - "intact.515.1"
   - "intact.515.2"
   - "intact.515.3"
   - "intact.515.4"
intactLabels:
   - FSC-A
   - SSC-A
   - SY41
   - CD19
   - CD10
   - CD20
   - CD45
   - CD34
   - CD38
intactMu: !!opencv-matrix
   rows: 5
   cols: 9
   dt: d
   data: [ 1.4460303471773694e+00, 2.2291657201998008e-01,
       3.7941910600028574e+00, 1.1323759535129170e+00,
       8.4168410381421377e-01, 8.9279810311942320e-01,
       3.4897205364286741e+00, 1.0109866738271152e+00,
       1.5996929185878732e+00, 2.6110317952143873e+00,
       3.0873087434967665e+00, 3.5989062816932713e+00,
       1.6637096540073586e+00, 2.6253714205972463e+00,
       1.2092240751504730e+00, 2.9571964839701219e+00,
       1.1925974453386392e+00, 1.4731941342106076e+00,
       1.0122429796049479e+00, 2.8799810912850798e-01,
       3.9463368629349427e+00, 1.1251675444777072e+00,
       1.5925926541609017e+00, 8.3503560867450566e-01,
       1.5054135510048299e+00, 1.0266755353526202e+00,
       1.5008910625633274e+00, 2.9418800016869429e+00,
       2.8163141678498609e+00, 3.4874212743952366e+00,
       1.6029235284976004e+00, 1.8553897046961481e+00,
       1.2043957250336612e+00, 2.6565152879397962e+00,
       1.1217009179653703e+00, 1.4652872562582762e+00,
       2.2053739526000609e+00, 1.0798508918630740e+00,
       3.8306340977502864e+00, 1.3705575214234451e+00,
       1.5917342488879227e+00, 1.2131107428689671e+00,
       2.7808348693566884e+00, 1.2547905014957939e+00,
       1.9799796852878708e+00 ]
intactSigma:
   - !!opencv-matrix
      rows: 9
      cols: 9
      dt: d
      data: [ 1.3251586574104313e-01, 1.6130073639737161e-02,
          -1.2512317076528855e-02, 1.5479564798485529e-03,
          1.0096084260130174e-02, 1.9056678344789586e-02,
          1.8095498908125302e-02, 2.8632696267057215e-03,
          -2.1954646760875933e-03, 1.6130073639737161e-02,
          7.9893494726766372e-03, -2.0498160875353257e-03,
          2.0263389498973894e-03, 6.6666001080545592e-03,
          6.8923221751178432e-03, 5.9477007174056915e-03,
          1.6817390168282318e-03, -1.0358986551306699e-03,
          -1.2512317076528851e-02, -2.0498160875353252e-03,
          1.0086338262952856e-02, -5.1369994900344630e-04,
          -2.7138876546920826e-03, -4.3962255672544345e-03,
          -3.8003366453712847e-03, -3.2712962862979200e-04,
          -9.0726108380160500e-04, 1.5479564798485522e-03,
          2.0263389498973890e-03, -5.1369994900344630e-04,
          1.3556159131126807e-02, 2.7987092103707017e-03,
          1.9053594617612943e-03, 1.4186006341596021e-03,
          1.8107120988198199e-03, -3.3696013030876260e-03,
          1.0096084260130174e-02, 6.6666001080545600e-03,
          -2.7138876546920821e-03, 2.7987092103707017e-03,
          6.5330886145973446e-02, 2.1582363096527288e-03,
          5.0395087819331162e-03, -2.7691666329709348e-03,
          -1.9455646572875780e-03, 1.9056678344789590e-02,
          6.8923221751178432e-03, -4.3962255672544345e-03,
          1.9053594617612943e-03, 2.1582363096527284e-03,
          3.3727953444693856e-02, 5.6776052858761878e-03,
          1.6031322209462430e-03, -4.1788625154907319e-03,
          1.8095498908125306e-02, 5.9477007174056915e-03,
          -3.8003366453712847e-03, 1.4186006341596023e-03,
          5.0395087819331170e-03, 5.6776052858761878e-03,
          1.1610899146508230e-02, -8.7220008847754894e-05,
          -1.4676546710625470e-04, 2.8632696267057215e-03,
          1.6817390168282320e-03, -3.2712962862979189e-04,
          1.8107120988198199e-03, -2.7691666329709335e-03,
          1.6031322209462435e-03, -8.7220008847754975e-05,
          1.4260107308474557e-01, 1.6460783496963117e-03,
          -2.1954646760875946e-03, -1.0358986551306699e-03,
          -9.0726108380160500e-04, -3.3696013030876260e-03,
          -1.9455646572875784e-03, -4.1788625154907328e-03,
          -1.4676546710625483e-04, 1.6460783496963123e-03,
          6.6885400240463147e-02 ]
   - !!opencv-matrix
      rows: 9
      cols: 9
      dt: d
      data: [ 3.2304031472130640e-01, 1.9994172092055987e-01,
          3.1683816919696756e-03, 2.3604524899967928e-02,
          -3.5489323094246715e-03, 2.3080847958076415e-02,
          -9.9260546417241011e-03, 1.0657533908157844e-02,
          2.2266734425750753e-03, 1.9994172092055987e-01,
          4.5422179129895379e-01, 1.2464470123725059e-03,
          6.1545202894933801e-02, 2.7283851816283053e-02,
          4.0079283269022194e-02, 5.4319211643942726e-03,
          2.1117322412513101e-02, 2.5017856032472927e-03,
          3.1683816919696756e-03, 1.2464470123725064e-03,
          1.1362715597617340e-02, -6.0763436837373713e-04,
          -1.5162874570511726e-03, -1.8451679945081611e-03,
          -3.1801494381184228e-03, 2.2574959649183145e-03,
          5.4656388575085267e-04, 2.3604524899967928e-02,
          6.1545202894933808e-02, -6.0763436837373724e-04,
          2.3330143162816144e-02, 4.5006365387193284e-03,
          6.6958204796715385e-03, 1.7958868932543865e-03,
          3.6023376085206260e-03, -4.4409488808736354e-03,
          -3.5489323094246715e-03, 2.7283851816283053e-02,
          -1.5162874570511721e-03, 4.5006365387193258e-03,
          7.1920511069864732e-02, 1.0090702921010221e-02,
          3.6682051670486299e-02, 2.0301576953907314e-03,
          -1.0561539071201052e-03, 2.3080847958076415e-02,
          4.0079283269022201e-02, -1.8451679945081611e-03,
          6.6958204796715385e-03, 1.0090702921010221e-02,
          4.0089019319033976e-02, 1.3760683287194420e-02,
          5.6216658083475916e-03, 5.7442418747342635e-04,
          -9.9260546417241011e-03, 5.4319211643942726e-03,
          -3.1801494381184241e-03, 1.7958868932543854e-03,
          3.6682051670486306e-02, 1.3760683287194420e-02,
          5.8031213699152692e-02, -2.4737402278395475e-03,
          -4.7608197275502990e-03, 1.0657533908157844e-02,
          2.1117322412513108e-02, 2.2574959649183141e-03,
          3.6023376085206260e-03, 2.0301576953907327e-03,
          5.6216658083475934e-03, -2.4737402278395479e-03,
          1.0856570897771158e-01, 5.5338826977123562e-03,
          2.2266734425750749e-03, 2.5017856032472931e-03,
          5.4656388575085246e-04, -4.4409488808736372e-03,
          -1.0561539071201047e-03, 5.7442418747342603e-04,
          -4.7608197275502981e-03, 5.5338826977123562e-03,
          3.2569440541114637e-02 ]
   - !!opencv-matrix
      rows: 9
      cols: 9
      dt: d
      data: [ 1.0584413211124696e-01, 2.3864453656517085e-02,
          5.9215848789664870e-03, 4.9027204932728463e-03,
          4.6645170472008946e-02, 2.0746175189862343e-02,
          3.1929348929555706e-02, 3.7835155760955687e-03,
          1.4422286086014677e-02, 2.3864453656517085e-02,
          1.4334698707545255e-02, 5.1842167737104882e-03,
          3.6543446797195878e-03, 2.0509396645977711e-02,
          9.3212324260420216e-03, 1.5658113220455558e-02,
          3.1344155243996125e-03, 7.7135458794192263e-03,
          5.9215848789664887e-03, 5.1842167737104873e-03,
          6.6905773763682716e-02, 2.8133717389601767e-03,
          -2.9112035057772072e-03, -2.8451016753752570e-02,
          6.1535594906203866e-03, 3.2692765331767621e-03,
          3.3454366517265913e-03, 4.9027204932728463e-03,
          3.6543446797195878e-03, 2.8133717389601772e-03,
          6.4673815612695659e-03, 6.8156519283573292e-03,
          1.7191478286091159e-03, 4.2293772221133411e-03,
          1.3191628905991539e-03, 1.1514920737933536e-03,
          4.6645170472008946e-02, 2.0509396645977711e-02,
          -2.9112035057772064e-03, 6.8156519283573318e-03,
          2.8576490209258970e-01, 2.9764350548229811e-02,
          6.8909318374118844e-02, 9.9769388052691130e-03,
