%YAML:1.0
---
groups:
   - intact
   - CD19
   - blast
intactGmmnames:
   - "intact.517.0"
   - "intact.517.1"
   - "intact.517.2"
   - "intact.517.3"
   - "intact.517.4"
intactLabels:
   - FSC-A
   - SSC-A
   - SY41
   - CD19
   - CD10
   - CD20
   - CD45
   - CD34
   - CD38
intactMu: !!opencv-matrix
   rows: 5
   cols: 9
   dt: d
   data: [ 2.3432215841435546e+00, 1.1063558849627519e+00,
       3.0450431292030129e+00, 1.1401104688427621e+00,
       8.9990640601012795e-01, 1.1011698066775355e+00,
       3.7271165484851729e+00, 1.1070095730268943e+00,
       1.5388390423920393e+00, 2.5404921547014578e+00,
       1.7556005475790182e+00, 2.8342573176557737e+00,
       1.1760736761351305e+00, 8.8730803183493756e-01,
       1.0477076567322130e+00, 3.6899915252330486e+00,
       1.1495939449351988e+00, 2.8110775994758885e+00,
       2.1943063984664422e+00, 1.4180425311332197e+00,
       3.0560345586816595e+00, 1.1654490169789442e+00,
       1.1238827255575747e+00, 1.1796400141997623e+00,
       1.6390186074948843e+00, 1.1148663538248942e+00,
       1.4717505742903403e+00, 1.7740667500577580e+00,
       7.0419087373952716e-01, 3.3083353228819523e+00,
       1.0966222786473552e+00, 8.3953052765399150e-01,
       9.4285236971710795e-01, 3.6274390369400513e+00,
       1.0561959388982813e+00, 1.6392809228677605e+00,
       2.5670278311062322e+00, 1.8480310094685199e+00,
       3.2227749753046777e+00, 1.5506082408865478e+00,
       1.9749669146088829e+00, 1.4205825966274608e+00,
       3.2646316157673669e+00, 1.2767855211028780e+00,
       2.1074250654435973e+00 ]
intactSigma:
   - !!opencv-matrix
      rows: 9
      cols: 9
      dt: d
      data: [ 3.1049552961698507e-01, 6.7825960599985566e-02,
          -6.0823645924252831e-03, -6.8903504894452378e-03,
          2.9141203805372216e-03, 2.2016217194006087e-02,
          1.2824642003208637e-02, -7.1429176707011443e-03,
          -6.5222616536926153e-03, 6.7825960599985566e-02,
          1.2186887509898833e-01, -2.2785325747888656e-02,
          7.3192700013274261e-03, 9.9165272806975881e-03,
          2.7213690488335364e-02, 1.4399879403258658e-02,
          -2.8686417587775871e-03, -2.1067086262153105e-04,
          -6.0823645924252857e-03, -2.2785325747888652e-02,
          6.8883640885217187e-02, -1.6567519791048451e-03,
          7.9488066871433963e-04, -3.5299296098836165e-03,
          -8.9725342402037812e-03, 2.7771752518883732e-04,
          4.0958321675509238e-04, -6.8903504894452378e-03,
          7.3192700013274261e-03, -1.6567519791048440e-03,
          2.1691435027292618e-02, 1.2877047647080321e-03,
          1.7824126656456713e-03, 7.3655795913871077e-05,
          1.6842467061190336e-03, -3.6556074439587569e-03,
          2.9141203805372229e-03, 9.9165272806975881e-03,
          7.9488066871433931e-04, 1.2877047647080319e-03,
          3.1645977950388635e-02, 1.5884748982174671e-03,
          3.8346742730297579e-04, -5.7262264440372836e-03,
          5.9601579602678104e-04, 2.2016217194006087e-02,
          2.7213690488335367e-02, -3.5299296098836174e-03,
          1.7824126656456700e-03, 1.5884748982174664e-03,
          5.0759191664170984e-02, 3.2863606359245815e-03,
          1.8238370466073145e-04, -1.7563937090476515e-03,
          1.2824642003208642e-02, 1.4399879403258656e-02,
          -8.9725342402037830e-03, 7.3655795913871118e-05,
          3.8346742730297568e-04, 3.2863606359245815e-03,
          6.7718680761665196e-03, -6.8222925005020148e-04,
          -1.5992306761870742e-04, -7.1429176707011434e-03,
          -2.8686417587775867e-03, 2.7771752518883732e-04,
          1.6842467061190336e-03, -5.7262264440372827e-03,
          1.8238370466073110e-04, -6.8222925005020159e-04,
          1.4785075783738844e-01, 1.3427041103313882e-03,
          -6.5222616536926136e-03, -2.1067086262153129e-04,
          4.0958321675509194e-04, -3.6556074439587569e-03,
          5.9601579602678114e-04, -1.7563937090476519e-03,
          -1.5992306761870747e-04, 1.3427041103313898e-03,
          4.0244538204347091e-02 ]
   - !!opencv-matrix
      rows: 9
      cols: 9
      dt: d
      data: [ 2.9679793915052111e-01, 1.3093051266832362e-01,
          -2.0423856080070774e-02, -2.7795850694574838e-03,
          7.8292535634036965e-03, 2.3219339230389227e-02,
          1.9725324857657128e-02, 7.7424907612683525e-03,
          3.8472079903749248e-02, 1.3093051266832362e-01,
          2.3633548174660510e-01, -2.4591197677467706e-02,
          1.0606005359059263e-02, 1.2330231430852085e-02,
          3.2046652763455225e-02, 2.4170069519982657e-02,
          1.3744099041675123e-02, 1.0056095727509917e-01,
          -2.0423856080070774e-02, -2.4591197677467702e-02,
          6.5092043152813195e-02, -1.0777210093541004e-03,
          -8.2275715825650959e-04, -5.0584974913658138e-03,
          -7.1178843196221218e-03, -2.3466440011570902e-03,
          -2.1741239445296170e-02, -2.7795850694574851e-03,
          1.0606005359059263e-02, -1.0777210093541008e-03,
          2.1553474622829985e-02, 1.1003031457175643e-03,
          1.2009897234289111e-03, 7.5004310374468216e-04,
          2.2565110729585378e-03, 5.4951163210767828e-03,
          7.8292535634036948e-03, 1.2330231430852085e-02,
          -8.2275715825650938e-04, 1.1003031457175643e-03,
          2.7952513354506162e-02, 3.3105868503310990e-04,
          1.1976405371886638e-03, -4.1027995767702035e-03,
          2.1811827722868085e-03, 2.3219339230389231e-02,
          3.2046652763455225e-02, -5.0584974913658138e-03,
          1.2009897234289111e-03, 3.3105868503311022e-04,
          3.5473724147911743e-02, 3.6537676642416730e-03,
          1.6768539086325621e-03, 7.3700635831936692e-03,
          1.9725324857657132e-02, 2.4170069519982657e-02,
          -7.1178843196221236e-03, 7.5004310374468194e-04,
          1.1976405371886634e-03, 3.6537676642416730e-03,
          1.2725263160132342e-02, 2.7021933037245788e-03,
          1.4730961490530515e-02, 7.7424907612683508e-03,
          1.3744099041675124e-02, -2.3466440011570889e-03,
          2.2565110729585378e-03, -4.1027995767702035e-03,
          1.6768539086325629e-03, 2.7021933037245788e-03,
          1.4171530346307087e-01, 1.7404501935117441e-02,
          3.8472079903749241e-02, 1.0056095727509917e-01,
          -2.1741239445296167e-02, 5.4951163210767828e-03,
          2.1811827722868081e-03, 7.3700635831936692e-03,
          1.4730961490530515e-02, 1.7404501935117434e-02,
          1.7479330518560432e-01 ]
   - !!opencv-matrix
      rows: 9
      cols: 9
      dt: d
      data: [ 5.4362654572924207e-01, 5.1611686142241087e-01,
          -9.0753093725656028e-02, 4.6411140885461409e-02,
          8.8679230096159675e-02, 1.1583324034067291e-01,
          1.9971237651331319e-01, 5.2160587695848450e-02,
          4.1972709459406371e-02, 5.1611686142241087e-01,
          1.0938807581339407e+00, -2.1087891197365941e-01,
          9.5907096103596962e-02, 1.7507867150880496e-01,
          2.1959185704026643e-01, 4.4153677263500118e-01,
          1.3023137616143143e-01, 9.8590901573315584e-02,
          -9.0753093725656014e-02, -2.1087891197365941e-01,
          2.2317611962135089e-01, -1.8631570544213417e-02,
          -2.5447614919609486e-02, -4.2038600952262695e-02,
          -7.3788263069171633e-02, -3.0829836436049814e-02,
          -1.7651538216148507e-02, 4.6411140885461395e-02,
          9.5907096103596962e-02, -1.8631570544213414e-02,
          1.6832633929451727e-02, 1.7411446446423798e-02,
          2.2199252364928264e-02, 3.8999213128146179e-02,
          1.2266622551012348e-02, 6.9785732668071173e-03,
          8.8679230096159675e-02, 1.7507867150880493e-01,
          -2.5447614919609486e-02, 1.7411446446423798e-02,
          8.9226263861591881e-02, 5.2004155140229935e-02,
