%YAML:1.0
---
groups:
   - intact
   - CD19
   - blast
intactGmmnames:
   - "intact.520.0"
   - "intact.520.1"
   - "intact.520.2"
   - "intact.520.3"
   - "intact.520.4"
intactLabels:
   - FSC-A
   - SSC-A
   - SY41
   - CD19
   - CD10
   - CD20
   - CD45
   - CD34
   - CD38
intactMu: !!opencv-matrix
   rows: 5
   cols: 9
   dt: d
   data: [ 1.3117119378757518e+00, 4.1883513798107169e-01,
       4.1350175165721490e+00, 1.2570660151553499e+00,
       7.0983184534651744e-01, 8.6394579790599435e-01,
       3.7157722268382751e+00, 1.1034713435243326e+00,
       1.9998355661829650e+00, 2.4909509341398679e+00,
       2.8539115750487767e+00, 4.2222411877484554e+00,
       1.8403786665198343e+00, 2.3487650724147193e+00,
       9.2430273503278726e-01, 3.2610312006522104e+00,
       1.2280976029053403e+00, 1.7224973328737192e+00,
       1.1099864854522670e+00, 2.7516078421430962e-01,
       4.3197855215785514e+00, 1.2025621254790311e+00,
       6.3483073011295177e-01, 7.4027481394132144e-01,
       3.6417455232201887e+00, 1.0820790828166045e+00,
       1.8232903542781389e+00, 2.1781131956248183e+00,
       1.5845838287844676e+00, 4.1854851239577835e+00,
       1.6003739032038449e+00, 1.7542529259343764e+00,
       1.2472248242678665e+00, 3.1089425700624846e+00,
       1.5101270225702292e+00, 2.0881519782307549e+00,
       1.3215558103986902e+00, 5.6310068421284110e-01,
       4.2880165666308843e+00, 1.2261204377157078e+00,
       1.0609172146373995e+00, 8.2784497989714190e-01,
       1.7124753055138020e+00, 1.3974377031166845e+00,
       1.7052055110765196e+00 ]
intactSigma:
   - !!opencv-matrix
      rows: 9
      cols: 9
      dt: d
      data: [ 8.7697574134942238e-02, 2.6185678316709933e-02,
          -1.6841207782749962e-03, 1.2069704727766608e-02,
          5.7769907873207365e-03, 7.0465444174158598e-03,
          2.1291138504151680e-02, 4.9911621628391939e-03,
          2.8848683156853382e-03, 2.6185678316709933e-02,
          2.7504415266422732e-02, -4.5741012198826985e-03,
          1.0073919725155506e-02, 9.6086502574680190e-03,
          1.1105630213999573e-02, 1.2783440737699648e-02,
          4.6582996947726659e-03, 3.1358039672726629e-03,
          -1.6841207782749964e-03, -4.5741012198826985e-03,
          6.4730527255093305e-03, -1.3844724157881945e-03,
          -2.7783972208743953e-03, -4.5932699971493384e-03,
          -2.0066896608482805e-03, 5.3994896799764087e-04,
          3.8315949282002322e-03, 1.2069704727766604e-02,
          1.0073919725155506e-02, -1.3844724157881948e-03,
          3.0155163552590673e-02, 3.6800014487974046e-03,
          3.9220733297774778e-03, 7.6154125571032969e-03,
          2.8626968829769009e-03, -2.0489786686989494e-03,
          5.7769907873207365e-03, 9.6086502574680190e-03,
          -2.7783972208743958e-03, 3.6800014487974046e-03,
          5.5014151083126905e-02, 3.5418763425992834e-03,
          3.2727080637137600e-03, -1.6807620872375622e-03,
          -1.9803956243553546e-03, 7.0465444174158598e-03,
          1.1105630213999573e-02, -4.5932699971493384e-03,
          3.9220733297774778e-03, 3.5418763425992834e-03,
          1.9703432184768648e-02, 5.1380684366025744e-03,
          4.5984665871695438e-04, -7.4072793870410217e-03,
          2.1291138504151669e-02, 1.2783440737699650e-02,
          -2.0066896608482809e-03, 7.6154125571032951e-03,
          3.2727080637137609e-03, 5.1380684366025744e-03,
          1.7253830299833604e-02, 1.2156967542206497e-03,
          -3.0966758667355879e-03, 4.9911621628391982e-03,
          4.6582996947726685e-03, 5.3994896799764054e-04,
          2.8626968829769009e-03, -1.6807620872375617e-03,
          4.5984665871695455e-04, 1.2156967542206493e-03,
          1.6950220974758246e-01, 1.0773995602915629e-02,
          2.8848683156853382e-03, 3.1358039672726629e-03,
          3.8315949282002335e-03, -2.0489786686989490e-03,
          -1.9803956243553554e-03, -7.4072793870410252e-03,
          -3.0966758667355879e-03, 1.0773995602915629e-02,
          1.1025726301957305e-01 ]
   - !!opencv-matrix
      rows: 9
      cols: 9
      dt: d
      data: [ 3.2166666834472091e-01, 8.8184741183442578e-02,
          -9.3115158464615894e-03, 1.5099118278448769e-02,
          -1.3860541791867020e-01, 2.9794189072644188e-02,
          -5.0676203967453121e-02, -8.9138227153039238e-03,
          7.1865720771663259e-03, 8.8184741183442578e-02,
          3.8848842439723252e-01, -1.4032934228937800e-02,
          6.4803124019370301e-02, 1.3915671648887348e-01,
          4.4738326001032960e-02, 4.7259474721620294e-02,
          3.3797804012028844e-02, -4.2632176163317215e-03,
          -9.3115158464615912e-03, -1.4032934228937800e-02,
          2.4935776530033704e-02, -3.4293881752300629e-03,
          -4.0997499359566578e-02, -1.8333264082389295e-02,
          -1.6580431830328680e-02, -2.2058001370213686e-03,
          1.3743876350183662e-03, 1.5099118278448764e-02,
          6.4803124019370301e-02, -3.4293881752300638e-03,
          3.2775277945281962e-02, 3.9641962211297184e-02,
          6.8375127435648308e-03, 1.6894820620485852e-02,
          8.0479976477660572e-03, -3.0490462730756152e-03,
          -1.3860541791867020e-01, 1.3915671648887346e-01,
          -4.0997499359566578e-02, 3.9641962211297177e-02,
          5.4404930141979690e-01, 1.8118173295328457e-02,
          1.5289720504189841e-01, 4.4081423422295894e-02,
          -1.9192609321840630e-02, 2.9794189072644198e-02,
          4.4738326001032960e-02, -1.8333264082389288e-02,
          6.8375127435648308e-03, 1.8118173295328461e-02,
          3.8857012457019814e-02, 8.9498908226355502e-03,
          4.1821288671847539e-03, 1.2464012306480696e-04,
          -5.0676203967453121e-02, 4.7259474721620280e-02,
          -1.6580431830328677e-02, 1.6894820620485852e-02,
          1.5289720504189841e-01, 8.9498908226355502e-03,
          6.8583316527810620e-02, 1.4737458666018189e-02,
          -5.9188689995894519e-03, -8.9138227153039273e-03,
          3.3797804012028844e-02, -2.2058001370213677e-03,
          8.0479976477660572e-03, 4.4081423422295894e-02,
          4.1821288671847513e-03, 1.4737458666018189e-02,
          1.3539439724317748e-01, -1.6871789536591637e-04,
          7.1865720771663259e-03, -4.2632176163317215e-03,
          1.3743876350183664e-03, -3.0490462730756165e-03,
          -1.9192609321840630e-02, 1.2464012306480691e-04,
          -5.9188689995894519e-03, -1.6871789536591650e-04,
          8.8500898003454932e-03 ]
   - !!opencv-matrix
      rows: 9
      cols: 9
      dt: d
      data: [ 8.1626098392664811e-02, 7.2975372535601058e-03,
          -2.2635388626095924e-02, 2.7082888260210767e-03,
          1.4448754835822921e-02, 2.4915102463072693e-02,
          9.1369080183942644e-03, -1.0318357340121944e-04,
          -6.5207356446222884e-03, 7.2975372535601058e-03,
          6.1081183367691092e-03, -2.2229935105143976e-03,
          2.0364195819192739e-03, 4.5814730527443011e-03,
          6.3669000796179563e-03, 1.8525163544095167e-03,
          1.2944233290009374e-03, -2.1967146368973875e-03,
          -2.2635388626095924e-02, -2.2229935105143976e-03,
          1.0794566075864914e-02, -4.9361188991516025e-04,
          -6.2674404760527094e-03, -1.1036871365123144e-02,
          -2.0723270689357860e-03, 4.5558616372799081e-04,
          2.2600960835909181e-03, 2.7082888260210767e-03,
          2.0364195819192739e-03, -4.9361188991516025e-04,
          2.2404419518127900e-02, 1.9165478531801539e-03,
          2.0566562437424711e-03, 1.4088734867255218e-03,
          2.5618381993951175e-03, -2.3327288438325772e-03,
          1.4448754835822922e-02, 4.5814730527443028e-03,
          -6.2674404760527111e-03, 1.9165478531801530e-03,
          5.9662917093502382e-02, 7.2299061532715954e-03,
