%YAML:1.0
---
groups:
   - intact
   - CD19
   - blast
intactGmmnames:
   - "intact.521.0"
   - "intact.521.1"
   - "intact.521.2"
   - "intact.521.3"
   - "intact.521.4"
intactLabels:
   - FSC-A
   - SSC-A
   - SY41
   - CD19
   - CD10
   - CD20
   - CD45
   - CD34
   - CD38
intactMu: !!opencv-matrix
   rows: 5
   cols: 9
   dt: d
   data: [ 2.6868507043845198e+00, 3.6672816698505932e+00,
       4.3415678602758012e+00, 1.9179099868327958e+00,
       2.7770660729255936e+00, 7.6298654518567954e-01,
       3.0277980018774779e+00, 1.0311171540658899e+00,
       1.6208559066187094e+00, 1.4233430104625684e+00,
       4.6984048658100752e-01, 4.3698166560597196e+00,
       1.2931375131784870e+00, 5.2506079635484304e-01,
       6.3689067833091673e-01, 3.7598556015598681e+00,
       1.0055263330447897e+00, 1.9111360679736640e+00,
       2.9303912627369950e+00, 3.4737003398203470e+00,
       4.2847452170913742e+00, 1.8710505578835639e+00,
       1.6360662058463360e+00, 8.3180297247203627e-01,
       2.7852868562167434e+00, 1.0221332118823154e+00,
       1.7080970475666595e+00, 1.0279937365603249e+00,
       3.5759650233730950e-01, 4.3000369874606346e+00,
       1.1988551373150411e+00, 9.8112888318343805e-01,
       8.1368556540190506e-01, 2.1210677406622187e+00,
       9.4854698278198102e-01, 1.6308687129464430e+00,
       2.0926676564953222e+00, 1.7954153828887776e+00,
       4.2837440688801784e+00, 1.6307184916384261e+00,
       1.5106768747884862e+00, 1.1786854488405689e+00,
       3.1933242869441090e+00, 1.4181123882169480e+00,
       2.5039228266174947e+00 ]
intactSigma:
   - !!opencv-matrix
      rows: 9
      cols: 9
      dt: d
      data: [ 1.9824842909841764e-01, 6.7428902317412207e-02,
          -6.7693257107492794e-03, 1.4309787031064523e-02,
          -3.5666755068574515e-02, 1.8862294460663908e-02,
          -2.0758843265822106e-02, 1.7121541477568834e-03,
          7.3275276319582708e-03, 6.7428902317412207e-02,
          2.4983055059189119e-01, -2.2257645635390699e-03,
          4.4478294710395321e-02, 2.3206842999316864e-02,
          2.7413081747997232e-02, 1.3040502909793101e-02,
          5.7149815705951675e-03, -1.1423460895565069e-04,
          -6.7693257107492803e-03, -2.2257645635390703e-03,
          8.7186123252673067e-03, -2.2912119965915864e-04,
          1.0766529269446285e-03, -9.7013571644265686e-03,
          6.6051349504056252e-04, 4.9582949800177452e-04,
          -2.5513350679649301e-04, 1.4309787031064522e-02,
          4.4478294710395321e-02, -2.2912119965915853e-04,
          1.9686586635694860e-02, 5.4846741749906636e-03,
          4.4733703539384323e-03, 4.0077298226241986e-03,
          1.7213383198172322e-03, -3.0753658799691917e-03,
          -3.5666755068574515e-02, 2.3206842999316864e-02,
          1.0766529269446278e-03, 5.4846741749906627e-03,
          7.4587246085070946e-02, -8.1760004883545535e-04,
          2.7882015724205331e-02, 1.9463285481840476e-03,
          -3.4249722253288876e-03, 1.8862294460663908e-02,
          2.7413081747997232e-02, -9.7013571644265686e-03,
          4.4733703539384323e-03, -8.1760004883545503e-04,
          3.3945156330772545e-02, -4.4622347646616816e-04,
          4.3867389256365731e-04, 1.5958605473746057e-03,
          -2.0758843265822106e-02, 1.3040502909793101e-02,
          6.6051349504056252e-04, 4.0077298226241986e-03,
          2.7882015724205331e-02, -4.4622347646616816e-04,
          2.7207643449066579e-02, 2.9129342686250420e-04,
          -2.4617883350039177e-03, 1.7121541477568829e-03,
          5.7149815705951675e-03, 4.9582949800177473e-04,
          1.7213383198172326e-03, 1.9463285481840478e-03,
          4.3867389256365725e-04, 2.9129342686250409e-04,
          9.4316442196852035e-02, 4.3482184337391129e-04,
          7.3275276319582708e-03, -1.1423460895565110e-04,
          -2.5513350679649274e-04, -3.0753658799691909e-03,
          -3.4249722253288884e-03, 1.5958605473746046e-03,
          -2.4617883350039177e-03, 4.3482184337391178e-04,
          2.4175093172880115e-02 ]
   - !!opencv-matrix
      rows: 9
      cols: 9
      dt: d
      data: [ 5.2515659817984957e-02, 1.3895957902443461e-02,
          -5.1780313751982159e-03, 5.4364820623302723e-03,
          6.0043739028286820e-03, 9.4276681626490125e-03,
          9.6901452486267223e-03, 1.8822354056609496e-03,
          5.2894185927626017e-03, 1.3895957902443461e-02,
          1.9498886137160033e-02, -6.6627154697133789e-03,
          7.1209962149572006e-03, 8.3138162105935061e-03,
          1.3423834136168177e-02, 9.7241287091842463e-03,
          2.7755266681265137e-03, 1.1288758640556916e-02,
          -5.1780313751982159e-03, -6.6627154697133772e-03,
          7.1489629898248393e-03, -2.5358468618867968e-03,
          -4.8717147720955013e-03, -8.1375459257209092e-03,
          -3.7754831709250029e-03, -8.4981184964545839e-04,
          -8.5378811795324139e-03, 5.4364820623302723e-03,
          7.1209962149572006e-03, -2.5358468618867968e-03,
          2.0744601357017289e-02, 4.0469911107364051e-03,
          5.6733831818417107e-03, 5.1774275073793539e-03,
          2.5117814524462157e-03, -2.0185975531071794e-03,
          6.0043739028286794e-03, 8.3138162105935061e-03,
          -4.8717147720955013e-03, 4.0469911107364042e-03,
          5.2032738453032495e-02, 7.3351147719396062e-03,
          4.5984608682825938e-03, -6.6854732243633802e-03,
          -1.7675554884566077e-03, 9.4276681626490125e-03,
          1.3423834136168175e-02, -8.1375459257209092e-03,
          5.6733831818417107e-03, 7.3351147719396062e-03,
          3.4287170667713807e-02, 8.4849602150083251e-03,
          7.6274382677599150e-04, -6.7248646156422122e-03,
          9.6901452486267241e-03, 9.7241287091842463e-03,
          -3.7754831709250029e-03, 5.1774275073793547e-03,
          4.5984608682825938e-03, 8.4849602150083251e-03,
          1.1658849378401219e-02, -3.7006931335547253e-04,
          -3.8061747675458666e-03, 1.8822354056609490e-03,
          2.7755266681265137e-03, -8.4981184964545849e-04,
          2.5117814524462140e-03, -6.6854732243633802e-03,
          7.6274382677599085e-04, -3.7006931335547253e-04,
          2.2980417040554246e-01, 1.3226832798741556e-02,
          5.2894185927626009e-03, 1.1288758640556916e-02,
          -8.5378811795324139e-03, -2.0185975531071790e-03,
          -1.7675554884566103e-03, -6.7248646156422157e-03,
          -3.8061747675458644e-03, 1.3226832798741556e-02,
          1.8507420194236485e-01 ]
   - !!opencv-matrix
      rows: 9
      cols: 9
      dt: d
      data: [ 3.3355616701537866e-01, 1.1871301897550826e-01,
          2.9485762341298780e-02, 2.6316478255758082e-02,
          -2.2279780615079084e-02, -3.8808850050074512e-03,
          1.9426433580543030e-02, 6.3499752093727846e-03,
          2.6902781251496772e-02, 1.1871301897550826e-01,
          3.2880098843946215e-01, -1.2612351246020987e-02,
          6.1688312375469408e-02, 6.6361510712737437e-02,
          4.9345951618061018e-02, 1.1642791888728656e-02,
          1.2136563942688460e-02, 8.4822686034306538e-03,
          2.9485762341298787e-02, -1.2612351246020986e-02,
          3.5075526488764226e-02, -2.3932954861363661e-03,
          -6.6130653601379472e-02, -2.8423545123767303e-02,
          1.2524651522336805e-02, -6.3605500847741653e-04,
          1.6713930371523737e-02, 2.6316478255758082e-02,
          6.1688312375469415e-02, -2.3932954861363657e-03,
          2.3286512033979967e-02, 1.1726057873004960e-02,
          9.1662084322503383e-03, 3.1542680041475790e-03,
          3.1034185487518596e-03, -1.1036665439218493e-03,
          -2.2279780615079080e-02, 6.6361510712737465e-02,
          -6.6130653601379485e-02, 1.1726057873004963e-02,
          3.9755469048306213e-01, 4.6681764621435626e-02,
