%YAML:1.0
---
groups:
   - intact
   - CD19
intactGmmnames:
   - "intact.527.0"
   - "intact.527.1"
   - "intact.527.2"
   - "intact.527.3"
   - "intact.527.4"
intactLabels:
   - FSC-A
   - SSC-A
   - SY41
   - CD19
   - CD10
   - CD20
   - CD45
   - CD34
   - CD38
intactMu: !!opencv-matrix
   rows: 5
   cols: 9
   dt: d
   data: [ 1.5671630274911179e+00, 7.6274071150339928e-01,
       3.2471482696303040e+00, 1.2023001543520508e+00,
       9.3041122083435512e-01, 1.1476960509823679e+00,
       3.6958639616777900e+00, 1.1037728837427154e+00,
       1.7393095491263184e+00, 1.7989952180290631e+00,
       2.7514430036212709e+00, 3.1900179771246462e+00,
       1.4404267396664565e+00, 1.7944018981303231e+00,
       1.2467410938003975e+00, 2.9229769240230943e+00,
       1.1935627798762207e+00, 1.9864429121390677e+00,
       1.4531492318006320e+00, 4.7895686275112637e-01,
       3.3822919691470918e+00, 1.1249329776002803e+00,
       8.0760861255131289e-01, 1.0423146365689988e+00,
       3.6600716002731311e+00, 1.0740345867687231e+00,
       1.8218674942911188e+00, 1.5798324407853024e+00,
       6.0823749995872600e-01, 3.0978542779736711e+00,
       1.1385441910065162e+00, 8.3362895253893421e-01,
       1.1414204600438567e+00, 3.6927153469609220e+00,
       1.0731951616134707e+00, 1.8002169504982477e+00,
       7.7632086785150967e-01, 3.5426747434305816e-01,
       3.2003579756641130e+00, 1.1357988180845628e+00,
       7.6357213269945945e-01, 9.2411917084098172e-01,
       3.4779827216380736e+00, 1.0350753609431567e+00,
       1.7278518732650674e+00 ]
intactSigma:
   - !!opencv-matrix
      rows: 9
      cols: 9
      dt: d
      data: [ 2.9151052442191672e-01, 5.7106546786016274e-02,
          -5.2521632871262297e-02, 8.5942679404225821e-04,
          3.4340571741890680e-04, 4.7739464646657216e-02,
          4.7496124814038199e-02, 2.0574788662501616e-03,
          8.8211439095351087e-03, 5.7106546786016274e-02,
          7.0677827060055723e-02, -1.3791096518987377e-02,
          7.7175449482602366e-03, 2.5975534872064985e-03,
          3.7647862482311008e-02, 2.2688632549024992e-02,
          2.9184209431056423e-03, 5.9595254542818762e-03,
          -5.2521632871262290e-02, -1.3791096518987377e-02,
          6.3893622123108437e-02, -2.7711696185498926e-04,
          -1.1644963646465685e-03, -1.0274711243790521e-02,
          -1.2638877509241052e-02, 3.7994872176190598e-03,
          1.6925984126596350e-03, 8.5942679404225745e-04,
          7.7175449482602366e-03, -2.7711696185498915e-04,
          3.4943043026094300e-02, -1.5510375632033309e-03,
          5.0572596398262412e-03, 4.0560999970454701e-03,
          3.7937273311329056e-03, -2.1542303703873025e-03,
          3.4340571741890648e-04, 2.5975534872064994e-03,
          -1.1644963646465680e-03, -1.5510375632033304e-03,
          8.7788078548062545e-02, 7.5971428231811928e-03,
          2.2754705545370785e-03, -3.8091476325226364e-03,
          -1.7468170002571861e-03, 4.7739464646657216e-02,
          3.7647862482311008e-02, -1.0274711243790521e-02,
          5.0572596398262420e-03, 7.5971428231811928e-03,
          8.9643353612346446e-02, 1.4875245753291935e-02,
          7.5351228270363708e-03, 1.7387702419666582e-03,
          4.7496124814038199e-02, 2.2688632549024992e-02,
          -1.2638877509241052e-02, 4.0560999970454701e-03,
          2.2754705545370768e-03, 1.4875245753291935e-02,
          2.3560756893860064e-02, -1.0574022511697289e-03,
          5.2976570940691785e-03, 2.0574788662501612e-03,
          2.9184209431056428e-03, 3.7994872176190585e-03,
          3.7937273311329082e-03, -3.8091476325226360e-03,
          7.5351228270363699e-03, -1.0574022511697289e-03,
          1.4795956132222193e-01, 5.3748848178702896e-03,
          8.8211439095351087e-03, 5.9595254542818754e-03,
          1.6925984126596350e-03, -2.1542303703873025e-03,
          -1.7468170002571854e-03, 1.7387702419666589e-03,
          5.2976570940691777e-03, 5.3748848178702905e-03,
          6.0815438170608742e-02 ]
   - !!opencv-matrix
      rows: 9
      cols: 9
      dt: d
      data: [ 6.7073029592915090e-01, 3.2503344901654269e-01,
          -4.5799523514193259e-02, 6.0962952121837777e-02,
          3.0730774723822928e-02, 8.7989236461315928e-02,
          1.6669838220694261e-01, 8.5983227674169771e-02,
          1.4965166943062597e-01, 3.2503344901654269e-01,
          1.5121046679503545e+00, 1.3843177310114251e-03,
          1.7518773818849576e-01, 5.1279797564643581e-01,
          2.6232668805008099e-02, 8.5451033333544396e-02,
          -9.0806694660887810e-02, -2.8080858988414076e-01,
          -4.5799523514193259e-02, 1.3843177310114234e-03,
          1.0912938092366313e-01, -1.0254036477106661e-02,
          4.0698019433420092e-03, -1.5982547424322199e-02,
          -5.3893742071423230e-02, -2.6143454003085809e-02,
          -4.8971209096290012e-02, 6.0962952121837763e-02,
          1.7518773818849576e-01, -1.0254036477106661e-02,
          6.2685693410204954e-02, 6.1800832697445893e-02,
          3.2814994458189604e-02, 1.9831489394454772e-02,
          1.4651359522870593e-02, -3.2350442418536296e-02,
          3.0730774723822935e-02, 5.1279797564643581e-01,
          4.0698019433420092e-03, 6.1800832697445893e-02,
          4.2704702362249602e-01, 1.9585584921294124e-02,
          2.2107566235140690e-02, -5.4449502140485696e-02,
          -1.8208432147552597e-01, 8.7989236461315928e-02,
          2.6232668805008106e-02, -1.5982547424322199e-02,
          3.2814994458189604e-02, 1.9585584921294124e-02,
          1.5183751467386744e-01, 1.0689623340650533e-02,
          5.6502566348477022e-02, 1.2774879366902067e-02,
          1.6669838220694255e-01, 8.5451033333544396e-02,
          -5.3893742071423230e-02, 1.9831489394454772e-02,
          2.2107566235140690e-02, 1.0689623340650533e-02,
          3.5527946916060033e-01, 7.7995595881570103e-03,
          1.9004967005821186e-01, 8.5983227674169771e-02,
          -9.0806694660887810e-02, -2.6143454003085809e-02,
          1.4651359522870593e-02, -5.4449502140485696e-02,
          5.6502566348477022e-02, 7.7995595881570103e-03,
          1.6854714261656228e-01, 6.8150161010721091e-02,
          1.4965166943062597e-01, -2.8080858988414076e-01,
          -4.8971209096290012e-02, -3.2350442418536296e-02,
          -1.8208432147552597e-01, 1.2774879366902064e-02,
          1.9004967005821186e-01, 6.8150161010721091e-02,
          3.9770836425828848e-01 ]
   - !!opencv-matrix
      rows: 9
      cols: 9
      dt: d
      data: [ 1.0186434001845181e-01, 1.6101186770408775e-02,
          -2.0023791670374557e-02, 3.3615946853942217e-03,
          5.1497673701677744e-03, 2.6207514444126379e-02,
          1.4327969369886001e-02, 1.2232315510197686e-03,
          3.9775890835929435e-03, 1.6101186770408775e-02,
          1.7138338602065015e-02, -5.1165732612906602e-03,
          2.5206484116473862e-03, 6.4776161837037322e-03,
          1.8954999365511267e-02, 5.3695511869675345e-03,
          1.0999581878179991e-03, -2.0792476784565958e-03,
          -2.0023791670374557e-02, -5.1165732612906602e-03,
          1.0829174470194264e-02, -9.6085073267663840e-04,
          -1.3899669878228154e-03, -8.4488942671976514e-03,
          -4.1910306491035314e-03, -5.7469799909360254e-05,
          -1.3538565903924904e-03, 3.3615946853942217e-03,
          2.5206484116473853e-03, -9.6085073267663851e-04,
          2.6060669132395780e-02, 1.4719788332697751e-03,
          4.0741597352797771e-03, 1.3801809069289104e-03,
          1.3825507889086725e-03, -3.3591645921082370e-03,
          5.1497673701677744e-03, 6.4776161837037331e-03,
          -1.3899669878228154e-03, 1.4719788332697751e-03,
          5.4500277824262131e-02, 7.6368699025214735e-03,
          1.6046283818155998e-03, -4.0559077824436881e-03,
