%YAML:1.0
---
groups:
   - intact
   - CD19
   - blast
intactGmmnames:
   - "intact.533.0"
   - "intact.533.1"
   - "intact.533.2"
   - "intact.533.3"
   - "intact.533.4"
intactLabels:
   - FSC-A
   - SSC-A
   - SY41
   - CD19
   - CD10
   - CD20
   - CD45
   - CD34
   - CD38
intactMu: !!opencv-matrix
   rows: 5
   cols: 9
   dt: d
   data: [ 1.3224146192452337e+00, 5.2865936295378957e-01,
       3.4275375969221433e+00, 1.1195933786307892e+00,
       1.2990416865600205e+00, 1.2339755890341229e+00,
       1.4688667695341295e+00, 1.0491979523777655e+00,
       1.3886780085118597e+00, 1.6741197720333354e+00,
       5.6521812897147294e-01, 2.9392892028593383e+00,
       1.2283332380483325e+00, 8.6979641917566164e-01,
       1.1807987354432194e+00, 3.8139567884742305e+00,
       1.1186010148927286e+00, 2.2058269435319109e+00,
       2.9413179170873143e+00, 3.4393701206916276e+00,
       3.2826505159074184e+00, 1.7049634538269751e+00,
       2.3495493129051295e+00, 1.4519172302503716e+00,
       2.9340871517109961e+00, 1.1499031989417707e+00,
       1.6874191825057052e+00, 2.2108305591594237e+00,
       1.6079532173315454e+00, 3.1213370187740153e+00,
       1.4326096686097245e+00, 1.6015031394837271e+00,
       1.5621614454300246e+00, 2.7421859196004617e+00,
       1.4989723029688038e+00, 2.1174396104676685e+00,
       1.2946593397589898e+00, 3.0410219574701958e-01,
       3.2194947427468081e+00, 1.1330419696624277e+00,
       8.1269866974594307e-01, 1.0645712019901556e+00,
       3.6729658235419382e+00, 1.0748520418742356e+00,
       2.1479393137783505e+00 ]
intactSigma:
   - !!opencv-matrix
      rows: 9
      cols: 9
      dt: d
      data: [ 1.6477040420310402e-01, 5.0154217614175212e-02,
          1.2429242988761923e-02, 1.4390646426171569e-02,
          4.7437252537543544e-02, 5.0175601314213739e-02,
          4.6381568510577134e-02, 1.7439510176384529e-03,
          2.4493452286286466e-02, 5.0154217614175212e-02,
          4.7595206236902388e-02, 2.6085354326060906e-02,
          1.1534052248063809e-02, 3.9748919108800823e-02,
          3.8279496107575313e-02, 3.8972329379139456e-02,
          2.6876485197511054e-03, 2.1539893427705875e-02,
          1.2429242988761921e-02, 2.6085354326060906e-02,
          1.4637611515996152e-01, 7.7024965043978513e-03,
          3.3196558509216267e-02, 8.3847977017969394e-03,
          3.0137287718486110e-02, 3.5913489047714707e-03,
          2.0217705413074268e-02, 1.4390646426171569e-02,
          1.1534052248063809e-02, 7.7024965043978495e-03,
          1.3356777221310859e-02, 9.4621283271229314e-03,
          9.5987151057519756e-03, 9.8949825908839946e-03,
          1.1411282659838698e-03, 2.8567159726464206e-03,
          4.7437252537543544e-02, 3.9748919108800830e-02,
          3.3196558509216274e-02, 9.4621283271229314e-03,
          1.7395280011078426e-01, 3.2467529619117447e-02,
          4.4166506100867559e-02, 1.5759140662005586e-03,
          2.8651262684407135e-02, 5.0175601314213739e-02,
          3.8279496107575313e-02, 8.3847977017969394e-03,
          9.5987151057519739e-03, 3.2467529619117447e-02,
          8.3920092555399381e-02, 3.4459534613949863e-02,
          2.0384914930318041e-03, 1.5862057574602073e-02,
          4.6381568510577134e-02, 3.8972329379139456e-02,
          3.0137287718486106e-02, 9.8949825908839946e-03,
          4.4166506100867559e-02, 3.4459534613949863e-02,
          1.3621655618980114e-01, 1.1457137793183842e-03,
          3.7899845998613783e-02, 1.7439510176384529e-03,
          2.6876485197511054e-03, 3.5913489047714729e-03,
          1.1411282659838701e-03, 1.5759140662005586e-03,
          2.0384914930318032e-03, 1.1457137793183852e-03,
          1.9810140791939965e-02, 1.3179704858836347e-03,
          2.4493452286286466e-02, 2.1539893427705875e-02,
          2.0217705413074268e-02, 2.8567159726464214e-03,
          2.8651262684407149e-02, 1.5862057574602073e-02,
          3.7899845998613783e-02, 1.3179704858836342e-03,
          4.4679457932836737e-02 ]
   - !!opencv-matrix
      rows: 9
      cols: 9
      dt: d
      data: [ 1.5819002854845229e-01, 1.4366701093803893e-02,
          -2.6621609801978786e-02, 2.6795201840817177e-03,
          4.0672357754483677e-04, 9.0125166802654481e-03,
          1.2373764248329519e-02, 2.9809594296702495e-03,
          2.4967017655670824e-02, 1.4366701093803894e-02,
          2.3447648956567917e-02, -9.0262637554998498e-03,
          3.1037602591858469e-03, 3.7576219972836914e-03,
          1.2104012301697354e-02, 3.9386273151467794e-03,
          2.5262767841996566e-03, 4.2479065793092310e-02,
          -2.6621609801978800e-02, -9.0262637554998498e-03,
          7.8381312555672877e-02, -2.0076390872109944e-03,
          -7.8143151014014808e-04, -5.4156672513232086e-03,
          -9.0656817582932987e-03, -1.0860794717549845e-03,
          -2.8247099044954357e-02, 2.6795201840817168e-03,
          3.1037602591858474e-03, -2.0076390872109948e-03,
          3.8533112501772195e-02, 9.7734322745195558e-04,
          3.5427637458441347e-03, 3.6816573868111145e-03,
          3.7149817633711649e-03, 3.2441744944421711e-04,
          4.0672357754483699e-04, 3.7576219972836923e-03,
          -7.8143151014014776e-04, 9.7734322745195645e-04,
          5.2175797996780515e-02, 3.6769086384824727e-04,
          -9.7987061029079274e-05, -6.2062724243304350e-03,
          -3.9693605009568696e-03, 9.0125166802654481e-03,
          1.2104012301697350e-02, -5.4156672513232104e-03,
          3.5427637458441369e-03, 3.6769086384824727e-04,
          5.7205369180494618e-02, 5.2451080723281227e-03,
          6.2368383485975922e-04, -5.7536147569376469e-03,
          1.2373764248329519e-02, 3.9386273151467794e-03,
          -9.0656817582932987e-03, 3.6816573868111153e-03,
          -9.7987061029079138e-05, 5.2451080723281245e-03,
          1.4694166064062425e-02, -9.5332528377050231e-04,
          -5.8436010383646790e-03, 2.9809594296702491e-03,
          2.5262767841996566e-03, -1.0860794717549853e-03,
          3.7149817633711671e-03, -6.2062724243304350e-03,
          6.2368383485975802e-04, -9.5332528377050252e-04,
          1.6220647250305814e-01, 2.8109858219905925e-02,
          2.4967017655670824e-02, 4.2479065793092317e-02,
          -2.8247099044954361e-02, 3.2441744944421695e-04,
          -3.9693605009568696e-03, -5.7536147569376469e-03,
          -5.8436010383646772e-03, 2.8109858219905925e-02,
          4.3974111219222839e-01 ]
   - !!opencv-matrix
      rows: 9
      cols: 9
      dt: d
      data: [ 4.4531010785705005e-01, 1.3456108674656531e-01,
          -1.4650170296243619e-02, 3.4177546500638117e-02,
          -6.9076761391556635e-02, 3.6647310232299633e-02,
          -1.6867624838962252e-02, 5.1798093173933985e-03,
          2.6510809366789321e-02, 1.3456108674656531e-01,
          3.5260972689862735e-01, -2.8739469661046339e-02,
          5.1481546556506365e-02, 4.7621705093710276e-02,
          5.1952480974453270e-02, 1.5501871482997700e-02,
          9.3135844027889981e-03, 1.2698986632897754e-02,
          -1.4650170296243612e-02, -2.8739469661046339e-02,
          2.9893890019259881e-02, -4.5927565189224561e-03,
          -1.2951051818739219e-02, -4.0612176751728367e-03,
          -6.6442496983772767e-03, -2.6475839625852196e-05,
          -4.0396678858097878e-03, 3.4177546500638117e-02,
          5.1481546556506365e-02, -4.5927565189224544e-03,
          2.7778055206624325e-02, 6.7664086442992440e-03,
          7.5520639748209509e-03, 3.9346118227417881e-03,
          2.1602519533279701e-03, -1.2215328997825859e-03,
          -6.9076761391556607e-02, 4.7621705093710276e-02,
          -1.2951051818739219e-02, 6.7664086442992440e-03,
          1.6251363674288113e-01, -3.9793154444640365e-03,
          3.9689789091189483e-02, 7.1292953488738325e-03,
          -1.6231771612225027e-02, 3.6647310232299633e-02,
          5.1952480974453270e-02, -4.0612176751728367e-03,
          7.5520639748209509e-03, -3.9793154444640374e-03,
          3.8562608968368522e-02, 6.5712472760377750e-04,
          2.9349620225673791e-03, 7.8546787937948045e-03,
          -1.6867624838962252e-02, 1.5501871482997696e-02,
          -6.6442496983772741e-03, 3.9346118227417881e-03,
          3.9689789091189483e-02, 6.5712472760377772e-04,
          3.1967091998604862e-02, 1.4434032915651752e-03,
          -2.1246724430731300e-03, 5.1798093173934011e-03,
          9.3135844027889998e-03, -2.6475839625852175e-05,
          2.1602519533279693e-03, 7.1292953488738325e-03,
          2.9349620225673795e-03, 1.4434032915651746e-03,
          5.7600955801828065e-02, 3.8244262662471092e-04,
          2.6510809366789328e-02, 1.2698986632897754e-02,
          -4.0396678858097895e-03, -1.2215328997825848e-03,
          -1.6231771612225023e-02, 7.8546787937948063e-03,
          -2.1246724430731309e-03, 3.8244262662471152e-04,
          9.1724218117041623e-02 ]
   - !!opencv-matrix
      rows: 9
      cols: 9
      dt: d
      data: [ 7.7922171178324662e-01, 3.6395926880434881e-01,
          -6.4704558620264597e-03, 7.2590886431287693e-02,
          2.1729782195155728e-02, 7.3359348594728035e-02,
          7.4687877259186339e-02, 1.2477332085723200e-01,
          9.6710398895442848e-02, 3.6395926880434881e-01,
          7.8242982946960038e-01, -8.9757050203065333e-02,
          1.6775742052882603e-01, 4.4029509688940753e-02,
          1.1682517994115492e-01, 2.8346110763698196e-02,
          7.8183791009884457e-02, -3.2982108002837379e-02,
          -6.4704558620264623e-03, -8.9757050203065333e-02,
          4.0023716193467906e-01, -7.5893496060622095e-03,
          8.4589290314400684e-02, 5.8598589593193182e-02,
          7.0496293296222631e-02, -9.5951062520894553e-02,
          2.4140140588399545e-01, 7.2590886431287693e-02,
          1.6775742052882603e-01, -7.5893496060622121e-03,
          9.6389390859816806e-02, 2.6940589744405042e-02,
          7.9591408924869350e-02, 4.0689336905953305e-02,
          1.6159943692829380e-02, -6.0462591435530245e-03,
          2.1729782195155724e-02, 4.4029509688940753e-02,
          8.4589290314400684e-02, 2.6940589744405042e-02,
          3.0024364945103105e-01, 8.6234437069049777e-02,
          3.5561719669365215e-02, -3.5779132516753825e-02,
          3.6000645077321203e-02, 7.3359348594728035e-02,
          1.1682517994115492e-01, 5.8598589593193189e-02,
          7.9591408924869350e-02, 8.6234437069049777e-02,
          2.1668438512702198e-01, 5.7355451969577989e-02,
          1.6171848220908849e-02, 5.1987893665541664e-02,
          7.4687877259186325e-02, 2.8346110763698185e-02,
          7.0496293296222631e-02, 4.0689336905953298e-02,
          3.5561719669365222e-02, 5.7355451969577989e-02,
          4.8173454345606476e-01, 1.2980220513280462e-02,
          2.5499909132246817e-01, 1.2477332085723200e-01,
          7.8183791009884485e-02, -9.5951062520894553e-02,
          1.6159943692829380e-02, -3.5779132516753839e-02,
          1.6171848220908849e-02, 1.2980220513280462e-02,
          3.0847090110104775e-01, 3.4429379955187877e-04,
          9.6710398895442806e-02, -3.2982108002837386e-02,
          2.4140140588399545e-01, -6.0462591435530228e-03,
          3.6000645077321203e-02, 5.1987893665541664e-02,
          2.5499909132246823e-01, 3.4429379955187877e-04,
          5.5248551162051884e-01 ]
   - !!opencv-matrix
      rows: 9
      cols: 9
      dt: d
      data: [ 7.1430922392486190e-02, 5.5606810751351763e-03,
          -1.9595177255683841e-02, 1.7106774074178452e-03,
          1.4046787565069978e-03, 1.0369894579606753e-02,
          1.1236795926815658e-02, 3.2641117964626425e-03,
          9.7253850889418361e-03, 5.5606810751351763e-03,
          7.3834880354396457e-03, -6.2889894107467639e-03,
          1.7413853913197928e-03, 3.2644225054333387e-03,
          9.9888963186828082e-03, 3.3742274245549641e-03,
          2.8327938835475677e-04, -4.6087222907647725e-03,
          -1.9595177255683841e-02, -6.2889894107467630e-03,
          2.5635345578043624e-02, -1.3735682825509025e-03,
          -1.5719492611305655e-03, -9.0747347466980394e-03,
          -6.6748040352493576e-03, 4.6804358858038042e-04,
          -7.6748307841573583e-04, 1.7106774074178456e-03,
          1.7413853913197928e-03, -1.3735682825509025e-03,
          2.7008722367899952e-02, 1.1636748843151595e-03,
          3.5824232930585080e-03, 1.4336036015456411e-03,
          1.7128202223577335e-03, -4.8684518762936004e-03,
          1.4046787565069978e-03, 3.2644225054333392e-03,
          -1.5719492611305662e-03, 1.1636748843151597e-03,
          4.5890109087166731e-02, 2.5366140560553812e-03,
          1.1481114970324222e-03, -4.5554350270861025e-03,
          -4.9951459087238560e-03, 1.0369894579606754e-02,
          9.9888963186828082e-03, -9.0747347466980394e-03,
          3.5824232930585080e-03, 2.5366140560553812e-03,
          7.7147231388359300e-02, 5.4227898042263824e-03,
          6.3619662989325377e-04, -1.6490213877336780e-02,
          1.1236795926815658e-02, 3.3742274245549641e-03,
          -6.6748040352493593e-03, 1.4336036015456411e-03,
          1.1481114970324229e-03, 5.4227898042263824e-03,
          7.6586436785667520e-03, -4.0437275351345824e-04,
          -2.6044100144719890e-04, 3.2641117964626425e-03,
          2.8327938835475682e-04, 4.6804358858038107e-04,
          1.7128202223577328e-03, -4.5554350270861008e-03,
          6.3619662989325388e-04, -4.0437275351345807e-04,
          1.1554252185231795e-01, 4.7555741281228451e-03,
          9.7253850889418379e-03, -4.6087222907647725e-03,
          -7.6748307841573605e-04, -4.8684518762935986e-03,
          -4.9951459087238586e-03, -1.6490213877336780e-02,
          -2.6044100144719890e-04, 4.7555741281228433e-03,
          1.5499035720544757e-01 ]
intactC: !!opencv-matrix
   rows: 1
   cols: 5
   dt: d
   data: [ 9.6195588660899431e-02, 1.0113883287367496e-01,
       4.8395764052988878e-02, 3.8053092031735396e-02,
       3.8587483095447905e-01 ]
intactNumEvents: 180728.
intactMaxVals: !!opencv-matrix
   rows: 1
   cols: 9
   dt: d
   data: [ 4.5000000000000000e+00, 4.5000000000000000e+00,
       4.5000000000000000e+00, 4.5000000000000000e+00,
       4.5000000000000000e+00, 4.5000000000000000e+00,
       4.5000000000000000e+00, 4.5000000000000000e+00,
       4.5000000000000000e+00 ]
CD19Gmmnames:
   - "CD19.533.0"
   - "CD19.533.1"
CD19Labels:
   - FSC-A
   - SSC-A
   - SY41
   - CD19
   - CD10
   - CD20
   - CD45
   - CD34
   - CD38
CD19Mu: !!opencv-matrix
   rows: 2
   cols: 9
   dt: d
   data: [ 1.7179703487717031e+00, 4.5643591382649357e-01,
       2.8744919516881771e+00, 2.9327597110582166e+00,
       1.4236101945486208e+00, 3.2530979745490525e+00,
       3.7100019820662147e+00, 1.1387915240724260e+00,
       1.8856309206501178e+00, 1.3266335137359841e+00,
       2.8905918727636348e-01, 3.1098285585064818e+00,
       2.8814986342235560e+00, 1.2346637212710141e+00,
       3.1685432418525621e+00, 3.6496811604331407e+00,
       1.0908731074372930e+00, 1.8975119657027968e+00 ]
CD19Sigma:
   - !!opencv-matrix
      rows: 9
      cols: 9
      dt: d
      data: [ 1.5964308045607853e-01, 1.0521651006834713e-02,
          1.4104525997638848e-03, 1.2370832109691360e-02,
          1.4095629597988888e-02, 8.9192303118334378e-03,
          1.7123354870354674e-02, -4.6026671880871157e-03,
          2.3881662516402842e-02, 1.0521651006834713e-02,
          2.4421936424707105e-02, 9.2171164759274442e-03,
          6.6848255274584928e-03, 1.0738095249763636e-02,
          5.2274434189258853e-03, 5.4633629422718806e-03,
          1.1186334690089549e-03, 1.3093499306247291e-02,
          1.4104525997638867e-03, 9.2171164759274442e-03,
          1.0747001166151937e-01, -1.0677678476305011e-02,
          -8.1203794228432574e-03, -1.7332136199878306e-02,
          -5.0101407576570558e-03, 6.2618484055941169e-03,
          -2.3680103284117833e-03, 1.2370832109691360e-02,
          6.6848255274584928e-03, -1.0677678476305011e-02,
          4.7609961605967643e-02, 2.0783437945539624e-02,
          2.9732999439184494e-02, 5.5250325909300636e-03,
          1.4864770875443541e-03, 3.5743071947191463e-03,
          1.4095629597988877e-02, 1.0738095249763635e-02,
          -8.1203794228432574e-03, 2.0783437945539624e-02,
          1.8871648069873684e-01, 5.1507526941806533e-02,
          2.6954328784060087e-03, 1.7871971790178608e-03,
          1.2943213323814311e-02, 8.9192303118334378e-03,
          5.2274434189258853e-03, -1.7332136199878306e-02,
          2.9732999439184487e-02, 5.1507526941806520e-02,
          8.2757453767291558e-02, 7.6917593822769014e-03,
          -1.8902294515748695e-03, -1.9522342939234827e-02,
          1.7123354870354674e-02, 5.4633629422718806e-03,
          -5.0101407576570558e-03, 5.5250325909300636e-03,
          2.6954328784060096e-03, 7.6917593822769014e-03,
          1.9027653378389887e-02, -1.2442823276557762e-03,
          8.0917470424612861e-03, -4.6026671880871148e-03,
          1.1186334690089553e-03, 6.2618484055941169e-03,
          1.4864770875443541e-03, 1.7871971790178601e-03,
          -1.8902294515748695e-03, -1.2442823276557766e-03,
          1.7557533392385724e-01, 8.4073117647160672e-03,
          2.3881662516402849e-02, 1.3093499306247295e-02,
          -2.3680103284117828e-03, 3.5743071947191467e-03,
          1.2943213323814314e-02, -1.9522342939234827e-02,
          8.0917470424612878e-03, 8.4073117647160672e-03,
          2.6256446643347109e-01 ]
   - !!opencv-matrix
      rows: 9
      cols: 9
      dt: d
      data: [ 7.1560286673493068e-02, 5.8129488032734695e-03,
          -2.5251521198721125e-02, 1.4223803349050849e-02,
          1.1191788733117393e-02, 7.7814019190051284e-03,
          1.4812376500105331e-02, 1.0336984684393270e-03,
          1.6050051885589056e-02, 5.8129488032734686e-03,
          5.9783166744942192e-03, -6.4230415015840347e-03,
          2.7917203708629837e-03, 4.0568775374068555e-03,
          3.2916217660253146e-03, 2.5585814381729501e-03,
          -5.4734738956161020e-05, 1.6653709516525359e-03,
          -2.5251521198721129e-02, -6.4230415015840347e-03,
          3.9698165556018093e-02, -1.0807831215838367e-02,
          -7.6099503972012024e-03, -7.9395946166692030e-03,
          -9.4551407337190481e-03, 8.6094939113836222e-04,
          -1.0042160980421140e-02, 1.4223803349050847e-02,
          2.7917203708629828e-03, -1.0807831215838367e-02,
          2.6699077981194527e-02, 7.5598052838873426e-03,
          8.9865691105276719e-03, 6.7039730975029296e-03,
          1.0393874703893279e-03, 9.9926284442166391e-03,
          1.1191788733117391e-02, 4.0568775374068555e-03,
          -7.6099503972012041e-03, 7.5598052838873409e-03,
          1.3183517663410049e-01, 1.4091703041591431e-02,
          4.1449476879168133e-03, -2.4616270942656050e-03,
          9.8956597408631879e-03, 7.7814019190051266e-03,
          3.2916217660253146e-03, -7.9395946166692030e-03,
          8.9865691105276719e-03, 1.4091703041591429e-02,
          1.9328723847636651e-02, 4.0996407709782603e-03,
          7.5612096143074620e-04, 8.1110509974715011e-03,
          1.4812376500105331e-02, 2.5585814381729501e-03,
          -9.4551407337190481e-03, 6.7039730975029296e-03,
          4.1449476879168133e-03, 4.0996407709782603e-03,
          8.9952465737582234e-03, -4.5820898724360218e-04,
          9.3846798328227603e-03, 1.0336984684393264e-03,
          -5.4734738956161006e-05, 8.6094939113836222e-04,
          1.0393874703893277e-03, -2.4616270942656045e-03,
          7.5612096143074566e-04, -4.5820898724360185e-04,
          1.2065794568756642e-01, 3.5069445696837634e-03,
          1.6050051885589060e-02, 1.6653709516525354e-03,
          -1.0042160980421140e-02, 9.9926284442166391e-03,
          9.8956597408631896e-03, 8.1110509974714976e-03,
          9.3846798328227603e-03, 3.5069445696837643e-03,
          1.6055866778437641e-01 ]
CD19C: !!opencv-matrix
   rows: 1
   cols: 2
   dt: d
   data: [ 7.7946901002936955e-02, 2.5209856347955839e-01 ]
CD19NumEvents: 89073.
CD19MaxVals: !!opencv-matrix
   rows: 1
   cols: 9
   dt: d
   data: [ 4.5000000000000000e+00, 4.5000000000000000e+00,
       4.5000000000000000e+00, 4.5000000000000000e+00,
       4.5000000000000000e+00, 4.5000000000000000e+00,
       4.5000000000000000e+00, 4.5000000000000000e+00,
       4.5000000000000000e+00 ]
blastGmmnames:
   - "blast.533.0"
blastLabels:
   - FSC-A
   - SSC-A
   - SY41
   - CD19
   - CD10
   - CD20
   - CD45
   - CD34
   - CD38
blastMu: !!opencv-matrix
   rows: 1
   cols: 9
   dt: d
   data: [ 1.8722428075969220e+00, 4.2545226626098159e-01,
       3.3215515434741976e+00, 3.0108512789011002e+00,
       3.8062357366085053e+00, 2.6892501108348372e+00,
       1.5778538275160827e+00, 1.6422696486115456e+00,
       2.8217037692666054e+00 ]
blastSigma:
   - !!opencv-matrix
      rows: 9
      cols: 9
      dt: d
      data: [ 2.3544948120949002e-01, 2.9228012264808541e-02,
          -2.5332425343934529e-02, 2.5956020793641621e-02,
          2.1230543944563390e-02, 3.7756080291592380e-02,
          1.1465183310288604e-02, 2.1862446491494474e-02,
          1.6315229440402743e-02, 2.9228012264808541e-02,
          2.5977306052866640e-02, -3.9439400120303949e-03,
          2.2212638610650533e-03, 7.7727606538919849e-03,
          4.4851922158185122e-03, 8.3867334179341928e-03,
          1.1140991417104430e-02, 1.2001945772139005e-03,
          -2.5332425343934529e-02, -3.9439400120303949e-03,
          2.0051494657476757e-02, -8.6103392231170698e-03,
          -1.6980496843298091e-03, -1.3995111884953474e-02,
          -2.9271579950118538e-02, 4.1865960745741670e-03,
          -9.4604366400944176e-03, 2.5956020793641621e-02,
          2.2212638610650533e-03, -8.6103392231170698e-03,
          3.4538766170875305e-02, 1.1660123575262650e-02,
          2.0606671264023921e-02, 2.1178166404999341e-02,
          -2.1559302766976040e-03, 9.5557274743215855e-03,
          2.1230543944563390e-02, 7.7727606538919849e-03,
          -1.6980496843298091e-03, 1.1660123575262650e-02,
          4.7774188660304119e-02, -5.5349076362457734e-03,
          -3.5068802767996843e-02, 1.0475611917992688e-02,
          -1.8420802642551450e-04, 3.7756080291592380e-02,
          4.4851922158185122e-03, -1.3995111884953474e-02,
          2.0606671264023921e-02, -5.5349076362457734e-03,
          2.0537136254132138e-01, 4.9037807961388680e-02,
          -3.3123749937024251e-02, 3.3668059991682736e-02,
          1.1465183310288604e-02, 8.3867334179341928e-03,
          -2.9271579950118538e-02, 2.1178166404999341e-02,
          -3.5068802767996843e-02, 4.9037807961388680e-02,
          7.7760786814223748e-01, -4.5587870760726540e-02,
          8.0604156057582046e-02, 2.1862446491494474e-02,
          1.1140991417104430e-02, 4.1865960745741670e-03,
          -2.1559302766976040e-03, 1.0475611917992688e-02,
          -3.3123749937024251e-02, -4.5587870760726540e-02,
          1.4046160760490409e-01, -1.7892363979346109e-02,
          1.6315229440402743e-02, 1.2001945772139005e-03,
          -9.4604366400944176e-03, 9.5557274743215855e-03,
          -1.8420802642551450e-04, 3.3668059991682736e-02,
          8.0604156057582046e-02, -1.7892363979346109e-02,
          1.2042515760608546e-01 ]
blastC: !!opencv-matrix
   rows: 1
   cols: 1
   dt: d
   data: [ 2.9642694372705291e-04 ]
blastNumEvents: 80.
blastMaxVals: !!opencv-matrix
   rows: 1
   cols: 9
   dt: d
   data: [ 4.5000000000000000e+00, 4.5000000000000000e+00,
       4.5000000000000000e+00, 4.5000000000000000e+00,
       4.5000000000000000e+00, 4.5000000000000000e+00,
       4.5000000000000000e+00, 4.5000000000000000e+00,
       4.5000000000000000e+00 ]
