%YAML:1.0
---
groups:
   - intact
   - CD19
   - blast
intactGmmnames:
   - "intact.533.0"
   - "intact.533.1"
   - "intact.533.2"
   - "intact.533.3"
   - "intact.533.4"
intactLabels:
   - FSC-A
   - SSC-A
   - SY41
   - CD19
   - CD10
   - CD20
   - CD45
   - CD34
   - CD38
intactMu: !!opencv-matrix
   rows: 5
   cols: 9
   dt: d
   data: [ 1.3224146192452337e+00, 5.2865936295378957e-01,
       3.4275375969221433e+00, 1.1195933786307892e+00,
       1.2990416865600205e+00, 1.2339755890341229e+00,
       1.4688667695341295e+00, 1.0491979523777655e+00,
       1.3886780085118597e+00, 1.6741197720333354e+00,
       5.6521812897147294e-01, 2.9392892028593383e+00,
       1.2283332380483325e+00, 8.6979641917566164e-01,
       1.1807987354432194e+00, 3.8139567884742305e+00,
       1.1186010148927286e+00, 2.2058269435319109e+00,
       2.9413179170873143e+00, 3.4393701206916276e+00,
       3.2826505159074184e+00, 1.7049634538269751e+00,
       2.3495493129051295e+00, 1.4519172302503716e+00,
       2.9340871517109961e+00, 1.1499031989417707e+00,
       1.6874191825057052e+00, 2.2108305591594237e+00,
       1.6079532173315454e+00, 3.1213370187740153e+00,
       1.4326096686097245e+00, 1.6015031394837271e+00,
       1.5621614454300246e+00, 2.7421859196004617e+00,
       1.4989723029688038e+00, 2.1174396104676685e+00,
       1.2946593397589898e+00, 3.0410219574701958e-01,
       3.2194947427468081e+00, 1.1330419696624277e+00,
       8.1269866974594307e-01, 1.0645712019901556e+00,
       3.6729658235419382e+00, 1.0748520418742356e+00,
       2.1479393137783505e+00 ]
intactSigma:
   - !!opencv-matrix
      rows: 9
      cols: 9
      dt: d
      data: [ 1.6477040420310402e-01, 5.0154217614175212e-02,
          1.2429242988761923e-02, 1.4390646426171569e-02,
          4.7437252537543544e-02, 5.0175601314213739e-02,
          4.6381568510577134e-02, 1.7439510176384529e-03,
          2.4493452286286466e-02, 5.0154217614175212e-02,
          4.7595206236902388e-02, 2.6085354326060906e-02,
          1.1534052248063809e-02, 3.9748919108800823e-02,
          3.8279496107575313e-02, 3.8972329379139456e-02,
          2.6876485197511054e-03, 2.1539893427705875e-02,
          1.2429242988761921e-02, 2.6085354326060906e-02,
          1.4637611515996152e-01, 7.7024965043978513e-03,
          3.3196558509216267e-02, 8.3847977017969394e-03,
          3.0137287718486110e-02, 3.5913489047714707e-03,
          2.0217705413074268e-02, 1.4390646426171569e-02,
          1.1534052248063809e-02, 7.7024965043978495e-03,
          1.3356777221310859e-02, 9.4621283271229314e-03,
          9.5987151057519756e-03, 9.8949825908839946e-03,
          1.1411282659838698e-03, 2.8567159726464206e-03,
          4.7437252537543544e-02, 3.9748919108800830e-02,
          3.3196558509216274e-02, 9.4621283271229314e-03,
          1.7395280011078426e-01, 3.2467529619117447e-02,
          4.4166506100867559e-02, 1.5759140662005586e-03,
          2.8651262684407135e-02, 5.0175601314213739e-02,
          3.8279496107575313e-02, 8.3847977017969394e-03,
          9.5987151057519739e-03, 3.2467529619117447e-02,
          8.3920092555399381e-02, 3.4459534613949863e-02,
          2.0384914930318041e-03, 1.5862057574602073e-02,
          4.6381568510577134e-02, 3.8972329379139456e-02,
          3.0137287718486106e-02, 9.8949825908839946e-03,
          4.4166506100867559e-02, 3.4459534613949863e-02,
          1.3621655618980114e-01, 1.1457137793183842e-03,
          3.7899845998613783e-02, 1.7439510176384529e-03,
          2.6876485197511054e-03, 3.5913489047714729e-03,
          1.1411282659838701e-03, 1.5759140662005586e-03,
          2.0384914930318032e-03, 1.1457137793183852e-03,
          1.9810140791939965e-02, 1.3179704858836347e-03,
          2.4493452286286466e-02, 2.1539893427705875e-02,
          2.0217705413074268e-02, 2.8567159726464214e-03,
          2.8651262684407149e-02, 1.5862057574602073e-02,
          3.7899845998613783e-02, 1.3179704858836342e-03,
          4.4679457932836737e-02 ]
   - !!opencv-matrix
      rows: 9
      cols: 9
      dt: d
      data: [ 1.5819002854845229e-01, 1.4366701093803893e-02,
          -2.6621609801978786e-02, 2.6795201840817177e-03,
          4.0672357754483677e-04, 9.0125166802654481e-03,
          1.2373764248329519e-02, 2.9809594296702495e-03,
          2.4967017655670824e-02, 1.4366701093803894e-02,
          2.3447648956567917e-02, -9.0262637554998498e-03,
          3.1037602591858469e-03, 3.7576219972836914e-03,
          1.2104012301697354e-02, 3.9386273151467794e-03,
          2.5262767841996566e-03, 4.2479065793092310e-02,
          -2.6621609801978800e-02, -9.0262637554998498e-03,
          7.8381312555672877e-02, -2.0076390872109944e-03,
          -7.8143151014014808e-04, -5.4156672513232086e-03,
          -9.0656817582932987e-03, -1.0860794717549845e-03,
          -2.8247099044954357e-02, 2.6795201840817168e-03,
          3.1037602591858474e-03, -2.0076390872109948e-03,
          3.8533112501772195e-02, 9.7734322745195558e-04,
          3.5427637458441347e-03, 3.6816573868111145e-03,
          3.7149817633711649e-03, 3.2441744944421711e-04,
          4.0672357754483699e-04, 3.7576219972836923e-03,
          -7.8143151014014776e-04, 9.7734322745195645e-04,
          5.2175797996780515e-02, 3.6769086384824727e-04,
          -9.7987061029079274e-05, -6.2062724243304350e-03,
          -3.9693605009568696e-03, 9.0125166802654481e-03,
          1.2104012301697350e-02, -5.4156672513232104e-03,
          3.5427637458441369e-03, 3.6769086384824727e-04,
          5.7205369180494618e-02, 5.2451080723281227e-03,
          6.2368383485975922e-04, -5.7536147569376469e-03,
          1.2373764248329519e-02, 3.9386273151467794e-03,
          -9.0656817582932987e-03, 3.6816573868111153e-03,
          -9.7987061029079138e-05, 5.2451080723281245e-03,
          1.4694166064062425e-02, -9.5332528377050231e-04,
          -5.8436010383646790e-03, 2.9809594296702491e-03,
          2.5262767841996566e-03, -1.0860794717549853e-03,
          3.7149817633711671e-03, -6.2062724243304350e-03,
          6.2368383485975802e-04, -9.5332528377050252e-04,
          1.6220647250305814e-01, 2.8109858219905925e-02,
          2.4967017655670824e-02, 4.2479065793092317e-02,
          -2.8247099044954361e-02, 3.2441744944421695e-04,
          -3.9693605009568696e-03, -5.7536147569376469e-03,
          -5.8436010383646772e-03, 2.8109858219905925e-02,
          4.3974111219222839e-01 ]
   - !!opencv-matrix
      rows: 9
      cols: 9
      dt: d
      data: [ 4.4531010785705005e-01, 1.3456108674656531e-01,
          -1.4650170296243619e-02, 3.4177546500638117e-02,
          -6.9076761391556635e-02, 3.6647310232299633e-02,
          -1.6867624838962252e-02, 5.1798093173933985e-03,
          2.6510809366789321e-02, 1.3456108674656531e-01,
          3.5260972689862735e-01, -2.8739469661046339e-02,
          5.1481546556506365e-02, 4.7621705093710276e-02,
          5.1952480974453270e-02, 1.5501871482997700e-02,
          9.3135844027889981e-03, 1.2698986632897754e-02,
          -1.4650170296243612e-02, -2.8739469661046339e-02,
          2.9893890019259881e-02, -4.5927565189224561e-03,
          -1.2951051818739219e-02, -4.0612176751728367e-03,
          -6.6442496983772767e-03, -2.6475839625852196e-05,
          -4.0396678858097878e-03, 3.4177546500638117e-02,
          5.1481546556506365e-02, -4.5927565189224544e-03,
          2.7778055206624325e-02, 6.7664086442992440e-03,
          7.5520639748209509e-03, 3.9346118227417881e-03,
          2.1602519533279701e-03, -1.2215328997825859e-03,
          -6.9076761391556607e-02, 4.7621705093710276e-02,
          -1.2951051818739219e-02, 6.7664086442992440e-03,
          1.6251363674288113e-01, -3.9793154444640365e-03,
          3.9689789091189483e-02, 7.1292953488738325e-03,
