%YAML:1.0
---
groups:
   - intact
   - CD19
intactGmmnames:
   - "intact.548.0"
   - "intact.548.1"
   - "intact.548.2"
   - "intact.548.3"
   - "intact.548.4"
intactLabels:
   - FSC-A
   - SSC-A
   - SY41
   - CD19
   - CD10
   - CD20
   - CD45
   - CD34
   - CD38
intactMu: !!opencv-matrix
   rows: 5
   cols: 9
   dt: d
   data: [ 1.0752640693204951e+00, 4.4367534030381839e-01,
       2.7877029629316188e+00, 1.2542501291755284e+00,
       8.9211984069847516e-01, 1.0666339831463070e+00,
       3.7066748352185961e+00, 1.2449409375862523e+00,
       1.7403369174504850e+00, 1.1385851061319994e+00,
       4.7501889870435465e-01, 2.5974017291465175e+00,
       1.1603724966988465e+00, 9.5384292147879413e-01,
       1.0001476486272822e+00, 1.2945373107696903e+00,
       9.6142174360941313e-01, 1.4409300562433893e+00,
       2.1922092380917939e+00, 2.3161746143015138e+00,
       2.7659157276732369e+00, 1.7223768627885214e+00,
       1.5090670609828822e+00, 1.5500662091639801e+00,
       3.3519959188789641e+00, 1.8217940373335544e+00,
       2.8469263903767992e+00, 1.6328783935761126e+00,
       3.3789237695080345e+00, 2.2270500205432451e+00,
       1.8914113112948014e+00, 1.6207487809471173e+00,
       1.2923837067802129e+00, 2.4030939988766344e+00,
       1.2341448601667528e+00, 1.4844464026938589e+00,
       1.6679461037472934e+00, 1.0579511785461864e+00,
       2.6653373971796674e+00, 1.3703597962930185e+00,
       1.2943318424013404e+00, 1.3275577074731988e+00,
       1.8898079672867338e+00, 1.1386629046063261e+00,
       1.6343432316952806e+00 ]
intactSigma:
   - !!opencv-matrix
      rows: 9
      cols: 9
      dt: d
      data: [ 1.2192093656441839e-01, 3.6184831074313868e-02,
          -2.5368485590697903e-02, 1.4293223924232910e-02,
          5.7471989725466077e-03, 3.0233823814157908e-02,
          2.3891713464498848e-02, 1.3800577455659038e-02,
          -4.4809582496110900e-04, 3.6184831074313868e-02,
          3.2876817781839471e-02, -6.5223484046124372e-03,
          1.3027381287147553e-02, 9.5347743066733371e-03,
          2.0978276814805276e-02, 1.2138980208478423e-02,
          1.1109072359360943e-02, 1.7352868682109842e-03,
          -2.5368485590697903e-02, -6.5223484046124363e-03,
          1.8251706332314092e-02, -1.8632638455375729e-03,
          8.3780677316958843e-04, -4.4039951045527527e-03,
          -5.5611821911810706e-03, 4.6629232002188279e-04,
          -2.0384951712504877e-03, 1.4293223924232910e-02,
          1.3027381287147553e-02, -1.8632638455375722e-03,
          3.3232020133962779e-02, 4.4268267620153632e-03,
          9.1877884165808433e-03, 6.0563962011591756e-03,
          8.4581060525761153e-03, -3.5461385213524858e-03,
          5.7471989725466069e-03, 9.5347743066733371e-03,
          8.3780677316958811e-04, 4.4268267620153623e-03,
          6.0209904652745158e-02, 1.0784927634978902e-04,
          2.2517984129021285e-03, -4.3985354153163979e-03,
          -1.5070902666005543e-03, 3.0233823814157908e-02,
          2.0978276814805276e-02, -4.4039951045527527e-03,
          9.1877884165808468e-03, 1.0784927634978872e-04,
          6.5916236124491212e-02, 1.0479193522299188e-02,
          8.5483022622886862e-03, -3.0861723492745432e-03,
          2.3891713464498848e-02, 1.2138980208478423e-02,
          -5.5611821911810706e-03, 6.0563962011591773e-03,
          2.2517984129021280e-03, 1.0479193522299190e-02,
          1.3169066115891226e-02, 5.1195515780178948e-03,
          2.0332081865264938e-03, 1.3800577455659036e-02,
          1.1109072359360941e-02, 4.6629232002188306e-04,
          8.4581060525761170e-03, -4.3985354153163979e-03,
          8.5483022622886862e-03, 5.1195515780178948e-03,
          2.8654938075887382e-01, 3.1199615932520010e-03,
          -4.4809582496110960e-04, 1.7352868682109835e-03,
          -2.0384951712504890e-03, -3.5461385213524871e-03,
          -1.5070902666005550e-03, -3.0861723492745428e-03,
          2.0332081865264938e-03, 3.1199615932519988e-03,
          5.1489630960745394e-02 ]
   - !!opencv-matrix
      rows: 9
      cols: 9
      dt: d
      data: [ 1.0831900544425238e-01, 2.6528975338570026e-02,
          -5.5697253305401736e-03, 8.6796488863649622e-03,
          3.4627454815950470e-03, 9.0694753354723483e-03,
          2.0730868548384843e-03, -2.5973574743715170e-04,
          -1.4781656951962116e-04, 2.6528975338570022e-02,
          4.2420721247051041e-02, -3.6708322838423894e-03,
          1.5225676808118387e-02, 1.5171829882493094e-02,
          2.6368832766946584e-02, 2.2675390605374695e-02,
          5.0897840792895454e-03, 3.0588001746513801e-03,
          -5.5697253305401736e-03, -3.6708322838423894e-03,
          1.5756544148256288e-01, 3.4848525009809231e-03,
          7.7785953494374470e-03, 6.9552587557745018e-03,
          1.6943012180006156e-02, 8.3988158932315655e-03,
          -3.2417913440871681e-04, 8.6796488863649622e-03,
          1.5225676808118390e-02, 3.4848525009809239e-03,
          1.6648467152240859e-02, 6.6896475935194289e-03,
          1.1288450328111970e-02, 8.5985854733448674e-03,
          2.8527205896672026e-03, -7.1146969472098598e-04,
          3.4627454815950470e-03, 1.5171829882493094e-02,
          7.7785953494374444e-03, 6.6896475935194289e-03,
          5.1550755816149103e-02, 1.0193686911106493e-02,
          1.2526450855995819e-02, 2.0969354406346293e-03,
          2.0655053416326762e-03, 9.0694753354723448e-03,
          2.6368832766946584e-02, 6.9552587557745018e-03,
          1.1288450328111972e-02, 1.0193686911106491e-02,
          7.5906560938946405e-02, 2.5406560265500464e-02,
          4.6395417194098612e-03, 2.7634887113357738e-03,
          2.0730868548384843e-03, 2.2675390605374695e-02,
          1.6943012180006160e-02, 8.5985854733448674e-03,
          1.2526450855995819e-02, 2.5406560265500464e-02,
          1.0750546579035151e-01, 2.8849863548644477e-03,
          4.7760923399675819e-03, -2.5973574743715127e-04,
          5.0897840792895445e-03, 8.3988158932315655e-03,
          2.8527205896672026e-03, 2.0969354406346311e-03,
          4.6395417194098612e-03, 2.8849863548644464e-03,
          6.4948600313458463e-02, 5.2766426075354241e-04,
          -1.4781656951962116e-04, 3.0588001746513793e-03,
          -3.2417913440871703e-04, -7.1146969472098576e-04,
          2.0655053416326770e-03, 2.7634887113357730e-03,
          4.7760923399675801e-03, 5.2766426075354252e-04,
          4.9474866741126876e-03 ]
   - !!opencv-matrix
      rows: 9
      cols: 9
      dt: d
      data: [ 4.6257804890607424e-01, 3.7655520945350773e-01,
          7.9099155282934111e-02, 8.1884494230040822e-02,
          8.3458238968500867e-02, 9.5642535104094192e-02,
          -6.0825564524343054e-02, 6.1224994820014110e-02,
          1.7085949924969802e-02, 3.7655520945350779e-01,
          1.1111799776470093e+00, 3.2815732077216872e-02,
          2.4034577255710363e-01, 2.4000057850848838e-01,
          2.1345258291584290e-01, -5.3027008110780021e-03,
          8.7583476448782380e-02, 3.9299853870740212e-02,
          7.9099155282934125e-02, 3.2815732077216872e-02,
          9.4973774913965081e-02, 4.6267904014808368e-03,
          1.0853250192537276e-02, 2.5760730659764811e-02,
          -8.1304961656739741e-02, -1.4811424493036329e-02,
          -5.0779160266023618e-03, 8.1884494230040822e-02,
          2.4034577255710363e-01, 4.6267904014808368e-03,
          8.9600081310375085e-02, 6.2904839775443533e-02,
          6.9358253279812779e-02, 1.4303913831806229e-02,
          2.4936146047587811e-02, -4.0310335604752407e-03,
          8.3458238968500867e-02, 2.4000057850848838e-01,
          1.0853250192537280e-02, 6.2904839775443547e-02,
          2.2546745472037297e-01, 7.3391206956739757e-02,
          1.2921172819928333e-02, 6.4152184536765480e-02,
