%YAML:1.0
---
groups:
   - intact
   - CD19
intactGmmnames:
   - "intact.554.0"
   - "intact.554.1"
   - "intact.554.2"
   - "intact.554.3"
   - "intact.554.4"
intactLabels:
   - FSC-A
   - SSC-A
   - SY41
   - CD19
   - CD10
   - CD20
   - CD45
   - CD34
   - CD38
intactMu: !!opencv-matrix
   rows: 5
   cols: 9
   dt: d
   data: [ 1.8272522059341685e+00, 1.6078288542607226e+00,
       3.0157272310277135e+00, 1.5460325047444783e+00,
       1.2884219870836806e+00, 1.2294959645176489e+00,
       3.0909117948506974e+00, 1.4340736756297494e+00,
       2.4594715476049980e+00, 1.3086652313869229e+00,
       4.8140837232268430e-01, 2.9416509693599853e+00,
       1.2532842880298358e+00, 8.9268000312909646e-01,
       8.4953051046826678e-01, 3.6385997435238724e+00,
       1.2359388869225569e+00, 1.8553223001083097e+00,
       1.6907827412531431e+00, 5.2584369830836364e-01,
       3.1721155239757337e+00, 1.1435445489244529e+00,
       9.5839286067503848e-01, 8.4297143388068851e-01,
       1.1062110583185252e+00, 9.7432787680958555e-01,
       1.6378238867533104e+00, 2.2567983834733329e+00,
       3.6565164480478787e+00, 2.8589372129578847e+00,
       1.8965194853051004e+00, 2.4833286902998966e+00,
       1.2053744311472774e+00, 3.1346381988857273e+00,
       1.1788660554855235e+00, 1.7935236506937005e+00,
       2.3293586635612002e+00, 3.3890572506436083e+00,
       3.0207057147098140e+00, 1.8316114895718694e+00,
       1.0988319072511776e+00, 1.3381346110310224e+00,
       3.0380938967049289e+00, 1.1211026017354151e+00,
       2.4608988222274730e+00 ]
intactSigma:
   - !!opencv-matrix
      rows: 9
      cols: 9
      dt: d
      data: [ 4.2555931117315848e-01, 2.5309995889412801e-01,
          4.4564621503533595e-02, 5.8034398560903755e-02,
          4.0056112718191627e-03, 5.0592806550826271e-02,
          1.2025776239937133e-02, 7.2935285188716795e-02,
          9.7654050359698180e-02, 2.5309995889412801e-01,
          9.1346062692611107e-01, 6.4836970412865166e-02,
          1.8314430394496398e-01, 9.9881087567270571e-02,
          1.6897192604541836e-01, -1.7238483552194292e-01,
          1.3773163731642094e-01, 2.0889373299142430e-01,
          4.4564621503533602e-02, 6.4836970412865166e-02,
          6.9168736161756991e-02, 6.8051074539453686e-03,
          1.3017100997548244e-02, 1.0328933802260633e-02,
          -6.2797764861505581e-02, 4.7079635498908185e-03,
          -1.6003562754994250e-02, 5.8034398560903755e-02,
          1.8314430394496392e-01, 6.8051074539453686e-03,
          1.0098054947717171e-01, 2.5002935849932833e-02,
          1.0758683615117776e-01, 1.3815853240006769e-02,
          3.2594501098424107e-02, 2.1900458796236640e-02,
          4.0056112718191636e-03, 9.9881087567270585e-02,
          1.3017100997548239e-02, 2.5002935849932833e-02,
          2.5371171467402420e-01, 6.3044646020112116e-02,
          -7.3265188835027556e-02, -1.3160115710083908e-02,
          -7.9695069067044350e-02, 5.0592806550826284e-02,
          1.6897192604541836e-01, 1.0328933802260633e-02,
          1.0758683615117776e-01, 6.3044646020112102e-02,
          2.6520475811447569e-01, -2.7746908329877338e-02,
          2.8502352458043573e-02, -1.9561128039627472e-02,
          1.2025776239937129e-02, -1.7238483552194292e-01,
          -6.2797764861505581e-02, 1.3815853240006769e-02,
          -7.3265188835027570e-02, -2.7746908329877331e-02,
          5.7858589907748281e-01, 7.5592308579589262e-02,
          1.5933863865479478e-01, 7.2935285188716795e-02,
          1.3773163731642094e-01, 4.7079635498908185e-03,
          3.2594501098424107e-02, -1.3160115710083901e-02,
          2.8502352458043573e-02, 7.5592308579589276e-02,
          3.3823502179319825e-01, 1.9199260188833714e-01,
          9.7654050359698180e-02, 2.0889373299142436e-01,
          -1.6003562754994254e-02, 2.1900458796236640e-02,
          -7.9695069067044350e-02, -1.9561128039627472e-02,
          1.5933863865479481e-01, 1.9199260188833714e-01,
          5.1087026093248800e-01 ]
   - !!opencv-matrix
      rows: 9
      cols: 9
      dt: d
      data: [ 1.0300033513690889e-01, 1.7787420122134252e-02,
          -2.3546244612284575e-02, 7.9694869660491500e-03,
          -2.1229231396384472e-04, 6.6925469270573612e-03,
          8.5440055318602073e-03, 4.9585129835695851e-03,
          2.2421992463661890e-03, 1.7787420122134252e-02,
          3.3462805638493125e-02, -7.1923232763998288e-03,
          1.3117657699557538e-02, 2.1271144774614725e-03,
          1.1830748714329464e-02, 1.1604913300996757e-02,
          7.5755674192522684e-03, 7.5770357687288494e-04,
          -2.3546244612284575e-02, -7.1923232763998288e-03,
          1.3693431920815473e-02, -3.3407081322798160e-03,
          3.8504699892789602e-04, -1.7482556454259596e-03,
          -5.3244161970188632e-03, -2.1557916477826277e-03,
          -1.0998864098607309e-03, 7.9694869660491517e-03,
          1.3117657699557536e-02, -3.3407081322798160e-03,
          3.3009313335982782e-02, 8.2856091455188669e-04,
          5.6397173086781922e-03, 6.8695319200985320e-03,
          6.4279607633122579e-03, -1.2339601108700960e-03,
          -2.1229231396384407e-04, 2.1271144774614725e-03,
          3.8504699892789608e-04, 8.2856091455188680e-04,
          2.0332649394584110e-02, -1.7731420821611146e-03,
          -5.6988994763193792e-05, -4.0853225391949948e-03,
          -1.2031681933816721e-03, 6.6925469270573620e-03,
          1.1830748714329464e-02, -1.7482556454259605e-03,
          5.6397173086781905e-03, -1.7731420821611148e-03,
          4.4878264694702394e-02, 4.0075212390883195e-03,
          2.8570212119059090e-03, -2.7453325711654978e-03,
          8.5440055318602073e-03, 1.1604913300996757e-02,
          -5.3244161970188632e-03, 6.8695319200985320e-03,
          -5.6988994763193921e-05, 4.0075212390883195e-03,
          1.3164293243154946e-02, 5.7418335549210458e-03,
          2.0869941127089077e-03, 4.9585129835695825e-03,
          7.5755674192522684e-03, -2.1557916477826272e-03,
          6.4279607633122605e-03, -4.0853225391949948e-03,
          2.8570212119059094e-03, 5.7418335549210458e-03,
          1.8124827637191149e-01, 2.9706484789681718e-03,
          2.2421992463661881e-03, 7.5770357687288440e-04,
          -1.0998864098607309e-03, -1.2339601108700962e-03,
          -1.2031681933816717e-03, -2.7453325711654973e-03,
          2.0869941127089077e-03, 2.9706484789681731e-03,
          2.5602126278558474e-02 ]
   - !!opencv-matrix
      rows: 9
      cols: 9
      dt: d
      data: [ 4.0160593196057848e-01, 6.5343085072343099e-02,
          -6.8115500017369521e-03, 2.2187044772097743e-02,
          6.6319673583983621e-03, 2.3823593657580217e-02,
          8.0108518488085888e-03, 4.1300072487458588e-04,
          2.2234871237777396e-04, 6.5343085072343099e-02,
          6.5876022891925443e-02, 7.2380146366290404e-03,
          2.1974768751000715e-02, 1.2210613934807988e-02,
          2.7065245888794113e-02, 2.9975843723346357e-02,
          3.4850479837881618e-03, 1.9035044075849964e-03,
          -6.8115500017369521e-03, 7.2380146366290386e-03,
          7.0455452332305643e-02, 5.2274109867506292e-03,
          5.3599976394104716e-03, 1.3507585404056999e-03,
          1.9277497215538997e-02, 2.8877863071757942e-03,
          6.4842170320092256e-04, 2.2187044772097743e-02,
          2.1974768751000715e-02, 5.2274109867506292e-03,
          1.8099324905433683e-02, 5.2923833001581461e-03,
          1.1458652827903556e-02, 1.2288304177792168e-02,
          1.6690026838752767e-03, -7.0063135314113548e-05,
          6.6319673583983621e-03, 1.2210613934807987e-02,
          5.3599976394104734e-03, 5.2923833001581461e-03,
          2.6038207812694968e-02, 5.6203297866158812e-03,
          1.0407267547006589e-02, 4.9488265285403069e-04,
