%YAML:1.0
---
groups:
   - intact
   - CD19
intactGmmnames:
   - "intact.556.0"
   - "intact.556.1"
   - "intact.556.2"
   - "intact.556.3"
   - "intact.556.4"
intactLabels:
   - FSC-A
   - SSC-A
   - SY41
   - CD19
   - CD10
   - CD20
   - CD45
   - CD34
   - CD38
intactMu: !!opencv-matrix
   rows: 5
   cols: 9
   dt: d
   data: [ 2.1511818772283431e+00, 1.4144019192496373e+00,
       2.3870879564133101e+00, 1.4543412390777797e+00,
       1.1189051210304177e+00, 1.1181122849948939e+00,
       2.7536539713839145e+00, 1.4018578804673860e+00,
       2.3862337291224249e+00, 1.4065304308894475e+00,
       3.8032305155364066e-01, 2.6016573361969537e+00,
       1.0004209353045821e+00, 8.6367086796136316e-01,
       8.7896786758728862e-01, 3.2198045147688239e+00,
       1.0322289628074555e+00, 1.7336651593831542e+00,
       1.5104627423617849e+00, 5.2105199633517596e-01,
       2.4427755277669800e+00, 1.0385889175933791e+00,
       9.0134966582087506e-01, 9.5903581343312061e-01,
       1.0873293025418145e+00, 9.1815173352085855e-01,
       1.4545642627618334e+00, 3.3848788181282146e+00,
       3.3459226516127285e+00, 2.4132164327265690e+00,
       1.9295288778675048e+00, 1.0748776859518596e+00,
       1.2579106031458007e+00, 2.3507217543462704e+00,
       1.0532779690189016e+00, 2.1395648103304232e+00,
       2.7780115752386578e+00, 3.7220948706287160e+00,
       2.1639577447621461e+00, 1.9663477392999387e+00,
       2.7736359516975355e+00, 1.1259481820821715e+00,
       2.3797983779139900e+00, 1.0973258709297624e+00,
       1.7596648606644403e+00 ]
intactSigma:
   - !!opencv-matrix
      rows: 9
      cols: 9
      dt: d
      data: [ 5.4293856162439891e-01, 3.8834654753112158e-01,
          7.0232071428309728e-02, 1.2240942487140198e-01,
          3.8354543272345484e-02, 8.5269397389211646e-02,
          -6.0878029518198797e-02, 1.2894192687982414e-01,
          1.6027482881530619e-01, 3.8834654753112158e-01,
          7.1983014581022053e-01, 2.1037271618456303e-02,
          2.2422386996715701e-01, 1.1340189344183936e-01,
          1.3263662641046739e-01, -1.5453138619300413e-01,
          1.3738057451630528e-01, 1.7055908547552473e-01,
          7.0232071428309728e-02, 2.1037271618456303e-02,
          2.4040449110424927e-01, 7.7455302489303855e-03,
          4.0684238528299150e-03, 2.6890979466382726e-02,
          -4.2797188640059831e-02, 5.8789620432068312e-02,
          2.6537296068525836e-02, 1.2240942487140198e-01,
          2.2422386996715701e-01, 7.7455302489303855e-03,
          1.3931453978682287e-01, 3.2442731888648026e-02,
          6.6949666919701542e-02, -4.4179881283655797e-02,
          3.4921483671119809e-02, 3.4399368370190468e-02,
          3.8354543272345484e-02, 1.1340189344183935e-01,
          4.0684238528299159e-03, 3.2442731888648026e-02,
          2.0752028075648668e-01, 3.5720034626176900e-02,
          9.5359195056855144e-04, 4.8832152318996826e-02,
          -9.9230500754913572e-03, 8.5269397389211646e-02,
          1.3263662641046739e-01, 2.6890979466382723e-02,
          6.6949666919701528e-02, 3.5720034626176900e-02,
          1.3614282025228597e-01, -2.1451846276890903e-02,
          4.3783288971873474e-02, 3.2016202702716740e-02,
          -6.0878029518198797e-02, -1.5453138619300413e-01,
          -4.2797188640059845e-02, -4.4179881283655791e-02,
          9.5359195056855047e-04, -2.1451846276890903e-02,
          4.7764070088840355e-01, -2.6248027975220332e-02,
          5.0036102692397090e-02, 1.2894192687982414e-01,
          1.3738057451630525e-01, 5.8789620432068312e-02,
          3.4921483671119809e-02, 4.8832152318996826e-02,
          4.3783288971873474e-02, -2.6248027975220332e-02,
          4.2964776600822330e-01, 1.9213665650534198e-01,
          1.6027482881530616e-01, 1.7055908547552473e-01,
          2.6537296068525836e-02, 3.4399368370190468e-02,
          -9.9230500754913572e-03, 3.2016202702716740e-02,
          5.0036102692397090e-02, 1.9213665650534198e-01,
          5.1944343859968833e-01 ]
   - !!opencv-matrix
      rows: 9
      cols: 9
      dt: d
      data: [ 1.0611319065950719e-01, 1.5882766329652725e-02,
          -3.0361171596458767e-02, 1.1487617036555729e-02,
          1.0197151769377540e-03, 1.0835635122603174e-02,
          1.0694507107555505e-02, 1.3065672502671967e-03,
          -9.6977289591963535e-03, 1.5882766329652725e-02,
          1.4015762914760565e-02, -1.4842632542616377e-02,
          1.0420409939906764e-02, 1.4231218518607775e-03,
          8.6965964694271872e-03, 7.8702749319637822e-03,
          2.7761127329971901e-03, -6.4365782191916259e-03,
          -3.0361171596458767e-02, -1.4842632542616377e-02,
          4.5499990672153441e-02, -1.0607424783488913e-02,
          -3.7066876349024048e-04, -6.5651815735079432e-03,
          -1.2576755213237116e-02, -2.6263756077316391e-03,
          7.9253654822905237e-03, 1.1487617036555729e-02,
          1.0420409939906764e-02, -1.0607424783488913e-02,
          9.2465905825958414e-02, 1.9230369123613459e-03,
          7.9058555401950500e-03, 7.8582431512298784e-03,
          5.6365155837108435e-03, -9.5216600663506103e-03,
          1.0197151769377540e-03, 1.4231218518607773e-03,
          -3.7066876349024048e-04, 1.9230369123613468e-03,
          2.4523584239688392e-02, -2.5176202323955645e-03,
          -1.7597113645343866e-04, -2.6952051903845870e-03,
          -2.0856314234919760e-03, 1.0835635122603174e-02,
          8.6965964694271890e-03, -6.5651815735079415e-03,
          7.9058555401950500e-03, -2.5176202323955645e-03,
          5.8567221272909878e-02, 5.1747902153084996e-03,
          1.9947669550266617e-03, -9.7103879311456632e-03,
          1.0694507107555505e-02, 7.8702749319637822e-03,
          -1.2576755213237114e-02, 7.8582431512298784e-03,
          -1.7597113645343866e-04, 5.1747902153085005e-03,
          2.8345939848545741e-02, 4.9137773679956325e-03,
          1.3938121202661145e-03, 1.3065672502671970e-03,
          2.7761127329971888e-03, -2.6263756077316391e-03,
          5.6365155837108417e-03, -2.6952051903845870e-03,
          1.9947669550266613e-03, 4.9137773679956299e-03,
          1.4696003647005712e-01, 1.4093080930896644e-03,
          -9.6977289591963535e-03, -6.4365782191916267e-03,
          7.9253654822905237e-03, -9.5216600663506103e-03,
          -2.0856314234919760e-03, -9.7103879311456632e-03,
          1.3938121202661147e-03, 1.4093080930896648e-03,
          6.0013560399894764e-02 ]
   - !!opencv-matrix
      rows: 9
      cols: 9
      dt: d
      data: [ 5.1580876543136578e-01, 1.9295980057033656e-02,
          9.3052312847492751e-03, 2.0529870259434629e-02,
          1.0311902616037245e-02, 2.4323643823837601e-02,
          7.2606178290122239e-03, 5.7806913391136004e-04,
          -1.8917734942971408e-03, 1.9295980057033653e-02,
          4.6855429621275833e-02, -1.1476474098395823e-02,
          3.0419998803133588e-02, 4.9651375645621025e-03,
          2.1220855835861030e-02, 1.0136325676849934e-02,
          3.6359430859294710e-03, 1.6707595594349799e-03,
          9.3052312847492786e-03, -1.1476474098395823e-02,
          1.8686478802867595e-01, -1.0356841804018112e-03,
          3.5442005134140716e-03, -1.1528165202101071e-03,
          -5.2638444836727522e-03, 5.1285132606398486e-03,
          -9.0406295953147323e-04, 2.0529870259434629e-02,
          3.0419998803133588e-02, -1.0356841804018127e-03,
          6.4019975471382828e-02, 4.3739540601311303e-03,
          1.5840306344866727e-02, 6.6343115805054696e-03,
          4.1460248556990011e-03, -1.6008595853016004e-03,
          1.0311902616037245e-02, 4.9651375645621025e-03,
          3.5442005134140716e-03, 4.3739540601311303e-03,
          2.4692092746866724e-02, 7.7227131801539542e-04,
          -5.0207074898760173e-04, 9.0968784093549925e-04,
