%YAML:1.0
---
groups:
   - intact
   - CD19
intactGmmnames:
   - "intact.587.0"
   - "intact.587.1"
   - "intact.587.2"
   - "intact.587.3"
   - "intact.587.4"
intactLabels:
   - FSC-A
   - SSC-A
   - SY41
   - CD19
   - CD10
   - CD20
   - CD45
   - CD34
   - CD38
intactMu: !!opencv-matrix
   rows: 5
   cols: 9
   dt: d
   data: [ 2.8106693767848490e+00, 3.4336252245714594e+00,
       3.0414932930473788e+00, 1.6229505854954165e+00,
       2.8399487393966889e+00, 1.1997760890891371e+00,
       3.0319994317289898e+00, 1.1860339696566944e+00,
       1.6901298484496112e+00, 8.7904087277703791e-01,
       2.4376922786025831e-01, 3.4405615153234961e+00,
       1.0064925832544125e+00, 8.3990433364726558e-01,
       7.2000414960102332e-01, 3.3331423860600951e+00,
       1.0386964899357833e+00, 1.6790941587335215e+00,
       1.4516523075307255e+00, 5.5273726994795902e-01,
       2.9691537132286183e+00, 1.1316846979384541e+00,
       1.0718217961118210e+00, 9.1209590195270296e-01,
       1.5178311777358537e+00, 1.1626747620548390e+00,
       1.6725705430001470e+00, 2.4994994991320634e+00,
       1.9772197808993726e+00, 3.1928369514685064e+00,
       1.4056839508087069e+00, 1.4401977239840515e+00,
       1.3108387989325059e+00, 2.9166318707477479e+00,
       1.3022503534347909e+00, 1.9411530288964145e+00,
       1.5206470693363747e+00, 5.1825216069565150e-01,
       3.0577381790955980e+00, 1.0535626321839757e+00,
       8.6113569664063461e-01, 8.5463379980079623e-01,
       3.5030399863055406e+00, 1.0438915623713778e+00,
       1.9981928566070590e+00 ]
intactSigma:
   - !!opencv-matrix
      rows: 9
      cols: 9
      dt: d
      data: [ 2.8182798840627532e-01, 1.4189812691865103e-01,
          -1.5533585277692627e-02, 2.5790326515892619e-02,
          -1.6553495719051015e-02, 2.1012521540701542e-02,
          -6.8980881723438589e-03, 8.6285342198826678e-03,
          3.5038646653111566e-03, 1.4189812691865103e-01,
          3.5000293990836456e-01, -1.9928591547871098e-03,
          5.9240612348881200e-02, 1.8317680229865685e-02,
          3.5527148437511730e-02, 8.4278469422096793e-03,
          9.1973995485701791e-03, 4.0278629439258621e-03,
          -1.5533585277692627e-02, -1.9928591547871089e-03,
          5.6472144462115459e-02, -8.6975422001667711e-04,
          2.4574489946181744e-03, -5.4379896820421951e-03,
          -1.8852260491662941e-03, 5.0277208111293125e-05,
          -5.4353082650818608e-04, 2.5790326515892619e-02,
          5.9240612348881207e-02, -8.6975422001667765e-04,
          2.4160987523950347e-02, 3.5356126081989292e-03,
          7.4268618651023108e-03, 1.3888462714457758e-03,
          2.3163255346133154e-04, -1.1131132003379559e-03,
          -1.6553495719051015e-02, 1.8317680229865681e-02,
          2.4574489946181748e-03, 3.5356126081989275e-03,
          1.0103083745271699e-01, 6.2136696910399386e-03,
          1.8287586533885330e-02, -1.0298996124398882e-03,
          -1.9905611974575773e-03, 2.1012521540701549e-02,
          3.5527148437511730e-02, -5.4379896820421943e-03,
          7.4268618651023108e-03, 6.2136696910399369e-03,
          3.9784536120894394e-02, 4.3350102271393865e-03,
          1.9658512623246865e-03, 8.0219059050385674e-05,
          -6.8980881723438581e-03, 8.4278469422096793e-03,
          -1.8852260491662937e-03, 1.3888462714457754e-03,
          1.8287586533885330e-02, 4.3350102271393865e-03,
          1.7629358455014330e-02, -3.1449954248568899e-03,
          -1.4507785178527071e-03, 8.6285342198826696e-03,
          9.1973995485701773e-03, 5.0277208111293159e-05,
          2.3163255346133138e-04, -1.0298996124398887e-03,
          1.9658512623246861e-03, -3.1449954248568891e-03,
          8.6715324011182870e-02, 1.2238737921032518e-03,
          3.5038646653111566e-03, 4.0278629439258621e-03,
          -5.4353082650818586e-04, -1.1131132003379561e-03,
          -1.9905611974575768e-03, 8.0219059050385674e-05,
          -1.4507785178527069e-03, 1.2238737921032518e-03,
          4.1412898442550056e-03 ]
   - !!opencv-matrix
      rows: 9
      cols: 9
      dt: d
      data: [ 6.4486209862504348e-02, 3.7834914544361575e-03,
          -2.8196734267855697e-02, -1.5185667173500588e-03,
          1.4595063211456514e-04, 1.0056602497721384e-02,
          7.5066536780775605e-03, -1.3958862303000269e-03,
          -1.7887214551968683e-03, 3.7834914544361575e-03,
          6.2822863512886256e-03, -1.5351739101241520e-03,
          1.3646972113159942e-03, 2.8230863422020361e-03,
          5.1914450234107458e-03, 2.9831401612736386e-03,
          4.8643825687444533e-04, -9.2067887589061684e-04,
          -2.8196734267855704e-02, -1.5351739101241520e-03,
          2.2712471735939571e-02, 1.0121614240170586e-03,
          6.6745136658550338e-04, -5.9048593428289876e-03,
          -3.2944714415469706e-03, 8.5517285996018582e-04,
          5.9261664576622187e-04, -1.5185667173500583e-03,
          1.3646972113159940e-03, 1.0121614240170581e-03,
          1.5326828304564563e-02, 1.2507272375376236e-03,
          1.3007990238855930e-03, -5.3764682764318285e-04,
          -1.4318061074871176e-03, -1.0957000722509637e-03,
          1.4595063211456539e-04, 2.8230863422020361e-03,
          6.6745136658550360e-04, 1.2507272375376236e-03,
          4.2448363019101848e-02, -1.8420493732690425e-03,
          8.7582184392806300e-04, -2.6917923805952967e-03,
          -8.3177008451828887e-04, 1.0056602497721383e-02,
          5.1914450234107458e-03, -5.9048593428289876e-03,
          1.3007990238855932e-03, -1.8420493732690423e-03,
          3.6874229356710725e-02, 3.8261759801081195e-03,
          4.4693882847907801e-04, -1.3811337788351328e-03,
          7.5066536780775605e-03, 2.9831401612736390e-03,
          -3.2944714415469706e-03, -5.3764682764318263e-04,
          8.7582184392806333e-04, 3.8261759801081195e-03,
          8.3196694373323509e-03, -2.2166831610789749e-03,
          -1.4166552034581268e-03, -1.3958862303000269e-03,
          4.8643825687444517e-04, 8.5517285996018571e-04,
          -1.4318061074871165e-03, -2.6917923805952967e-03,
          4.4693882847907774e-04, -2.2166831610789749e-03,
          1.0327509607237587e-01, 9.3142575133302818e-04,
          -1.7887214551968688e-03, -9.2067887589061673e-04,
          5.9261664576622187e-04, -1.0957000722509637e-03,
          -8.3177008451828887e-04, -1.3811337788351328e-03,
          -1.4166552034581268e-03, 9.3142575133302807e-04,
          5.6063979967138564e-03 ]
   - !!opencv-matrix
      rows: 9
      cols: 9
      dt: d
      data: [ 4.4358231511921270e-01, 1.6503809708355191e-01,
          -1.8326476446994006e-01, 3.7055035417331357e-02,
          2.0417867774812287e-02, 7.5503433812377549e-02,
          1.8625974580838262e-01, 4.3182037498638026e-02,
          1.9489960032445314e-02, 1.6503809708355191e-01,
          1.2669485546326620e-01, -9.8379139885242051e-02,
          2.5768533116536881e-02, 2.8988995953817851e-02,
          4.8403570168061974e-02, 1.4234999122221145e-01,
          2.8026256422531436e-02, 1.4647707986944132e-02,
          -1.8326476446994006e-01, -9.8379139885242051e-02,
          4.5406757905934891e-01, -1.1256863397979693e-02,
          4.5516450726862674e-02, -4.7277389972901103e-02,
          -1.6295098644368317e-01, -4.1269161730944477e-02,
          -1.3201698022434051e-02, 3.7055035417331357e-02,
          2.5768533116536881e-02, -1.1256863397979693e-02,
          1.5442676307009417e-02, 9.4698556886319840e-03,
          1.4097416560905563e-02, 2.7276051522125380e-02,
          5.7306886099678413e-03, 2.1216933883820318e-03,
          2.0417867774812293e-02, 2.8988995953817855e-02,
          4.5516450726862688e-02, 9.4698556886319840e-03,
          1.1984834452189465e-01, 1.8190279314865006e-02,
          3.3013217921985624e-02, -1.7095446755291291e-04,
