%YAML:1.0
---
groups:
   - intact
   - CD19
intactGmmnames:
   - "intact.601.0"
   - "intact.601.1"
   - "intact.601.2"
   - "intact.601.3"
   - "intact.601.4"
intactLabels:
   - FSC-A
   - SSC-A
   - SY41
   - CD19
   - CD10
   - CD20
   - CD45
   - CD34
   - CD38
intactMu: !!opencv-matrix
   rows: 5
   cols: 9
   dt: d
   data: [ 1.7165834302060690e+00, 4.5362470900891011e-01,
       3.1236923379014563e+00, 1.0679450176843515e+00,
       9.1293989811562692e-01, 8.8232989082045854e-01,
       3.4235479463939913e+00, 1.0581974909046410e+00,
       1.8004178368596855e+00, 1.2100874955428438e+00,
       2.5270929104728207e-01, 3.4159488526815083e+00,
       1.0364915520105140e+00, 8.7917801035342247e-01,
       8.1512760584775834e-01, 3.2662849087937245e+00,
       1.0373286378348501e+00, 1.4853925124042102e+00,
       2.3765305794971479e+00, 2.6239807710232941e+00,
       2.9693086216275675e+00, 1.5195777606640701e+00,
       2.5265438126787223e+00, 1.2243912464654838e+00,
       2.8365496400371897e+00, 1.2482793927512723e+00,
       1.3534638412940909e+00, 2.2712354264800814e+00,
       1.5277667831861217e+00, 3.1774981704698777e+00,
       1.3807984245532370e+00, 1.4145219454045044e+00,
       1.3128740092788578e+00, 2.8285544558091260e+00,
       1.4293259950764972e+00, 1.7757304601959176e+00,
       1.3066279193862067e+00, 4.3133399116652910e-01,
       3.0155746176140430e+00, 1.1025591050108496e+00,
       1.0032271170322586e+00, 8.4370178522122907e-01,
       1.3112841063545384e+00, 1.2338449950170107e+00,
       1.3232014570142661e+00 ]
intactSigma:
   - !!opencv-matrix
      rows: 9
      cols: 9
      dt: d
      data: [ 3.9676941813533928e-01, 1.3340459845801568e-02,
          -9.5318765883996098e-02, -2.9332232254183012e-03,
          4.7545652450668605e-04, 1.6025428770081816e-02,
          2.6290246852804074e-02, -5.5996732908517614e-03,
          -1.0454629510940307e-02, 1.3340459845801570e-02,
          2.3675404165553693e-02, -2.7443944547132647e-03,
          4.5186521343878010e-03, 9.6488255885332531e-03,
          9.8836676066686984e-03, 7.7266433685679080e-03,
          4.1330105213150618e-03, 3.9585093115152648e-03,
          -9.5318765883996098e-02, -2.7443944547132647e-03,
          1.1111599211438497e-01, 2.9704885485849794e-03,
          4.5757176306563795e-03, -6.9425989487400339e-03,
          -1.0375155581217080e-02, 5.8746732635698790e-03,
          9.2961246584094340e-03, -2.9332232254183021e-03,
          4.5186521343878027e-03, 2.9704885485849798e-03,
          2.1133723163576843e-02, 3.7139696194212150e-03,
          2.7061322441479341e-03, -1.0827934768567822e-03,
          -1.2054878834698492e-03, -3.7989177321858920e-03,
          4.7545652450668539e-04, 9.6488255885332531e-03,
          4.5757176306563813e-03, 3.7139696194212158e-03,
          4.8956104954126632e-02, 2.7451905297345672e-03,
          1.3955308918143874e-03, -5.0651724281732707e-05,
          -3.6569475870524468e-03, 1.6025428770081819e-02,
          9.8836676066686984e-03, -6.9425989487400339e-03,
          2.7061322441479362e-03, 2.7451905297345663e-03,
          4.5681873569745186e-02, 3.1346548247897831e-03,
          1.5917357228711067e-03, -5.3225322825280015e-03,
          2.6290246852804074e-02, 7.7266433685679063e-03,
          -1.0375155581217080e-02, -1.0827934768567822e-03,
          1.3955308918143870e-03, 3.1346548247897831e-03,
          2.2961747950230076e-02, -5.0398812091147511e-03,
          3.4710246614942770e-03, -5.5996732908517631e-03,
          4.1330105213150600e-03, 5.8746732635698738e-03,
          -1.2054878834698484e-03, -5.0651724281732510e-05,
          1.5917357228711067e-03, -5.0398812091147537e-03,
          1.5350773172658297e-01, 9.3808863706592444e-03,
          -1.0454629510940302e-02, 3.9585093115152622e-03,
          9.2961246584094340e-03, -3.7989177321858902e-03,
          -3.6569475870524468e-03, -5.3225322825280015e-03,
          3.4710246614942783e-03, 9.3808863706592478e-03,
          2.9422906486263950e-01 ]
   - !!opencv-matrix
      rows: 9
      cols: 9
      dt: d
      data: [ 2.4260147666052478e-01, 4.6282065118836650e-03,
          -7.6762895605647224e-02, -2.2714395751378754e-03,
          -1.2804671246798512e-04, 3.0427108717438617e-02,
          1.4643637241178184e-02, -3.0023270811703005e-03,
          -1.3704568694354399e-02, 4.6282065118836641e-03,
          7.1043092617147962e-03, -7.9244189154033381e-04,
          1.9390067035667769e-03, 5.4624119694520572e-03,
          6.7940820088886536e-03, 1.9515391987372519e-03,
          1.1765976120362944e-03, -3.3960657412565247e-03,
          -7.6762895605647224e-02, -7.9244189154033359e-04,
          4.1216341758019109e-02, 1.8903182513733373e-03,
          6.7902043698630035e-04, -1.2403213512260926e-02,
          -4.7905952169348164e-03, 1.7549646501416271e-03,
          3.5819059457335893e-03, -2.2714395751378749e-03,
          1.9390067035667767e-03, 1.8903182513733373e-03,
          1.4522889023312599e-02, 2.1937362165854370e-03,
          1.6246983240105367e-03, -6.8135438448420425e-04,
          -1.6008337258674723e-03, -3.6715065841654384e-03,
          -1.2804671246798499e-04, 5.4624119694520598e-03,
          6.7902043698630143e-04, 2.1937362165854366e-03,
          4.1331520122221570e-02, 1.7529995308599469e-04,
          5.9422020530038315e-04, -1.3757959618644520e-03,
          -2.4542510006225209e-03, 3.0427108717438624e-02,
          6.7940820088886527e-03, -1.2403213512260930e-02,
          1.6246983240105367e-03, 1.7529995308599485e-04,
          5.0274658947863461e-02, 3.9296690245158505e-03,
          2.2813300571789785e-04, -8.2527213121697685e-03,
          1.4643637241178184e-02, 1.9515391987372519e-03,
          -4.7905952169348138e-03, -6.8135438448420371e-04,
          5.9422020530038337e-04, 3.9296690245158505e-03,
          7.1396834387056907e-03, -2.1904603366855670e-03,
          -3.2329532016414034e-03, -3.0023270811703026e-03,
          1.1765976120362942e-03, 1.7549646501416271e-03,
          -1.6008337258674728e-03, -1.3757959618644509e-03,
          2.2813300571789750e-04, -2.1904603366855666e-03,
          1.0632968954612587e-01, 2.1374110202087133e-03,
          -1.3704568694354401e-02, -3.3960657412565247e-03,
          3.5819059457335885e-03, -3.6715065841654384e-03,
          -2.4542510006225213e-03, -8.2527213121697685e-03,
          -3.2329532016414030e-03, 2.1374110202087133e-03,
          5.3619644747561236e-02 ]
   - !!opencv-matrix
      rows: 9
      cols: 9
      dt: d
      data: [ 5.4665174065360367e-01, 2.5415547876887307e-01,
          1.0350660911574400e-02, 4.4827316201997640e-02,
          3.1940228942758497e-02, 5.1385535441900165e-02,
          7.1412839788093374e-02, 2.1154848451614069e-02,
          1.3946086644651426e-02, 2.5415547876887301e-01,
          5.2862070575586051e-01, 2.8904119094934299e-02,
          8.9559075082742703e-02, 3.2625187321564698e-02,
          2.7025803040599060e-02, 6.7316285526271280e-02,
          3.8933197103935793e-02, 2.2316309942442897e-02,
          1.0350660911574397e-02, 2.8904119094934299e-02,
          9.7222765739725200e-02, 6.4926414435604769e-03,
          2.5689091333411764e-02, 8.1253485380515366e-03,
          4.0923613966570654e-02, 9.0777051418616493e-03,
          4.5326293564532348e-03, 4.4827316201997647e-02,
          8.9559075082742703e-02, 6.4926414435604804e-03,
          3.0796676867341211e-02, 7.8225786673444958e-03,
          8.8922754780275184e-03, 1.4490529916409846e-02,
          5.5973811197337336e-03, -2.0716990170491904e-03,
          3.1940228942758497e-02, 3.2625187321564698e-02,
          2.5689091333411761e-02, 7.8225786673444993e-03,
          1.1708102663573701e-01, 1.8596888224483878e-02,
          6.7991070899391368e-02, 7.2568425839608435e-03,
