%YAML:1.0
---
groups:
   - intact
   - CD19
   - blast
intactGmmnames:
   - "intact.604.0"
   - "intact.604.1"
   - "intact.604.2"
   - "intact.604.3"
   - "intact.604.4"
intactLabels:
   - FSC-A
   - SSC-A
   - SY41
   - CD19
   - CD10
   - CD20
   - CD45
   - CD34
   - CD38
intactMu: !!opencv-matrix
   rows: 5
   cols: 9
   dt: d
   data: [ 1.8912122302822918e+00, 2.0895185117405339e+00,
       3.2931097655666646e+00, 1.4180193888851611e+00,
       1.6283855903378290e+00, 1.0368699321997170e+00,
       2.5772690886691447e+00, 1.1762612486163786e+00,
       1.8841633028374907e+00, 8.7800240733355617e-01,
       3.4822138980774403e-01, 3.3376780457913720e+00,
       1.0330359458495466e+00, 8.3554122821694954e-01,
       7.4730648604066952e-01, 3.4051628421574502e+00,
       9.7858343568366968e-01, 1.7066801294376521e+00,
       2.3326516942535354e+00, 2.9117684851851653e+00,
       3.0701038806011485e+00, 1.5407858783599595e+00,
       2.5158510798817195e+00, 1.0010114497192635e+00,
       2.6270743518093731e+00, 1.0643836820524657e+00,
       1.5400582873234050e+00, 2.4908553234227089e+00,
       1.8843328577225169e+00, 3.3535417435514523e+00,
       1.3557902860907654e+00, 1.0501055308768716e+00,
       9.3994614160878553e-01, 2.6327784896523254e+00,
       1.0836954526978948e+00, 2.2544277303834370e+00,
       2.7583573199886979e+00, 3.9187912330010288e+00,
       2.7512581610491456e+00, 1.8803235678604224e+00,
       1.7494338505667093e+00, 1.8384873949877087e+00,
       3.3635060460070059e+00, 1.1058668927587194e+00,
       1.2285961315565341e+00 ]
intactSigma:
   - !!opencv-matrix
      rows: 9
      cols: 9
      dt: d
      data: [ 8.7731871868013711e-01, 8.2369638933512568e-01,
          3.7062592374919580e-02, 1.7079331434201631e-01,
          1.5688426489382262e-01, 1.1539787715345474e-01,
          2.6111748178649835e-01, -2.1685876916134475e-03,
          8.7344945077144853e-02, 8.2369638933512568e-01,
          1.4018101995339876e+00, -7.9648962848497644e-03,
          2.8947652659865775e-01, 3.2265570309296049e-01,
          1.8723103152122925e-01, 2.7829555423697605e-01,
          -9.6090794336761640e-03, -2.6185128577597876e-03,
          3.7062592374919566e-02, -7.9648962848497679e-03,
          2.8095716947530247e-01, -2.1272888835211696e-03,
          2.4641430709732480e-02, -6.7915630663421211e-02,
          6.0671156261669192e-03, 1.2655346507071525e-03,
          5.9540798631201944e-02, 1.7079331434201631e-01,
          2.8947652659865775e-01, -2.1272888835211713e-03,
          9.0604228319025357e-02, 8.8008977233990815e-02,
          5.5124464894809759e-02, 6.8544602109068112e-02,
          1.1047422662431279e-02, -6.8572068010466607e-03,
          1.5688426489382262e-01, 3.2265570309296049e-01,
          2.4641430709732487e-02, 8.8008977233990815e-02,
          3.6352777189828511e-01, 3.0739767067210065e-02,
          7.0645023498230070e-02, 2.7698955358216350e-02,
          -7.3546867680292907e-02, 1.1539787715345470e-01,
          1.8723103152122925e-01, -6.7915630663421211e-02,
          5.5124464894809759e-02, 3.0739767067210055e-02,
          1.3925518899751191e-01, 9.4769522813097862e-02,
          1.5433449398652394e-02, 1.3983132215646550e-02,
          2.6111748178649830e-01, 2.7829555423697605e-01,
          6.0671156261669244e-03, 6.8544602109068112e-02,
          7.0645023498230056e-02, 9.4769522813097862e-02,
          5.9061778013350974e-01, 3.5210556935639570e-02,
          2.2419535489879142e-01, -2.1685876916134475e-03,
          -9.6090794336761657e-03, 1.2655346507071531e-03,
          1.1047422662431279e-02, 2.7698955358216350e-02,
          1.5433449398652399e-02, 3.5210556935639563e-02,
          1.5470250929069151e-01, 5.7321823756659958e-02,
          8.7344945077144881e-02, -2.6185128577597898e-03,
          5.9540798631201944e-02, -6.8572068010466607e-03,
          -7.3546867680292893e-02, 1.3983132215646543e-02,
          2.2419535489879142e-01, 5.7321823756659972e-02,
          4.3479953854840075e-01 ]
   - !!opencv-matrix
      rows: 9
      cols: 9
      dt: d
      data: [ 3.8322031880128525e-02, 1.4018028781711683e-02,
          -5.1133775914036381e-02, 3.4218885962437103e-03,
          4.4156278026951769e-03, 1.3865196709657218e-02,
          3.0652282132540747e-03, 9.2561492785168389e-04,
          4.1191937424987233e-03, 1.4018028781711683e-02,
          1.3731342562356431e-02, -3.1208362255598646e-02,
          3.2468601463880469e-03, 3.5743594320130491e-03,
          1.0631214406932432e-02, 4.0381396699555186e-03,
          6.5008774002276576e-04, 7.1817876974749808e-03,
          -5.1133775914036381e-02, -3.1208362255598646e-02,
          1.4360497374685896e-01, -8.1543127976221302e-03,
          -9.7392468803667882e-03, -3.7942648892696627e-02,
          -1.6131771515948971e-02, -1.0648527579494760e-04,
          -1.0684521925136446e-02, 3.4218885962437103e-03,
          3.2468601463880469e-03, -8.1543127976221302e-03,
          1.9969055087453912e-02, 1.3423903509836525e-03,
          2.9821619048646737e-03, 1.3398180876566339e-03,
          -2.7432861409218356e-03, -2.8746857916685932e-03,
          4.4156278026951752e-03, 3.5743594320130491e-03,
          -9.7392468803667882e-03, 1.3423903509836527e-03,
          2.5350731205372585e-02, 1.9836104144097004e-03,
          6.0589108547338293e-04, -3.3555706950253420e-03,
          -3.4640964771883646e-03, 1.3865196709657216e-02,
          1.0631214406932432e-02, -3.7942648892696627e-02,
          2.9821619048646737e-03, 1.9836104144097004e-03,
          3.6610173579764489e-02, 8.6411140561467609e-03,
          -4.3301252003679220e-04, -9.7685502910950534e-03,
          3.0652282132540747e-03, 4.0381396699555204e-03,
          -1.6131771515948967e-02, 1.3398180876566339e-03,
          6.0589108547338326e-04, 8.6411140561467609e-03,
          1.9033306391799207e-02, -4.8521426571376163e-03,
          -1.0319425713543077e-02, 9.2561492785168443e-04,
          6.5008774002276620e-04, -1.0648527579494785e-04,
          -2.7432861409218347e-03, -3.3555706950253433e-03,
          -4.3301252003679296e-04, -4.8521426571376163e-03,
          1.2726627854100739e-01, 1.0506184940178191e-02,
          4.1191937424987241e-03, 7.1817876974749817e-03,
          -1.0684521925136444e-02, -2.8746857916685932e-03,
          -3.4640964771883646e-03, -9.7685502910950517e-03,
          -1.0319425713543075e-02, 1.0506184940178187e-02,
          2.2138728802161448e-01 ]
   - !!opencv-matrix
      rows: 9
      cols: 9
      dt: d
      data: [ 1.8855943336134826e-01, 1.0937786726953201e-01,
          -5.8829602888738168e-03, 2.1084938183353556e-02,
          -6.4722980284147760e-02, 1.9050546748646060e-02,
          -1.9358552688224877e-02, 3.0825879573665141e-03,
          3.2199023366058864e-02, 1.0937786726953201e-01,
          3.1491171214323671e-01, -7.8397399426228337e-02,
          6.0816448361088377e-02, 1.0954478744241774e-02,
          4.3654995101004769e-02, 1.5916077828001786e-02,
          5.0121217387750928e-03, 3.2226938641177365e-02,
          -5.8829602888738142e-03, -7.8397399426228337e-02,
          1.1669340859311687e-01, -1.6190215690373558e-02,
          -1.5010994923048233e-02, -2.3331568137165502e-02,
          -1.5289421973011384e-02, -5.8466838107436325e-04,
          -4.5883093413662838e-03, 2.1084938183353552e-02,
          6.0816448361088377e-02, -1.6190215690373558e-02,
          2.4552695725347448e-02, 3.6041279217103308e-03,
          9.0326361359832873e-03, 3.3767754395724963e-03,
          2.7703667472597456e-04, 1.6341844023544108e-03,
          -6.4722980284147760e-02, 1.0954478744241776e-02,
          -1.5010994923048233e-02, 3.6041279217103300e-03,
          1.4574828103958662e-01, 3.9200670693022525e-03,
