%YAML:1.0
---
groups:
   - intact
   - CD19
   - blast
intactGmmnames:
   - "intact.618.0"
   - "intact.618.1"
   - "intact.618.2"
   - "intact.618.3"
   - "intact.618.4"
intactLabels:
   - FSC-A
   - SSC-A
   - SY41
   - CD19
   - CD10
   - CD20
   - CD45
   - CD34
   - CD38
intactMu: !!opencv-matrix
   rows: 5
   cols: 9
   dt: d
   data: [ 1.3001296585472621e+00, 2.1641846931439487e-01,
       3.5953728289476916e+00, 9.5882458836200946e-01,
       7.6652076844063755e-01, 6.4603191812695449e-01,
       3.2957814073034069e+00, 1.0306169276771027e+00,
       1.5573368701974974e+00, 2.4575078334043803e+00,
       1.0780355960386039e+00, 3.5637717748856232e+00,
       1.1841487175507253e+00, 1.2234559780667806e+00,
       1.0085357596922304e+00, 3.1487043634808738e+00,
       1.4323300273806931e+00, 2.2462349477048607e+00,
       1.2507234627693198e+00, 3.3726666944879186e-01,
       3.7105662892149591e+00, 1.0412229392865864e+00,
       1.2410739516879801e+00, 6.5813856819598548e-01,
       1.2406576359541179e+00, 1.0877147930054996e+00,
       1.3364767625997820e+00, 1.8317680870731416e+00,
       4.2608366740309989e-01, 3.3215278576811702e+00,
       9.8819954065583515e-01, 8.0991254126804701e-01,
       7.7954713577689705e-01, 3.4507339891310727e+00,
       1.0336309542861501e+00, 1.7481246549028362e+00,
       1.5294828270325198e+00, 2.7184414348530306e-01,
       3.3671662359868382e+00, 9.6281827217053739e-01,
       7.8292491333276226e-01, 7.4022221263861820e-01,
       3.3343343426013941e+00, 1.0208937206391473e+00,
       1.5047366562621822e+00 ]
intactSigma:
   - !!opencv-matrix
      rows: 9
      cols: 9
      dt: d
      data: [ 7.0018464169557967e-02, 3.9969196371826936e-03,
          -2.0545191513961961e-02, 2.3766027190546345e-04,
          1.0028532437233587e-03, 1.4397337824039517e-02,
          8.6361778644050875e-03, -2.6195416142843074e-04,
          1.3399157954759387e-03, 3.9969196371826936e-03,
          3.8399317592287506e-03, -9.8667962524555332e-04,
          7.1027087522183916e-04, 1.5575975972980938e-03,
          3.2939786107712425e-03, 1.3304848169540804e-03,
          3.2481209531728429e-04, -2.3976645452703292e-03,
          -2.0545191513961961e-02, -9.8667962524555310e-04,
          1.2098512761462340e-02, 9.6693098011565288e-04,
          -3.8182576075579074e-04, -6.6122169509264667e-03,
          -3.4464747793397734e-03, 6.1810225591529973e-04,
          -3.8374837115158912e-04, 2.3766027190546331e-04,
          7.1027087522183906e-04, 9.6693098011565309e-04,
          1.2868827545746310e-02, 7.6962513998264019e-04,
          4.6567394010324221e-04, -7.7011146807011010e-04,
          -1.7546632441759258e-03, -2.0559318392480075e-03,
          1.0028532437233589e-03, 1.5575975972980938e-03,
          -3.8182576075579064e-04, 7.6962513998263997e-04,
          3.7559759647917926e-02, -1.7393304113048674e-03,
          3.5248279039157081e-04, -3.3207359377795433e-03,
          -2.5303137569117778e-03, 1.4397337824039517e-02,
          3.2939786107712425e-03, -6.6122169509264667e-03,
          4.6567394010324243e-04, -1.7393304113048670e-03,
          3.1795008122481143e-02, 2.8959912970039471e-03,
          -6.5700399680350614e-04, -6.2049432235817678e-03,
          8.6361778644050875e-03, 1.3304848169540806e-03,
          -3.4464747793397734e-03, -7.7011146807010999e-04,
          3.5248279039157081e-04, 2.8959912970039476e-03,
          5.5495211815604116e-03, -2.0163153570214496e-03,
          -2.1642696130267690e-03, -2.6195416142843096e-04,
          3.2481209531728435e-04, 6.1810225591529973e-04,
          -1.7546632441759265e-03, -3.3207359377795437e-03,
          -6.5700399680350624e-04, -2.0163153570214496e-03,
          8.9011111681277982e-02, 2.8931999387865840e-03,
          1.3399157954759378e-03, -2.3976645452703292e-03,
          -3.8374837115158890e-04, -2.0559318392480075e-03,
          -2.5303137569117769e-03, -6.2049432235817678e-03,
          -2.1642696130267686e-03, 2.8931999387865831e-03,
          7.0764106597761625e-02 ]
   - !!opencv-matrix
      rows: 9
      cols: 9
      dt: d
      data: [ 7.1007860454287119e-01, 1.7987952497863074e-01,
          2.0437366983752620e-02, 1.3130476726031102e-02,
          -1.2367542318513156e-01, 1.4479032297954490e-02,
          4.5012293436771295e-02, 9.6151215321322578e-02,
          2.1920743593113212e-01, 1.7987952497863074e-01,
          4.4764345351145729e-01, 1.4617742588673519e-03,
          1.2125928789829642e-01, 1.0521085445099613e-02,
          1.2847436446919941e-01, -8.6754295043131285e-02,
          4.6033951464265241e-02, 1.2836825646293767e-01,
          2.0437366983752620e-02, 1.4617742588673519e-03,
          1.3899865341159387e-01, -1.4523337878851642e-02,
          -3.3757603003479748e-02, -3.7026661222630125e-02,
          -8.3458087576057174e-03, 2.1099587368721209e-02,
          1.0705073971045384e-01, 1.3130476726031107e-02,
          1.2125928789829643e-01, -1.4523337878851642e-02,
          1.0866139597412132e-01, 2.9432477753565934e-02,
          9.1652487822486084e-02, -2.0920300360746741e-02,
          -1.4006808297651094e-02, 1.8859151785876396e-02,
          -1.2367542318513156e-01, 1.0521085445099609e-02,
          -3.3757603003479755e-02, 2.9432477753565934e-02,
          2.7431059603663044e-01, 7.1832468621898418e-02,
          -2.8822918706262451e-02, -1.9254288674180338e-02,
          -4.7060437437353018e-02, 1.4479032297954490e-02,
          1.2847436446919941e-01, -3.7026661222630125e-02,
          9.1652487822486084e-02, 7.1832468621898418e-02,
          2.0946165760039845e-01, -2.9208686141302832e-02,
          2.1788925251203860e-03, 2.8641603479205038e-02,
          4.5012293436771281e-02, -8.6754295043131285e-02,
          -8.3458087576057174e-03, -2.0920300360746741e-02,
          -2.8822918706262451e-02, -2.9208686141302842e-02,
          1.8000445234030343e-01, -4.1141357435228579e-02,
          -5.0312667418985400e-02, 9.6151215321322620e-02,
          4.6033951464265241e-02, 2.1099587368721209e-02,
          -1.4006808297651094e-02, -1.9254288674180338e-02,
          2.1788925251203842e-03, -4.1141357435228579e-02,
          3.4093331601162108e-01, 1.5202126608117492e-01,
          2.1920743593113212e-01, 1.2836825646293767e-01,
          1.0705073971045384e-01, 1.8859151785876396e-02,
          -4.7060437437353032e-02, 2.8641603479205035e-02,
          -5.0312667418985407e-02, 1.5202126608117492e-01,
          5.9006548744546439e-01 ]
   - !!opencv-matrix
      rows: 9
      cols: 9
      dt: d
      data: [ 2.7832788829040911e-01, 6.4592352795809729e-02,
          -2.4446191035859800e-02, 1.7250107012748334e-02,
          8.8109788905785816e-02, 5.0466310289827933e-02,
          6.7984021060735825e-02, 3.1035460731538515e-03,
          1.4533582759206241e-02, 6.4592352795809729e-02,
          3.2967153077147329e-02, 2.4340104295261069e-03,
          8.9837473846053530e-03, 2.9225560063486127e-02,
          1.9318906845692450e-02, 2.9525986532997053e-02,
          1.9101940367334889e-03, 6.1788388941735684e-03,
          -2.4446191035859800e-02, 2.4340104295261069e-03,
          1.1887023649151038e-01, -8.8506888319894294e-04,
          1.4953848847786300e-02, -4.9560214208162326e-02,
          1.7496162433967948e-02, 4.7657642211844793e-04,
          8.7014432774215229e-03, 1.7250107012748334e-02,
          8.9837473846053530e-03, -8.8506888319894251e-04,
          8.7724375084271122e-03, 7.3938065616151443e-03,
          8.1633245530882935e-03, 5.2899883907121361e-03,
          7.6240726234451394e-04, -6.8868799505856452e-04,
          8.8109788905785816e-02, 2.9225560063486127e-02,
          1.4953848847786302e-02, 7.3938065616151443e-03,
          2.1773043002153689e-01, 1.6700768880922586e-02,
