%YAML:1.0
---
groups:
   - intact
   - CD19
   - blast
intactGmmnames:
   - "intact.623.0"
   - "intact.623.1"
   - "intact.623.2"
   - "intact.623.3"
   - "intact.623.4"
intactLabels:
   - FSC-A
   - SSC-A
   - SY41
   - CD19
   - CD10
   - CD20
   - CD45
   - CD34
   - CD38
intactMu: !!opencv-matrix
   rows: 5
   cols: 9
   dt: d
   data: [ 1.4889522269503972e+00, 3.1254857590550267e-01,
       2.8206161828395757e+00, 1.0122863963399429e+00,
       8.4321786722542336e-01, 7.8915642529756891e-01,
       3.4300867836492848e+00, 1.0073914340744352e+00,
       1.5097828397488147e+00, 3.0716166042200155e+00,
       2.7596022002126426e+00, 2.6760037329495079e+00,
       1.4796427822520950e+00, 2.6678225580695769e+00,
       1.0814681169959031e+00, 2.6704917566093576e+00,
       1.0959907709443455e+00, 1.4483158108305403e+00,
       1.1466780521903219e+00, 2.7741524565268755e-01,
       2.7490766709708159e+00, 1.0515097599058305e+00,
       1.0895297639837780e+00, 7.7730874396764404e-01,
       1.4762771285865612e+00, 1.0730669311543242e+00,
       1.6326613032093231e+00, 1.9976088139187502e+00,
       1.0972321631270698e+00, 2.7515038879940539e+00,
       1.3594141915173601e+00, 1.6393522341439679e+00,
       1.2210172234294960e+00, 2.4466734592681196e+00,
       1.3438033771590951e+00, 1.9754900278326324e+00,
       3.3722839651896055e+00, 2.8712682388112527e+00,
       2.6104680382587966e+00, 1.5134594679056186e+00,
       2.0676051123875765e+00, 1.1500558874334861e+00,
       2.7149308062380135e+00, 1.2342898713966257e+00,
       1.5942285703316303e+00 ]
intactSigma:
   - !!opencv-matrix
      rows: 9
      cols: 9
      dt: d
      data: [ 8.3809340424774295e-02, 2.1855862438728533e-02,
          -5.5852655606909440e-02, 3.0854094321155932e-03,
          2.2978406839814025e-03, 1.4682517338172352e-02,
          1.5034019854080413e-02, -1.6196493327209584e-04,
          2.1614439406902351e-02, 2.1855862438728533e-02,
          1.7559681952076672e-02, -2.9257850311265987e-02,
          2.2234030927338819e-03, 1.8727177877187597e-03,
          1.0190425483934286e-02, 9.6939825430388642e-03,
          4.0432755893209462e-04, 2.2672099385512397e-02,
          -5.5852655606909440e-02, -2.9257850311265987e-02,
          1.0342105604512485e-01, -2.3274555681385965e-03,
          -2.8079534869611652e-03, -1.9108074424084534e-02,
          -2.3645298855796911e-02, 3.0830240730298306e-03,
          -2.8282030290595783e-02, 3.0854094321155932e-03,
          2.2234030927338819e-03, -2.3274555681385960e-03,
          1.2349783299121840e-02, 6.1206892251892920e-04,
          1.4982715581160128e-03, -1.7602673370804609e-04,
          -1.4716084331463501e-03, 2.4640888635512107e-03,
          2.2978406839814030e-03, 1.8727177877187590e-03,
          -2.8079534869611647e-03, 6.1206892251892899e-04,
          2.2120921312646050e-02, -7.8669860857798104e-04,
          1.0951532903708159e-03, -3.7313565907537987e-03,
          -2.6753159844058378e-03, 1.4682517338172352e-02,
          1.0190425483934286e-02, -1.9108074424084534e-02,
          1.4982715581160128e-03, -7.8669860857798072e-04,
          4.3283580161910820e-02, 7.7406949110713991e-03,
          -1.3824898064708998e-03, -5.0462984416477959e-03,
          1.5034019854080413e-02, 9.6939825430388642e-03,
          -2.3645298855796911e-02, -1.7602673370804600e-04,
          1.0951532903708159e-03, 7.7406949110713991e-03,
          1.6402854587828340e-02, -3.8230855077435975e-03,
          -6.7071510728723971e-03, -1.6196493327209595e-04,
          4.0432755893209473e-04, 3.0830240730298306e-03,
          -1.4716084331463505e-03, -3.7313565907537995e-03,
          -1.3824898064708998e-03, -3.8230855077435967e-03,
          1.2200921906236194e-01, 1.2587466295530814e-02,
          2.1614439406902351e-02, 2.2672099385512397e-02,
          -2.8282030290595783e-02, 2.4640888635512111e-03,
          -2.6753159844058383e-03, -5.0462984416477976e-03,
          -6.7071510728723962e-03, 1.2587466295530815e-02,
          2.6506544655289666e-01 ]
   - !!opencv-matrix
      rows: 9
      cols: 9
      dt: d
      data: [ 3.1837878593798735e-01, 1.7829016510939227e-01,
          -1.2835027434321579e-02, 3.3934892695036190e-02,
          -2.4222590181060377e-02, 3.6730410592026322e-02,
          -2.2383738203180851e-02, 5.3912509582764844e-03,
          1.2857241745074082e-02, 1.7829016510939227e-01,
          4.4139681160105659e-01, -9.7983341158421347e-02,
          7.9478810762828853e-02, 6.5821202864820613e-02,
          6.5984992132660888e-02, 2.8288682417586995e-02,
          5.8799699050329154e-03, 1.7604389342990825e-02,
          -1.2835027434321579e-02, -9.7983341158421333e-02,
          9.3142097790206699e-02, -1.7059044840625325e-02,
          -2.9500558568055255e-02, -1.6212308268363188e-02,
          -1.9274807527471710e-02, 9.8749277691693375e-04,
          -2.0937517827270382e-03, 3.3934892695036183e-02,
          7.9478810762828880e-02, -1.7059044840625325e-02,
          2.5592824551946905e-02, 1.2035641804291021e-02,
          1.2308650445231469e-02, 4.6706208668363834e-03,
          5.7604879547287313e-04, -2.8773634044332037e-04,
          -2.4222590181060377e-02, 6.5821202864820613e-02,
          -2.9500558568055255e-02, 1.2035641804291021e-02,
          8.3467450365858564e-02, 8.8212051194986214e-03,
          3.4678387684057559e-02, -3.0762305449844626e-04,
          1.3778319081628034e-03, 3.6730410592026322e-02,
          6.5984992132660861e-02, -1.6212308268363191e-02,
          1.2308650445231465e-02, 8.8212051194986214e-03,
          4.2968802054997680e-02, 3.6089067809737994e-03,
          1.4838281116267558e-03, 4.0133704992709818e-03,
          -2.2383738203180847e-02, 2.8288682417586999e-02,
          -1.9274807527471710e-02, 4.6706208668363842e-03,
          3.4678387684057559e-02, 3.6089067809737994e-03,
          3.4929084216460793e-02, -3.0105513147080519e-03,
          -2.5444186847764527e-04, 5.3912509582764844e-03,
          5.8799699050329137e-03, 9.8749277691693354e-04,
          5.7604879547287335e-04, -3.0762305449844659e-04,
          1.4838281116267560e-03, -3.0105513147080511e-03,
          4.2942168040856009e-02, 1.0884308953124637e-03,
          1.2857241745074084e-02, 1.7604389342990825e-02,
          -2.0937517827270382e-03, -2.8773634044332026e-04,
          1.3778319081628034e-03, 4.0133704992709818e-03,
          -2.5444186847764548e-04, 1.0884308953124631e-03,
          3.7513372774869561e-02 ]
   - !!opencv-matrix
      rows: 9
      cols: 9
      dt: d
      data: [ 1.2795730299689775e-01, 1.9636987332386072e-02,
          -3.9324853658767457e-02, 3.7435422232027864e-03,
          1.5161144542460125e-02, 2.2104839006127051e-02,
          2.7022756871715618e-02, 1.0055258698520855e-03,
          2.1565814249158002e-02, 1.9636987332386075e-02,
          9.4869357802155902e-03, -4.2347677454518239e-03,
          2.0009983965396209e-03, 6.8329281446912731e-03,
          8.3398777157011120e-03, 1.6014429706544570e-02,
          1.2094648361678283e-03, 1.2760654388149360e-02,
          -3.9324853658767450e-02, -4.2347677454518239e-03,
          3.0627154732251155e-01, -3.0000006507104792e-04,
          2.2904272616307291e-03, -2.1705097003003649e-02,
          -1.2337710821698641e-03, 1.0227581459428916e-03,
          2.1494811263316838e-03, 3.7435422232027864e-03,
          2.0009983965396205e-03, -3.0000006507104775e-04,
          3.4661160186905161e-03, 1.9776960887868552e-03,
          2.5332140202147828e-03, 3.5371804165721396e-03,
          -1.0120782817336861e-04, 2.8857753661003468e-03,
          1.5161144542460130e-02, 6.8329281446912731e-03,
          2.2904272616307304e-03, 1.9776960887868560e-03,
          9.3784972866978664e-02, 5.7740664749066318e-03,
