%YAML:1.0
---
groups:
   - intact
   - CD19
   - blast
intactGmmnames:
   - "intact.626.0"
   - "intact.626.1"
   - "intact.626.2"
   - "intact.626.3"
   - "intact.626.4"
intactLabels:
   - FSC-A
   - SSC-A
   - SY41
   - CD19
   - CD10
   - CD20
   - CD45
   - CD34
   - CD38
intactMu: !!opencv-matrix
   rows: 5
   cols: 9
   dt: d
   data: [ 1.2598948488889745e+00, 5.1334306490088233e-01,
       3.0541994109255506e+00, 1.0113880195791796e+00,
       9.9028306293339474e-01, 9.0450351449504818e-01,
       1.2167103824909924e+00, 9.2151479607071674e-01,
       8.3833818706437180e-01, 1.4297063582408664e+00,
       5.0679151851415905e-01, 2.8477621324555620e+00,
       9.3904540318295737e-01, 7.6674474936450820e-01,
       8.8097149362880200e-01, 3.4074481521851783e+00,
       9.3610463925904164e-01, 2.3669470820334664e+00,
       3.0690426032671994e+00, 3.6022149526820955e+00,
       2.9037812042168190e+00, 1.3328921778024616e+00,
       2.4261200814000330e+00, 1.1591160309847639e+00,
       3.0267600684156259e+00, 1.0638304772791840e+00,
       2.0698777865479658e+00, 1.4409475624943018e+00,
       6.7681411955406334e-01, 3.1504333322043201e+00,
       1.0281828876388341e+00, 1.1816401689822909e+00,
       9.9285773236635733e-01, 1.3009986501871522e+00,
       1.0462186568785110e+00, 9.6005259851837921e-01,
       2.0988358361086807e+00, 1.7398154915261572e+00,
       3.0959039720068060e+00, 1.1689696158658629e+00,
       1.4352269959471646e+00, 1.3228199025366749e+00,
       2.4705156968115283e+00, 1.2331996288175273e+00,
       2.0356505257718438e+00 ]
intactSigma:
   - !!opencv-matrix
      rows: 9
      cols: 9
      dt: d
      data: [ 6.1512541074072398e-02, 1.1466212581658058e-02,
          6.4565877127585863e-03, 1.8411289026946847e-03,
          4.3818775933301499e-03, 7.0856890583872335e-03,
          1.0815562908050797e-02, -5.8284310772537516e-04,
          6.2274086348869176e-03, 1.1466212581658058e-02,
          1.1492250314776797e-02, 3.8168221348379746e-03,
          1.4627094989193719e-03, 4.0479320801767504e-03,
          6.2268207714339116e-03, 8.1931225775006989e-03,
          -4.8635741510325172e-04, 5.0027780415464506e-03,
          6.4565877127585845e-03, 3.8168221348379746e-03,
          1.5703466249143903e-02, 4.0750895485741162e-04,
          2.7523995772848049e-04, 2.2717169537281243e-03,
          1.9051538477939456e-04, -2.5344332646316548e-04,
          1.2569155377389913e-03, 1.8411289026946842e-03,
          1.4627094989193721e-03, 4.0750895485741162e-04,
          3.4219152738547190e-03, 8.1157807258808070e-04,
          1.3002053669973763e-03, 1.7268885840007171e-03,
          -8.6607785279375115e-05, 1.1418866366308899e-03,
          4.3818775933301508e-03, 4.0479320801767504e-03,
          2.7523995772848055e-04, 8.1157807258808070e-04,
          7.4666677849493851e-02, -1.2964604312408765e-03,
          8.7741107222447847e-03, -1.3664604829168232e-03,
          9.1922918105003370e-03, 7.0856890583872335e-03,
          6.2268207714339116e-03, 2.2717169537281247e-03,
          1.3002053669973759e-03, -1.2964604312408761e-03,
          3.4802395890600892e-02, 1.1818505791332645e-02,
          -3.0468069841498615e-04, 4.4398657081123772e-03,
          1.0815562908050799e-02, 8.1931225775006989e-03,
          1.9051538477939480e-04, 1.7268885840007169e-03,
          8.7741107222447847e-03, 1.1818505791332645e-02,
          1.3196922327341593e-01, -4.3545929334400995e-03,
          1.5809925875417286e-02, -5.8284310772537527e-04,
          -4.8635741510325177e-04, -2.5344332646316548e-04,
          -8.6607785279375169e-05, -1.3664604829168232e-03,
          -3.0468069841498615e-04, -4.3545929334400995e-03,
          2.1775667551816569e-03, -5.6483641311646929e-04,
          6.2274086348869141e-03, 5.0027780415464506e-03,
          1.2569155377389917e-03, 1.1418866366308903e-03,
          9.1922918105003370e-03, 4.4398657081123781e-03,
          1.5809925875417283e-02, -5.6483641311646886e-04,
          9.6825774400315950e-02 ]
   - !!opencv-matrix
      rows: 9
      cols: 9
      dt: d
      data: [ 7.2719134610673364e-02, 2.3668771785518128e-02,
          -2.4195996071271729e-03, 3.1046872874417129e-03,
          5.8553350951199765e-04, 7.5832391598906323e-03,
          1.3961927057183906e-02, -6.3043226795385268e-04,
          1.7076950647952987e-02, 2.3668771785518128e-02,
          2.4876921130147712e-02, -1.7311276375720923e-04,
          1.4428567397049129e-03, 2.4364630894783998e-03,
          1.0072513571647691e-02, 1.2300877561895686e-02,
          -1.0001262264557623e-04, 1.4003452519970924e-02,
          -2.4195996071271742e-03, -1.7311276375720931e-04,
          8.3753539367903678e-03, 1.5478707976369842e-04,
          5.0656556563907730e-04, 1.0498155930381075e-03,
          2.7194130770232102e-04, 1.3406009958044865e-05,
          -1.2203876535970000e-04, 3.1046872874417124e-03,
          1.4428567397049129e-03, 1.5478707976369826e-04,
          1.4755631038136272e-02, 5.9580193746206205e-04,
          8.9497833714094780e-04, -8.7771965044440938e-04,
          -1.4195954584304104e-03, 2.0289574672079070e-03,
          5.8553350951199797e-04, 2.4364630894783998e-03,
          5.0656556563907730e-04, 5.9580193746206172e-04,
          4.1955568518125499e-02, -1.1103360171506760e-03,
          7.8909610639521163e-04, -7.8107309852408187e-03,
          -7.6949349330649591e-04, 7.5832391598906340e-03,
          1.0072513571647691e-02, 1.0498155930381075e-03,
          8.9497833714094802e-04, -1.1103360171506762e-03,
          4.0151704718489112e-02, 5.1741447382483586e-03,
          -8.1847114110671776e-04, 5.6964433423899381e-04,
          1.3961927057183906e-02, 1.2300877561895686e-02,
          2.7194130770232113e-04, -8.7771965044440927e-04,
          7.8909610639521163e-04, 5.1741447382483586e-03,
          1.2798506273268367e-02, -2.9546892963580140e-03,
          9.2851220649538355e-03, -6.3043226795385290e-04,
          -1.0001262264557646e-04, 1.3406009958045090e-05,
          -1.4195954584304111e-03, -7.8107309852408187e-03,
          -8.1847114110671776e-04, -2.9546892963580131e-03,
          1.7929757613247660e-01, 1.4381279064283529e-03,
          1.7076950647952990e-02, 1.4003452519970924e-02,
          -1.2203876535969992e-04, 2.0289574672079065e-03,
          -7.6949349330649559e-04, 5.6964433423899348e-04,
          9.2851220649538338e-03, 1.4381279064283529e-03,
          4.4360015916183361e-02 ]
   - !!opencv-matrix
      rows: 9
      cols: 9
      dt: d
      data: [ 2.8206402639615952e-01, 1.0051965848127278e-01,
          9.4058437248819224e-03, 1.7733083784064067e-02,
          -7.6517910407716147e-02, 1.1067831144560487e-02,
          -2.4592242140072180e-02, 4.3410797989837146e-03,
          1.0673783475170947e-02, 1.0051965848127276e-01,
          3.2540268206079309e-01, 4.8339662715491541e-03,
          3.7118414489752276e-02, 1.2914040611227870e-01,
          2.9273060823379885e-02, 3.8876055468194573e-02,
          1.2315050523139694e-02, 3.7125582897420323e-02,
          9.4058437248819224e-03, 4.8339662715491550e-03,
          1.2053690827137458e-02, 1.1778294402130633e-03,
          -9.6315024759832616e-03, 2.9060694061537901e-03,
          -2.9333037431395338e-03, 6.7797873640212177e-04,
          3.7930016294121353e-04, 1.7733083784064071e-02,
          3.7118414489752276e-02, 1.1778294402130637e-03,
          2.0044023551306585e-02, 1.1095262878497015e-02,
          4.7505889033464732e-03, 2.7515306896787584e-03,
          2.5177732175794951e-04, 5.9483210732611405e-03,
          -7.6517910407716147e-02, 1.2914040611227870e-01,
          -9.6315024759832651e-03, 1.1095262878497015e-02,
          4.0249735252330054e-01, 5.2802397181703781e-03,
          8.2728868671238701e-02, 6.6861780329367125e-03,
