%YAML:1.0
---
groups:
   - intact
   - CD19
intactGmmnames:
   - "intact.630.0"
   - "intact.630.1"
   - "intact.630.2"
   - "intact.630.3"
   - "intact.630.4"
intactLabels:
   - FSC-A
   - SSC-A
   - SY41
   - CD19
   - CD10
   - CD20
   - CD45
   - CD34
   - CD38
intactMu: !!opencv-matrix
   rows: 5
   cols: 9
   dt: d
   data: [ 2.8944720325904787e+00, 3.0347069357986109e+00,
       3.2800738289521632e+00, 1.7721280073888408e+00,
       1.4016524221367890e+00, 1.9152125623662051e+00,
       3.2258811852797553e+00, 1.1930333547701595e+00,
       2.0046706626459661e+00, 2.8925858024032656e+00,
       3.3459904692429494e+00, 3.1794127800746335e+00,
       1.7470989752361372e+00, 2.9424324628447329e+00,
       1.7816625371238930e+00, 3.5117204874849035e+00,
       1.1903629961281519e+00, 1.7109056977098145e+00,
       2.5454033647051468e+00, 3.5846236727749394e+00,
       3.1900097598346195e+00, 1.7453666900474070e+00,
       2.7659908836092417e+00, 1.6982374018772148e+00,
       3.3952664482992838e+00, 1.1274035576644592e+00,
       1.6920975666666105e+00, 1.6505164827043139e+00,
       5.0432208548021340e-01, 3.2369251517960036e+00,
       1.1641790699786625e+00, 1.0111227804611023e+00,
       1.4207902391477736e+00, 3.8275144474098153e+00,
       1.1139090415154755e+00, 1.8138321077417365e+00,
       1.8781747954096950e+00, 1.4846619984969467e+00,
       3.1514390468432101e+00, 1.3875173662871574e+00,
       1.3079636053886714e+00, 1.5244641285448506e+00,
       1.6531692470223598e+00, 1.1492149381623200e+00,
       1.5881436222899308e+00 ]
intactSigma:
   - !!opencv-matrix
      rows: 9
      cols: 9
      dt: d
      data: [ 5.3911154637176295e-01, 3.3806755237671043e-01,
          2.3339873733028559e-02, 3.8998446485178105e-02,
          2.0643517574639621e-02, 1.4320506339544953e-02,
          3.6341763150562231e-03, -1.0298351949680495e-02,
          2.1285756373398561e-02, 3.3806755237671043e-01,
          8.9722309415504176e-01, 1.9025941433826396e-02,
          6.3229322498586427e-02, 6.7556852203009707e-02,
          -3.7340348845130308e-02, -8.9109935589902087e-02,
          -2.1854358862164674e-02, -1.7609597971882964e-02,
          2.3339873733028555e-02, 1.9025941433826389e-02,
          4.4092074007563577e-02, -7.7624040775727040e-03,
          -4.8895085190103736e-03, 7.5686685394147908e-04,
          -3.3377929541799582e-03, -9.4490212523750381e-04,
          9.3096332464423105e-03, 3.8998446485178105e-02,
          6.3229322498586413e-02, -7.7624040775727040e-03,
          1.1804348063293470e-01, 8.4272966018743691e-04,
          8.7572310327945407e-02, 1.8390148296409902e-02,
          -4.6411152168653790e-04, -2.3714769494627766e-02,
          2.0643517574639624e-02, 6.7556852203009721e-02,
          -4.8895085190103736e-03, 8.4272966018743777e-04,
          1.0695663981969172e-01, 1.5401304484947358e-02,
          1.3060673753074879e-02, 1.4495858805986552e-02,
          4.9609019638520199e-02, 1.4320506339544950e-02,
          -3.7340348845130301e-02, 7.5686685394147951e-04,
          8.7572310327945407e-02, 1.5401304484947358e-02,
          1.2887136246702682e-01, 3.3876036822158104e-02,
          1.1824215404129420e-02, 2.7735569733265845e-02,
          3.6341763150562257e-03, -8.9109935589902087e-02,
          -3.3377929541799582e-03, 1.8390148296409906e-02,
          1.3060673753074877e-02, 3.3876036822158104e-02,
          1.3461663117307310e-01, 2.3033048163873162e-03,
          3.5450778792015233e-02, -1.0298351949680493e-02,
          -2.1854358862164674e-02, -9.4490212523750468e-04,
          -4.6411152168653795e-04, 1.4495858805986552e-02,
          1.1824215404129420e-02, 2.3033048163873162e-03,
          1.3931202548225449e-01, 3.6320916924882200e-02,
          2.1285756373398558e-02, -1.7609597971882961e-02,
          9.3096332464423105e-03, -2.3714769494627766e-02,
          4.9609019638520192e-02, 2.7735569733265845e-02,
          3.5450778792015240e-02, 3.6320916924882200e-02,
          2.1770527718742266e-01 ]
   - !!opencv-matrix
      rows: 9
      cols: 9
      dt: d
      data: [ 5.2533965138441163e-01, 5.3381105432711254e-02,
          -1.0537256950441901e-02, 8.6281835392713838e-03,
          1.0201137665624390e-02, 2.7483335162930174e-02,
          -9.1706611148568411e-03, -1.6531703273791835e-02,
          -1.1900226840162674e-02, 5.3381105432711254e-02,
          3.9076972421515810e-01, 2.0238243903827512e-02,
          6.2072412018189888e-02, -9.0261702723637243e-04,
          3.4156105444376182e-03, -1.7916309711210540e-03,
          1.1208634551409030e-02, -1.8244381986364754e-03,
          -1.0537256950441901e-02, 2.0238243903827516e-02,
          2.9455049133042890e-02, 4.7594175228094712e-03,
          4.1572010875136926e-03, 1.4735095348500959e-02,
          5.0838144473575857e-03, 4.3786656058167530e-03,
          -5.6092390522079324e-04, 8.6281835392713873e-03,
          6.2072412018189881e-02, 4.7594175228094712e-03,
          3.4250291921309128e-02, 3.2536067752820560e-03,
          1.4898747618664950e-02, 2.5860693117176095e-03,
          5.1103532432160174e-03, -4.7259424570860846e-03,
          1.0201137665624391e-02, -9.0261702723637210e-04,
          4.1572010875136926e-03, 3.2536067752820569e-03,
          5.4982080468758965e-02, 1.4509523201250074e-02,
          6.5111755354178204e-03, 2.8221959201467977e-03,
          -2.8780298278770862e-03, 2.7483335162930170e-02,
          3.4156105444376195e-03, 1.4735095348500959e-02,
          1.4898747618664950e-02, 1.4509523201250074e-02,
          8.9414106907798399e-02, 1.8333631465431037e-02,
          1.2733737175275780e-02, -5.1318231142125064e-03,
          -9.1706611148568411e-03, -1.7916309711210540e-03,
          5.0838144473575849e-03, 2.5860693117176095e-03,
          6.5111755354178222e-03, 1.8333631465431040e-02,
          1.6364113774255010e-02, 1.2685222435382926e-03,
          -3.0444031615429034e-03, -1.6531703273791838e-02,
          1.1208634551409040e-02, 4.3786656058167547e-03,
          5.1103532432160165e-03, 2.8221959201467960e-03,
          1.2733737175275780e-02, 1.2685222435382928e-03,
          1.5573668352197925e-01, 8.2680303747034408e-04,
          -1.1900226840162674e-02, -1.8244381986364769e-03,
          -5.6092390522079346e-04, -4.7259424570860846e-03,
          -2.8780298278770853e-03, -5.1318231142125064e-03,
          -3.0444031615429047e-03, 8.2680303747034441e-04,
          2.7987775827624736e-02 ]
   - !!opencv-matrix
      rows: 9
      cols: 9
      dt: d
      data: [ 2.1829376185002985e-01, 9.0256395668437545e-02,
          -6.7798371667067573e-03, 1.8862043310235249e-02,
          -2.3395904300601036e-02, 1.2536010174928043e-02,
          -8.1566686879845068e-03, 9.8415853508822390e-04,
          -4.4311522786931814e-04, 9.0256395668437545e-02,
          2.7042349712024000e-01, 1.7583474240328544e-02,
          4.5572209891811523e-02, -2.1584072898033577e-03,
          2.1043659189761255e-02, -4.8142965169813980e-04,
          6.3452196256738843e-03, -1.7818153445055200e-03,
          -6.7798371667067547e-03, 1.7583474240328544e-02,
          3.7216443279035255e-02, -1.7717886337775054e-03,
          -3.6585244512149172e-03, -2.7062879612384071e-04,
          -1.9027383004405125e-03, 1.0980606816538752e-03,
          2.2470245307327152e-04, 1.8862043310235253e-02,
          4.5572209891811523e-02, -1.7717886337775054e-03,
          2.5163915190919102e-02, -6.1499498759609236e-04,
          4.4428682209919695e-03, -2.4560745266123077e-04,
          1.4392578064098209e-03, -4.1191687285352559e-03,
          -2.3395904300601036e-02, -2.1584072898033603e-03,
          -3.6585244512149172e-03, -6.1499498759609236e-04,
          9.8305863690102482e-02, 1.7208726165359779e-03,
          1.9737635745477829e-02, 1.1964457827454554e-03,
