%YAML:1.0
---
groups:
   - intact
   - CD19
   - blast
intactGmmnames:
   - "intact.634.0"
   - "intact.634.1"
   - "intact.634.2"
   - "intact.634.3"
   - "intact.634.4"
intactLabels:
   - FSC-A
   - SSC-A
   - SY41
   - CD19
   - CD10
   - CD20
   - CD45
   - CD34
   - CD38
intactMu: !!opencv-matrix
   rows: 5
   cols: 9
   dt: d
   data: [ 1.0715532753008694e+00, 2.9030786382114487e-01,
       2.9704303801993062e+00, 9.6179065466775815e-01,
       1.0012053221026396e+00, 1.0031674616922113e+00,
       3.8082944557621601e+00, 1.1305366848770584e+00,
       1.7446414215864232e+00, 2.4650787374326684e+00,
       3.0168980858633936e+00, 2.7736869233173262e+00,
       1.6855818672840102e+00, 2.9159981815637499e+00,
       1.3366419681354289e+00, 3.2186109002830396e+00,
       1.2267043276938634e+00, 1.5393416934782727e+00,
       1.1458308146162444e+00, 5.8846608159317382e-01,
       3.0152794812325121e+00, 1.0885492663025087e+00,
       1.3234331411350921e+00, 1.3008910998670835e+00,
       1.7839776889772947e+00, 1.1505904822668829e+00,
       1.5747096529453375e+00, 2.3858263217501134e+00,
       1.9534105074301813e+00, 2.8508669653464773e+00,
       1.4845663145328394e+00, 1.6607308281796787e+00,
       1.5801599186101098e+00, 2.9446014459585332e+00,
       1.5164324744911530e+00, 2.2076808904024849e+00,
       1.5244972502849656e+00, 4.7782597515459235e-01,
       2.6843447278287220e+00, 1.0291101735071628e+00,
       1.1026473292789361e+00, 1.1022264130101482e+00,
       3.9276567434934884e+00, 1.1657202078250448e+00,
       1.8775600228629017e+00 ]
intactSigma:
   - !!opencv-matrix
      rows: 9
      cols: 9
      dt: d
      data: [ 7.7439006938661042e-02, 7.1967033998997483e-03,
          -3.6216353396073930e-02, 6.1656634871538217e-03,
          1.0441040772476678e-03, 8.9973887967229552e-03,
          1.3578372841236990e-02, -1.4351836854057949e-03,
          -9.1591057694855125e-03, 7.1967033998997483e-03,
          6.3216378774854426e-03, -4.2643077370535295e-03,
          1.9546563337547373e-03, 2.7049898507822143e-03,
          7.0189730873685572e-03, 3.3630440228120009e-03,
          4.1529463797243109e-04, -6.7256339714853539e-03,
          -3.6216353396073930e-02, -4.2643077370535304e-03,
          2.8778982587904001e-02, -2.5460595742965593e-03,
          -8.5584471236004891e-04, -4.4540684392654611e-03,
          -8.6994002645720270e-03, 8.1522996093637170e-04,
          9.5209740936818034e-03, 6.1656634871538243e-03,
          1.9546563337547378e-03, -2.5460595742965585e-03,
          4.0317870023718623e-02, 7.8631104488363754e-04,
          3.5627991886909285e-03, 2.9801689187564264e-04,
          2.3433705709463709e-03, -2.7829484056933673e-03,
          1.0441040772476682e-03, 2.7049898507822143e-03,
          -8.5584471236004901e-04, 7.8631104488363765e-04,
          4.6311008513449894e-02, -3.7090657219861715e-03,
          2.3710500584923680e-03, -7.4166991278215013e-03,
          -2.6437496222330038e-03, 8.9973887967229570e-03,
          7.0189730873685572e-03, -4.4540684392654619e-03,
          3.5627991886909294e-03, -3.7090657219861693e-03,
          8.0970522925469607e-02, 5.3990713325985096e-03,
          8.1998388289619998e-04, -1.8883552971531156e-02,
          1.3578372841236988e-02, 3.3630440228120013e-03,
          -8.6994002645720270e-03, 2.9801689187564285e-04,
          2.3710500584923685e-03, 5.3990713325985096e-03,
          8.5758534884858659e-03, -1.7892440284320418e-03,
          -1.0224825068575407e-02, -1.4351836854057951e-03,
          4.1529463797243115e-04, 8.1522996093637192e-04,
          2.3433705709463692e-03, -7.4166991278215022e-03,
          8.1998388289620063e-04, -1.7892440284320420e-03,
          1.4729963133326673e-01, 5.6452820746238312e-03,
          -9.1591057694855125e-03, -6.7256339714853539e-03,
          9.5209740936818034e-03, -2.7829484056933682e-03,
          -2.6437496222330038e-03, -1.8883552971531162e-02,
          -1.0224825068575411e-02, 5.6452820746238294e-03,
          1.9552766399374330e-01 ]
   - !!opencv-matrix
      rows: 9
      cols: 9
      dt: d
      data: [ 5.9019496443151787e-01, 2.2606972849812154e-01,
          5.0218628144801616e-02, 4.0327943945523616e-02,
          4.7425145199663121e-02, 4.4765851992944354e-02,
          1.0965768159722430e-01, 1.0537903806908113e-02,
          5.6764289604685304e-02, 2.2606972849812154e-01,
          3.6749966530443756e-01, 2.4419227243910567e-02,
          6.9853528977929971e-02, 4.8499073662370440e-02,
          4.6753246593964216e-02, 5.3939035257294356e-02,
          1.1974601600569063e-02, 2.5192961642999372e-02,
          5.0218628144801616e-02, 2.4419227243910577e-02,
          7.5392255310340300e-02, -2.5049485628615312e-03,
          2.2326438562570862e-02, 6.7702899130538501e-03,
          4.5861732490019104e-02, 6.5862357988955766e-03,
          1.6754434940017666e-02, 4.0327943945523616e-02,
          6.9853528977929971e-02, -2.5049485628615294e-03,
          3.9976353602706537e-02, 7.5341108046169617e-03,
          9.9039733204174894e-03, 3.6581609346190672e-03,
          3.0379858462517765e-03, -3.2579829163758441e-03,
          4.7425145199663114e-02, 4.8499073662370426e-02,
          2.2326438562570869e-02, 7.5341108046169643e-03,
          8.3098266009841104e-02, 7.2042967197956456e-03,
          4.0652770136706241e-02, 5.4651932997446789e-03,
          1.0845023828296066e-02, 4.4765851992944361e-02,
          4.6753246593964216e-02, 6.7702899130538501e-03,
          9.9039733204174894e-03, 7.2042967197956465e-03,
          5.6500612576703586e-02, 9.4566081682018951e-03,
          2.4033946548562527e-03, 6.0207681754234771e-03,
          1.0965768159722430e-01, 5.3939035257294356e-02,
          4.5861732490019097e-02, 3.6581609346190672e-03,
          4.0652770136706241e-02, 9.4566081682018951e-03,
          7.8251611514683503e-02, 4.8203729443137364e-03,
          2.2345116439671062e-02, 1.0537903806908108e-02,
          1.1974601600569061e-02, 6.5862357988955749e-03,
          3.0379858462517752e-03, 5.4651932997446797e-03,
          2.4033946548562527e-03, 4.8203729443137382e-03,
          9.1852765637085457e-02, 6.0948962213575207e-03,
          5.6764289604685304e-02, 2.5192961642999372e-02,
          1.6754434940017666e-02, -3.2579829163758467e-03,
          1.0845023828296062e-02, 6.0207681754234754e-03,
          2.2345116439671062e-02, 6.0948962213575207e-03,
          8.3587563746621740e-02 ]
   - !!opencv-matrix
      rows: 9
      cols: 9
      dt: d
      data: [ 1.7361623419025460e-01, 6.7697567577820736e-02,
          -1.6158107741268305e-02, 2.3887087978844011e-02,
          5.4935098331404517e-02, 5.6469663749729108e-02,
          7.1019300195431997e-02, 4.9415821899053821e-03,
          3.9710754779288343e-02, 6.7697567577820736e-02,
          7.5221268394670998e-02, 1.4685277774733562e-02,
          1.9350824151412337e-02, 6.1995143240614330e-02,
          5.8431699788941201e-02, 7.6634362929265523e-02,
          5.4525521744543696e-03, 4.6113458740307305e-02,
          -1.6158107741268309e-02, 1.4685277774733555e-02,
          1.3671291261349441e-01, -2.2706468458558855e-02,
          2.5744999572304209e-02, 1.8981895768187099e-02,
          2.4252760817287684e-02, 1.4674619139508453e-03,
          2.7890638316269336e-02, 2.3887087978844011e-02,
          1.9350824151412337e-02, -2.2706468458558855e-02,
          2.7043632209796050e-02, 1.4403201021662253e-02,
          1.4830479751042444e-02, 1.7126983496581375e-02,
          1.5050321978361287e-03, 4.1294653631171472e-03,
          5.4935098331404517e-02, 6.1995143240614344e-02,
          2.5744999572304202e-02, 1.4403201021662256e-02,
          1.7436269576397589e-01, 4.9808539000274529e-02,
          9.3148421185496585e-02, 3.5241560571545403e-03,
