%YAML:1.0
---
groups:
   - intact
   - CD19
intactGmmnames:
   - "intact.645.0"
   - "intact.645.1"
   - "intact.645.2"
   - "intact.645.3"
   - "intact.645.4"
intactLabels:
   - FSC-A
   - SSC-A
   - SY41
   - CD19
   - CD10
   - CD20
   - CD45
   - CD34
   - CD38
intactMu: !!opencv-matrix
   rows: 5
   cols: 9
   dt: d
   data: [ 1.0507347876341593e+00, 3.5399833934095731e-01,
       3.2992141514348940e+00, 1.0993247362529088e+00,
       1.0831124805025016e+00, 1.0723832403784115e+00,
       3.7089985867263362e+00, 1.1069580672741188e+00,
       1.7413987531965507e+00, 2.7597578356675676e+00,
       3.3352218335347357e+00, 3.3808960026480803e+00,
       1.6870921280878914e+00, 1.5427833272300475e+00,
       1.5040930911046304e+00, 2.9031196940783444e+00,
       1.1961415256822252e+00, 2.0042646177756294e+00,
       1.4114377734057963e+00, 6.5537268515585767e-01,
       3.0819989827706338e+00, 1.1985680417632059e+00,
       1.1859947699800377e+00, 1.1615949999546555e+00,
       3.7848089063042614e+00, 1.1645891890188711e+00,
       2.3172199599706302e+00, 1.0249882742853382e+00,
       4.9292050433940959e-01, 3.1390859414640087e+00,
       1.0951136500207501e+00, 1.1524013278175413e+00,
       1.1663147188702609e+00, 1.5537526976902309e+00,
       1.1798117565914552e+00, 1.7225824820895255e+00,
       1.9620762123482387e+00, 1.5046816673798782e+00,
       3.1967532360803852e+00, 1.4003330250394925e+00,
       1.7042297674963844e+00, 1.6028793004089059e+00,
       2.7951032191661933e+00, 1.5191014332865000e+00,
       2.3912695226806182e+00 ]
intactSigma:
   - !!opencv-matrix
      rows: 9
      cols: 9
      dt: d
      data: [ 9.5391373434292118e-02, 2.2853579245988635e-02,
          -7.7728689373893115e-02, 2.4064232532481678e-02,
          3.7226449351355391e-03, 1.5737807838493847e-02,
          3.3984010365533134e-02, -1.6099511353989558e-03,
          -6.1310381142800517e-03, 2.2853579245988642e-02,
          2.6625799093164381e-02, -2.8249701389028131e-02,
          1.3421344811422327e-02, 8.0932627290426704e-03,
          2.0019606677425549e-02, 1.4380292888812643e-02,
          2.7687179246939980e-03, -1.6385760105822103e-03,
          -7.7728689373893101e-02, -2.8249701389028131e-02,
          1.1498242066504473e-01, -3.2372476002451488e-02,
          -5.4460297405796321e-03, -1.8109580216517776e-02,
          -4.1226843434822698e-02, 2.9420829028796724e-03,
          6.8368457556338951e-03, 2.4064232532481678e-02,
          1.3421344811422325e-02, -3.2372476002451488e-02,
          3.3089379800551974e-02, 3.7616211468553267e-03,
          1.0126132062469541e-02, 1.2888305885358910e-02,
          2.2995141176878077e-03, -3.9291867258297291e-03,
          3.7226449351355382e-03, 8.0932627290426704e-03,
          -5.4460297405796339e-03, 3.7616211468553267e-03,
          1.8244708651391477e-02, 4.7615761136279256e-03,
          2.7634277194482615e-03, -1.9341546495619810e-03,
          -3.3811252401862494e-04, 1.5737807838493847e-02,
          2.0019606677425549e-02, -1.8109580216517776e-02,
          1.0126132062469541e-02, 4.7615761136279256e-03,
          8.2830709908908326e-02, 1.1326970077106693e-02,
          3.3427011757783038e-03, -1.5842184815578187e-03,
          3.3984010365533134e-02, 1.4380292888812643e-02,
          -4.1226843434822684e-02, 1.2888305885358910e-02,
          2.7634277194482615e-03, 1.1326970077106696e-02,
          2.7229953061848847e-02, -3.0128524757709030e-03,
          -3.7486315361754449e-03, -1.6099511353989567e-03,
          2.7687179246939980e-03, 2.9420829028796750e-03,
          2.2995141176878090e-03, -1.9341546495619810e-03,
          3.3427011757783042e-03, -3.0128524757709022e-03,
          1.4491683837080763e-01, 1.7127469335217692e-03,
          -6.1310381142800517e-03, -1.6385760105822099e-03,
          6.8368457556338951e-03, -3.9291867258297282e-03,
          -3.3811252401862515e-04, -1.5842184815578189e-03,
          -3.7486315361754457e-03, 1.7127469335217701e-03,
          1.0243957537105086e-02 ]
   - !!opencv-matrix
      rows: 9
      cols: 9
      dt: d
      data: [ 3.8634103762982519e-01, 9.1784670106341143e-02,
          5.3071498742521522e-03, 3.0784609501069485e-02,
          -9.4285932694018484e-02, 7.0072346892534720e-02,
          -2.8335617640053287e-03, 5.6286625055444184e-03,
          8.3716904720199992e-02, 9.1784670106341143e-02,
          3.9849132482229149e-01, -1.8207708804471451e-02,
          7.6734931392918565e-02, 7.7549741277960021e-02,
          3.8461519873370952e-02, 2.8114345056249275e-02,
          8.2572378072816397e-03, 3.7317820543589517e-03,
          5.3071498742521513e-03, -1.8207708804471451e-02,
          5.0435549803361783e-02, -1.5514020277159011e-02,
          1.8619255084933747e-03, 6.2317730325824024e-03,
          -5.0208977907023446e-03, -1.2280276286447292e-03,
          7.9398763663090528e-03, 3.0784609501069485e-02,
          7.6734931392918579e-02, -1.5514020277159011e-02,
          3.7320314273905343e-02, 8.8338438613769447e-03,
          1.0776743358679435e-02, 6.1675426498630382e-03,
          3.4193520766656305e-03, 1.3348471525113938e-03,
          -9.4285932694018484e-02, 7.7549741277960035e-02,
          1.8619255084933750e-03, 8.8338438613769464e-03,
          1.7685919712613341e-01, -1.0248192881634602e-02,
          2.0467817843185420e-02, 7.0876839672228817e-03,
          -3.7416104136850453e-02, 7.0072346892534693e-02,
          3.8461519873370952e-02, 6.2317730325824015e-03,
          1.0776743358679435e-02, -1.0248192881634604e-02,
          6.1824283943710652e-02, 5.9933710265584221e-03,
          6.9229499080810768e-03, 3.3825489674111191e-02,
          -2.8335617640053287e-03, 2.8114345056249275e-02,
          -5.0208977907023446e-03, 6.1675426498630382e-03,
          2.0467817843185427e-02, 5.9933710265584221e-03,
          2.6183853390322937e-02, 1.3269794494305284e-03,
          4.4758752450335107e-03, 5.6286625055444210e-03,
          8.2572378072816414e-03, -1.2280276286447287e-03,
          3.4193520766656305e-03, 7.0876839672228799e-03,
          6.9229499080810768e-03, 1.3269794494305282e-03,
          7.3833723721803399e-02, -1.0544263473818395e-03,
          8.3716904720199978e-02, 3.7317820543589504e-03,
          7.9398763663090528e-03, 1.3348471525113938e-03,
          -3.7416104136850453e-02, 3.3825489674111191e-02,
          4.4758752450335124e-03, -1.0544263473818390e-03,
          7.6474931202928711e-02 ]
   - !!opencv-matrix
      rows: 9
      cols: 9
      dt: d
      data: [ 1.0882714980977261e-01, 2.6886097610136321e-02,
          -2.6430411632220607e-02, 1.2019978400012175e-02,
          -1.0774858447968749e-02, 1.3819866320032521e-02,
          9.2567173115476516e-03, 3.1189259541460207e-03,
          7.2962571444319052e-03, 2.6886097610136321e-02,
          5.1988177542253843e-02, -1.2275580214245164e-02,
          1.6230440153675054e-02, 1.4569732110011648e-03,
          2.5583012992902006e-02, 5.7438293941529600e-03,
          7.6638681821239781e-03, 3.0860780284486144e-02,
          -2.6430411632220610e-02, -1.2275580214245159e-02,
          1.4116048237076761e-01, -3.4252261520764035e-02,
          7.6706881318324514e-03, 9.4516209177063389e-03,
          -8.3461812645082376e-03, -3.5760734640644179e-03,
          -6.3944926146595110e-02, 1.2019978400012172e-02,
          1.6230440153675054e-02, -3.4252261520764035e-02,
          4.0150722847679989e-02, 1.5482160841111866e-03,
          5.2216235736419238e-03, 2.6948598874313666e-03,
          6.1929997433209441e-03, 2.0821681799521746e-02,
          -1.0774858447968752e-02, 1.4569732110011656e-03,
          7.6706881318324531e-03, 1.5482160841111857e-03,
          5.0837785114572827e-02, 8.8931170069919147e-03,
          4.5996986481616769e-04, -2.8423146821477600e-03,
