%YAML:1.0
---
groups:
   - intact
   - CD19
   - blast
intactGmmnames:
   - "intact.653.0"
   - "intact.653.1"
   - "intact.653.2"
   - "intact.653.3"
   - "intact.653.4"
intactLabels:
   - FSC-A
   - SSC-A
   - SY41
   - CD19
   - CD10
   - CD20
   - CD45
   - CD34
   - CD38
intactMu: !!opencv-matrix
   rows: 5
   cols: 9
   dt: d
   data: [ 1.7344104408404599e+00, 1.6945461212738888e+00,
       2.6449892566112791e+00, 1.9252336741473033e+00,
       1.6045836546734054e+00, 1.7425132178070328e+00,
       2.8717150992759861e+00, 1.7654569124055637e+00,
       2.4558437666563426e+00, 2.2086418508388270e+00,
       3.0116645158345179e+00, 2.7795886503604508e+00,
       1.9061917467035236e+00, 1.3601523482322810e+00,
       1.5382947174292008e+00, 2.8657162932198741e+00,
       1.1037550360443142e+00, 2.1044402474184540e+00,
       9.3593124970748887e-01, 3.2608111478984403e-01,
       2.6423401077274975e+00, 1.0944175760101427e+00,
       9.1684038429267445e-01, 1.0066309132799349e+00,
       3.6117117839557400e+00, 1.0670823786118477e+00,
       1.7502537519087913e+00, 2.0068273541031223e+00,
       3.3550350508585125e+00, 2.7954034973156423e+00,
       1.9258130207974671e+00, 2.7407142573399823e+00,
       1.4132954106919344e+00, 3.0163147200064122e+00,
       1.1329109493234806e+00, 1.7222172603486832e+00,
       8.4371442893819326e-01, 3.3325534185189659e-01,
       3.0211385889168785e+00, 1.0608664201391955e+00,
       1.0341046844960657e+00, 1.1201645589904548e+00,
       1.3864778444982389e+00, 1.0719324425131183e+00,
       1.4820545198572055e+00 ]
intactSigma:
   - !!opencv-matrix
      rows: 9
      cols: 9
      dt: d
      data: [ 5.2015480289737570e-01, 4.1242464218157415e-01,
          -1.7359323196553027e-02, 1.7745092473688223e-01,
          9.3655142255968257e-02, 1.2065535466120229e-01,
          1.2410804162083913e-01, 1.1996130105215812e-01,
          5.5029072752454389e-02, 4.1242464218157404e-01,
          6.9574694921937896e-01, -2.3824335254822630e-02,
          2.7284489531234107e-01, 1.4162920038621149e-01,
          1.8086367678126913e-01, 1.0306081509618682e-01,
          1.5637397926785768e-01, 4.1171424972043181e-04,
          -1.7359323196553023e-02, -2.3824335254822630e-02,
          9.4100389871401471e-02, -6.1594720978505955e-02,
          4.4236946165111875e-02, -1.6795015680408653e-02,
          -2.3951321817260628e-02, -2.7375762211929552e-02,
          2.2627444639539501e-02, 1.7745092473688223e-01,
          2.7284489531234107e-01, -6.1594720978505955e-02,
          2.1097127787663256e-01, 5.4873767565266518e-02,
          1.2845236329196574e-01, 3.5782664129055584e-02,
          1.1289519167817623e-01, -2.4724181207534973e-02,
          9.3655142255968243e-02, 1.4162920038621149e-01,
          4.4236946165111875e-02, 5.4873767565266518e-02,
          2.4410663397461596e-01, 8.3926860951041196e-02,
          -1.2973209775135783e-02, 1.8637786962177848e-02,
          1.1045854823954120e-03, 1.2065535466120229e-01,
          1.8086367678126913e-01, -1.6795015680408660e-02,
          1.2845236329196574e-01, 8.3926860951041182e-02,
          1.4623173577468107e-01, 2.7694118347321431e-03,
          8.9425481919721106e-02, -1.6461756077459536e-02,
          1.2410804162083909e-01, 1.0306081509618682e-01,
          -2.3951321817260632e-02, 3.5782664129055584e-02,
          -1.2973209775135785e-02, 2.7694118347321435e-03,
          2.6686960762218248e-01, 4.4245071037839791e-02,
          1.2936137204570813e-01, 1.1996130105215812e-01,
          1.5637397926785770e-01, -2.7375762211929559e-02,
          1.1289519167817622e-01, 1.8637786962177848e-02,
          8.9425481919721106e-02, 4.4245071037839805e-02,
          2.9156548846674479e-01, 6.9396037338604610e-02,
          5.5029072752454389e-02, 4.1171424972043192e-04,
          2.2627444639539505e-02, -2.4724181207534973e-02,
          1.1045854823954111e-03, -1.6461756077459533e-02,
          1.2936137204570813e-01, 6.9396037338604610e-02,
          3.1847793773500982e-01 ]
   - !!opencv-matrix
      rows: 9
      cols: 9
      dt: d
      data: [ 2.4094009404185882e-01, 1.9497672497807347e-01,
          3.1039010883728282e-03, 3.8213504842193990e-02,
          2.6702491372058365e-02, 4.4558364885430050e-03,
          1.1090723243790861e-02, 1.0822735903650012e-02,
          -4.3609124732551352e-02, 1.9497672497807347e-01,
          5.0922427465321829e-01, 1.7160455118420469e-02,
          8.9391514821299520e-02, 7.4519212842380125e-02,
          3.9228640532659370e-02, 4.5406585189970650e-02,
          1.9655818258874132e-02, -7.7026951334621316e-04,
          3.1039010883728286e-03, 1.7160455118420469e-02,
          1.0640258478257782e-02, 3.3699696391786128e-03,
          6.9956437656977363e-03, 1.0089048503134652e-02,
          -1.4801050085157825e-03, 1.6841177088101928e-03,
          1.0219770809812638e-02, 3.8213504842193990e-02,
          8.9391514821299520e-02, 3.3699696391786128e-03,
          3.5228178261520825e-02, 1.2638869900798337e-02,
          1.2650689954259100e-02, 9.0372467592218318e-03,
          4.6853034444368658e-03, 5.8864174850480604e-03,
          2.6702491372058365e-02, 7.4519212842380125e-02,
          6.9956437656977354e-03, 1.2638869900798336e-02,
          1.0825063140521113e-01, 8.3879897973265817e-03,
          8.1487266971819374e-03, 9.4251556783765634e-04,
          8.9558848304636500e-03, 4.4558364885430033e-03,
          3.9228640532659370e-02, 1.0089048503134650e-02,
          1.2650689954259104e-02, 8.3879897973265869e-03,
          5.9955698982809488e-02, 7.2063189574801947e-03,
          4.0380144270311513e-03, 6.2667851958285142e-02,
          1.1090723243790858e-02, 4.5406585189970650e-02,
          -1.4801050085157821e-03, 9.0372467592218318e-03,
          8.1487266971819374e-03, 7.2063189574801947e-03,
          2.7936326020160936e-02, 3.6572998396257772e-04,
          1.5222064857796218e-02, 1.0822735903650012e-02,
          1.9655818258874132e-02, 1.6841177088101930e-03,
          4.6853034444368693e-03, 9.4251556783765710e-04,
          4.0380144270311504e-03, 3.6572998396257740e-04,
          6.8387166049444101e-02, 4.6919250098515306e-03,
          -4.3609124732551331e-02, -7.7026951334621977e-04,
          1.0219770809812638e-02, 5.8864174850480578e-03,
          8.9558848304636535e-03, 6.2667851958285128e-02,
          1.5222064857796218e-02, 4.6919250098515315e-03,
          1.9018818116651151e-01 ]
   - !!opencv-matrix
      rows: 9
      cols: 9
      dt: d
      data: [ 9.9191716054546325e-02, 2.2468067846224016e-02,
          -4.2562100789320496e-02, 1.9469471388411468e-02,
          7.6957314883763280e-03, 1.7629323681776689e-02,
          3.6074943380024753e-02, 1.4309993129024783e-03,
          -6.7237402895439996e-03, 2.2468067846224016e-02,
          1.6135176113429753e-02, -8.5227550088601400e-03,
          1.1319465675601267e-02, 5.5754601908413826e-03,
          1.2475225893324809e-02, 1.2488446972764147e-02,
          1.0787090112005027e-03, -4.4279679285664077e-04,
          -4.2562100789320496e-02, -8.5227550088601400e-03,
          3.5087992909171577e-02, -8.7266668019027552e-03,
          -2.6226782855833233e-03, -4.1857039320362726e-03,
          -1.7418376109330856e-02, -2.2217172738713841e-04,
          1.2639368262389930e-03, 1.9469471388411472e-02,
          1.1319465675601267e-02, -8.7266668019027552e-03,
          9.5280130693846249e-02, 4.6077421112645876e-03,
          1.0279909056012497e-02, 9.8588430572656947e-03,
          4.7265930809658029e-03, -8.9247220196292717e-03,
          7.6957314883763254e-03, 5.5754601908413835e-03,
          -2.6226782855833246e-03, 4.6077421112645867e-03,
          6.7393914965849316e-02, -2.8456203611829777e-03,
          4.6288322728925456e-03, -4.0718775738923995e-03,
