%YAML:1.0
---
groups:
   - intact
   - CD19
intactGmmnames:
   - "intact.658.0"
   - "intact.658.1"
   - "intact.658.2"
   - "intact.658.3"
   - "intact.658.4"
intactLabels:
   - FSC-A
   - SSC-A
   - SY41
   - CD19
   - CD10
   - CD20
   - CD45
   - CD34
   - CD38
intactMu: !!opencv-matrix
   rows: 5
   cols: 9
   dt: d
   data: [ 2.4777294942573356e+00, 1.5984198055858523e+00,
       2.8315823491801635e+00, 1.5740980164520537e+00,
       1.3926994732432962e+00, 1.5764604289202941e+00,
       2.8487809917028435e+00, 1.4142159118485236e+00,
       2.5451155800042953e+00, 1.6318000171400306e+00,
       5.2244286352583436e-01, 2.6502036237606337e+00,
       1.2620282196307415e+00, 1.1677376876519099e+00,
       1.1497342682493397e+00, 3.6378410626215176e+00,
       1.1132027346765210e+00, 2.0469598773970703e+00,
       2.8259070360634122e+00, 3.0598226741566674e+00,
       2.6927242046531497e+00, 1.8684044784477651e+00,
       2.1717449740142505e+00, 1.3625311461149392e+00,
       2.8122795206591271e+00, 1.1131106719332007e+00,
       1.5842426969582137e+00, 1.2186859367722607e+00,
       2.8307673365551400e-01, 2.6081135508064754e+00,
       1.1461787831309216e+00, 1.0135038791757476e+00,
       1.0331352194310524e+00, 3.5597593432021277e+00,
       1.0711635718976322e+00, 1.7243565987945531e+00,
       1.0890282979704986e+00, 4.1715154100328028e-01,
       3.0119161490150312e+00, 1.1135980890265347e+00,
       1.1044906875390008e+00, 1.1304531155746658e+00,
       1.4639810391259607e+00, 1.0903296558345601e+00,
       1.5546997392115818e+00 ]
intactSigma:
   - !!opencv-matrix
      rows: 9
      cols: 9
      dt: d
      data: [ 8.3645300923677857e-01, 3.6020259199795274e-01,
          3.6215725989084831e-03, 1.1232780792710755e-01,
          3.7798796133587005e-02, 8.9677147082970407e-02,
          1.2225586278182779e-01, 7.5628093637376227e-03,
          -7.8092088628157322e-02, 3.6020259199795274e-01,
          6.6137363267297067e-01, 2.9568078557074412e-02,
          1.7641647287124662e-01, 8.3159725246942262e-02,
          1.2498113153415713e-01, 5.7415478028922176e-02,
          -9.7774812262009861e-02, -4.5795519052158846e-02,
          3.6215725989084840e-03, 2.9568078557074412e-02,
          7.4233080799321186e-02, 3.3926511087192861e-04,
          2.2154222371536074e-02, 1.6193403260288845e-02,
          -1.4297894957705585e-02, -9.7691096398132664e-03,
          1.9098663770936330e-02, 1.1232780792710755e-01,
          1.7641647287124662e-01, 3.3926511087192834e-04,
          1.0010605194668316e-01, 3.9186210043723621e-02,
          6.3946983651454070e-02, 3.0510147241357942e-02,
          -1.6405292827424093e-02, -2.9236098189441399e-02,
          3.7798796133587019e-02, 8.3159725246942262e-02,
          2.2154222371536070e-02, 3.9186210043723621e-02,
          1.2632167998100655e-01, 5.3349916305370497e-02,
          2.1833152936352749e-03, -4.5986648208432446e-03,
          -2.0890816194754688e-02, 8.9677147082970393e-02,
          1.2498113153415713e-01, 1.6193403260288841e-02,
          6.3946983651454070e-02, 5.3349916305370497e-02,
          1.2807152436809643e-01, -1.0725747274295953e-03,
          -7.9650681491021010e-03, -1.6445656516659437e-02,
          1.2225586278182779e-01, 5.7415478028922155e-02,
          -1.4297894957705585e-02, 3.0510147241357938e-02,
          2.1833152936352753e-03, -1.0725747274295961e-03,
          2.7437153518219060e-01, 2.3964400390761451e-02,
          7.4839719715007191e-02, 7.5628093637376253e-03,
          -9.7774812262009861e-02, -9.7691096398132664e-03,
          -1.6405292827424093e-02, -4.5986648208432420e-03,
          -7.9650681491020940e-03, 2.3964400390761451e-02,
          2.5090848605199528e-01, 5.9882414906393393e-02,
          -7.8092088628157322e-02, -4.5795519052158833e-02,
          1.9098663770936327e-02, -2.9236098189441399e-02,
          -2.0890816194754688e-02, -1.6445656516659430e-02,
          7.4839719715007191e-02, 5.9882414906393393e-02,
          3.8549921426646039e-01 ]
   - !!opencv-matrix
      rows: 9
      cols: 9
      dt: d
      data: [ 2.3303433160977116e-01, 2.5622643364782420e-02,
          1.7560733711121518e-03, 1.0609583138591110e-02,
          -2.2844050392355163e-02, 3.4013915229619114e-02,
          1.8388091467910150e-02, -1.3878682242844294e-03,
          -1.8785939991535917e-02, 2.5622643364782420e-02,
          3.8560051620425695e-02, 5.5274995786266448e-03,
          1.5335503990401123e-02, -8.2539397883003365e-03,
          2.2856068233963186e-02, 3.4903392332226216e-03,
          2.7604693969916112e-03, 1.0751467472344480e-02,
          1.7560733711121520e-03, 5.5274995786266448e-03,
          5.8402285449759547e-02, -8.8202047680727537e-04,
          -1.2781397601066341e-03, 2.0387407506023577e-02,
          -1.9385996232552027e-03, 3.4567994114283289e-03,
          -2.4042153836094114e-02, 1.0609583138591106e-02,
          1.5335503990401119e-02, -8.8202047680727537e-04,
          5.5205370743530831e-02, -3.2136298344996620e-03,
          1.0991259116041614e-02, 4.5187936983954293e-03,
          4.7482228774828267e-03, -3.3010391068988352e-03,
          -2.2844050392355163e-02, -8.2539397883003383e-03,
          -1.2781397601066343e-03, -3.2136298344996616e-03,
          8.9631922100976494e-02, -5.9590404275690883e-03,
          -3.2377750765570481e-03, -4.7769468753085867e-03,
          -4.4710607547621413e-02, 3.4013915229619114e-02,
          2.2856068233963186e-02, 2.0387407506023577e-02,
          1.0991259116041614e-02, -5.9590404275690892e-03,
          8.7716612486947509e-02, 5.6614811924959197e-03,
          6.1005643912076463e-03, -1.8384256097253707e-02,
          1.8388091467910140e-02, 3.4903392332226225e-03,
          -1.9385996232552018e-03, 4.5187936983954267e-03,
          -3.2377750765570481e-03, 5.6614811924959197e-03,
          2.2610337432237764e-02, -3.2697149375364928e-03,
          -1.0838334147584066e-02, -1.3878682242844291e-03,
          2.7604693969916125e-03, 3.4567994114283306e-03,
          4.7482228774828250e-03, -4.7769468753085867e-03,
          6.1005643912076454e-03, -3.2697149375364933e-03,
          1.6667505996921991e-01, 9.8451765233527138e-04,
          -1.8785939991535914e-02, 1.0751467472344478e-02,
          -2.4042153836094114e-02, -3.3010391068988361e-03,
          -4.4710607547621413e-02, -1.8384256097253703e-02,
          -1.0838334147584066e-02, 9.8451765233527073e-04,
          3.1041944383112019e-01 ]
   - !!opencv-matrix
      rows: 9
      cols: 9
      dt: d
      data: [ 3.6939038446516803e-01, 1.4883293858857810e-01,
          -5.2290351904901349e-03, 3.7758606085653866e-02,
          -1.2677703139642527e-01, 4.2373227992670397e-02,
          -7.8778615542439354e-03, 3.9122542522069008e-03,
          2.1072281362609954e-02, 1.4883293858857810e-01,
          4.3804490650955114e-01, 6.1849202200738923e-03,
          8.8207956506428931e-02, 1.0195557300126859e-01,
          4.8988440521153261e-02, 3.2352152621905446e-02,
          1.0964699330899523e-02, -1.3084185295497238e-02,
          -5.2290351904901366e-03, 6.1849202200738940e-03,
          2.0585739755057099e-02, 1.0175809910881756e-03,
          -1.9740268215807026e-03, 6.0647620681433048e-03,
          -1.7904700156011690e-03, 5.5634650137125245e-04,
          1.7036305701619181e-03, 3.7758606085653866e-02,
          8.8207956506428931e-02, 1.0175809910881756e-03,
          3.6315966709662410e-02, 1.2450972817739501e-02,
          1.2276295878406120e-02, 6.2028118810712324e-03,
          3.0951940870873568e-03, -6.5855871774519485e-03,
          -1.2677703139642527e-01, 1.0195557300126856e-01,
          -1.9740268215807017e-03, 1.2450972817739499e-02,
          4.5305936448833511e-01, -2.4157509566522645e-02,
          5.3452212555438909e-02, 6.1989639319351524e-03,
