%YAML:1.0
---
groups:
   - intact
   - CD19
intactGmmnames:
   - "intact.660.0"
   - "intact.660.1"
   - "intact.660.2"
   - "intact.660.3"
   - "intact.660.4"
intactLabels:
   - FSC-A
   - SSC-A
   - SY41
   - CD19
   - CD10
   - CD20
   - CD45
   - CD34
   - CD38
intactMu: !!opencv-matrix
   rows: 5
   cols: 9
   dt: d
   data: [ 2.8182081858088486e+00, 3.6752270888031742e+00,
       3.3778599155900113e+00, 1.7032265735846865e+00,
       2.2268295476749995e+00, 1.2227623240702501e+00,
       2.7528320133800142e+00, 1.0866368164884570e+00,
       1.7196750836982768e+00, 1.3600329527835358e+00,
       3.4537645577977227e-01, 3.2964877828035304e+00,
       9.6284497666322499e-01, 8.8388224228550993e-01,
       9.8292791258618462e-01, 3.5605738109682523e+00,
       1.0605514897135020e+00, 1.7876258757013681e+00,
       2.1516542255810429e+00, 1.9498135854940246e+00,
       3.0253349922174917e+00, 1.5623962429942813e+00,
       1.3626098548559757e+00, 1.5177769392337224e+00,
       2.7675326919703953e+00, 1.5272054781996762e+00,
       1.9415835179839998e+00, 1.6389309592293246e+00,
       1.4596358713057542e+00, 2.8233838875582293e+00,
       1.2961656195236841e+00, 1.1041955398863277e+00,
       1.1684688776700287e+00, 1.3458615285901814e+00,
       1.1141431802946786e+00, 1.6361665693817733e+00,
       1.8369332823931597e+00, 5.1999501357161859e-01,
       2.9858824517956140e+00, 1.0956178621263712e+00,
       9.2758172908130687e-01, 1.0198434912318142e+00,
       3.5304464989769069e+00, 1.0711759585915317e+00,
       1.9512931952369650e+00 ]
intactSigma:
   - !!opencv-matrix
      rows: 9
      cols: 9
      dt: d
      data: [ 3.4882003064495798e-01, 9.1843786902385330e-02,
          -1.5523164990927443e-02, 2.4624183698643321e-02,
          -4.8284176357574544e-02, 1.9869445016241195e-02,
          -2.2464461215226841e-02, 1.1049306432639435e-03,
          2.2602176576789253e-03, 9.1843786902385330e-02,
          2.5421805392246322e-01, -2.4090021730687944e-02,
          6.1610686469671591e-02, 3.0912160316643785e-02,
          2.6359232912033275e-02, 1.4282171401278583e-02,
          1.8578250855110386e-03, -4.4893983531803634e-04,
          -1.5523164990927443e-02, -2.4090021730687947e-02,
          5.0959917209971679e-02, -1.8912615859689886e-02,
          -1.6234225741989836e-02, -1.1025638162916640e-03,
          -8.8031554413357596e-03, 1.2682076147119383e-04,
          1.0986754753490326e-03, 2.4624183698643318e-02,
          6.1610686469671570e-02, -1.8912615859689882e-02,
          4.6574889598892763e-02, 1.2349417185701974e-02,
          6.3879325114257011e-03, 5.7742080666061974e-03,
          9.9394188517339371e-04, -3.9779140590367771e-03,
          -4.8284176357574544e-02, 3.0912160316643782e-02,
          -1.6234225741989836e-02, 1.2349417185701973e-02,
          1.5611551939983373e-01, -1.1787809049439439e-03,
          4.8997887093716420e-02, 1.5478671392200258e-03,
          -9.8166660568542148e-04, 1.9869445016241195e-02,
          2.6359232912033272e-02, -1.1025638162916647e-03,
          6.3879325114257019e-03, -1.1787809049439446e-03,
          6.1181044574011745e-02, 7.6592572114794798e-04,
          8.6676830774164995e-04, 7.5307867952080607e-04,
          -2.2464461215226838e-02, 1.4282171401278583e-02,
          -8.8031554413357561e-03, 5.7742080666061983e-03,
          4.8997887093716427e-02, 7.6592572114794787e-04,
          5.4100170378062411e-02, -1.9017436747871420e-03,
          -3.2337908156182787e-04, 1.1049306432639420e-03,
          1.8578250855110392e-03, 1.2682076147119362e-04,
          9.9394188517339371e-04, 1.5478671392200262e-03,
          8.6676830774164919e-04, -1.9017436747871420e-03,
          6.2077878059100720e-02, 3.4582338726418680e-04,
          2.2602176576789245e-03, -4.4893983531803602e-04,
          1.0986754753490326e-03, -3.9779140590367771e-03,
          -9.8166660568542127e-04, 7.5307867952080628e-04,
          -3.2337908156182782e-04, 3.4582338726418690e-04,
          7.7259527228090916e-03 ]
   - !!opencv-matrix
      rows: 9
      cols: 9
      dt: d
      data: [ 9.9036192981365789e-02, 1.7381498849431985e-02,
          -4.2499377012532605e-02, 2.5524909905135205e-02,
          8.6715457180373580e-03, 1.2641205879297826e-02,
          1.9883408442993571e-02, 8.3268421268598263e-04,
          -5.1117942248241144e-03, 1.7381498849431985e-02,
          1.7069511243919325e-02, -1.2898456064228689e-02,
          1.3395894710806950e-02, 6.3274766284648455e-03,
          1.1346931824364611e-02, 1.0512992953407798e-02,
          7.5168458973875454e-04, -2.6157882760509152e-03,
          -4.2499377012532605e-02, -1.2898456064228693e-02,
          3.9477134838205974e-02, -2.3148991056149957e-02,
          -7.4156417073148644e-03, -7.0563761590312496e-03,
          -1.4866760643291984e-02, 1.1141132133175704e-04,
          2.9571341546316592e-03, 2.5524909905135205e-02,
          1.3395894710806952e-02, -2.3148991056149957e-02,
          6.6806016029603246e-02, 6.5916844328297065e-03,
          8.8344698263878550e-03, 1.2112542056537950e-02,
          3.6744970860576472e-03, -5.5488531748782910e-03,
          8.6715457180373580e-03, 6.3274766284648455e-03,
          -7.4156417073148644e-03, 6.5916844328297057e-03,
          4.6089827399247808e-02, -3.2694721030925586e-03,
          4.9515675187763652e-03, -4.4073751475732659e-03,
          -1.7478158112703096e-03, 1.2641205879297823e-02,
          1.1346931824364611e-02, -7.0563761590312496e-03,
          8.8344698263878585e-03, -3.2694721030925599e-03,
          7.6173090565965620e-02, 6.7121873130667961e-03,
          4.5219676200572700e-04, -3.2198639133168396e-03,
          1.9883408442993571e-02, 1.0512992953407799e-02,
          -1.4866760643291984e-02, 1.2112542056537950e-02,
          4.9515675187763652e-03, 6.7121873130667961e-03,
          1.7990662586562775e-02, -1.7916820568413053e-03,
          -1.7913259773759992e-03, 8.3268421268598318e-04,
          7.5168458973875389e-04, 1.1141132133175731e-04,
          3.6744970860576485e-03, -4.4073751475732651e-03,
          4.5219676200572700e-04, -1.7916820568413053e-03,
          1.3332889571943179e-01, 1.2844674459465894e-03,
          -5.1117942248241136e-03, -2.6157882760509147e-03,
          2.9571341546316605e-03, -5.5488531748782910e-03,
          -1.7478158112703096e-03, -3.2198639133168387e-03,
          -1.7913259773759992e-03, 1.2844674459465894e-03,
          1.7090964356157024e-02 ]
   - !!opencv-matrix
      rows: 9
      cols: 9
      dt: d
      data: [ 8.5072965689437585e-01, 2.6065503324517825e-01,
          1.0263760569304389e-01, 2.9838984181078190e-02,
          -4.9625686435206415e-02, -2.9148568578700896e-02,
          1.6935012762437301e-01, -9.6273788412210973e-02,
          4.9801953154604298e-02, 2.6065503324517825e-01,
          1.1028874081173083e+00, 4.2565797805411511e-02,
          2.4882762657845622e-01, 1.0120265993499986e-01,
          1.5903701648829807e-01, -3.6374846899063278e-02,
          1.3065490825993600e-01, 4.1210198213954517e-02,
          1.0263760569304389e-01, 4.2565797805411525e-02,
          2.2512794031811609e-01, -2.6802032683490479e-02,
          2.7951577058475081e-02, 2.6392928306896019e-02,
          9.9065153471790762e-02, -8.6707165940869926e-02,
          3.0869520172121943e-02, 2.9838984181078200e-02,
          2.4882762657845622e-01, -2.6802032683490479e-02,
          2.6776348045413922e-01, 5.1671427455167070e-02,
          2.0898223890405168e-01, 3.1634515494785527e-02,
          5.4548119670214126e-02, 9.9353252377051369e-03,
          -4.9625686435206415e-02, 1.0120265993499984e-01,
          2.7951577058475095e-02, 5.1671427455167063e-02,
          2.9425708684420632e-01, 9.6356645511912767e-02,
          -6.1924719137802418e-02, 2.9610890735866615e-02,
