%YAML:1.0
---
groups:
   - intact
   - CD19
intactGmmnames:
   - "intact.666.0"
   - "intact.666.1"
   - "intact.666.2"
   - "intact.666.3"
   - "intact.666.4"
intactLabels:
   - FSC-A
   - SSC-A
   - SY41
   - CD19
   - CD10
   - CD20
   - CD45
   - CD34
   - CD38
intactMu: !!opencv-matrix
   rows: 5
   cols: 9
   dt: d
   data: [ 2.7161266408667273e+00, 1.6409165542662083e+00,
       2.9388256517421634e+00, 1.5480937195986604e+00,
       1.4812639294485352e+00, 1.5990442083024867e+00,
       2.8047366493127766e+00, 1.5414452178285198e+00,
       2.6203902162876727e+00, 1.9638479948140777e+00,
       5.6594046107673590e-01, 2.6436339917474276e+00,
       1.2567133663373762e+00, 1.0941124430493483e+00,
       1.1337020812134710e+00, 3.7721163108325353e+00,
       1.2003385321923323e+00, 2.3066894907551507e+00,
       3.3919472201129963e+00, 3.1838863162643256e+00,
       2.7969410742082634e+00, 1.8736857661953985e+00,
       1.8713576536058603e+00, 1.3681327400367318e+00,
       2.8372121682260381e+00, 1.1657218143094179e+00,
       1.8734134605099892e+00, 2.0369512398804632e+00,
       6.2753864172299934e-01, 2.4845439951858306e+00,
       1.2025870727827968e+00, 1.1044734184655085e+00,
       1.1477716691021747e+00, 1.9120978375644158e+00,
       1.4317239733213578e+00, 1.6721734898501603e+00,
       1.4452025862864593e+00, 2.7489467155780767e-01,
       2.8277616014260842e+00, 1.1216523106914753e+00,
       1.0317928754152348e+00, 9.8797557038744066e-01,
       3.6493549124425488e+00, 1.1191249419002787e+00,
       1.9142629875880290e+00 ]
intactSigma:
   - !!opencv-matrix
      rows: 9
      cols: 9
      dt: d
      data: [ 9.2439067656060359e-01, 5.1107485901448302e-01,
          3.7827346955553953e-02, 1.1939203421417577e-01,
          2.8711764040587296e-03, 7.2983261598513025e-02,
          2.5902649744222789e-01, 4.1536533861684766e-02,
          1.7064365432067102e-01, 5.1107485901448302e-01,
          8.7203701260952571e-01, 3.7733805126566197e-02,
          2.2736299080644329e-01, 6.8292431935332853e-02,
          1.3845589425942403e-01, 9.3690647306903629e-02,
          -3.0263610761639304e-02, 6.8805950362971463e-02,
          3.7827346955553974e-02, 3.7733805126566197e-02,
          1.6440850851173991e-01, -2.1234645107332698e-02,
          4.5843364626390150e-04, 1.3289410111462271e-02,
          7.7382629910277459e-04, -4.0533685498290957e-02,
          5.5238015338234074e-02, 1.1939203421417577e-01,
          2.2736299080644329e-01, -2.1234645107332698e-02,
          1.4550347617989218e-01, 5.5540719470908766e-02,
          1.0192909882087073e-01, 5.3152918900678546e-02,
          3.0992602838387957e-02, 2.9767713387674286e-03,
          2.8711764040587288e-03, 6.8292431935332853e-02,
          4.5843364626390042e-04, 5.5540719470908766e-02,
          1.8903357862065137e-01, 8.7672803140515884e-02,
          2.8752108460983583e-02, 4.6110336287487216e-02,
          8.9747275235296294e-03, 7.2983261598513011e-02,
          1.3845589425942398e-01, 1.3289410111462271e-02,
          1.0192909882087074e-01, 8.7672803140515884e-02,
          1.9052752657191258e-01, 3.5754855826418977e-02,
          5.2056609651186053e-02, 3.8889066384548115e-02,
          2.5902649744222789e-01, 9.3690647306903629e-02,
          7.7382629910277556e-04, 5.3152918900678553e-02,
          2.8752108460983580e-02, 3.5754855826418970e-02,
          4.2964517648228362e-01, 7.1313539820601055e-02,
          1.9464718832118588e-01, 4.1536533861684759e-02,
          -3.0263610761639304e-02, -4.0533685498290957e-02,
          3.0992602838387950e-02, 4.6110336287487223e-02,
          5.2056609651186046e-02, 7.1313539820601027e-02,
          3.0894237326631807e-01, 5.0735165915414597e-02,
          1.7064365432067102e-01, 6.8805950362971463e-02,
          5.5238015338234074e-02, 2.9767713387674286e-03,
          8.9747275235296277e-03, 3.8889066384548115e-02,
          1.9464718832118588e-01, 5.0735165915414604e-02,
          4.1164751897035456e-01 ]
   - !!opencv-matrix
      rows: 9
      cols: 9
      dt: d
      data: [ 2.1092914840525431e-01, 2.3752614421390057e-02,
          -4.3633613126152722e-02, 1.0893085895906717e-02,
          5.2646907570674042e-03, 1.4894049037437160e-02,
          1.6170211307501126e-02, 5.9293653101837604e-03,
          5.0944376925628143e-02, 2.3752614421390060e-02,
          3.0055306286744025e-02, -4.8571193793977934e-04,
          1.0846537139111875e-02, 5.6482347459515187e-03,
          1.2771460939057693e-02, 5.9112502554285141e-03,
          8.1236333095625300e-03, 5.6532042846951132e-02,
          -4.3633613126152708e-02, -4.8571193793977955e-04,
          7.4857742825866741e-02, -4.8652933121920367e-03,
          5.0908903749626805e-03, 1.1415222310340676e-02,
          -1.3338243747946220e-02, 7.2254140470015462e-03,
          -3.3452537621935639e-02, 1.0893085895906717e-02,
          1.0846537139111878e-02, -4.8652933121920367e-03,
          5.1814207791891012e-02, 3.2298975271303743e-03,
          7.2939484641916146e-03, 5.0834289943953231e-03,
          5.7556853795903409e-03, 1.7876971200835069e-02,
          5.2646907570674016e-03, 5.6482347459515187e-03,
          5.0908903749626805e-03, 3.2298975271303756e-03,
          2.8538999203898453e-02, 3.8255397886852067e-03,
          7.8366224735674410e-04, -2.3175108846159487e-03,
          4.4283558971397758e-03, 1.4894049037437160e-02,
          1.2771460939057693e-02, 1.1415222310340676e-02,
          7.2939484641916146e-03, 3.8255397886852054e-03,
          7.8678160111881695e-02, 1.3440934327203105e-03,
          7.4545259622975368e-03, -7.9028215524693628e-03,
          1.6170211307501129e-02, 5.9112502554285141e-03,
          -1.3338243747946220e-02, 5.0834289943953231e-03,
          7.8366224735674454e-04, 1.3440934327203099e-03,
          2.1904889913270525e-02, -1.2197545433363806e-03,
          1.9914695522703078e-02, 5.9293653101837604e-03,
          8.1236333095625335e-03, 7.2254140470015453e-03,
          5.7556853795903400e-03, -2.3175108846159483e-03,
          7.4545259622975342e-03, -1.2197545433363809e-03,
          2.1459986086236449e-01, 2.7944449917948529e-02,
          5.0944376925628122e-02, 5.6532042846951132e-02,
          -3.3452537621935639e-02, 1.7876971200835062e-02,
          4.4283558971397749e-03, -7.9028215524693610e-03,
          1.9914695522703078e-02, 2.7944449917948522e-02,
          5.6032843289303624e-01 ]
   - !!opencv-matrix
      rows: 9
      cols: 9
      dt: d
      data: [ 3.7564372785945971e-01, 4.4040736193700532e-02,
          -6.2937094218605137e-05, 1.4003340786423167e-02,
          -2.2602175693143828e-01, 3.3250030126437492e-02,
          -4.4079416287828715e-02, -4.1477790079141813e-03,
          4.8666460232954942e-02, 4.4040736193700532e-02,
          4.6502249996037232e-01, -2.0388357119214193e-02,
          9.0795414863128934e-02, 2.0235475976454653e-01,
          4.0746055716597285e-02, 5.8450978964407124e-02,
          2.5743735571278990e-02, -1.4853433773188878e-02,
          -6.2937094218604839e-05, -2.0388357119214193e-02,
          2.5193789733371705e-02, -4.8177455210045954e-03,
          -1.2057409073113432e-02, 5.4889235095003219e-03,
          -7.0551214037841356e-03, 1.0366634496616713e-03,
          8.0798597606219612e-03, 1.4003340786423166e-02,
          9.0795414863128934e-02, -4.8177455210045962e-03,
          3.4698416913730212e-02, 3.5642542377472733e-02,
          9.3490682240620852e-03, 1.0979746484946462e-02,
          5.4008085965550918e-03, -6.3094879484642515e-03,
          -2.2602175693143828e-01, 2.0235475976454653e-01,
          -1.2057409073113427e-02, 3.5642542377472733e-02,
          5.4181725756280963e-01, -3.0161093298168491e-03,
          1.0425871533950666e-01, 3.9674467150235718e-02,
