%YAML:1.0
---
groups:
   - intact
   - CD19
intactGmmnames:
   - "intact.667.0"
   - "intact.667.1"
   - "intact.667.2"
   - "intact.667.3"
   - "intact.667.4"
intactLabels:
   - FSC-A
   - SSC-A
   - SY41
   - CD19
   - CD10
   - CD20
   - CD45
   - CD34
   - CD38
intactMu: !!opencv-matrix
   rows: 5
   cols: 9
   dt: d
   data: [ 1.0372674362438972e+00, 3.2979719185505513e-01,
       2.7491369666271108e+00, 1.0621324021644754e+00,
       9.7310300182386200e-01, 9.1013039523180805e-01,
       1.1957260793542244e+00, 1.0327606988273956e+00,
       1.4637204581753158e+00, 2.4279919720787735e+00,
       3.0499797412946057e+00, 2.8049455744890892e+00,
       1.7632823920147291e+00, 2.9853420416900396e+00,
       1.3010480404930442e+00, 3.4124814518198874e+00,
       1.1782590787251479e+00, 1.6799024710068589e+00,
       2.3197546456718912e+00, 1.4945019359947673e+00,
       2.8994379225691409e+00, 1.4689429706064698e+00,
       1.2233607768378596e+00, 1.3351723184432516e+00,
       3.5788134670484393e+00, 1.2974130288630374e+00,
       2.3356122243110375e+00, 1.1755200432621347e+00,
       2.7040581216633358e-01, 3.1347055528814658e+00,
       1.0907180836910830e+00, 8.8335083684284488e-01,
       9.4879330897218073e-01, 3.7042402209628409e+00,
       1.0625105131192616e+00, 1.7032580374113548e+00,
       1.6159604591253005e+00, 1.6574679482468295e+00,
       2.9272488333359368e+00, 1.4155648687267715e+00,
       1.7487601641837069e+00, 1.2470884717433124e+00,
       2.1801001374833011e+00, 1.1560702926298732e+00,
       1.5377538277778171e+00 ]
intactSigma:
   - !!opencv-matrix
      rows: 9
      cols: 9
      dt: d
      data: [ 5.7053577471024922e-02, 1.2050823510167230e-02,
          -1.0797773772789872e-02, 4.6628222209060067e-03,
          6.6877446880552090e-03, 9.0266920554828399e-03,
          8.8597768547654405e-03, 1.8573370892937147e-04,
          9.9044513515097305e-04, 1.2050823510167232e-02,
          1.0364682748962108e-02, -1.8921384093808246e-03,
          3.0337196152582908e-03, 4.8567654520724974e-03,
          7.9992185178252677e-03, 6.1982013823633298e-03,
          3.7997265739192157e-04, 7.5945174358534333e-04,
          -1.0797773772789872e-02, -1.8921384093808244e-03,
          1.4573365714914710e-01, -1.8272077790926496e-02,
          -4.5796623106948708e-03, 2.5599567832409044e-03,
          -3.0575074590123721e-03, 9.5947733796949590e-05,
          3.0880379748876299e-03, 4.6628222209060067e-03,
          3.0337196152582908e-03, -1.8272077790926496e-02,
          1.3902978396029129e-02, 2.5156085738306465e-03,
          2.1782498314927897e-03, 1.7817915449803261e-03,
          2.7370102141904292e-04, -2.3006402512444949e-03,
          6.6877446880552107e-03, 4.8567654520724965e-03,
          -4.5796623106948708e-03, 2.5156085738306461e-03,
          6.5201081889480234e-02, -3.9511385712155877e-03,
          1.4179918101668552e-02, -2.1311072869560800e-04,
          1.2539340943943419e-03, 9.0266920554828382e-03,
          7.9992185178252660e-03, 2.5599567832409044e-03,
          2.1782498314927897e-03, -3.9511385712155886e-03,
          7.0030122833669467e-02, 5.8919668506443113e-03,
          2.5241365833873666e-04, 4.0250506784075482e-04,
          8.8597768547654387e-03, 6.1982013823633306e-03,
          -3.0575074590123742e-03, 1.7817915449803254e-03,
          1.4179918101668552e-02, 5.8919668506443113e-03,
          1.4850617772865451e-01, -2.3114693076866995e-03,
          1.1828139416757617e-03, 1.8573370892937139e-04,
          3.7997265739192167e-04, 9.5947733796949725e-05,
          2.7370102141904292e-04, -2.1311072869560814e-04,
          2.5241365833873660e-04, -2.3114693076867004e-03,
          1.8651809765820537e-02, 1.7981166900625596e-05,
          9.9044513515097327e-04, 7.5945174358534311e-04,
          3.0880379748876299e-03, -2.3006402512444953e-03,
          1.2539340943943419e-03, 4.0250506784075509e-04,
          1.1828139416757617e-03, 1.7981166900625603e-05,
          4.4899269101413243e-03 ]
   - !!opencv-matrix
      rows: 9
      cols: 9
      dt: d
      data: [ 3.7771202861800646e-01, 1.5118951983931678e-01,
          -2.2405001697863584e-02, 3.2502173921559414e-02,
          -1.5007257648231916e-02, 3.3122006128328482e-02,
          1.6946857090568773e-03, 1.0864673922007882e-03,
          2.1210583742726500e-02, 1.5118951983931678e-01,
          3.5614808444380258e-01, -1.6713243006628867e-02,
          7.0242909008889978e-02, 2.4527515334998400e-02,
          4.6234231027290518e-02, 1.8718617224700498e-02,
          1.0200426924007076e-02, 1.1163788098814865e-02,
          -2.2405001697863577e-02, -1.6713243006628867e-02,
          4.9916358508662675e-02, -7.8610476859729984e-03,
          -9.1247294561995224e-03, -9.1096048543153150e-04,
          -9.9169112083912180e-03, 8.0852335089308402e-04,
          -2.0993844100369911e-03, 3.2502173921559394e-02,
          7.0242909008889978e-02, -7.8610476859729984e-03,
          3.5934288394311092e-02, 8.0613046286495509e-03,
          1.0186350857553294e-02, 5.9753383528913786e-03,
          2.9485531846771430e-03, -3.9054373435269815e-03,
          -1.5007257648231916e-02, 2.4527515334998397e-02,
          -9.1247294561995224e-03, 8.0613046286495526e-03,
          9.4329702379902097e-02, 6.1281695688339913e-03,
          3.1105804376135342e-02, 3.4671405750174625e-03,
          6.8593009425091728e-05, 3.3122006128328489e-02,
          4.6234231027290539e-02, -9.1096048543153237e-04,
          1.0186350857553294e-02, 6.1281695688339870e-03,
          5.8367233306317774e-02, 4.7579445351094551e-03,
          1.6508601546610768e-03, 2.7499687454617884e-03,
          1.6946857090568773e-03, 1.8718617224700505e-02,
          -9.9169112083912214e-03, 5.9753383528913786e-03,
          3.1105804376135342e-02, 4.7579445351094551e-03,
          3.0208522044111043e-02, -4.6972865539984837e-04,
          1.7260638850561374e-03, 1.0864673922007886e-03,
          1.0200426924007071e-02, 8.0852335089308370e-04,
          2.9485531846771430e-03, 3.4671405750174625e-03,
          1.6508601546610766e-03, -4.6972865539984880e-04,
          1.3086957021508261e-01, 2.1952103236713024e-03,
          2.1210583742726500e-02, 1.1163788098814870e-02,
          -2.0993844100369911e-03, -3.9054373435269811e-03,
          6.8593009425091159e-05, 2.7499687454617893e-03,
          1.7260638850561374e-03, 2.1952103236713028e-03,
          4.4284493595821157e-02 ]
   - !!opencv-matrix
      rows: 9
      cols: 9
      dt: d
      data: [ 5.6177853185898774e-01, 4.4277034648928743e-01,
          1.8996698042786885e-03, 8.3378975238648984e-02,
          7.3538219698927432e-02, 6.0271645936206222e-02,
          -1.3539503361576130e-01, -5.3519734436101810e-03,
          -1.0422217937616619e-01, 4.4277034648928743e-01,
          7.1405530107240134e-01, 9.7711651043415164e-03,
          1.6091884355784047e-01, 1.4974430515404077e-01,
          1.2012340942883262e-01, -1.5527732856815440e-01,
          2.5042848064503985e-03, -1.4300242946032662e-01,
          1.8996698042786878e-03, 9.7711651043415129e-03,
          9.7227722381105025e-02, -2.7704398237556804e-03,
          -2.9679564628571110e-03, 2.8150767166037181e-02,
          -4.8541595004904257e-02, -1.1790375259726964e-02,
          -2.7255335577340681e-02, 8.3378975238648984e-02,
          1.6091884355784047e-01, -2.7704398237556804e-03,
          1.0542380189908931e-01, 5.3190194664643274e-02,
          7.1743697654645389e-02, -1.7663061505962474e-02,
          9.6573675267096724e-03, -3.7766253731379179e-02,
          7.3538219698927432e-02, 1.4974430515404077e-01,
          -2.9679564628571102e-03, 5.3190194664643260e-02,
          1.7036500401334087e-01, 5.3564481198420638e-02,
          -6.3840757395662298e-03, 1.4882825820380665e-02,
