%YAML:1.0
---
groups:
   - intact
   - CD19
   - blast
intactGmmnames:
   - "intact.668.0"
   - "intact.668.1"
   - "intact.668.2"
   - "intact.668.3"
   - "intact.668.4"
intactLabels:
   - FSC-A
   - SSC-A
   - SY41
   - CD19
   - CD10
   - CD20
   - CD45
   - CD34
   - CD38
intactMu: !!opencv-matrix
   rows: 5
   cols: 9
   dt: d
   data: [ 1.0032298376194502e+00, 2.5282998062043344e-01,
       3.6066449207557616e+00, 8.7902431839771011e-01,
       8.5820944079086114e-01, 8.8767174990903974e-01,
       1.4012486333189795e+00, 1.0317949163765208e+00,
       1.5704899460956769e+00, 2.1129297664370621e+00,
       1.1480764695847332e+00, 3.3808998091547293e+00,
       1.2682716037421549e+00, 1.1225903167337163e+00,
       1.2295646132855800e+00, 3.3319955987384899e+00,
       1.2436948230097553e+00, 2.5969030843163012e+00,
       1.2606508017948115e+00, 2.9733275312818103e-01,
       3.4571319603470543e+00, 1.0658138102974355e+00,
       1.0149665360280773e+00, 1.0030037344641678e+00,
       3.6100516328288195e+00, 1.0602792241092835e+00,
       1.6360487299593240e+00, 3.2830661781510448e+00,
       2.4157974527341195e+00, 3.3515227853689131e+00,
       1.5786237163983958e+00, 1.7107514291738291e+00,
       1.0987469966521084e+00, 2.6976618971868067e+00,
       1.0685668661530876e+00, 1.6148256518893562e+00,
       1.8252061328006917e+00, 1.2342486981238781e+00,
       3.2777646684182287e+00, 1.2775494999516384e+00,
       1.5183907838784145e+00, 1.2063051505853815e+00,
       1.8003288423738049e+00, 1.1724161313678481e+00,
       1.6607318741896575e+00 ]
intactSigma:
   - !!opencv-matrix
      rows: 9
      cols: 9
      dt: d
      data: [ 5.1938857666930099e-02, 1.2783151101626939e-02,
          1.0524860094839456e-03, -1.0566280437244873e-03,
          4.8532872636618939e-03, 1.3589247245605614e-02,
          6.8598730644749660e-03, 5.4649363137271605e-04,
          2.8841251305252763e-03, 1.2783151101626939e-02,
          7.5321168928998367e-03, 4.7597964200781096e-03,
          -2.2742754468436589e-03, 1.3610007898082167e-03,
          6.5701251561892252e-03, 3.2441145153185658e-03,
          5.0733549813251585e-04, 1.8431182454809417e-03,
          1.0524860094839447e-03, 4.7597964200781087e-03,
          1.2946717953732992e-01, -5.2124389720237356e-02,
          -2.0572566562445750e-02, 1.0257855016192786e-03,
          -1.6362461097768058e-03, 2.8899379017185926e-03,
          7.8011683423531743e-03, -1.0566280437244873e-03,
          -2.2742754468436594e-03, -5.2124389720237356e-02,
          3.0435316038407871e-02, 1.1271611403312872e-02,
          -1.1996700250314785e-04, 1.0879814367189501e-03,
          -1.1485739961393773e-03, -4.6931377840688559e-03,
          4.8532872636618939e-03, 1.3610007898082167e-03,
          -2.0572566562445747e-02, 1.1271611403312870e-02,
          5.6245732107618039e-02, -3.2176301465504762e-03,
          7.4597151324222819e-03, -1.1605110058035882e-03,
          1.2065160914609963e-03, 1.3589247245605611e-02,
          6.5701251561892252e-03, 1.0257855016192795e-03,
          -1.1996700250314790e-04, -3.2176301465504775e-03,
          5.4217521150360333e-02, 3.1714583429602256e-03,
          3.7043086184793171e-04, 1.3091805850570135e-03,
          6.8598730644749660e-03, 3.2441145153185662e-03,
          -1.6362461097768058e-03, 1.0879814367189501e-03,
          7.4597151324222810e-03, 3.1714583429602256e-03,
          2.7322344153669017e-02, -9.6866534561863339e-04,
          4.7239564535505284e-03, 5.4649363137271626e-04,
          5.0733549813251585e-04, 2.8899379017185926e-03,
          -1.1485739961393769e-03, -1.1605110058035878e-03,
          3.7043086184793117e-04, -9.6866534561863317e-04,
          1.7255124788301539e-02, 2.8681215109809454e-04,
          2.8841251305252763e-03, 1.8431182454809417e-03,
          7.8011683423531743e-03, -4.6931377840688550e-03,
          1.2065160914609967e-03, 1.3091805850570127e-03,
          4.7239564535505292e-03, 2.8681215109809444e-04,
          7.3283958621488902e-03 ]
   - !!opencv-matrix
      rows: 9
      cols: 9
      dt: d
      data: [ 6.2365306822258071e-01, 4.9697118780963923e-01,
          1.1099281489111722e-01, 6.0341457895515323e-02,
          1.8775983182566999e-02, 1.5280044968297282e-01,
          -1.4473561579224922e-01, 4.0448846400799640e-02,
          1.7341846087202427e-02, 4.9697118780963923e-01,
          6.0266403735142138e-01, 1.2078864135292557e-01,
          8.8926854533092639e-02, 2.2353778903487682e-02,
          1.7505040717682521e-01, -1.6487910177595358e-01,
          5.2391259619244575e-03, 1.7896061983350236e-02,
          1.1099281489111722e-01, 1.2078864135292558e-01,
          1.3855371608059913e-01, -2.8721017790323888e-02,
          -9.7394359702416798e-03, 5.5016357117734421e-02,
          -8.2048626792322915e-02, 3.1162603400361723e-02,
          2.3466163150302335e-02, 6.0341457895515323e-02,
          8.8926854533092639e-02, -2.8721017790323895e-02,
          6.7105104589141373e-02, 3.1959262301815762e-02,
          1.8209705856203941e-02, 3.8057501607726995e-03,
          -1.4407699350215273e-02, -1.0376514966846264e-02,
          1.8775983182567006e-02, 2.2353778903487678e-02,
          -9.7394359702416781e-03, 3.1959262301815762e-02,
          1.6024900129472963e-01, 6.7692613103141844e-03,
          1.8576897722668597e-02, -1.0854752072018841e-02,
          -1.6093631125916604e-02, 1.5280044968297282e-01,
          1.7505040717682521e-01, 5.5016357117734428e-02,
          1.8209705856203941e-02, 6.7692613103141853e-03,
          1.0752511183228956e-01, -5.9933971032560492e-02,
          1.5754492936081329e-02, 1.0706574368174598e-02,
          -1.4473561579224922e-01, -1.6487910177595358e-01,
          -8.2048626792322901e-02, 3.8057501607726995e-03,
          1.8576897722668601e-02, -5.9933971032560492e-02,
          1.4105478009326408e-01, -4.0194113650342346e-02,
          -5.7514494854337475e-02, 4.0448846400799647e-02,
          5.2391259619244575e-03, 3.1162603400361720e-02,
          -1.4407699350215269e-02, -1.0854752072018841e-02,
          1.5754492936081332e-02, -4.0194113650342346e-02,
          2.3791936950362047e-01, 3.1215385566552616e-02,
          1.7341846087202444e-02, 1.7896061983350236e-02,
          2.3466163150302331e-02, -1.0376514966846264e-02,
          -1.6093631125916601e-02, 1.0706574368174593e-02,
          -5.7514494854337475e-02, 3.1215385566552623e-02,
          2.5957945670301269e-01 ]
   - !!opencv-matrix
      rows: 9
      cols: 9
      dt: d
      data: [ 6.2982849944108216e-02, 1.2211414850323362e-02,
          -2.7069203002801911e-02, 1.3752742536330608e-02,
          9.3671998892038127e-03, 8.8873018073446532e-03,
          1.3316862527959199e-02, 1.2925432151594000e-03,
          -6.5039271006112204e-03, 1.2211414850323362e-02,
          8.9933351425649961e-03, -9.1362139903376754e-03,
          6.2605632107097164e-03, 5.3604539724763324e-03,
          6.9185544738699098e-03, 6.5420551515782783e-03,
          2.9014198981036220e-04, -2.8384210832900123e-03,
          -2.7069203002801911e-02, -9.1362139903376789e-03,
          3.3456155416557408e-02, -1.4825795459166992e-02,
          -1.0559585592392430e-02, -4.0154993915008652e-03,
          -1.0424443895443211e-02, -1.5702104269947673e-05,
          4.6753779421853485e-03, 1.3752742536330614e-02,
          6.2605632107097164e-03, -1.4825795459166992e-02,
          3.0561391740341903e-02, 2.1493669560168131e-02,
          4.3114605946900373e-03, 6.3569318921080460e-03,
          1.4899971083823075e-03, -5.4118442125946258e-03,
          9.3671998892038109e-03, 5.3604539724763324e-03,
          -1.0559585592392432e-02, 2.1493669560168131e-02,
          1.6365299295929561e-01, -1.1267334955975849e-03,
