%YAML:1.0
---
groups:
   - intact
   - CD19
   - blast
intactGmmnames:
   - "intact.680.0"
   - "intact.680.1"
   - "intact.680.2"
   - "intact.680.3"
   - "intact.680.4"
intactLabels:
   - FSC-A
   - SSC-A
   - SY41
   - CD19
   - CD10
   - CD20
   - CD45
   - CD34
   - CD38
intactMu: !!opencv-matrix
   rows: 5
   cols: 9
   dt: d
   data: [ 2.0216441355032395e+00, 4.4673299305862779e-01,
       2.5076745961396294e+00, 1.3068057835659050e+00,
       1.0084820821278861e+00, 1.1246595633939647e+00,
       1.6615624014746504e+00, 1.6863530804440312e+00,
       1.5441784305492543e+00, 1.1711978741522557e+00,
       3.2730401378186896e-01, 3.3685841729349955e+00,
       1.1001179346080758e+00, 9.0835369981181524e-01,
       1.1209470949237899e+00, 3.5586872538006600e+00,
       1.0817290850353711e+00, 1.8162219431329032e+00,
       1.8427807808518253e+00, 2.5143040412177853e+00,
       3.4864679285660469e+00, 1.5630965682586870e+00,
       2.3505887254061006e+00, 1.2549184245240810e+00,
       2.8436105123352475e+00, 1.2163789319472644e+00,
       1.5631497567543644e+00, 1.0430928915107565e+00,
       4.1006866920140139e-01, 3.1858805035418234e+00,
       1.1013927119256950e+00, 1.0355111481188708e+00,
       1.2048032495891683e+00, 1.3687155513961020e+00,
       1.0650892794264477e+00, 1.5275941515512259e+00,
       2.0633936825839410e+00, 1.2054768947347918e+00,
       3.2766801482137908e+00, 1.3933176327308405e+00,
       1.4106620060641792e+00, 1.5320267967183878e+00,
       2.4853902289256591e+00, 1.5323489174954144e+00,
       1.9048861250768796e+00 ]
intactSigma:
   - !!opencv-matrix
      rows: 9
      cols: 9
      dt: d
      data: [ 8.2415927349035467e-01, 1.7556315176412057e-01,
          1.4720854393023164e-01, 7.4528775385137566e-02,
          6.5555309749775498e-02, 1.7112634439549118e-01,
          1.9394314760293055e-01, 1.6385253629191598e-01,
          4.8495502693165625e-02, 1.7556315176412057e-01,
          6.3968410075625121e-02, 5.0443770379643642e-02,
          2.6237227797670713e-02, 2.3611791590758130e-02,
          5.4697634458530771e-02, 6.0826357793309270e-02,
          5.5119162257081085e-02, 1.4901818211856262e-02,
          1.4720854393023164e-01, 5.0443770379643642e-02,
          6.9367166149919918e-02, 2.6675910689271540e-02,
          2.2898559581663393e-02, 5.3846498318478354e-02,
          5.2033324397882365e-02, 5.8100546581007613e-02,
          1.1464529429664415e-02, 7.4528775385137566e-02,
          2.6237227797670713e-02, 2.6675910689271540e-02,
          2.5128261994324833e-02, 1.2033013544410215e-02,
          2.7131185521313227e-02, 2.3579661895615535e-02,
          2.9137948056221392e-02, 2.7516096657016331e-03,
          6.5555309749775498e-02, 2.3611791590758130e-02,
          2.2898559581663393e-02, 1.2033013544410215e-02,
          6.1344550852904842e-02, 1.6965325949412993e-02,
          2.6393446178265056e-02, 2.1323696336886497e-02,
          5.6254882167283103e-03, 1.7112634439549118e-01,
          5.4697634458530771e-02, 5.3846498318478354e-02,
          2.7131185521313231e-02, 1.6965325949412996e-02,
          1.0678646474455152e-01, 5.6464078353919145e-02,
          5.7832551996440100e-02, 1.3270182283092853e-02,
          1.9394314760293055e-01, 6.0826357793309270e-02,
          5.2033324397882365e-02, 2.3579661895615535e-02,
          2.6393446178265063e-02, 5.6464078353919145e-02,
          1.3313426541218795e-01, 5.5077640924106067e-02,
          1.6935103842715505e-02, 1.6385253629191598e-01,
          5.5119162257081071e-02, 5.8100546581007613e-02,
          2.9137948056221392e-02, 2.1323696336886494e-02,
          5.7832551996440100e-02, 5.5077640924106060e-02,
          1.2448691092120112e-01, 1.3420940755695344e-02,
          4.8495502693165625e-02, 1.4901818211856262e-02,
          1.1464529429664415e-02, 2.7516096657016326e-03,
          5.6254882167283103e-03, 1.3270182283092857e-02,
          1.6935103842715505e-02, 1.3420940755695344e-02,
          1.4338816751528025e-02 ]
   - !!opencv-matrix
      rows: 9
      cols: 9
      dt: d
      data: [ 1.6633016558591687e-01, 2.9619187268783036e-02,
          -9.0436248020949170e-02, 3.6991509743159415e-02,
          1.9902166572287168e-02, 2.0557768664601142e-02,
          4.0479533425204092e-02, -2.0256313052580423e-03,
          1.2214426022116706e-02, 2.9619187268783036e-02,
          1.6687567156953000e-02, -2.3023968253342311e-02,
          1.1393489432790107e-02, 7.8193315475166471e-03,
          1.1886391415201095e-02, 1.1171334501021611e-02,
          1.3827254396009774e-03, 1.6820815147394957e-02,
          -9.0436248020949170e-02, -2.3023968253342304e-02,
          1.0325178761800753e-01, -3.6157745005303499e-02,
          -1.6547434687112318e-02, -8.8862895672841072e-03,
          -2.9046009530713349e-02, 3.1267079552626284e-03,
          -2.1800980039393240e-02, 3.6991509743159422e-02,
          1.1393489432790111e-02, -3.6157745005303499e-02,
          3.3889081479449738e-02, 8.0799654587193070e-03,
          6.5458430267968711e-03, 1.2804472267189232e-02,
          1.2919439211208411e-03, 4.7641816732719817e-03,
          1.9902166572287168e-02, 7.8193315475166471e-03,
          -1.6547434687112318e-02, 8.0799654587193105e-03,
          5.4169881738803820e-02, 1.8428330406382266e-03,
          8.1737553599372185e-03, -4.0673308984355656e-03,
          1.5047168496870233e-03, 2.0557768664601142e-02,
          1.1886391415201097e-02, -8.8862895672841072e-03,
          6.5458430267968711e-03, 1.8428330406382257e-03,
          7.7928840523257215e-02, 9.9826085457808533e-03,
          2.0442501020317264e-03, -1.0640994111440401e-02,
          4.0479533425204092e-02, 1.1171334501021611e-02,
          -2.9046009530713349e-02, 1.2804472267189230e-02,
          8.1737553599372185e-03, 9.9826085457808533e-03,
          2.4230831352797376e-02, -1.8540295739415313e-03,
          -6.7210892090920678e-03, -2.0256313052580441e-03,
          1.3827254396009778e-03, 3.1267079552626271e-03,
          1.2919439211208407e-03, -4.0673308984355647e-03,
          2.0442501020317273e-03, -1.8540295739415307e-03,
          1.4443556655695974e-01, 4.8779566688796688e-03,
          1.2214426022116700e-02, 1.6820815147394957e-02,
          -2.1800980039393240e-02, 4.7641816732719791e-03,
          1.5047168496870229e-03, -1.0640994111440401e-02,
          -6.7210892090920678e-03, 4.8779566688796688e-03,
          2.0018955272480338e-01 ]
   - !!opencv-matrix
      rows: 9
      cols: 9
      dt: d
      data: [ 3.6787378249116082e-01, 1.6316604498327175e-01,
          -7.5137877900207470e-02, 6.6489259722358710e-02,
          -6.6226940767123927e-04, 4.4858846348997942e-02,
          4.2611801492339285e-02, 1.1855011994661541e-02,
          8.6162496979362724e-03, 1.6316604498327175e-01,
          3.2229115108577333e-01, -5.5127571529183197e-02,
          8.8647727519149191e-02, 6.5967857042605771e-02,
          5.0991218545122854e-02, 4.6024544041502684e-02,
          2.0538272274071019e-02, 1.4468892266215323e-03,
          -7.5137877900207470e-02, -5.5127571529183197e-02,
          8.8090707592028222e-02, -4.1433114505685480e-02,
          -5.0446081961850749e-02, -6.4321056330382620e-03,
          -4.9992154528328954e-02, -1.5869077671632476e-04,
          -2.0489572245812257e-03, 6.6489259722358723e-02,
          8.8647727519149191e-02, -4.1433114505685494e-02,
          5.4045064219608564e-02, 3.4769113191999212e-02,
          1.5663000900527125e-02, 2.9794941341142925e-02,
          5.8972772262816031e-03, -4.5431492953113837e-03,
          -6.6226940767124209e-04, 6.5967857042605785e-02,
          -5.0446081961850749e-02, 3.4769113191999212e-02,
          2.3973002723414541e-01, 5.4116205480003142e-03,
          8.8586517952149502e-02, 1.4068733778189809e-02,
