%YAML:1.0
---
groups:
   - intact
   - CD19
   - blast
intactGmmnames:
   - "intact.681.0"
   - "intact.681.1"
   - "intact.681.2"
   - "intact.681.3"
   - "intact.681.4"
intactLabels:
   - FSC-A
   - SSC-A
   - SY41
   - CD19
   - CD10
   - CD20
   - CD45
   - CD34
   - CD38
intactMu: !!opencv-matrix
   rows: 5
   cols: 9
   dt: d
   data: [ 9.1616360801981889e-01, 3.2281042887833067e-01,
       3.2041425764213733e+00, 9.9283312929381118e-01,
       1.1385993396279370e+00, 9.9962327009233254e-01,
       1.4695399148166959e+00, 1.0771243812858780e+00,
       1.5960856777545356e+00, 1.3196261482079663e+00,
       3.3479228683038592e-01, 3.1662139789789290e+00,
       1.2073770945845703e+00, 9.8174090460220798e-01,
       1.0644988533157718e+00, 3.7718142820901890e+00,
       1.1214496829862575e+00, 1.7252238267421192e+00,
       1.8807438462510453e+00, 1.7484180238578235e+00,
       3.0740947761911301e+00, 1.5237953799068669e+00,
       1.9178592714412159e+00, 1.3711345279665332e+00,
       2.6595231496489133e+00, 1.3442954006031087e+00,
       1.8660769205105430e+00, 1.4106185009544141e+00,
       4.3328033297815366e-01, 3.0327128985733829e+00,
       1.2229908946335564e+00, 9.4298301411744923e-01,
       9.3183579931905258e-01, 3.7755309157951178e+00,
       1.1431454237853171e+00, 2.9190776380785395e+00,
       9.7205721708380832e-01, 1.8552383819325555e-01,
       3.3512741542275446e+00, 1.0332567073433043e+00,
       8.4398895133845397e-01, 8.8953617585616185e-01,
       3.5946214487081578e+00, 1.0909524987854287e+00,
       1.8804333610380710e+00 ]
intactSigma:
   - !!opencv-matrix
      rows: 9
      cols: 9
      dt: d
      data: [ 7.3147247021842138e-02, 1.6731145463537968e-02,
          8.4670815260389585e-03, 2.3331812971194984e-03,
          1.4443060521617278e-02, 2.1522981525606628e-02,
          1.0676563007112141e-02, 1.9819933838920644e-03,
          6.2739107783996518e-03, 1.6731145463537968e-02,
          1.4684056834290447e-02, 9.6518557420814562e-03,
          1.5303620746578476e-03, 1.0151688243206697e-02,
          1.4184127231140261e-02, 6.0092135981174299e-03,
          1.6378835058781468e-03, 3.7645664598559957e-03,
          8.4670815260389585e-03, 9.6518557420814562e-03,
          1.0029283251327417e-01, -2.2636697727805889e-02,
          5.8286466590896048e-03, 1.1659921135621290e-02,
          8.5193679319081495e-03, 1.2194596754804814e-03,
          8.1663338922390513e-03, 2.3331812971194984e-03,
          1.5303620746578469e-03, -2.2636697727805889e-02,
          1.8567266119383273e-02, 3.1127147189952040e-03,
          1.6284717252272644e-03, -5.1041009815250000e-04,
          3.8301059832463943e-04, -2.5231620257264238e-03,
          1.4443060521617273e-02, 1.0151688243206697e-02,
          5.8286466590896048e-03, 3.1127147189952005e-03,
          1.3633536092586612e-01, 7.3337656404609125e-03,
          1.6842119288770607e-02, 1.2444737106224015e-03,
          9.7825302760941833e-03, 2.1522981525606628e-02,
          1.4184127231140261e-02, 1.1659921135621290e-02,
          1.6284717252272654e-03, 7.3337656404609151e-03,
          7.2237942679187928e-02, 7.6402577841540231e-03,
          1.8602672830916802e-03, 4.4386213610990537e-03,
          1.0676563007112141e-02, 6.0092135981174299e-03,
          8.5193679319081495e-03, -5.1041009815249979e-04,
          1.6842119288770607e-02, 7.6402577841540231e-03,
          2.4714108927849483e-02, 3.0231916028643615e-04,
          6.1464127466993425e-03, 1.9819933838920640e-03,
          1.6378835058781464e-03, 1.2194596754804814e-03,
          3.8301059832463938e-04, 1.2444737106224013e-03,
          1.8602672830916815e-03, 3.0231916028643604e-04,
          2.2379106291524700e-02, 6.8895909448888270e-04,
          6.2739107783996518e-03, 3.7645664598559966e-03,
          8.1663338922390513e-03, -2.5231620257264234e-03,
          9.7825302760941851e-03, 4.4386213610990528e-03,
          6.1464127466993425e-03, 6.8895909448888270e-04,
          8.7186867087875146e-03 ]
   - !!opencv-matrix
      rows: 9
      cols: 9
      dt: d
      data: [ 8.3972736217668764e-02, 7.4936914091178787e-03,
          -2.1587275369260146e-02, 6.5214129985611468e-03,
          -1.0709482365179945e-02, -1.3757705009681038e-02,
          2.0591831034760592e-02, -4.4820032566375732e-03,
          -4.5132322032528259e-03, 7.4936914091178787e-03,
          1.2153965687534121e-02, -3.2481711030176875e-03,
          2.6633666124179509e-03, -2.7200555195186632e-03,
          -9.6280484316453281e-04, 7.4987616487772529e-03,
          6.1637998696895872e-04, 1.4058258584743843e-03,
          -2.1587275369260139e-02, -3.2481711030176875e-03,
          4.6619450044834074e-02, -1.0340727305014402e-02,
          5.2363920160663890e-03, 1.1290930645090218e-02,
          -1.3746060775924383e-02, 8.2619976649498852e-03,
          2.7985129705996492e-03, 6.5214129985611468e-03,
          2.6633666124179509e-03, -1.0340727305014398e-02,
          6.2202825797402231e-02, -1.0451913065503428e-03,
          3.5262850524389724e-02, 5.3229113400571166e-03,
          -2.6484786365727874e-04, -3.3342900937383137e-03,
          -1.0709482365179943e-02, -2.7200555195186632e-03,
          5.2363920160663881e-03, -1.0451913065503428e-03,
          7.9300006201363668e-02, 1.7033774392159484e-03,
          -4.8744311517450699e-03, -4.2309575739023168e-03,
          3.1162674641982612e-03, -1.3757705009681041e-02,
          -9.6280484316453314e-04, 1.1290930645090217e-02,
          3.5262850524389724e-02, 1.7033774392159484e-03,
          1.7856718424108567e-01, -1.0333709244541581e-02,
          2.7376649408126091e-03, 3.2955531428778585e-03,
          2.0591831034760592e-02, 7.4987616487772529e-03,
          -1.3746060775924383e-02, 5.3229113400571184e-03,
          -4.8744311517450699e-03, -1.0333709244541581e-02,
          2.1921507451532065e-02, -5.5845201291902791e-03,
          3.3510099161099667e-04, -4.4820032566375784e-03,
          6.1637998696895894e-04, 8.2619976649498869e-03,
          -2.6484786365727874e-04, -4.2309575739023176e-03,
          2.7376649408126074e-03, -5.5845201291902808e-03,
          1.9823184965115445e-01, 6.1772538273352018e-03,
          -4.5132322032528259e-03, 1.4058258584743843e-03,
          2.7985129705996479e-03, -3.3342900937383137e-03,
          3.1162674641982634e-03, 3.2955531428778598e-03,
          3.3510099161099629e-04, 6.1772538273352018e-03,
          4.1362801330699278e-02 ]
   - !!opencv-matrix
      rows: 9
      cols: 9
      dt: d
      data: [ 5.3056317571112133e-01, 2.4765397419285901e-01,
          4.4148969836417487e-02, 6.8203460225482931e-02,
          1.3666001626803964e-01, 5.4998032899594762e-02,
          1.7671362408875221e-01, 4.3149294234443220e-02,
          3.2415750627419887e-02, 2.4765397419285901e-01,
          1.0559635154560250e+00, -5.1051028386452375e-02,
          2.9165544479317473e-01, 3.0830043910433380e-01,
          2.8602813690381652e-02, 2.7304125762743486e-01,
          -4.9056660866700373e-02, -1.1183335491874430e-01,
          4.4148969836417473e-02, -5.1051028386452361e-02,
          1.9359070750622451e-01, -4.8469118573374652e-02,
          4.9470789833067207e-02, 4.6599853986242668e-02,
          1.1926874126529290e-01, -3.0995568086847895e-03,
          9.2876618214972367e-02, 6.8203460225482931e-02,
          2.9165544479317473e-01, -4.8469118573374652e-02,
          1.5760299587751214e-01, 1.1446468988738684e-01,
          4.3181471245447155e-02, 1.1159753757542973e-01,
          7.9810314553614547e-03, -4.0492431526297050e-02,
          1.3666001626803964e-01, 3.0830043910433380e-01,
          4.9470789833067207e-02, 1.1446468988738684e-01,
          6.7723125976473575e-01, 2.4359180236222529e-02,
          4.8522449726990530e-01, 8.8437324870800482e-03,
