%YAML:1.0
---
groups:
   - intact
   - CD19
intactGmmnames:
   - "intact.684.0"
   - "intact.684.1"
   - "intact.684.2"
   - "intact.684.3"
   - "intact.684.4"
intactLabels:
   - FSC-A
   - SSC-A
   - SY41
   - CD19
   - CD10
   - CD20
   - CD45
   - CD34
   - CD38
intactMu: !!opencv-matrix
   rows: 5
   cols: 9
   dt: d
   data: [ 9.6305892391096493e-01, 2.1382122952686758e-01,
       3.7721074174623057e+00, 9.3119108960289310e-01,
       7.5950364273613347e-01, 8.9755037283955352e-01,
       3.2856623408135364e+00, 9.7037906118482842e-01,
       1.6655301535216778e+00, 3.1728510061256441e+00,
       1.9208367352636551e+00, 3.3159271061144668e+00,
       1.4441120195863304e+00, 1.1384907723801183e+00,
       1.3272650066499947e+00, 2.4925457979356689e+00,
       1.0354165642807789e+00, 1.6682000596637649e+00,
       1.6700363805873164e+00, 3.6773680455223390e-01,
       3.3845410673209337e+00, 1.0457672376657539e+00,
       8.9523135011140831e-01, 1.0453416976444192e+00,
       1.2124733806917267e+00, 9.9907172463965721e-01,
       1.5578645392116690e+00, 2.1581724720114162e+00,
       9.5421409455246220e-01, 3.4034788029378573e+00,
       1.2561615643810513e+00, 1.1088125976255143e+00,
       1.4196645563967920e+00, 3.2547342243346336e+00,
       1.0540054122048321e+00, 2.1601034289041654e+00,
       3.1574023415253922e+00, 2.5652988233974909e+00,
       3.2872490589029644e+00, 1.5781062148871241e+00,
       2.3783879138065931e+00, 1.2220168945247709e+00,
       2.8820714974782806e+00, 1.0250503345829765e+00,
       1.5320297396868670e+00 ]
intactSigma:
   - !!opencv-matrix
      rows: 9
      cols: 9
      dt: d
      data: [ 1.2291277331943187e-01, 6.6681663354414399e-03,
          -2.3087900171925631e-02, 1.2128777150907677e-02,
          8.4364156745638519e-03, 1.1140456397600319e-02,
          1.3919374276383881e-02, 8.2039471328029009e-04,
          -9.6731578887123016e-03, 6.6681663354414408e-03,
          4.5703544620738328e-03, -7.6387797937602152e-04,
          1.4495340859331999e-03, 1.8237179272745767e-03,
          6.6054198961150064e-03, 2.2298143469454859e-03,
          2.1339179221347313e-04, -1.4554638295968801e-03,
          -2.3087900171925631e-02, -7.6387797937602152e-04,
          8.6982560115146431e-03, -4.5161132416344134e-03,
          -2.4925413920593455e-03, -1.1510204539469210e-04,
          -2.6733735900495163e-03, 2.6842295991496391e-04,
          1.6647478230107425e-03, 1.2128777150907677e-02,
          1.4495340859331997e-03, -4.5161132416344134e-03,
          1.0828109217947322e-02, 1.7883709306476276e-03,
          1.9307464504334662e-03, 1.3980863514372066e-03,
          8.0479867529783633e-04, -2.6175151711688677e-03,
          8.4364156745638536e-03, 1.8237179272745762e-03,
          -2.4925413920593464e-03, 1.7883709306476276e-03,
          3.0617434615023791e-02, -3.0662891532156752e-03,
          1.7843413932253347e-03, -2.8214112874653447e-03,
          -1.4152380360510351e-03, 1.1140456397600324e-02,
          6.6054198961150064e-03, -1.1510204539469214e-04,
          1.9307464504334658e-03, -3.0662891532156756e-03,
          8.3015162657053013e-02, 5.1299709072124017e-03,
          3.8781106519933769e-04, -4.9003601385586067e-03,
          1.3919374276383881e-02, 2.2298143469454859e-03,
          -2.6733735900495168e-03, 1.3980863514372068e-03,
          1.7843413932253347e-03, 5.1299709072124017e-03,
          8.4656554646410209e-03, -2.0548314823945401e-03,
          -2.4371746820281014e-03, 8.2039471328028987e-04,
          2.1339179221347313e-04, 2.6842295991496391e-04,
          8.0479867529783557e-04, -2.8214112874653447e-03,
          3.8781106519933790e-04, -2.0548314823945406e-03,
          9.8164207400961045e-02, 7.6369965338634444e-04,
          -9.6731578887123016e-03, -1.4554638295968803e-03,
          1.6647478230107429e-03, -2.6175151711688677e-03,
          -1.4152380360510351e-03, -4.9003601385586067e-03,
          -2.4371746820281014e-03, 7.6369965338634455e-04,
          1.8957291852188758e-02 ]
   - !!opencv-matrix
      rows: 9
      cols: 9
      dt: d
      data: [ 7.6728916980454620e-01, 3.6270905602761533e-01,
          2.2361241940131737e-02, 7.9358826334537461e-02,
          -6.0009817440337824e-03, 3.7065036776566564e-02,
          2.0366863984071543e-01, -7.7982911799001544e-03,
          1.2371736603525927e-02, 3.6270905602761533e-01,
          7.0607455799646823e-01, -4.1444725794140241e-02,
          1.5310340326209032e-01, 3.9276813556143743e-02,
          2.9540687628605261e-02, 2.4143762527276458e-01,
          -2.1249622740851248e-02, -9.3776471323883445e-03,
          2.2361241940131747e-02, -4.1444725794140241e-02,
          1.7923301829828989e-01, -5.0545750538480566e-02,
          -2.1883795248926148e-02, 3.1702322228532226e-02,
          1.4503715306816647e-02, 3.8886892544123320e-04,
          3.7876632294165290e-02, 7.9358826334537461e-02,
          1.5310340326209032e-01, -5.0545750538480566e-02,
          6.0563933723863587e-02, 1.4902723486694535e-02,
          1.4032568787252099e-03, 4.8285981881399688e-02,
          -3.0258955437853499e-03, -1.5572559787121536e-02,
          -6.0009817440337824e-03, 3.9276813556143743e-02,
          -2.1883795248926148e-02, 1.4902723486694537e-02,
          8.2173592707590795e-02, 1.3238784490906924e-02,
          -3.6748810704503865e-03, -6.5218339185176032e-04,
          -2.4194313165975122e-03, 3.7065036776566564e-02,
          2.9540687628605272e-02, 3.1702322228532219e-02,
          1.4032568787252103e-03, 1.3238784490906924e-02,
          8.5553678053024815e-02, -4.0744663172109803e-03,
          4.6287814262180073e-03, 1.8431010084934130e-02,
          2.0366863984071545e-01, 2.4143762527276455e-01,
          1.4503715306816651e-02, 4.8285981881399688e-02,
          -3.6748810704503856e-03, -4.0744663172109776e-03,
          2.3954687366583188e-01, -2.0526547440120096e-02,
          6.5735412956578467e-03, -7.7982911799001501e-03,
          -2.1249622740851251e-02, 3.8886892544123287e-04,
          -3.0258955437853490e-03, -6.5218339185176011e-04,
          4.6287814262180099e-03, -2.0526547440120096e-02,
          5.7425604297757692e-02, -3.3658618077123126e-04,
          1.2371736603525928e-02, -9.3776471323883445e-03,
          3.7876632294165290e-02, -1.5572559787121536e-02,
          -2.4194313165975131e-03, 1.8431010084934130e-02,
          6.5735412956578450e-03, -3.3658618077123115e-04,
          3.5649789656282294e-02 ]
   - !!opencv-matrix
      rows: 9
      cols: 9
      dt: d
      data: [ 5.8955984325796218e-01, 7.6071134724014028e-02,
          -8.6890443441023521e-02, 5.2542870391946037e-02,
          4.2648016768758165e-02, 6.2644046342584067e-02,
          5.3392861182114490e-02, 1.9694281896185193e-03,
          1.0968776276225516e-03, 7.6071134724014028e-02,
          3.7217033661935871e-02, -8.0134747831089124e-03,
          1.3809765958579537e-02, 1.7384498461871761e-02,
          3.7770767431083145e-02, 1.8321710190089876e-02,
          1.7984290132691204e-03, 1.9086289737203100e-03,
          -8.6890443441023507e-02, -8.0134747831089124e-03,
          2.6459211725172072e-01, -8.6730289962212298e-02,
          -4.3790576351058326e-02, -6.4558531547477165e-03,
          -4.3955285561030732e-02, 1.6660823787277939e-03,
          8.9671357542346879e-03, 5.2542870391946037e-02,
          1.3809765958579535e-02, -8.6730289962212298e-02,
          4.4916081819739294e-02, 2.5043222239486736e-02,
          1.8401598874355309e-02, 2.0621570231703881e-02,
          -2.2334149020867826e-04, -4.4116849415571438e-03,
          4.2648016768758165e-02, 1.7384498461871758e-02,
          -4.3790576351058326e-02, 2.5043222239486736e-02,
          5.4494091831821329e-02, 2.0326345800036515e-02,
