%YAML:1.0
---
groups:
   - intact
   - CD19
intactGmmnames:
   - "intact.685.0"
   - "intact.685.1"
   - "intact.685.2"
   - "intact.685.3"
   - "intact.685.4"
intactLabels:
   - FSC-A
   - SSC-A
   - SY41
   - CD19
   - CD10
   - CD20
   - CD45
   - CD34
   - CD38
intactMu: !!opencv-matrix
   rows: 5
   cols: 9
   dt: d
   data: [ 3.3816184616652318e+00, 2.4318795445099033e+00,
       3.4233198875620281e+00, 1.4861612968883120e+00,
       2.0170605427553343e+00, 1.1487468715439739e+00,
       2.8434858500161182e+00, 1.1178028305944581e+00,
       1.7789022788830402e+00, 1.5037585178116595e+00,
       3.5147158537220047e-01, 3.4648583407162152e+00,
       1.0421269271996692e+00, 8.2792260829718634e-01,
       9.3982950640677310e-01, 3.6048218144638118e+00,
       1.0375620688808573e+00, 1.9729357085106525e+00,
       3.3013396080722406e+00, 2.9333630315812256e+00,
       3.1803375648675201e+00, 1.6907062384882046e+00,
       2.6856382446899723e+00, 1.2946834194881705e+00,
       3.1278134181559727e+00, 1.1612552010522212e+00,
       1.7601291708775988e+00, 2.2471063939879801e+00,
       1.4709218972924989e+00, 3.3099835283877499e+00,
       1.4359125732032698e+00, 1.6147717190642512e+00,
       1.5875397607423258e+00, 2.8307869373919172e+00,
       1.3258986266937671e+00, 2.1740789525203850e+00,
       1.3414026119057045e+00, 3.9737217246753542e-01,
       3.3179245458791988e+00, 9.9509174401198452e-01,
       1.0347340767374054e+00, 1.0172256005848630e+00,
       1.4111544936383822e+00, 1.0934982500675141e+00,
       1.7371875841036173e+00 ]
intactSigma:
   - !!opencv-matrix
      rows: 9
      cols: 9
      dt: d
      data: [ 4.5239751131688294e-01, 2.8068526186048187e-02,
          -3.2667899401028613e-02, 2.4809964865102122e-02,
          -2.0061459429076517e-01, 3.2407455378644680e-02,
          -4.3852324716418624e-02, -6.2250815360020565e-03,
          1.5450232310465330e-02, 2.8068526186048177e-02,
          2.8907910982126422e-01, -1.2849407364675099e-02,
          6.2768325209065778e-02, 1.2556159995260499e-01,
          1.8953885609685802e-02, 5.8473656434383153e-02,
          -9.1566541520403857e-03, -1.8395660583088883e-03,
          -3.2667899401028620e-02, -1.2849407364675099e-02,
          7.8700592481170728e-02, -3.0421749864561833e-02,
          9.2505482441958449e-03, 8.7402086204545048e-03,
          1.4043879442093461e-03, 8.5689002554639314e-04,
          3.7285292523529055e-03, 2.4809964865102122e-02,
          6.2768325209065792e-02, -3.0421749864561826e-02,
          4.4006774397877209e-02, 1.4651450019046604e-02,
          9.0337226732161487e-04, 8.5148450201185406e-03,
          -1.7893377699885677e-03, -3.6667993271467230e-03,
          -2.0061459429076517e-01, 1.2556159995260499e-01,
          9.2505482441958432e-03, 1.4651450019046604e-02,
          3.9965290747578408e-01, -4.7210920951153715e-02,
          9.1840315010572299e-02, 2.2183616754996877e-03,
          -2.0101066072680970e-02, 3.2407455378644680e-02,
          1.8953885609685805e-02, 8.7402086204545048e-03,
          9.0337226732161487e-04, -4.7210920951153729e-02,
          8.6340908686432460e-02, -1.4907650117932623e-02,
          3.6387950123105616e-03, 3.9316118648589247e-03,
          -4.3852324716418624e-02, 5.8473656434383146e-02,
          1.4043879442093448e-03, 8.5148450201185406e-03,
          9.1840315010572299e-02, -1.4907650117932630e-02,
          6.4222946471861636e-02, -6.7468175510960000e-03,
          -3.4124813312199367e-03, -6.2250815360020565e-03,
          -9.1566541520403891e-03, 8.5689002554639249e-04,
          -1.7893377699885681e-03, 2.2183616754996856e-03,
          3.6387950123105616e-03, -6.7468175510960017e-03,
          6.2308637830910812e-02, -2.9273785655366865e-04,
          1.5450232310465330e-02, -1.8395660583088889e-03,
          3.7285292523529055e-03, -3.6667993271467230e-03,
          -2.0101066072680970e-02, 3.9316118648589247e-03,
          -3.4124813312199367e-03, -2.9273785655366881e-04,
          8.1999997931912812e-03 ]
   - !!opencv-matrix
      rows: 9
      cols: 9
      dt: d
      data: [ 1.1405045470721832e-01, 2.3133037769021481e-02,
          -4.7231625178004194e-02, 2.0473886393264945e-02,
          8.8552310864860751e-03, 1.0496833601974615e-02,
          1.7871192813049178e-02, 1.7900648391379907e-03,
          2.5060195994784745e-02, 2.3133037769021481e-02,
          1.7488987666879559e-02, -2.3298409463749812e-02,
          1.2151512956953920e-02, 5.9697978631326910e-03,
          1.1092675532375766e-02, 9.8928201177153792e-03,
          4.4821638987780228e-04, 1.4704363862552408e-02,
          -4.7231625178004201e-02, -2.3298409463749815e-02,
          6.3944019240408989e-02, -2.6349589361159900e-02,
          -1.1126229876689212e-02, -8.8213267261035289e-03,
          -1.5939675496971839e-02, 1.3612851007177124e-03,
          -3.1322422402913337e-02, 2.0473886393264945e-02,
          1.2151512956953920e-02, -2.6349589361159900e-02,
          3.1003889580238329e-02, 5.5871483999441812e-03,
          7.3343732985728920e-03, 8.5330912244809525e-03,
          1.0287569407022518e-03, 8.7784131038966904e-03,
          8.8552310864860751e-03, 5.9697978631326910e-03,
          -1.1126229876689214e-02, 5.5871483999441821e-03,
          3.3957303460131073e-02, -1.4546648503605828e-03,
          3.9719057210458198e-03, -4.7475355129657894e-03,
          2.7117337721628688e-03, 1.0496833601974611e-02,
          1.1092675532375766e-02, -8.8213267261035306e-03,
          7.3343732985728903e-03, -1.4546648503605823e-03,
          8.2353407036657389e-02, 8.0977092860152027e-03,
          6.7791172710825567e-04, -5.1807674606031747e-03,
          1.7871192813049178e-02, 9.8928201177153792e-03,
          -1.5939675496971839e-02, 8.5330912244809525e-03,
          3.9719057210458198e-03, 8.0977092860152009e-03,
          1.6391270802265753e-02, -2.2729589650598869e-03,
          -2.1129168285773828e-03, 1.7900648391379907e-03,
          4.4821638987780190e-04, 1.3612851007177118e-03,
          1.0287569407022520e-03, -4.7475355129657894e-03,
          6.7791172710825534e-04, -2.2729589650598869e-03,
          1.4129039825767947e-01, 1.8238000310098746e-03,
          2.5060195994784745e-02, 1.4704363862552408e-02,
          -3.1322422402913337e-02, 8.7784131038966869e-03,
          2.7117337721628714e-03, -5.1807674606031747e-03,
          -2.1129168285773819e-03, 1.8238000310098728e-03,
          1.1242408014449619e-01 ]
   - !!opencv-matrix
      rows: 9
      cols: 9
      dt: d
      data: [ 3.0451402145198531e-01, 1.3287243922555028e-01,
          -9.1965236893228833e-03, 3.0750913025998434e-02,
          -1.9028984411614321e-02, 2.2685216370269021e-02,
          -2.2946155570134495e-02, 7.3658941483589193e-03,
          2.8515263713371061e-03, 1.3287243922555028e-01,
          2.8747236426227935e-01, -1.2762973768700463e-02,
          6.0021336941258670e-02, 1.6686749049502941e-02,
          3.9687773536255501e-02, 7.3333911157708633e-03,
          9.0844862536549522e-03, 2.3708643961192523e-03,
          -9.1965236893228799e-03, -1.2762973768700463e-02,
          4.1270655678557852e-02, -8.3335393599015140e-03,
          -2.3738940692324948e-03, -1.3272499423251419e-03,
          -4.4153698556758710e-03, 1.7588584356450431e-03,
          5.0070719373947962e-04, 3.0750913025998441e-02,
          6.0021336941258670e-02, -8.3335393599015140e-03,
          3.1798501843062439e-02, 4.7709926800012523e-03,
          1.0476429449095616e-02, 3.3913001855843256e-03,
          2.7929712807012951e-03, -2.2182918769470743e-03,
          -1.9028984411614321e-02, 1.6686749049502941e-02,
          -2.3738940692324953e-03, 4.7709926800012514e-03,
          5.8317200167451733e-02, 4.1802994896171803e-03,
          1.7561782534984291e-02, -6.2328826651936154e-04,
