%YAML:1.0
---
groups:
   - intact
   - CD19
intactGmmnames:
   - "intact.686.0"
   - "intact.686.1"
   - "intact.686.2"
   - "intact.686.3"
   - "intact.686.4"
intactLabels:
   - FSC-A
   - SSC-A
   - SY41
   - CD19
   - CD10
   - CD20
   - CD45
   - CD34
   - CD38
intactMu: !!opencv-matrix
   rows: 5
   cols: 9
   dt: d
   data: [ 2.9823844010813105e+00, 2.3896074586929541e+00,
       3.0150881810433643e+00, 1.6689656821879240e+00,
       1.5807156474019604e+00, 1.4243870726317813e+00,
       2.7386329206301516e+00, 1.1553239597474341e+00,
       1.7598771713121686e+00, 1.1407799944922612e+00,
       2.2268021818743600e-01, 3.1652466333136400e+00,
       1.0608183723326334e+00, 9.6278448916205273e-01,
       1.0246533676906935e+00, 3.4856734540603584e+00,
       1.0803836421635413e+00, 1.6423209411213537e+00,
       2.1956860751769045e+00, 9.7957483725052197e-01,
       2.4319679978287381e+00, 1.3723498461431092e+00,
       1.3639485418707507e+00, 1.3160881884706213e+00,
       2.3487400806755696e+00, 1.7051220321105676e+00,
       1.7659343435066042e+00, 2.1213853632616040e+00,
       9.0313843298592988e-01, 3.0921528771066482e+00,
       1.3632047178546829e+00, 1.2356892375533481e+00,
       1.4460116737703486e+00, 3.4438992201976584e+00,
       1.3173578534891199e+00, 2.2617828172901162e+00,
       1.2227817753903969e+00, 2.3050378310069097e-01,
       3.1368326284156698e+00, 1.0000546766608442e+00,
       1.1296518158516489e+00, 1.0343286005458519e+00,
       1.3154966188906094e+00, 1.0935277425898589e+00,
       1.4720877897636067e+00 ]
intactSigma:
   - !!opencv-matrix
      rows: 9
      cols: 9
      dt: d
      data: [ 6.1117032100103641e-01, 2.7041868515422479e-01,
          -1.9212249418405457e-03, 7.3982487087427870e-02,
          -6.4849299356203427e-02, 8.1462671779526583e-02,
          1.7685451649279887e-01, -1.2557707582895729e-03,
          1.0453938134235551e-01, 2.7041868515422474e-01,
          6.5662009303108781e-01, -2.9216390363152666e-02,
          1.5945821322494808e-01, 1.1144501744016078e-01,
          4.1093600914136538e-02, 2.1504081706932598e-01,
          1.3024153857904784e-02, -2.5489854239886325e-02,
          -1.9212249418405431e-03, -2.9216390363152666e-02,
          1.0742258796556060e-01, -1.8590441700728266e-02,
          1.1423931892583223e-02, 2.9154325985255570e-02,
          -2.2388773193075751e-02, 5.7567574493598821e-03,
          2.8841508214005940e-02, 7.3982487087427870e-02,
          1.5945821322494808e-01, -1.8590441700728263e-02,
          6.1711097551010785e-02, 2.5390170385912871e-02,
          9.1515606936029871e-03, 5.7624575451694748e-02,
          3.5513873015374578e-03, -1.2586922778435219e-02,
          -6.4849299356203427e-02, 1.1144501744016078e-01,
          1.1423931892583219e-02, 2.5390170385912878e-02,
          2.6422258006559773e-01, -6.7082653924844544e-03,
          5.7890305727649020e-02, 1.3127068858124383e-02,
          -5.0858161749537431e-02, 8.1462671779526583e-02,
          4.1093600914136538e-02, 2.9154325985255566e-02,
          9.1515606936029871e-03, -6.7082653924844544e-03,
          8.0399804685655857e-02, 2.2955281212884569e-02,
          7.4252286215194798e-03, 4.7850012640678410e-02,
          1.7685451649279887e-01, 2.1504081706932596e-01,
          -2.2388773193075751e-02, 5.7624575451694748e-02,
          5.7890305727649014e-02, 2.2955281212884565e-02,
          2.3432681865536184e-01, -1.3190856975199183e-03,
          3.4970890611572110e-02, -1.2557707582895720e-03,
          1.3024153857904784e-02, 5.7567574493598804e-03,
          3.5513873015374587e-03, 1.3127068858124386e-02,
          7.4252286215194816e-03, -1.3190856975199186e-03,
          8.8817651868381864e-02, 6.3493158408723838e-05,
          1.0453938134235552e-01, -2.5489854239886336e-02,
          2.8841508214005947e-02, -1.2586922778435219e-02,
          -5.0858161749537431e-02, 4.7850012640678410e-02,
          3.4970890611572110e-02, 6.3493158408723798e-05,
          1.2940988700379383e-01 ]
   - !!opencv-matrix
      rows: 9
      cols: 9
      dt: d
      data: [ 1.2724481273564348e-01, 8.7744778316724194e-03,
          -3.1415423724502796e-02, 2.7145782203307216e-03,
          3.4261595147704288e-03, 9.7513206023298951e-03,
          2.3164356029840676e-02, -9.9807319825965493e-04,
          -1.9181580529389276e-02, 8.7744778316724177e-03,
          8.4160847797417077e-03, -1.4297724144120814e-03,
          3.3042149184611129e-03, 5.1385189042122163e-03,
          9.1749714681337528e-03, 3.5391393455104360e-03,
          1.5160067144106434e-03, -2.6461033920377706e-03,
          -3.1415423724502796e-02, -1.4297724144120814e-03,
          1.3564927358199499e-02, -1.1871282639266097e-03,
          4.6073084828239324e-04, -1.9562680162117519e-05,
          -6.1710194695288054e-03, 1.2818727736926209e-03,
          4.7149364195569763e-03, 2.7145782203307229e-03,
          3.3042149184611129e-03, -1.1871282639266095e-03,
          2.6708464279875308e-02, 2.2786288787274159e-03,
          4.6356324175999596e-03, 9.9256069434009928e-04,
          2.5881305472248419e-03, -5.1604790300512279e-03,
          3.4261595147704288e-03, 5.1385189042122163e-03,
          4.6073084828239302e-04, 2.2786288787274163e-03,
          5.4914603969545214e-02, -2.1354248889570797e-03,
          2.0808990901449507e-03, -2.8384059756135522e-03,
          -1.3212979962958272e-03, 9.7513206023298951e-03,
          9.1749714681337545e-03, -1.9562680162117451e-05,
          4.6356324175999596e-03, -2.1354248889570802e-03,
          8.2952381605315886e-02, 5.6335759374023624e-03,
          2.7628451367990325e-03, -6.3358582542495405e-03,
          2.3164356029840676e-02, 3.5391393455104355e-03,
          -6.1710194695288054e-03, 9.9256069434009906e-04,
          2.0808990901449499e-03, 5.6335759374023632e-03,
          1.1668512092127955e-02, -1.6801181337544198e-03,
          -6.1585248575300594e-03, -9.9807319825965558e-04,
          1.5160067144106436e-03, 1.2818727736926203e-03,
          2.5881305472248428e-03, -2.8384059756135505e-03,
          2.7628451367990312e-03, -1.6801181337544194e-03,
          1.2645871769972841e-01, 1.7164240788368427e-03,
          -1.9181580529389272e-02, -2.6461033920377698e-03,
          4.7149364195569745e-03, -5.1604790300512279e-03,
          -1.3212979962958268e-03, -6.3358582542495405e-03,
          -6.1585248575300594e-03, 1.7164240788368431e-03,
          4.5611656640128617e-02 ]
   - !!opencv-matrix
      rows: 9
      cols: 9
      dt: d
      data: [ 6.8505960291552670e-01, 2.8387810447811540e-01,
          1.1003508500502363e-01, 9.4389459458090699e-02,
          1.3291991204546882e-01, 1.3947434253263902e-01,
          1.7381878836115183e-01, 1.4826760398111580e-01,
          1.1097396458419892e-01, 2.8387810447811540e-01,
          2.2235928762332516e-01, 8.1580252982332610e-02,
          7.4282943597416301e-02, 9.5748340489584458e-02,
          1.0300546043860856e-01, 1.1711644797721860e-01,
          1.0672993820429709e-01, 7.6929524498809757e-02,
          1.1003508500502363e-01, 8.1580252982332610e-02,
          4.2703228381733759e-02, 2.8180169609521688e-02,
          4.0065384043203423e-02, 4.2415878414946408e-02,
          4.7790391857516476e-02, 4.4009784663138984e-02,
          3.0248027692044637e-02, 9.4389459458090699e-02,
          7.4282943597416301e-02, 2.8180169609521692e-02,
          4.3846235347305036e-02, 3.3771860415155862e-02,
          3.6172000165027363e-02, 3.9300784471289436e-02,
          3.7644266826404503e-02, 2.2966874828368986e-02,
          1.3291991204546877e-01, 9.5748340489584458e-02,
          4.0065384043203423e-02, 3.3771860415155862e-02,
          1.2258872314712324e-01, 4.3510778448681481e-02,
          7.0344953828578832e-02, 4.7753497126035417e-02,
