%YAML:1.0
---
groups:
   - intact
   - CD19
   - blast
intactGmmnames:
   - "intact.687.0"
   - "intact.687.1"
   - "intact.687.2"
   - "intact.687.3"
   - "intact.687.4"
intactLabels:
   - FSC-A
   - SSC-A
   - SY41
   - CD19
   - CD10
   - CD20
   - CD45
   - CD34
   - CD38
intactMu: !!opencv-matrix
   rows: 5
   cols: 9
   dt: d
   data: [ 2.5661100085941366e+00, 3.1935817844707239e+00,
       3.6030651006921053e+00, 1.5381201477399977e+00,
       2.7933496757441159e+00, 1.3673241407801835e+00,
       3.4839943606721424e+00, 1.1891965219564875e+00,
       1.7957534868626026e+00, 1.4747960495672661e+00,
       5.5501420418448588e-01, 3.6500901513000326e+00,
       9.5932592880654965e-01, 9.8508938200040863e-01,
       1.1500958248447153e+00, 1.3436747972354786e+00,
       1.1750521351015677e+00, 1.7320424316733216e+00,
       1.4812316725988786e+00, 4.2092794873088035e-01,
       3.7541032336760405e+00, 9.7561486257137686e-01,
       8.4356233844923501e-01, 1.0235223815432475e+00,
       3.6767475610977876e+00, 1.1164287144428535e+00,
       1.9506055166100718e+00, 2.6243495454760950e+00,
       2.0912054001873126e+00, 3.7003819473623252e+00,
       1.3566331984172710e+00, 1.3837410060848814e+00,
       1.5107989816024012e+00, 3.1778938907782064e+00,
       1.3616396672121787e+00, 2.0726365267991329e+00,
       2.0072440967848255e+00, 2.3254880108656639e+00,
       3.5017662525862470e+00, 1.3173645946989765e+00,
       2.3789758164089898e+00, 1.3266115396004818e+00,
       3.0121643804984024e+00, 1.1791014759577794e+00,
       1.7434920578316180e+00 ]
intactSigma:
   - !!opencv-matrix
      rows: 9
      cols: 9
      dt: d
      data: [ 3.9744657787768600e-01, 1.2903357266264401e-01,
          -1.9544114836965824e-03, 2.1572094780169280e-02,
          -1.4475140951133855e-02, 1.4748606145255465e-02,
          -4.6015960038653424e-03, 3.9992699259072352e-03,
          6.1837050227409726e-03, 1.2903357266264401e-01,
          3.3831646813566274e-01, -1.6808334385327991e-03,
          5.5545835882923104e-02, 1.8545897109127456e-02,
          3.8037600105465280e-02, 9.8671090264263201e-03,
          9.8118477619485098e-03, 2.4964389750585158e-03,
          -1.9544114836965824e-03, -1.6808334385327991e-03,
          2.1414683122616473e-02, -7.8629350772924361e-03,
          -2.7579945778151036e-03, 1.1390261873983579e-03,
          -2.2446111686901899e-03, 1.9372810658248292e-03,
          1.0541220387839381e-03, 2.1572094780169273e-02,
          5.5545835882923104e-02, -7.8629350772924361e-03,
          3.5994147870544051e-02, 7.1682877932030828e-03,
          1.0197494953013734e-02, 4.6585471350649148e-03,
          3.6863089145450479e-03, -3.5759337060377542e-03,
          -1.4475140951133855e-02, 1.8545897109127449e-02,
          -2.7579945778151041e-03, 7.1682877932030854e-03,
          9.4681734344167684e-02, 1.3345469938984993e-02,
          1.9123872761246781e-02, 3.8635738664762284e-03,
          -3.1957684746731305e-03, 1.4748606145255473e-02,
          3.8037600105465280e-02, 1.1390261873983583e-03,
          1.0197494953013734e-02, 1.3345469938984993e-02,
          7.7964804107100494e-02, 9.8553773769715115e-03,
          6.2659916047757896e-03, -4.1123913887770695e-03,
          -4.6015960038653424e-03, 9.8671090264263184e-03,
          -2.2446111686901895e-03, 4.6585471350649166e-03,
          1.9123872761246778e-02, 9.8553773769715115e-03,
          1.9081608442126679e-02, 3.3507959647715462e-04,
          -3.4980832243851141e-03, 3.9992699259072378e-03,
          9.8118477619485063e-03, 1.9372810658248301e-03,
          3.6863089145450470e-03, 3.8635738664762284e-03,
          6.2659916047757913e-03, 3.3507959647715441e-04,
          1.3834628963135681e-01, 1.1337839015299615e-03,
          6.1837050227409743e-03, 2.4964389750585154e-03,
          1.0541220387839381e-03, -3.5759337060377542e-03,
          -3.1957684746731301e-03, -4.1123913887770678e-03,
          -3.4980832243851141e-03, 1.1337839015299620e-03,
          1.2557561267081787e-02 ]
   - !!opencv-matrix
      rows: 9
      cols: 9
      dt: d
      data: [ 5.1921865225311514e-01, 1.0172041946090371e-01,
          -4.0992883663739779e-02, 4.1483025896857074e-02,
          4.8582706683420844e-02, 7.8613880791099405e-02,
          1.2556406420627178e-01, 8.2255501498433511e-02,
          8.0214670225960578e-03, 1.0172041946090372e-01,
          8.2841189051497566e-02, -1.7581698764511074e-03,
          2.1121184960449714e-02, 3.3308840471273193e-02,
          6.4563082836899974e-02, 6.7518128835117527e-02,
          2.7162122947630419e-02, 6.3741070681615263e-03,
          -4.0992883663739779e-02, -1.7581698764511059e-03,
          1.2052746857785783e-01, -7.2746160718237474e-02,
          -3.2715667062919819e-02, -5.7948452274716631e-04,
          -5.5250454766162263e-02, -3.4319888605333457e-02,
          3.8133882196876500e-03, 4.1483025896857074e-02,
          2.1121184960449714e-02, -7.2746160718237474e-02,
          6.2318822698136322e-02, 3.1939148705818356e-02,
          1.8599295854951702e-02, 5.0962277294421224e-02,
          2.4967476871681688e-02, -1.9621859891812473e-03,
          4.8582706683420844e-02, 3.3308840471273200e-02,
          -3.2715667062919819e-02, 3.1939148705818356e-02,
          6.9157516330114202e-02, 2.9043547498470216e-02,
          5.9235511234049354e-02, 1.7953897348968646e-02,
          2.5963928094289838e-03, 7.8613880791099391e-02,
          6.4563082836899974e-02, -5.7948452274716490e-04,
          1.8599295854951702e-02, 2.9043547498470216e-02,
          1.2882003204285611e-01, 5.8220435231010156e-02,
          2.0390564372909654e-02, 5.2859212206131812e-03,
          1.2556406420627178e-01, 6.7518128835117527e-02,
          -5.5250454766162263e-02, 5.0962277294421224e-02,
          5.9235511234049354e-02, 5.8220435231010156e-02,
          2.4806462969691620e-01, 5.6907350933222696e-02,
          9.9082553130108286e-03, 8.2255501498433511e-02,
          2.7162122947630419e-02, -3.4319888605333450e-02,
          2.4967476871681684e-02, 1.7953897348968646e-02,
          2.0390564372909658e-02, 5.6907350933222696e-02,
          8.8098750422166264e-02, 2.5237527607839538e-03,
          8.0214670225960578e-03, 6.3741070681615254e-03,
          3.8133882196876505e-03, -1.9621859891812473e-03,
          2.5963928094289834e-03, 5.2859212206131812e-03,
          9.9082553130108286e-03, 2.5237527607839538e-03,
          3.4759651726508846e-03 ]
   - !!opencv-matrix
      rows: 9
      cols: 9
      dt: d
      data: [ 2.3125056476062844e-01, 4.2070602628499473e-02,
          -4.3203549608409796e-02, 3.6595029358760238e-02,
          1.5514101575710260e-02, 2.6217522941453703e-02,
          4.3914074166818980e-02, 3.8567017067377748e-03,
          3.1085701414483736e-02, 4.2070602628499473e-02,
          2.8855539994926484e-02, -1.5063452308037052e-02,
          1.6398374989561326e-02, 8.8790762327582082e-03,
          1.6028872545810296e-02, 1.7819533820888564e-02,
          3.8760165250548914e-03, 1.5723468720310607e-02,
          -4.3203549608409789e-02, -1.5063452308037052e-02,
          2.5957948158147448e-02, -1.8895658586900777e-02,
          -7.4449668297310763e-03, -6.4559322681102980e-03,
          -1.4140009537531683e-02, -1.1344934491137182e-04,
          -1.6384091121038075e-02, 3.6595029358760238e-02,
          1.6398374989561326e-02, -1.8895658586900777e-02,
          3.6038589229971274e-02, 7.2065572035934890e-03,
          9.4740420711038938e-03, 1.4247103493017162e-02,
          2.3539556953987048e-03, 8.8699289450393307e-03,
          1.5514101575710260e-02, 8.8790762327582082e-03,
          -7.4449668297310763e-03, 7.2065572035934907e-03,
          3.6498698874218798e-02, 5.9534811818319050e-06,
          6.4222381828484415e-03, -4.4988471925025385e-03,
