%YAML:1.0
---
groups:
   - intact
   - CD19
intactGmmnames:
   - "intact.700.0"
   - "intact.700.1"
   - "intact.700.2"
   - "intact.700.3"
   - "intact.700.4"
intactLabels:
   - FSC-A
   - SSC-A
   - SY41
   - CD19
   - CD10
   - CD20
   - CD45
   - CD34
   - CD38
intactMu: !!opencv-matrix
   rows: 5
   cols: 9
   dt: d
   data: [ 1.1745364832380940e+00, 5.0753870790057853e-01,
       2.7462115461920162e+00, 1.0950059128497382e+00,
       1.2422564244632375e+00, 1.1072817371028918e+00,
       1.5353544447191509e+00, 1.0844132368426811e+00,
       1.6194737444641274e+00, 2.4563927287221463e+00,
       2.2662241642688099e+00, 2.4716233253679074e+00,
       1.5895622625842314e+00, 1.6753923817498551e+00,
       1.4724453601072576e+00, 2.6466800345320562e+00,
       1.3907074910026735e+00, 1.9513012819994291e+00,
       1.4758981311963082e+00, 4.6685981242445651e-01,
       2.5992965091896676e+00, 1.1926055961603601e+00,
       9.2798279219189939e-01, 9.9412763776784530e-01,
       3.7407488927616566e+00, 1.0931378544452233e+00,
       1.7057042943800560e+00, 2.8062560227780677e+00,
       3.6212802280938634e+00, 2.6413957648130935e+00,
       1.8033032324275795e+00, 2.6765041751770107e+00,
       1.3507941359717921e+00, 3.1752779671524451e+00,
       1.2755105369987141e+00, 1.8009929938912621e+00,
       1.5652635483959563e+00, 6.4387754993884438e-01,
       2.5604424713133440e+00, 1.2299668417181602e+00,
       9.3297947343093679e-01, 9.8665329207796681e-01,
       3.7620313741604288e+00, 1.1642201491369502e+00,
       2.8666325600910452e+00 ]
intactSigma:
   - !!opencv-matrix
      rows: 9
      cols: 9
      dt: d
      data: [ 1.4284641698006889e-01, 3.2621230040842060e-02,
          2.4060424780422897e-02, 9.9525100207772839e-03,
          3.1844955284648979e-02, 2.7645515229808668e-02,
          2.9658678094731127e-02, 2.4834229115988657e-03,
          9.6592107749146113e-03, 3.2621230040842067e-02,
          3.7549219893793569e-02, 1.1597842539151432e-02,
          1.0400955840225136e-02, 2.5564556397941366e-02,
          2.4573808182735010e-02, 2.1909705858668586e-02,
          3.6835441968052452e-03, 7.1336904545437774e-03,
          2.4060424780422897e-02, 1.1597842539151432e-02,
          4.3640156062778220e-02, -8.0501307693336556e-05,
          1.4837821394672497e-02, 1.2280355373987400e-02,
          1.1056170703083314e-02, 1.0680716387007449e-03,
          4.6724613737282863e-03, 9.9525100207772839e-03,
          1.0400955840225132e-02, -8.0501307693336502e-05,
          2.1877059767948161e-02, 7.5606196863428317e-03,
          7.1466000593457856e-03, 5.2868930670480433e-03,
          1.4789596472672378e-03, -3.5363540028015547e-04,
          3.1844955284648979e-02, 2.5564556397941366e-02,
          1.4837821394672497e-02, 7.5606196863428317e-03,
          1.4792086565777601e-01, 1.7768057791192574e-02,
          3.9770894294564089e-02, 9.3124126542648306e-04,
          1.3456894962588615e-02, 2.7645515229808675e-02,
          2.4573808182735014e-02, 1.2280355373987402e-02,
          7.1466000593457864e-03, 1.7768057791192574e-02,
          7.5813576369669941e-02, 1.7784681107487092e-02,
          2.9326640554650850e-03, 6.0123219266798337e-03,
          2.9658678094731123e-02, 2.1909705858668586e-02,
          1.1056170703083313e-02, 5.2868930670480424e-03,
          3.9770894294564089e-02, 1.7784681107487096e-02,
          1.0341023639459347e-01, 1.5090048255032356e-03,
          1.4795261231194111e-02, 2.4834229115988657e-03,
          3.6835441968052452e-03, 1.0680716387007454e-03,
          1.4789596472672378e-03, 9.3124126542648339e-04,
          2.9326640554650850e-03, 1.5090048255032356e-03,
          3.3651215439070861e-02, 8.1132752921781012e-04,
          9.6592107749146113e-03, 7.1336904545437774e-03,
          4.6724613737282854e-03, -3.5363540028015547e-04,
          1.3456894962588615e-02, 6.0123219266798337e-03,
          1.4795261231194111e-02, 8.1132752921781034e-04,
          1.2104678905317402e-02 ]
   - !!opencv-matrix
      rows: 9
      cols: 9
      dt: d
      data: [ 7.7962589360411072e-01, 3.8723726244094664e-01,
          -4.9754044445490175e-03, 6.4631407893950069e-02,
          -2.9926570413656848e-02, 9.7342237468524707e-03,
          1.4146686063308697e-01, 3.2210581775177619e-02,
          1.9740385137312615e-02, 3.8723726244094669e-01,
          1.0892323720233692e+00, 2.2986487954192364e-02,
          1.9408554392151703e-01, 1.8145693519738432e-01,
          1.7616938341314441e-02, 7.2841707758953295e-02,
          -3.7651836032903001e-02, -3.4359083438284435e-02,
          -4.9754044445490106e-03, 2.2986487954192367e-02,
          1.3753761373399645e-01, 1.4897958142144176e-02,
          2.9475473578715491e-02, 6.7442573730123009e-02,
          8.4755288886490143e-02, 1.2781005695356991e-02,
          9.7412839762884409e-02, 6.4631407893950069e-02,
          1.9408554392151703e-01, 1.4897958142144176e-02,
          9.8705746215804885e-02, 5.8286170509702438e-02,
          5.9375502290499087e-02, 5.3901611174899063e-02,
          8.1071287113289123e-03, 3.0436140095247586e-03,
          -2.9926570413656855e-02, 1.8145693519738432e-01,
          2.9475473578715494e-02, 5.8286170509702438e-02,
          3.0372392014314176e-01, 6.2154423795143354e-02,
          5.4590105163887521e-02, -8.7217095354426653e-03,
          -2.2008979737688592e-02, 9.7342237468524672e-03,
          1.7616938341314448e-02, 6.7442573730123009e-02,
          5.9375502290499087e-02, 6.2154423795143340e-02,
          1.8938233293254178e-01, 7.1267843538691672e-02,
          4.5385393303955947e-02, 4.8256093272918049e-02,
          1.4146686063308697e-01, 7.2841707758953295e-02,
          8.4755288886490157e-02, 5.3901611174899063e-02,
          5.4590105163887521e-02, 7.1267843538691658e-02,
          4.6017460588259079e-01, 3.6180473416690832e-02,
          1.7133280289577643e-01, 3.2210581775177612e-02,
          -3.7651836032902973e-02, 1.2781005695356991e-02,
          8.1071287113289123e-03, -8.7217095354426618e-03,
          4.5385393303955947e-02, 3.6180473416690832e-02,
          2.1036946136833090e-01, 7.5234451060063115e-02,
          1.9740385137312615e-02, -3.4359083438284428e-02,
          9.7412839762884423e-02, 3.0436140095247617e-03,
          -2.2008979737688592e-02, 4.8256093272918049e-02,
          1.7133280289577643e-01, 7.5234451060063101e-02,
          2.8102312827553205e-01 ]
   - !!opencv-matrix
      rows: 9
      cols: 9
      dt: d
      data: [ 1.1673284862912967e-01, 1.3124008029153832e-02,
          9.7082718645869724e-03, 4.3082207026506883e-03,
          2.3950632095431374e-03, 8.9049111541783001e-03,
          1.3186192531020175e-02, 2.6691912584236575e-03,
          -6.5244389511728978e-03, 1.3124008029153832e-02,
          3.1378878998727204e-02, 1.3857739106874630e-03,
          1.2021795009902244e-02, 9.1959525029286105e-03,
          1.7648933703426753e-02, 1.2563354204885668e-02,
          4.1461596381811103e-03, -6.6828637141350044e-03,
          9.7082718645869759e-03, 1.3857739106874626e-03,
          2.4648573175598591e-02, -1.2790519859131610e-04,
          -4.4731292611765773e-05, 9.6024082400712871e-04,
          7.7268132650104495e-04, 8.0846708368734329e-04,
          -1.8918680764057122e-04, 4.3082207026506883e-03,
          1.2021795009902244e-02, -1.2790519859131607e-04,
          5.4542382312099021e-02, 3.8557159687285631e-03,
          8.5498217243148104e-03, 6.6099143788475321e-03,
          4.3270686794084530e-03, -8.7773656389687309e-03,
          2.3950632095431378e-03, 9.1959525029286088e-03,
          -4.4731292611765671e-05, 3.8557159687285640e-03,
          5.7058952284808527e-02, -1.5532662273434505e-03,
          4.0743378500151589e-03, -6.1614866797840579e-03,
