%YAML:1.0
---
groups:
   - intact
   - CD19
intactGmmnames:
   - "intact.706.0"
   - "intact.706.1"
   - "intact.706.2"
   - "intact.706.3"
   - "intact.706.4"
intactLabels:
   - FSC-A
   - SSC-A
   - SY41
   - CD19
   - CD10
   - CD20
   - CD45
   - CD34
   - CD38
intactMu: !!opencv-matrix
   rows: 5
   cols: 9
   dt: d
   data: [ 6.7751883601104335e-01, 3.6298628141104938e-01,
       3.5999094993143812e+00, 9.8494748438953306e-01,
       8.8968681327076859e-01, 1.0741051790776219e+00,
       1.3387078116442721e+00, 1.0837587232437158e+00,
       1.5702987879895516e+00, 1.6022713614204680e+00,
       1.4219315614563524e+00, 3.5887623294985991e+00,
       1.1856615643517057e+00, 1.2118556347045777e+00,
       1.5074378078628610e+00, 2.8516425739770508e+00,
       1.3704023518915636e+00, 2.2746435883275478e+00,
       9.6059501663010749e-01, 2.5850833832721193e-01,
       3.5558103987463743e+00, 1.0618080470987044e+00,
       8.5525283191162560e-01, 9.5793530555470197e-01,
       3.7057021391922071e+00, 1.0563475872896204e+00,
       1.6478756949465005e+00, 2.1206843800723254e+00,
       3.0906714868569649e+00, 3.1165375105419439e+00,
       1.5586792349585685e+00, 2.4001703737790381e+00,
       1.3264010479991897e+00, 3.0830603672794341e+00,
       1.1360927752722214e+00, 1.6840759731776562e+00,
       2.5690458791762056e+00, 2.6068108646620343e+00,
       3.1839488175487736e+00, 1.4815499620466845e+00,
       1.1907350937343371e+00, 1.4059579000796456e+00,
       2.9782835118549382e+00, 1.1107156981008213e+00,
       1.9176726432860352e+00 ]
intactSigma:
   - !!opencv-matrix
      rows: 9
      cols: 9
      dt: d
      data: [ 7.8533568256251726e-02, 2.2583968818170340e-02,
          -1.5373231017565372e-02, 6.6075249127949412e-03,
          1.0043715866704158e-02, 2.7699787511340508e-02,
          2.8034665943886979e-02, 8.1279345139392953e-04,
          7.5694708855286513e-03, 2.2583968818170340e-02,
          2.7061127161968394e-02, 9.6628193547493024e-03,
          1.1154948914633054e-03, 9.2971834466973984e-03,
          2.7563204981928623e-02, 2.7461657916783001e-02,
          3.2167518589845856e-03, 9.6476407671449074e-03,
          -1.5373231017565376e-02, 9.6628193547493024e-03,
          1.9176982210127941e-01, -6.8419935638908858e-02,
          -3.2891725465572119e-02, 1.2812609725810952e-02,
          -1.0391865346382501e-02, 6.0449586150092801e-03,
          1.8887670023006460e-02, 6.6075249127949395e-03,
          1.1154948914633058e-03, -6.8419935638908858e-02,
          3.6159482471717908e-02, 1.8814966759444371e-02,
          7.5745836991788639e-04, 1.3046320551703331e-02,
          -2.0754856912095455e-03, -7.0506761275563375e-03,
          1.0043715866704158e-02, 9.2971834466973984e-03,
          -3.2891725465572119e-02, 1.8814966759444367e-02,
          4.6920419753418506e-02, 5.7278063529186745e-03,
          2.4530441977042863e-02, -1.6942328627508503e-04,
          1.0930411374063408e-03, 2.7699787511340508e-02,
          2.7563204981928626e-02, 1.2812609725810952e-02,
          7.5745836991788682e-04, 5.7278063529186745e-03,
          9.4343927336689448e-02, 3.0767650822029390e-02,
          3.8257461503109196e-03, 1.0281816154052107e-02,
          2.8034665943886979e-02, 2.7461657916783001e-02,
          -1.0391865346382501e-02, 1.3046320551703331e-02,
          2.4530441977042863e-02, 3.0767650822029386e-02,
          2.0009569457715792e-01, 4.6785490613639701e-04,
          1.8052614695432991e-02, 8.1279345139392953e-04,
          3.2167518589845874e-03, 6.0449586150092792e-03,
          -2.0754856912095459e-03, -1.6942328627508478e-04,
          3.8257461503109205e-03, 4.6785490613639679e-04,
          3.1677059662720664e-02, 1.6758548835279097e-03,
          7.5694708855286513e-03, 9.6476407671449074e-03,
          1.8887670023006460e-02, -7.0506761275563375e-03,
          1.0930411374063405e-03, 1.0281816154052105e-02,
          1.8052614695432991e-02, 1.6758548835279093e-03,
          1.6067137576334295e-02 ]
   - !!opencv-matrix
      rows: 9
      cols: 9
      dt: d
      data: [ 6.3692687365595446e-01, 4.4175734168223896e-01,
          5.3932382336610192e-02, 4.6012425337755222e-02,
          8.1522268204932191e-02, 7.0201382903809909e-02,
          1.1072564930647323e-01, 1.3761969119059679e-02,
          4.0663516427443536e-02, 4.4175734168223896e-01,
          8.6696250400158847e-01, 4.7729066671691460e-02,
          1.0768554094007685e-01, 1.8085933829588136e-01,
          8.1712867675432663e-02, 1.6959320112489210e-01,
          6.7045205017546128e-02, 1.5265750767865507e-01,
          5.3932382336610171e-02, 4.7729066671691474e-02,
          2.6619457280208070e-01, -1.0552514032163626e-01,
          -2.4909377915809640e-02, 2.8481889744446223e-02,
          -1.9470462449362781e-02, -2.4899525683394586e-02,
          2.1601662119953766e-02, 4.6012425337755215e-02,
          1.0768554094007685e-01, -1.0552514032163626e-01,
          1.3716374615745766e-01, 5.3100264143164704e-02,
          7.6060427623855897e-02, 9.3031183415828500e-02,
          2.1219454853259739e-02, 1.7090950605041760e-02,
          8.1522268204932191e-02, 1.8085933829588136e-01,
          -2.4909377915809640e-02, 5.3100264143164704e-02,
          2.2053182148760997e-01, 3.9360941702477392e-02,
          3.9695882319173321e-02, 3.6008969491548339e-03,
          -3.2067666779684201e-02, 7.0201382903809909e-02,
          8.1712867675432663e-02, 2.8481889744446216e-02,
          7.6060427623855897e-02, 3.9360941702477392e-02,
          2.4684320379407737e-01, 6.4878245370720913e-02,
          -6.3032319539325660e-03, -8.3810928781262815e-03,
          1.1072564930647323e-01, 1.6959320112489212e-01,
          -1.9470462449362787e-02, 9.3031183415828500e-02,
          3.9695882319173315e-02, 6.4878245370720913e-02,
          6.6265382770160597e-01, 2.9432159683362068e-02,
          1.8456860168111877e-01, 1.3761969119059679e-02,
          6.7045205017546142e-02, -2.4899525683394586e-02,
          2.1219454853259732e-02, 3.6008969491548321e-03,
          -6.3032319539325660e-03, 2.9432159683362068e-02,
          2.5591367413921828e-01, 8.9536517790833464e-02,
          4.0663516427443529e-02, 1.5265750767865510e-01,
          2.1601662119953770e-02, 1.7090950605041767e-02,
          -3.2067666779684201e-02, -8.3810928781262815e-03,
          1.8456860168111874e-01, 8.9536517790833464e-02,
          4.3016939770025192e-01 ]
   - !!opencv-matrix
      rows: 9
      cols: 9
      dt: d
      data: [ 1.2468903080228282e-01, 1.5254519819241252e-02,
          -5.2858330122467732e-02, 1.6150147116355078e-02,
          1.2784565753224104e-02, 2.0882722718475730e-02,
          3.2821715902622173e-02, -6.3826395156327933e-03,
          -2.6875279432153894e-02, 1.5254519819241252e-02,
          1.0527023254318471e-02, -8.8866534660010290e-03,
          4.5378134191393785e-03, 4.4196342902756963e-03,
          1.0757202611822803e-02, 7.4087233607610875e-03,
          7.7851571546331904e-04, -2.9426856441030040e-03,
          -5.2858330122467732e-02, -8.8866534660010290e-03,
          6.6863389150324068e-02, -1.9656100741851479e-02,
          -1.4015059103778628e-02, -9.3315786709037649e-03,
          -1.9603501082350129e-02, 6.5804028678782900e-03,
          1.8549850390706044e-02, 1.6150147116355078e-02,
          4.5378134191393785e-03, -1.9656100741851479e-02,
          1.9692882900653370e-02, 5.1107433296235889e-03,
          5.2769639525026835e-03, 6.4072078705447750e-03,
          5.7274603179460098e-04, -6.2302688804869123e-03,
          1.2784565753224101e-02, 4.4196342902756963e-03,
          -1.4015059103778628e-02, 5.1107433296235898e-03,
          3.9216947419878127e-02, -1.7872156062184695e-03,
          5.0048302425312269e-03, -6.9864302823031904e-03,
