%YAML:1.0
---
groups:
   - intact
   - CD19
   - blast
intactGmmnames:
   - "intact.710.0"
   - "intact.710.1"
   - "intact.710.2"
   - "intact.710.3"
   - "intact.710.4"
intactLabels:
   - FSC-A
   - SSC-A
   - SY41
   - CD19
   - CD10
   - CD20
   - CD45
   - CD34
   - CD38
intactMu: !!opencv-matrix
   rows: 5
   cols: 9
   dt: d
   data: [ 1.2340778894956466e+00, 6.3925960636517554e-01,
       2.7232589386211012e+00, 1.1864643477780403e+00,
       1.5415069569994020e+00, 1.2370876380403308e+00,
       1.7075431777395049e+00, 1.2362425853724544e+00,
       1.9306122747268777e+00, 1.1748654195203241e+00,
       2.9199803392589069e-01, 2.5154143534945574e+00,
       1.0909542545435236e+00, 8.7398931484459108e-01,
       9.5543711693150224e-01, 3.6361746967951460e+00,
       1.0345747186054057e+00, 1.6772433134428080e+00,
       2.2890287174679114e+00, 2.7614920694436940e+00,
       2.6234878097964498e+00, 1.6505335946297277e+00,
       1.9897146374798724e+00, 1.2954616614610606e+00,
       2.8763414703952033e+00, 1.3540734827658669e+00,
       1.8585412509585866e+00, 1.5673517293565071e+00,
       4.8710520723752182e-01, 2.3846602149922265e+00,
       1.1709238072544303e+00, 9.8075137752675723e-01,
       1.0097566630633321e+00, 3.7785281724646218e+00,
       1.0592913091140888e+00, 2.0169306741501982e+00,
       9.0200309086932917e-01, 3.9735184821508629e-01,
       2.7343576761717867e+00, 1.0027992344415211e+00,
       1.0635438992938422e+00, 9.2797180596181250e-01,
       1.2684447765124345e+00, 1.0717566776292418e+00,
       1.5667402417303855e+00 ]
intactSigma:
   - !!opencv-matrix
      rows: 9
      cols: 9
      dt: d
      data: [ 3.7694041499711695e-01, 8.3705389081863174e-02,
          9.3953125184587250e-03, 4.0845169594296918e-03,
          -2.1581678014974324e-02, -9.4141434292282430e-03,
          7.1736452133707726e-03, -1.3868620218236550e-02,
          2.8961727821694053e-02, 8.3705389081863160e-02,
          8.9996858035061106e-02, 1.9018057551570943e-02,
          7.1630916697778121e-03, -2.7714775783862351e-02,
          1.1904777402235568e-02, 1.9379419202588316e-02,
          -8.3930014813762919e-03, 3.3736704673867121e-02,
          9.3953125184587250e-03, 1.9018057551570943e-02,
          9.9163596952912464e-02, -5.7901825925400600e-03,
          1.2447734435751517e-02, 2.6046716478105268e-02,
          2.2200889674789111e-02, -1.8069492939945637e-03,
          2.4158489522248416e-02, 4.0845169594296935e-03,
          7.1630916697778104e-03, -5.7901825925400600e-03,
          5.1410721193711630e-02, 5.8167650714553445e-02,
          3.1321128347771114e-02, 1.2504012587825476e-02,
          1.9069160270494382e-02, 5.4722450006306966e-03,
          -2.1581678014974320e-02, -2.7714775783862351e-02,
          1.2447734435751518e-02, 5.8167650714553445e-02,
          3.2368085501679095e-01, 7.6207113313211908e-02,
          9.7216525837146243e-03, 5.0525347905057895e-02,
          -4.6369325482961453e-03, -9.4141434292282448e-03,
          1.1904777402235568e-02, 2.6046716478105268e-02,
          3.1321128347771121e-02, 7.6207113313211935e-02,
          2.3347275653911703e-01, 9.2630020775572891e-02,
          3.4967323082932239e-02, 8.1222131763994156e-03,
          7.1736452133707726e-03, 1.9379419202588323e-02,
          2.2200889674789108e-02, 1.2504012587825476e-02,
          9.7216525837146277e-03, 9.2630020775572891e-02,
          3.1687044254456631e-01, 1.0729381833016048e-02,
          1.2984325436046076e-01, -1.3868620218236550e-02,
          -8.3930014813762936e-03, -1.8069492939945633e-03,
          1.9069160270494379e-02, 5.0525347905057895e-02,
          3.4967323082932232e-02, 1.0729381833016050e-02,
          8.9997865748037725e-02, -5.5479387041488496e-04,
          2.8961727821694039e-02, 3.3736704673867128e-02,
          2.4158489522248413e-02, 5.4722450006306983e-03,
          -4.6369325482961471e-03, 8.1222131763994173e-03,
          1.2984325436046076e-01, -5.5479387041488517e-04,
          1.8441013626424005e-01 ]
   - !!opencv-matrix
      rows: 9
      cols: 9
      dt: d
      data: [ 1.0729182094439882e-01, 7.6354568654175385e-03,
          -2.9440491121774104e-02, -1.4855657756264896e-03,
          3.0729915187671555e-04, 7.9288921899869653e-03,
          2.1623912396258611e-02, -1.0694164042650237e-03,
          -1.1897778887207732e-02, 7.6354568654175385e-03,
          6.4121703479825230e-03, -3.2742643640813348e-03,
          2.9720186056952486e-03, 1.5226782299162518e-03,
          7.1129078245974675e-03, 4.0129101559741092e-03,
          2.8418257443354452e-04, -4.3420078725577857e-03,
          -2.9440491121774104e-02, -3.2742643640813352e-03,
          1.9465451804912857e-02, 6.1660271479869100e-04,
          3.8147480753354115e-04, -1.4090654064772142e-03,
          -8.6865811268904379e-03, 1.9289729708190642e-03,
          5.5356176427241019e-03, -1.4855657756264896e-03,
          2.9720186056952473e-03, 6.1660271479869176e-04,
          4.2851436204842060e-02, 9.1109740070960757e-04,
          4.8144115175112173e-03, 9.1789167145038065e-04,
          3.3933759225901082e-03, -4.3399484190815513e-03,
          3.0729915187671544e-04, 1.5226782299162514e-03,
          3.8147480753354104e-04, 9.1109740070960757e-04,
          3.8230533765300868e-02, -3.2572474653782334e-03,
          6.6696080232505771e-04, -4.7842505902292581e-03,
          -3.1071323654304258e-03, 7.9288921899869653e-03,
          7.1129078245974683e-03, -1.4090654064772140e-03,
          4.8144115175112173e-03, -3.2572474653782342e-03,
          7.4204825704579924e-02, 3.9072420700869727e-03,
          6.1415913993623119e-04, -1.0639809402177179e-02,
          2.1623912396258611e-02, 4.0129101559741092e-03,
          -8.6865811268904396e-03, 9.1789167145038032e-04,
          6.6696080232505749e-04, 3.9072420700869727e-03,
          1.2692293660535942e-02, -2.7113666842656873e-03,
          -4.6096403953208645e-03, -1.0694164042650237e-03,
          2.8418257443354425e-04, 1.9289729708190635e-03,
          3.3933759225901064e-03, -4.7842505902292573e-03,
          6.1415913993623109e-04, -2.7113666842656864e-03,
          1.2412305487836711e-01, 4.1521016320696701e-03,
          -1.1897778887207736e-02, -4.3420078725577857e-03,
          5.5356176427241019e-03, -4.3399484190815513e-03,
          -3.1071323654304267e-03, -1.0639809402177181e-02,
          -4.6096403953208628e-03, 4.1521016320696692e-03,
          7.7685126140836530e-02 ]
   - !!opencv-matrix
      rows: 9
      cols: 9
      dt: d
      data: [ 6.7509267825630292e-01, 3.2404156242696747e-01,
          2.5633552565554295e-02, 3.9689536832538619e-02,
          -4.1204607446027060e-02, 3.5158447888492372e-02,
          5.8079079232508365e-02, -6.0414789256038916e-02,
          1.8213417033063325e-02, 3.2404156242696747e-01,
          9.6222103172207296e-01, 4.8500569880505336e-02,
          8.4477340784693697e-02, 1.6346300684929091e-01,
          -3.2766682328599313e-02, 2.9656749227669390e-02,
          -2.6999132924019970e-01, -1.4808245939955078e-01,
          2.5633552565554295e-02, 4.8500569880505336e-02,
          5.2202126544181618e-02, 1.9546390472096300e-02,
          2.5884717078840425e-02, 1.2170216802171027e-02,
          1.1885901519521737e-02, -4.0049536525957760e-02,
          1.5122162536394661e-02, 3.9689536832538619e-02,
          8.4477340784693697e-02, 1.9546390472096296e-02,
          1.1665105959040417e-01, 6.3369913871674816e-02,
          7.7151596122851177e-02, 4.9805099074786835e-03,
          -1.5498332184994753e-03, 1.5203597753608191e-02,
          -4.1204607446027046e-02, 1.6346300684929091e-01,
          2.5884717078840425e-02, 6.3369913871674802e-02,
          3.1162244210111711e-01, 1.6754588370125285e-02,
          2.2173419847100043e-02, -3.6303446431061120e-02,
