%YAML:1.0
---
groups:
   - intact
   - CD19
   - blast
intactGmmnames:
   - "intact.728.0"
   - "intact.728.1"
   - "intact.728.2"
   - "intact.728.3"
   - "intact.728.4"
intactLabels:
   - FSC-A
   - SSC-A
   - SY41
   - CD19
   - CD10
   - CD20
   - CD45
   - CD34
   - CD38
intactMu: !!opencv-matrix
   rows: 5
   cols: 9
   dt: d
   data: [ 2.2103337285778530e+00, 1.8688261824509802e+00,
       3.1569584909137118e+00, 1.3661182675294836e+00,
       1.4903947918567055e+00, 1.4059554146505502e+00,
       2.3927608980575128e+00, 1.1772108189071924e+00,
       1.9703928362870604e+00, 8.8262524374925355e-01,
       2.8248283560825782e-01, 3.2354985015538742e+00,
       1.0681896274466192e+00, 8.4921484323129881e-01,
       9.4958875912379193e-01, 3.4453301056214984e+00,
       1.0356899815843132e+00, 1.7308263992183983e+00,
       1.9172610919752608e+00, 3.0835639366811458e+00,
       2.9164538888563980e+00, 1.6326517924779860e+00,
       2.6907973169136734e+00, 1.2166615292399763e+00,
       3.0378697742418868e+00, 1.2966696240083004e+00,
       1.8562562641478488e+00, 8.6390596815523379e-01,
       5.4492320577553466e-01, 3.1420951967527335e+00,
       1.0409397902643487e+00, 1.0840903305032079e+00,
       1.1683722149509306e+00, 1.3641893485357479e+00,
       1.0853071867297808e+00, 1.5446730738260639e+00,
       1.8644058708407572e+00, 8.4350535875900046e-01,
       2.7658356052091118e+00, 1.3030547022933829e+00,
       1.1630953370366843e+00, 1.2659503535119481e+00,
       3.1080808217912463e+00, 1.4003033013118353e+00,
       1.9556237205655724e+00 ]
intactSigma:
   - !!opencv-matrix
      rows: 9
      cols: 9
      dt: d
      data: [ 9.8480844502154430e-01, 6.1359523545057193e-01,
          -6.6682444569818769e-02, 1.3313479868448497e-01,
          -4.1325159729402774e-02, 1.5159818079425564e-02,
          1.6509357193017596e-01, 1.5356829180329667e-03,
          7.0984612350088308e-02, 6.1359523545057193e-01,
          1.0322069545201356e+00, -7.2068518089844602e-02,
          2.2504952409875364e-01, 4.9073838207454659e-02,
          3.2091570605512813e-02, 3.6451550171536562e-01,
          2.9327609161236636e-02, 1.4444335313612858e-01,
          -6.6682444569818769e-02, -7.2068518089844574e-02,
          1.4765544559934188e-01, -4.0294014289018125e-02,
          1.2641783051636156e-02, 4.8570755042462221e-02,
          1.0153334216113049e-02, 7.5446246964856606e-03,
          4.4132097795610122e-02, 1.3313479868448497e-01,
          2.2504952409875364e-01, -4.0294014289018139e-02,
          7.7088724305034995e-02, 1.9829246077868873e-02,
          6.1633720134945547e-03, 8.0316009154542636e-02,
          8.9283228390120619e-03, 1.8288209886389559e-02,
          -4.1325159729402788e-02, 4.9073838207454652e-02,
          1.2641783051636156e-02, 1.9829246077868876e-02,
          2.2355556861701395e-01, 2.5870196480188564e-02,
          9.7640063439399141e-02, 2.5013967308298694e-02,
          3.0142141110966135e-03, 1.5159818079425569e-02,
          3.2091570605512813e-02, 4.8570755042462221e-02,
          6.1633720134945539e-03, 2.5870196480188571e-02,
          1.1856214466495163e-01, -1.8571708695484707e-02,
          1.4077328086817756e-02, 3.5790795624686692e-02,
          1.6509357193017596e-01, 3.6451550171536562e-01,
          1.0153334216113049e-02, 8.0316009154542636e-02,
          9.7640063439399113e-02, -1.8571708695484707e-02,
          5.0128356221858661e-01, 1.1675739043849168e-02,
          1.3068779957363769e-01, 1.5356829180329654e-03,
          2.9327609161236636e-02, 7.5446246964856580e-03,
          8.9283228390120671e-03, 2.5013967308298694e-02,
          1.4077328086817756e-02, 1.1675739043849165e-02,
          9.0262104925262085e-02, 9.3758781094885404e-03,
          7.0984612350088336e-02, 1.4444335313612858e-01,
          4.4132097795610122e-02, 1.8288209886389559e-02,
          3.0142141110966122e-03, 3.5790795624686692e-02,
          1.3068779957363769e-01, 9.3758781094885404e-03,
          1.7881449852430870e-01 ]
   - !!opencv-matrix
      rows: 9
      cols: 9
      dt: d
      data: [ 1.5261078950361698e-01, 1.4325496497599545e-02,
          -3.9322652292486319e-02, 1.1575292084724003e-02,
          9.5576945992703853e-03, 1.4538880648083617e-02,
          3.1127002555817823e-02, 4.8422013292343088e-04,
          -1.4585655007431312e-02, 1.4325496497599543e-02,
          1.2778453692241131e-02, -4.6390547101560990e-03,
          4.5604774303066873e-03, 6.1864502771023754e-03,
          1.0178466953772254e-02, 5.2586585376010785e-03,
          1.6112204110484119e-03, -5.4694367559787556e-03,
          -3.9322652292486319e-02, -4.6390547101560990e-03,
          2.4540749083390399e-02, -6.4909533220403213e-03,
          -3.5302608990029302e-03, -2.2544200246767615e-03,
          -9.6916381519367469e-03, 5.1028596373150115e-04,
          3.3009670651999953e-03, 1.1575292084724003e-02,
          4.5604774303066881e-03, -6.4909533220403231e-03,
          2.1293499872031725e-02, 2.5533710959304086e-03,
          4.0117063794320729e-03, 3.3788045959960112e-03,
          1.5403460274599151e-03, -4.7128913587981677e-03,
          9.5576945992703836e-03, 6.1864502771023762e-03,
          -3.5302608990029302e-03, 2.5533710959304082e-03,
          5.1697132893365083e-02, -2.2452956819461471e-03,
          3.1978195026764497e-03, -3.8437209526388763e-03,
          -3.7467230174412502e-03, 1.4538880648083617e-02,
          1.0178466953772256e-02, -2.2544200246767615e-03,
          4.0117063794320737e-03, -2.2452956819461467e-03,
          6.9105827203187628e-02, 5.0548517594028982e-03,
          1.4247907084103996e-03, -1.2136697283395554e-02,
          3.1127002555817816e-02, 5.2586585376010785e-03,
          -9.6916381519367469e-03, 3.3788045959960112e-03,
          3.1978195026764497e-03, 5.0548517594028964e-03,
          1.4179943221837032e-02, -1.8282176849100892e-03,
          -3.3284508484093664e-03, 4.8422013292343040e-04,
          1.6112204110484115e-03, 5.1028596373150104e-04,
          1.5403460274599156e-03, -3.8437209526388785e-03,
          1.4247907084104002e-03, -1.8282176849100888e-03,
          1.1321160944009184e-01, 1.8113959387599118e-03,
          -1.4585655007431312e-02, -5.4694367559787573e-03,
          3.3009670651999961e-03, -4.7128913587981668e-03,
          -3.7467230174412511e-03, -1.2136697283395555e-02,
          -3.3284508484093672e-03, 1.8113959387599111e-03,
          6.4308270165673920e-02 ]
   - !!opencv-matrix
      rows: 9
      cols: 9
      dt: d
      data: [ 4.7071967847920948e-01, 1.7143103918859467e-01,
          -8.8043062906515805e-03, 3.2096672670046796e-02,
          -3.4407483910432572e-03, 2.8798433787560890e-02,
          1.8816994729729194e-02, 1.3881420630647442e-02,
          1.6903800947859864e-02, 1.7143103918859467e-01,
          3.6753906286559007e-01, -2.6043335658738277e-02,
          6.9289460308249520e-02, 3.3927732329797219e-02,
          4.4130244196799145e-02, 2.1711375182248038e-02,
          2.2956123621605085e-02, 2.9326663353178753e-02,
          -8.8043062906515840e-03, -2.6043335658738277e-02,
          6.1450692373962654e-02, -1.1768605757189835e-02,
          -1.0457526422864297e-02, -3.7971403523805432e-03,
          -9.1805047422725047e-03, -1.1351262185419419e-03,
          -2.2742386221225879e-03, 3.2096672670046796e-02,
          6.9289460308249520e-02, -1.1768605757189835e-02,
          3.1039080450014789e-02, 9.0897455626271564e-03,
          1.0427481456104610e-02, 6.1603698306045397e-03,
          5.4664076971197720e-03, 1.4120296608236774e-03,
          -3.4407483910432564e-03, 3.3927732329797219e-02,
          -1.0457526422864297e-02, 9.0897455626271564e-03,
          7.4370378292818048e-02, 8.9077501949322412e-03,
          1.8492874626523378e-02, 3.7080666983576914e-03,
