%YAML:1.0
---
groups:
   - intact
   - CD19
intactGmmnames:
   - "intact.737.0"
   - "intact.737.1"
   - "intact.737.2"
   - "intact.737.3"
   - "intact.737.4"
intactLabels:
   - FSC-A
   - SSC-A
   - SY41
   - CD19
   - CD10
   - CD20
   - CD45
   - CD34
   - CD38
intactMu: !!opencv-matrix
   rows: 5
   cols: 9
   dt: d
   data: [ 1.7629845395409089e+00, 1.2680061863028889e+00,
       3.1939935602698686e+00, 1.4068438776408809e+00,
       1.4557297311219506e+00, 1.6237856931233090e+00,
       2.7764250517371210e+00, 1.3135187343687047e+00,
       1.9577487169123295e+00, 1.2414643143364352e+00,
       3.5696512021073334e-01, 2.8980490644048706e+00,
       1.1329715499752060e+00, 1.1800344554707636e+00,
       9.6700373562099895e-01, 3.4336279700621608e+00,
       1.0596401323503684e+00, 1.8468619499816681e+00,
       9.6944958322192298e-01, 4.5446209013031241e-01,
       3.0633228850144492e+00, 9.9893244647600998e-01,
       1.2083477299503738e+00, 1.1296529145946519e+00,
       1.2096587949556157e+00, 1.0455574028917516e+00,
       1.6978577278140476e+00, 2.4955108820246035e+00,
       3.1867407809471886e+00, 2.9515558812693747e+00,
       1.6353419724852927e+00, 2.3803638972049481e+00,
       1.2655435287248862e+00, 3.0642930492324587e+00,
       1.1129171136353659e+00, 1.7246549318151301e+00,
       1.9484905759607762e+00, 1.8225408419957216e+00,
       3.0578430931548479e+00, 1.3605540092447519e+00,
       1.2779749891069960e+00, 1.4097332552153619e+00,
       2.9112885891395583e+00, 1.2323251477622919e+00,
       2.4886378286004622e+00 ]
intactSigma:
   - !!opencv-matrix
      rows: 9
      cols: 9
      dt: d
      data: [ 9.6041989980693765e-01, 4.1586571997725408e-01,
          9.4723940330161419e-02, 1.5194154738027643e-01,
          5.8192207049160796e-02, 1.4523164129867330e-01,
          2.0838977667097139e-01, 3.9133400247741090e-02,
          7.3046599433739187e-02, 4.1586571997725402e-01,
          6.7993277572862287e-01, 4.6130084822202738e-02,
          2.2303463138556245e-01, 1.2080797897054935e-01,
          1.6521941999549461e-01, 8.4931317391939265e-02,
          1.0081709705242642e-01, 8.2419019176699554e-02,
          9.4723940330161432e-02, 4.6130084822202752e-02,
          1.1157090671668382e-01, 1.5544804651494966e-02,
          -4.5844308823016046e-03, 4.3523519001756647e-02,
          8.7676529041498905e-02, 7.2632549850786630e-03,
          9.9791031681647404e-03, 1.5194154738027643e-01,
          2.2303463138556245e-01, 1.5544804651494966e-02,
          2.3699928036511608e-01, 4.8263105651148323e-02,
          1.8788091338737842e-01, 1.2141782603509087e-01,
          3.1158767092190565e-02, 4.5485233819267161e-02,
          5.8192207049160796e-02, 1.2080797897054935e-01,
          -4.5844308823016046e-03, 4.8263105651148323e-02,
          1.2624577838610901e-01, 4.8811229374783376e-02,
          5.3813125591651127e-02, 3.8926662663363254e-02,
          3.2544711350006889e-02, 1.4523164129867330e-01,
          1.6521941999549461e-01, 4.3523519001756654e-02,
          1.8788091338737842e-01, 4.8811229374783376e-02,
          3.3292208805418355e-01, 1.3653311818680525e-01,
          3.5518966657191529e-02, 5.5116990527499271e-02,
          2.0838977667097142e-01, 8.4931317391939251e-02,
          8.7676529041498877e-02, 1.2141782603509088e-01,
          5.3813125591651127e-02, 1.3653311818680522e-01,
          7.9059985781903019e-01, 2.7917504476811839e-02,
          1.1127724218128020e-01, 3.9133400247741090e-02,
          1.0081709705242642e-01, 7.2632549850786621e-03,
          3.1158767092190572e-02, 3.8926662663363254e-02,
          3.5518966657191536e-02, 2.7917504476811839e-02,
          2.2633637654469166e-01, 2.6807376140539262e-02,
          7.3046599433739187e-02, 8.2419019176699512e-02,
          9.9791031681647439e-03, 4.5485233819267161e-02,
          3.2544711350006889e-02, 5.5116990527499271e-02,
          1.1127724218128020e-01, 2.6807376140539262e-02,
          1.0551248635575068e-01 ]
   - !!opencv-matrix
      rows: 9
      cols: 9
      dt: d
      data: [ 2.0854800760370373e-01, 1.6117411980981693e-02,
          -1.6558262056634937e-02, 8.5184813015481906e-03,
          1.1428205945601640e-03, 1.7113033445873505e-02,
          5.0365862086248714e-02, 7.9009867385260602e-04,
          2.4901196711599291e-03, 1.6117411980981693e-02,
          1.4988547635724939e-02, 9.5116413387054811e-04,
          4.9103203384560810e-03, 1.5203568986950290e-03,
          1.0433166326954523e-02, 6.5734187812444720e-03,
          1.4966002773499354e-03, 6.2891857098786995e-04,
          -1.6558262056634937e-02, 9.5116413387054811e-04,
          1.2153881256972600e-02, -1.3068002224848844e-03,
          4.1917554342219606e-04, 2.4234733181825274e-03,
          -6.4964071587711517e-03, 8.6218283613830320e-04,
          -3.4190985960491968e-04, 8.5184813015481906e-03,
          4.9103203384560819e-03, -1.3068002224848844e-03,
          2.4802329384074593e-02, 5.4145945201892142e-04,
          5.2672403276687978e-03, 4.4387083138452904e-03,
          2.8234787663491303e-03, -7.6547591690001213e-04,
          1.1428205945601636e-03, 1.5203568986950290e-03,
          4.1917554342219606e-04, 5.4145945201892131e-04,
          4.5281559328785330e-03, -5.9195924304421808e-04,
          6.1166041859604420e-04, -1.3951648888377416e-03,
          -3.0089244278688260e-04, 1.7113033445873505e-02,
          1.0433166326954523e-02, 2.4234733181825274e-03,
          5.2672403276687986e-03, -5.9195924304421776e-04,
          7.6413647630940898e-02, 6.0357284453275784e-03,
          1.3617881049761077e-03, -3.0496495736071620e-03,
          5.0365862086248714e-02, 6.5734187812444729e-03,
          -6.4964071587711517e-03, 4.4387083138452904e-03,
          6.1166041859604420e-04, 6.0357284453275767e-03,
          2.4803795742257030e-02, -1.1852767288679533e-03,
          1.0352021226606458e-03, 7.9009867385260689e-04,
          1.4966002773499354e-03, 8.6218283613830255e-04,
          2.8234787663491299e-03, -1.3951648888377427e-03,
          1.3617881049761069e-03, -1.1852767288679541e-03,
          1.2710966739105739e-01, 1.4271329698678070e-03,
          2.4901196711599300e-03, 6.2891857098786995e-04,
          -3.4190985960491968e-04, -7.6547591690001213e-04,
          -3.0089244278688271e-04, -3.0496495736071620e-03,
          1.0352021226606458e-03, 1.4271329698678070e-03,
          1.8618761623859833e-02 ]
   - !!opencv-matrix
      rows: 9
      cols: 9
      dt: d
      data: [ 2.1058190194199558e-01, 4.0455813288107038e-02,
          3.3448216133462536e-02, 1.6038239654051791e-03,
          4.3814072936749849e-03, 3.5277061403783193e-02,
          8.7382828871257669e-03, 2.4670802169462678e-03,
          1.4258738829495750e-03, 4.0455813288107031e-02,
          6.1909933036064638e-02, 1.2044554283297966e-02,
          1.1508840170802804e-02, 7.7313999197098447e-03,
          5.1651902185434237e-02, 1.6824740341173792e-02,
          4.8032956244347903e-03, 1.9953816039002684e-03,
          3.3448216133462529e-02, 1.2044554283297966e-02,
          4.6205422711296650e-02, -6.0890085348809268e-03,
          1.6104023176443784e-03, 1.1828759681407289e-02,
          4.7322906374094101e-03, 2.4466802223609883e-03,
          9.7989861636866454e-04, 1.6038239654051789e-03,
          1.1508840170802804e-02, -6.0890085348809251e-03,
          1.1864444986037630e-02, 1.6876730812242717e-03,
          1.0654980686552035e-02, 3.2733222510118363e-03,
          9.5291842399281229e-04, -3.5014223275512177e-04,
          4.3814072936749849e-03, 7.7313999197098447e-03,
          1.6104023176443784e-03, 1.6876730812242717e-03,
          5.7166382742202294e-03, 6.2398588065397725e-03,
          4.0502769291853235e-03, 6.1418182989955250e-04,
