%YAML:1.0
---
groups:
   - intact
   - CD19
   - blast
intactGmmnames:
   - "intact.739.0"
   - "intact.739.1"
   - "intact.739.2"
   - "intact.739.3"
   - "intact.739.4"
intactLabels:
   - FSC-A
   - SSC-A
   - SY41
   - CD19
   - CD10
   - CD20
   - CD45
   - CD34
   - CD38
intactMu: !!opencv-matrix
   rows: 5
   cols: 9
   dt: d
   data: [ 7.1112043093300847e-01, 3.3954119148619710e-01,
       3.5546727424294424e+00, 7.7265829721714785e-01,
       1.0039768504898798e+00, 8.7004670958359265e-01,
       1.2167482844744411e+00, 1.0786738743073081e+00,
       1.5141765519665840e+00, 1.0704727731977748e+00,
       2.6593899186475528e-01, 3.5542608163285800e+00,
       9.6254156159269977e-01, 8.1663596037885655e-01,
       8.8197122556684726e-01, 3.6747596524115655e+00,
       1.0680329970774169e+00, 1.8499233747849857e+00,
       1.7006937098693169e+00, 2.4073860475647870e+00,
       3.3217238691434856e+00, 1.4450657728738217e+00,
       2.3231460494823812e+00, 1.3721992550872839e+00,
       3.0136551990064144e+00, 1.2193344075737480e+00,
       1.7053637204355689e+00, 1.2828576814166899e+00,
       4.5903459425915211e-01, 3.3642914838257574e+00,
       1.1616167553540455e+00, 9.6811111800820537e-01,
       9.8539996601062163e-01, 3.8273955795302901e+00,
       1.0656852148106271e+00, 1.5822732513650561e+00,
       1.1956644046832097e+00, 5.5473222353290519e-01,
       3.3473136586864194e+00, 1.1571811517475326e+00,
       9.2546603845911379e-01, 9.8923823874175432e-01,
       3.7689540381432129e+00, 1.1350212579985384e+00,
       2.5449662779930571e+00 ]
intactSigma:
   - !!opencv-matrix
      rows: 9
      cols: 9
      dt: d
      data: [ 6.9078485505220930e-02, 1.3755081667876052e-02,
          -7.8062138296201549e-03, 4.7173374350175344e-03,
          1.1536297896371872e-02, 1.1031158723047182e-02,
          1.1075249213831006e-02, 5.9684972909283558e-04,
          2.1379384853737957e-03, 1.3755081667876052e-02,
          1.3534357961411328e-02, 1.6432447892237327e-03,
          1.0075486286199836e-03, 1.1175085699292724e-02,
          1.0231386016373665e-02, 9.7234353918018313e-03,
          1.1020842651617538e-03, 2.5802460706096861e-03,
          -7.8062138296201549e-03, 1.6432447892237338e-03,
          9.2998461702332100e-02, -4.8346970583227469e-02,
          -6.9525250161502272e-03, 2.8681295758715354e-03,
          -8.7025161085169285e-03, 2.3812761250658686e-03,
          8.3893932537195369e-03, 4.7173374350175353e-03,
          1.0075486286199836e-03, -4.8346970583227469e-02,
          3.4707420070270771e-02, 7.7809410555457802e-03,
          -4.3492929540023793e-04, 7.1006040428692194e-03,
          -1.0753951732649749e-03, -5.4746569140401904e-03,
          1.1536297896371872e-02, 1.1175085699292724e-02,
          -6.9525250161502298e-03, 7.7809410555457785e-03,
          1.1534221981065446e-01, 1.1098714139257569e-03,
          2.7613576971590600e-02, 5.9439003738958750e-04,
          3.9538759287845865e-03, 1.1031158723047182e-02,
          1.0231386016373665e-02, 2.8681295758715350e-03,
          -4.3492929540023788e-04, 1.1098714139257556e-03,
          6.8281429611296671e-02, 5.6797200704706017e-03,
          1.0196223370239634e-03, 2.3395968660498831e-03,
          1.1075249213831000e-02, 9.7234353918018313e-03,
          -8.7025161085169302e-03, 7.1006040428692185e-03,
          2.7613576971590604e-02, 5.6797200704706034e-03,
          1.7319274080789157e-01, -9.9823928023573929e-04,
          2.9085332629679847e-03, 5.9684972909283558e-04,
          1.1020842651617534e-03, 2.3812761250658703e-03,
          -1.0753951732649745e-03, 5.9439003738958728e-04,
          1.0196223370239623e-03, -9.9823928023573842e-04,
          2.4245641684852302e-02, 5.6645108704719881e-04,
          2.1379384853737961e-03, 2.5802460706096861e-03,
          8.3893932537195386e-03, -5.4746569140401904e-03,
          3.9538759287845865e-03, 2.3395968660498831e-03,
          2.9085332629679838e-03, 5.6645108704719903e-04,
          6.0332856652492014e-03 ]
   - !!opencv-matrix
      rows: 9
      cols: 9
      dt: d
      data: [ 1.3298800080669376e-01, 7.0305470860084658e-03,
          -1.3704321398553118e-02, 1.0360608522001144e-02,
          2.3010188768830832e-03, 2.0929989122467265e-03,
          2.1249893703109781e-02, 3.4919410416125996e-04,
          7.7669661313298742e-03, 7.0305470860084675e-03,
          4.2990524583627725e-03, -1.6618820036593939e-03,
          2.5718811011682511e-03, 1.7422058662934306e-03,
          3.5895582365070003e-03, 3.1970677819931621e-03,
          -1.5338795152729766e-04, -1.2658287281093993e-03,
          -1.3704321398553116e-02, -1.6618820036593939e-03,
          4.8303539612269686e-03, -3.5993456130105372e-03,
          -1.2262382962228387e-03, 8.6186028166910554e-05,
          -4.2480972087511155e-03, 3.8142486981983936e-04,
          -7.3698695147865142e-04, 1.0360608522001141e-02,
          2.5718811011682515e-03, -3.5993456130105372e-03,
          3.3665678901638595e-02, 1.3739989580568229e-03,
          1.7624662424504333e-03, 4.0611064168195703e-03,
          1.2828346123930311e-03, -2.6526547604488922e-03,
          2.3010188768830824e-03, 1.7422058662934306e-03,
          -1.2262382962228387e-03, 1.3739989580568220e-03,
          4.2585402895558878e-02, -5.7017919386920029e-03,
          1.8716325999906243e-03, -7.0819277698322318e-03,
          -8.5818439685561424e-04, 2.0929989122467265e-03,
          3.5895582365070003e-03, 8.6186028166910581e-05,
          1.7624662424504342e-03, -5.7017919386920029e-03,
          6.8374609377820347e-02, 1.8587244712276886e-03,
          -1.0588232632079629e-04, -7.5288569543068085e-03,
          2.1249893703109781e-02, 3.1970677819931621e-03,
          -4.2480972087511155e-03, 4.0611064168195694e-03,
          1.8716325999906245e-03, 1.8587244712276892e-03,
          9.8362603993593645e-03, -1.7816776279102188e-03,
          -1.0822169494897470e-03, 3.4919410416125898e-04,
          -1.5338795152729760e-04, 3.8142486981983909e-04,
          1.2828346123930317e-03, -7.0819277698322318e-03,
          -1.0588232632079601e-04, -1.7816776279102190e-03,
          1.2920035433353613e-01, 5.0687460520683304e-03,
          7.7669661313298759e-03, -1.2658287281093988e-03,
          -7.3698695147865142e-04, -2.6526547604488922e-03,
          -8.5818439685561403e-04, -7.5288569543068085e-03,
          -1.0822169494897472e-03, 5.0687460520683287e-03,
          1.0021163658655903e-01 ]
   - !!opencv-matrix
      rows: 9
      cols: 9
      dt: d
      data: [ 6.5551353413815228e-01, 3.9165603788237940e-01,
          3.7713627795841545e-03, 8.0377994084706667e-02,
          1.1103213130203457e-01, 3.2341534133167725e-02,
          1.6390739036396168e-01, -3.8383401943528858e-03,
          8.0529493147082961e-03, 3.9165603788237940e-01,
          1.1837405806590837e+00, -4.4050156629874597e-02,
          2.7640839590206029e-01, 5.5183682622401897e-01,
          2.8877256604739512e-02, 4.4106596591977543e-01,
          -1.7896119459370138e-02, -7.5048510038541086e-02,
          3.7713627795841554e-03, -4.4050156629874597e-02,
          1.3107646297484443e-01, -5.4855134083712301e-02,
          -4.4469315556143370e-02, 1.9825360968148180e-02,
          -1.8266228454216913e-02, 6.0922842703863807e-03,
          3.6069716586941185e-02, 8.0377994084706667e-02,
          2.7640839590206029e-01, -5.4855134083712315e-02,
          1.6116174150316481e-01, 1.5217157403362033e-01,
          6.2100502300414813e-02, 1.6746593362950984e-01,
          3.9620302378988404e-03, -1.6588091363890663e-02,
          1.1103213130203457e-01, 5.5183682622401908e-01,
          -4.4469315556143356e-02, 1.5217157403362033e-01,
          5.7754185603520747e-01, 2.9118285433794690e-03,
          3.6663062563624244e-01, -4.0259174468378810e-02,
