%YAML:1.0
---
groups:
   - intact
   - CD19
   - blast
intactGmmnames:
   - "intact.748.0"
   - "intact.748.1"
   - "intact.748.2"
   - "intact.748.3"
   - "intact.748.4"
intactLabels:
   - FSC-A
   - SSC-A
   - SY41
   - CD19
   - CD10
   - CD20
   - CD45
   - CD34
   - CD38
intactMu: !!opencv-matrix
   rows: 5
   cols: 9
   dt: d
   data: [ 7.1632866482739288e-01, 2.2011670723347759e-01,
       3.8953314979148046e+00, 8.6494996798644219e-01,
       7.4045341412559906e-01, 7.6684956748959676e-01,
       3.2896151444860782e+00, 1.0821192467261282e+00,
       1.7797651829014458e+00, 1.6878637198884423e+00,
       1.4043250344653864e+00, 3.5987897525697945e+00,
       1.1759522827466644e+00, 1.2929390845007793e+00,
       1.2047408933570727e+00, 2.7799275054523114e+00,
       1.3183664794291217e+00, 2.0665115620586332e+00,
       1.4271528854779039e+00, 3.8486898916601331e-01,
       3.2887395126013539e+00, 1.1755306771833010e+00,
       9.2231090759817758e-01, 9.0015291643293693e-01,
       3.5094150966733366e+00, 1.0859446022997743e+00,
       1.7830017995661378e+00, 1.0048487812149525e+00,
       5.9562109555123499e-01, 2.8818110217718806e+00,
       1.0933352316225087e+00, 9.4362828943922850e-01,
       8.8673068921856724e-01, 1.4833667901946608e+00,
       1.2203090596340551e+00, 1.4865535117254065e+00,
       2.1324915391618928e+00, 3.2202673093486820e+00,
       3.4921106890407874e+00, 1.4535991451951777e+00,
       1.8357672661381823e+00, 1.1276861117183656e+00,
       2.5572934403173790e+00, 1.0959184934912614e+00,
       1.5317579148016838e+00 ]
intactSigma:
   - !!opencv-matrix
      rows: 9
      cols: 9
      dt: d
      data: [ 8.3041196228161016e-02, 5.7760545165862869e-03,
          -3.8872970791151436e-02, 3.2686056704637846e-02,
          1.5994863157811193e-02, 1.1593711961195343e-02,
          3.2672373445300683e-02, -3.3503127749085807e-03,
          -7.5498616514241149e-03, 5.7760545165862869e-03,
          6.1796166079434662e-03, -3.7063008169815979e-03,
          4.3165965650612311e-03, 3.9045105246604470e-03,
          5.0210708462811136e-03, 3.5525795860297887e-03,
          6.8071923554754782e-04, -1.6398853564645794e-03,
          -3.8872970791151436e-02, -3.7063008169815979e-03,
          3.7652917983375701e-02, -3.2626506075466737e-02,
          -1.6982193329461163e-02, -9.0524379672594080e-03,
          -1.8064858562215211e-02, 2.4000049748278667e-03,
          7.9125306575133902e-03, 3.2686056704637846e-02,
          4.3165965650612311e-03, -3.2626506075466737e-02,
          3.7398219853040544e-02, 1.5843820513489832e-02,
          9.2081158375568253e-03, 1.6064568918556888e-02,
          -1.1142614315141773e-03, -8.6311972726723103e-03,
          1.5994863157811189e-02, 3.9045105246604452e-03,
          -1.6982193329461163e-02, 1.5843820513489832e-02,
          3.2099913805733578e-02, 3.0493216170647194e-04,
          8.5362314310627688e-03, -3.7953813070933599e-03,
          -4.4160347632824851e-03, 1.1593711961195347e-02,
          5.0210708462811128e-03, -9.0524379672594080e-03,
          9.2081158375568253e-03, 3.0493216170647194e-04,
          7.0226887867256879e-02, 5.6960869544829705e-03,
          -5.3351711759805332e-04, -6.3141514779885190e-03,
          3.2672373445300683e-02, 3.5525795860297891e-03,
          -1.8064858562215211e-02, 1.6064568918556888e-02,
          8.5362314310627671e-03, 5.6960869544829748e-03,
          2.2628499211831455e-02, -3.0174508864774558e-03,
          -3.4723861837299857e-03, -3.3503127749085790e-03,
          6.8071923554754836e-04, 2.4000049748278680e-03,
          -1.1142614315141773e-03, -3.7953813070933607e-03,
          -5.3351711759805310e-04, -3.0174508864774566e-03,
          1.0314225925268107e-01, 2.0306769042119908e-03,
          -7.5498616514241149e-03, -1.6398853564645794e-03,
          7.9125306575133902e-03, -8.6311972726723103e-03,
          -4.4160347632824859e-03, -6.3141514779885173e-03,
          -3.4723861837299866e-03, 2.0306769042119917e-03,
          4.6131624210434964e-02 ]
   - !!opencv-matrix
      rows: 9
      cols: 9
      dt: d
      data: [ 9.3990089537071830e-01, 5.5454714007985462e-01,
          -6.2605692437225025e-02, 1.1063603841569700e-01,
          7.4245212450357754e-03, 1.0899084604944459e-01,
          5.0753922939254056e-02, 1.0252561030181601e-02,
          -2.6728588105558310e-03, 5.5454714007985462e-01,
          1.2690956651815632e+00, -7.5816259570734026e-02,
          2.2520382521270002e-01, 1.0499873171025009e-01,
          1.9747827426441292e-01, -2.7836124555321884e-01,
          -2.1477467391442254e-02, -5.8795073200424479e-02,
          -6.2605692437225025e-02, -7.5816259570734026e-02,
          3.0382799106132130e-01, -1.4821681218517446e-01,
          -8.5078029001708924e-02, -1.7741525556552670e-02,
          7.5353681549391066e-02, -5.0192626070347654e-03,
          2.9937194242460375e-02, 1.1063603841569700e-01,
          2.2520382521270002e-01, -1.4821681218517446e-01,
          2.5008480171734743e-01, 1.5915194412878511e-01,
          1.3460660611823480e-01, -4.6548080299670107e-02,
          1.7308244117978239e-02, 1.0221004568973293e-02,
          7.4245212450357754e-03, 1.0499873171025012e-01,
          -8.5078029001708924e-02, 1.5915194412878511e-01,
          4.3079681969059819e-01, 7.3314305279875994e-02,
          -6.7155750404363432e-02, 1.1155832716808034e-02,
          -2.6305846700532064e-02, 1.0899084604944459e-01,
          1.9747827426441292e-01, -1.7741525556552666e-02,
          1.3460660611823480e-01, 7.3314305279876021e-02,
          2.7836075339321625e-01, -3.7060070712890435e-02,
          1.9966152679503656e-02, 2.5667975562047772e-02,
          5.0753922939254056e-02, -2.7836124555321884e-01,
          7.5353681549391080e-02, -4.6548080299670107e-02,
          -6.7155750404363432e-02, -3.7060070712890435e-02,
          5.8619054695502948e-01, -5.5509628975583293e-02,
          4.9565809464430476e-02, 1.0252561030181592e-02,
          -2.1477467391442261e-02, -5.0192626070347688e-03,
          1.7308244117978246e-02, 1.1155832716808031e-02,
          1.9966152679503659e-02, -5.5509628975583293e-02,
          2.6474887508958539e-01, 5.8299984843846873e-02,
          -2.6728588105558297e-03, -5.8795073200424493e-02,
          2.9937194242460375e-02, 1.0221004568973294e-02,
          -2.6305846700532053e-02, 2.5667975562047772e-02,
          4.9565809464430476e-02, 5.8299984843846873e-02,
          3.6870254257868534e-01 ]
   - !!opencv-matrix
      rows: 9
      cols: 9
      dt: d
      data: [ 1.4015706586892235e-01, 7.8554607752914340e-04,
          -1.0636371202450087e-02, -9.0596376820210517e-05,
          -1.8807637673120796e-04, 2.9679983656797195e-03,
          1.2406159961757313e-02, -2.9904836539517885e-03,
          -1.6783627435734329e-02, 7.8554607752914373e-04,
          2.1120271320455571e-02, -2.4229018713342303e-02,
          1.0609083595179243e-02, 7.2358295789198279e-03,
          9.8141911605841240e-03, 5.3382764563611419e-03,
          2.1408687608778535e-03, 1.1199886684612149e-02,
          -1.0636371202450092e-02, -2.4229018713342310e-02,
          1.0516897192512030e-01, -3.2482753380123831e-02,
          -1.5850214085002905e-02, -9.9725233159423613e-03,
          -1.5309454504874906e-02, -1.2955646426793161e-03,
          -7.2540036561522022e-03, -9.0596376820210910e-05,
          1.0609083595179243e-02, -3.2482753380123831e-02,
          2.4660346225370385e-02, 6.4550939870084223e-03,
          5.4241467814056202e-03, 5.6950401403206945e-03,
          2.4375966150226871e-03, 2.2031207375453922e-04,
          -1.8807637673120804e-04, 7.2358295789198288e-03,
          -1.5850214085002902e-02, 6.4550939870084223e-03,
          3.6411801243394888e-02, -1.7306233661646747e-03,
