%YAML:1.0
---
groups:
   - intact
   - CD19
intactGmmnames:
   - "intact.751.0"
   - "intact.751.1"
   - "intact.751.2"
   - "intact.751.3"
   - "intact.751.4"
intactLabels:
   - FSC-A
   - SSC-A
   - SY41
   - CD19
   - CD10
   - CD20
   - CD45
   - CD34
   - CD38
intactMu: !!opencv-matrix
   rows: 5
   cols: 9
   dt: d
   data: [ 8.5565836358324654e-01, 2.7661171361260223e-01,
       3.0529398021670118e+00, 1.0532374246356082e+00,
       8.4654234373976323e-01, 9.4135918640396454e-01,
       3.3833177962974257e+00, 1.0069321946924024e+00,
       1.7225267585364492e+00, 1.8238277554018976e+00,
       3.4330506554644056e+00, 2.6701365181195489e+00,
       1.6065205656744426e+00, 2.7598518580097315e+00,
       1.2297503161419348e+00, 2.9470320003751995e+00,
       1.1168410114041922e+00, 1.4824231944497659e+00,
       1.5495504976501602e+00, 5.1496477305123334e-01,
       2.7004368321995389e+00, 1.1608870783149248e+00,
       8.9091689567313737e-01, 1.0066733892526785e+00,
       3.5800824771604578e+00, 1.0282706243366928e+00,
       2.0643618472414222e+00, 9.5405076618706497e-01,
       5.9514139894696183e-01, 2.3602408910483574e+00,
       1.0895612778764012e+00, 9.9029259596444363e-01,
       9.6891222053026727e-01, 1.7900056344634059e+00,
       1.1144851437317167e+00, 1.5198148176955222e+00,
       2.0280917883872522e+00, 2.0748301955091786e+00,
       2.6155297537539068e+00, 1.4504154138173808e+00,
       1.5071141465268698e+00, 1.3764350772753153e+00,
       2.6044993598552684e+00, 1.2543332650829597e+00,
       1.8332845179484201e+00 ]
intactSigma:
   - !!opencv-matrix
      rows: 9
      cols: 9
      dt: d
      data: [ 1.0071362760867501e-01, 6.7437642184146164e-03,
          -1.7843025316895602e-02, 5.6096619856006794e-03,
          1.3660540847022270e-03, 1.0074293596201983e-02,
          2.6465727964047291e-02, -2.0421993972117086e-04,
          2.9662424141586050e-03, 6.7437642184146164e-03,
          7.7960951705015706e-03, -1.5466758896509429e-03,
          2.1857422517112470e-03, 3.1611257824825782e-03,
          6.1738061363929625e-03, 3.0175731971211288e-03,
          7.1111973889954395e-04, -3.1436893022205245e-03,
          -1.7843025316895602e-02, -1.5466758896509427e-03,
          1.5846357070914193e-02, -2.5119482145693158e-03,
          -1.4357138326272703e-04, 1.3050846002342532e-04,
          -5.1172451272333162e-03, 3.2086865046759226e-04,
          -1.0676410275009891e-03, 5.6096619856006794e-03,
          2.1857422517112465e-03, -2.5119482145693158e-03,
          1.9289085005597662e-02, 9.9916494883866614e-04,
          2.0194089949003083e-03, 1.2567156388665469e-03,
          1.6542025449232240e-03, -2.8325381837059748e-03,
          1.3660540847022277e-03, 3.1611257824825782e-03,
          -1.4357138326272670e-04, 9.9916494883866593e-04,
          4.9765726057131150e-02, -4.4001040509550312e-03,
          1.2026270080156192e-03, -2.8915486037476268e-03,
          -4.3108536123835388e-03, 1.0074293596201985e-02,
          6.1738061363929625e-03, 1.3050846002342549e-04,
          2.0194089949003092e-03, -4.4001040509550312e-03,
          6.3263809202507695e-02, 3.9357812272839887e-03,
          -5.1023206619665385e-04, -1.0785307814692469e-02,
          2.6465727964047291e-02, 3.0175731971211293e-03,
          -5.1172451272333162e-03, 1.2567156388665469e-03,
          1.2026270080156194e-03, 3.9357812272839895e-03,
          1.4109908839943204e-02, -2.1788966403502325e-03,
          3.2351171748633116e-04, -2.0421993972117086e-04,
          7.1111973889954384e-04, 3.2086865046759258e-04,
          1.6542025449232237e-03, -2.8915486037476277e-03,
          -5.1023206619665428e-04, -2.1788966403502325e-03,
          1.0331505317699353e-01, 2.8468959248632349e-03,
          2.9662424141586067e-03, -3.1436893022205241e-03,
          -1.0676410275009891e-03, -2.8325381837059739e-03,
          -4.3108536123835388e-03, -1.0785307814692469e-02,
          3.2351171748633116e-04, 2.8468959248632358e-03,
          9.4211094877154511e-02 ]
   - !!opencv-matrix
      rows: 9
      cols: 9
      dt: d
      data: [ 4.1989352928227475e-01, 2.3927873222594148e-01,
          1.0076556187589720e-02, 4.6645162419915481e-02,
          -2.2764390347117639e-02, 3.3927002956301890e-02,
          1.2061763214235570e-02, 8.6087874642628206e-03,
          3.8200626270514407e-03, 2.3927873222594148e-01,
          3.8541893290802942e-01, 9.4248960386240609e-03,
          6.5155498933933187e-02, 1.6579397521657090e-03,
          4.4789800552784517e-02, 1.4601153495275694e-02,
          8.8856492052601238e-03, -7.0724049067230632e-04,
          1.0076556187589724e-02, 9.4248960386240574e-03,
          4.8390458344265891e-02, -1.0073383267543499e-03,
          -3.4421944517887353e-03, 1.7699912321916754e-03,
          -2.3910128740596433e-03, 8.0879935334886473e-04,
          6.3014928771388957e-05, 4.6645162419915481e-02,
          6.5155498933933187e-02, -1.0073383267543501e-03,
          2.9346063955204001e-02, 1.5123618430220808e-03,
          8.8808085870529570e-03, 3.4886174229372441e-03,
          2.2850125482770847e-03, -5.0782369842077846e-03,
          -2.2764390347117639e-02, 1.6579397521657103e-03,
          -3.4421944517887362e-03, 1.5123618430220814e-03,
          6.1639049553166098e-02, 3.8223142144143433e-03,
          1.7012838388950634e-02, -9.4446610445453750e-04,
          3.8829910756621255e-04, 3.3927002956301897e-02,
          4.4789800552784524e-02, 1.7699912321916741e-03,
          8.8808085870529570e-03, 3.8223142144143433e-03,
          5.3004537165059297e-02, 4.2781497754100931e-03,
          2.0528768087127339e-03, 1.0535569227476608e-03,
          1.2061763214235566e-02, 1.4601153495275694e-02,
          -2.3910128740596442e-03, 3.4886174229372441e-03,
          1.7012838388950634e-02, 4.2781497754100931e-03,
          3.0378042491031675e-02, -2.3356389340785208e-03,
          -1.1948036845279919e-03, 8.6087874642628171e-03,
          8.8856492052601238e-03, 8.0879935334886516e-04,
          2.2850125482770851e-03, -9.4446610445453750e-04,
          2.0528768087127330e-03, -2.3356389340785195e-03,
          8.3923131369055035e-02, 2.1474298820805013e-03,
          3.8200626270514407e-03, -7.0724049067230686e-04,
          6.3014928771389173e-05, -5.0782369842077837e-03,
          3.8829910756621287e-04, 1.0535569227476602e-03,
          -1.1948036845279926e-03, 2.1474298820805008e-03,
          3.4727342357217972e-02 ]
   - !!opencv-matrix
      rows: 9
      cols: 9
      dt: d
      data: [ 2.0777255250584226e-01, -3.2107684041655761e-03,
          6.8742875023959215e-04, 9.1615108960289100e-04,
          1.0205261924681812e-04, 5.4814284523805818e-03,
          1.9192110611264485e-02, -3.4980810886962462e-03,
          -5.1955931475510655e-02, -3.2107684041655757e-03,
          2.2831015888610633e-02, -1.4990633243412791e-02,
          5.6905493381141726e-03, 4.5348792355637806e-03,
          6.1165455697071948e-03, 3.9215727483968973e-03,
          1.2922887245456079e-03, 3.1249909650985602e-02,
          6.8742875023959258e-04, -1.4990633243412791e-02,
          1.0025455928422101e-01, -1.1025609874664784e-02,
          7.9630321075522192e-04, 7.9341383205800160e-03,
          -6.8154203356420463e-03, 4.2134426066969968e-04,
          -4.8341613335757261e-02, 9.1615108960289035e-04,
          5.6905493381141726e-03, -1.1025609874664784e-02,
          3.1070027550597065e-02, 1.7219257335212574e-03,
          8.5575163846063524e-04, 3.2997589287998095e-03,
          2.9672966233904928e-03, 3.0364894583827413e-03,
          1.0205261924681857e-04, 4.5348792355637806e-03,
          7.9630321075522159e-04, 1.7219257335212583e-03,
          5.2169925647016016e-02, -4.1689029583319532e-03,
          1.5304811926758106e-03, -5.1708514229336817e-03,
