%YAML:1.0
---
groups:
   - intact
   - CD19
   - blast
intactGmmnames:
   - "intact.757.0"
   - "intact.757.1"
   - "intact.757.2"
   - "intact.757.3"
   - "intact.757.4"
intactLabels:
   - FSC-A
   - SSC-A
   - SY41
   - CD19
   - CD10
   - CD20
   - CD45
   - CD34
   - CD38
intactMu: !!opencv-matrix
   rows: 5
   cols: 9
   dt: d
   data: [ 2.5846440884185120e+00, 5.7945297881006363e-01,
       3.2829830911056597e+00, 1.1353688787485665e+00,
       9.4862960080247671e-01, 1.0147100671758009e+00,
       3.6408776329264669e+00, 1.1981119342203053e+00,
       1.5415378073774133e+00, 3.1661699368764378e+00,
       3.0991826439934527e+00, 3.1275628528487327e+00,
       1.6023948325827801e+00, 1.3536450444704657e+00,
       1.4316882908524855e+00, 3.1775192216574326e+00,
       1.3189893638004695e+00, 2.0823840464941448e+00,
       1.6783097426164695e+00, 7.2402169692030005e-01,
       3.5225334055331530e+00, 1.0992682218997307e+00,
       1.1694619574941989e+00, 1.3529193465840064e+00,
       1.6149748292657851e+00, 1.2711854476491737e+00,
       1.5090089344059381e+00, 2.7377806190013194e+00,
       1.5373394791799486e+00, 3.3454253782394194e+00,
       1.3329562260699737e+00, 1.3823733663759514e+00,
       1.4134329088772726e+00, 3.2482150338175981e+00,
       1.5496839523120556e+00, 2.3808581333312739e+00,
       3.0943062415570886e+00, 3.0009690081880067e+00,
       3.5748027067714316e+00, 1.5148463348521448e+00,
       2.4119841166026310e+00, 1.7885141232326820e+00,
       3.4801009781758223e+00, 1.4994495643327352e+00,
       1.6328390070242287e+00 ]
intactSigma:
   - !!opencv-matrix
      rows: 9
      cols: 9
      dt: d
      data: [ 3.1957227477779038e-01, 8.5213001581694696e-03,
          -2.2295462587082641e-02, 1.4873238822985699e-02,
          5.3765599940447202e-03, 1.1900246395464555e-02,
          3.1165771037630539e-02, -3.9236567262481894e-03,
          -4.0154976239674774e-04, 8.5213001581694696e-03,
          1.7203192217039587e-02, 4.2897642623841879e-03,
          3.3074952501869728e-03, 2.0308369991351469e-03,
          7.6091996843696760e-03, 8.5749373715821638e-03,
          1.1612562927929596e-03, 1.3597089097751531e-03,
          -2.2295462587082638e-02, 4.2897642623841896e-03,
          2.0809171506352520e-01, -6.9409221403657004e-02,
          -3.1950857983077126e-02, -8.3872946494470500e-03,
          2.8268616269960796e-03, 4.0870031767768888e-03,
          1.3273325020435420e-02, 1.4873238822985699e-02,
          3.3074952501869728e-03, -6.9409221403657004e-02,
          5.6415424875649219e-02, 1.6114450789969294e-02,
          6.6704054646272107e-03, 3.8248942956473323e-03,
          2.8394644441869600e-04, -9.6504376042876837e-03,
          5.3765599940447219e-03, 2.0308369991351469e-03,
          -3.1950857983077126e-02, 1.6114450789969294e-02,
          6.2385896244963858e-02, -1.4926510206565839e-03,
          1.5044422250607005e-03, -5.5954793209670398e-03,
          -3.7557145906290845e-03, 1.1900246395464555e-02,
          7.6091996843696760e-03, -8.3872946494470500e-03,
          6.6704054646272134e-03, -1.4926510206565837e-03,
          8.8892483064209687e-02, 4.3055628187992972e-03,
          1.6091875572699376e-03, -4.8428355888301394e-03,
          3.1165771037630539e-02, 8.5749373715821656e-03,
          2.8268616269960787e-03, 3.8248942956473323e-03,
          1.5044422250607009e-03, 4.3055628187992964e-03,
          1.9647631173521404e-02, -4.4836257469883090e-05,
          3.3785568553308491e-03, -3.9236567262481903e-03,
          1.1612562927929601e-03, 4.0870031767768879e-03,
          2.8394644441869529e-04, -5.5954793209670416e-03,
          1.6091875572699385e-03, -4.4836257469882954e-05,
          1.6750889025554028e-01, 1.3150823629125234e-03,
          -4.0154976239674742e-04, 1.3597089097751520e-03,
          1.3273325020435421e-02, -9.6504376042876837e-03,
          -3.7557145906290845e-03, -4.8428355888301385e-03,
          3.3785568553308483e-03, 1.3150823629125229e-03,
          4.6922368653973937e-02 ]
   - !!opencv-matrix
      rows: 9
      cols: 9
      dt: d
      data: [ 5.6423924351300614e-01, 1.6500962897300550e-01,
          -1.1800651241277613e-02, 1.5670010930077086e-02,
          6.7785303412166769e-04, 3.5776964937524983e-02,
          -1.6081553337981516e-02, -2.2595901061702114e-02,
          8.6490165277105582e-02, 1.6500962897300550e-01,
          5.4199944850409965e-01, 2.6383376415796370e-02,
          7.0866808142087623e-02, 2.4108835310200447e-02,
          3.6435954520340444e-02, 1.0465909356068286e-03,
          1.0567796498515525e-02, 1.5700612886266521e-02,
          -1.1800651241277616e-02, 2.6383376415796370e-02,
          1.1190880490463531e-01, -1.3375568655212850e-02,
          5.1999392132828634e-03, 6.0083473857964120e-03,
          1.1937023202490486e-02, 1.0624770101102930e-02,
          -2.3949077512892283e-04, 1.5670010930077079e-02,
          7.0866808142087623e-02, -1.3375568655212855e-02,
          3.3748510677128286e-02, 7.4539579398387613e-03,
          6.6768584976085741e-03, 2.0601195021052675e-03,
          4.1445397306972675e-03, -4.0032529678444354e-03,
          6.7785303412166737e-04, 2.4108835310200451e-02,
          5.1999392132828625e-03, 7.4539579398387621e-03,
          6.6675922404920485e-02, 9.8839060994846718e-03,
          1.4295308811324145e-02, 5.1690839741588644e-03,
          3.2933852032431543e-03, 3.5776964937524983e-02,
          3.6435954520340451e-02, 6.0083473857964137e-03,
          6.6768584976085741e-03, 9.8839060994846718e-03,
          5.9888821866437673e-02, 7.6608630298217791e-03,
          4.8920496645597101e-03, 2.1077119168391126e-02,
          -1.6081553337981516e-02, 1.0465909356068281e-03,
          1.1937023202490486e-02, 2.0601195021052671e-03,
          1.4295308811324141e-02, 7.6608630298217791e-03,
          3.0714752344411341e-02, 9.9945809763239014e-03,
          -9.7273165027400871e-03, -2.2595901061702121e-02,
          1.0567796498515516e-02, 1.0624770101102929e-02,
          4.1445397306972684e-03, 5.1690839741588652e-03,
          4.8920496645597118e-03, 9.9945809763239014e-03,
          1.4440319716493002e-01, -7.7163317151979927e-03,
          8.6490165277105582e-02, 1.5700612886266521e-02,
          -2.3949077512892283e-04, -4.0032529678444327e-03,
          3.2933852032431560e-03, 2.1077119168391122e-02,
          -9.7273165027400889e-03, -7.7163317151979945e-03,
          1.2293401598677568e-01 ]
   - !!opencv-matrix
      rows: 9
      cols: 9
      dt: d
      data: [ 5.2358124614512225e-01, 1.3285259728347798e-01,
          4.1227261064730847e-02, 2.3971267980437846e-02,
          3.9843558606278584e-02, 9.1387198926214122e-02,
          8.7589327023043256e-02, -5.1028848135714275e-03,
          -1.4032769903702914e-03, 1.3285259728347795e-01,
          1.5299797639117460e-01, 4.9258449829550556e-02,
          2.0341337287900114e-02, 1.8529762493869700e-02,
          7.3325952363161584e-02, 4.9796624041123540e-02,
          1.6192419205235630e-02, 2.6648399742997607e-03,
          4.1227261064730847e-02, 4.9258449829550556e-02,
          2.2250883436321325e-01, -1.0381621020831722e-01,
          -6.8923359417992019e-02, -1.1429428397427091e-02,
          -6.2745880000309021e-02, 1.8147098632405250e-02,
          1.4849568678026481e-02, 2.3971267980437857e-02,
          2.0341337287900111e-02, -1.0381621020831723e-01,
          1.4230020393304013e-01, 4.1626938356691276e-02,
          1.3977582376134520e-01, 1.8247290653245035e-01,
          -7.0251396799393189e-03, -6.4653584965240520e-03,
          3.9843558606278598e-02, 1.8529762493869697e-02,
          -6.8923359417992033e-02, 4.1626938356691276e-02,
          2.2900176470700950e-01, 1.3462138908628445e-02,
          2.3921895025558634e-02, 7.7520965482784816e-03,
