%YAML:1.0
---
groups:
   - intact
   - CD19
intactGmmnames:
   - "intact.759.0"
   - "intact.759.1"
   - "intact.759.2"
   - "intact.759.3"
   - "intact.759.4"
intactLabels:
   - FSC-A
   - SSC-A
   - SY41
   - CD19
   - CD10
   - CD20
   - CD45
   - CD34
   - CD38
intactMu: !!opencv-matrix
   rows: 5
   cols: 9
   dt: d
   data: [ 2.6210190642904769e+00, 2.2151951867758171e+00,
       2.5595593023545806e+00, 1.5547562632335736e+00,
       1.4815213306696424e+00, 1.6107627804683229e+00,
       2.9251659660713027e+00, 1.2345279284575581e+00,
       1.9887780299690094e+00, 1.7649895566641456e+00,
       5.1046482665823745e-01, 2.1522284559353535e+00,
       1.0129758089107088e+00, 9.8027740333588509e-01,
       1.0358529388893101e+00, 3.2049909944883388e+00,
       1.0732887892234066e+00, 1.4888693887643136e+00,
       3.7734301513753894e+00, 3.2626549126997397e+00,
       2.7282062223057180e+00, 1.7495753040761362e+00,
       2.2221363649585255e+00, 1.4677498144856644e+00,
       3.0334978227268534e+00, 1.1205467548783465e+00,
       1.6784637820842472e+00, 3.2917081692760175e+00,
       2.0626593195019125e+00, 2.3540071369174580e+00,
       1.5179270725268381e+00, 1.4085644436163949e+00,
       1.6820116241273748e+00, 3.0114615793786652e+00,
       1.6114697475623985e+00, 3.2655814776763683e+00,
       3.1728140210321243e+00, 3.4738791386047598e+00,
       2.5166683873658870e+00, 1.7975213927135620e+00,
       1.5969654445184356e+00, 1.5111272280004289e+00,
       3.0061497384990647e+00, 1.1119464969348676e+00,
       1.9944047493222905e+00 ]
intactSigma:
   - !!opencv-matrix
      rows: 9
      cols: 9
      dt: d
      data: [ 7.5244685985524462e-01, 2.3717635541561710e-01,
          9.5091692520558213e-02, -7.1051732358449596e-02,
          9.2849989627995191e-02, -1.1487971057470320e-01,
          -3.7340625818717534e-02, 1.6578669356979752e-02,
          1.4745929080932116e-01, 2.3717635541561710e-01,
          9.6036011824061629e-01, 2.5706050490482535e-01,
          1.3430598851517400e-01, 1.8046694266141006e-01,
          3.8066079341306562e-02, -1.1597655309498434e-02,
          -4.0187136616749351e-02, -5.4773692420761279e-02,
          9.5091692520558213e-02, 2.5706050490482535e-01,
          2.2046356824826355e-01, -1.8011913585928324e-02,
          7.0059161115771859e-02, -1.4485070966185757e-02,
          -4.7364943782812807e-02, 3.7916911605038913e-04,
          3.0982779982833986e-02, -7.1051732358449596e-02,
          1.3430598851517403e-01, -1.8011913585928324e-02,
          2.7416000121666001e-01, 3.8547485870831663e-02,
          2.1814294534342951e-01, 6.2153542961429810e-02,
          -7.0736710207442589e-03, -7.8956475558423320e-02,
          9.2849989627995219e-02, 1.8046694266141006e-01,
          7.0059161115771887e-02, 3.8547485870831663e-02,
          2.4606270060364924e-01, 6.0391962969046524e-02,
          1.9500031907003993e-03, 1.3089035578703319e-02,
          1.2229119835700087e-02, -1.1487971057470317e-01,
          3.8066079341306555e-02, -1.4485070966185757e-02,
          2.1814294534342951e-01, 6.0391962969046538e-02,
          4.5522258441557834e-01, 6.0564009244114494e-02,
          -2.9864260887835774e-02, -1.1532278101856376e-01,
          -3.7340625818717527e-02, -1.1597655309498427e-02,
          -4.7364943782812807e-02, 6.2153542961429824e-02,
          1.9500031907004017e-03, 6.0564009244114494e-02,
          2.5112693448960938e-01, -1.9708963937571013e-02,
          -3.6201511239189660e-02, 1.6578669356979752e-02,
          -4.0187136616749351e-02, 3.7916911605038800e-04,
          -7.0736710207442589e-03, 1.3089035578703320e-02,
          -2.9864260887835777e-02, -1.9708963937571006e-02,
          2.2863019812912069e-01, 6.6576083794220559e-02,
          1.4745929080932116e-01, -5.4773692420761279e-02,
          3.0982779982833976e-02, -7.8956475558423306e-02,
          1.2229119835700089e-02, -1.1532278101856376e-01,
          -3.6201511239189660e-02, 6.6576083794220545e-02,
          3.1598254334313330e-01 ]
   - !!opencv-matrix
      rows: 9
      cols: 9
      dt: d
      data: [ 1.0811491149596354e-01, 8.1338851435524863e-03,
          -1.3531971813803732e-03, 1.2099356102624513e-02,
          -6.4068813542117456e-03, 3.9740336567328982e-03,
          1.0120447657021447e-01, -2.6232279272698844e-05,
          -7.3309753200717087e-05, 8.1338851435524863e-03,
          2.3223980310255739e-02, 3.5605852189432674e-03,
          1.0424125850781146e-02, 2.2981394510852224e-03,
          1.0040297351646953e-02, 2.7408918759833673e-02,
          1.0905940382372218e-03, -2.4706620058640126e-03,
          -1.3531971813803740e-03, 3.5605852189432674e-03,
          9.8148723712480346e-02, -6.7144673939882205e-03,
          -8.2777719918379080e-04, 1.1286051668800777e-02,
          4.6763853762031557e-02, 1.3551023890937823e-03,
          -3.8010000806291207e-03, 1.2099356102624515e-02,
          1.0424125850781146e-02, -6.7144673939882223e-03,
          1.1277030934671418e-01, 3.0142441168851909e-03,
          5.8664579769646544e-03, 1.6032387311355159e-02,
          2.2286585699417653e-03, -9.5314389837075856e-03,
          -6.4068813542117464e-03, 2.2981394510852224e-03,
          -8.2777719918379177e-04, 3.0142441168851922e-03,
          9.3571740207287618e-02, -3.8649708470885847e-03,
          -4.7244763536680522e-02, -4.9131423667174746e-03,
          4.9692017232370707e-05, 3.9740336567328990e-03,
          1.0040297351646953e-02, 1.1286051668800777e-02,
          5.8664579769646561e-03, -3.8649708470885856e-03,
          1.1165208019716670e-01, -4.4633551787133527e-03,
          5.0112007730361216e-03, -4.7437505524279130e-03,
          1.0120447657021450e-01, 2.7408918759833673e-02,
          4.6763853762031557e-02, 1.6032387311355152e-02,
          -4.7244763536680522e-02, -4.4633551787133545e-03,
          5.8139424170410670e-01, -6.7751670456944295e-03,
          -1.0511632300888427e-02, -2.6232279272699573e-05,
          1.0905940382372218e-03, 1.3551023890937823e-03,
          2.2286585699417662e-03, -4.9131423667174738e-03,
          5.0112007730361207e-03, -6.7751670456944260e-03,
          1.5087851745385339e-01, 1.8856442885455322e-03,
          -7.3309753200716843e-05, -2.4706620058640126e-03,
          -3.8010000806291207e-03, -9.5314389837075856e-03,
          4.9692017232370815e-05, -4.7437505524279147e-03,
          -1.0511632300888427e-02, 1.8856442885455322e-03,
          2.7978062772104344e-02 ]
   - !!opencv-matrix
      rows: 9
      cols: 9
      dt: d
      data: [ 1.8478019242015806e-01, -8.0122685238952413e-04,
          3.9358744823262820e-03, 2.7522002665717441e-03,
          5.3699161857415452e-03, 1.4127346330815306e-02,
          -1.4971225893563248e-03, 8.1501021001230054e-04,
          8.2529589567781440e-03, -8.0122685238952337e-04,
          3.9039390541979674e-01, 5.5670531585993669e-03,
          6.8581596747646661e-02, 2.0793038525843768e-02,
          1.3664036617076982e-02, 5.6513637890254747e-03,
          3.0477668618135250e-03, 1.5404961424710629e-03,
          3.9358744823262811e-03, 5.5670531585993712e-03,
          4.8921063500430483e-02, -2.7060084430910849e-03,
          -5.0109484249404486e-03, 1.5102472932325973e-04,
          -3.0609157162205269e-03, 2.0009014601793745e-04,
          -2.4467203953432736e-03, 2.7522002665717445e-03,
          6.8581596747646661e-02, -2.7060084430910849e-03,
          5.0336340072308687e-02, 5.0872720834661267e-03,
          5.6445919433560409e-03, 2.0086568959218503e-03,
          1.8158423010467067e-03, -7.8220069629546460e-03,
          5.3699161857415469e-03, 2.0793038525843771e-02,
          -5.0109484249404495e-03, 5.0872720834661267e-03,
          9.7260338787312356e-02, 6.8877302808737434e-03,
          4.3321424798284016e-03, 3.6730502081013498e-04,
