%YAML:1.0
---
groups:
   - intact
   - CD19
   - blast
intactGmmnames:
   - "intact.771.0"
   - "intact.771.1"
   - "intact.771.2"
   - "intact.771.3"
   - "intact.771.4"
intactLabels:
   - FSC-A
   - SSC-A
   - SY41
   - CD19
   - CD10
   - CD20
   - CD45
   - CD34
   - CD38
intactMu: !!opencv-matrix
   rows: 5
   cols: 9
   dt: d
   data: [ 1.4252905332130077e+00, 1.2429470117589354e+00,
       3.2870900342418219e+00, 1.3543014443532422e+00,
       1.7563963693643423e+00, 1.4176915907362089e+00,
       2.6705837686924889e+00, 1.7818841286414862e+00,
       2.4408462031496438e+00, 9.0681170507280451e-01,
       3.3705984332370198e-01, 3.1858835142050617e+00,
       1.0906859143390732e+00, 9.7865032112198047e-01,
       9.5043189300919728e-01, 3.5538305036530571e+00,
       1.1007220655443215e+00, 1.9605684804201724e+00,
       1.9478940647210428e+00, 3.0572395978588651e+00,
       3.3886329736596252e+00, 1.4717919830719683e+00,
       1.5874879686388683e+00, 1.4162000398138357e+00,
       2.7017070890846999e+00, 1.1615712486237300e+00,
       1.8534789775976226e+00, 1.1399601833559709e+00,
       5.7560470294802268e-01, 3.0573800843277645e+00,
       1.1687377746750298e+00, 9.3162743915522961e-01,
       9.8272774485881931e-01, 3.6033207470654145e+00,
       1.1513652884092012e+00, 3.0040484354399912e+00,
       5.1714417005030988e-01, 4.2498554433631253e-01,
       3.4051737515728413e+00, 9.4308529819078313e-01,
       1.3280812045492363e+00, 1.1228714947127350e+00,
       1.6054169367061506e+00, 1.1539206737751790e+00,
       1.7474292889099041e+00 ]
intactSigma:
   - !!opencv-matrix
      rows: 9
      cols: 9
      dt: d
      data: [ 7.6816070329166131e-01, 2.6775439244531635e-01,
          1.9054393686918754e-02, 7.4335226163950538e-02,
          -1.0657717858989840e-01, 6.1915421102641680e-03,
          1.4079860831989513e-01, -9.5704254560529015e-02,
          7.4585776538449305e-02, 2.6775439244531635e-01,
          6.7401374078355614e-01, 5.6146811268308797e-02,
          1.9857431594220504e-01, 6.6404991526562457e-02,
          1.7218564829553584e-01, 1.0916784421096561e-01,
          -2.7054065180616330e-02, 6.3792096415473440e-02,
          1.9054393686918750e-02, 5.6146811268308804e-02,
          2.0872516988025328e-01, -3.1792781088418709e-02,
          -4.4383817741020674e-02, 5.2337420756948298e-02,
          1.1478920303871679e-01, 3.7426111899838972e-02,
          1.2702358298614663e-01, 7.4335226163950524e-02,
          1.9857431594220504e-01, -3.1792781088418702e-02,
          2.7968662444003267e-01, 2.0618568110415719e-01,
          1.3110626491140176e-01, 7.4452025575475714e-02,
          -3.0880716329940348e-03, -4.7074570851039629e-03,
          -1.0657717858989840e-01, 6.6404991526562457e-02,
          -4.4383817741020674e-02, 2.0618568110415716e-01,
          9.6300893342220595e-01, 1.8520575094449007e-01,
          -2.7983509783837801e-01, 1.7103422080608172e-01,
          -1.8288048270083543e-01, 6.1915421102641654e-03,
          1.7218564829553581e-01, 5.2337420756948305e-02,
          1.3110626491140176e-01, 1.8520575094449010e-01,
          2.9281120744448136e-01, 3.8350867960653214e-02,
          3.1075373501695508e-02, -7.7657488622425797e-03,
          1.4079860831989516e-01, 1.0916784421096561e-01,
          1.1478920303871679e-01, 7.4452025575475714e-02,
          -2.7983509783837801e-01, 3.8350867960653214e-02,
          7.6727833163693049e-01, -7.2124040728855129e-02,
          3.7190939517474969e-01, -9.5704254560529028e-02,
          -2.7054065180616333e-02, 3.7426111899838972e-02,
          -3.0880716329940334e-03, 1.7103422080608172e-01,
          3.1075373501695508e-02, -7.2124040728855157e-02,
          4.7140441184402343e-01, 9.7741289230549130e-02,
          7.4585776538449347e-02, 6.3792096415473426e-02,
          1.2702358298614663e-01, -4.7074570851039646e-03,
          -1.8288048270083543e-01, -7.7657488622425866e-03,
          3.7190939517474969e-01, 9.7741289230549117e-02,
          6.7465225639412696e-01 ]
   - !!opencv-matrix
      rows: 9
      cols: 9
      dt: d
      data: [ 9.7229633699918022e-02, 8.7622143098942066e-03,
          -1.8665403880171686e-02, 6.2835178335421881e-03,
          -7.0209891491224549e-03, 4.6519653479903892e-03,
          1.0256276896813006e-02, -1.7866589567746408e-03,
          -9.7111968347946484e-03, 8.7622143098942066e-03,
          1.6249139061717755e-02, -4.2642990091850529e-03,
          5.3718902508070763e-03, 1.5650100081946563e-03,
          9.6476385149932824e-03, 5.5680794616826037e-03,
          1.6342087116154630e-03, -7.7233196963888816e-03,
          -1.8665403880171686e-02, -4.2642990091850529e-03,
          2.6303205352917549e-02, -7.1409678073152795e-03,
          1.9399293421733478e-03, 1.7455650958586266e-04,
          -4.0907839274776604e-03, 1.4886343774109328e-03,
          2.6162026486487222e-03, 6.2835178335421899e-03,
          5.3718902508070781e-03, -7.1409678073152787e-03,
          2.3929620108255591e-02, 1.2653084544493818e-04,
          3.1516882353283099e-03, 2.8185886321344337e-03,
          2.1619359011770794e-03, -6.8229314288354428e-03,
          -7.0209891491224549e-03, 1.5650100081946563e-03,
          1.9399293421733478e-03, 1.2653084544493807e-04,
          5.1384652556689850e-02, -4.7936998365496033e-03,
          -1.3755608738597862e-03, -5.1128931036080591e-03,
          6.0078650292817151e-04, 4.6519653479903901e-03,
          9.6476385149932824e-03, 1.7455650958586279e-04,
          3.1516882353283086e-03, -4.7936998365496041e-03,
          5.9834952735158417e-02, 3.3032874080790036e-03,
          7.3864394947381639e-04, -8.9154118177841024e-03,
          1.0256276896813006e-02, 5.5680794616826046e-03,
          -4.0907839274776604e-03, 2.8185886321344337e-03,
          -1.3755608738597856e-03, 3.3032874080790040e-03,
          9.8516243141949268e-03, -2.0286365812409667e-03,
          -6.3941015552272367e-03, -1.7866589567746408e-03,
          1.6342087116154619e-03, 1.4886343774109328e-03,
          2.1619359011770798e-03, -5.1128931036080582e-03,
          7.3864394947381585e-04, -2.0286365812409667e-03,
          1.4000640498182665e-01, 2.8346100511956475e-03,
          -9.7111968347946519e-03, -7.7233196963888834e-03,
          2.6162026486487222e-03, -6.8229314288354428e-03,
          6.0078650292817151e-04, -8.9154118177840989e-03,
          -6.3941015552272410e-03, 2.8346100511956484e-03,
          1.4865775238966425e-01 ]
   - !!opencv-matrix
      rows: 9
      cols: 9
      dt: d
      data: [ 4.7529288164816486e-01, 1.9441822717057536e-01,
          -1.9679978014972475e-02, 4.9468564131501719e-02,
          1.2193184415714490e-02, 4.0082452510512553e-02,
          1.1005827581913040e-02, 8.2876605086768251e-03,
          6.1255063190423500e-03, 1.9441822717057536e-01,
          4.8842845147501585e-01, -2.1733085617206875e-02,
          9.6088679136563646e-02, 6.7479893642498942e-02,
          4.3746264897781884e-02, 2.5317998398045893e-02,
          1.5064322770668418e-02, -3.3270684998919477e-02,
          -1.9679978014972475e-02, -2.1733085617206875e-02,
          3.2843420497180351e-02, -1.5186990262822508e-02,
          4.2974080276553543e-04, 1.2992025952647557e-02,
          1.9048981625344435e-04, 2.5953161777299487e-03,
          3.8712165935186858e-02, 4.9468564131501719e-02,
          9.6088679136563632e-02, -1.5186990262822508e-02,
          4.2446221072984229e-02, 1.2372326584282403e-02,
          5.2273008252625534e-03, 4.8417367077839635e-03,
          2.2998947730974661e-03, -2.3960953274497702e-02,
          1.2193184415714488e-02, 6.7479893642498942e-02,
          4.2974080276553543e-04, 1.2372326584282401e-02,
          9.5896054160668195e-02, 1.2663480087568900e-02,
          1.5523278887054631e-02, 2.8616508702825304e-03,
