%YAML:1.0
---
groups:
   - intact
   - CD19
intactGmmnames:
   - "intact.778.0"
   - "intact.778.1"
   - "intact.778.2"
   - "intact.778.3"
   - "intact.778.4"
intactLabels:
   - FSC-A
   - SSC-A
   - SY41
   - CD19
   - CD10
   - CD20
   - CD45
   - CD34
   - CD38
intactMu: !!opencv-matrix
   rows: 5
   cols: 9
   dt: d
   data: [ 2.7469511148517261e+00, 3.6296480898239265e+00,
       2.9055205879131054e+00, 1.7038775886216122e+00,
       1.2669692440071951e+00, 1.3488843985516177e+00,
       2.8905484320760695e+00, 1.1098108675474145e+00,
       1.6561556825328398e+00, 1.0852170268379446e+00,
       3.5475899476446748e-01, 2.8557131067002266e+00,
       1.0393491238975991e+00, 8.1181786669049938e-01,
       9.5626310218354382e-01, 3.4157843393823293e+00,
       1.0063954921725193e+00, 1.6491413055310058e+00,
       2.4247403589079863e+00, 3.5148190965698625e+00,
       3.0312717155003983e+00, 1.6552741330203347e+00,
       1.2975666416696037e+00, 1.2415581689312201e+00,
       2.8600489451646984e+00, 1.0484863984666890e+00,
       1.4431328864274218e+00, 2.0103109082149437e+00,
       2.2635942402283318e+00, 2.9303162705603931e+00,
       1.4507969315899016e+00, 1.2150875131086813e+00,
       1.4591400597886788e+00, 2.7819376788433776e+00,
       1.2437141929914086e+00, 2.2128394267156657e+00,
       9.8884570462512600e-01, 3.8738509658003334e-01,
       3.1230452295719240e+00, 9.3551955451089086e-01,
       8.7199870015599357e-01, 9.9972965305062955e-01,
       1.3143130653267943e+00, 9.9525553596342387e-01,
       1.3841067393145987e+00 ]
intactSigma:
   - !!opencv-matrix
      rows: 9
      cols: 9
      dt: d
      data: [ 6.2897754246487236e-01, 1.4483723117950772e-01,
          8.0262093389251478e-03, 3.2405305543625945e-02,
          1.0587904026118629e-02, 2.0381383314346638e-02,
          7.2105190679432460e-03, -1.0862614270055490e-03,
          7.8332072545943838e-03, 1.4483723117950772e-01,
          3.2374017988404774e-01, 1.0188187649638348e-02,
          5.4738635769707229e-02, 4.1261310582375803e-02,
          2.7685889115457950e-02, 1.2060142238660554e-02,
          1.8787201509264717e-02, -2.2206743705956492e-02,
          8.0262093389251495e-03, 1.0188187649638350e-02,
          1.2828455086657932e-02, 1.4548880058108547e-03,
          -3.0574355375499892e-03, 4.3673493859526817e-03,
          -3.8637786469048118e-03, 3.5051867737148175e-03,
          1.1213499277796218e-02, 3.2405305543625931e-02,
          5.4738635769707243e-02, 1.4548880058108547e-03,
          2.6213955964643706e-02, 8.3179508060432800e-03,
          5.1048023422748997e-03, 2.5253143441957004e-03,
          4.4730180037953144e-03, -1.0195306000582537e-02,
          1.0587904026118629e-02, 4.1261310582375796e-02,
          -3.0574355375499892e-03, 8.3179508060432783e-03,
          1.1366485055085854e-01, -2.1205387444434465e-03,
          1.6293563954230057e-02, 2.1663321448198384e-03,
          -1.4329574828589379e-02, 2.0381383314346638e-02,
          2.7685889115457950e-02, 4.3673493859526817e-03,
          5.1048023422748997e-03, -2.1205387444434469e-03,
          3.2359121611175302e-02, 1.0214048476770859e-03,
          1.2920974439513387e-03, 9.6980520913326693e-03,
          7.2105190679432468e-03, 1.2060142238660554e-02,
          -3.8637786469048118e-03, 2.5253143441957000e-03,
          1.6293563954230057e-02, 1.0214048476770866e-03,
          2.4115467461382364e-02, -7.4471518512335888e-04,
          -5.5644976561919053e-03, -1.0862614270055503e-03,
          1.8787201509264724e-02, 3.5051867737148166e-03,
          4.4730180037953144e-03, 2.1663321448198362e-03,
          1.2920974439513391e-03, -7.4471518512335909e-04,
          9.5874269591786854e-02, -4.1363797489517816e-03,
          7.8332072545943873e-03, -2.2206743705956492e-02,
          1.1213499277796220e-02, -1.0195306000582537e-02,
          -1.4329574828589382e-02, 9.6980520913326710e-03,
          -5.5644976561919062e-03, -4.1363797489517816e-03,
          9.2419951591867389e-02 ]
   - !!opencv-matrix
      rows: 9
      cols: 9
      dt: d
      data: [ 1.3632822788529170e-01, 9.1968362403520576e-03,
          -4.5445129862725371e-02, 1.2441897289050558e-02,
          2.9265267775446333e-03, 3.6286279643968416e-03,
          1.4741630703331258e-02, -7.6770876074946329e-04,
          -9.5960762841864049e-04, 9.1968362403520559e-03,
          7.8527189964466091e-03, -4.7320123620268511e-03,
          3.2577348391704636e-03, 2.0056866270621852e-03,
          7.0913820871750894e-03, 5.4123892442250916e-03,
          6.9373606066345183e-04, -3.8474607049787161e-03,
          -4.5445129862725371e-02, -4.7320123620268511e-03,
          3.3451398137514812e-02, -7.1248902443291047e-03,
          -1.2666931222884037e-03, 4.4994245812413736e-04,
          -7.0313891612531756e-03, 4.2496673977225163e-04,
          -1.1728613765604309e-03, 1.2441897289050558e-02,
          3.2577348391704623e-03, -7.1248902443291047e-03,
          2.6210017875349864e-02, 1.0282036765362989e-03,
          3.6685829620696931e-03, 2.9467165098913100e-03,
          2.8727083200790556e-03, -6.5455213503368189e-03,
          2.9265267775446346e-03, 2.0056866270621856e-03,
          -1.2666931222884046e-03, 1.0282036765362993e-03,
          5.2373655355750483e-02, -1.4678638910414663e-03,
          1.6284076290906801e-03, -5.6951772541635696e-03,
          -4.1920015803484055e-03, 3.6286279643968416e-03,
          7.0913820871750894e-03, 4.4994245812413698e-04,
          3.6685829620696931e-03, -1.4678638910414670e-03,
          8.1983898965766022e-02, 4.3797936804539821e-03,
          1.9126752878815454e-03, -1.4556954972877722e-02,
          1.4741630703331258e-02, 5.4123892442250916e-03,
          -7.0313891612531773e-03, 2.9467165098913104e-03,
          1.6284076290906805e-03, 4.3797936804539812e-03,
          1.2600559634775263e-02, -2.2880154988884341e-03,
          -8.8433554203267602e-03, -7.6770876074946242e-04,
          6.9373606066345194e-04, 4.2496673977225310e-04,
          2.8727083200790564e-03, -5.6951772541635670e-03,
          1.9126752878815471e-03, -2.2880154988884336e-03,
          1.5108079562985388e-01, 8.0327507035593516e-04,
          -9.5960762841864017e-04, -3.8474607049787161e-03,
          -1.1728613765604303e-03, -6.5455213503368189e-03,
          -4.1920015803484064e-03, -1.4556954972877730e-02,
          -8.8433554203267619e-03, 8.0327507035593603e-04,
          1.2822889918987790e-01 ]
   - !!opencv-matrix
      rows: 9
      cols: 9
      dt: d
      data: [ 5.4553375944658566e-01, 2.0423824787318401e-01,
          -1.0638397823166251e-03, 4.7672960178919394e-02,
          2.3784208579930532e-02, 2.0676816289419656e-02,
          1.1214895180484611e-02, 1.6581121660996512e-03,
          -1.1710875824239114e-02, 2.0423824787318395e-01,
          3.2530301920113774e-01, -8.9613030206213834e-03,
          6.1471373488283680e-02, 4.1397187496220685e-02,
          3.3617359430560080e-02, 1.6655842504621481e-02,
          4.0527436640672883e-03, -9.7774604156351027e-03,
          -1.0638397823166251e-03, -8.9613030206213817e-03,
          6.4206410636904777e-03, -2.5888684503123558e-03,
          -1.3518056882558837e-03, 2.2369261855550646e-04,
          -2.7155759092151476e-03, 8.5980701753400439e-04,
          -6.8086131130779123e-04, 4.7672960178919394e-02,
          6.1471373488283680e-02, -2.5888684503123558e-03,
          3.1623693375053830e-02, 8.3245150503206133e-03,
          7.4247779392029676e-03, 3.4097831296459884e-03,
          1.4030180692268029e-03, -8.8326951421551399e-03,
          2.3784208579930539e-02, 4.1397187496220685e-02,
          -1.3518056882558830e-03, 8.3245150503206133e-03,
          1.2431234817435266e-01, -3.0259971102775218e-03,
          1.7138112397845306e-02, -2.7809979526350970e-03,
