%YAML:1.0
---
groups:
   - intact
   - CD19
   - blast
intactGmmnames:
   - "intact.778.0"
   - "intact.778.1"
   - "intact.778.2"
   - "intact.778.3"
   - "intact.778.4"
intactLabels:
   - FSC-A
   - SSC-A
   - SY41
   - CD19
   - CD10
   - CD20
   - CD45
   - CD34
   - CD38
intactMu: !!opencv-matrix
   rows: 5
   cols: 9
   dt: d
   data: [ 1.6629437266413549e+00, 4.5751738743143811e-01,
       3.1975374831979275e+00, 1.1452775323025246e+00,
       1.0234025878449640e+00, 1.0995921911005806e+00,
       3.6805373233277643e+00, 1.1220301445760845e+00,
       2.0811755028549368e+00, 9.4992278628910720e-01,
       4.5221432064706474e-01, 3.1287563813178028e+00,
       1.0214555805487560e+00, 1.0909658968289349e+00,
       1.0920115019128587e+00, 1.5840868127656622e+00,
       1.0989989286928485e+00, 1.6009784571615187e+00,
       9.3188168845924435e-01, 2.6725262918668891e-01,
       3.6593175524804331e+00, 9.3295954035324757e-01,
       9.6941340501745110e-01, 1.0238662678029815e+00,
       3.5673133149068832e+00, 1.1132746149952322e+00,
       1.8972754193553638e+00, 1.4923019896216996e+00,
       1.0677375568671241e+00, 2.4405624995464286e+00,
       1.2680800344596612e+00, 1.1433579298628727e+00,
       1.2196115490658737e+00, 2.2385479855314983e+00,
       1.6256035699993849e+00, 1.6837308123407233e+00,
       2.1355181272419550e+00, 2.2358086067888201e+00,
       3.3062020134452279e+00, 1.4047999062373413e+00,
       1.3941302874027952e+00, 1.5818226590421400e+00,
       2.8503021644454098e+00, 1.3653574999340332e+00,
       2.2431517478527843e+00 ]
intactSigma:
   - !!opencv-matrix
      rows: 9
      cols: 9
      dt: d
      data: [ 2.4164180953214673e-01, -8.0311022955658461e-03,
          -4.9686455133027906e-02, 1.3473581335624159e-02,
          2.8343717425270451e-03, 2.2813937283521083e-03,
          9.2843140418005891e-03, -4.9708600729712806e-03,
          -3.5930433458820812e-02, -8.0311022955658444e-03,
          2.6001963910898755e-02, -1.5975570020007802e-02,
          8.2821243067824745e-03, 4.3787670222449216e-03,
          1.0522791874933443e-02, 3.0570836448446811e-03,
          4.9730062960296187e-03, 3.1732378896764633e-02,
          -4.9686455133027919e-02, -1.5975570020007799e-02,
          1.4587938136410444e-01, -4.2707631948572383e-02,
          -7.3034454965970781e-03, 4.3620378786938850e-03,
          -1.2162359386589420e-02, 4.0662147318011859e-03,
          -3.9706649106888231e-02, 1.3473581335624162e-02,
          8.2821243067824745e-03, -4.2707631948572383e-02,
          4.4821996935511060e-02, 3.3294895173163913e-03,
          3.0675254132381639e-03, 7.2423819502936606e-03,
          3.1999285535967920e-04, 5.6870808917849989e-03,
          2.8343717425270447e-03, 4.3787670222449216e-03,
          -7.3034454965970773e-03, 3.3294895173163913e-03,
          2.0716712412338256e-02, -6.7063686118785416e-04,
          1.0144405463085866e-03, -4.0125247956009679e-03,
          -1.0147313362488446e-03, 2.2813937283521100e-03,
          1.0522791874933443e-02, 4.3620378786938850e-03,
          3.0675254132381639e-03, -6.7063686118785416e-04,
          9.9523668243448951e-02, 4.0220336732181301e-03,
          2.7437390274767074e-03, -1.9853590712533606e-02,
          9.2843140418005909e-03, 3.0570836448446806e-03,
          -1.2162359386589416e-02, 7.2423819502936606e-03,
          1.0144405463085862e-03, 4.0220336732181309e-03,
          1.7800805907089979e-02, -3.2813242245838857e-03,
          -2.0302004096721959e-02, -4.9708600729712771e-03,
          4.9730062960296195e-03, 4.0662147318011885e-03,
          3.1999285535967931e-04, -4.0125247956009679e-03,
          2.7437390274767074e-03, -3.2813242245838857e-03,
          1.9064609661510637e-01, 9.5929413049292787e-03,
          -3.5930433458820819e-02, 3.1732378896764633e-02,
          -3.9706649106888231e-02, 5.6870808917849989e-03,
          -1.0147313362488444e-03, -1.9853590712533599e-02,
          -2.0302004096721959e-02, 9.5929413049292856e-03,
          3.8970415322613272e-01 ]
   - !!opencv-matrix
      rows: 9
      cols: 9
      dt: d
      data: [ 1.0279340520294512e-01, 2.3797818868906383e-02,
          -3.1256244119744842e-02, 1.3630199681634729e-02,
          8.3565851408650606e-03, 1.8992539786883558e-02,
          1.3031487279240628e-02, 3.0651055552670149e-03,
          4.0527330595108444e-03, 2.3797818868906386e-02,
          2.4543840567208822e-02, 8.1335515224822928e-03,
          4.9197193849286015e-03, 7.4783893502367174e-03,
          2.1072701654236435e-02, 2.6677617537610915e-02,
          3.4651662096548365e-03, 7.5107764648163306e-03,
          -3.1256244119744848e-02, 8.1335515224822946e-03,
          2.7170823541720729e-01, -6.8125798379356992e-02,
          -1.3353744966513774e-02, 2.3391509648895005e-02,
          3.3602795818848459e-02, -2.4503365662560526e-04,
          2.1907922241383784e-02, 1.3630199681634729e-02,
          4.9197193849286015e-03, -6.8125798379356992e-02,
          3.4008225774244616e-02, 8.2395461144056346e-03,
          2.0684533195889630e-03, 3.1578062752338292e-03,
          9.0110059273596627e-04, -4.8498947994010536e-03,
          8.3565851408650589e-03, 7.4783893502367174e-03,
          -1.3353744966513774e-02, 8.2395461144056364e-03,
          2.5639544994203001e-02, 3.8526585644081198e-03,
          1.3050099732644461e-02, 4.4025545402913842e-04,
          1.6644108680109839e-03, 1.8992539786883558e-02,
          2.1072701654236435e-02, 2.3391509648895005e-02,
          2.0684533195889625e-03, 3.8526585644081189e-03,
          8.9464697429608858e-02, 2.8322100121712601e-02,
          3.2169944932987113e-03, 8.2580428505351234e-03,
          1.3031487279240625e-02, 2.6677617537610918e-02,
          3.3602795818848459e-02, 3.1578062752338292e-03,
          1.3050099732644463e-02, 2.8322100121712608e-02,
          2.1355431736073557e-01, -2.7385334057475363e-04,
          2.2814846986080377e-02, 3.0651055552670167e-03,
          3.4651662096548378e-03, -2.4503365662560526e-04,
          9.0110059273596562e-04, 4.4025545402913852e-04,
          3.2169944932987126e-03, -2.7385334057475352e-04,
          3.9918314267647317e-02, 7.1696628490265429e-04,
          4.0527330595108444e-03, 7.5107764648163306e-03,
          2.1907922241383784e-02, -4.8498947994010536e-03,
          1.6644108680109848e-03, 8.2580428505351234e-03,
          2.2814846986080377e-02, 7.1696628490265407e-04,
          1.4722267912453693e-02 ]
   - !!opencv-matrix
      rows: 9
      cols: 9
      dt: d
      data: [ 8.5855364553389116e-02, 2.6839172775414933e-03,
          -3.1484776817654644e-02, 2.0234298343416376e-02,
          5.9258362412964258e-03, 6.3772218265237173e-03,
          8.2793066383158066e-03, -2.0708925914332864e-03,
          -9.4096438259241473e-03, 2.6839172775414933e-03,
          5.5801289605002689e-03, -9.5612690637386199e-04,
          2.3122597428033532e-03, 2.1999735096871675e-03,
          7.5404386907747022e-03, 2.3381870140849466e-03,
          1.3546784254206341e-03, -5.1964649754059570e-03,
          -3.1484776817654644e-02, -9.5612690637386188e-04,
          2.5423554484115166e-02, -1.5751328761326271e-02,
          -4.3343644768310168e-03, -9.9933305450130585e-04,
          -3.9218363035982392e-03, 8.4690471951760185e-04,
          4.2691163378099336e-03, 2.0234298343416373e-02,
          2.3122597428033532e-03, -1.5751328761326271e-02,
          3.1433241835813211e-02, 3.4005782444291983e-03,
          4.9857679065872058e-03, 3.4830950853827636e-03,
          1.2742806799447629e-03, -7.8950723944618915e-03,
          5.9258362412964258e-03, 2.1999735096871679e-03,
          -4.3343644768310168e-03, 3.4005782444291983e-03,
          1.8548262267957010e-02, -6.3775698986254117e-04,
          1.5063455688272818e-03, -2.7399230653811675e-03,
