%YAML:1.0
---
groups:
   - intact
   - CD19
intactGmmnames:
   - "intact.783.0"
   - "intact.783.1"
   - "intact.783.2"
   - "intact.783.3"
   - "intact.783.4"
intactLabels:
   - FSC-A
   - SSC-A
   - SY41
   - CD19
   - CD10
   - CD20
   - CD45
   - CD34
   - CD38
intactMu: !!opencv-matrix
   rows: 5
   cols: 9
   dt: d
   data: [ 3.0783414729666037e+00, 3.0858166823468256e+00,
       2.8490974205538913e+00, 1.5929173324098231e+00,
       1.1524900871012154e+00, 1.3285927770874035e+00,
       2.6165196775269286e+00, 1.0396969556589362e+00,
       1.8501895826252073e+00, 1.0853878927629939e+00,
       3.7601201371779419e-01, 2.6520149477520123e+00,
       1.0708855291250601e+00, 8.2209156388205451e-01,
       8.7351218619096371e-01, 3.5356584454344429e+00,
       1.0126029471917277e+00, 1.6563845314223664e+00,
       2.1266503594081376e+00, 2.2280296148804437e+00,
       2.8548967554867994e+00, 1.4180619097697935e+00,
       1.3922412842927929e+00, 1.4562465879517372e+00,
       2.8507015519710066e+00, 1.5782959088570596e+00,
       2.2912723197135367e+00, 8.5489148337627940e-01,
       4.3080662150382298e-01, 3.0736956102561619e+00,
       8.7923284826362536e-01, 9.4701123550008459e-01,
       1.0345452782932114e+00, 1.3613552414975179e+00,
       1.0002750733891987e+00, 1.6531112972117301e+00,
       2.4507407277308726e+00, 3.4351505010049821e+00,
       2.8662989800106731e+00, 1.6186956025557340e+00,
       2.0429339676060727e+00, 1.2353071822757780e+00,
       2.6156281659927672e+00, 1.0914138063362924e+00,
       1.7098401801140821e+00 ]
intactSigma:
   - !!opencv-matrix
      rows: 9
      cols: 9
      dt: d
      data: [ 4.4463527668381619e-01, 1.8469471747622357e-01,
          1.4700613257031874e-02, 3.8394659459665616e-02,
          2.9755581885572983e-02, 4.3034272346205923e-02,
          8.6157320575790553e-03, 7.7735123902416044e-03,
          1.4195515991791178e-02, 1.8469471747622357e-01,
          4.6579275995050801e-01, 1.0203479924161990e-02,
          8.5196742018159979e-02, 5.5279690779585597e-02,
          5.0796864338457204e-02, 3.3529682594212781e-02,
          1.3964415889221983e-02, 1.2301675917341492e-02,
          1.4700613257031873e-02, 1.0203479924161991e-02,
          9.3365802660923727e-03, 2.0602737534835469e-03,
          2.4981797130918010e-03, 7.9690343235919569e-03,
          9.1515790353960543e-04, 3.3665312000275184e-04,
          5.6887922368061162e-03, 3.8394659459665616e-02,
          8.5196742018159979e-02, 2.0602737534835469e-03,
          3.6402623442742602e-02, 1.0923426544605421e-02,
          1.1270100149589268e-02, 6.6187806542677384e-03,
          3.4745307086544645e-03, 1.6608341005338019e-03,
          2.9755581885572979e-02, 5.5279690779585597e-02,
          2.4981797130918010e-03, 1.0923426544605420e-02,
          6.0515863373372475e-02, 4.4871870193674427e-03,
          6.3959946261241026e-03, -5.5007006344575402e-04,
          4.0025651326738246e-03, 4.3034272346205923e-02,
          5.0796864338457204e-02, 7.9690343235919604e-03,
          1.1270100149589268e-02, 4.4871870193674435e-03,
          4.8428673923405802e-02, 6.1010677146673348e-03,
          2.0236048979916897e-03, 1.3544037212461453e-02,
          8.6157320575790553e-03, 3.3529682594212781e-02,
          9.1515790353960500e-04, 6.6187806542677384e-03,
          6.3959946261241026e-03, 6.1010677146673365e-03,
          2.5908465619369818e-02, -1.6396276079455546e-03,
          5.1952568345646983e-03, 7.7735123902416036e-03,
          1.3964415889221983e-02, 3.3665312000275200e-04,
          3.4745307086544632e-03, -5.5007006344575348e-04,
          2.0236048979916893e-03, -1.6396276079455551e-03,
          6.0729679230554806e-02, 2.2933393001074530e-04,
          1.4195515991791178e-02, 1.2301675917341492e-02,
          5.6887922368061153e-03, 1.6608341005338019e-03,
          4.0025651326738255e-03, 1.3544037212461455e-02,
          5.1952568345646983e-03, 2.2933393001074525e-04,
          2.7006730314917210e-02 ]
   - !!opencv-matrix
      rows: 9
      cols: 9
      dt: d
      data: [ 1.3898876309151906e-01, 2.9491071063927905e-02,
          -1.9320032885815464e-02, 1.6537643528782009e-02,
          3.9381707288985773e-03, 2.1042657572857913e-02,
          2.1689540752836828e-02, 5.7433800697633472e-03,
          -5.3606320028626690e-03, 2.9491071063927905e-02,
          2.2635453299548691e-02, -3.4343727261811098e-03,
          1.0488050403560267e-02, 3.1569151331877505e-03,
          1.3830540051309901e-02, 1.3670650556605889e-02,
          4.2725213498105534e-03, -2.9741885760287330e-03,
          -1.9320032885815464e-02, -3.4343727261811102e-03,
          1.9003516539705074e-02, -3.8351524761886082e-03,
          -5.5773718020282346e-04, -1.4010843802149090e-03,
          -3.8257378863799773e-03, 3.4938156871827740e-04,
          1.0646681821647865e-03, 1.6537643528782009e-02,
          1.0488050403560267e-02, -3.8351524761886090e-03,
          4.7241365242465173e-02, 1.5839304062584671e-03,
          7.2579647958817628e-03, 7.7656470468796153e-03,
          5.0277989902873486e-03, -4.8445232781195238e-03,
          3.9381707288985756e-03, 3.1569151331877505e-03,
          -5.5773718020282325e-04, 1.5839304062584662e-03,
          4.3242607491599305e-02, -4.5199343334899941e-03,
          2.4473325507538813e-03, -6.6821656270626357e-03,
          -8.4039107862529747e-04, 2.1042657572857906e-02,
          1.3830540051309898e-02, -1.4010843802149085e-03,
          7.2579647958817628e-03, -4.5199343334899923e-03,
          8.7674506162564517e-02, 9.7264341008875353e-03,
          3.0051285527367649e-03, -3.3191724729829172e-03,
          2.1689540752836828e-02, 1.3670650556605889e-02,
          -3.8257378863799773e-03, 7.7656470468796153e-03,
          2.4473325507538813e-03, 9.7264341008875353e-03,
          1.7677045228239509e-02, 8.9561941213908683e-05,
          -4.2683997498826525e-03, 5.7433800697633472e-03,
          4.2725213498105525e-03, 3.4938156871827740e-04,
          5.0277989902873486e-03, -6.6821656270626313e-03,
          3.0051285527367658e-03, 8.9561941213908941e-05,
          1.7445319725229169e-01, 1.0871756461894823e-03,
          -5.3606320028626690e-03, -2.9741885760287321e-03,
          1.0646681821647862e-03, -4.8445232781195221e-03,
          -8.4039107862529758e-04, -3.3191724729829172e-03,
          -4.2683997498826533e-03, 1.0871756461894818e-03,
          1.6299598209592692e-02 ]
   - !!opencv-matrix
      rows: 9
      cols: 9
      dt: d
      data: [ 9.4440786141879718e-01, 5.5815111378352367e-01,
          -1.7892227197535512e-02, 1.2973193993734028e-01,
          9.6249028024556912e-02, 1.0857159669331601e-01,
          8.1282935055132302e-02, 1.0015355347516097e-01,
          -3.6374403524135732e-03, 5.5815111378352367e-01,
          1.2846436840593127e+00, -3.1820480957858353e-02,
          2.8159895775641208e-01, 2.2521285217825301e-01,
          2.1258636173452838e-01, 3.6503191115134684e-02,
          1.4401054966471488e-01, -7.4795043721309851e-02,
          -1.7892227197535512e-02, -3.1820480957858353e-02,
          1.3277053819097517e-01, -2.9059721861150342e-02,
          3.3849303536919229e-02, 1.1630264258529385e-02,
          -3.2808192517192414e-02, -8.0746282480118448e-02,
          2.1225719049143030e-02, 1.2973193993734028e-01,
          2.8159895775641208e-01, -2.9059721861150342e-02,
          1.3119262996039407e-01, 5.9079391359278248e-02,
          7.7813192933192055e-02, 4.5021839365540793e-02,
          4.5005364129437800e-02, -2.2018421900223472e-02,
          9.6249028024556940e-02, 2.2521285217825307e-01,
          3.3849303536919229e-02, 5.9079391359278248e-02,
          2.4810034828419342e-01, 6.4253504425819230e-02,
          -1.2802530232900625e-02, -3.7893585950503753e-02,
