%YAML:1.0
---
groups:
   - intact
   - CD19
intactGmmnames:
   - "intact.795.0"
   - "intact.795.1"
   - "intact.795.2"
   - "intact.795.3"
   - "intact.795.4"
intactLabels:
   - FSC-A
   - SSC-A
   - SY41
   - CD19
   - CD10
   - CD20
   - CD45
   - CD34
   - CD38
intactMu: !!opencv-matrix
   rows: 5
   cols: 9
   dt: d
   data: [ 1.4181081391120087e+00, 4.4648410123292348e-01,
       1.7447477041966326e+00, 1.5783827216649338e+00,
       8.6744880479951658e-01, 8.6744204501823940e-01,
       3.2302342243678179e+00, 1.0256158122704759e+00,
       1.9759504329768500e+00, 1.7697288718941118e+00,
       2.1363698033515957e+00, 1.7903572150464664e+00,
       1.6871195714737517e+00, 1.4706392353109055e+00,
       1.1871552570363457e+00, 2.4456150032649648e+00,
       1.3365359591870165e+00, 1.7154870039438237e+00,
       1.8594599517960464e+00, 3.3909197526600270e+00,
       1.9043418270893442e+00, 1.8229579810909331e+00,
       1.9320292762993887e+00, 1.0043681002887457e+00,
       2.6850384250302017e+00, 1.2689091706625388e+00,
       1.6267297773732661e+00, 1.7808155079882919e+00,
       1.0566289774656088e+00, 1.4713286151686318e+00,
       1.3072526212378595e+00, 8.4472331342812679e-01,
       7.1335531302948285e-01, 1.2979283365182066e+00,
       1.0208519987981115e+00, 1.0903666162127092e+00,
       2.0968019003672498e+00, 3.4017254706197928e+00,
       2.0582272498862961e+00, 1.8812779259324210e+00,
       2.2167416148603016e+00, 1.3323672270762450e+00,
       2.8783243434903536e+00, 1.3086672575800486e+00,
       1.5809927906255916e+00 ]
intactSigma:
   - !!opencv-matrix
      rows: 9
      cols: 9
      dt: d
      data: [ 1.4036156240940795e-01, 6.2929960929243856e-03,
          -9.3615804871884454e-03, 7.8744121086763777e-03,
          -6.4682468916056135e-04, 2.5392133509884777e-03,
          9.7817468657513708e-03, -1.0018404743900311e-03,
          7.1341738990373564e-03, 6.2929960929243873e-03,
          3.2344108309959617e-02, -1.9337033656632101e-04,
          1.3632705692232457e-02, 4.7670977719768467e-03,
          9.0633072118699327e-03, 1.1401331461776843e-02,
          2.8560021090042946e-03, 3.1739775566477939e-02,
          -9.3615804871884454e-03, -1.9337033656632060e-04,
          3.6899091219307276e-02, -6.3656733579611508e-04,
          4.6506267037901177e-04, 3.1912926359843499e-03,
          -1.2408157330924363e-03, -2.2066983979660607e-03,
          -6.6855150826456251e-03, 7.8744121086763794e-03,
          1.3632705692232459e-02, -6.3656733579611465e-04,
          3.8037494855655982e-02, 1.9889406638042865e-03,
          5.2534439020154545e-03, 1.3510469553033578e-02,
          1.5098176881310009e-03, 5.6710788356326876e-03,
          -6.4682468916056146e-04, 4.7670977719768449e-03,
          4.6506267037901193e-04, 1.9889406638042870e-03,
          3.9412887226270323e-02, -5.1507793391511267e-03,
          1.4018645195292617e-03, -3.5024290839791154e-03,
          7.7566685253940934e-04, 2.5392133509884790e-03,
          9.0633072118699344e-03, 3.1912926359843499e-03,
          5.2534439020154545e-03, -5.1507793391511285e-03,
          4.9504662868640942e-02, 4.1413804219908919e-03,
          -7.0331214119634798e-05, -2.0603605171330363e-03,
          9.7817468657513725e-03, 1.1401331461776843e-02,
          -1.2408157330924361e-03, 1.3510469553033578e-02,
          1.4018645195292619e-03, 4.1413804219908911e-03,
          1.7236149677502182e-02, 1.7144602386913704e-03,
          1.2418847444909354e-02, -1.0018404743900311e-03,
          2.8560021090042933e-03, -2.2066983979660616e-03,
          1.5098176881310002e-03, -3.5024290839791167e-03,
          -7.0331214119634703e-05, 1.7144602386913700e-03,
          1.2531347717039049e-01, 9.7375137233636309e-03,
          7.1341738990373573e-03, 3.1739775566477939e-02,
          -6.6855150826456234e-03, 5.6710788356326876e-03,
          7.7566685253940989e-04, -2.0603605171330371e-03,
          1.2418847444909356e-02, 9.7375137233636309e-03,
          2.1598337150035674e-01 ]
   - !!opencv-matrix
      rows: 9
      cols: 9
      dt: d
      data: [ 8.0473447457165270e-01, 1.7162971260837248e-01,
          1.3256259119603465e-02, 6.2650542691226357e-02,
          -1.4373396528658766e-02, 1.1228677406822270e-02,
          1.0477567734864249e-01, 1.0969739799987998e-03,
          6.8384200067453646e-02, 1.7162971260837251e-01,
          9.8689353040551209e-01, 5.4427052681403180e-02,
          1.5932250065297041e-01, 1.1767146366922276e-01,
          8.2157295508984970e-02, 1.1175467523755310e-02,
          4.7575471567524723e-02, 3.5789566904035515e-03,
          1.3256259119603465e-02, 5.4427052681403167e-02,
          1.3508396522480440e-01, 3.6291993852146522e-02,
          1.5406160154746619e-02, 7.1390819613727244e-02,
          5.5064671443971813e-02, 3.4666757884292632e-02,
          6.5301689931876225e-02, 6.2650542691226357e-02,
          1.5932250065297038e-01, 3.6291993852146522e-02,
          9.3387942625877865e-02, 2.5507747283614456e-02,
          6.2307188337415470e-02, 9.3119829738257623e-02,
          2.7232007354747664e-02, 6.5948309433444777e-02,
          -1.4373396528658775e-02, 1.1767146366922276e-01,
          1.5406160154746619e-02, 2.5507747283614452e-02,
          2.1460637894666967e-01, 4.0858267446390491e-02,
          1.6399814314550138e-02, -1.9339679043900646e-02,
          -3.4107427391334447e-02, 1.1228677406822270e-02,
          8.2157295508984970e-02, 7.1390819613727244e-02,
          6.2307188337415470e-02, 4.0858267446390484e-02,
          1.6064351863097576e-01, 5.4664671833824487e-02,
          4.3820622758074509e-02, 6.5851244874885029e-02,
          1.0477567734864249e-01, 1.1175467523755310e-02,
          5.5064671443971813e-02, 9.3119829738257609e-02,
          1.6399814314550142e-02, 5.4664671833824487e-02,
          4.0932668969687669e-01, 5.4496825981870570e-02,
          2.6735604540031571e-01, 1.0969739799988028e-03,
          4.7575471567524723e-02, 3.4666757884292632e-02,
          2.7232007354747671e-02, -1.9339679043900642e-02,
          4.3820622758074509e-02, 5.4496825981870563e-02,
          2.2700293710179817e-01, 1.1442959414256532e-01,
          6.8384200067453674e-02, 3.5789566904035537e-03,
          6.5301689931876225e-02, 6.5948309433444777e-02,
          -3.4107427391334440e-02, 6.5851244874885029e-02,
          2.6735604540031571e-01, 1.1442959414256527e-01,
          3.5418595190624336e-01 ]
   - !!opencv-matrix
      rows: 9
      cols: 9
      dt: d
      data: [ 4.6348321672271608e-01, 1.1991010015517069e-01,
          -1.8856428150948049e-03, 2.6762717237385249e-02,
          5.7303579376844927e-03, 1.0175753550216778e-02,
          2.3096344669134922e-02, -5.7302937803686456e-03,
          1.2285212004704438e-02, 1.1991010015517069e-01,
          3.5227919552696602e-01, 6.6663955009381619e-03,
          5.2246977011207479e-02, 2.9682447407790965e-02,
          2.7219277706823978e-02, 1.5576144214520622e-02,
          1.4647236058997603e-02, 2.7763935849245691e-02,
          -1.8856428150948058e-03, 6.6663955009381619e-03,
          2.3647552418515853e-02, 4.3958709071154192e-04,
          -5.3574983100457361e-03, 4.7415985164469762e-04,
          -2.3364175835368655e-03, -5.9538374678299807e-04,
          5.7933103976525141e-04, 2.6762717237385249e-02,
          5.2246977011207479e-02, 4.3958709071154192e-04,
          2.9022818200971655e-02, 1.0814557155777936e-02,
          3.9277639517475661e-03, 1.0880741781939634e-02,
          6.0513369783570024e-04, -3.6955469698070290e-03,
          5.7303579376844979e-03, 2.9682447407790965e-02,
          -5.3574983100457335e-03, 1.0814557155777935e-02,
          1.3931946683478849e-01, -4.6743405624991531e-03,
          2.8909838671776312e-02, -3.0017823373768146e-03,
