%YAML:1.0
---
groups:
   - intact
   - CD19
intactGmmnames:
   - "intact.796.0"
   - "intact.796.1"
   - "intact.796.2"
   - "intact.796.3"
   - "intact.796.4"
intactLabels:
   - FSC-A
   - SSC-A
   - SY41
   - CD19
   - CD10
   - CD20
   - CD45
   - CD34
   - CD38
intactMu: !!opencv-matrix
   rows: 5
   cols: 9
   dt: d
   data: [ 2.3118822278192757e+00, 2.1446737370029623e+00,
       4.0436252908562391e+00, 1.0341965416670647e+00,
       1.0573875176107113e+00, 1.4198063099696181e+00,
       2.6345519232375882e+00, 1.1499225785354403e+00,
       2.2978404821059359e+00, 1.9185799135757562e+00,
       1.9132671790080791e+00, 3.4021948981906016e+00,
       1.3688765161712326e+00, 1.1369936338430842e+00,
       1.3551422898946788e+00, 2.6043341850381636e+00,
       1.1056877990117475e+00, 1.9297469176196271e+00,
       6.5558586075818848e-01, 3.1010107589049912e-01,
       4.1109392018668922e+00, 8.2879933375568837e-01,
       7.1276480088087513e-01, 9.0892888606721933e-01,
       3.4061080876557468e+00, 1.0294856384448299e+00,
       1.6947701522012295e+00, 8.2195560317091754e-01,
       4.0048693210707670e-01, 3.8331907161020871e+00,
       9.4285453511672002e-01, 8.8219004374141630e-01,
       1.0197338303685486e+00, 1.1610927603057495e+00,
       1.0193951375122441e+00, 1.5671837621569424e+00,
       1.8311921966596361e+00, 2.8659772357060525e+00,
       3.7409663688053612e+00, 1.2407728985346780e+00,
       1.3604578000018011e+00, 1.1353139127552139e+00,
       2.2240177303940474e+00, 1.3663694121444723e+00,
       1.5624061539389675e+00 ]
intactSigma:
   - !!opencv-matrix
      rows: 9
      cols: 9
      dt: d
      data: [ 1.2698998802273751e+00, 7.2143074423699061e-01,
          -5.3922643919879172e-02, 1.3839286688458868e-01,
          8.5929273432197736e-02, 9.0027038291661740e-02,
          1.6095144837142381e-01, -6.9440245316053865e-03,
          -3.2058470853133708e-02, 7.2143074423699050e-01,
          1.1184918144439477e+00, -2.7857838745606475e-02,
          1.5696244443229776e-01, 1.2968878575317777e-01,
          1.3304661742798185e-01, 5.0408949254435939e-02,
          2.7186790812118677e-02, -1.1393579850669282e-01,
          -5.3922643919879172e-02, -2.7857838745606472e-02,
          8.0060601593556893e-02, -7.2733493808837243e-02,
          -4.9167106750913916e-02, 5.7122935313941208e-03,
          -5.8565392712977123e-02, -1.2902181218520610e-02,
          2.5633472829363086e-02, 1.3839286688458868e-01,
          1.5696244443229776e-01, -7.2733493808837243e-02,
          9.7466801640369680e-02, 6.5606797119032251e-02,
          1.4105667547441855e-02, 6.2191930004581356e-02,
          1.8641557633978095e-02, -4.1695061536087756e-02,
          8.5929273432197736e-02, 1.2968878575317777e-01,
          -4.9167106750913910e-02, 6.5606797119032251e-02,
          1.5197950393778026e-01, 6.5774072960313165e-02,
          2.7511852226157638e-02, 6.4296534610735853e-02,
          -1.1779566174541310e-02, 9.0027038291661740e-02,
          1.3304661742798185e-01, 5.7122935313941208e-03,
          1.4105667547441853e-02, 6.5774072960313165e-02,
          1.3572940894562047e-01, -2.7117837131025901e-02,
          3.5266878011181106e-02, 2.0235530885922625e-02,
          1.6095144837142381e-01, 5.0408949254435925e-02,
          -5.8565392712977123e-02, 6.2191930004581349e-02,
          2.7511852226157638e-02, -2.7117837131025883e-02,
          3.6010594614778779e-01, 8.5654794426126436e-03,
          1.0006757421929451e-01, -6.9440245316053865e-03,
          2.7186790812118673e-02, -1.2902181218520610e-02,
          1.8641557633978102e-02, 6.4296534610735853e-02,
          3.5266878011181099e-02, 8.5654794426126453e-03,
          1.4920084518085758e-01, 3.3723682828739991e-03,
          -3.2058470853133701e-02, -1.1393579850669280e-01,
          2.5633472829363083e-02, -4.1695061536087749e-02,
          -1.1779566174541310e-02, 2.0235530885922632e-02,
          1.0006757421929449e-01, 3.3723682828739991e-03,
          3.5641056341784910e-01 ]
   - !!opencv-matrix
      rows: 9
      cols: 9
      dt: d
      data: [ 8.9349794905865987e-01, 5.6813412369521488e-01,
          1.3338522850007037e-01, 4.7023655403894173e-02,
          6.1299656996598159e-02, 1.4851281914004968e-01,
          1.5286376500644139e-01, 4.1643212419214815e-02,
          1.3111587767356886e-01, 5.6813412369521499e-01,
          9.5197621741068017e-01, 2.1965268389555670e-01,
          8.3840874306763999e-02, 1.0101545947225196e-01,
          2.3358684340086441e-01, 2.4608145304529305e-01,
          5.4472650319639958e-02, 2.2022875380267223e-01,
          1.3338522850007037e-01, 2.1965268389555670e-01,
          5.6825698030269926e-02, 1.8917573815479347e-02,
          2.4060739072750484e-02, 5.7596683781464236e-02,
          6.1028823718344893e-02, 1.3654317226475282e-02,
          5.3443649054178158e-02, 4.7023655403894159e-02,
          8.3840874306763999e-02, 1.8917573815479347e-02,
          1.4047658897525543e-02, 8.9366112629241951e-03,
          2.0637726022320887e-02, 2.1058127140257208e-02,
          5.0718642655816701e-03, 1.7605253081120653e-02,
          6.1299656996598159e-02, 1.0101545947225196e-01,
          2.4060739072750484e-02, 8.9366112629241969e-03,
          4.1420890233559660e-02, 1.9608299458349573e-02,
          2.7455984413411846e-02, 7.7300810196224727e-03,
          2.4508467789614130e-02, 1.4851281914004971e-01,
          2.3358684340086441e-01, 5.7596683781464236e-02,
          2.0637726022320887e-02, 1.9608299458349573e-02,
          1.0119470980484672e-01, 6.4060208747404201e-02,
          1.5248054042097664e-02, 5.6823592409799964e-02,
          1.5286376500644139e-01, 2.4608145304529305e-01,
          6.1028823718344893e-02, 2.1058127140257208e-02,
          2.7455984413411846e-02, 6.4060208747404201e-02,
          8.6434254702551130e-02, 1.1712796249542082e-02,
          5.8252773593232179e-02, 4.1643212419214821e-02,
          5.4472650319639937e-02, 1.3654317226475286e-02,
          5.0718642655816692e-03, 7.7300810196224727e-03,
          1.5248054042097664e-02, 1.1712796249542079e-02,
          8.4005520455311525e-02, 1.3819823452331979e-02,
          1.3111587767356886e-01, 2.2022875380267223e-01,
          5.3443649054178165e-02, 1.7605253081120650e-02,
          2.4508467789614130e-02, 5.6823592409799964e-02,
          5.8252773593232193e-02, 1.3819823452331976e-02,
          6.9975413757817573e-02 ]
   - !!opencv-matrix
      rows: 9
      cols: 9
      dt: d
      data: [ 1.2300477866780826e-01, 8.9361560157488439e-03,
          -4.0509455381897132e-02, 3.5531122590894068e-02,
          2.1098848817328628e-02, 1.7094749956240128e-02,
          1.5565034145660694e-02, -1.8434364304487985e-03,
          -9.7068779731192753e-03, 8.9361560157488439e-03,
          1.2101900394861151e-02, -1.2650632919186842e-03,
          3.0103895809435875e-03, 3.9670384826436663e-03,
          8.8650930558831012e-03, 5.8896862021292932e-03,
          1.2059679489177034e-03, -6.6916229240083949e-04,
          -4.0509455381897132e-02, -1.2650632919186842e-03,
          2.6549350734484327e-02, -2.2451552143104039e-02,
          -1.2393872009519821e-02, -4.0857444418633251e-03,
          -3.9330282976850137e-03, 2.1606863307960513e-03,
          3.3004857007710234e-03, 3.5531122590894068e-02,
          3.0103895809435875e-03, -2.2451552143104039e-02,
          2.4766848655304811e-02, 1.1383048203573404e-02,
          5.3850644282374266e-03, 4.5603567819326929e-03,
          -1.0521021309784779e-03, -4.3589162276520110e-03,
          2.1098848817328628e-02, 3.9670384826436663e-03,
          -1.2393872009519819e-02, 1.1383048203573404e-02,
          3.0217603460963378e-02, -2.5912611782335222e-03,
          3.3812956879296198e-03, -4.0207836234854152e-04,
