%YAML:1.0
---
groups:
   - intact
   - CD19
intactGmmnames:
   - "intact.797.0"
   - "intact.797.1"
   - "intact.797.2"
   - "intact.797.3"
   - "intact.797.4"
intactLabels:
   - FSC-A
   - SSC-A
   - SY41
   - CD19
   - CD10
   - CD20
   - CD45
   - CD34
   - CD38
intactMu: !!opencv-matrix
   rows: 5
   cols: 9
   dt: d
   data: [ 1.8793185528824381e+00, 5.2382326691769532e-01,
       2.1896393970509478e+00, 1.1086754745522029e+00,
       9.6867460111666404e-01, 9.6535829482739632e-01,
       3.5298179798445544e+00, 1.1389490077116471e+00,
       1.4628001766632783e+00, 2.5125907915677401e+00,
       1.1082745496489357e+00, 2.4322652470452719e+00,
       1.3550900134878454e+00, 1.3328870691400094e+00,
       1.3453685330076173e+00, 3.2344614897432065e+00,
       1.6353240859650673e+00, 2.5120737658704377e+00,
       2.8091126752990041e+00, 3.1611415985707789e+00,
       2.6283943423286233e+00, 1.6722946994228942e+00,
       2.1971334558456181e+00, 1.4063325302777498e+00,
       2.4929843985025131e+00, 1.1959681880880575e+00,
       1.7256351073769560e+00, 1.6208788546170247e+00,
       4.1837704336886411e-01, 2.2698581474730224e+00,
       1.0390787116603495e+00, 9.3400580231849595e-01,
       9.0946273993658011e-01, 3.4482602705110850e+00,
       1.0868205938510083e+00, 1.6721214497442978e+00,
       1.2937484953891294e+00, 4.1404263378730033e-01,
       2.2281080283952757e+00, 9.6826718911397869e-01,
       1.0502029492238734e+00, 9.5295784422038521e-01,
       1.4562480699300411e+00, 1.3809097527413956e+00,
       1.5043431541440484e+00 ]
intactSigma:
   - !!opencv-matrix
      rows: 9
      cols: 9
      dt: d
      data: [ 1.5506939696626110e-01, -5.2501754855696072e-04,
          6.5644856363227845e-04, 4.3360688949544337e-03,
          1.2030122880756101e-03, -1.1896687307779430e-03,
          1.5716958697202590e-02, 2.4097281831507262e-03,
          -8.9495225921896373e-03, -5.2501754855696094e-04,
          1.3507772554528664e-02, 1.0936730893632771e-02,
          3.3527128069476544e-03, 2.6684243764724534e-03,
          4.2048073324096030e-03, 1.0563538073459101e-03,
          1.9692075400910480e-03, 2.5780392641573881e-03,
          6.5644856363227693e-04, 1.0936730893632771e-02,
          6.1392507650791787e-02, 1.7650689213944365e-03,
          3.6947290668335295e-03, 4.7752727332721805e-03,
          -1.7794998394550631e-03, 6.6843549253928682e-03,
          5.9929797815718453e-03, 4.3360688949544337e-03,
          3.3527128069476531e-03, 1.7650689213944356e-03,
          8.0889751337119536e-02, 8.3882549192237303e-04,
          1.7726749217713365e-03, 2.8884146445595218e-03,
          2.5239901323790928e-03, -8.9166324077764141e-03,
          1.2030122880756090e-03, 2.6684243764724534e-03,
          3.6947290668335295e-03, 8.3882549192237346e-04,
          7.2152435825150560e-02, -8.9791444704300991e-03,
          1.5326988432678526e-04, -5.2439567762471088e-04,
          -4.5727328878125340e-05, -1.1896687307779430e-03,
          4.2048073324096030e-03, 4.7752727332721805e-03,
          1.7726749217713365e-03, -8.9791444704301008e-03,
          6.8637026359728986e-02, -2.1989571998300862e-06,
          -5.2264977707460717e-04, -2.2637996953246399e-04,
          1.5716958697202587e-02, 1.0563538073459099e-03,
          -1.7794998394550633e-03, 2.8884146445595218e-03,
          1.5326988432678542e-04, -2.1989571998300862e-06,
          1.7376746952751466e-02, -1.9379229622504216e-03,
          -5.9042236058889138e-03, 2.4097281831507262e-03,
          1.9692075400910463e-03, 6.6843549253928656e-03,
          2.5239901323790932e-03, -5.2439567762471175e-04,
          -5.2264977707460760e-04, -1.9379229622504210e-03,
          1.5548721895678583e-01, 4.1377061264703781e-03,
          -8.9495225921896373e-03, 2.5780392641573881e-03,
          5.9929797815718453e-03, -8.9166324077764123e-03,
          -4.5727328878125611e-05, -2.2637996953246399e-04,
          -5.9042236058889147e-03, 4.1377061264703781e-03,
          3.0701469985196524e-02 ]
   - !!opencv-matrix
      rows: 9
      cols: 9
      dt: d
      data: [ 6.0199059723519821e-01, 1.6160294573246486e-01,
          9.5167035188551491e-02, 1.0227772397324535e-01,
          9.0379237102633903e-02, 1.5059005968271294e-01,
          -3.0270222165567620e-03, 8.8468289357531649e-02,
          5.9160397557274633e-02, 1.6160294573246486e-01,
          2.9252203627834161e-01, 7.3509706751987439e-02,
          1.5787417167332080e-01, 1.2647874524712541e-01,
          2.0813536141683028e-01, -3.7192104153257128e-03,
          8.2393059278160485e-02, -8.6167280017893852e-03,
          9.5167035188551491e-02, 7.3509706751987439e-02,
          8.0780082903585418e-02, 3.6879286212818205e-02,
          4.0660259296589868e-02, 6.5035793867784963e-02,
          -4.6407756543573250e-03, 4.0103224135633810e-02,
          -1.0149586289320759e-02, 1.0227772397324535e-01,
          1.5787417167332080e-01, 3.6879286212818219e-02,
          2.3973506824969834e-01, 9.9641881970881183e-02,
          2.2940641281417676e-01, 4.0163890369911928e-02,
          4.3804191954741667e-02, -3.9025990031384038e-02,
          9.0379237102633903e-02, 1.2647874524712541e-01,
          4.0660259296589868e-02, 9.9641881970881183e-02,
          2.0230604942784516e-01, 1.4798967639842248e-01,
          -2.1034335694099807e-02, 1.0052432729891569e-01,
          2.7880934807500028e-02, 1.5059005968271294e-01,
          2.0813536141683028e-01, 6.5035793867784963e-02,
          2.2940641281417676e-01, 1.4798967639842248e-01,
          4.0634414343139225e-01, 1.6444462876650100e-02,
          9.2534426152203017e-02, -3.5320198691166739e-02,
          -3.0270222165567607e-03, -3.7192104153257180e-03,
          -4.6407756543573233e-03, 4.0163890369911928e-02,
          -2.1034335694099800e-02, 1.6444462876650100e-02,
          1.5736990301952203e-01, -1.0327002107767767e-01,
          -8.0790484469498006e-02, 8.8468289357531649e-02,
          8.2393059278160485e-02, 4.0103224135633810e-02,
          4.3804191954741667e-02, 1.0052432729891568e-01,
          9.2534426152203017e-02, -1.0327002107767767e-01,
          4.2408238702032214e-01, 8.7256839488086491e-02,
          5.9160397557274626e-02, -8.6167280017893852e-03,
          -1.0149586289320760e-02, -3.9025990031384038e-02,
          2.7880934807500039e-02, -3.5320198691166739e-02,
          -8.0790484469498006e-02, 8.7256839488086518e-02,
          3.4541885144386947e-01 ]
   - !!opencv-matrix
      rows: 9
      cols: 9
      dt: d
      data: [ 5.9419115630180019e-01, 1.0257665245570814e-01,
          2.6397800173398937e-02, 2.9348298380171153e-02,
          8.4540002934282044e-02, 3.7142493155748545e-02,
          5.7117065866096939e-02, 5.4594605777885793e-03,
          3.4134492751652638e-02, 1.0257665245570818e-01,
          5.7981843713635606e-01, 2.6042818814150381e-02,
          1.0869882725104815e-01, 8.8246140916458896e-02,
          3.7701899936949168e-02, 1.0083876976785298e-01,
          -2.6116751417570291e-04, 2.3541257533585526e-02,
          2.6397800173398937e-02, 2.6042818814150381e-02,
          3.9533164221688691e-02, 2.7730136503646536e-03,
          3.1017095700555098e-02, 8.2278806467615487e-03,
          6.9394104748356352e-03, 4.0384051533376517e-03,
          -1.2275016045651473e-03, 2.9348298380171164e-02,
          1.0869882725104815e-01, 2.7730136503646536e-03,
          5.3820387277819647e-02, 2.1040060221874449e-02,
          1.7181934187553583e-02, 2.2302946021702148e-02,
          7.2438563983283745e-04, 7.3272501674496288e-04,
          8.4540002934282044e-02, 8.8246140916458909e-02,
          3.1017095700555108e-02, 2.1040060221874445e-02,
          2.6218869560184432e-01, 2.7356844688649701e-02,
          7.0770058575998676e-02, 4.9364262132924530e-03,
