%YAML:1.0
---
groups:
   - intact
   - CD19
intactGmmnames:
   - "intact.798.0"
   - "intact.798.1"
   - "intact.798.2"
   - "intact.798.3"
   - "intact.798.4"
intactLabels:
   - FSC-A
   - SSC-A
   - SY41
   - CD19
   - CD10
   - CD20
   - CD45
   - CD34
   - CD38
intactMu: !!opencv-matrix
   rows: 5
   cols: 9
   dt: d
   data: [ 4.5927730535592287e-01, 2.6618213816145142e-01,
       2.8965355680862319e+00, 9.5155102576256245e-01,
       8.7747955593864224e-01, 9.7352040052101163e-01,
       3.3987564287562755e+00, 1.0757351419983936e+00,
       1.2996583743213141e+00, 2.1297987598571635e+00,
       2.9401326294154169e+00, 2.8006114143156742e+00,
       1.4685678721842466e+00, 1.4900128445656504e+00,
       1.5165386687277846e+00, 2.9660752657321887e+00,
       1.1548993807402199e+00, 2.0392292855953542e+00,
       8.7952162385054888e-01, 3.2154319959773553e-01,
       2.8398428104286788e+00, 9.8136619762111410e-01,
       9.4373303429522581e-01, 9.7661489698387360e-01,
       1.1958404719882560e+00, 1.0363581020750245e+00,
       1.3596012898687408e+00, 1.1545672062197212e+00,
       5.9428236099582588e-01, 2.7565931659451413e+00,
       1.0657937619806130e+00, 9.4714184794309375e-01,
       1.1065207156583874e+00, 3.4276221779969891e+00,
       1.3638279204197834e+00, 1.7532672495733774e+00,
       1.5637996944739316e+00, 1.4246374285536896e+00,
       2.7852756865535726e+00, 1.4188728597085019e+00,
       1.4177999359944466e+00, 1.6161465570602895e+00,
       2.5113895350872393e+00, 1.3858514142650304e+00,
       1.6395117179746317e+00 ]
intactSigma:
   - !!opencv-matrix
      rows: 9
      cols: 9
      dt: d
      data: [ 3.6316263518165692e-02, -6.4056535640576564e-04,
          -8.6178398223438982e-03, 5.1639083553401575e-03,
          -1.4100885754419921e-03, -6.2641946423178476e-04,
          5.6713281785440439e-03, -2.0150698689739956e-03,
          4.2962603575830653e-03, -6.4056535640576531e-04,
          1.0220622442239209e-02, 8.1314307912775990e-04,
          2.1188362850646522e-03, 4.8148633491448033e-03,
          8.1035244511521408e-03, 2.5464123150844252e-03,
          2.3632459132062579e-03, -2.4061983452536486e-03,
          -8.6178398223438982e-03, 8.1314307912775980e-04,
          6.7749397464275480e-03, -1.3342968858829300e-03,
          1.0883845243473053e-03, 1.6632457384002514e-03,
          -1.4133941077935689e-03, 1.2159886693165708e-03,
          -8.5136508936527351e-04, 5.1639083553401566e-03,
          2.1188362850646522e-03, -1.3342968858829300e-03,
          2.0775594580851400e-02, 1.4850314374068052e-03,
          2.6342636582115052e-03, 1.2868477379567606e-04,
          2.2988759826483170e-03, -2.2737373423737852e-03,
          -1.4100885754419917e-03, 4.8148633491448033e-03,
          1.0883845243473053e-03, 1.4850314374068056e-03,
          6.1001625141671775e-02, -4.0781086878717730e-03,
          1.1235148068534930e-03, -7.9016673145460698e-04,
          -1.7508053224263719e-03, -6.2641946423178585e-04,
          8.1035244511521408e-03, 1.6632457384002511e-03,
          2.6342636582115052e-03, -4.0781086878717730e-03,
          8.0134021892203297e-02, 3.6967425810885001e-03,
          3.0697368255381608e-03, -5.1540638508181559e-03,
          5.6713281785440439e-03, 2.5464123150844252e-03,
          -1.4133941077935682e-03, 1.2868477379567600e-04,
          1.1235148068534926e-03, 3.6967425810885001e-03,
          1.1749927742425822e-02, -1.1980679460584596e-03,
          -4.8327995877525129e-03, -2.0150698689739965e-03,
          2.3632459132062584e-03, 1.2159886693165717e-03,
          2.2988759826483175e-03, -7.9016673145460709e-04,
          3.0697368255381587e-03, -1.1980679460584600e-03,
          1.3188468877557349e-01, 2.1878824508140361e-04,
          4.2962603575830661e-03, -2.4061983452536486e-03,
          -8.5136508936527373e-04, -2.2737373423737856e-03,
          -1.7508053224263708e-03, -5.1540638508181585e-03,
          -4.8327995877525138e-03, 2.1878824508140361e-04,
          3.7583599049002193e-02 ]
   - !!opencv-matrix
      rows: 9
      cols: 9
      dt: d
      data: [ 6.4982244778646236e-01, 3.2468007326060860e-01,
          1.0645086962474506e-02, 8.4088335473281914e-02,
          1.2457613055360726e-02, 2.1333757586117722e-02,
          4.0794039875513367e-02, -1.2762153491279894e-03,
          -1.7740888583346045e-02, 3.2468007326060860e-01,
          5.8860797316845581e-01, -1.1861693884131128e-03,
          1.0848193980548261e-01, 8.0688786766796680e-02,
          4.8053741757281936e-02, 7.6276909674214521e-02,
          6.5183513298642552e-03, -8.6887044146989292e-02,
          1.0645086962474503e-02, -1.1861693884131130e-03,
          3.5006364801441307e-02, -6.5053384461716398e-03,
          8.4610461051575839e-03, 2.7814218563179643e-02,
          -7.6388638493320874e-03, 7.2491461789662790e-03,
          4.2646233858303094e-02, 8.4088335473281928e-02,
          1.0848193980548257e-01, -6.5053384461716398e-03,
          4.8868350467260568e-02, 2.7253861660781444e-02,
          7.5563472167790528e-03, 2.2997417981453192e-02,
          3.0465076854571268e-03, -4.3224111873753329e-02,
          1.2457613055360724e-02, 8.0688786766796680e-02,
          8.4610461051575839e-03, 2.7253861660781441e-02,
          2.2709614292582087e-01, 5.4366543295645914e-02,
          6.0579918067648474e-02, 2.2007368024535311e-02,
          -8.6771459782018501e-02, 2.1333757586117715e-02,
          4.8053741757281929e-02, 2.7814218563179643e-02,
          7.5563472167790502e-03, 5.4366543295645914e-02,
          9.1411808244936582e-02, 1.0189689847817004e-02,
          1.8762732126271473e-02, 2.5913027028781035e-02,
          4.0794039875513367e-02, 7.6276909674214521e-02,
          -7.6388638493320865e-03, 2.2997417981453192e-02,
          6.0579918067648474e-02, 1.0189689847817004e-02,
          5.7530629991766606e-02, 4.9749159974341673e-03,
          -6.0873618926077323e-02, -1.2762153491279896e-03,
          6.5183513298642561e-03, 7.2491461789662764e-03,
          3.0465076854571268e-03, 2.2007368024535311e-02,
          1.8762732126271477e-02, 4.9749159974341664e-03,
          1.0837950550750648e-01, 1.0179119663648461e-02,
          -1.7740888583346045e-02, -8.6887044146989292e-02,
          4.2646233858303094e-02, -4.3224111873753336e-02,
          -8.6771459782018501e-02, 2.5913027028781038e-02,
          -6.0873618926077316e-02, 1.0179119663648461e-02,
          2.7814452647350496e-01 ]
   - !!opencv-matrix
      rows: 9
      cols: 9
      dt: d
      data: [ 2.5359144261436400e-01, 1.8743192958103630e-02,
          -4.6437673600962327e-02, 1.3399226900270605e-02,
          3.5683659306367100e-03, 4.5810612620679749e-03,
          -6.5495057837025913e-03, -2.4048608977983842e-03,
          1.9054692758925279e-03, 1.8743192958103626e-02,
          1.8327628645273777e-02, -4.6430439980279480e-03,
          5.0289501199088033e-03, 8.1538412400126506e-03,
          1.1304674421609061e-02, 9.2049401480609975e-03,
          2.0361362822105405e-03, 1.5307100373552927e-03,
          -4.6437673600962334e-02, -4.6430439980279506e-03,
          8.1539947419272146e-02, -1.2649892275561037e-02,
          -7.7182642068357660e-04, 1.7765001318262794e-03,
          1.8609174215120179e-03, 1.5314229065460144e-03,
          5.0945195178226722e-04, 1.3399226900270605e-02,
          5.0289501199088033e-03, -1.2649892275561037e-02,
          1.2759485317587072e-02, 3.4228183083281310e-03,
          4.4148797312905247e-03, 1.3108422584937379e-03,
          8.2393568461252816e-04, -1.7225400158604411e-03,
          3.5683659306367087e-03, 8.1538412400126489e-03,
          -7.7182642068357704e-04, 3.4228183083281310e-03,
          6.6549530748409941e-02, 2.9880107775303185e-03,
          1.5960530580830728e-02, 1.8999801755827316e-03,
