%YAML:1.0
---
groups:
   - intact
   - CD19
   - blast
intactGmmnames:
   - "intact.804.0"
   - "intact.804.1"
   - "intact.804.2"
   - "intact.804.3"
   - "intact.804.4"
intactLabels:
   - FSC-A
   - SSC-A
   - SY41
   - CD19
   - CD10
   - CD20
   - CD45
   - CD34
   - CD38
intactMu: !!opencv-matrix
   rows: 5
   cols: 9
   dt: d
   data: [ 1.4065349503937763e+00, 6.5060651963260507e-01,
       2.6756300244681310e+00, 1.7363208118068632e+00,
       9.0690738321796516e-01, 1.0356872987230374e+00,
       3.3890874327285876e+00, 1.0471056308831033e+00,
       2.7286302777797276e+00, 8.7779616851322007e-01,
       3.9056957826062999e-01, 2.8739670061425495e+00,
       1.0430300670862709e+00, 8.3832396754209237e-01,
       8.4321253400441987e-01, 1.2218057865150058e+00,
       1.0620397385604683e+00, 1.3726011589889542e+00,
       1.7871747173621171e+00, 2.2919072869553165e+00,
       2.7078454991710386e+00, 1.5880728119608045e+00,
       1.7736027748268204e+00, 1.0652214954429680e+00,
       2.3381368888481426e+00, 1.2163841337741423e+00,
       1.5981851668395775e+00, 2.0753906567757934e+00,
       1.9162869139345882e+00, 2.8817221922645913e+00,
       1.8238787688904734e+00, 1.5099645487880939e+00,
       1.3932352467223530e+00, 2.9211833757157515e+00,
       1.4458069953416888e+00, 2.2470697125013661e+00,
       1.5636763792009920e+00, 4.5201293791873537e-01,
       2.8946890673631933e+00, 1.6347006499676704e+00,
       8.5926653800820130e-01, 8.7440663738256363e-01,
       3.3755393787302097e+00, 1.0536673120374074e+00,
       1.9443709967037246e+00 ]
intactSigma:
   - !!opencv-matrix
      rows: 9
      cols: 9
      dt: d
      data: [ 1.8596895660739418e-01, -2.5257658419120445e-03,
          -9.1727029032785852e-03, 1.4886756902156898e-03,
          1.0693602565663470e-03, -4.4268897220272573e-03,
          6.5185874957399033e-03, 8.9863181227056786e-04,
          -8.5715277827016073e-03, -2.5257658419120454e-03,
          2.5303525043037036e-02, -1.0526943980026260e-02,
          9.9805479271976826e-04, 2.3477906530702647e-03,
          -3.2713676838406251e-02, 1.0235904118237389e-02,
          7.0246755605794786e-04, 3.1378550159233527e-02,
          -9.1727029032785852e-03, -1.0526943980026260e-02,
          4.7417168557918915e-02, -3.4267977734485362e-03,
          -5.1694841301734278e-03, 2.5318932545801583e-02,
          -1.1857731566255787e-02, 1.3298374479116777e-03,
          -1.5367487665391514e-02, 1.4886756902156904e-03,
          9.9805479271976826e-04, -3.4267977734485362e-03,
          4.3641731454075072e-02, 1.9154812184488590e-03,
          3.8259955244620919e-02, 7.5283476162389309e-03,
          1.7110200799550735e-03, -2.0615194863743108e-02,
          1.0693602565663470e-03, 2.3477906530702643e-03,
          -5.1694841301734287e-03, 1.9154812184488581e-03,
          3.2746672123164497e-02, -7.1357927023115095e-03,
          1.9701328934801803e-03, -3.8124202414812347e-03,
          1.3022276552151022e-03, -4.4268897220272599e-03,
          -3.2713676838406251e-02, 2.5318932545801583e-02,
          3.8259955244620919e-02, -7.1357927023115095e-03,
          2.0017387692911962e-01, -1.8113586290589092e-02,
          2.1870578175319056e-04, -1.0504403173276802e-01,
          6.5185874957399033e-03, 1.0235904118237387e-02,
          -1.1857731566255790e-02, 7.5283476162389309e-03,
          1.9701328934801808e-03, -1.8113586290589092e-02,
          1.5473802765808510e-02, 4.1851318208233599e-04,
          1.5419812334403156e-02, 8.9863181227056667e-04,
          7.0246755605794884e-04, 1.3298374479116777e-03,
          1.7110200799550742e-03, -3.8124202414812334e-03,
          2.1870578175319208e-04, 4.1851318208233583e-04,
          1.3975004442414829e-01, 2.1951817710833630e-03,
          -8.5715277827016090e-03, 3.1378550159233527e-02,
          -1.5367487665391514e-02, -2.0615194863743108e-02,
          1.3022276552151018e-03, -1.0504403173276802e-01,
          1.5419812334403156e-02, 2.1951817710833626e-03,
          1.3905104667650678e-01 ]
   - !!opencv-matrix
      rows: 9
      cols: 9
      dt: d
      data: [ 8.9191675091896377e-02, 1.2968716360034391e-02,
          -2.0395012783617522e-02, 4.8854011728981369e-03,
          5.5869572298848152e-03, 7.9140613535399213e-03,
          3.0682671243609295e-03, -4.1883696380904756e-04,
          9.1773885667041817e-04, 1.2968716360034389e-02,
          1.9151842496792360e-02, 1.0182208596700501e-02,
          2.3759604914879201e-03, 7.5601837071191192e-04,
          4.4514410048299702e-03, 2.4001419613879286e-03,
          1.6879535906896075e-03, 2.1862857929264767e-03,
          -2.0395012783617519e-02, 1.0182208596700503e-02,
          1.5054117275915233e-01, -1.9375521062755696e-02,
          -2.6735476447001947e-02, -2.3667713871095602e-02,
          -5.3594326725846025e-03, 5.7152408309445561e-03,
          6.3354214868681672e-03, 4.8854011728981361e-03,
          2.3759604914879201e-03, -1.9375521062755696e-02,
          1.4577173207306520e-02, 5.3122645143145238e-03,
          5.3027315713729054e-03, 1.4257205506776878e-03,
          -5.5186737256768704e-04, -2.2405060328566755e-03,
          5.5869572298848135e-03, 7.5601837071191192e-04,
          -2.6735476447001954e-02, 5.3122645143145247e-03,
          3.3763284876572319e-02, -1.2394791602513945e-03,
          2.6565605489131186e-03, -1.5662349356308203e-03,
          -1.0329614503593839e-03, 7.9140613535399196e-03,
          4.4514410048299711e-03, -2.3667713871095605e-02,
          5.3027315713729045e-03, -1.2394791602513941e-03,
          4.2602960166541463e-02, 1.7599749069736321e-03,
          -1.7148573450447976e-03, -5.7627453505704478e-04,
          3.0682671243609295e-03, 2.4001419613879286e-03,
          -5.3594326725846025e-03, 1.4257205506776878e-03,
          2.6565605489131173e-03, 1.7599749069736328e-03,
          2.3504855007757435e-02, 2.1285592215438483e-03,
          5.0696711648857019e-04, -4.1883696380904810e-04,
          1.6879535906896067e-03, 5.7152408309445570e-03,
          -5.5186737256768714e-04, -1.5662349356308201e-03,
          -1.7148573450447974e-03, 2.1285592215438487e-03,
          1.8412534828667032e-02, 1.0675620053643489e-03,
          9.1773885667041817e-04, 2.1862857929264771e-03,
          6.3354214868681664e-03, -2.2405060328566750e-03,
          -1.0329614503593837e-03, -5.7627453505704489e-04,
          5.0696711648857040e-04, 1.0675620053643485e-03,
          4.1263962598075046e-03 ]
   - !!opencv-matrix
      rows: 9
      cols: 9
      dt: d
      data: [ 7.1370773530082521e-01, 4.8747356735263941e-01,
          3.6066730709570907e-02, 1.2439198052611991e-01,
          1.6622229115008749e-01, 6.8165234871262997e-02,
          2.2089981620969895e-01, -3.8245280672981871e-02,
          3.2987148562039527e-02, 4.8747356735263941e-01,
          1.2413257758690921e+00, 1.3666698790428478e-01,
          3.0390912017343424e-01, 5.1743073611480206e-01,
          9.1287244758535113e-02, 5.8686822326331756e-01,
          -8.5527330421696302e-02, 8.1984896044318883e-02,
          3.6066730709570921e-02, 1.3666698790428478e-01,
          2.0141763591777717e-01, 1.5220837249389793e-02,
          4.1425527125187045e-02, -1.2460533856985968e-02,
          6.2886164707242759e-02, -1.6445703068306509e-02,
          1.6949909220168070e-02, 1.2439198052611991e-01,
          3.0390912017343424e-01, 1.5220837249389793e-02,
          1.0183179305481795e-01, 1.5237921960610251e-01,
          3.3152643701144749e-02, 1.6688290448358645e-01,
          -2.0720908593703694e-02, 1.8416903736370092e-02,
          1.6622229115008752e-01, 5.1743073611480206e-01,
          4.1425527125187059e-02, 1.5237921960610254e-01,
          4.3824672171630519e-01, 4.6272256605057134e-02,
