%YAML:1.0
---
groups:
   - intact
   - CD19
intactGmmnames:
   - "intact.813.0"
   - "intact.813.1"
   - "intact.813.2"
   - "intact.813.3"
   - "intact.813.4"
intactLabels:
   - FSC-A
   - SSC-A
   - SY41
   - CD19
   - CD10
   - CD20
   - CD45
   - CD34
   - CD38
intactMu: !!opencv-matrix
   rows: 5
   cols: 9
   dt: d
   data: [ 7.3740550781306702e-01, 3.5375444162898023e-01,
       2.5439248998779531e+00, 9.2234004926639279e-01,
       9.7925094397720580e-01, 1.0065061138243820e+00,
       3.6220029069507400e+00, 1.0929907626340425e+00,
       1.5731682409405339e+00, 2.7067687416984745e+00,
       2.7981553203474201e+00, 2.7873384574265070e+00,
       1.5360877010229408e+00, 1.2820758422804555e+00,
       1.6184841953349032e+00, 2.8753100042318804e+00,
       1.1451939034652625e+00, 2.4142935754741548e+00,
       1.0932101184619567e+00, 1.2234790647431846e+00,
       2.4763533110529687e+00, 1.1736948078575080e+00,
       1.2692350695461527e+00, 1.2713688339902107e+00,
       1.9252289900603219e+00, 1.2218975148007423e+00,
       1.4433424702820221e+00, 1.9931691904122464e+00,
       1.9825010979744881e+00, 2.7566429055731554e+00,
       1.4764232075729455e+00, 1.3703053786494863e+00,
       1.5989744290256849e+00, 3.4277816972047361e+00,
       1.4395196038977114e+00, 2.4676856670427880e+00,
       2.5088167672734318e+00, 2.8526131193792148e+00,
       2.6546133300042629e+00, 1.5403056879193169e+00,
       1.8740070708789034e+00, 1.3021393561293304e+00,
       2.8343712706117805e+00, 1.1232100967156944e+00,
       1.6817788574525041e+00 ]
intactSigma:
   - !!opencv-matrix
      rows: 9
      cols: 9
      dt: d
      data: [ 9.4420331727850526e-02, 2.1379798998352618e-02,
          -3.0167703271995996e-02, 2.5568953192699140e-02,
          3.1385463295794167e-04, 1.2033839236920583e-02,
          1.8995972542666120e-02, 7.3157195231658451e-04,
          2.6899369902816574e-02, 2.1379798998352618e-02,
          2.1472787300610658e-02, -5.5862408480692157e-03,
          9.4276671522503987e-03, 2.9343218446378286e-03,
          1.1951756768627926e-02, 9.9597184153616715e-03,
          2.2683108856012503e-03, 2.1550725620695804e-02,
          -3.0167703271995996e-02, -5.5862408480692165e-03,
          2.4625828530349402e-02, -9.5005025566573999e-03,
          8.8817213404929945e-04, -1.1953288237657622e-04,
          -6.5875706348592477e-03, 1.2572303114327600e-03,
          -1.3441204203298468e-02, 2.5568953192699140e-02,
          9.4276671522503987e-03, -9.5005025566574017e-03,
          7.5293242465422738e-02, 1.4853222818916427e-03,
          5.7892245647240860e-03, 5.5492890989763174e-03,
          3.8863878546318326e-03, 6.7529335123094874e-03,
          3.1385463295794156e-04, 2.9343218446378290e-03,
          8.8817213404929966e-04, 1.4853222818916420e-03,
          3.2791454213730691e-02, -4.5520172354790531e-03,
          1.2407285113095541e-03, -1.8564765884119623e-03,
          -3.3102682485451063e-03, 1.2033839236920587e-02,
          1.1951756768627928e-02, -1.1953288237657603e-04,
          5.7892245647240843e-03, -4.5520172354790531e-03,
          7.8638289234105666e-02, 6.7930928659559039e-03,
          1.5148933153168779e-03, -4.9344183891228818e-03,
          1.8995972542666120e-02, 9.9597184153616698e-03,
          -6.5875706348592477e-03, 5.5492890989763174e-03,
          1.2407285113095541e-03, 6.7930928659559039e-03,
          1.6081469155691530e-02, -7.1416925996321281e-04,
          -1.1101828451772473e-03, 7.3157195231658451e-04,
          2.2683108856012511e-03, 1.2572303114327605e-03,
          3.8863878546318317e-03, -1.8564765884119623e-03,
          1.5148933153168764e-03, -7.1416925996321281e-04,
          1.5079562695530843e-01, 7.1883395383932043e-03,
          2.6899369902816567e-02, 2.1550725620695807e-02,
          -1.3441204203298465e-02, 6.7529335123094857e-03,
          -3.3102682485451071e-03, -4.9344183891228801e-03,
          -1.1101828451772473e-03, 7.1883395383932026e-03,
          2.4819029361532505e-01 ]
   - !!opencv-matrix
      rows: 9
      cols: 9
      dt: d
      data: [ 7.2062970726181907e-01, 3.8918890162875636e-01,
          4.3641624312302889e-02, 8.5575409909721498e-02,
          3.5548183221758754e-02, 3.8073840933193763e-02,
          3.3305016479857278e-04, 3.5174278891604563e-03,
          -1.1448622494955431e-01, 3.8918890162875641e-01,
          5.7993646539066912e-01, 5.2430419195683718e-02,
          1.1338228769411539e-01, 6.2499495000879743e-02,
          7.2605343121222340e-02, 3.5679641751475734e-02,
          8.9128579973917332e-03, -2.2099225787542896e-02,
          4.3641624312302889e-02, 5.2430419195683718e-02,
          1.9660139482029184e-02, 8.1394025277118590e-03,
          1.9902141662676530e-02, 2.4685569997583642e-02,
          4.1988271687669609e-03, 5.0726234016274354e-03,
          3.8970958047845713e-02, 8.5575409909721484e-02,
          1.1338228769411537e-01, 8.1394025277118590e-03,
          5.4763941938659431e-02, 1.0715883619594576e-02,
          1.1291426873143814e-02, 5.6367265272850558e-03,
          2.1489435379922540e-03, -1.9771850569932609e-02,
          3.5548183221758754e-02, 6.2499495000879743e-02,
          1.9902141662676530e-02, 1.0715883619594579e-02,
          6.2713901797290930e-02, 3.8996065615205903e-02,
          5.6116330206373438e-03, 7.4051351133196169e-03,
          6.5505837878260184e-02, 3.8073840933193756e-02,
          7.2605343121222327e-02, 2.4685569997583642e-02,
          1.1291426873143814e-02, 3.8996065615205903e-02,
          6.7980942047100049e-02, 5.8924958012547225e-03,
          1.0308981815666937e-02, 8.4339019889344766e-02,
          3.3305016479857159e-04, 3.5679641751475734e-02,
          4.1988271687669609e-03, 5.6367265272850558e-03,
          5.6116330206373438e-03, 5.8924958012547225e-03,
          2.5609013464690893e-02, -9.0571910560491103e-04,
          1.9878353180911856e-02, 3.5174278891604571e-03,
          8.9128579973917332e-03, 5.0726234016274354e-03,
          2.1489435379922527e-03, 7.4051351133196178e-03,
          1.0308981815666933e-02, -9.0571910560491124e-04,
          8.0197428686269237e-02, 2.0775675252226466e-02,
          -1.1448622494955432e-01, -2.2099225787542896e-02,
          3.8970958047845713e-02, -1.9771850569932605e-02,
          6.5505837878260184e-02, 8.4339019889344766e-02,
          1.9878353180911853e-02, 2.0775675252226466e-02,
          2.9874470380232759e-01 ]
   - !!opencv-matrix
      rows: 9
      cols: 9
      dt: d
      data: [ 4.2779467575845087e-01, 3.9385576728569982e-01,
          -7.0054508933111700e-02, 1.1964185455068305e-01,
          9.1961556897352872e-02, 7.7578775174226330e-02,
          9.9130688708908218e-02, 1.0248646161994380e-02,
          1.1830277214176113e-02, 3.9385576728569982e-01,
          6.8638958944126938e-01, -1.3119310130583992e-01,
          1.9898128600739873e-01, 1.5899277170546305e-01,
          1.0934726023351665e-01, 1.8041534825551780e-01,
          2.3524718981166096e-02, 7.7276222151969462e-03,
          -7.0054508933111700e-02, -1.3119310130583992e-01,
          1.7686017087061004e-01, -5.6882848456765903e-02,
          -1.8548115573936069e-02, -1.1888114967973597e-03,
          -8.5475959753414085e-02, -8.8034400829676701e-03,
          -3.2135825856582133e-03, 1.1964185455068305e-01,
          1.9898128600739873e-01, -5.6882848456765917e-02,
          9.6196941720107745e-02, 4.7685367809875812e-02,
          3.8183797394048445e-02, 7.0940767491866230e-02,
          1.4507676062988126e-02, 1.8148856642128887e-03,
          9.1961556897352872e-02, 1.5899277170546303e-01,
          -1.8548115573936069e-02, 4.7685367809875812e-02,
          1.1393531213440927e-01, 3.2236599124914049e-02,
          4.1136521860999413e-02, 1.0118973885174928e-03,
