%YAML:1.0
---
groups:
   - intact
   - CD19
intactGmmnames:
   - "intact.813.0"
   - "intact.813.1"
   - "intact.813.2"
   - "intact.813.3"
   - "intact.813.4"
intactLabels:
   - FSC-A
   - SSC-A
   - SY41
   - CD19
   - CD10
   - CD20
   - CD45
   - CD34
   - CD38
intactMu: !!opencv-matrix
   rows: 5
   cols: 9
   dt: d
   data: [ 5.0627082772676479e-01, 3.4428330664887458e-01,
       3.1100155778003029e+00, 1.1345169253739567e+00,
       7.6900780009234138e-01, 6.9824710739363727e-01,
       1.3610564597442139e+00, 1.1097357661904281e+00,
       1.5753430381252540e+00, 8.9671240400327434e-01,
       3.4758968504343019e-01, 2.7844000181984159e+00,
       1.5528943599114085e+00, 8.2910087060999449e-01,
       8.1413788043073099e-01, 3.3229662155088580e+00,
       1.0856067620212257e+00, 1.9391831174379330e+00,
       2.1903560956545003e+00, 2.4712691405202740e+00,
       3.0587330706486604e+00, 1.5257023462338042e+00,
       1.4089885428101931e+00, 8.5440399989391957e-01,
       2.1894102959854362e+00, 1.1373558276102911e+00,
       1.7063965666223178e+00, 1.8329993721988174e+00,
       1.6347324402936738e+00, 2.7267030653655322e+00,
       1.5982002647497828e+00, 1.4109718921696650e+00,
       1.3242051964676604e+00, 2.3646851538594573e+00,
       1.3787675825081374e+00, 1.8585101689833863e+00,
       1.2100423769361104e+00, 7.9591059671815167e-01,
       2.7939217769741598e+00, 1.5565837624447629e+00,
       8.7365063455439229e-01, 8.6211432852562575e-01,
       3.1677053172599727e+00, 1.2069487130364911e+00,
       2.5339374168855433e+00 ]
intactSigma:
   - !!opencv-matrix
      rows: 9
      cols: 9
      dt: d
      data: [ 4.1362535220806740e-02, 8.2537155264750667e-03,
          -1.4463162167323022e-02, 3.3850402948598984e-03,
          7.4170412406536707e-03, 7.3939745189452680e-03,
          3.1700469128230391e-03, -5.9207634763490901e-04,
          1.0731207337806295e-03, 8.2537155264750667e-03,
          1.7588158310263245e-02, 7.1228915541866247e-03,
          1.4017596025123467e-03, 1.0772014591893765e-03,
          2.6757434772526424e-04, 3.2414852203375721e-03,
          1.1260508464924540e-03, 1.8031111568739327e-03,
          -1.4463162167323023e-02, 7.1228915541866247e-03,
          4.3478902833277017e-02, -6.4352613965958805e-03,
          -1.4827867585350160e-02, -1.5756033976428260e-02,
          2.2625519505884765e-04, 3.4141990965291164e-03,
          2.1075311443139988e-03, 3.3850402948598993e-03,
          1.4017596025123463e-03, -6.4352613965958797e-03,
          7.9159697224005909e-03, 3.4312777741908516e-03,
          3.1663351368724293e-03, 5.0568636670573553e-04,
          -3.0979561227404469e-04, -8.7125495288877485e-04,
          7.4170412406536707e-03, 1.0772014591893763e-03,
          -1.4827867585350160e-02, 3.4312777741908520e-03,
          3.1664780916152969e-02, 4.6600521346265794e-03,
          2.2603692720169315e-03, -1.7371798019914239e-03,
          2.1646140442127368e-05, 7.3939745189452680e-03,
          2.6757434772526413e-04, -1.5756033976428260e-02,
          3.1663351368724293e-03, 4.6600521346265794e-03,
          1.7797506293361791e-02, 7.5059581676540602e-04,
          -1.3345958703794660e-03, -4.4503315846060028e-04,
          3.1700469128230413e-03, 3.2414852203375721e-03,
          2.2625519505884765e-04, 5.0568636670573553e-04,
          2.2603692720169315e-03, 7.5059581676540624e-04,
          9.1756926624803371e-03, 1.0236528548100044e-03,
          1.3266552866254590e-03, -5.9207634763490879e-04,
          1.1260508464924544e-03, 3.4141990965291164e-03,
          -3.0979561227404453e-04, -1.7371798019914235e-03,
          -1.3345958703794658e-03, 1.0236528548100050e-03,
          1.7403701394135631e-02, 5.3463345998697555e-04,
          1.0731207337806295e-03, 1.8031111568739327e-03,
          2.1075311443139988e-03, -8.7125495288877474e-04,
          2.1646140442127352e-05, -4.4503315846059990e-04,
          1.3266552866254590e-03, 5.3463345998697555e-04,
          2.2219859918930023e-03 ]
   - !!opencv-matrix
      rows: 9
      cols: 9
      dt: d
      data: [ 1.1039125425164219e-01, 1.3484647953760882e-02,
          -4.0139438279236009e-02, 1.8889132004451744e-02,
          9.6597550907034854e-03, 1.3995607029827307e-02,
          2.0248524825879768e-02, -1.1099090036344478e-03,
          -1.3202200419460660e-03, 1.3484647953760880e-02,
          1.4476543688050696e-02, -7.1483714244945070e-03,
          7.7301246063353670e-03, 3.1418913420207988e-03,
          4.7492577322996920e-03, 7.3611425207305362e-03,
          4.7205977467742976e-05, -4.4544719793656635e-04,
          -4.0139438279236009e-02, -7.1483714244945070e-03,
          3.6352283682349870e-02, -1.0936678855845103e-02,
          -7.3172521199041602e-03, -8.9551587451867989e-03,
          -1.1015805715622317e-02, 9.4362780001793129e-04,
          -7.2695463499837791e-04, 1.8889132004451744e-02,
          7.7301246063353670e-03, -1.0936678855845110e-02,
          2.6921079403815648e-02, 3.3634486636119816e-03,
          4.7482649788290728e-03, 1.2792490716839300e-02,
          3.9697049299580712e-04, 6.0341117910953904e-04,
          9.6597550907034854e-03, 3.1418913420207997e-03,
          -7.3172521199041619e-03, 3.3634486636119807e-03,
          2.5895468063261613e-02, -2.0251487327704458e-04,
          3.2611108786192405e-03, -3.7140445547414812e-03,
          -5.4409732521959442e-04, 1.3995607029827309e-02,
          4.7492577322996920e-03, -8.9551587451868007e-03,
          4.7482649788290728e-03, -2.0251487327704418e-04,
          1.5255589149696576e-02, 4.8769214852986019e-03,
          -6.4262348526395742e-04, -9.6155839414286553e-04,
          2.0248524825879768e-02, 7.3611425207305362e-03,
          -1.1015805715622320e-02, 1.2792490716839300e-02,
          3.2611108786192401e-03, 4.8769214852986019e-03,
          1.6333430329913707e-02, 3.4620206372753479e-04,
          3.5509707100774882e-03, -1.1099090036344474e-03,
          4.7205977467742699e-05, 9.4362780001793183e-04,
          3.9697049299580706e-04, -3.7140445547414803e-03,
          -6.4262348526395764e-04, 3.4620206372753501e-04,
          9.5288230859713399e-02, 1.7980204526600486e-03,
          -1.3202200419460668e-03, -4.4544719793656619e-04,
          -7.2695463499837791e-04, 6.0341117910953914e-04,
          -5.4409732521959453e-04, -9.6155839414286608e-04,
          3.5509707100774882e-03, 1.7980204526600486e-03,
          3.4243146081272859e-02 ]
   - !!opencv-matrix
      rows: 9
      cols: 9
      dt: d
      data: [ 7.0556630965784717e-01, 5.2215688600206289e-01,
          -5.9526098754563272e-02, 9.8999568935739232e-02,
          9.5078077701320929e-02, 5.3058718735853175e-02,
          1.1653828899327212e-01, -3.1896655029006096e-03,
          3.2337554695650427e-03, 5.2215688600206289e-01,
          8.7105266355132693e-01, -9.1691446167220941e-02,
          1.6166959719132903e-01, 2.2571836446098242e-01,
          6.8968232047690758e-02, 2.1914995014487421e-01,
          -3.2766172226788635e-03, 9.0798486062451545e-03,
          -5.9526098754563272e-02, -9.1691446167220927e-02,
          3.6507927356406976e-02, -2.2962502274056010e-02,
          -4.0209626594549942e-02, -1.5064364135767391e-02,
          -3.7656667382247787e-02, 2.8692723979845259e-03,
          -5.4387930246191829e-04, 9.8999568935739232e-02,
          1.6166959719132903e-01, -2.2962502274056010e-02,
          4.9276285522517865e-02, 4.9230207101444608e-02,
          1.4699054153153077e-02, 4.9986859910723130e-02,
          -9.1472476327542334e-04, -5.3151483490261034e-04,
          9.5078077701320929e-02, 2.2571836446098237e-01,
          -4.0209626594549942e-02, 4.9230207101444601e-02,
          2.1453377474689439e-01, 1.7265933374480350e-02,
          1.0945384931092236e-01, -1.5303274069502456e-03,
