%YAML:1.0
---
groups:
   - intact
   - CD19
   - blast
intactGmmnames:
   - "intact.814.0"
   - "intact.814.1"
   - "intact.814.2"
   - "intact.814.3"
   - "intact.814.4"
intactLabels:
   - FSC-A
   - SSC-A
   - SY41
   - CD19
   - CD10
   - CD20
   - CD45
   - CD34
   - CD38
intactMu: !!opencv-matrix
   rows: 5
   cols: 9
   dt: d
   data: [ 2.5621377735830748e+00, 2.3217134460275726e+00,
       2.1167762483055466e+00, 1.5347336503426998e+00,
       1.4956867438168018e+00, 9.3020892814350620e-01,
       2.2943372007961989e+00, 1.1201178397331202e+00,
       1.5562032476141059e+00, 1.0393462560513280e+00,
       4.1529966093553844e-01, 2.4130001416107092e+00,
       1.6014653404508901e+00, 8.8618186167483304e-01,
       8.1397875698100153e-01, 3.4032741643552940e+00,
       1.0847136499118879e+00, 2.1585285036854240e+00,
       2.5047749414032086e+00, 2.9037390783369221e+00,
       2.4116942052441384e+00, 1.6948481535858326e+00,
       2.3225760821429713e+00, 9.4243095272372690e-01,
       2.8365257300473128e+00, 1.1271996956341250e+00,
       1.6668370255972877e+00, 8.7618689002555450e-01,
       4.2163876340151851e-01, 2.5506122568908456e+00,
       1.1676024311051798e+00, 9.5255192060931160e-01,
       8.6606216119797130e-01, 1.2617414284790442e+00,
       1.0920920104030145e+00, 1.3475142822095116e+00,
       1.9232933713538609e+00, 1.4758287660152569e+00,
       2.4461893201374063e+00, 1.7167544497100988e+00,
       1.5991160329426504e+00, 1.4138449113608129e+00,
       2.7009330442754833e+00, 1.3315119724753086e+00,
       2.2359588149070286e+00 ]
intactSigma:
   - !!opencv-matrix
      rows: 9
      cols: 9
      dt: d
      data: [ 8.6760653870696569e-01, 2.4366744085824596e-01,
          9.4309816800929272e-02, 4.4367913365300819e-02,
          -1.3768198461082523e-01, 3.1237447806654474e-02,
          1.1742763453811644e-01, 5.8917716601056902e-03,
          9.5356310334497624e-02, 2.4366744085824604e-01,
          4.2911923408137542e-01, 3.0485113657714707e-02,
          6.9708116649929056e-02, 5.6741822800825438e-02,
          3.0550249541485476e-02, 8.7082363929069234e-02,
          -5.3910872435613726e-03, 2.7040106294223824e-02,
          9.4309816800929300e-02, 3.0485113657714707e-02,
          7.4567001868383054e-02, 7.2425095316619925e-03,
          -4.9948562157655876e-02, -7.8587231072925294e-04,
          5.0295174243947187e-02, -5.1791934622130399e-03,
          3.8642366971519751e-02, 4.4367913365300826e-02,
          6.9708116649929069e-02, 7.2425095316619951e-03,
          2.6629209011883946e-02, 1.0552163171585433e-02,
          5.6986814695556475e-03, 2.1398054612956834e-02,
          -5.0993356396731747e-04, 2.7277691325230447e-03,
          -1.3768198461082523e-01, 5.6741822800825431e-02,
          -4.9948562157655876e-02, 1.0552163171585431e-02,
          2.1052298889890900e-01, -2.9393243519947276e-04,
          -5.1768555472225496e-03, -4.7173908684336567e-03,
          -4.0616114757056739e-02, 3.1237447806654481e-02,
          3.0550249541485480e-02, -7.8587231072925359e-04,
          5.6986814695556484e-03, -2.9393243519947217e-04,
          4.4248200837416748e-02, 7.0119631203456696e-03,
          3.4966221801471815e-03, 3.9866713951218786e-03,
          1.1742763453811644e-01, 8.7082363929069206e-02,
          5.0295174243947187e-02, 2.1398054612956834e-02,
          -5.1768555472225470e-03, 7.0119631203456705e-03,
          1.3338385586532286e-01, 2.2523371658637581e-03,
          4.8491297927971154e-02, 5.8917716601056902e-03,
          -5.3910872435613674e-03, -5.1791934622130407e-03,
          -5.0993356396731747e-04, -4.7173908684336567e-03,
          3.4966221801471832e-03, 2.2523371658637573e-03,
          4.2943879907356708e-02, 2.4372395449473120e-03,
          9.5356310334497624e-02, 2.7040106294223824e-02,
          3.8642366971519751e-02, 2.7277691325230439e-03,
          -4.0616114757056732e-02, 3.9866713951218777e-03,
          4.8491297927971154e-02, 2.4372395449473120e-03,
          5.9682534542628576e-02 ]
   - !!opencv-matrix
      rows: 9
      cols: 9
      dt: d
      data: [ 2.5733657738107485e-01, 4.6088067143359064e-02,
          -7.6755076809852926e-02, 4.5159268233485747e-02,
          5.6068805887163091e-03, 1.3203613189352077e-02,
          4.1704701489108140e-02, -2.5534608933497930e-03,
          1.4335708953994417e-01, 4.6088067143359071e-02,
          2.3080899577836496e-02, -1.6722048106194733e-02,
          1.4204907807960260e-02, 3.6165843795452801e-03,
          6.6944419924000863e-03, 1.3354392678856171e-02,
          1.5501352585674317e-04, 4.8019406341980667e-02,
          -7.6755076809852926e-02, -1.6722048106194733e-02,
          4.2174387809070631e-02, -1.7623000348739246e-02,
          -2.6347471558747786e-03, -4.0701555778981519e-03,
          -1.6968095002038688e-02, 1.2626101689811526e-03,
          -5.1673675467947558e-02, 4.5159268233485761e-02,
          1.4204907807960260e-02, -1.7623000348739253e-02,
          3.5793200387313109e-02, 3.5070313478707711e-03,
          7.4854645013753014e-03, 1.9236740899330189e-02,
          4.1485808693999312e-06, 2.8548822057106751e-02,
          5.6068805887163082e-03, 3.6165843795452801e-03,
          -2.6347471558747799e-03, 3.5070313478707711e-03,
          3.4650308818957233e-02, -1.8169654742801998e-03,
          2.9293836691763539e-03, -3.9378864585881664e-03,
          1.9792283275730073e-03, 1.3203613189352077e-02,
          6.6944419924000872e-03, -4.0701555778981519e-03,
          7.4854645013753014e-03, -1.8169654742802004e-03,
          4.4160239610193004e-02, 7.1089757788846417e-03,
          -2.0195378433586706e-04, 1.9938406741141852e-03,
          4.1704701489108133e-02, 1.3354392678856171e-02,
          -1.6968095002038691e-02, 1.9236740899330192e-02,
          2.9293836691763548e-03, 7.1089757788846417e-03,
          2.1236109969804986e-02, 2.6097674560360485e-04,
          2.9200743144430628e-02, -2.5534608933497935e-03,
          1.5501352585674372e-04, 1.2626101689811532e-03,
          4.1485808693998372e-06, -3.9378864585881647e-03,
          -2.0195378433586716e-04, 2.6097674560360468e-04,
          1.0538153599806925e-01, 4.6987673372166855e-03,
          1.4335708953994414e-01, 4.8019406341980667e-02,
          -5.1673675467947558e-02, 2.8548822057106751e-02,
          1.9792283275730069e-03, 1.9938406741141852e-03,
          2.9200743144430628e-02, 4.6987673372166855e-03,
          2.5570143707211179e-01 ]
   - !!opencv-matrix
      rows: 9
      cols: 9
      dt: d
      data: [ 6.3870859520517331e-01, 2.5849424133450150e-01,
          -1.6069428552100251e-02, 4.6441081592961043e-02,
          2.4645676926044975e-02, 4.2808987072277954e-02,
          4.8388816644442945e-02, 1.5377140523762740e-03,
          3.0158082255957536e-02, 2.5849424133450150e-01,
          3.9367231534572272e-01, -2.0320316135663933e-02,
          6.5465678040401820e-02, 4.5765126894418313e-02,
          4.5033144226349096e-02, 7.0168248208918968e-02,
          2.4235474188786846e-03, 3.8940966485167212e-02,
          -1.6069428552100251e-02, -2.0320316135663933e-02,
          1.7076185605057449e-02, -6.2225641150010381e-03,
          -1.3899730151603014e-02, -1.9152581326094312e-03,
          -1.6771853784483166e-02, 7.8867407777106590e-04,
          -6.9694727362757617e-03, 4.6441081592961043e-02,
          6.5465678040401820e-02, -6.2225641150010363e-03,
          3.0811877384894361e-02, 1.8480388557675937e-02,
          1.1063064911565409e-02, 2.5693745453240813e-02,
          6.7516842472511594e-04, 5.3664904223559729e-03,
          2.4645676926044975e-02, 4.5765126894418307e-02,
          -1.3899730151603014e-02, 1.8480388557675937e-02,
          1.0498505136806711e-01, 1.4180602747388409e-02,
          5.0989462692709736e-02, -4.4847831801437068e-04,
