%YAML:1.0
---
groups:
   - intact
   - CD19
   - blast
intactGmmnames:
   - "intact.Bln061.0"
   - "intact.Bln061.1"
   - "intact.Bln061.2"
   - "intact.Bln061.3"
   - "intact.Bln061.4"
intactLabels:
   - FSC-A
   - SSC-A
   - SY41
   - CD19
   - CD10
   - CD20
   - CD45
   - CD34
   - CD38
   - CD58
intactMu: !!opencv-matrix
   rows: 5
   cols: 10
   dt: d
   data: [ 2.1441571469328906e+00, 1.5484615972557192e+00,
       2.5771026658681038e+00, 9.9773866414273893e-01,
       1.4680550644344714e+00, 1.2431392383168438e+00,
       2.0825412971514319e+00, 1.3214798921068165e+00,
       2.6093842086723011e+00, 1.9785246541186441e+00,
       1.0571670180693171e+00, 3.2899914841312206e-01,
       2.4107826567670414e+00, 7.1143775010256571e-01,
       8.5258098229809498e-01, 9.7994423826389077e-01,
       2.3739457746912929e+00, 9.6048273143510954e-01,
       1.9992186937790910e+00, 1.5902081245458282e+00,
       2.4575498889228289e+00, 2.5368733346747745e+00,
       2.5278767741849753e+00, 1.1216484312353121e+00,
       2.5657027368978929e+00, 1.1188335288728650e+00,
       2.1845893396408891e+00, 1.2295473582383454e+00,
       2.3530718642259658e+00, 2.1708437155738207e+00,
       1.0380332992476906e+00, 4.4590764992146353e-01,
       2.6268125967748670e+00, 7.2675325435385940e-01,
       8.1674881583532621e-01, 1.0108273927333258e+00,
       1.0665937947170583e+00, 1.1459803353987463e+00,
       2.2763899252117326e+00, 2.2697504206850470e+00,
       6.8927389839371189e-01, 2.5288881620764442e-01,
       2.5894664929269369e+00, 7.3745976214427111e-01,
       8.8763407479856304e-01, 9.7529165791201267e-01,
       2.4001097566940750e+00, 9.9396506669314133e-01,
       2.1947255040024300e+00, 1.2346261640931127e+00 ]
intactSigma:
   - !!opencv-matrix
      rows: 10
      cols: 10
      dt: d
      data: [ 9.0451911617059677e-01, 6.0157347277958295e-01,
          4.0432881892797728e-02, 8.8661747774858954e-02,
          1.1523143124082701e-01, 5.4583186763137066e-02,
          5.3184209526331606e-02, 1.1295947603935518e-01,
          1.1601609452425245e-01, 2.1171161545084796e-01,
          6.0157347277958284e-01, 8.6835981839856380e-01,
          8.5942165032785300e-03, 8.8694647822817399e-02,
          2.0917070235121138e-01, 4.3619942025436710e-02,
          -1.7832755104841285e-03, 7.5263865747966438e-02,
          8.2862287824846961e-02, 1.8919338595694019e-01,
          4.0432881892797728e-02, 8.5942165032785317e-03,
          7.9971475450608120e-02, 1.2617770101389359e-02,
          1.6828106570518538e-03, 1.3080912864414431e-02,
          3.4078559295117494e-02, 1.8750356105488666e-02,
          1.7588362203869549e-02, 1.2144728351038922e-02,
          8.8661747774858954e-02, 8.8694647822817385e-02,
          1.2617770101389359e-02, 2.1696640049668611e-01,
          8.6444916734190663e-02, 1.2652589113776078e-01,
          3.9647491774145067e-02, 5.3481768362000061e-02,
          3.8687669940760540e-02, 3.7982157638548231e-02,
          1.1523143124082701e-01, 2.0917070235121135e-01,
          1.6828106570518533e-03, 8.6444916734190635e-02,
          3.4444665258953683e-01, 3.9609748700691047e-02,
          2.9387646833889385e-02, 2.5664458338097221e-02,
          -9.0829380068689777e-02, 1.9281113692056334e-03,
          5.4583186763137066e-02, 4.3619942025436710e-02,
          1.3080912864414431e-02, 1.2652589113776078e-01,
          3.9609748700691047e-02, 1.8067064557422902e-01,
          3.5030689420428925e-02, 5.8678052717528684e-02,
          6.0373530716172852e-02, 2.6557212262913927e-02,
          5.3184209526331606e-02, -1.7832755104841256e-03,
          3.4078559295117487e-02, 3.9647491774145067e-02,
          2.9387646833889385e-02, 3.5030689420428925e-02,
          2.6025677717354029e-01, 2.3028517243187142e-02,
          1.2317254119974601e-01, 4.7815213741008847e-02,
          1.1295947603935519e-01, 7.5263865747966452e-02,
          1.8750356105488666e-02, 5.3481768362000061e-02,
          2.5664458338097221e-02, 5.8678052717528684e-02,
          2.3028517243187142e-02, 1.1692671961996287e-01,
          8.1675348933098788e-02, 7.3394195800788264e-02,
          1.1601609452425245e-01, 8.2862287824846920e-02,
          1.7588362203869549e-02, 3.8687669940760540e-02,
          -9.0829380068689777e-02, 6.0373530716172845e-02,
          1.2317254119974601e-01, 8.1675348933098788e-02,
          4.7445787475155171e-01, 1.6971978158861137e-01,
          2.1171161545084796e-01, 1.8919338595694021e-01,
          1.2144728351038929e-02, 3.7982157638548231e-02,
          1.9281113692056367e-03, 2.6557212262913927e-02,
          4.7815213741008847e-02, 7.3394195800788278e-02,
          1.6971978158861137e-01, 1.8368967771405253e-01 ]
   - !!opencv-matrix
      rows: 10
      cols: 10
      dt: d
      data: [ 8.1064110466017816e-02, 6.4415314787742289e-03,
          -4.4663891867978969e-03, -1.2909583103493099e-03,
          -5.2864290178474211e-03, -1.5022203509150131e-03,
          4.5897086437759515e-03, -1.9588187608779741e-03,
          -1.8836881131138051e-03, 3.3443344110507381e-02,
          6.4415314787742281e-03, 8.2025286523962765e-03,
          2.3185828351235042e-03, 1.1556284604702202e-03,
          -3.2076065465543442e-04, 4.2755441196374569e-04,
          5.7294214145891323e-03, 1.3405817461756740e-03,
          9.3841550325812761e-03, 1.9710194771408254e-02,
          -4.4663891867978952e-03, 2.3185828351235038e-03,
          1.9099554184279038e-02, 1.6979661716983541e-03,
          2.3686130851373762e-03, 1.3008702529268125e-03,
          5.3753208847627009e-03, 2.7554746990362203e-03,
          4.4227785312247097e-03, 7.0848906847853742e-03,
          -1.2909583103493099e-03, 1.1556284604702202e-03,
          1.6979661716983541e-03, 4.0681349028453495e-02,
          1.0548293619518465e-03, -2.1882544430900112e-04,
          1.3540308116633878e-03, -8.8471696693515295e-04,
          -1.7006551539112077e-03, 1.1110474900093326e-03,
          -5.2864290178474219e-03, -3.2076065465543431e-04,
          2.3686130851373762e-03, 1.0548293619518465e-03,
          1.7706500735163208e-02, 4.3010761920762609e-04,
          2.3253873994093718e-03, -1.1042981384152881e-04,
          -2.8162515363603150e-04, -1.6904778516908660e-02,
          -1.5022203509150131e-03, 4.2755441196374553e-04,
          1.3008702529268125e-03, -2.1882544430900083e-04,
          4.3010761920762587e-04, 7.7536339819749105e-03,
          5.5073932460212509e-04, 3.9820675664316378e-04,
          5.4079651618564872e-03, 2.3900854049675860e-04,
          4.5897086437759523e-03, 5.7294214145891323e-03,
          5.3753208847627017e-03, 1.3540308116633880e-03,
          2.3253873994093718e-03, 5.5073932460212509e-04,
          1.9966196376556302e-02, 1.4206681517689951e-03,
          1.0858330607881697e-02, 1.5220744106348067e-02,
          -1.9588187608779741e-03, 1.3405817461756742e-03,
          2.7554746990362203e-03, -8.8471696693515317e-04,
          -1.1042981384152887e-04, 3.9820675664316367e-04,
          1.4206681517689951e-03, 3.5704212427989032e-03,
          2.4929747681533632e-03, 5.8478460010705597e-03,
          -1.8836881131138036e-03, 9.3841550325812744e-03,
          4.4227785312247114e-03, -1.7006551539112070e-03,
          -2.8162515363603150e-04, 5.4079651618564890e-03,
          1.0858330607881696e-02, 2.4929747681533641e-03,
          5.8459687845459807e-01, -9.1841770775722802e-03,
          3.3443344110507381e-02, 1.9710194771408254e-02,
          7.0848906847853742e-03, 1.1110474900093319e-03,
          -1.6904778516908660e-02, 2.3900854049675870e-04,
          1.5220744106348067e-02, 5.8478460010705606e-03,
          -9.1841770775722784e-03, 1.5248789986234340e-01 ]
   - !!opencv-matrix
      rows: 10
      cols: 10
      dt: d
