%YAML:1.0
---
groups:
   - intact
   - CD19
intactGmmnames:
   - "intact.Bln087.0"
   - "intact.Bln087.1"
   - "intact.Bln087.2"
   - "intact.Bln087.3"
   - "intact.Bln087.4"
intactLabels:
   - FSC-A
   - SSC-A
   - SY41
   - CD19
   - CD10
   - CD20
   - CD45
   - CD34
   - CD38
   - CD58
intactMu: !!opencv-matrix
   rows: 5
   cols: 10
   dt: d
   data: [ 1.0130972904745568e+00, 2.1436115686999313e-01,
       1.7421363760775732e+00, 7.5339601053508798e-01,
       8.8180092579781355e-01, 9.8934715018144470e-01,
       2.4072296845028918e+00, 9.5486557085499635e-01,
       2.5907082038174325e+00, 9.0632719900961145e-01,
       2.9437841045117215e+00, 2.7772659965232149e+00,
       2.1453506795220401e+00, 9.2375062400973140e-01,
       2.2474373645378649e+00, 1.1006071891326903e+00,
       1.9191640154393068e+00, 1.1905696287401413e+00,
       2.5198760005468088e+00, 2.2332683401102122e+00,
       1.2145343946049372e+00, 3.2184187946245374e-01,
       1.6262269620073107e+00, 7.5093371563312972e-01,
       8.6727604123567448e-01, 9.9701798985783086e-01,
       2.4994148369431106e+00, 9.5698856735835225e-01,
       2.1477547800586714e+00, 1.3805985188015122e+00,
       1.0054111039871609e+00, 4.4466012270983230e-01,
       2.2083528531909211e+00, 7.3107630729869222e-01,
       7.5893228672076107e-01, 1.0119247287330781e+00,
       9.9447217706485791e-01, 1.1736582272731360e+00,
       1.6068356024891430e+00, 2.3698419110373807e+00,
       2.3250250967531287e+00, 1.2682060902742958e+00,
       1.9091150082334687e+00, 9.9982276684540861e-01,
       1.4383498542175688e+00, 1.2960706596236344e+00,
       2.2611467998480288e+00, 1.2696765197535747e+00,
       2.5347411492879530e+00, 1.8078043607371350e+00 ]
intactSigma:
   - !!opencv-matrix
      rows: 10
      cols: 10
      dt: d
      data: [ 4.2971034936472169e-02, 2.2149277250975391e-03,
          -2.5839167832724549e-02, -4.1002321959679634e-04,
          8.4636093299425617e-04, -7.1124858961918208e-04,
          5.5826950253222464e-03, -3.1536458922835019e-03,
          -6.4216559127112790e-03, -2.0032297182150829e-04,
          2.2149277250975391e-03, 1.6915653854976671e-03,
          -2.4005964674070337e-03, 4.5463279922202472e-04,
          5.3974537427518095e-04, 1.0620866646042599e-04,
          2.1212546705730636e-03, 1.0680258453275274e-04,
          -2.8460716422275276e-03, 9.8196305979473967e-04,
          -2.5839167832724549e-02, -2.4005964674070337e-03,
          4.7008896506583138e-02, 1.4321156798478242e-03,
          5.7116317235792641e-05, 1.5760361853665087e-03,
          -1.1715497104065470e-03, 4.3814831340852562e-03,
          8.0985431499129394e-03, 2.1472620832581695e-03,
          -4.1002321959679580e-04, 4.5463279922202478e-04,
          1.4321156798478237e-03, 4.5990930062308547e-02,
          -4.6474677523149125e-05, 4.0229477998808788e-04,
          1.1166743515199542e-03, -1.1594380181389420e-03,
          4.4841707428476822e-04, 6.2991708642677765e-04,
          8.4636093299425617e-04, 5.3974537427518095e-04,
          5.7116317235792729e-05, -4.6474677523149084e-05,
          5.1428580881134195e-03, 1.5766489145105893e-04,
          1.7915958324831636e-03, 1.2408904259383488e-05,
          -1.4556452647092376e-03, -2.7975440026107727e-04,
          -7.1124858961918208e-04, 1.0620866646042600e-04,
          1.5760361853665084e-03, 4.0229477998808766e-04,
          1.5766489145105890e-04, 1.0401118583098508e-02,
          4.3581452064255947e-04, 2.6249636851929795e-04,
          3.6334853462477571e-03, 2.1252540872313639e-04,
          5.5826950253222464e-03, 2.1212546705730636e-03,
          -1.1715497104065468e-03, 1.1166743515199544e-03,
          1.7915958324831633e-03, 4.3581452064255936e-04,
          1.1490009623787953e-02, 4.3822531428974352e-04,
          -2.5279222396971759e-03, 7.8234236076891572e-04,
          -3.1536458922835019e-03, 1.0680258453275274e-04,
          4.3814831340852562e-03, -1.1594380181389422e-03,
          1.2408904259383513e-05, 2.6249636851929801e-04,
          4.3822531428974368e-04, 3.3268750364083962e-03,
          1.1081453462675648e-03, 6.5889907908154373e-04,
          -6.4216559127112825e-03, -2.8460716422275285e-03,
          8.0985431499129377e-03, 4.4841707428476963e-04,
          -1.4556452647092376e-03, 3.6334853462477567e-03,
          -2.5279222396971759e-03, 1.1081453462675648e-03,
          1.3845587301471435e-01, -1.7671993505880268e-03,
          -2.0032297182150834e-04, 9.8196305979473967e-04,
          2.1472620832581695e-03, 6.2991708642677754e-04,
          -2.7975440026107733e-04, 2.1252540872313639e-04,
          7.8234236076891572e-04, 6.5889907908154395e-04,
          -1.7671993505880268e-03, 6.8708575437761085e-03 ]
   - !!opencv-matrix
      rows: 10
      cols: 10
      dt: d
      data: [ 4.2664944575272074e-01, 2.0097151548399161e-01,
          -1.7319676280707991e-02, 4.6097037342826856e-04,
          -6.3242454236776208e-03, 8.4187250688018272e-03,
          5.9999918708214658e-04, 1.0697036199988146e-02,
          2.5516162823434659e-02, 8.8004463149525397e-03,
          2.0097151548399161e-01, 4.2485412639181536e-01,
          -1.5772569959228645e-02, 2.5918440440628618e-02,
          7.8239498138209740e-02, 1.8272574883256867e-02,
          3.3015139664350449e-02, 3.8236877404933180e-02,
          6.2110286917614152e-02, 4.1745888631021397e-02,
          -1.7319676280707987e-02, -1.5772569959228648e-02,
          2.5735540501855361e-02, 3.2643177678026527e-03,
          1.2402348707968758e-03, 2.7751292946238113e-03,
          1.7729628795830273e-04, 4.1325495183709132e-03,
          3.4886197080723248e-03, 5.3131826935220068e-03,
          4.6097037342826856e-04, 2.5918440440628625e-02,
          3.2643177678026540e-03, 8.7071226048393929e-02,
          2.8147214591449383e-02, 1.5159530522315002e-03,
          1.0495602350565764e-02, 2.4037639248526894e-03,
          8.3995762005883868e-03, 7.4738442993218246e-03,
          -6.3242454236776156e-03, 7.8239498138209740e-02,
          1.2402348707968762e-03, 2.8147214591449383e-02,
          1.5475653173775944e-01, 6.2183926905862580e-03,
          3.3121707893519529e-02, 2.1386234434505862e-02,
          1.6755138354947262e-02, 1.7328145389718479e-02,
          8.4187250688018272e-03, 1.8272574883256867e-02,
          2.7751292946238118e-03, 1.5159530522314997e-03,
          6.2183926905862580e-03, 1.2045469884437254e-02,
          3.4688521623121135e-03, 4.8779688879923939e-03,
          5.1631433593063098e-03, 4.6972618341418167e-03,
          5.9999918708214723e-04, 3.3015139664350449e-02,
          1.7729628795830278e-04, 1.0495602350565764e-02,
          3.3121707893519522e-02, 3.4688521623121135e-03,
          2.4526958612876886e-02, 9.2289348252531014e-03,
          7.6744710753124980e-03, 8.0399660919703800e-03,
          1.0697036199988146e-02, 3.8236877404933180e-02,
          4.1325495183709123e-03, 2.4037639248526881e-03,
          2.1386234434505862e-02, 4.8779688879923939e-03,
          9.2289348252531031e-03, 2.2366862041006304e-02,
          1.0744812104899078e-02, 1.0749529003703922e-02,
          2.5516162823434652e-02, 6.2110286917614152e-02,
          3.4886197080723235e-03, 8.3995762005883851e-03,
          1.6755138354947262e-02, 5.1631433593063089e-03,
          7.6744710753124997e-03, 1.0744812104899082e-02,
          4.1314586741005348e-02, 1.7365777702207118e-02,
          8.8004463149525397e-03, 4.1745888631021404e-02,
          5.3131826935220068e-03, 7.4738442993218263e-03,
          1.7328145389718479e-02, 4.6972618341418150e-03,
          8.0399660919703783e-03, 1.0749529003703922e-02,
          1.7365777702207118e-02, 2.2133899551259002e-02 ]
   - !!opencv-matrix
      rows: 10
      cols: 10
      dt: d
