%YAML:1.0
---
groups:
   - intact
   - CD19
   - blast
intactGmmnames:
   - "intact.Bln033.0"
   - "intact.Bln033.1"
   - "intact.Bln033.2"
   - "intact.Bln033.3"
   - "intact.Bln033.4"
intactLabels:
   - FSC-A
   - SSC-A
   - SY41
   - CD19
   - CD10
   - CD20
   - CD45
   - CD34
   - CD38
   - CD58
intactMu: !!opencv-matrix
   rows: 5
   cols: 10
   dt: d
   data: [ 1.1768657100114432e+00, 3.2181358466176735e-01,
       3.0622578358874089e+00, 6.5836443082772333e-01,
       1.0661345567987657e+00, 9.6950891678073803e-01,
       2.2318380724852931e+00, 8.6735953375049379e-01,
       1.9139223530799012e+00, 1.6023811329389543e+00,
       2.9668718107547125e+00, 2.4821484977198973e+00,
       3.1880792093681372e+00, 1.0542411760834198e+00,
       2.0733471212939385e+00, 1.2580692471390005e+00,
       1.9734846970170365e+00, 1.4909798525514526e+00,
       2.5057186501629825e+00, 2.2478575961254865e+00,
       9.4918577971671503e-01, 2.4711004750790314e-01,
       3.3072851617900807e+00, 6.9101623621492470e-01,
       1.0821688767039370e+00, 9.8671966722894888e-01,
       2.2643984293034509e+00, 9.3135230678679215e-01,
       2.5850911665722505e+00, 1.2282481703218504e+00,
       1.3725505536053186e+00, 4.5828405501883240e-01,
       3.4120761574033462e+00, 7.3189612939992410e-01,
       1.2061768744142984e+00, 1.0271861047210509e+00,
       1.7023190231194012e+00, 1.1720320063844336e+00,
       2.1127491436803822e+00, 2.0854116803897096e+00,
       1.3550462414788185e+00, 5.0992944045130395e-01,
       3.0556574569387558e+00, 6.5931950859426014e-01,
       1.0475379088956576e+00, 1.0681812299388298e+00,
       2.3833118265871067e+00, 1.0260084115258290e+00,
       3.5830238865614819e+00, 1.9026264227271985e+00 ]
intactSigma:
   - !!opencv-matrix
      rows: 10
      cols: 10
      dt: d
      data: [ 8.3533313144176849e-02, 4.9299371563537127e-03,
          4.9452289120069490e-04, 8.0511066807826986e-05,
          1.1402653108859920e-03, -1.1368799272782278e-04,
          1.1757963252165800e-02, -2.3393423057053203e-03,
          -1.0746579992802855e-02, 1.2103702281571333e-02,
          4.9299371563537127e-03, 8.8540735527991941e-03,
          3.2459359094037816e-03, 4.1064630275261006e-04,
          -8.3071991694405730e-04, 4.7560079412163781e-05,
          9.5683918471133472e-03, 1.6928768885563447e-03,
          -4.0530995210102776e-03, 2.6514375644888108e-02,
          4.9452289120069522e-04, 3.2459359094037816e-03,
          3.5927464848520850e-02, 1.7536926310995093e-03,
          1.5962768598901781e-03, 9.1669086872001601e-04,
          1.7995062401870637e-02, 1.0257942494366415e-02,
          -2.1252141036128006e-02, 3.0092999895394660e-02,
          8.0511066807826932e-05, 4.1064630275261012e-04,
          1.7536926310995082e-03, 3.6231406241789867e-02,
          4.0012157608347148e-04, -4.1078984064477455e-04,
          8.2688847096245232e-04, -2.9657688920673624e-03,
          -2.2437106611559385e-03, 1.3590684076212814e-04,
          1.1402653108859913e-03, -8.3071991694405741e-04,
          1.5962768598901779e-03, 4.0012157608347143e-04,
          3.2014301992636801e-03, 1.1233393597983308e-04,
          1.0131171272477330e-03, 5.2562199116482490e-04,
          -8.5355519185768922e-04, -7.5401713164532005e-03,
          -1.1368799272782280e-04, 4.7560079412163808e-05,
          9.1669086872001612e-04, -4.1078984064477439e-04,
          1.1233393597983306e-04, 4.8329337399742045e-03,
          -1.2883237878039522e-05, 2.4890182757692826e-04,
          -7.2091652570746567e-03, 5.9735739420370578e-04,
          1.1757963252165800e-02, 9.5683918471133472e-03,
          1.7995062401870633e-02, 8.2688847096245243e-04,
          1.0131171272477332e-03, -1.2883237878039503e-05,
          4.8397286947843461e-02, 6.6800655348930073e-03,
          8.1829454582360173e-03, 4.2150898298677492e-02,
          -2.3393423057053203e-03, 1.6928768885563442e-03,
          1.0257942494366415e-02, -2.9657688920673624e-03,
          5.2562199116482479e-04, 2.4890182757692815e-04,
          6.6800655348930073e-03, 1.7444970199617837e-02,
          1.6356547379152536e-04, 1.7620773010027038e-02,
          -1.0746579992802851e-02, -4.0530995210102776e-03,
          -2.1252141036128002e-02, -2.2437106611559411e-03,
          -8.5355519185768944e-04, -7.2091652570746585e-03,
          8.1829454582360139e-03, 1.6356547379152534e-04,
          4.7175024508161922e-01, -6.0789763794258815e-02,
          1.2103702281571331e-02, 2.6514375644888108e-02,
          3.0092999895394660e-02, 1.3590684076212855e-04,
          -7.5401713164532005e-03, 5.9735739420370556e-04,
          4.2150898298677485e-02, 1.7620773010027038e-02,
          -6.0789763794258808e-02, 1.9934821231139210e-01 ]
   - !!opencv-matrix
      rows: 10
      cols: 10
      dt: d
      data: [ 6.1277713620720387e-01, 5.1494733616042976e-01,
          -2.1846985285439411e-02, 2.9218863209075269e-02,
          1.9304306384941070e-01, -5.9054571696644700e-02,
          -2.4204814861275618e-02, 4.8753744665679291e-02,
          1.1670144199907357e-02, 8.4416574207777623e-02,
          5.1494733616042976e-01, 8.9273917739792852e-01,
          -5.2343509855016769e-02, 1.8826395398077435e-02,
          3.1735512658153192e-01, -1.1885894349467417e-01,
          -5.7206080279484220e-02, 1.0708116069842698e-02,
          -2.7969073003348690e-02, 9.9215397334780020e-02,
          -2.1846985285439411e-02, -5.2343509855016762e-02,
          5.9521533382521773e-02, 7.2361377515673909e-03,
          -2.6219515393734596e-02, 1.4227530562793340e-02,
          8.6491508911478270e-03, 2.2511889143773545e-02,
          3.5922934569645140e-02, 1.0471643549964235e-02,
          2.9218863209075272e-02, 1.8826395398077435e-02,
          7.2361377515673909e-03, 1.9800658189873144e-01,
          5.9486687023077869e-02, 7.5952096540644290e-02,
          3.6804668670513171e-02, 4.8709110014540098e-02,
          2.3876349536967274e-02, 1.9192347808536517e-02,
          1.9304306384941070e-01, 3.1735512658153192e-01,
          -2.6219515393734596e-02, 5.9486687023077869e-02,
          3.7499172981782675e-01, -4.9950023496531222e-02,
          -6.2255440879783967e-03, 3.5874265559354537e-02,
          -6.9321484899277377e-02, 4.2124845836543259e-02,
          -5.9054571696644700e-02, -1.1885894349467417e-01,
          1.4227530562793340e-02, 7.5952096540644290e-02,
          -4.9950023496531222e-02, 1.3672674388205147e-01,
          3.4947757754573497e-02, 4.6641161428019919e-02,
          3.8809243946409333e-02, -5.1331617081142502e-03,
          -2.4204814861275611e-02, -5.7206080279484220e-02,
          8.6491508911478270e-03, 3.6804668670513171e-02,
          -6.2255440879783967e-03, 3.4947757754573497e-02,
          7.9567277171368328e-02, 1.6699349652680519e-02,
          1.8755557270196191e-02, 8.6863296190518285e-03,
          4.8753744665679291e-02, 1.0708116069842698e-02,
          2.2511889143773545e-02, 4.8709110014540098e-02,
          3.5874265559354523e-02, 4.6641161428019919e-02,
          1.6699349652680513e-02, 1.2271395662217560e-01,
          9.4824553419767296e-02, 4.3070659946845391e-02,
          1.1670144199907348e-02, -2.7969073003348690e-02,
          3.5922934569645140e-02, 2.3876349536967274e-02,
          -6.9321484899277377e-02, 3.8809243946409333e-02,
          1.8755557270196191e-02, 9.4824553419767296e-02,
          3.0273155541454883e-01, 6.8669434056124537e-02,
          8.4416574207777623e-02, 9.9215397334780020e-02,
          1.0471643549964235e-02, 1.9192347808536517e-02,
          4.2124845836543259e-02, -5.1331617081142502e-03,
          8.6863296190518319e-03, 4.3070659946845391e-02,
          6.8669434056124537e-02, 7.9852503693228410e-02 ]
   - !!opencv-matrix
      rows: 10
      cols: 10
      dt: d
