%YAML:1.0
---
groups:
   - intact
   - CD19
   - blast
intactGmmnames:
   - "intact.Bln084.0"
   - "intact.Bln084.1"
   - "intact.Bln084.2"
   - "intact.Bln084.3"
   - "intact.Bln084.4"
intactLabels:
   - FSC-A
   - SSC-A
   - SY41
   - CD19
   - CD10
   - CD20
   - CD45
   - CD34
   - CD38
   - CD58
intactMu: !!opencv-matrix
   rows: 5
   cols: 10
   dt: d
   data: [ 2.3564104250174038e+00, 1.2440244339864168e+00,
       2.1594878580825645e+00, 1.1308305348920455e+00,
       1.3095593041590927e+00, 1.3702678112434394e+00,
       1.8947589106036535e+00, 1.4621102726604001e+00,
       2.5602235477774888e+00, 2.0913921984058903e+00,
       9.2124608029230592e-01, 2.2553894233516042e-01,
       2.1370621970687380e+00, 8.7583066561409451e-01,
       9.1334009983904119e-01, 9.9964130330706769e-01,
       2.4555755624476556e+00, 9.8818800622624536e-01,
       2.2756591908617367e+00, 9.6405961891464387e-01,
       1.2670398778367937e+00, 3.4085890342862729e-01,
       1.9999991240725814e+00, 8.8282813749714051e-01,
       9.5555457150249512e-01, 1.0343895369065816e+00,
       2.5855548869983016e+00, 9.9693632220838546e-01,
       1.9758103024517084e+00, 1.7896022528211588e+00,
       2.8728324355804871e+00, 2.5557661896348516e+00,
       2.2669206696163777e+00, 1.2849680530388834e+00,
       2.7908047081866991e+00, 1.3126747597416524e+00,
       2.3036849487929141e+00, 1.3785681146723803e+00,
       2.6072884064933244e+00, 2.2617330660286239e+00,
       9.0355678059704403e-01, 3.0502863850383050e-01,
       2.3848064827166491e+00, 8.3706190480772080e-01,
       8.8892625734470065e-01, 1.0070044835965455e+00,
       9.9962342727304065e-01, 1.1285259450657816e+00,
       1.4074753717071928e+00, 2.2307720984516122e+00 ]
intactSigma:
   - !!opencv-matrix
      rows: 10
      cols: 10
      dt: d
      data: [ 8.9343217819077025e-01, 5.0566649358172777e-01,
          5.0984090340909768e-02, 6.2424966066314626e-02,
          1.2672583001463011e-01, 5.6303866570888636e-02,
          9.0739630810393934e-02, 3.2026598326935100e-02,
          1.7914987985265282e-01, 1.2128846578902287e-01,
          5.0566649358172777e-01, 5.1517630922159507e-01,
          4.5042752736717193e-02, 4.8032843162689839e-02,
          1.5952765269249863e-01, 3.2898616627916308e-02,
          5.1292295256806973e-02, -1.2899585773615963e-02,
          1.5022269007793854e-01, 6.7443582154426723e-02,
          5.0984090340909782e-02, 4.5042752736717193e-02,
          1.4263775241424986e-01, -8.6165468993954497e-03,
          2.3730643068303778e-02, -1.1717972334036071e-02,
          -2.7316913317485564e-02, -2.9798532744655316e-02,
          -5.1024470379715517e-03, 2.4039973096931077e-02,
          6.2424966066314626e-02, 4.8032843162689839e-02,
          -8.6165468993954497e-03, 2.1735713109265534e-01,
          6.5998299160626078e-02, 1.4399045599040827e-01,
          4.2564707823202819e-02, 8.3186473871554881e-02,
          4.6846637312797652e-02, 3.5909348641704170e-02,
          1.2672583001463011e-01, 1.5952765269249863e-01,
          2.3730643068303778e-02, 6.5998299160626092e-02,
          2.1436881733311283e-01, 5.6297407614741578e-02,
          4.6814947861769929e-02, 9.2091719170806757e-03,
          5.4749388106981765e-03, 7.4050793683422041e-03,
          5.6303866570888643e-02, 3.2898616627916308e-02,
          -1.1717972334036075e-02, 1.4399045599040827e-01,
          5.6297407614741578e-02, 2.1883491792641679e-01,
          4.9269054286089062e-02, 1.0258186038291824e-01,
          4.5261354999930066e-02, 3.3531539408890990e-02,
          9.0739630810393906e-02, 5.1292295256806973e-02,
          -2.7316913317485564e-02, 4.2564707823202819e-02,
          4.6814947861769929e-02, 4.9269054286089062e-02,
          3.0757485413383495e-01, -1.6069742082388892e-02,
          1.1311860258845238e-01, 3.8460243470255879e-03,
          3.2026598326935100e-02, -1.2899585773615959e-02,
          -2.9798532744655312e-02, 8.3186473871554881e-02,
          9.2091719170806722e-03, 1.0258186038291824e-01,
          -1.6069742082388892e-02, 2.1805783555281191e-01,
          7.0039592295051828e-02, 1.0287129810722632e-01,
          1.7914987985265282e-01, 1.5022269007793854e-01,
          -5.1024470379715534e-03, 4.6846637312797652e-02,
          5.4749388106981765e-03, 4.5261354999930052e-02,
          1.1311860258845238e-01, 7.0039592295051828e-02,
          3.6489354664182172e-01, 9.5520266480114926e-02,
          1.2128846578902287e-01, 6.7443582154426737e-02,
          2.4039973096931077e-02, 3.5909348641704177e-02,
          7.4050793683422059e-03, 3.3531539408890990e-02,
          3.8460243470255918e-03, 1.0287129810722632e-01,
          9.5520266480114926e-02, 1.9747484381212804e-01 ]
   - !!opencv-matrix
      rows: 10
      cols: 10
      dt: d
      data: [ 5.9905391041656826e-02, 1.6396169391930688e-03,
          -4.4848016368561942e-02, -1.7754686685782569e-03,
          -1.0985214115065102e-03, -2.0251812549906319e-03,
          1.2354441916461389e-03, -6.6629456124136337e-03,
          8.9617654648188206e-03, -2.7675941984729182e-03,
          1.6396169391930690e-03, 2.1989447474490592e-03,
          -1.6790890851473719e-03, 7.5348546795006338e-04,
          8.7670307021553255e-04, 2.3301865388417617e-04,
          2.1127620913314795e-03, 5.4958661200936888e-04,
          -5.8992276242407441e-03, 1.9684515252613374e-03,
          -4.4848016368561949e-02, -1.6790890851473719e-03,
          7.5626088710236197e-02, 3.2119478950288116e-03,
          2.4094193314658468e-03, 2.9265972591280514e-03,
          6.2648810312463535e-03, 9.7003635280915011e-03,
          -3.6984885448403215e-03, 4.5641789625665355e-03,
          -1.7754686685782571e-03, 7.5348546795006338e-04,
          3.2119478950288108e-03, 5.5866387203941409e-02,
          1.2880865908874387e-04, -1.2096224304309396e-03,
          1.4900629617267645e-03, -8.6318696853635761e-04,
          -1.8957811264549986e-03, 1.4218205758511934e-03,
          -1.0985214115065099e-03, 8.7670307021553277e-04,
          2.4094193314658455e-03, 1.2880865908874393e-04,
          7.1859088142268972e-03, 3.8069999463388634e-04,
          2.1224202412081740e-03, 5.5376540521107727e-04,
          -1.5224965158615838e-03, 6.9834118385303805e-04,
          -2.0251812549906319e-03, 2.3301865388417604e-04,
          2.9265972591280506e-03, -1.2096224304309392e-03,
          3.8069999463388629e-04, 8.0784879322997570e-03,
          5.9728502984918240e-04, 6.1994308165245484e-04,
          -4.1796628231964800e-04, 5.2597393865050455e-04,
          1.2354441916461387e-03, 2.1127620913314795e-03,
          6.2648810312463544e-03, 1.4900629617267654e-03,
          2.1224202412081740e-03, 5.9728502984918261e-04,
          1.1726191579180591e-02, 1.6982165403835450e-03,
          7.4429702093745153e-03, 1.1885756395000975e-03,
          -6.6629456124136337e-03, 5.4958661200936909e-04,
          9.7003635280915011e-03, -8.6318696853635761e-04,
          5.5376540521107737e-04, 6.1994308165245495e-04,
          1.6982165403835450e-03, 5.6764769187517463e-03,
          -1.9391685798801337e-03, 1.8903350515492034e-03,
          8.9617654648188241e-03, -5.8992276242407441e-03,
          -3.6984885448403215e-03, -1.8957811264550006e-03,
          -1.5224965158615838e-03, -4.1796628231964783e-04,
          7.4429702093745144e-03, -1.9391685798801329e-03,
          2.8809227309328422e-01, -1.9008227900431437e-02,
          -2.7675941984729182e-03, 1.9684515252613374e-03,
          4.5641789625665346e-03, 1.4218205758511934e-03,
          6.9834118385303815e-04, 5.2597393865050455e-04,
          1.1885756395000977e-03, 1.8903350515492039e-03,
          -1.9008227900431437e-02, 1.4295650062634190e-02 ]
   - !!opencv-matrix
      rows: 10
      cols: 10
      dt: d
