%YAML:1.0
---
groups:
   - intact
   - CD19
   - blast
intactGmmnames:
   - "intact.Bln031.0"
   - "intact.Bln031.1"
   - "intact.Bln031.2"
   - "intact.Bln031.3"
   - "intact.Bln031.4"
intactLabels:
   - FSC-A
   - SSC-A
   - SY41
   - CD19
   - CD10
   - CD20
   - CD45
   - CD34
   - CD38
   - CD58
intactMu: !!opencv-matrix
   rows: 5
   cols: 10
   dt: d
   data: [ 1.2425733676840645e+00, 3.9586263199134930e-01,
       2.8683002134830775e+00, 5.5832564019769715e-01,
       7.7361780733172991e-01, 8.9132023689858420e-01,
       2.2400131778461576e+00, 6.7630586854928454e-01,
       1.5122894324277307e+00, 1.1586850232176200e+00,
       2.1679887402770257e+00, 1.6233291453091341e+00,
       3.0709779117420655e+00, 5.9138658091804797e-01,
       1.0510911997959924e+00, 9.0889883295588303e-01,
       1.2598390303083045e+00, 7.9509805690612756e-01,
       1.9762931503349606e+00, 1.9903435288142770e+00,
       1.0562503641037062e+00, 4.9849147465861343e-01,
       3.0649730413186727e+00, 5.5346850302516248e-01,
       7.2435206473261027e-01, 8.9324257306528587e-01,
       7.5917134759949445e-01, 7.3335085594147087e-01,
       1.4985298859029337e+00, 2.0287803984127852e+00,
       1.6695970277047147e+00, 9.2932267634740429e-01,
       2.9255975738661060e+00, 6.4246131415254093e-01,
       8.2301113723503128e-01, 9.8267436150637688e-01,
       1.8073771277413502e+00, 8.0981262136991283e-01,
       2.0414681049663219e+00, 1.4614559428532823e+00,
       2.5810238312038591e+00, 3.1976345336614669e+00,
       2.8461533179038754e+00, 6.0389165572855019e-01,
       1.4679306972902888e+00, 9.1464776722079288e-01,
       1.6813728020536693e+00, 7.8619417827890559e-01,
       2.0744372587288358e+00, 1.9004193851202678e+00 ]
intactSigma:
   - !!opencv-matrix
      rows: 10
      cols: 10
      dt: d
      data: [ 9.6139575634560340e-02, 4.5185023832913116e-03,
          3.7644596494888191e-04, -2.3886758686081282e-04,
          -5.3604418400325410e-04, -3.0986570181181086e-04,
          5.2762912773347739e-03, -8.1629015849918644e-04,
          -1.7663629221117860e-02, 1.9666596258692846e-02,
          4.5185023832913116e-03, 2.4647453430061032e-02,
          7.2014008972727450e-03, 1.5808009154883574e-04,
          -9.1403828334840230e-04, -5.2121337242033044e-04,
          1.1364162272169787e-02, 6.5342680963109169e-04,
          4.7301143397136952e-02, 3.3488805245540668e-02,
          3.7644596494888191e-04, 7.2014008972727450e-03,
          1.9691192855638789e-02, 4.2307077027585487e-04,
          4.8350885060622072e-04, 1.8788515377498485e-04,
          6.8404396458936921e-03, 8.1404377116447600e-04,
          9.9456881299397511e-03, 8.0401497792846784e-03,
          -2.3886758686081282e-04, 1.5808009154883563e-04,
          4.2307077027585493e-04, 1.9180850502679989e-03,
          8.4661015879493244e-05, -2.2977894287845417e-05,
          2.0494783977981104e-04, -1.2013326180841847e-04,
          1.2035578639577997e-03, -3.0213757810330845e-04,
          -5.3604418400325377e-04, -9.1403828334840251e-04,
          4.8350885060622050e-04, 8.4661015879493217e-05,
          2.0322777061227535e-03, 5.5133694215030895e-05,
          5.7154289153942320e-04, -5.8127802382819124e-05,
          -3.5938857911447012e-04, -5.5619728932758041e-03,
          -3.0986570181181091e-04, -5.2121337242033011e-04,
          1.8788515377498485e-04, -2.2977894287845420e-05,
          5.5133694215030895e-05, 4.5877999191975719e-04,
          -1.5247096861617247e-04, 2.7405855621695053e-05,
          -4.4381279382168333e-03, -5.6825721822426425e-04,
          5.2762912773347739e-03, 1.1364162272169787e-02,
          6.8404396458936921e-03, 2.0494783977981107e-04,
          5.7154289153942320e-04, -1.5247096861617252e-04,
          1.9761080411017425e-02, 3.6325065520249200e-04,
          2.4279857782641360e-02, 1.4790826158068484e-02,
          -8.1629015849918633e-04, 6.5342680963109158e-04,
          8.1404377116447621e-04, -1.2013326180841842e-04,
          -5.8127802382819124e-05, 2.7405855621695059e-05,
          3.6325065520249211e-04, 8.5423168930669777e-04,
          1.0309899048259301e-03, 1.3670042998524090e-03,
          -1.7663629221117864e-02, 4.7301143397136952e-02,
          9.9456881299397528e-03, 1.2035578639577997e-03,
          -3.5938857911447023e-04, -4.4381279382168333e-03,
          2.4279857782641356e-02, 1.0309899048259301e-03,
          4.3416012840348833e-01, 3.2546916426344448e-02,
          1.9666596258692846e-02, 3.3488805245540668e-02,
          8.0401497792846784e-03, -3.0213757810330845e-04,
          -5.5619728932758041e-03, -5.6825721822426436e-04,
          1.4790826158068484e-02, 1.3670042998524088e-03,
          3.2546916426344448e-02, 9.7580257721827712e-02 ]
   - !!opencv-matrix
      rows: 10
      cols: 10
      dt: d
      data: [ 7.7989282793551817e-01, 6.3726072967028002e-01,
          -2.0201620967655456e-02, 6.4589078718012560e-03,
          -2.9621836003026897e-02, 5.2733769816998505e-03,
          1.9557433739902716e-01, 1.3776967527332632e-02,
          1.0336358801384198e-01, -5.8459518903493844e-02,
          6.3726072967028002e-01, 1.2466575657856667e+00,
          -1.2145742106163511e-01, 1.4734333630834106e-02,
          7.8804464246433920e-02, 8.4200941906191987e-03,
          3.5368575252027390e-01, 1.2631650986219770e-02,
          2.9685629403174335e-01, -1.6195316229031054e-01,
          -2.0201620967655459e-02, -1.2145742106163512e-01,
          7.0437676646581807e-02, -1.0266159438237308e-03,
          -1.8756524518831384e-02, -5.0757514968712686e-04,
          -3.0135527914095517e-02, 6.5494257987288897e-03,
          -3.0271729548797684e-03, 5.8603543636113316e-02,
          6.4589078718012543e-03, 1.4734333630834108e-02,
          -1.0266159438237306e-03, 6.7064292240413704e-03,
          3.9413825080289473e-03, 3.3462001269730869e-04,
          6.9577593196157280e-03, 1.2030311656346742e-03,
          2.3996150522480825e-03, -7.7306758346859755e-04,
          -2.9621836003026897e-02, 7.8804464246433933e-02,
          -1.8756524518831377e-02, 3.9413825080289464e-03,
          1.6003212760345170e-01, -2.8741736784497745e-04,
          3.0133057660843392e-02, 3.6536620543071020e-04,
          2.9682190592701142e-03, -1.8931610728917116e-02,
          5.2733769816998496e-03, 8.4200941906191987e-03,
          -5.0757514968712686e-04, 3.3462001269730869e-04,
          -2.8741736784497734e-04, 1.1839869249093327e-03,
          2.5957707302570383e-03, 8.0656153642601571e-04,
          -1.6581836784917859e-05, -1.0931546191438753e-03,
          1.9557433739902716e-01, 3.5368575252027390e-01,
          -3.0135527914095506e-02, 6.9577593196157288e-03,
          3.0133057660843392e-02, 2.5957707302570378e-03,
          2.1609854410779875e-01, 8.0965590788170342e-03,
          1.4455139850234666e-01, -4.5243473249220491e-02,
          1.3776967527332627e-02, 1.2631650986219772e-02,
          6.5494257987288897e-03, 1.2030311656346742e-03,
          3.6536620543071064e-04, 8.0656153642601539e-04,
          8.0965590788170342e-03, 8.1075984274381896e-03,
          2.7596938362833370e-03, 9.3217912547826718e-03,
          1.0336358801384198e-01, 2.9685629403174335e-01,
          -3.0271729548797667e-03, 2.3996150522480829e-03,
          2.9682190592701173e-03, -1.6581836784917981e-05,
          1.4455139850234666e-01, 2.7596938362833361e-03,
          4.0911699311237004e-01, 3.6751408471118366e-02,
          -5.8459518903493844e-02, -1.6195316229031054e-01,
          5.8603543636113316e-02, -7.7306758346859755e-04,
          -1.8931610728917119e-02, -1.0931546191438758e-03,
          -4.5243473249220491e-02, 9.3217912547826683e-03,
          3.6751408471118366e-02, 1.1603300452523788e-01 ]
   - !!opencv-matrix
      rows: 10
      cols: 10
      dt: d
