%YAML:1.0
---
groups:
   - intact
   - CD19
   - blast
intactGmmnames:
   - "intact.Bln004.0"
   - "intact.Bln004.1"
   - "intact.Bln004.2"
   - "intact.Bln004.3"
   - "intact.Bln004.4"
intactLabels:
   - FSC-A
   - SSC-A
   - SY41
   - CD19
   - CD10
   - CD20
   - CD45
   - CD34
   - CD38
   - CD58
intactMu: !!opencv-matrix
   rows: 5
   cols: 10
   dt: d
   data: [ 8.0803931146369556e-01, 2.6996384193814049e-01,
       2.1959394109374948e+00, 5.7216461957591280e-01,
       7.8289336943210530e-01, 5.8588547792492351e-01,
       1.9057920300104485e+00, 7.0024587290990825e-01,
       1.3624605725736423e+00, 8.6381240094335143e-01,
       2.3887485862224369e+00, 1.9026196585779527e+00,
       2.2808250181068961e+00, 6.6763218501158839e-01,
       1.2230390705374619e+00, 7.3765645916115619e-01,
       1.4999543245117224e+00, 8.7588458319730345e-01,
       1.6613176236621010e+00, 1.5491961803274656e+00,
       1.3294028101676079e+00, 3.5429731047225854e-01,
       1.9907630783215569e+00, 5.6337156352743401e-01,
       7.6966307853524540e-01, 5.8163095323072023e-01,
       1.7852290925218692e+00, 6.7959219415519578e-01,
       8.7103391107229955e-01, 1.2060120526642464e+00,
       8.2902742299228416e-01, 4.4862804140525142e-01,
       2.2836494494938084e+00, 5.5984885339743617e-01,
       7.4613083814975745e-01, 5.8389028206492666e-01,
       7.1186136921326670e-01, 7.4470132944503187e-01,
       1.1762425084012718e+00, 1.7933528366849818e+00,
       1.4100667491569396e+00, 4.2916899962740218e-01,
       1.9473337273958493e+00, 5.6758210074117144e-01,
       7.7124854546042754e-01, 5.9816698636385701e-01,
       1.9861376488841409e+00, 6.8719259250101883e-01,
       1.9162541646148408e+00, 1.2320431480582839e+00 ]
intactSigma:
   - !!opencv-matrix
      rows: 10
      cols: 10
      dt: d
      data: [ 7.9820341965990638e-02, 2.8031980217027835e-03,
          -4.9650275685809715e-02, -5.4226953873359057e-04,
          3.1497237324326296e-04, -1.8024027444336012e-03,
          9.6926381053754011e-03, -5.6029736155620855e-03,
          1.2418665397671169e-02, -8.3629302000442877e-04,
          2.8031980217027843e-03, 2.8325294993753942e-03,
          -5.1260235109932357e-04, 2.4959397840272445e-04,
          3.4711464780593139e-04, 2.0131729434616635e-04,
          1.4699386359826366e-03, 3.6000083138875604e-04,
          -5.9448910891015125e-03, 7.6052517527925852e-04,
          -4.9650275685809715e-02, -5.1260235109932336e-04,
          4.9455931513840728e-02, 6.9772653981037540e-04,
          3.2625625019978778e-04, 1.6747343045903369e-03,
          -2.6673537712922453e-03, 5.2076054562313423e-03,
          -1.3344102076615291e-02, 1.4575527459408922e-03,
          -5.4226953873359046e-04, 2.4959397840272445e-04,
          6.9772653981037508e-04, 3.1256030604622596e-03,
          4.0234611689044632e-05, 1.4531226327075186e-05,
          9.9251141791957003e-05, -1.3058690018096951e-04,
          -5.1543934925197784e-04, 1.4067827913638489e-04,
          3.1497237324326269e-04, 3.4711464780593139e-04,
          3.2625625019978778e-04, 4.0234611689044646e-05,
          1.0369298359377669e-03, 8.2887582614398777e-05,
          2.4919665980427273e-03, 4.9359935596828675e-05,
          -4.1214376379377851e-04, -1.1550971130353252e-04,
          -1.8024027444336012e-03, 2.0131729434616635e-04,
          1.6747343045903369e-03, 1.4531226327075183e-05,
          8.2887582614398777e-05, 2.7505181448234557e-03,
          5.3072785754468353e-04, 2.6498274916619504e-04,
          -1.9923881801712064e-03, 9.5896782629915998e-05,
          9.6926381053754045e-03, 1.4699386359826364e-03,
          -2.6673537712922461e-03, 9.9251141791956881e-05,
          2.4919665980427273e-03, 5.3072785754468364e-04,
          6.5307273738110475e-02, -4.3195249075928704e-04,
          1.9009802950947886e-02, -3.6686568835617066e-03,
          -5.6029736155620846e-03, 3.6000083138875604e-04,
          5.2076054562313423e-03, -1.3058690018096951e-04,
          4.9359935596828689e-05, 2.6498274916619504e-04,
          -4.3195249075928720e-04, 1.8751152616854419e-03,
          -2.6251991221258914e-03, 3.7545472321378145e-04,
          1.2418665397671173e-02, -5.9448910891015116e-03,
          -1.3344102076615292e-02, -5.1543934925197795e-04,
          -4.1214376379377851e-04, -1.9923881801712064e-03,
          1.9009802950947886e-02, -2.6251991221258918e-03,
          1.3000378007361282e-01, -4.3569671743261436e-03,
          -8.3629302000442899e-04, 7.6052517527925852e-04,
          1.4575527459408922e-03, 1.4067827913638494e-04,
          -1.1550971130353249e-04, 9.5896782629915984e-05,
          -3.6686568835617066e-03, 3.7545472321378140e-04,
          -4.3569671743261436e-03, 1.2980165618356446e-03 ]
   - !!opencv-matrix
      rows: 10
      cols: 10
      dt: d
      data: [ 7.8401189175897312e-01, 5.5355903163540232e-01,
          1.2703061360669363e-01, -1.2964404929499164e-03,
          9.3848542581466257e-02, -1.2136778898195612e-02,
          2.4332686370557820e-02, -3.0734596789937676e-03,
          4.9343694003706445e-02, 2.8735176491952730e-02,
          5.5355903163540232e-01, 1.0732218396368929e+00,
          8.7654075037792226e-02, -2.0903553675961153e-02,
          2.3906209513804227e-01, -4.1322111304731970e-02,
          8.3964182393148901e-02, -4.8316332049041705e-02,
          5.3278179510098042e-02, -8.2556763922350021e-02,
          1.2703061360669363e-01, 8.7654075037792212e-02,
          1.3855134463943841e-01, -6.7237368559891902e-03,
          -3.6295464716878311e-03, -1.1035966770116385e-02,
          -2.9167726683661750e-02, -6.2625522436832066e-03,
          5.2841564835398088e-03, 2.0801567070710219e-02,
          -1.2964404929499170e-03, -2.0903553675961153e-02,
          -6.7237368559891902e-03, 6.5599658411822095e-02,
          2.1861326302138492e-02, 6.2591982522236758e-02,
          3.7809128643855015e-02, 3.5879428533076949e-02,
          3.6175209890643843e-02, 1.9563029078130179e-02,
          9.3848542581466257e-02, 2.3906209513804227e-01,
          -3.6295464716878324e-03, 2.1861326302138492e-02,
          2.0337006935830662e-01, 6.3086986893232787e-03,
          7.3257069832679086e-02, -3.6173129046211464e-03,
          1.8391400674102516e-02, -1.7993855985365854e-02,
          -1.2136778898195612e-02, -4.1322111304731977e-02,
          -1.1035966770116385e-02, 6.2591982522236758e-02,
          6.3086986893232787e-03, 1.1127120665198392e-01,
          4.8015105389821761e-02, 6.0147485468675120e-02,
          4.2355819277097265e-02, 3.0933404430994821e-02,
          2.4332686370557827e-02, 8.3964182393148901e-02,
          -2.9167726683661750e-02, 3.7809128643855015e-02,
          7.3257069832679086e-02, 4.8015105389821761e-02,
          1.8403980275227846e-01, 3.0666512623304158e-02,
          1.1337659449053687e-01, 1.0900105271012686e-02,
          -3.0734596789937694e-03, -4.8316332049041705e-02,
          -6.2625522436832066e-03, 3.5879428533076942e-02,
          -3.6173129046211464e-03, 6.0147485468675120e-02,
          3.0666512623304158e-02, 7.3759446091639549e-02,
          3.8063439416481923e-02, 4.7302041078401497e-02,
          4.9343694003706459e-02, 5.3278179510098056e-02,
          5.2841564835398071e-03, 3.6175209890643843e-02,
          1.8391400674102512e-02, 4.2355819277097265e-02,
          1.1337659449053687e-01, 3.8063439416481923e-02,
          3.3420902393784524e-01, 9.6363689335048283e-02,
          2.8735176491952716e-02, -8.2556763922349993e-02,
          2.0801567070710219e-02, 1.9563029078130179e-02,
          -1.7993855985365861e-02, 3.0933404430994821e-02,
          1.0900105271012690e-02, 4.7302041078401497e-02,
          9.6363689335048283e-02, 1.8308213953240163e-01 ]
   - !!opencv-matrix
      rows: 10
      cols: 10
      dt: d
