%YAML:1.0
---
groups:
   - intact
   - CD19
   - blast
intactGmmnames:
   - "intact.Bln053.0"
   - "intact.Bln053.1"
   - "intact.Bln053.2"
   - "intact.Bln053.3"
   - "intact.Bln053.4"
intactLabels:
   - FSC-A
   - SSC-A
   - SY41
   - CD19
   - CD10
   - CD20
   - CD45
   - CD34
   - CD38
   - CD58
intactMu: !!opencv-matrix
   rows: 5
   cols: 10
   dt: d
   data: [ 1.8061726723405271e+00, 1.1411741188333091e+00,
       2.4216835877477041e+00, 1.3301482307674910e+00,
       1.1031376066182843e+00, 1.5094895113475846e+00,
       1.8641249344500104e+00, 1.3991729426152633e+00,
       2.2013648223514912e+00, 1.9642909827625956e+00,
       2.4083974511681112e+00, 2.3758441787485634e+00,
       2.0903299812964353e+00, 9.9257666995391036e-01,
       1.8159505214985783e+00, 1.1311202661545492e+00,
       2.0709906833023597e+00, 1.1583673932022291e+00,
       2.4208464163161212e+00, 2.0773744785175015e+00,
       1.0028552870065750e+00, 4.0793370072333685e-01,
       2.1218167872498590e+00, 8.9482434832283908e-01,
       8.7083524801160161e-01, 1.1782908249577944e+00,
       2.5408771163642254e+00, 9.9601405789307884e-01,
       2.1615220322803608e+00, 1.8625029636554427e+00,
       7.2969149464364846e-01, 4.6738858518926940e-01,
       2.6253717194727146e+00, 7.2488800827970890e-01,
       7.1780222888332779e-01, 1.0102259779830569e+00,
       9.1434639507697690e-01, 1.1048925040797313e+00,
       1.2010936829226719e+00, 2.1619097871831521e+00,
       7.9304598877571375e-01, 2.4751976859346633e-01,
       2.1813612944599612e+00, 8.0112890492063560e-01,
       8.9041602610191550e-01, 1.0633259774995805e+00,
       2.4586597654246143e+00, 9.9120145622716194e-01,
       2.2769671960436479e+00, 1.3106718390360483e+00 ]
intactSigma:
   - !!opencv-matrix
      rows: 10
      cols: 10
      dt: d
      data: [ 7.4500990073189188e-01, 3.8639982355833341e-01,
          1.0985151426301858e-01, 1.3412298102143019e-01,
          3.2475014474612908e-02, 8.5967291449135730e-02,
          1.5075528274834726e-01, 8.4084410312307803e-02,
          1.7387578969796277e-01, 1.8854345783420295e-01,
          3.8639982355833341e-01, 5.2961312236990143e-01,
          9.4735353133294509e-02, 9.6522030086009708e-02,
          1.6208768231605986e-02, 1.4748227229721852e-02,
          1.5518470539966168e-02, 6.2445660662217260e-02,
          8.4718656407421461e-02, 1.5014757586598104e-01,
          1.0985151426301858e-01, 9.4735353133294509e-02,
          2.4921475194397030e-01, -1.6750253003746222e-02,
          -1.9537089681887047e-02, -3.3378820721396856e-03,
          1.7676336205470992e-02, 1.4837433603090481e-02,
          9.4870717128642300e-04, 6.2451776322788928e-02,
          1.3412298102143019e-01, 9.6522030086009708e-02,
          -1.6750253003746225e-02, 5.2556878795825479e-01,
          7.4960719250462396e-02, 3.3366989745352388e-01,
          8.8088469878578698e-02, 1.1215491541220796e-01,
          6.4407841657462161e-02, 7.7255654628830606e-02,
          3.2475014474612908e-02, 1.6208768231605986e-02,
          -1.9537089681887047e-02, 7.4960719250462382e-02,
          2.6374885275563659e-01, 8.6933255645589916e-02,
          8.8900568734697788e-02, 1.2247987128561325e-02,
          2.9226494904928565e-02, -4.2879629425029195e-02,
          8.5967291449135702e-02, 1.4748227229721843e-02,
          -3.3378820721396887e-03, 3.3366989745352388e-01,
          8.6933255645589930e-02, 4.7926866930273576e-01,
          1.2410622700995481e-01, 1.4226830932183435e-01,
          1.2604746109782344e-01, 8.0640792489950763e-02,
          1.5075528274834726e-01, 1.5518470539966168e-02,
          1.7676336205470985e-02, 8.8088469878578698e-02,
          8.8900568734697788e-02, 1.2410622700995481e-01,
          4.8404916493793504e-01, 3.9851370249383353e-04,
          2.8350832594717001e-01, 5.7106410047441131e-02,
          8.4084410312307803e-02, 6.2445660662217246e-02,
          1.4837433603090483e-02, 1.1215491541220796e-01,
          1.2247987128561321e-02, 1.4226830932183429e-01,
          3.9851370249383196e-04, 2.0768155434554084e-01,
          8.6336878833023031e-02, 1.1998181566195876e-01,
          1.7387578969796277e-01, 8.4718656407421489e-02,
          9.4870717128641888e-04, 6.4407841657462175e-02,
          2.9226494904928568e-02, 1.2604746109782342e-01,
          2.8350832594717001e-01, 8.6336878833023031e-02,
          7.1449322590579556e-01, 1.4294173326647067e-01,
          1.8854345783420295e-01, 1.5014757586598104e-01,
          6.2451776322788928e-02, 7.7255654628830606e-02,
          -4.2879629425029195e-02, 8.0640792489950763e-02,
          5.7106410047441131e-02, 1.1998181566195876e-01,
          1.4294173326647067e-01, 3.4726420416126791e-01 ]
   - !!opencv-matrix
      rows: 10
      cols: 10
      dt: d
      data: [ 2.6597342345382463e-01, 1.4981226328134231e-01,
          2.2974379338838946e-02, 7.5877649759330716e-03,
          -3.8007234118509564e-02, 1.1357348742188625e-02,
          1.3881551857438642e-02, 1.4865574518170164e-02,
          6.4900282892136438e-02, 3.8246407687537141e-02,
          1.4981226328134231e-01, 3.8463211907661010e-01,
          -1.9996294359491689e-03, 5.1405260722600085e-02,
          1.7475333036415086e-01, 1.8115558939090511e-02,
          6.4174479040335297e-02, 2.5969465540651934e-02,
          2.2084690970528269e-02, 6.5696137033081400e-02,
          2.2974379338838943e-02, -1.9996294359491676e-03,
          4.8787864516679630e-02, -3.2771474031372178e-03,
          -2.0265376667850603e-02, 4.2980955493200279e-03,
          -8.1561705006416563e-04, 8.2870710677228673e-03,
          2.1251779840993849e-02, -1.4705830043714029e-04,
          7.5877649759330682e-03, 5.1405260722600085e-02,
          -3.2771474031372178e-03, 1.0187556705894991e-01,
          8.6544831593576038e-02, 9.2794911916197764e-03,
          2.8089323721666365e-02, 4.4218044233799783e-03,
          -1.0873261284430041e-02, 1.8982880843752849e-02,
          -3.8007234118509557e-02, 1.7475333036415083e-01,
          -2.0265376667850596e-02, 8.6544831593576038e-02,
          4.7980550079390361e-01, 1.1724214114221693e-02,
          9.7278018033018263e-02, 2.1423103657236653e-02,
          -1.3282741342903592e-01, 1.4232891219936473e-02,
          1.1357348742188625e-02, 1.8115558939090511e-02,
          4.2980955493200270e-03, 9.2794911916197764e-03,
          1.1724214114221697e-02, 1.8664596859634473e-02,
          6.6400294319441684e-03, 5.5822155144189117e-03,
          6.9394517190205290e-03, 8.6953083714384014e-03,
          1.3881551857438642e-02, 6.4174479040335297e-02,
          -8.1561705006416617e-04, 2.8089323721666365e-02,
          9.7278018033018249e-02, 6.6400294319441657e-03,
          4.9141375253266381e-02, 8.9487089553859818e-03,
          -1.5390245048689966e-02, 2.4422001617575739e-02,
          1.4865574518170164e-02, 2.5969465540651937e-02,
          8.2870710677228673e-03, 4.4218044233799792e-03,
          2.1423103657236660e-02, 5.5822155144189117e-03,
          8.9487089553859818e-03, 1.7627569292812281e-02,
          5.8493017333536308e-03, 8.2698976254084178e-03,
          6.4900282892136438e-02, 2.2084690970528259e-02,
          2.1251779840993849e-02, -1.0873261284430039e-02,
          -1.3282741342903595e-01, 6.9394517190205247e-03,
          -1.5390245048689959e-02, 5.8493017333536334e-03,
          1.4291665858788247e-01, 4.7600495244993553e-02,
          3.8246407687537134e-02, 6.5696137033081414e-02,
          -1.4705830043714070e-04, 1.8982880843752849e-02,
          1.4232891219936473e-02, 8.6953083714384014e-03,
          2.4422001617575739e-02, 8.2698976254084178e-03,
          4.7600495244993553e-02, 5.3329226259090028e-02 ]
   - !!opencv-matrix
      rows: 10
      cols: 10
      dt: d
