%YAML:1.0
---
groups:
   - intact
   - CD19
   - blast
intactGmmnames:
   - "intact.Bln029.0"
   - "intact.Bln029.1"
   - "intact.Bln029.2"
   - "intact.Bln029.3"
   - "intact.Bln029.4"
intactLabels:
   - FSC-A
   - SSC-A
   - SY41
   - CD19
   - CD10
   - CD20
   - CD45
   - CD34
   - CD38
   - CD58
intactMu: !!opencv-matrix
   rows: 5
   cols: 10
   dt: d
   data: [ 9.0887971575005766e-01, 4.7005093342431759e-01,
       2.2810328659618180e+00, 6.0433299264290530e-01,
       7.9937708966601650e-01, 9.1542764908049734e-01,
       9.3347804764481634e-01, 8.0952592600497286e-01,
       1.5822221249865520e+00, 1.8831483711559149e+00,
       2.9961094516123610e+00, 3.4279824286619807e+00,
       2.1594302092610183e+00, 7.3092775099060125e-01,
       2.1426794042340895e+00, 9.5125333614008134e-01,
       2.0558554837913050e+00, 8.5833535031911168e-01,
       1.8508966007409671e+00, 1.7708364879137419e+00,
       7.7531393364954437e-01, 2.6339664726707218e-01,
       2.2854020938188961e+00, 6.0652430657671441e-01,
       7.8633552521780237e-01, 9.2782032283233062e-01,
       2.2272902086798321e+00, 7.4644930749753635e-01,
       1.7387070060890475e+00, 1.0109476697905915e+00,
       1.1370039170946487e+00, 4.3536664741358944e-01,
       2.1644383985537949e+00, 6.0234522313030536e-01,
       7.8425285187651761e-01, 9.1396451146405744e-01,
       2.2960090360614100e+00, 7.2675568201576934e-01,
       1.8185522413667112e+00, 1.2865546519816347e+00,
       2.5209457293155344e+00, 1.8153443730150824e+00,
       2.2805782270129336e+00, 8.6010621803446230e-01,
       1.2803900077480097e+00, 1.1560566070603706e+00,
       2.0423913255397768e+00, 1.0799720071052139e+00,
       2.0852825909305235e+00, 1.7572846417500152e+00 ]
intactSigma:
   - !!opencv-matrix
      rows: 10
      cols: 10
      dt: d
      data: [ 9.9490797630568090e-02, 4.3094589323605173e-02,
          2.3215015176273897e-02, 3.2384965312135918e-03,
          2.2027919183052885e-03, 2.2300274309434076e-03,
          3.3773981118711618e-02, 1.0201447523896718e-02,
          4.8988371371982170e-02, 3.3859233491378968e-02,
          4.3094589323605173e-02, 3.2549178797939414e-02,
          1.5430507689062305e-02, 2.4580842360418477e-03,
          1.9560302191179231e-03, 1.7969421581812083e-03,
          2.2883850291517169e-02, 7.7639080032073909e-03,
          3.8456681307359949e-02, 2.5150947311823428e-02,
          2.3215015176273897e-02, 1.5430507689062305e-02,
          4.0698846708803478e-02, 1.6067390642609451e-03,
          1.8163476801520565e-03, 9.6251819030874618e-04,
          1.0656970170155331e-02, 6.8039020772789373e-03,
          2.2624327916585293e-02, 2.4938077041101132e-02,
          3.2384965312135918e-03, 2.4580842360418477e-03,
          1.6067390642609451e-03, 7.2449748660794733e-03,
          8.1454802442391093e-04, 2.1727816347384056e-04,
          2.9944124897917741e-03, 5.3749804051401713e-04,
          5.9214534100936545e-03, 2.0408435840305150e-03,
          2.2027919183052885e-03, 1.9560302191179227e-03,
          1.8163476801520565e-03, 8.1454802442391114e-04,
          2.0190886050132667e-02, 1.6194082311203910e-04,
          5.3703503083001808e-03, 1.0600174016277212e-03,
          1.0832825305907987e-02, 1.4194708094942738e-03,
          2.2300274309434076e-03, 1.7969421581812085e-03,
          9.6251819030874651e-04, 2.1727816347384053e-04,
          1.6194082311203923e-04, 7.5294573327756983e-04,
          1.6159121645262496e-03, 8.9353044999956020e-04,
          2.6166590563057326e-03, 1.0579971303947117e-03,
          3.3773981118711618e-02, 2.2883850291517169e-02,
          1.0656970170155331e-02, 2.9944124897917741e-03,
          5.3703503083001817e-03, 1.6159121645262496e-03,
          3.9848626909779264e-02, 7.9618015526432412e-03,
          6.2758909435193591e-02, 2.3139053846767711e-02,
          1.0201447523896718e-02, 7.7639080032073909e-03,
          6.8039020772789373e-03, 5.3749804051401713e-04,
          1.0600174016277208e-03, 8.9353044999956020e-04,
          7.9618015526432412e-03, 7.2681513051365589e-03,
          1.5438458002257550e-02, 1.1483602079530525e-02,
          4.8988371371982170e-02, 3.8456681307359943e-02,
          2.2624327916585293e-02, 5.9214534100936536e-03,
          1.0832825305907987e-02, 2.6166590563057330e-03,
          6.2758909435193605e-02, 1.5438458002257550e-02,
          1.6617278130635027e-01, 6.0988816108307448e-02,
          3.3859233491378968e-02, 2.5150947311823435e-02,
          2.4938077041101125e-02, 2.0408435840305150e-03,
          1.4194708094942745e-03, 1.0579971303947113e-03,
          2.3139053846767711e-02, 1.1483602079530525e-02,
          6.0988816108307448e-02, 7.4013692151467997e-02 ]
   - !!opencv-matrix
      rows: 10
      cols: 10
      dt: d
      data: [ 3.5636644559249359e-01, 1.6395433830777301e-01,
          1.7100803058559353e-02, 8.1438700682533657e-03,
          4.5529242554869610e-04, 4.1201017522524263e-03,
          2.4552851911505396e-02, 1.7824987025239977e-02,
          3.6867080625884577e-02, 2.9742713317805879e-02,
          1.6395433830777301e-01, 3.9437028847960925e-01,
          1.2088968615764722e-02, 9.6937179508258635e-03,
          3.3283029175200998e-02, 3.3702045545414283e-03,
          2.9389428527439008e-02, 1.1978761523031079e-02,
          6.5466393186212266e-02, 6.5931161026688556e-02,
          1.7100803058559353e-02, 1.2088968615764722e-02,
          2.4222673825107396e-02, 3.1981429583870951e-03,
          3.0795694598879167e-03, 1.7599527330163572e-03,
          7.6267222146538735e-03, 7.0975022042269716e-03,
          1.3919196736694645e-02, 6.3826086258707646e-03,
          8.1438700682533623e-03, 9.6937179508258635e-03,
          3.1981429583870951e-03, 2.0433556401920058e-02,
          2.0957611868490475e-02, 1.9407889492444328e-03,
          1.0623985531307271e-02, 2.6403374137661797e-03,
          1.1120606718327927e-02, 9.0629445004849121e-03,
          4.5529242554869561e-04, 3.3283029175201012e-02,
          3.0795694598879167e-03, 2.0957611868490475e-02,
          1.5902269301522071e-01, 1.0631595015011212e-03,
          4.7684015103216647e-02, 8.8952423460090320e-04,
          1.5752918154482782e-02, 2.7748874770877559e-02,
          4.1201017522524263e-03, 3.3702045545414292e-03,
          1.7599527330163572e-03, 1.9407889492444330e-03,
          1.0631595015011212e-03, 1.9920432410974855e-03,
          1.0359323471506444e-03, 2.3265319968562765e-03,
          4.1882772421161533e-03, 1.5672299387130026e-03,
          2.4552851911505396e-02, 2.9389428527439008e-02,
          7.6267222146538718e-03, 1.0623985531307275e-02,
          4.7684015103216647e-02, 1.0359323471506442e-03,
          4.1652207502697339e-02, 5.2835105886095994e-03,
          1.7300035118064515e-02, 2.5811072014738028e-02,
          1.7824987025239970e-02, 1.1978761523031081e-02,
          7.0975022042269716e-03, 2.6403374137661797e-03,
          8.8952423460090353e-04, 2.3265319968562765e-03,
          5.2835105886095994e-03, 1.3830181555566843e-02,
          1.1792501152908280e-02, 6.0370458048112797e-03,
          3.6867080625884577e-02, 6.5466393186212266e-02,
          1.3919196736694645e-02, 1.1120606718327925e-02,
          1.5752918154482782e-02, 4.1882772421161533e-03,
          1.7300035118064518e-02, 1.1792501152908280e-02,
          7.5308329860470619e-02, 3.6143942179162752e-02,
          2.9742713317805879e-02, 6.5931161026688570e-02,
          6.3826086258707629e-03, 9.0629445004849121e-03,
          2.7748874770877559e-02, 1.5672299387130024e-03,
          2.5811072014738028e-02, 6.0370458048112779e-03,
          3.6143942179162752e-02, 4.7335107756221038e-02 ]
   - !!opencv-matrix
      rows: 10
      cols: 10
      dt: d
      data: [ 2.7004822257302438e-02, 8.7002187071675370e-04,
