%YAML:1.0
---
groups:
   - intact
   - CD19
   - blast
intactGmmnames:
   - "intact.Bln010.0"
   - "intact.Bln010.1"
   - "intact.Bln010.2"
   - "intact.Bln010.3"
   - "intact.Bln010.4"
intactLabels:
   - FSC-A
   - SSC-A
   - SY41
   - CD19
   - CD10
   - CD20
   - CD45
   - CD34
   - CD38
   - CD58
intactMu: !!opencv-matrix
   rows: 5
   cols: 10
   dt: d
   data: [ 8.6719600215884340e-01, 4.4635155212539995e-01,
       3.1206628247268196e+00, 5.5912372768873320e-01,
       7.0317197165937106e-01, 5.9019571660336545e-01,
       8.9798729563950042e-01, 7.3983906214588135e-01,
       1.0426876917469945e+00, 1.7822870833633777e+00,
       2.9685845093280259e+00, 2.8580064168264840e+00,
       2.7462424292118146e+00, 5.9517296489086091e-01,
       1.4796840919739296e+00, 6.3369985243401250e-01,
       2.0333174597772299e+00, 7.4399249060643158e-01,
       1.6604595982736365e+00, 1.6314969813678377e+00,
       1.0587401124902038e+00, 2.6791012280752086e-01,
       2.8900603891485170e+00, 5.6397974091951275e-01,
       7.9697412418335567e-01, 5.6744893639558946e-01,
       2.3098432284600787e+00, 6.7801408808044095e-01,
       1.6076364727046508e+00, 9.5569627957751735e-01,
       5.6973144687930377e-01, 3.1504044898863104e-01,
       3.0834326795223443e+00, 5.4774375912276130e-01,
       7.0705388930847812e-01, 5.8125864233726998e-01,
       8.1894200417016394e-01, 7.0416071721346318e-01,
       8.8580198878997662e-01, 1.6687020686812182e+00,
       1.7864585793038281e+00, 9.6472505824718979e-01,
       3.1329650429064757e+00, 6.2511650349665870e-01,
       9.1064447524642078e-01, 6.5229101052664151e-01,
       1.8047212489009090e+00, 8.4615656293107511e-01,
       1.9567820794763486e+00, 1.5991545262804183e+00 ]
intactSigma:
   - !!opencv-matrix
      rows: 10
      cols: 10
      dt: d
      data: [ 9.8513175578611417e-02, 2.1547260941885804e-02,
          -1.8981645453764399e-02, -1.0243056886072221e-03,
          -2.5530102210400670e-03, -5.9718810053417909e-04,
          4.4215553130282888e-03, 7.0194760819247942e-04,
          1.1589516908568142e-02, 2.9266559441819578e-02,
          2.1547260941885804e-02, 2.2032064748795488e-02,
          1.8210526076518713e-02, 1.3760147423893466e-04,
          -1.4847302378297922e-03, 8.6790520139143779e-04,
          5.4622538567568749e-03, 3.8714558738208089e-03,
          1.6463054067430965e-02, 2.3142335662438875e-02,
          -1.8981645453764403e-02, 1.8210526076518713e-02,
          9.4088577094174508e-02, 1.5500831007580688e-03,
          4.7927040344940996e-04, 3.6080972120183454e-03,
          4.8319288271353230e-03, 8.5669910820558217e-03,
          1.9991591912334235e-02, 1.2301214331473872e-02,
          -1.0243056886072223e-03, 1.3760147423893463e-04,
          1.5500831007580688e-03, 3.7022034676134738e-03,
          1.0392952116804617e-04, -1.0962014583190642e-04,
          -8.8621311830781470e-05, -3.4040911729587675e-04,
          3.0284315443981729e-04, -2.5119980653674572e-04,
          -2.5530102210400670e-03, -1.4847302378297922e-03,
          4.7927040344940985e-04, 1.0392952116804617e-04,
          4.6101513784923180e-03, 2.0858992274681585e-04,
          -1.4852058294271545e-05, -3.2654564780838481e-04,
          -1.1381339030887576e-03, -7.0225119976202646e-03,
          -5.9718810053417898e-04, 8.6790520139143812e-04,
          3.6080972120183454e-03, -1.0962014583190646e-04,
          2.0858992274681593e-04, 2.3742309592620701e-03,
          2.6806945846804853e-04, 5.8413508935678754e-04,
          3.1279586503953224e-04, -7.7265847745105627e-05,
          4.4215553130282879e-03, 5.4622538567568740e-03,
          4.8319288271353230e-03, -8.8621311830781470e-05,
          -1.4852058294271589e-05, 2.6806945846804853e-04,
          1.4377308908721643e-02, 5.9774983073622770e-04,
          7.6366566448085550e-03, 1.6163083802618237e-03,
          7.0194760819247942e-04, 3.8714558738208085e-03,
          8.5669910820558217e-03, -3.4040911729587675e-04,
          -3.2654564780838498e-04, 5.8413508935678722e-04,
          5.9774983073622770e-04, 3.6641844880028812e-03,
          3.9773411946208729e-03, 5.2425169834070104e-03,
          1.1589516908568142e-02, 1.6463054067430961e-02,
          1.9991591912334239e-02, 3.0284315443981729e-04,
          -1.1381339030887576e-03, 3.1279586503953202e-04,
          7.6366566448085533e-03, 3.9773411946208729e-03,
          4.2732405035733938e-02, 2.1342969957536161e-02,
          2.9266559441819578e-02, 2.3142335662438875e-02,
          1.2301214331473867e-02, -2.5119980653674572e-04,
          -7.0225119976202628e-03, -7.7265847745105614e-05,
          1.6163083802618241e-03, 5.2425169834070104e-03,
          2.1342969957536161e-02, 6.3697906183966008e-02 ]
   - !!opencv-matrix
      rows: 10
      cols: 10
      dt: d
      data: [ 3.6935954825249784e-01, 1.0843038940541200e-01,
          -1.2556249160024105e-02, -3.3439699413591144e-03,
          -9.4055085793853604e-02, 5.8645655828577813e-04,
          -1.5158346451204067e-02, 5.5386870938879543e-03,
          7.5090241480303313e-02, 1.6251300755386798e-02,
          1.0843038940541200e-01, 4.9723482736181246e-01,
          -1.1117308221475480e-02, 8.6771863675137850e-03,
          1.8931951914222817e-01, 4.4456002034002646e-03,
          9.0241464161758531e-02, 9.3410355983798172e-03,
          -2.3824358983011350e-02, 6.7794415034599043e-02,
          -1.2556249160024105e-02, -1.1117308221475481e-02,
          3.9028272064084962e-02, 1.0780308429531309e-03,
          2.2126126121571961e-03, 6.7710514665048306e-03,
          -1.3225710710141175e-02, 3.5796684706659466e-03,
          -9.7791433729774792e-05, -8.5952135876420262e-03,
          -3.3439699413591161e-03, 8.6771863675137850e-03,
          1.0780308429531309e-03, 6.1694737754372899e-03,
          1.5511832833868254e-02, 2.4923916860536578e-04,
          3.8518652610251922e-03, -4.9821564240515065e-04,
          -3.1665284373897447e-03, 1.4503356528639700e-03,
          -9.4055085793853618e-02, 1.8931951914222817e-01,
          2.2126126121571948e-03, 1.5511832833868254e-02,
          3.5664505659584245e-01, 5.6610626266520199e-03,
          9.4547932835274268e-02, 1.1998246761324458e-03,
          -9.8840964051672114e-02, 3.7325636015820479e-02,
          5.8645655828577878e-04, 4.4456002034002655e-03,
          6.7710514665048306e-03, 2.4923916860536578e-04,
          5.6610626266520199e-03, 6.7475787980078349e-03,
          -6.8118934662766745e-04, 1.4675761992745983e-03,
          -2.4944617190517603e-03, -6.1862427234016519e-04,
          -1.5158346451204069e-02, 9.0241464161758489e-02,
          -1.3225710710141175e-02, 3.8518652610251922e-03,
          9.4547932835274268e-02, -6.8118934662766745e-04,
          5.8249163853556614e-02, 7.5710531155093338e-04,
          -3.1705556240296973e-02, 2.5999892721203226e-02,
          5.5386870938879543e-03, 9.3410355983798155e-03,
          3.5796684706659466e-03, -4.9821564240515065e-04,
          1.1998246761324455e-03, 1.4675761992745983e-03,
          7.5710531155093338e-04, 4.0544901059396130e-03,
          1.8177664730338937e-03, 1.4667137187909180e-03,
          7.5090241480303299e-02, -2.3824358983011357e-02,
          -9.7791433729774535e-05, -3.1665284373897447e-03,
          -9.8840964051672114e-02, -2.4944617190517599e-03,
          -3.1705556240296973e-02, 1.8177664730338941e-03,
          9.8597209669085403e-02, 7.5565679654645960e-04,
          1.6251300755386798e-02, 6.7794415034599056e-02,
          -8.5952135876420262e-03, 1.4503356528639700e-03,
          3.7325636015820479e-02, -6.1862427234016519e-04,
          2.5999892721203226e-02, 1.4667137187909180e-03,
          7.5565679654645960e-04, 2.9900851923251467e-02 ]
   - !!opencv-matrix
      rows: 10
      cols: 10
      dt: d
