%YAML:1.0
---
groups:
   - intact
   - CD19
   - blast
intactGmmnames:
   - "intact.Bln072.0"
   - "intact.Bln072.1"
   - "intact.Bln072.2"
   - "intact.Bln072.3"
   - "intact.Bln072.4"
intactLabels:
   - FSC-A
   - SSC-A
   - SY41
   - CD19
   - CD10
   - CD20
   - CD45
   - CD34
   - CD38
   - CD58
intactMu: !!opencv-matrix
   rows: 5
   cols: 10
   dt: d
   data: [ 3.3457305962319435e+00, 3.4429340839945253e+00,
       2.5737383079096343e+00, 1.1743160133253445e+00,
       2.7378106917663665e+00, 1.1458551519686002e+00,
       2.3552922140224939e+00, 1.3226545029124772e+00,
       2.7671654296473487e+00, 2.4496485382002104e+00,
       1.5049533964749895e+00, 3.6190238175499678e-01,
       2.3928695432142839e+00, 7.2448292448240681e-01,
       8.7914602342501558e-01, 9.7454554572012708e-01,
       2.5243938666891435e+00, 9.6029928660614972e-01,
       2.0668882964872313e+00, 1.5701893558952940e+00,
       3.2865938662289875e+00, 3.2622511246938921e+00,
       2.3820951807368096e+00, 1.0220861610543777e+00,
       2.3401671523438061e+00, 1.0844173773626335e+00,
       2.2096756606806629e+00, 1.2004172783024860e+00,
       2.6279120472708799e+00, 2.2964084720314304e+00,
       1.4038770128398226e+00, 3.8892068198336821e-01,
       2.7762950656928513e+00, 7.1448236804233367e-01,
       8.2434140433997594e-01, 9.8577602048992108e-01,
       9.9886277949952484e-01, 1.0697848839730399e+00,
       1.6712082355255362e+00, 2.3081935514656324e+00,
       2.2902140730369367e+00, 1.1332432400589021e+00,
       2.5128562079493260e+00, 8.9240067559114844e-01,
       1.1333413865720869e+00, 1.3225369266912443e+00,
       2.3167838380939942e+00, 1.2150719900031932e+00,
       3.0123089631307214e+00, 2.1005234685216130e+00 ]
intactSigma:
   - !!opencv-matrix
      rows: 10
      cols: 10
      dt: d
      data: [ 2.7654345433207261e-01, 1.2667660101286810e-01,
          9.0072100319961554e-04, 3.2155406836257370e-03,
          -1.8898822843106961e-03, 5.3911891604421173e-03,
          2.3518838587092972e-03, 8.3359828768218656e-03,
          1.6496978100869097e-02, 5.8270725163739748e-03,
          1.2667660101286807e-01, 2.8511697087136861e-01,
          5.0597045966616168e-03, 1.0504471073564853e-02,
          4.4049527508763899e-03, 1.1406660805708544e-02,
          8.4654277730468594e-04, 1.5718443180728313e-02,
          3.2478507610641444e-02, 1.4759608220355214e-02,
          9.0072100319961554e-04, 5.0597045966616159e-03,
          1.6846641588427254e-02, -1.5779642419722045e-03,
          -4.1161855941675889e-03, 1.0006338452691981e-03,
          -1.6884173574357939e-03, 2.7676761239558219e-03,
          1.2819051008166450e-03, 1.6649654863583451e-03,
          3.2155406836257357e-03, 1.0504471073564852e-02,
          -1.5779642419722051e-03, 9.5834793980360850e-02,
          2.5521038160391554e-02, 2.2677222982661763e-03,
          5.5805885761098500e-03, -2.3920388955329065e-03,
          -1.6962301956803492e-04, 5.5677898289753047e-04,
          -1.8898822843106970e-03, 4.4049527508763890e-03,
          -4.1161855941675889e-03, 2.5521038160391554e-02,
          6.6720023616337568e-02, -6.9963709089812388e-05,
          8.3116481666291667e-03, 3.4312898560324209e-03,
          -6.6760081954914787e-03, -2.4155868584216566e-03,
          5.3911891604421155e-03, 1.1406660805708544e-02,
          1.0006338452691987e-03, 2.2677222982661763e-03,
          -6.9963709089812469e-05, 1.6278543480001562e-02,
          5.7265640626485124e-04, 4.1217856905988240e-03,
          2.4627209602737345e-03, 1.4503392778369142e-03,
          2.3518838587092976e-03, 8.4654277730468518e-04,
          -1.6884173574357936e-03, 5.5805885761098500e-03,
          8.3116481666291667e-03, 5.7265640626485135e-04,
          8.3021493164835425e-03, 1.7618110326022935e-03,
          -3.5475357041356631e-03, -1.3814357767079205e-03,
          8.3359828768218638e-03, 1.5718443180728316e-02,
          2.7676761239558219e-03, -2.3920388955329078e-03,
          3.4312898560324187e-03, 4.1217856905988249e-03,
          1.7618110326022935e-03, 2.7057322243758505e-02,
          3.0915559725025830e-03, 2.6006957558426112e-03,
          1.6496978100869100e-02, 3.2478507610641444e-02,
          1.2819051008166459e-03, -1.6962301956803517e-04,
          -6.6760081954914804e-03, 2.4627209602737345e-03,
          -3.5475357041356631e-03, 3.0915559725025825e-03,
          2.4787341836979358e-02, 5.7824406902438541e-03,
          5.8270725163739739e-03, 1.4759608220355214e-02,
          1.6649654863583455e-03, 5.5677898289752971e-04,
          -2.4155868584216566e-03, 1.4503392778369140e-03,
          -1.3814357767079205e-03, 2.6006957558426117e-03,
          5.7824406902438549e-03, 6.6772405965840852e-03 ]
   - !!opencv-matrix
      rows: 10
      cols: 10
      dt: d
      data: [ 8.7953043695300478e-02, 8.6581809319988198e-03,
          6.8618532341701115e-03, -2.4138892143696602e-04,
          -1.5791645992565160e-03, 1.9003047217082466e-03,
          6.5984643338605174e-03, 7.6660494752249910e-04,
          1.9895479670504632e-02, 4.6424895817996810e-02,
          8.6581809319988198e-03, 1.0485972672454658e-02,
          4.3846561313199226e-03, 1.9045201391900896e-05,
          -9.2528938963353598e-04, 1.3699658056141456e-03,
          3.9948985487937103e-03, 1.7919382370706375e-03,
          6.3040765293998309e-03, 3.6899711975600831e-02,
          6.8618532341701115e-03, 4.3846561313199226e-03,
          4.1182918698348774e-02, 9.0503397560914400e-04,
          5.6232827685002756e-04, 8.1890292522871530e-04,
          8.2339472381018197e-03, 2.6531973703725008e-03,
          8.9561453996629518e-04, 2.6249834809773647e-02,
          -2.4138892143696545e-04, 1.9045201391900987e-05,
          9.0503397560914378e-04, 4.2742948369186198e-02,
          5.1071900517929436e-04, -1.0935953093899253e-03,
          9.0111414731666414e-04, -1.3606253987006245e-03,
          2.2433001139767346e-04, -2.8176778899259747e-03,
          -1.5791645992565156e-03, -9.2528938963353619e-04,
          5.6232827685002767e-04, 5.1071900517929425e-04,
          1.2320063788138155e-02, 1.0232932903479899e-04,
          2.4632468839328576e-03, -4.3388585496383596e-04,
          9.9500989194337575e-04, -1.4136525600263076e-02,
          1.9003047217082470e-03, 1.3699658056141456e-03,
          8.1890292522871530e-04, -1.0935953093899253e-03,
          1.0232932903479899e-04, 7.8421533909221897e-03,
          1.3076267033414746e-03, 3.5299285817865005e-04,
          6.4764370476247616e-03, 5.2844385743167207e-03,
          6.5984643338605174e-03, 3.9948985487937103e-03,
          8.2339472381018197e-03, 9.0111414731666414e-04,
          2.4632468839328576e-03, 1.3076267033414741e-03,
          1.8007099965862413e-02, 1.2420326349274321e-03,
          2.2181259230042945e-02, 1.1866742648783122e-02,
          7.6660494752249888e-04, 1.7919382370706375e-03,
          2.6531973703725008e-03, -1.3606253987006245e-03,
          -4.3388585496383612e-04, 3.5299285817865005e-04,
          1.2420326349274324e-03, 3.5148245251432385e-03,
          3.3047508656330288e-03, 9.0042333251691906e-03,
          1.9895479670504632e-02, 6.3040765293998291e-03,
          8.9561453996629616e-04, 2.2433001139767281e-04,
          9.9500989194337532e-04, 6.4764370476247616e-03,
          2.2181259230042945e-02, 3.3047508656330279e-03,
          5.9325096005341171e-01, -1.8638319200653605e-02,
          4.6424895817996796e-02, 3.6899711975600824e-02,
          2.6249834809773647e-02, -2.8176778899259730e-03,
          -1.4136525600263076e-02, 5.2844385743167199e-03,
          1.1866742648783122e-02, 9.0042333251691906e-03,
          -1.8638319200653609e-02, 2.5672079933241904e-01 ]
   - !!opencv-matrix
      rows: 10
      cols: 10
      dt: d
