%YAML:1.0
---
groups:
   - intact
   - CD19
   - blast
intactGmmnames:
   - "intact.Bln064.0"
   - "intact.Bln064.1"
   - "intact.Bln064.2"
   - "intact.Bln064.3"
   - "intact.Bln064.4"
intactLabels:
   - FSC-A
   - SSC-A
   - SY41
   - CD19
   - CD10
   - CD20
   - CD45
   - CD34
   - CD38
   - CD58
intactMu: !!opencv-matrix
   rows: 5
   cols: 10
   dt: d
   data: [ 3.0973589422128356e+00, 2.5528445634114383e+00,
       2.5123573468180163e+00, 9.4216997969540905e-01,
       2.0860784279165174e+00, 1.1326378340221441e+00,
       1.9379539832275585e+00, 1.1308049579607127e+00,
       2.5162734061816825e+00, 2.1655560589707914e+00,
       1.1927072153004066e+00, 3.0131186198310717e-01,
       2.3512077932121116e+00, 6.9200903362563970e-01,
       8.8734690579669706e-01, 9.7328018972845742e-01,
       2.5879142539226145e+00, 9.4925409218636392e-01,
       2.4646959092729994e+00, 1.2487687097173386e+00,
       1.3278149424147629e+00, 3.8821118132556431e-01,
       2.3981247619079595e+00, 7.0905449860183023e-01,
       9.2998843062708902e-01, 1.0468777992891150e+00,
       2.1035120854236022e+00, 9.9908068827832419e-01,
       2.4439607954422118e+00, 1.7137287266364152e+00,
       2.4222032951324128e+00, 1.2164648649963443e+00,
       2.4787352951672883e+00, 1.0570357717632821e+00,
       1.4208738722568572e+00, 1.5188305764416594e+00,
       1.9665047019846116e+00, 1.3581266972811510e+00,
       2.5131039274023057e+00, 1.8290566697036403e+00,
       3.0139275637885667e+00, 3.0545780778296878e+00,
       2.4376337023081156e+00, 1.0796936014981662e+00,
       2.7472920208295064e+00, 1.1167180568105528e+00,
       2.1442747950306424e+00, 1.1546336840773708e+00,
       2.5738760818725477e+00, 2.3961979840070922e+00 ]
intactSigma:
   - !!opencv-matrix
      rows: 10
      cols: 10
      dt: d
      data: [ 4.1110633282674175e-01, 1.9576365241021762e-01,
          -5.9119004013958197e-03, -1.6387288879051356e-02,
          -1.1600279136966567e-01, 1.1808081061170659e-03,
          7.1512386108245497e-03, 8.2675237344435552e-03,
          4.4073951105372620e-02, 1.9967737779914421e-02,
          1.9576365241021762e-01, 3.7817702397052227e-01,
          -5.3300461309238535e-04, 1.0303210114368288e-02,
          7.7499101984105871e-03, 1.0102959493196824e-02,
          3.5604791366330144e-02, 1.9255921859515891e-02,
          5.2715304202690320e-02, 4.9908445128273839e-02,
          -5.9119004013958231e-03, -5.3300461309238394e-04,
          9.3286405726840438e-02, 2.3254310618618889e-02,
          8.8810478352960975e-03, 2.8496723066690061e-02,
          -1.8836404832397804e-03, 3.1813851481912854e-02,
          6.0212347200368936e-02, 3.1893737035165258e-02,
          -1.6387288879051356e-02, 1.0303210114368286e-02,
          2.3254310618618892e-02, 9.1102235633527318e-02,
          7.4015500132213197e-02, 1.0689259882521927e-02,
          1.8614315947229274e-02, 8.1835774021574003e-03,
          1.0604690987593243e-02, 1.2545482176684509e-02,
          -1.1600279136966567e-01, 7.7499101984105871e-03,
          8.8810478352961009e-03, 7.4015500132213197e-02,
          4.3640538925863076e-01, 1.3709086504798691e-02,
          8.8174045627614758e-02, 3.1844663405755243e-03,
          -6.6546664498914443e-02, -1.3201543214483172e-02,
          1.1808081061170646e-03, 1.0102959493196827e-02,
          2.8496723066690054e-02, 1.0689259882521928e-02,
          1.3709086504798691e-02, 2.3140354534922431e-02,
          -2.4297130089125248e-03, 1.4463385537785138e-02,
          2.1615591737104287e-02, 1.0585237880154049e-02,
          7.1512386108245462e-03, 3.5604791366330144e-02,
          -1.8836404832397804e-03, 1.8614315947229274e-02,
          8.8174045627614758e-02, -2.4297130089125248e-03,
          6.6345055943886067e-02, 2.3026624048131904e-03,
          -9.4361951647556949e-03, 1.4393339338676260e-02,
          8.2675237344435552e-03, 1.9255921859515891e-02,
          3.1813851481912854e-02, 8.1835774021573986e-03,
          3.1844663405755230e-03, 1.4463385537785138e-02,
          2.3026624048131904e-03, 2.9113216317938753e-02,
          3.0365695507535859e-02, 1.9688353274506892e-02,
          4.4073951105372614e-02, 5.2715304202690334e-02,
          6.0212347200368950e-02, 1.0604690987593242e-02,
          -6.6546664498914443e-02, 2.1615591737104287e-02,
          -9.4361951647556949e-03, 3.0365695507535859e-02,
          1.0818320378651876e-01, 4.9155670508405240e-02,
          1.9967737779914421e-02, 4.9908445128273839e-02,
          3.1893737035165258e-02, 1.2545482176684506e-02,
          -1.3201543214483170e-02, 1.0585237880154051e-02,
          1.4393339338676257e-02, 1.9688353274506892e-02,
          4.9155670508405247e-02, 5.5672389228425018e-02 ]
   - !!opencv-matrix
      rows: 10
      cols: 10
      dt: d
      data: [ 5.1868050136197698e-02, 8.2763465261699674e-03,
          -9.3618497290573390e-03, -8.2760528790625963e-04,
          -8.5319737023291939e-04, -1.4294667926677651e-03,
          8.5177054620768980e-03, -2.2088216768711257e-03,
          -3.3954057973402813e-02, 2.7383416478241444e-02,
          8.2763465261699674e-03, 9.7939860476794274e-03,
          -1.8411353805053918e-03, -7.2725282960521637e-05,
          -4.8390842948550664e-04, -4.4153150832220204e-04,
          7.6561439590165691e-03, 6.8384366416890551e-05,
          -2.4509270729065512e-02, 2.9174782047428696e-02,
          -9.3618497290573390e-03, -1.8411353805053918e-03,
          2.9887109682400027e-02, 1.6046262284310163e-03,
          1.2261708351296147e-03, 1.2576299341199230e-03,
          -9.6468894303960225e-04, 2.5487784162742488e-03,
          1.1773923814595365e-02, -2.8053870265634085e-03,
          -8.2760528790625930e-04, -7.2725282960521841e-05,
          1.6046262284310163e-03, 3.7780552290875770e-02,
          3.9721879286268628e-04, -8.1638849214461079e-04,
          3.9564176076789715e-04, -1.1030835130961718e-03,
          3.9875126796457307e-03, -8.4485815862911926e-04,
          -8.5319737023291939e-04, -4.8390842948550664e-04,
          1.2261708351296145e-03, 3.9721879286268622e-04,
          8.2554736017804199e-03, 1.5425412663877492e-04,
          1.0369269305817806e-03, -8.3002829537818091e-05,
          5.1359504723583402e-03, -7.8154780070313398e-03,
          -1.4294667926677649e-03, -4.4153150832220193e-04,
          1.2576299341199230e-03, -8.1638849214461079e-04,
          1.5425412663877484e-04, 8.6031189634425895e-03,
          -2.3332345716440287e-04, 3.1198958004701610e-04,
          5.3041604703332312e-03, -1.5934623304726032e-03,
          8.5177054620768997e-03, 7.6561439590165700e-03,
          -9.6468894303960171e-04, 3.9564176076789715e-04,
          1.0369269305817806e-03, -2.3332345716440281e-04,
          1.3278214824244131e-02, 3.5267130107730099e-04,
          -1.2783531998926512e-02, 2.3158323555840396e-02,
          -2.2088216768711257e-03, 6.8384366416890510e-05,
          2.5487784162742493e-03, -1.1030835130961722e-03,
          -8.3002829537818119e-05, 3.1198958004701621e-04,
          3.5267130107730099e-04, 3.1700873424509494e-03,
          3.1128743715808618e-03, 1.4768721490292776e-03,
          -3.3954057973402813e-02, -2.4509270729065512e-02,
          1.1773923814595365e-02, 3.9875126796457333e-03,
          5.1359504723583410e-03, 5.3041604703332294e-03,
          -1.2783531998926513e-02, 3.1128743715808618e-03,
          3.9917628699085267e-01, -1.1324017929107319e-01,
          2.7383416478241444e-02, 2.9174782047428696e-02,
          -2.8053870265634085e-03, -8.4485815862912024e-04,
          -7.8154780070313398e-03, -1.5934623304726025e-03,
          2.3158323555840396e-02, 1.4768721490292780e-03,
          -1.1324017929107318e-01, 1.5386653283558088e-01 ]
   - !!opencv-matrix
      rows: 10
      cols: 10
      dt: d
