%YAML:1.0
---
groups:
   - intact
   - CD19
   - blast
intactGmmnames:
   - "intact.Bln059.0"
   - "intact.Bln059.1"
   - "intact.Bln059.2"
   - "intact.Bln059.3"
   - "intact.Bln059.4"
intactLabels:
   - FSC-A
   - SSC-A
   - SY41
   - CD19
   - CD10
   - CD20
   - CD45
   - CD34
   - CD38
   - CD58
intactMu: !!opencv-matrix
   rows: 5
   cols: 10
   dt: d
   data: [ 1.6157600822352727e+00, 8.6389741076045901e-01,
       2.6422481652214471e+00, 1.0995703327239656e+00,
       1.1376202032299871e+00, 1.2126656523611878e+00,
       1.8590530913006569e+00, 1.2144636813920351e+00,
       2.6455776390970591e+00, 1.9758810328645564e+00,
       8.3037308202366233e-01, 2.5478820988345846e-01,
       2.5621174275097149e+00, 7.4854308977761019e-01,
       8.5988756500494545e-01, 9.7322661950969225e-01,
       2.2326087892185851e+00, 9.6825625019128370e-01,
       2.1811437470785009e+00, 1.2584039479752329e+00,
       9.9564606214251961e-01, 4.1014378044030458e-01,
       2.6677741710773262e+00, 7.5857560513248379e-01,
       1.0021744062447773e+00, 9.8018282956866531e-01,
       8.3392711115047347e-01, 1.0957670341621530e+00,
       1.7819648766229967e+00, 2.4326205584218625e+00,
       2.7837336386955371e+00, 2.6358491238980606e+00,
       2.5831603610280092e+00, 1.1747663469276981e+00,
       1.9541267092542784e+00, 1.1497179557051882e+00,
       2.0554793717200797e+00, 1.2470548666992467e+00,
       2.5796975409619063e+00, 2.2086549778388465e+00,
       1.7136338823114179e+00, 7.9213140697943152e-01,
       2.8901897395945753e+00, 9.6117187315224462e-01,
       1.4398150319861638e+00, 1.0319030180248332e+00,
       9.7058446709807067e-01, 1.2518601311366229e+00,
       2.4437242007094508e+00, 2.7482757618393481e+00 ]
intactSigma:
   - !!opencv-matrix
      rows: 10
      cols: 10
      dt: d
      data: [ 6.8654588985677678e-01, 4.1490029328055011e-01,
          4.0118972046338838e-02, 1.4221533970726810e-01,
          1.4456348881189701e-01, 9.0492779523986377e-02,
          2.9373144433786076e-03, 1.1113433007405914e-01,
          1.1702653212002773e-01, 1.8073232703376363e-01,
          4.1490029328055011e-01, 5.2800811613994603e-01,
          2.3914760778563283e-02, 1.6597636150509218e-01,
          1.8398801910094134e-01, 1.1147837598953309e-01,
          7.7610536186167303e-03, 1.2119770730697617e-01,
          1.7596414286752404e-01, 1.5140861793903240e-01,
          4.0118972046338824e-02, 2.3914760778563287e-02,
          1.0041964426649491e-01, 9.5132034536265144e-03,
          1.3271728024978783e-02, 7.5775927515036139e-03,
          -3.7601777528343851e-02, 3.1082512093328688e-02,
          -4.8023572976638229e-02, 3.6296526216701770e-02,
          1.4221533970726813e-01, 1.6597636150509218e-01,
          9.5132034536265144e-03, 2.5488614343329802e-01,
          1.2648911183031034e-01, 1.1628325691650698e-01,
          1.8840700869354705e-02, 9.4884882376012392e-02,
          7.8960259648961237e-02, 6.0658620688032176e-02,
          1.4456348881189701e-01, 1.8398801910094134e-01,
          1.3271728024978779e-02, 1.2648911183031034e-01,
          2.6605111572678092e-01, 5.6956239195739819e-02,
          2.5050572983877323e-02, 5.9092945454587799e-02,
          4.1532980210437915e-04, 3.8827926486844577e-02,
          9.0492779523986377e-02, 1.1147837598953310e-01,
          7.5775927515036130e-03, 1.1628325691650698e-01,
          5.6956239195739819e-02, 1.5946938541108130e-01,
          1.9992873802225294e-02, 7.8074562724741600e-02,
          4.5575981054116109e-02, 2.9885148465964396e-02,
          2.9373144433786128e-03, 7.7610536186167364e-03,
          -3.7601777528343851e-02, 1.8840700869354705e-02,
          2.5050572983877323e-02, 1.9992873802225298e-02,
          3.2649241205646434e-01, -4.2224288305394743e-02,
          2.3785769375481752e-01, 8.2336241934981742e-03,
          1.1113433007405914e-01, 1.2119770730697617e-01,
          3.1082512093328685e-02, 9.4884882376012392e-02,
          5.9092945454587799e-02, 7.8074562724741600e-02,
          -4.2224288305394743e-02, 1.8031413938574034e-01,
          2.3909462997627105e-02, 6.1922262428474616e-02,
          1.1702653212002775e-01, 1.7596414286752413e-01,
          -4.8023572976638229e-02, 7.8960259648961195e-02,
          4.1532980210437937e-04, 4.5575981054116095e-02,
          2.3785769375481752e-01, 2.3909462997627112e-02,
          8.5382895013036442e-01, 1.5310484012164544e-01,
          1.8073232703376366e-01, 1.5140861793903240e-01,
          3.6296526216701763e-02, 6.0658620688032176e-02,
          3.8827926486844577e-02, 2.9885148465964382e-02,
          8.2336241934981794e-03, 6.1922262428474602e-02,
          1.5310484012164544e-01, 2.0803781432638330e-01 ]
   - !!opencv-matrix
      rows: 10
      cols: 10
      dt: d
      data: [ 5.3652373939307323e-02, 4.3464361428714694e-03,
          -1.8457016203437263e-02, -1.4990893165583675e-03,
          -2.5944582987853077e-03, -1.4336162475074754e-03,
          2.7138495320775434e-03, -4.5357981979323760e-03,
          -1.3071069113818659e-02, 2.0501306926277354e-02,
          4.3464361428714694e-03, 3.9526731934199462e-03,
          -1.4564519065305766e-03, 1.2649234646637736e-03,
          -6.1620123830083241e-05, 2.7485450757048336e-04,
          2.5367279944089141e-03, 5.6682264283275646e-04,
          -5.9614948091689639e-03, 1.2029040517911017e-02,
          -1.8457016203437263e-02, -1.4564519065305766e-03,
          1.7448913315795258e-02, 1.9366449253809782e-03,
          1.7081573242644064e-03, 1.1483907800826098e-03,
          1.2512817276458413e-03, 3.5772108474753559e-03,
          3.5095537237971835e-03, -5.1284455897939981e-03,
          -1.4990893165583684e-03, 1.2649234646637734e-03,
          1.9366449253809782e-03, 5.0865903714137940e-02,
          2.2165642507745655e-03, -1.8451210827406149e-04,
          1.3328941254698540e-03, -5.9471362618786596e-04,
          2.1942547076862595e-03, 3.5425087480564243e-03,
          -2.5944582987853081e-03, -6.1620123830083241e-05,
          1.7081573242644069e-03, 2.2165642507745655e-03,
          1.0713412574745370e-02, 3.4287835618709031e-04,
          1.0503528889940935e-03, 2.1602956732423472e-04,
          9.8142613811223072e-04, -9.8512809847015239e-03,
          -1.4336162475074759e-03, 2.7485450757048320e-04,
          1.1483907800826094e-03, -1.8451210827406166e-04,
          3.4287835618709026e-04, 6.5979218130366455e-03,
          3.4059693125410847e-04, 3.5846001781003384e-04,
          -2.7778773089484751e-03, 9.6445422214742427e-04,
          2.7138495320775430e-03, 2.5367279944089141e-03,
          1.2512817276458413e-03, 1.3328941254698544e-03,
          1.0503528889940930e-03, 3.4059693125410847e-04,
          9.4823642599202364e-03, 9.0068278903281996e-04,
          -3.2600081553256065e-04, 6.1635548679981394e-03,
          -4.5357981979323760e-03, 5.6682264283275635e-04,
          3.5772108474753559e-03, -5.9471362618786629e-04,
          2.1602956732423472e-04, 3.5846001781003378e-04,
          9.0068278903281996e-04, 4.4308865825462155e-03,
          -3.9222565224162429e-03, 3.2364655740528239e-03,
          -1.3071069113818659e-02, -5.9614948091689639e-03,
          3.5095537237971822e-03, 2.1942547076862604e-03,
          9.8142613811223094e-04, -2.7778773089484747e-03,
          -3.2600081553256028e-04, -3.9222565224162438e-03,
          2.4606899672114499e-01, -3.3671128804917842e-02,
          2.0501306926277354e-02, 1.2029040517911017e-02,
          -5.1284455897939989e-03, 3.5425087480564243e-03,
          -9.8512809847015239e-03, 9.6445422214742459e-04,
          6.1635548679981403e-03, 3.2364655740528239e-03,
          -3.3671128804917849e-02, 1.2218665699206352e-01 ]
   - !!opencv-matrix
      rows: 10
      cols: 10
      dt: d
