%YAML:1.0
---
groups:
   - intact
   - CD19
   - blast
intactGmmnames:
   - "intact.Bln042.0"
   - "intact.Bln042.1"
   - "intact.Bln042.2"
   - "intact.Bln042.3"
   - "intact.Bln042.4"
intactLabels:
   - FSC-A
   - SSC-A
   - SY41
   - CD19
   - CD10
   - CD20
   - CD45
   - CD34
   - CD38
   - CD58
intactMu: !!opencv-matrix
   rows: 5
   cols: 10
   dt: d
   data: [ 2.1172581951102982e+00, 1.6471726968816287e+00,
       2.6984277841438522e+00, 1.2828718974953550e+00,
       1.4824289927434233e+00, 1.4573409587878183e+00,
       2.0106910284786181e+00, 1.3363208742265500e+00,
       2.2858419695879770e+00, 1.8650839742789942e+00,
       1.1881650996854092e+00, 3.3878737353251409e-01,
       2.5540486960933011e+00, 9.2058453192906864e-01,
       9.6525732449257529e-01, 1.2936400852749563e+00,
       2.4820741606604635e+00, 9.9686006663875737e-01,
       1.7947749329205291e+00, 1.6960452714928409e+00,
       9.3350255112358815e-01, 2.4061757748589632e-01,
       2.6380267185186956e+00, 8.9572770884524011e-01,
       9.2106568977355974e-01, 1.2857030418998838e+00,
       2.4804648512622882e+00, 9.9328243375413161e-01,
       2.1088136324119575e+00, 9.4119031177008383e-01,
       3.0035729696266866e+00, 2.9366272049775013e+00,
       2.6996076719121329e+00, 1.1301220941074970e+00,
       2.5536663464121601e+00, 1.3433823555478359e+00,
       2.1544185109010208e+00, 1.3036831895326770e+00,
       2.5483725363246874e+00, 2.3444452858151807e+00,
       1.6250702067347100e+00, 1.1382294410400300e+00,
       2.8419638315671940e+00, 9.4880340299522581e-01,
       1.1482278886553567e+00, 1.3134776812858815e+00,
       1.2853595211272730e+00, 1.1730469241167016e+00,
       2.2100774084654664e+00, 2.3847506698682683e+00 ]
intactSigma:
   - !!opencv-matrix
      rows: 10
      cols: 10
      dt: d
      data: [ 9.6428025541023099e-01, 9.2880404345085099e-01,
          9.2887124881301200e-02, 2.2312848192096502e-01,
          3.1439852857308204e-01, 6.0422754531744123e-02,
          8.9842686399537589e-02, 1.7189814334092879e-01,
          2.5262896251246642e-01, 2.3116775023835634e-01,
          9.2880404345085099e-01, 1.3559982983093943e+00,
          1.1626815814763297e-01, 2.3935322119810482e-01,
          4.0981949726975109e-01, 4.7579677592707363e-02,
          -2.3499776114744218e-02, 1.9052457573698417e-01,
          2.7795941507599137e-01, 2.2513755881674247e-01,
          9.2887124881301200e-02, 1.1626815814763297e-01,
          1.0631070154434430e-01, 5.0091724440648161e-02,
          8.4970225064071064e-02, 1.0024757779837851e-02,
          2.5693143343330595e-02, 4.9069498572422453e-02,
          7.6392774765679017e-02, 5.0952130186086998e-02,
          2.2312848192096504e-01, 2.3935322119810487e-01,
          5.0091724440648161e-02, 3.5367832737021265e-01,
          1.2960655007858410e-01, 1.0031923446416070e-01,
          5.5565054415679271e-02, 1.6870171837833275e-01,
          1.0667727325706583e-01, 1.0274946864909601e-01,
          3.1439852857308204e-01, 4.0981949726975109e-01,
          8.4970225064071064e-02, 1.2960655007858410e-01,
          3.9560938693119319e-01, 2.9566142765220512e-02,
          7.1869649110006359e-02, 9.7623791511779898e-02,
          1.5672471749313210e-01, 1.4478007330966064e-01,
          6.0422754531744123e-02, 4.7579677592707356e-02,
          1.0024757779837851e-02, 1.0031923446416070e-01,
          2.9566142765220512e-02, 1.0759645084884194e-01,
          6.2360825676179267e-02, 2.4235845254441252e-02,
          3.5409283071610204e-02, 2.9062911330096062e-02,
          8.9842686399537589e-02, -2.3499776114744225e-02,
          2.5693143343330602e-02, 5.5565054415679285e-02,
          7.1869649110006359e-02, 6.2360825676179267e-02,
          3.6833448036654587e-01, 1.4822300525425275e-02,
          1.7670207831301124e-01, 1.2455986091228140e-01,
          1.7189814334092879e-01, 1.9052457573698417e-01,
          4.9069498572422453e-02, 1.6870171837833275e-01,
          9.7623791511779898e-02, 2.4235845254441252e-02,
          1.4822300525425275e-02, 1.9739970253136679e-01,
          1.2023056112204374e-01, 1.0756108106741714e-01,
          2.5262896251246636e-01, 2.7795941507599131e-01,
          7.6392774765679017e-02, 1.0667727325706583e-01,
          1.5672471749313208e-01, 3.5409283071610197e-02,
          1.7670207831301118e-01, 1.2023056112204374e-01,
          6.0561134383792448e-01, 2.2331756106498921e-01,
          2.3116775023835628e-01, 2.2513755881674247e-01,
          5.0952130186086998e-02, 1.0274946864909601e-01,
          1.4478007330966064e-01, 2.9062911330096062e-02,
          1.2455986091228140e-01, 1.0756108106741714e-01,
          2.2331756106498921e-01, 2.2548662238651407e-01 ]
   - !!opencv-matrix
      rows: 10
      cols: 10
      dt: d
      data: [ 9.8136080515397767e-02, 9.0037064106108181e-03,
          -1.6147930792830698e-02, 1.5431486331392522e-03,
          2.7537330877927769e-03, 4.5526624446418231e-04,
          4.1146547018418552e-03, -4.5371400539609853e-03,
          -5.1910445911651625e-03, 2.5017452390349023e-02,
          9.0037064106108181e-03, 7.5715450404344482e-03,
          -5.3754768212744490e-04, 1.9886036601247932e-03,
          3.0628614954057872e-03, 2.9936976064926164e-04,
          4.3629726586234220e-03, 5.4568274397620532e-04,
          -4.4014452691197478e-04, 1.5925880220359106e-02,
          -1.6147930792830698e-02, -5.3754768212744468e-04,
          3.3858384676164789e-02, 2.1106636932735528e-03,
          3.0064759111274415e-03, 2.3440271969875070e-05,
          5.3585724181696584e-03, 4.7634349590730402e-03,
          6.9253360484339158e-04, 9.3574268736556585e-03,
          1.5431486331392529e-03, 1.9886036601247936e-03,
          2.1106636932735528e-03, 5.7664041634784148e-02,
          1.4753791043663287e-03, -6.4947574303658584e-05,
          2.8796888758333447e-03, -9.3170066074685972e-04,
          4.2504209552367304e-03, 4.9601933011120250e-03,
          2.7537330877927769e-03, 3.0628614954057872e-03,
          3.0064759111274406e-03, 1.4753791043663291e-03,
          1.4319929867828610e-02, 2.6756726716290695e-04,
          4.8256954589379663e-03, 7.0765685931628672e-04,
          -5.7362991120900701e-03, 1.3422242761773652e-02,
          4.5526624446418231e-04, 2.9936976064926164e-04,
          2.3440271969875094e-05, -6.4947574303658598e-05,
          2.6756726716290684e-04, 1.0672800737066227e-03,
          7.1415615574670316e-04, -7.3183908804000595e-05,
          8.6701798661585735e-04, 3.5506009906319578e-04,
          4.1146547018418552e-03, 4.3629726586234220e-03,
          5.3585724181696567e-03, 2.8796888758333447e-03,
          4.8256954589379663e-03, 7.1415615574670327e-04,
          2.2940837731369890e-02, 1.4142404454127288e-03,
          1.1462564999433891e-02, 1.0163024410570395e-02,
          -4.5371400539609853e-03, 5.4568274397620532e-04,
          4.7634349590730402e-03, -9.3170066074685972e-04,
          7.0765685931628672e-04, -7.3183908804000622e-05,
          1.4142404454127288e-03, 5.1850572651974680e-03,
          2.7100413006092899e-03, 3.8138737820383839e-03,
          -5.1910445911651643e-03, -4.4014452691197424e-04,
          6.9253360484339158e-04, 4.2504209552367278e-03,
          -5.7362991120900719e-03, 8.6701798661585757e-04,
          1.1462564999433891e-02, 2.7100413006092899e-03,
          5.0218296409343655e-01, -7.6378510012603290e-02,
          2.5017452390349023e-02, 1.5925880220359106e-02,
          9.3574268736556585e-03, 4.9601933011120284e-03,
          1.3422242761773652e-02, 3.5506009906319550e-04,
          1.0163024410570395e-02, 3.8138737820383839e-03,
          -7.6378510012603290e-02, 1.4237602166974550e-01 ]
   - !!opencv-matrix
      rows: 10
      cols: 10
      dt: d
