%YAML:1.0
---
groups:
   - intact
   - CD19
   - blast
intactGmmnames:
   - "intact.Bln071.0"
   - "intact.Bln071.1"
   - "intact.Bln071.2"
   - "intact.Bln071.3"
   - "intact.Bln071.4"
intactLabels:
   - FSC-A
   - SSC-A
   - SY41
   - CD19
   - CD10
   - CD20
   - CD45
   - CD34
   - CD38
   - CD58
intactMu: !!opencv-matrix
   rows: 5
   cols: 10
   dt: d
   data: [ 1.2357748428293944e+00, 2.1973382616944201e-01,
       2.8120449308457527e+00, 7.8733461626351930e-01,
       8.6670581973321581e-01, 1.0472072222449491e+00,
       2.2493401505119399e+00, 1.0117299452627881e+00,
       2.5200524566121718e+00, 1.3563656918627938e+00,
       1.2787426434436198e+00, 4.7431402096847741e-01,
       2.9642153820538937e+00, 7.2838602414465803e-01,
       9.2817993798173282e-01, 1.0092843357946786e+00,
       1.0512700934481420e+00, 1.1286078254326071e+00,
       1.7490001691095010e+00, 2.4629413754082847e+00,
       2.5628029816895164e+00, 1.2844064149440806e+00,
       2.8945950033052035e+00, 1.2088067694270856e+00,
       1.8363549325561823e+00, 1.4307698865484348e+00,
       1.9129048021703396e+00, 1.5128703356387956e+00,
       2.1197010937303493e+00, 1.8807886575625585e+00,
       1.3807709876711309e+00, 3.4745505104858038e-01,
       2.7376507279835245e+00, 6.8611314277871804e-01,
       7.9528606499777055e-01, 9.7984729405639714e-01,
       2.2040188489002448e+00, 9.6636441639873871e-01,
       1.9059758318709712e+00, 1.7733104657123178e+00,
       1.4984047740275062e+00, 4.3506618294823263e-01,
       2.8469605384746282e+00, 7.8754441633583361e-01,
       8.4953974464996895e-01, 1.0839994023333352e+00,
       2.3910307554357226e+00, 1.0317672332772496e+00,
       2.8342595496689205e+00, 1.9724393015413380e+00 ]
intactSigma:
   - !!opencv-matrix
      rows: 10
      cols: 10
      dt: d
      data: [ 5.9629038464033800e-02, 1.7920578984037066e-03,
          -9.4262823930518318e-03, -2.9809238771107455e-03,
          4.4502388608081653e-04, -5.4931898573073066e-03,
          4.1973621533355817e-03, -4.3921068110823452e-03,
          7.6012493830493362e-03, -8.1840310004728609e-04,
          1.7920578984037066e-03, 1.9743040313264727e-03,
          5.7229902182465685e-04, 1.2463107957834914e-03,
          5.1145178463323860e-04, 7.3067478351396742e-04,
          2.1285781698836088e-03, 8.3207555512781919e-04,
          -5.0661278488328756e-03, 5.8003823668166133e-03,
          -9.4262823930518318e-03, 5.7229902182465674e-04,
          9.2052151281910195e-03, 2.8756779315385287e-03,
          9.7254458900241172e-04, 3.5332309199041104e-03,
          1.3633259356232181e-03, 3.0830016349259908e-03,
          -7.0958296491552397e-03, 4.2136301252235350e-03,
          -2.9809238771107459e-03, 1.2463107957834910e-03,
          2.8756779315385278e-03, 5.7444454209147233e-02,
          9.8408854328861347e-04, 1.5669779415825699e-03,
          1.3079106685239103e-03, -2.8287545907545380e-05,
          -6.1310870233020872e-03, 4.3928438883096294e-03,
          4.4502388608081637e-04, 5.1145178463323881e-04,
          9.7254458900241194e-04, 9.8408854328861390e-04,
          8.6310399630307160e-03, 9.4624893216411273e-04,
          1.1120290786433623e-03, 2.5841838684542392e-04,
          -4.7582238799836465e-03, -4.9646957328188654e-03,
          -5.4931898573073084e-03, 7.3067478351396698e-04,
          3.5332309199041104e-03, 1.5669779415825699e-03,
          9.4624893216411273e-04, 1.5011712390198134e-02,
          8.2828894745190821e-04, 1.9895868646860352e-03,
          -1.2037153230025712e-02, 1.8930730512059081e-03,
          4.1973621533355817e-03, 2.1285781698836088e-03,
          1.3633259356232183e-03, 1.3079106685239094e-03,
          1.1120290786433623e-03, 8.2828894745190843e-04,
          8.6796855465247919e-03, 8.6663171847400076e-04,
          -8.1564701509598825e-03, 7.8192981087549570e-03,
          -4.3921068110823460e-03, 8.3207555512781919e-04,
          3.0830016349259913e-03, -2.8287545907545367e-05,
          2.5841838684542381e-04, 1.9895868646860352e-03,
          8.6663171847400076e-04, 5.8046129995567349e-03,
          -4.7314519473633651e-03, 5.5356597544262117e-03,
          7.6012493830493379e-03, -5.0661278488328756e-03,
          -7.0958296491552397e-03, -6.1310870233020889e-03,
          -4.7582238799836465e-03, -1.2037153230025714e-02,
          -8.1564701509598825e-03, -4.7314519473633633e-03,
          1.8196522889650554e-01, -1.4473370507729021e-02,
          -8.1840310004728598e-04, 5.8003823668166133e-03,
          4.2136301252235350e-03, 4.3928438883096303e-03,
          -4.9646957328188636e-03, 1.8930730512059081e-03,
          7.8192981087549570e-03, 5.5356597544262117e-03,
          -1.4473370507729018e-02, 8.6522421151297019e-02 ]
   - !!opencv-matrix
      rows: 10
      cols: 10
      dt: d
      data: [ 1.7264518503500514e-01, 3.1658382785740097e-02,
          1.9978412908581475e-02, 9.8733870079560221e-03,
          8.1390772031263523e-03, 4.2112182016682213e-03,
          6.1828979115355915e-03, 1.2681952500421177e-02,
          1.0144025369029213e-02, 2.4588020745590543e-02,
          3.1658382785740097e-02, 2.3986388778284851e-02,
          1.6466570382959733e-02, 5.0207389359681531e-03,
          1.7848579441921614e-02, 2.6133432666522998e-03,
          4.4758862614024076e-03, 9.9694003881478036e-03,
          4.1239659692644717e-02, 2.2911448019004337e-02,
          1.9978412908581475e-02, 1.6466570382959733e-02,
          5.0358181180468066e-02, 4.1131716974424108e-03,
          1.7697336442765266e-02, 2.6911466427837903e-03,
          6.6916850128218618e-03, 1.0672315936618767e-02,
          4.5764283372059650e-02, 2.4750145551128415e-02,
          9.8733870079560204e-03, 5.0207389359681531e-03,
          4.1131716974424099e-03, 6.7410116288466035e-02,
          1.3765804306441934e-02, 3.0260385452664240e-04,
          2.3218446116909483e-03, -2.5563965672355639e-04,
          1.7458791595720228e-02, 4.3167022182428174e-03,
          8.1390772031263558e-03, 1.7848579441921610e-02,
          1.7697336442765270e-02, 1.3765804306441936e-02,
          1.8734508558318003e-01, 2.9386312337741274e-03,
          1.1785301076716707e-02, 9.3061077535833443e-03,
          9.6985258983307093e-02, 1.5488131690796219e-02,
          4.2112182016682213e-03, 2.6133432666522998e-03,
          2.6911466427837903e-03, 3.0260385452664251e-04,
          2.9386312337741269e-03, 6.9449939298424001e-03,
          5.1295670091524898e-04, 1.9022917087598600e-03,
          5.5436136752338152e-03, 2.9542941367863497e-03,
          6.1828979115355915e-03, 4.4758862614024076e-03,
          6.6916850128218627e-03, 2.3218446116909483e-03,
          1.1785301076716704e-02, 5.1295670091524876e-04,
          1.1031090985371701e-02, 4.7519054165033489e-04,
          2.1125188958873775e-02, -2.1422775035030159e-03,
          1.2681952500421177e-02, 9.9694003881478036e-03,
          1.0672315936618767e-02, -2.5563965672355623e-04,
          9.3061077535833460e-03, 1.9022917087598600e-03,
          4.7519054165033489e-04, 1.3360105970494012e-02,
          2.2604949283608997e-02, 1.4561809220533935e-02,
          1.0144025369029211e-02, 4.1239659692644717e-02,
          4.5764283372059657e-02, 1.7458791595720228e-02,
          9.6985258983307107e-02, 5.5436136752338152e-03,
          2.1125188958873775e-02, 2.2604949283608997e-02,
          2.6257931130576329e-01, 5.8917068168695942e-02,
          2.4588020745590546e-02, 2.2911448019004337e-02,
          2.4750145551128415e-02, 4.3167022182428183e-03,
          1.5488131690796223e-02, 2.9542941367863497e-03,
          -2.1422775035030163e-03, 1.4561809220533935e-02,
          5.8917068168695942e-02, 4.8332959924527429e-02 ]
   - !!opencv-matrix
      rows: 10
      cols: 10
      dt: d
