%YAML:1.0
---
groups:
   - intact
   - CD19
   - blast
intactGmmnames:
   - "intact.Bln065.0"
   - "intact.Bln065.1"
   - "intact.Bln065.2"
   - "intact.Bln065.3"
   - "intact.Bln065.4"
intactLabels:
   - FSC-A
   - SSC-A
   - SY41
   - CD19
   - CD10
   - CD20
   - CD45
   - CD34
   - CD38
   - CD58
intactMu: !!opencv-matrix
   rows: 5
   cols: 10
   dt: d
   data: [ 1.5615156296132360e+00, 6.8819584390178745e-01,
       2.2426915438652135e+00, 7.1543748937742924e-01,
       8.5550099721152784e-01, 1.1314828742653789e+00,
       2.5606834217169427e+00, 9.9145614231782397e-01,
       2.8894432075746495e+00, 1.5392241800662303e+00,
       1.2859393362601415e+00, 4.7964888329762345e-01,
       2.1640533226042913e+00, 6.7319223237873949e-01,
       8.6597105956266340e-01, 9.6882668675149197e-01,
       2.5035641721324624e+00, 9.3736796260747524e-01,
       2.0573249341211541e+00, 1.2977831506772870e+00,
       2.7440743259289007e+00, 3.0063191992608629e+00,
       2.3064592789740743e+00, 1.0276239149873181e+00,
       1.8662904085517715e+00, 1.2581643819780690e+00,
       2.0453271577664345e+00, 1.2325623977828390e+00,
       2.3181101300358993e+00, 2.0549855022438561e+00,
       1.2671114584171472e+00, 6.1596370930967670e-01,
       2.3642555932976421e+00, 7.1793256965800500e-01,
       1.1439811864888385e+00, 1.0103515941049241e+00,
       1.6422490686593798e+00, 1.0266056614504808e+00,
       1.6670129773132327e+00, 1.6928899751596624e+00,
       1.1935399814773600e+00, 3.7457565270932414e-01,
       2.2077333785198809e+00, 6.8597065289663517e-01,
       8.8855590167488174e-01, 9.7291930336725518e-01,
       2.5037861698149881e+00, 9.4859768917211207e-01,
       2.5853823749314166e+00, 8.9935835528850550e-01 ]
intactSigma:
   - !!opencv-matrix
      rows: 10
      cols: 10
      dt: d
      data: [ 3.1106886465053524e-01, 2.2217395409622413e-02,
          1.8998028367055719e-02, -8.2636095892979977e-04,
          4.0156686663077781e-03, -1.2282781324430154e-02,
          2.2092556565063225e-02, 1.0025779192086445e-03,
          5.7227002001986244e-02, 1.7360589358863435e-02,
          2.2217395409622420e-02, 5.1507329040603768e-02,
          1.9493618489151514e-03, 6.7549174945025778e-05,
          -2.2159230630423837e-03, -3.9347135380663678e-03,
          1.1295872430837359e-02, 2.1103309710564580e-03,
          4.9978813059085303e-02, 4.1049330334760430e-02,
          1.8998028367055719e-02, 1.9493618489151521e-03,
          4.0359271561005980e-02, 3.4828870093356031e-03,
          1.4766523694635474e-03, -2.4856937755598041e-03,
          1.1109443106413633e-03, 3.1979533658234990e-03,
          -9.8809232818235712e-03, 9.6966280448827931e-04,
          -8.2636095892979857e-04, 6.7549174945025954e-05,
          3.4828870093356040e-03, 5.0992312339895762e-02,
          1.2068166287109178e-03, 1.2510565444046498e-03,
          7.1018089470418404e-04, -1.6198152095379204e-03,
          -1.4865318754703730e-03, -4.2998832081282985e-03,
          4.0156686663077772e-03, -2.2159230630423845e-03,
          1.4766523694635467e-03, 1.2068166287109174e-03,
          1.4147033291410311e-02, 1.4618288886088528e-03,
          2.1531170836326303e-03, -2.5614312066240405e-05,
          -4.9619832492828354e-03, -1.4706821784406982e-02,
          -1.2282781324430154e-02, -3.9347135380663678e-03,
          -2.4856937755598045e-03, 1.2510565444046487e-03,
          1.4618288886088528e-03, 6.2341870688789262e-02,
          7.6686428828137471e-04, -2.3423486473208664e-03,
          -4.3444805852147710e-02, -5.7459654692541360e-03,
          2.2092556565063221e-02, 1.1295872430837356e-02,
          1.1109443106413631e-03, 7.1018089470418382e-04,
          2.1531170836326303e-03, 7.6686428828137492e-04,
          2.2952023958567342e-02, 5.2075880466524390e-04,
          9.0203890820256243e-03, 1.7042608407373740e-02,
          1.0025779192086447e-03, 2.1103309710564580e-03,
          3.1979533658234990e-03, -1.6198152095379199e-03,
          -2.5614312066240412e-05, -2.3423486473208677e-03,
          5.2075880466524390e-04, 7.1293913138430060e-03,
          7.1088357537797478e-03, 2.5742639615786568e-03,
          5.7227002001986244e-02, 4.9978813059085296e-02,
          -9.8809232818235695e-03, -1.4865318754703723e-03,
          -4.9619832492828362e-03, -4.3444805852147710e-02,
          9.0203890820256261e-03, 7.1088357537797469e-03,
          6.8967243720948701e-01, 4.8846402255248021e-02,
          1.7360589358863431e-02, 4.1049330334760423e-02,
          9.6966280448827888e-04, -4.2998832081282993e-03,
          -1.4706821784406982e-02, -5.7459654692541351e-03,
          1.7042608407373736e-02, 2.5742639615786564e-03,
          4.8846402255248021e-02, 1.3217553616343516e-01 ]
   - !!opencv-matrix
      rows: 10
      cols: 10
      dt: d
      data: [ 4.7093267053058399e-02, 4.6526554181458898e-03,
          -1.0461968310730250e-03, -9.7751357377070429e-04,
          -6.0355283905294619e-04, -2.4862874916039791e-05,
          1.2258880007784854e-03, -1.1973117219882979e-03,
          -2.9563389402670410e-02, 3.4467502635053934e-03,
          4.6526554181458906e-03, 2.1394888786155444e-02,
          5.7945861772184136e-03, 6.3099671272451351e-04,
          -3.3290557941483673e-04, 2.7926911471845334e-04,
          1.3117307580263441e-02, 8.8559367679281651e-04,
          -2.6610308363939631e-02, 3.3276702057180189e-02,
          -1.0461968310730247e-03, 5.7945861772184144e-03,
          4.4641781237954418e-02, 2.5605851684016310e-03,
          1.1144503919087400e-03, 4.7476251599247606e-04,
          9.3409419295224505e-03, 2.2652538790753282e-03,
          -3.7466425610617046e-03, 2.0182773687326863e-02,
          -9.7751357377070408e-04, 6.3099671272451329e-04,
          2.5605851684016305e-03, 3.2806643630216820e-02,
          6.2796651537847827e-04, -7.9961306226287293e-04,
          1.5483818650156528e-03, -8.9410011534134628e-04,
          7.8709026781100064e-04, 3.7223966706842259e-04,
          -6.0355283905294608e-04, -3.3290557941483711e-04,
          1.1144503919087397e-03, 6.2796651537847848e-04,
          1.0120532799801268e-02, 1.8294724504351920e-04,
          2.0237179513986469e-03, -3.4650609111608918e-04,
          3.6904453562197790e-03, -9.0474949659317804e-03,
          -2.4862874916039760e-05, 2.7926911471845334e-04,
          4.7476251599247606e-04, -7.9961306226287315e-04,
          1.8294724504351907e-04, 4.7696559873384647e-03,
          8.4308161349048305e-05, 7.5701242483422797e-06,
          -4.4447114846090643e-03, 6.0960549000759064e-04,
          1.2258880007784858e-03, 1.3117307580263441e-02,
          9.3409419295224540e-03, 1.5483818650156528e-03,
          2.0237179513986469e-03, 8.4308161349048305e-05,
          2.5121258681732608e-02, 1.8205134035606267e-03,
          1.0572723858029192e-02, 2.6924247855117701e-02,
          -1.1973117219882981e-03, 8.8559367679281618e-04,
          2.2652538790753282e-03, -8.9410011534134606e-04,
          -3.4650609111608913e-04, 7.5701242483422839e-06,
          1.8205134035606263e-03, 2.4472298968196055e-03,
          4.0942558520768030e-03, 4.5054722358816432e-03,
          -2.9563389402670410e-02, -2.6610308363939631e-02,
          -3.7466425610617042e-03, 7.8709026781099989e-04,
          3.6904453562197799e-03, -4.4447114846090634e-03,
          1.0572723858029192e-02, 4.0942558520768021e-03,
          5.0037581279860810e-01, -4.4530798358494432e-02,
          3.4467502635053926e-03, 3.3276702057180189e-02,
          2.0182773687326867e-02, 3.7223966706842270e-04,
          -9.0474949659317804e-03, 6.0960549000759086e-04,
          2.6924247855117701e-02, 4.5054722358816440e-03,
          -4.4530798358494439e-02, 1.2938688436898221e-01 ]
   - !!opencv-matrix
      rows: 10
      cols: 10
      dt: d
