%YAML:1.0
---
groups:
   - intact
   - CD19
   - blast
intactGmmnames:
   - "intact.Bue014.0"
   - "intact.Bue014.1"
   - "intact.Bue014.2"
   - "intact.Bue014.3"
   - "intact.Bue014.4"
intactLabels:
   - FSC-A
   - SSC-A
   - SY41
   - CD19
   - CD10
   - CD20
   - CD45
   - CD34
   - CD38
   - CD58
intactMu: !!opencv-matrix
   rows: 5
   cols: 10
   dt: d
   data: [ 1.0101331176976771e+00, 2.6751122193657817e-01,
       2.6914966495785664e+00, 1.1245317026308213e+00,
       9.0555023793585199e-01, 1.1252736454913064e+00,
       1.6111883698705021e+00, 1.2641743149434073e+00,
       1.4437476903855391e+00, 2.8083951680208896e+00,
       2.6362563158955341e+00, 1.8427565844084204e+00,
       2.7353263564211345e+00, 1.2027901809368595e+00,
       1.1215382109665968e+00, 1.3069287890778660e+00,
       2.6290065092527768e+00, 1.9303177915618528e+00,
       2.2869294205423594e+00, 2.6291781361149504e+00,
       1.2820972516010118e+00, 2.8408963313495217e-01,
       2.2100128745856780e+00, 1.1246323136295315e+00,
       9.0450457574339105e-01, 1.1374005298288115e+00,
       3.4050789586833501e+00, 1.1565020015196188e+00,
       2.0242019185154567e+00, 1.6438695963633043e+00,
       1.7449660115462597e+00, 8.8949605508566121e-01,
       2.7558654376114773e+00, 1.3939015532601220e+00,
       1.3302755280008627e+00, 1.3668791912753264e+00,
       2.4386600796186606e+00, 1.8463446950039974e+00,
       2.2558032064240043e+00, 2.5399463893700909e+00,
       2.7589384714781557e+00, 2.2071500280467644e+00,
       2.6629945503815038e+00, 1.2249456331819468e+00,
       2.3357969189053049e+00, 1.2954878817458273e+00,
       2.8715664823260192e+00, 1.9031446783211254e+00,
       1.9905342529171834e+00, 2.7378728243973089e+00 ]
intactSigma:
   - !!opencv-matrix
      rows: 10
      cols: 10
      dt: d
      data: [ 1.2717047750064345e-01, 2.8918375636182297e-02,
          3.2753422421840359e-02, 3.0990621020949372e-03,
          9.4379778897355771e-03, 1.6639968861721385e-03,
          5.0226986776547050e-02, 1.5295219439248574e-02,
          4.3468874572501724e-02, 3.8707985855901086e-02,
          2.8918375636182297e-02, 1.0016153792782890e-02,
          9.6729782398805222e-03, 1.0391868691206653e-03,
          2.9490300037472578e-03, 7.1496479608045775e-04,
          1.6013118678043871e-02, 5.8739594642304837e-03,
          1.4739104608206582e-02, 1.0572336004959113e-02,
          3.2753422421840359e-02, 9.6729782398805222e-03,
          2.8549984551587509e-02, 1.5132431447543123e-03,
          3.7322361071597115e-03, 1.0983093880531391e-03,
          1.6881611876703680e-02, 8.1630343501357342e-03,
          1.2042233719082189e-02, 1.1193598415164492e-02,
          3.0990621020949372e-03, 1.0391868691206649e-03,
          1.5132431447543119e-03, 2.1176784288665554e-02,
          2.1771651976033005e-03, -3.8378307726018887e-04,
          2.3603674291013017e-03, -7.4266425974766582e-03,
          3.1639655851333753e-03, 1.5080108845077743e-03,
          9.4379778897355771e-03, 2.9490300037472578e-03,
          3.7322361071597115e-03, 2.1771651976033009e-03,
          5.2759646804652005e-02, 7.8895445761794139e-04,
          7.0496638247376214e-03, -2.1199622525714477e-03,
          5.9461071491202552e-03, 2.0818102191831650e-03,
          1.6639968861721392e-03, 7.1496479608045796e-04,
          1.0983093880531393e-03, -3.8378307726018903e-04,
          7.8895445761794139e-04, 1.1472299145436645e-02,
          1.4622119681289812e-03, -1.0065054916826631e-03,
          4.2078520215821548e-04, 5.5020910083515193e-04,
          5.0226986776547050e-02, 1.6013118678043871e-02,
          1.6881611876703680e-02, 2.3603674291013017e-03,
          7.0496638247376205e-03, 1.4622119681289810e-03,
          5.9743827130014457e-02, 1.1895491148328257e-02,
          3.0284550017847335e-02, 1.8839945755561062e-02,
          1.5295219439248565e-02, 5.8739594642304828e-03,
          8.1630343501357359e-03, -7.4266425974766574e-03,
          -2.1199622525714481e-03, -1.0065054916826631e-03,
          1.1895491148328260e-02, 8.0852754380792535e-02,
          9.8276211747314289e-03, 6.7653206989884366e-03,
          4.3468874572501717e-02, 1.4739104608206582e-02,
          1.2042233719082193e-02, 3.1639655851333761e-03,
          5.9461071491202534e-03, 4.2078520215821564e-04,
          3.0284550017847335e-02, 9.8276211747314289e-03,
          5.3383802854667421e-02, 1.6704594198988898e-02,
          3.8707985855901086e-02, 1.0572336004959113e-02,
          1.1193598415164492e-02, 1.5080108845077743e-03,
          2.0818102191831650e-03, 5.5020910083515193e-04,
          1.8839945755561062e-02, 6.7653206989884357e-03,
          1.6704594198988898e-02, 2.4133762567883167e-02 ]
   - !!opencv-matrix
      rows: 10
      cols: 10
      dt: d
      data: [ 1.9418044348384064e-01, 1.8931164378778587e-01,
          2.0644799093737776e-02, 1.0506985707554158e-02,
          2.4953072687272374e-02, 1.6628970704780519e-02,
          3.4589546294591711e-02, 5.1009096689530034e-02,
          3.3202054284722643e-02, 2.8748002555252738e-02,
          1.8931164378778587e-01, 2.8245997492956532e-01,
          2.1604197445467078e-02, 1.0183681948838178e-02,
          2.9781185985029560e-02, 1.4801442258366035e-02,
          4.3163223585449204e-02, 5.2792096237546264e-02,
          5.1545983701586702e-02, 3.4392586848742975e-02,
          2.0644799093737776e-02, 2.1604197445467078e-02,
          9.8085154868589597e-03, 1.6778504051179206e-03,
          3.3785405539803236e-03, 3.2589437445590622e-03,
          1.1026969239642955e-03, 8.4293813827042464e-03,
          1.3349442449306500e-02, 3.8359193194850514e-03,
          1.0506985707554154e-02, 1.0183681948838180e-02,
          1.6778504051179202e-03, 3.9775718265202514e-02,
          3.3034210657662782e-03, 9.4354602068493930e-04,
          3.0826952591622154e-03, -5.4237620678357105e-03,
          3.3660856599815594e-03, 2.4558083242267586e-03,
          2.4953072687272371e-02, 2.9781185985029560e-02,
          3.3785405539803232e-03, 3.3034210657662782e-03,
          5.6659304117221684e-02, 4.0877745042329841e-03,
          1.0474775409144087e-02, 9.2381979130507618e-03,
          4.7498838427770503e-03, 5.0591792278530320e-03,
          1.6628970704780519e-02, 1.4801442258366040e-02,
          3.2589437445590627e-03, 9.4354602068493984e-04,
          4.0877745042329824e-03, 2.9495699054675535e-02,
          2.7699013241787255e-03, 8.5604076766619824e-03,
          2.0448297778433099e-03, 3.1894349172083289e-03,
          3.4589546294591711e-02, 4.3163223585449204e-02,
          1.1026969239642951e-03, 3.0826952591622159e-03,
          1.0474775409144085e-02, 2.7699013241787251e-03,
          2.2169989392831352e-02, 1.0855068707669393e-02,
          -9.4023423252825072e-05, 8.4115268751208967e-03,
          5.1009096689530041e-02, 5.2792096237546264e-02,
          8.4293813827042447e-03, -5.4237620678357105e-03,
          9.2381979130507618e-03, 8.5604076766619842e-03,
          1.0855068707669396e-02, 7.1369472368227979e-02,
          1.3858519110498142e-02, 1.0398243013779484e-02,
          3.3202054284722657e-02, 5.1545983701586702e-02,
          1.3349442449306500e-02, 3.3660856599815586e-03,
          4.7498838427770529e-03, 2.0448297778433095e-03,
          -9.4023423252825289e-05, 1.3858519110498142e-02,
          8.4986543276442478e-02, 1.0407326057364967e-02,
          2.8748002555252731e-02, 3.4392586848742975e-02,
          3.8359193194850505e-03, 2.4558083242267586e-03,
          5.0591792278530338e-03, 3.1894349172083294e-03,
          8.4115268751208967e-03, 1.0398243013779481e-02,
          1.0407326057364967e-02, 1.2578576732402917e-02 ]
   - !!opencv-matrix
      rows: 10
      cols: 10
      dt: d
      data: [ 5.7204113213372251e-02, 1.5238946042594199e-02,
