%YAML:1.0
---
groups:
   - intact
   - CD19
   - blast
intactGmmnames:
   - "intact.Bue091.0"
   - "intact.Bue091.1"
   - "intact.Bue091.2"
   - "intact.Bue091.3"
   - "intact.Bue091.4"
intactLabels:
   - FSC-A
   - SSC-A
   - SY41
   - CD19
   - CD10
   - CD20
   - CD45
   - CD34
   - CD38
   - CD58
intactMu: !!opencv-matrix
   rows: 5
   cols: 10
   dt: d
   data: [ 1.0392883160876851e+00, 2.5386658135944445e-01,
       2.4588157235031831e+00, 1.0081191164953371e+00,
       9.2601110040906720e-01, 1.0140989535752241e+00,
       2.9987777837254135e+00, 1.1556331168766512e+00,
       1.4184024590691773e+00, 1.8956665977539555e+00,
       1.9751950358943311e+00, 1.7942619667566670e+00,
       2.4599319043619996e+00, 1.1668778736084213e+00,
       2.2664135458862522e+00, 1.1989458367463157e+00,
       2.7105228300879340e+00, 1.5693518100547763e+00,
       1.9610401703340814e+00, 2.5835984363953828e+00,
       1.1337225539559597e+00, 3.6812948097219922e-01,
       2.3625424671346291e+00, 1.0146190639642967e+00,
       9.0780751560258477e-01, 1.0601814457518479e+00,
       3.1204612975547015e+00, 1.1741772549188341e+00,
       2.8164318968426616e+00, 2.3008386474584710e+00,
       9.8119325666442314e-01, 2.5441344626073442e-01,
       2.7320722718972426e+00, 9.8700913592991335e-01,
       9.5273330404979073e-01, 1.0113331409512616e+00,
       1.4802817467966669e+00, 1.3678493602749930e+00,
       1.3162647362462416e+00, 2.6660084806871738e+00,
       9.4491334544041339e-01, 1.7928721403113748e-01,
       2.5419782825771606e+00, 9.5900116410451874e-01,
       9.0332027434564532e-01, 1.0179194269047365e+00,
       3.0278420570050075e+00, 1.1644262737573259e+00,
       1.7330003259262843e+00, 1.4966958325157216e+00 ]
intactSigma:
   - !!opencv-matrix
      rows: 10
      cols: 10
      dt: d
      data: [ 1.7870794566873384e-02, 6.1614969777198814e-03,
          -2.6423304734419224e-03, -2.1440669119902290e-03,
          -7.8328689974945973e-04, 2.2095343348376559e-04,
          1.8483246971882458e-02, -4.9153124080008085e-04,
          -3.9644615542837151e-03, 3.2655438584114779e-02,
          6.1614969777198788e-03, 5.6243177810331516e-03,
          -2.3714785590179723e-03, -1.6185900837858633e-03,
          -7.6072111416168196e-04, 2.2510746105338457e-04,
          8.9421220739217613e-03, -2.5381708887538658e-04,
          -1.1321610182672950e-03, 2.4707824262710783e-02,
          -2.6423304734419224e-03, -2.3714785590179723e-03,
          3.9460097107290072e-02, 2.5916080301375028e-03,
          1.1198105649447097e-03, 4.7060337408749578e-04,
          -1.4434704686178119e-02, 1.7208403616156473e-03,
          -2.4259824105948014e-03, -1.2042130486556061e-02,
          -2.1440669119902286e-03, -1.6185900837858633e-03,
          2.5916080301375023e-03, 1.4872094919742595e-02,
          -3.2999167214364258e-04, -2.2670142647509365e-04,
          5.1749961937067762e-04, -3.2984029801033541e-03,
          2.5813013700983880e-03, -8.3075694709263993e-03,
          -7.8328689974945973e-04, -7.6072111416168196e-04,
          1.1198105649447097e-03, -3.2999167214364225e-04,
          2.2326695919235702e-02, 4.5599636726075427e-04,
          1.5152834826480841e-03, -1.8664183086411303e-03,
          -2.6812094961963292e-03, -1.9863537437931791e-03,
          2.2095343348376559e-04, 2.2510746105338449e-04,
          4.7060337408749578e-04, -2.2670142647509333e-04,
          4.5599636726075411e-04, 1.4463120966826823e-02,
          2.4334470628635083e-03, -5.2379732090869751e-04,
          -1.7296216667130498e-03, 1.9717023555335914e-03,
          1.8483246971882458e-02, 8.9421220739217613e-03,
          -1.4434704686178116e-02, 5.1749961937067772e-04,
          1.5152834826480835e-03, 2.4334470628635087e-03,
          1.1694946479232177e-01, 7.1155811366799228e-04,
          -4.3783002998142558e-03, 8.6423950583680686e-02,
          -4.9153124080008063e-04, -2.5381708887538669e-04,
          1.7208403616156473e-03, -3.2984029801033541e-03,
          -1.8664183086411303e-03, -5.2379732090869740e-04,
          7.1155811366799228e-04, 1.4230711317548304e-02,
          -1.8551530702044355e-04, -3.7396918246364525e-04,
          -3.9644615542837151e-03, -1.1321610182672952e-03,
          -2.4259824105948018e-03, 2.5813013700983880e-03,
          -2.6812094961963296e-03, -1.7296216667130504e-03,
          -4.3783002998142558e-03, -1.8551530702044330e-04,
          5.0102640416039505e-02, -2.5112261788593264e-02,
          3.2655438584114779e-02, 2.4707824262710783e-02,
          -1.2042130486556061e-02, -8.3075694709263976e-03,
          -1.9863537437931783e-03, 1.9717023555335927e-03,
          8.6423950583680686e-02, -3.7396918246364509e-04,
          -2.5112261788593281e-02, 2.5331769182566505e-01 ]
   - !!opencv-matrix
      rows: 10
      cols: 10
      dt: d
      data: [ 1.5183902329214874e-01, 1.2880696364757710e-01,
          4.1347270901059118e-03, -5.8079053295851451e-03,
          1.5267967224316920e-02, -7.6259036089659773e-03,
          2.8008114142447933e-03, 1.9287664643292542e-03,
          4.1186153581261112e-02, 2.4538064015528598e-02,
          1.2880696364757704e-01, 3.5375431329923374e-01,
          -1.5608250018294250e-02, 1.1105201683729094e-02,
          1.4431296035812086e-01, 5.3147681794487450e-03,
          2.2777931411279932e-02, -2.3688981044974033e-03,
          2.1839659256297893e-02, 4.3457635147327783e-02,
          4.1347270901059118e-03, -1.5608250018294252e-02,
          5.3437432399426388e-02, 2.8807642023540486e-04,
          -6.4923174083452329e-02, 8.0329623042876084e-03,
          -2.6072526212523768e-02, 1.7053082269707250e-02,
          2.4838109685625370e-02, -6.5876349591704993e-03,
          -5.8079053295851451e-03, 1.1105201683729094e-02,
          2.8807642023540486e-04, 1.0588997666355007e-01,
          5.0099668230862253e-02, 3.5121484296936414e-02,
          4.5421092309827923e-02, 2.0946354431365555e-02,
          2.0262809789429674e-02, 2.9829879915975761e-02,
          1.5267967224316925e-02, 1.4431296035812080e-01,
          -6.4923174083452329e-02, 5.0099668230862253e-02,
          4.8019655033534775e-01, 1.7477837387701704e-02,
          1.1520085619662476e-01, -2.9697456654057184e-02,
          -9.8000845795555375e-02, 4.9845830838458852e-02,
          -7.6259036089659791e-03, 5.3147681794487450e-03,
          8.0329623042876084e-03, 3.5121484296936414e-02,
          1.7477837387701704e-02, 7.2263849205515540e-02,
          1.9697222371614746e-02, 4.2903745508615802e-02,
          1.3370042912912088e-02, 1.8004117526585151e-02,
          2.8008114142447933e-03, 2.2777931411279932e-02,
          -2.6072526212523768e-02, 4.5421092309827923e-02,
          1.1520085619662476e-01, 1.9697222371614746e-02,
          1.7079626908303511e-01, 3.3022816542089058e-02,
          3.6970369728280654e-02, 7.3842134460846462e-02,
          1.9287664643292542e-03, -2.3688981044974033e-03,
          1.7053082269707250e-02, 2.0946354431365555e-02,
          -2.9697456654057184e-02, 4.2903745508615802e-02,
          3.3022816542089058e-02, 1.7570456331185372e-01,
          4.8061338922541136e-02, 3.0752598712165725e-02,
          4.1186153581261112e-02, 2.1839659256297890e-02,
          2.4838109685625370e-02, 2.0262809789429674e-02,
          -9.8000845795555375e-02, 1.3370042912912088e-02,
          3.6970369728280654e-02, 4.8061338922541136e-02,
          1.5659096501817113e-01, 4.2807348864170945e-02,
          2.4538064015528598e-02, 4.3457635147327783e-02,
          -6.5876349591704993e-03, 2.9829879915975761e-02,
          4.9845830838458852e-02, 1.8004117526585151e-02,
          7.3842134460846462e-02, 3.0752598712165732e-02,
          4.2807348864170945e-02, 6.6684837437123667e-02 ]
   - !!opencv-matrix
      rows: 10
      cols: 10
      dt: d
