%YAML:1.0
---
groups:
   - intact
   - CD19
   - blast
intactGmmnames:
   - "intact.Bue069.0"
   - "intact.Bue069.1"
   - "intact.Bue069.2"
   - "intact.Bue069.3"
   - "intact.Bue069.4"
intactLabels:
   - FSC-A
   - SSC-A
   - SY41
   - CD19
   - CD10
   - CD20
   - CD45
   - CD34
   - CD38
   - CD58
intactMu: !!opencv-matrix
   rows: 5
   cols: 10
   dt: d
   data: [ 1.6637220150398402e+00, 6.2396679640564345e-01,
       3.7947700566365277e+00, 1.1437400688144568e+00,
       9.8232596282497187e-01, 1.4782359933450919e+00,
       1.9622402618738628e+00, 1.9308369059894976e+00,
       1.6314866267699717e+00, 2.0711918390435708e+00,
       1.1678727398512367e+00, 2.4312914097602203e-01,
       3.5057950080269626e+00, 1.0445572673475294e+00,
       9.1868793062999865e-01, 1.1500000340815524e+00,
       3.3970388856690072e+00, 1.2788957560438068e+00,
       1.7478184489217983e+00, 1.2162139457913899e+00,
       2.4413196245604438e+00, 2.7093902117803403e+00,
       3.6583165232465511e+00, 1.1607427636989114e+00,
       1.3261336947827782e+00, 1.5042387150458250e+00,
       3.0544428997169684e+00, 2.3137818958871703e+00,
       2.0217161450707684e+00, 2.7339613478988531e+00,
       1.5153596109120162e+00, 4.3903879547632013e-01,
       3.5125251241722255e+00, 1.0630131976372450e+00,
       9.3945996069226445e-01, 1.1659070262423710e+00,
       3.6651477775185723e+00, 1.3279752096003319e+00,
       2.9745552730659899e+00, 2.0157613143146285e+00,
       1.2574692940086343e+00, 3.5407824292837642e-01,
       3.6720752554126062e+00, 1.0388256033282872e+00,
       9.2004057805943540e-01, 1.1501527252346215e+00,
       1.4526945889506695e+00, 1.5295803854360626e+00,
       1.2573477247173661e+00, 2.6990894368455480e+00 ]
intactSigma:
   - !!opencv-matrix
      rows: 10
      cols: 10
      dt: d
      data: [ 5.0635161806544282e-01, 1.7468775912375561e-01,
          6.2563088833900840e-02, 8.6300425698837419e-03,
          2.3481569844119980e-02, -3.7946668446166257e-03,
          2.1539705267892845e-01, 7.1842252055918820e-02,
          1.6147286200509742e-01, 2.3503976432076981e-01,
          1.7468775912375561e-01, 2.2490847053981419e-01,
          4.4025062628359632e-02, 2.3477012614675750e-02,
          2.8082808080964271e-02, 4.5633624965177699e-02,
          1.8878737778889990e-01, 1.0758993907448949e-01,
          1.4795802032623648e-01, 2.2531573602196633e-01,
          6.2563088833900840e-02, 4.4025062628359625e-02,
          7.2797384629073786e-02, 1.0824395234981131e-02,
          7.1493062469119642e-03, 5.6513004570171041e-02,
          -2.3976718056561569e-03, 8.6415522114606610e-02,
          1.7891730209158181e-03, 8.4747782563947674e-02,
          8.6300425698837436e-03, 2.3477012614675753e-02,
          1.0824395234981131e-02, 8.7108457166611725e-02,
          1.0502873150215883e-02, 7.0630476842904036e-02,
          4.1401909452188600e-02, 3.5385114857021872e-02,
          2.8752757264971238e-03, 3.1483649404204429e-02,
          2.3481569844119969e-02, 2.8082808080964271e-02,
          7.1493062469119659e-03, 1.0502873150215883e-02,
          4.0155362028582366e-02, 2.8885339604468832e-02,
          3.9495519939205352e-02, 2.9816336551808025e-02,
          1.7496027834089694e-02, 3.9627647434982725e-02,
          -3.7946668446166287e-03, 4.5633624965177699e-02,
          5.6513004570171041e-02, 7.0630476842904036e-02,
          2.8885339604468832e-02, 3.7598643682003074e-01,
          2.2165549277937076e-02, 2.2393242275462943e-01,
          -6.1563404037463271e-02, 7.9954913217391982e-02,
          2.1539705267892842e-01, 1.8878737778889990e-01,
          -2.3976718056561565e-03, 4.1401909452188600e-02,
          3.9495519939205345e-02, 2.2165549277937083e-02,
          7.9162494510814274e-01, 8.0650814507320714e-02,
          3.5614618864999875e-01, 2.4876730826084184e-01,
          7.1842252055918820e-02, 1.0758993907448949e-01,
          8.6415522114606610e-02, 3.5385114857021872e-02,
          2.9816336551808025e-02, 2.2393242275462941e-01,
          8.0650814507320714e-02, 3.6145205050843127e-01,
          4.4819047485757692e-02, 1.9400384487571476e-01,
          1.6147286200509742e-01, 1.4795802032623648e-01,
          1.7891730209158173e-03, 2.8752757264971247e-03,
          1.7496027834089694e-02, -6.1563404037463271e-02,
          3.5614618864999875e-01, 4.4819047485757692e-02,
          4.5413877453162821e-01, 1.5824561062240414e-01,
          2.3503976432076981e-01, 2.2531573602196631e-01,
          8.4747782563947702e-02, 3.1483649404204429e-02,
          3.9627647434982725e-02, 7.9954913217391982e-02,
          2.4876730826084190e-01, 1.9400384487571476e-01,
          1.5824561062240414e-01, 6.6309542640145414e-01 ]
   - !!opencv-matrix
      rows: 10
      cols: 10
      dt: d
      data: [ 6.0456648639107970e-02, 1.1980289799223770e-02,
          1.0972913001259432e-03, 4.5658556709765542e-04,
          2.1552622093059053e-03, 1.0436494639109550e-03,
          1.5966992831377910e-02, -7.0149969260404092e-03,
          -2.5231538836699614e-02, 3.7993680585336101e-02,
          1.1980289799223770e-02, 9.1971994098150600e-03,
          -8.2666901274424732e-05, 4.3649493736551800e-04,
          1.0567141682430471e-03, 1.3423854966613828e-03,
          8.6225481295776011e-03, 6.5013119903786060e-04,
          -8.6390160590325473e-03, 4.1971340610839666e-02,
          1.0972913001259439e-03, -8.2666901274424745e-05,
          9.4330898911073255e-03, 1.0873426417541783e-04,
          1.2991589065818344e-05, -1.8938722549151975e-04,
          -1.4894464949453924e-03, 1.7948281462393150e-03,
          -5.5626712426450897e-03, -2.5289008239266714e-03,
          4.5658556709765607e-04, 4.3649493736551783e-04,
          1.0873426417541790e-04, 2.0004193458551901e-02,
          5.9103138573523092e-05, -6.3460724096408325e-04,
          5.5304954707644936e-04, -1.1450707612147646e-02,
          -6.3362406606382992e-04, 2.4691057484989270e-03,
          2.1552622093059053e-03, 1.0567141682430476e-03,
          1.2991589065818323e-05, 5.9103138573523119e-05,
          1.1117355794172595e-02, 5.5739339776338960e-04,
          1.4723972687865703e-03, -2.4469326825124877e-03,
          -3.0400475499178831e-03, 2.9759887689600755e-03,
          1.0436494639109552e-03, 1.3423854966613828e-03,
          -1.8938722549151964e-04, -6.3460724096408325e-04,
          5.5739339776338971e-04, 2.6763904043926673e-02,
          1.8984979885161193e-03, 2.1619682866761878e-04,
          -6.1885090396538367e-03, 6.4034697630879307e-03,
          1.5966992831377910e-02, 8.6225481295776011e-03,
          -1.4894464949453924e-03, 5.5304954707644915e-04,
          1.4723972687865705e-03, 1.8984979885161193e-03,
          2.5614788739482929e-02, -5.2467176519652473e-04,
          -7.4406350095222442e-03, 2.7948657236337857e-02,
          -7.0149969260404092e-03, 6.5013119903786038e-04,
          1.7948281462393145e-03, -1.1450707612147644e-02,
          -2.4469326825124873e-03, 2.1619682866761883e-04,
          -5.2467176519652528e-04, 1.0182279417003445e-01,
          -6.0278399451939631e-03, 1.0491330639113254e-02,
          -2.5231538836699617e-02, -8.6390160590325473e-03,
          -5.5626712426450897e-03, -6.3362406606382970e-04,
          -3.0400475499178822e-03, -6.1885090396538358e-03,
          -7.4406350095222425e-03, -6.0278399451939657e-03,
          2.0665117539328415e-01, -5.0384363878429365e-02,
          3.7993680585336101e-02, 4.1971340610839666e-02,
          -2.5289008239266731e-03, 2.4691057484989270e-03,
          2.9759887689600742e-03, 6.4034697630879316e-03,
          2.7948657236337861e-02, 1.0491330639113257e-02,
          -5.0384363878429358e-02, 3.3574098922671852e-01 ]
   - !!opencv-matrix
      rows: 10
      cols: 10
      dt: d
