%YAML:1.0
---
groups:
   - intact
   - CD19
   - blast
intactGmmnames:
   - "intact.Bue057.0"
   - "intact.Bue057.1"
   - "intact.Bue057.2"
   - "intact.Bue057.3"
   - "intact.Bue057.4"
intactLabels:
   - FSC-A
   - SSC-A
   - SY41
   - CD19
   - CD10
   - CD20
   - CD45
   - CD34
   - CD38
   - CD58
intactMu: !!opencv-matrix
   rows: 5
   cols: 10
   dt: d
   data: [ 1.2348821096563976e+00, 2.2071909675869125e-01,
       2.7349861821203043e+00, 7.8126136474121644e-01,
       8.0946241634768101e-01, 9.6743525755963056e-01,
       3.2074682370222751e+00, 1.1301068137725405e+00,
       1.9381079254391080e+00, 1.3664920678375845e+00,
       1.4537036832207577e+00, 2.9348955570852386e-01,
       2.7210843596618459e+00, 8.6557581848892085e-01,
       8.4219544339229535e-01, 9.8560807876813283e-01,
       3.2979104925725431e+00, 1.1468069220414878e+00,
       1.6374755848847273e+00, 1.9864562234569785e+00,
       2.2694099921066475e+00, 2.2227073219500566e+00,
       2.9016660280032363e+00, 9.3614014935646461e-01,
       1.2986049405126661e+00, 1.0848099224692060e+00,
       2.6873119709034592e+00, 1.4508361033902706e+00,
       2.3077969170267290e+00, 2.6863553142133552e+00,
       1.5740210586242582e+00, 3.1839532200541643e-01,
       2.7039890732817278e+00, 8.3811884983783713e-01,
       8.2692368540279193e-01, 9.9357034710774350e-01,
       3.3485641256494736e+00, 1.1282744891943803e+00,
       2.9329439689121148e+00, 2.1316415078257775e+00,
       1.4025862110132066e+00, 3.1682777272043045e-01,
       2.8810869687940768e+00, 8.9709594661042713e-01,
       1.0477946479144382e+00, 1.0186803135469782e+00,
       1.7157728595272879e+00, 1.2561926249706010e+00,
       1.3099844510301974e+00, 2.5948407548636934e+00 ]
intactSigma:
   - !!opencv-matrix
      rows: 10
      cols: 10
      dt: d
      data: [ 1.4304834353120023e-02, 2.8068827373670291e-03,
          4.1957380603164611e-03, -3.6706866783271558e-04,
          8.3837891235615631e-04, 1.4303235273722991e-04,
          5.5382727791883401e-03, -3.4589395332025325e-05,
          -8.2436107326306577e-03, 1.3636250410448516e-02,
          2.8068827373670291e-03, 1.7946816366568928e-03,
          3.0003858384987592e-04, -8.4912975185847482e-05,
          3.7687494786281658e-04, 8.2004885628676128e-06,
          2.8462304344693511e-03, -8.0002010205022263e-05,
          -2.9028270559979751e-03, 6.0613261264350167e-03,
          4.1957380603164611e-03, 3.0003858384987581e-04,
          5.8763658119274850e-03, -1.2016800590163514e-04,
          2.6519603802611967e-04, 9.9746883887396966e-05,
          -1.2146540146981571e-04, 4.9477156330750499e-04,
          -4.7998633692299666e-03, 1.0505189853145371e-03,
          -3.6706866783271541e-04, -8.4912975185847455e-05,
          -1.2016800590163517e-04, 1.7730589138817223e-02,
          4.9850882335172278e-04, -1.5342529023174884e-03,
          -1.9078338104244597e-04, -5.8433924503585510e-03,
          2.7165298178582669e-03, -4.8990629317836260e-03,
          8.3837891235615620e-04, 3.7687494786281669e-04,
          2.6519603802611962e-04, 4.9850882335172289e-04,
          1.5785797565388154e-02, 6.1273707570192175e-04,
          7.5427931228511666e-04, -2.6418013806457923e-03,
          -1.7168560410483363e-03, -1.4601169762259202e-03,
          1.4303235273722961e-04, 8.2004885628675975e-06,
          9.9746883887396858e-05, -1.5342529023174888e-03,
          6.1273707570192208e-04, 5.0984400653681622e-02,
          3.0278790148648041e-04, -8.1700152988419168e-04,
          -6.0812700654680838e-03, 1.1781016320514966e-03,
          5.5382727791883401e-03, 2.8462304344693511e-03,
          -1.2146540146981571e-04, -1.9078338104244611e-04,
          7.5427931228511666e-04, 3.0278790148648041e-04,
          1.2775384645928351e-02, -2.0424226631551591e-04,
          -8.5016282466874663e-03, 1.1566656272718140e-02,
          -3.4589395332025271e-05, -8.0002010205022290e-05,
          4.9477156330750510e-04, -5.8433924503585510e-03,
          -2.6418013806457931e-03, -8.1700152988419146e-04,
          -2.0424226631551585e-04, 1.4799852303340617e-02,
          -2.5341704281075499e-03, 1.4249994109713868e-03,
          -8.2436107326306577e-03, -2.9028270559979751e-03,
          -4.7998633692299683e-03, 2.7165298178582664e-03,
          -1.7168560410483363e-03, -6.0812700654680812e-03,
          -8.5016282466874663e-03, -2.5341704281075486e-03,
          2.0997482926549699e-01, -4.6684240780904447e-02,
          1.3636250410448516e-02, 6.0613261264350167e-03,
          1.0505189853145366e-03, -4.8990629317836260e-03,
          -1.4601169762259198e-03, 1.1781016320514966e-03,
          1.1566656272718141e-02, 1.4249994109713868e-03,
          -4.6684240780904447e-02, 1.7320399297851388e-01 ]
   - !!opencv-matrix
      rows: 10
      cols: 10
      dt: d
      data: [ 3.5407275409446298e-02, 7.0180181467005866e-03,
          2.6425453265838559e-03, -8.0543130581245872e-03,
          -3.8600284684704944e-05, -1.1218234059855248e-03,
          1.2268990069509314e-02, -1.6470593146777537e-03,
          -1.9758542106757350e-02, 3.7328021516075983e-02,
          7.0180181467005866e-03, 5.0225620707069034e-03,
          -3.5226092562111867e-04, -1.4372447809078246e-03,
          1.1709330154610522e-03, 4.4041573385672787e-04,
          4.6530007771248723e-03, 1.2199531603935842e-04,
          -2.8533466186485439e-03, 1.2169277693286211e-02,
          2.6425453265838551e-03, -3.5226092562111840e-04,
          2.0837874851226977e-02, 2.1434234374636029e-03,
          1.4730292965065544e-03, 1.0333388717520512e-03,
          -4.3467827982933173e-03, 1.8357334276405872e-03,
          -9.3817025009919324e-03, -5.8014553625251033e-03,
          -8.0543130581245872e-03, -1.4372447809078246e-03,
          2.1434234374636033e-03, 4.3402087511571687e-02,
          1.6258399346084824e-03, 7.0091927614117269e-04,
          -3.3476569875580254e-03, -5.9671248333108421e-03,
          1.4037848676530460e-02, -1.5860821950301487e-02,
          -3.8600284684704971e-05, 1.1709330154610522e-03,
          1.4730292965065542e-03, 1.6258399346084824e-03,
          2.3233970496527638e-02, 2.1673796936858918e-03,
          2.7588188927036990e-05, -1.9328285611128261e-03,
          1.1101814359237302e-04, -5.0873255257251869e-04,
          -1.1218234059855246e-03, 4.4041573385672787e-04,
          1.0333388717520514e-03, 7.0091927614117301e-04,
          2.1673796936858918e-03, 4.7777831208473523e-02,
          -3.5347775431318330e-04, -4.6779967727768363e-05,
          -3.2370983946359540e-03, -5.6564268630634963e-04,
          1.2268990069509314e-02, 4.6530007771248723e-03,
          -4.3467827982933173e-03, -3.3476569875580254e-03,
          2.7588188927037190e-05, -3.5347775431318309e-04,
          2.1239569095697707e-02, -8.6294501685449940e-04,
          3.5010415298336703e-03, 1.7395677604019631e-02,
          -1.6470593146777537e-03, 1.2199531603935845e-04,
          1.8357334276405876e-03, -5.9671248333108412e-03,
          -1.9328285611128261e-03, -4.6779967727768363e-05,
          -8.6294501685449908e-04, 1.9405355851488216e-02,
          1.3216944183890007e-03, -3.2781801612635727e-03,
          -1.9758542106757346e-02, -2.8533466186485426e-03,
          -9.3817025009919307e-03, 1.4037848676530460e-02,
          1.1101814359237360e-04, -3.2370983946359553e-03,
          3.5010415298336716e-03, 1.3216944183890007e-03,
          2.2973263223148332e-01, -4.5286583864505681e-02,
          3.7328021516075990e-02, 1.2169277693286211e-02,
          -5.8014553625251033e-03, -1.5860821950301491e-02,
          -5.0873255257251869e-04, -5.6564268630634833e-04,
          1.7395677604019631e-02, -3.2781801612635740e-03,
          -4.5286583864505681e-02, 9.9941112648497241e-02 ]
   - !!opencv-matrix
      rows: 10
      cols: 10
