%YAML:1.0
---
groups:
   - intact
   - CD19
   - blast
intactGmmnames:
   - "intact.Bue015.0"
   - "intact.Bue015.1"
   - "intact.Bue015.2"
   - "intact.Bue015.3"
   - "intact.Bue015.4"
intactLabels:
   - FSC-A
   - SSC-A
   - SY41
   - CD19
   - CD10
   - CD20
   - CD45
   - CD34
   - CD38
   - CD58
intactMu: !!opencv-matrix
   rows: 5
   cols: 10
   dt: d
   data: [ 1.4358027792285446e+00, 3.5848703825687589e-01,
       3.2612080061841522e+00, 1.3973719066314987e+00,
       1.4716428540112052e+00, 1.3223000842486554e+00,
       2.7560539228778160e+00, 1.4622001212426843e+00,
       1.8466385785188182e+00, 2.2193566948281207e+00,
       1.9719506250895769e+00, 4.5292718233142126e-01,
       3.1224957932463213e+00, 1.0910095783763050e+00,
       9.5008624734297431e-01, 1.1261913448192125e+00,
       3.6961594353735445e+00, 1.1905612333507762e+00,
       2.5079052065465843e+00, 2.3187535768445691e+00,
       1.4827652274524736e+00, 2.6450337927789491e-01,
       3.2463936881540461e+00, 1.0999113876526159e+00,
       9.8996268389124842e-01, 1.1040685232872067e+00,
       3.4777330519407226e+00, 1.2034547096579704e+00,
       1.7238525576474191e+00, 1.5063738184681612e+00,
       2.7052950607402040e+00, 2.2210898064041786e+00,
       3.3061643036842598e+00, 1.5325704569728822e+00,
       2.1309254415960459e+00, 1.4156958595708147e+00,
       3.0332170884231058e+00, 2.0954152750508865e+00,
       2.3014246880667684e+00, 2.8181136397772768e+00,
       1.7713532996186601e+00, 3.4051092326756849e-01,
       3.2087370545056446e+00, 1.0835743588510780e+00,
       9.2464985070386296e-01, 1.2393965842776224e+00,
       3.5226906755151779e+00, 1.1722688689303646e+00,
       9.2950737920792270e-01, 2.1672266242439719e+00 ]
intactSigma:
   - !!opencv-matrix
      rows: 10
      cols: 10
      dt: d
      data: [ 2.5853415246598005e-01, 2.4966475575979228e-02,
          -5.4930794248755022e-02, -1.1950555338406338e-02,
          -3.4051257355010814e-02, 1.1473542520525374e-02,
          2.5472001358461088e-01, -4.6936269292011848e-02,
          1.1227770065667100e-01, -5.3409528610332798e-03,
          2.4966475575979228e-02, 1.8561442868337663e-02,
          -6.1218862751922381e-04, -3.5179705943679373e-03,
          -4.5646930764675683e-03, 1.5637207165431252e-03,
          3.0597007168954599e-02, 3.7137421349005884e-03,
          1.7398265486555257e-02, 1.7345233356169311e-02,
          -5.4930794248755035e-02, -6.1218862751922446e-04,
          6.5998238352437066e-02, 1.4529172949922666e-02,
          4.5044519412420436e-02, 1.9480784652824591e-03,
          -5.5263515191798729e-02, 3.6045406899064360e-02,
          -3.2991758403536513e-02, -2.6162036222813099e-03,
          -1.1950555338406338e-02, -3.5179705943679386e-03,
          1.4529172949922666e-02, 1.7055680079636046e-01,
          1.7680753016914963e-01, 1.4853408578878256e-02,
          1.5962742732493478e-02, 4.6671187155451828e-02,
          8.8142359048918928e-02, -2.4351337557746010e-02,
          -3.4051257355010821e-02, -4.5646930764675683e-03,
          4.5044519412420436e-02, 1.7680753016914963e-01,
          4.8114345972570310e-01, 3.0555835053268421e-02,
          1.3862797086867223e-02, 1.3642070819980509e-01,
          8.9256960806193053e-02, -6.2540671729505767e-02,
          1.1473542520525367e-02, 1.5637207165431256e-03,
          1.9480784652824588e-03, 1.4853408578878256e-02,
          3.0555835053268421e-02, 2.0899224245875170e-01,
          1.1277537445005537e-01, 1.9271012637494152e-02,
          1.8559032168665467e-02, 7.3345455187567273e-03,
          2.5472001358461088e-01, 3.0597007168954599e-02,
          -5.5263515191798729e-02, 1.5962742732493478e-02,
          1.3862797086867230e-02, 1.1277537445005534e-01,
          8.4491945917062417e-01, -3.8439174674219902e-02,
          2.8138601791848328e-01, -1.0132231223458543e-01,
          -4.6936269292011848e-02, 3.7137421349005884e-03,
          3.6045406899064353e-02, 4.6671187155451828e-02,
          1.3642070819980509e-01, 1.9271012637494148e-02,
          -3.8439174674219923e-02, 1.6501910153115332e-01,
          1.1256056146772957e-02, 1.8200738032639555e-02,
          1.1227770065667100e-01, 1.7398265486555254e-02,
          -3.2991758403536506e-02, 8.8142359048918928e-02,
          8.9256960806193053e-02, 1.8559032168665463e-02,
          2.8138601791848333e-01, 1.1256056146772957e-02,
          6.0956705851611770e-01, -8.9284183394933547e-02,
          -5.3409528610332780e-03, 1.7345233356169307e-02,
          -2.6162036222813086e-03, -2.4351337557746020e-02,
          -6.2540671729505795e-02, 7.3345455187567256e-03,
          -1.0132231223458543e-01, 1.8200738032639552e-02,
          -8.9284183394933561e-02, 2.7618726330163518e-01 ]
   - !!opencv-matrix
      rows: 10
      cols: 10
      dt: d
      data: [ 3.9661506019546933e-02, 8.9659957796869496e-03,
          9.4371150358861630e-04, -7.7104008190110229e-04,
          -1.0141867900357699e-03, -5.5747185274715727e-03,
          7.3361396735884959e-03, 5.3079299735765402e-04,
          2.6812939063428694e-02, 9.2479944985078087e-03,
          8.9659957796869496e-03, 7.4353225445706996e-03,
          -1.4648520880020807e-03, -2.8855639849897658e-04,
          2.3572953508836918e-04, -2.1161456612371682e-03,
          4.7620155250756527e-03, 1.2781811494094365e-04,
          1.1707902167628001e-02, 5.7510068740535096e-03,
          9.4371150358861630e-04, -1.4648520880020807e-03,
          2.6261782565513907e-02, 1.1183332944979798e-03,
          1.1828047979998237e-03, 1.3989001581631068e-03,
          -3.4582537678698117e-03, 8.4814096810443900e-04,
          6.2249725990414558e-03, -1.4487581950867394e-03,
          -7.7104008190110207e-04, -2.8855639849897664e-04,
          1.1183332944979805e-03, 2.7407369956051319e-02,
          9.1282852363879664e-03, 4.3391259919559744e-04,
          -1.7344530285517984e-04, -7.8123389302392479e-03,
          2.7370680903917263e-03, 5.8967903452737127e-04,
          -1.0141867900357699e-03, 2.3572953508836943e-04,
          1.1828047979998240e-03, 9.1282852363879646e-03,
          8.1684238773316320e-02, 2.9574845522170388e-03,
          7.8644674906350577e-04, -8.6010619522718004e-04,
          -1.6238146934523091e-03, -8.8406198786899871e-05,
          -5.5747185274715727e-03, -2.1161456612371682e-03,
          1.3989001581631068e-03, 4.3391259919559760e-04,
          2.9574845522170397e-03, 4.0019896908086834e-02,
          -6.1265420538239655e-04, -1.4684702223668384e-03,
          -1.1132177501675751e-02, -1.9743738008112127e-03,
          7.3361396735884933e-03, 4.7620155250756536e-03,
          -3.4582537678698117e-03, -1.7344530285517984e-04,
          7.8644674906350534e-04, -6.1265420538239698e-04,
          1.1000906244332405e-02, 1.5220181973108923e-05,
          -1.8743558090755263e-03, 5.9494652738855038e-03,
          5.3079299735765370e-04, 1.2781811494094378e-04,
          8.4814096810443868e-04, -7.8123389302392479e-03,
          -8.6010619522717950e-04, -1.4684702223668388e-03,
          1.5220181973108960e-05, 5.1503594460447354e-02,
          3.9484242315887133e-03, 5.9121960114017099e-04,
          2.6812939063428694e-02, 1.1707902167627999e-02,
          6.2249725990414541e-03, 2.7370680903917271e-03,
          -1.6238146934523074e-03, -1.1132177501675755e-02,
          -1.8743558090755261e-03, 3.9484242315887151e-03,
          3.3277705600022295e-01, 1.5131894627420043e-02,
          9.2479944985078087e-03, 5.7510068740535096e-03,
          -1.4487581950867405e-03, 5.8967903452737083e-04,
          -8.8406198786900427e-05, -1.9743738008112118e-03,
          5.9494652738855056e-03, 5.9121960114017099e-04,
          1.5131894627420043e-02, 1.8124776392641918e-02 ]
   - !!opencv-matrix
      rows: 10
      cols: 10
      dt: d
