%YAML:1.0
---
groups:
   - intact
   - blast
intactGmmnames:
   - "intact.Bue067.0"
   - "intact.Bue067.1"
   - "intact.Bue067.2"
   - "intact.Bue067.3"
   - "intact.Bue067.4"
intactLabels:
   - FSC-A
   - SSC-A
   - SY41
   - CD19
   - CD10
   - CD20
   - CD45
   - CD34
   - CD38
   - CD58
intactMu: !!opencv-matrix
   rows: 5
   cols: 10
   dt: d
   data: [ 1.8797232942963340e+00, 1.1536679967254535e+00,
       3.8867769713871176e+00, 1.6313879366564699e+00,
       1.3653804569375985e+00, 1.4665236029615101e+00,
       2.8293734803537429e+00, 2.0545682844748629e+00,
       2.6026446171043047e+00, 2.1892826102171572e+00,
       9.2288078305458676e-01, 1.7382204569306312e-01,
       3.5822765811277653e+00, 3.0521649911928561e+00,
       9.6323050892650608e-01, 3.6197162475584910e+00,
       3.4972012675380033e+00, 1.1107833267283107e+00,
       1.4177937402522109e+00, 1.0240393078275927e+00,
       1.9505913926837044e+00, 1.2059548702756684e+00,
       3.7323719891269245e+00, 1.2064755279070276e+00,
       1.4867434804420865e+00, 1.3688950733393637e+00,
       2.9743776337521877e+00, 1.7201970891058664e+00,
       2.3101186666082891e+00, 2.4615895163485702e+00,
       7.7892173670152598e-01, 2.5857647238671955e-01,
       3.6824113974200765e+00, 1.1175443369719451e+00,
       9.1240474534353999e-01, 1.1128923196763942e+00,
       1.5549486906685217e+00, 1.2281827285859712e+00,
       1.1834048596960336e+00, 2.6562780068387348e+00,
       1.0132433247482948e+00, 1.9478590268622040e-01,
       3.6361658544151485e+00, 1.1093647531320958e+00,
       9.0965945176295016e-01, 1.1326351320978576e+00,
       3.5529268568885937e+00, 1.0946961233814241e+00,
       1.7528968533536762e+00, 1.2313486268753300e+00 ]
intactSigma:
   - !!opencv-matrix
      rows: 10
      cols: 10
      dt: d
      data: [ 4.5162836712571031e-01, 4.1487154299913287e-01,
          4.3954485340294634e-02, -1.1684263037122604e-01,
          -6.7314186695904152e-02, 1.7065845040441476e-02,
          1.6286571886726411e-01, -6.1810258737260829e-02,
          2.5692751605478814e-01, 1.0669585364419715e-01,
          4.1487154299913287e-01, 8.1558601914153772e-01,
          -2.0384386941942473e-03, -2.2796794213215146e-01,
          -7.2056384265520978e-03, 1.1092203497776504e-01,
          1.9278355394780583e-01, -4.7527998946720482e-02,
          1.8331689838360618e-01, 1.7603705896054150e-01,
          4.3954485340294634e-02, -2.0384386941942490e-03,
          6.7609592980722832e-02, -8.3645912990896951e-03,
          -1.6288556639799941e-02, -9.3689631639444666e-03,
          -1.2795619827193629e-02, -1.3506140996447546e-02,
          3.8956849215365401e-02, -2.3718114726394172e-02,
          -1.1684263037122604e-01, -2.2796794213215146e-01,
          -8.3645912990896968e-03, 4.7762995899846827e-01,
          6.6211586220900939e-02, 5.5100702070186913e-02,
          -3.2010262328563681e-02, 3.3330000190366454e-01,
          -1.1099470238155862e-01, -2.5596486752208360e-02,
          -6.7314186695904152e-02, -7.2056384265520926e-03,
          -1.6288556639799938e-02, 6.6211586220900939e-02,
          3.0522318863852010e-01, 4.7591555836436809e-02,
          -1.5026783288341722e-02, 9.4983614983206316e-02,
          -1.2945789467575269e-01, 5.7109264694631720e-02,
          1.7065845040441466e-02, 1.1092203497776504e-01,
          -9.3689631639444632e-03, 5.5100702070186913e-02,
          4.7591555836436809e-02, 3.3712569723024832e-01,
          1.0791544125349935e-01, 7.9645587186708611e-02,
          -7.4759413507709510e-02, 4.1798421434414174e-02,
          1.6286571886726411e-01, 1.9278355394780583e-01,
          -1.2795619827193625e-02, -3.2010262328563681e-02,
          -1.5026783288341717e-02, 1.0791544125349935e-01,
          3.2059980373274766e-01, -3.2892295857582320e-02,
          1.5106126286240767e-01, 8.3728615128486561e-02,
          -6.1810258737260829e-02, -4.7527998946720482e-02,
          -1.3506140996447546e-02, 3.3330000190366454e-01,
          9.4983614983206316e-02, 7.9645587186708611e-02,
          -3.2892295857582333e-02, 6.8586704705069090e-01,
          -2.2768867715276789e-01, 7.8872525725910293e-03,
          2.5692751605478820e-01, 1.8331689838360618e-01,
          3.8956849215365401e-02, -1.1099470238155862e-01,
          -1.2945789467575269e-01, -7.4759413507709496e-02,
          1.5106126286240767e-01, -2.2768867715276789e-01,
          7.0583012725496019e-01, 4.3401678123246620e-02,
          1.0669585364419716e-01, 1.7603705896054150e-01,
          -2.3718114726394179e-02, -2.5596486752208360e-02,
          5.7109264694631720e-02, 4.1798421434414174e-02,
          8.3728615128486561e-02, 7.8872525725910293e-03,
          4.3401678123246613e-02, 2.8762238282077235e-01 ]
   - !!opencv-matrix
      rows: 10
      cols: 10
      dt: d
      data: [ 2.3383221788358579e-02, 5.6238784210438644e-03,
          -6.1965012935714398e-03, 7.0813841538111787e-03,
          2.4123986480753356e-03, 1.0988188740953855e-02,
          1.0800669942257214e-02, 1.5173406378979125e-03,
          -1.9114332644766099e-02, 2.6081767212398969e-02,
          5.6238784210438644e-03, 2.2898690956781073e-03,
          -7.2638579957260557e-04, 2.8278431158071313e-03,
          6.3552855361247336e-04, 4.3448670160172748e-03,
          3.4897748335161430e-03, 9.4408880764075651e-04,
          -7.0532969565169079e-03, 8.3158912068770872e-03,
          -6.1965012935714398e-03, -7.2638579957260525e-04,
          1.8725874529211498e-02, -2.6451845343789370e-03,
          -7.7273174865100428e-04, -2.9668859294279780e-03,
          -4.3267347084874341e-03, 8.6416519502309703e-04,
          -1.4471340191678391e-03, -1.5666001430205440e-02,
          7.0813841538111787e-03, 2.8278431158071313e-03,
          -2.6451845343789366e-03, 2.9101843106268878e-02,
          -1.9757365460155727e-03, 1.3372775223359336e-02,
          7.3950996774192566e-03, -5.7411776614205243e-03,
          -5.9122953568972701e-03, 8.7527062119404919e-03,
          2.4123986480753369e-03, 6.3552855361247336e-04,
          -7.7273174865100395e-04, -1.9757365460155727e-03,
          6.5100989029641759e-02, 4.4210049584021364e-03,
          -2.5126208224056841e-06, -2.7033495795769423e-03,
          2.7278631378454717e-02, 2.2140422721379149e-03,
          1.0988188740953855e-02, 4.3448670160172748e-03,
          -2.9668859294279776e-03, 1.3372775223359336e-02,
          4.4210049584021372e-03, 2.4858152180010546e-02,
          8.6188193820054305e-03, 1.2759885221190702e-03,
          -1.2149896212493199e-02, 1.5364458043355853e-02,
          1.0800669942257216e-02, 3.4897748335161426e-03,
          -4.3267347084874341e-03, 7.3950996774192566e-03,
          -2.5126208224055931e-06, 8.6188193820054305e-03,
          1.6799586870990889e-02, 1.2359285633717842e-03,
          -5.3590340566951212e-03, 1.4889463106132095e-02,
          1.5173406378979123e-03, 9.4408880764075597e-04,
          8.6416519502309681e-04, -5.7411776614205243e-03,
          -2.7033495795769419e-03, 1.2759885221190705e-03,
          1.2359285633717838e-03, 1.4230923103700846e-01,
          -5.3355665366530535e-03, 2.7334068238325914e-03,
          -1.9114332644766099e-02, -7.0532969565169079e-03,
          -1.4471340191678397e-03, -5.9122953568972684e-03,
          2.7278631378454720e-02, -1.2149896212493200e-02,
          -5.3590340566951212e-03, -5.3355665366530544e-03,
          2.3765226635974290e-01, -4.0212813233877952e-02,
          2.6081767212398976e-02, 8.3158912068770872e-03,
          -1.5666001430205436e-02, 8.7527062119404937e-03,
          2.2140422721379171e-03, 1.5364458043355855e-02,
          1.4889463106132098e-02, 2.7334068238325931e-03,
          -4.0212813233877952e-02, 6.3092374138001936e-02 ]
   - !!opencv-matrix
      rows: 10
      cols: 10
      dt: d
