%YAML:1.0
---
groups:
   - intact
   - CD19
   - blast
intactGmmnames:
   - "intact.Bue063.0"
   - "intact.Bue063.1"
   - "intact.Bue063.2"
   - "intact.Bue063.3"
   - "intact.Bue063.4"
intactLabels:
   - FSC-A
   - SSC-A
   - SY41
   - CD19
   - CD10
   - CD20
   - CD45
   - CD34
   - CD38
   - CD58
intactMu: !!opencv-matrix
   rows: 5
   cols: 10
   dt: d
   data: [ 1.2476890827530795e+00, 2.5988742304562368e-01,
       2.5076427962627936e+00, 1.0972907297488170e+00,
       8.9235768871895971e-01, 1.0068590449358981e+00,
       1.6476409666693446e+00, 1.3649515125836336e+00,
       1.2766989857248296e+00, 2.5544298355018520e+00,
       1.3497926259865161e+00, 2.6134155954453792e-01,
       2.1262898055153165e+00, 1.1023987544130693e+00,
       9.0330460633520748e-01, 1.0180076100928590e+00,
       3.5508408893626688e+00, 1.0797121257576630e+00,
       1.9125987250692329e+00, 1.7486978404228586e+00,
       2.2394707359812878e+00, 2.0748125230439318e+00,
       2.3801604053823238e+00, 1.1555053335030232e+00,
       1.7887349102513130e+00, 1.3010895927549850e+00,
       3.1681177519463515e+00, 1.8527942388729897e+00,
       1.8691760392996399e+00, 2.5804273369883135e+00,
       1.2805138458646323e+00, 2.8573728066663900e-01,
       1.3027922727974317e+00, 1.0952797287516769e+00,
       8.8556273523457196e-01, 9.4861675136172818e-01,
       1.3611632718930815e+00, 1.0437005999394617e+00,
       1.2505676328465944e+00, 1.3228827014361533e+00,
       2.0115060256638353e+00, 9.0206699034543536e-01,
       2.5186116069217279e+00, 1.1998187799002931e+00,
       1.0530964204799580e+00, 1.2687168553936174e+00,
       2.7598173125399654e+00, 1.6934976495964909e+00,
       1.9966650716814576e+00, 2.3564236974593444e+00 ]
intactSigma:
   - !!opencv-matrix
      rows: 10
      cols: 10
      dt: d
      data: [ 1.3914646430422278e-01, 2.7905008534732000e-02,
          6.5279540195204169e-02, 9.3858985714316881e-04,
          3.1424875396255905e-03, 4.1098599837059218e-03,
          4.3098642945896604e-02, 1.9013767654912483e-02,
          9.0483491934465841e-03, 4.8034330015772120e-02,
          2.7905008534732000e-02, 8.9289359938943737e-03,
          1.4404980502256802e-02, 2.9740310466625950e-04,
          8.3407448934096377e-04, 1.0964774757113778e-03,
          1.1390161429879239e-02, 5.8309909660875020e-03,
          2.8775233362221811e-03, 1.3602123397373447e-02,
          6.5279540195204183e-02, 1.4404980502256802e-02,
          6.1881127392589629e-02, 7.9306755473126033e-04,
          1.6926761206792463e-03, 4.5122717977714149e-03,
          2.6044168431679355e-02, 2.1275219916356527e-02,
          5.2688231106904366e-03, 2.4914413728756898e-02,
          9.3858985714316957e-04, 2.9740310466625950e-04,
          7.9306755473126044e-04, 6.8806185057082849e-03,
          1.0839636502005483e-04, -2.2448534693588813e-04,
          7.7517660168894989e-04, -7.1391621839238121e-03,
          2.6444972887441730e-04, 4.9767183239040941e-04,
          3.1424875396255897e-03, 8.3407448934096377e-04,
          1.6926761206792458e-03, 1.0839636502005469e-04,
          1.3582164275223685e-02, 3.1624526431075578e-04,
          1.7990895016041053e-03, -2.7369106496601446e-03,
          3.5466691602505654e-04, 3.7888426352563336e-06,
          4.1098599837059236e-03, 1.0964774757113787e-03,
          4.5122717977714149e-03, -2.2448534693588805e-04,
          3.1624526431075573e-04, 3.2630573327419289e-02,
          3.5219739476952030e-03, 3.0562291393099331e-03,
          -3.4925787282790572e-04, 1.3098453453008806e-03,
          4.3098642945896604e-02, 1.1390161429879239e-02,
          2.6044168431679351e-02, 7.7517660168894935e-04,
          1.7990895016041053e-03, 3.5219739476952030e-03,
          4.8698546636107377e-02, 1.3318164240566631e-02,
          4.4947643789598479e-03, 1.7778106881555563e-02,
          1.9013767654912483e-02, 5.8309909660875020e-03,
          2.1275219916356534e-02, -7.1391621839238121e-03,
          -2.7369106496601446e-03, 3.0562291393099331e-03,
          1.3318164240566628e-02, 1.1908546371168932e-01,
          4.1129422940972722e-03, 5.6975662229296654e-03,
          9.0483491934465841e-03, 2.8775233362221811e-03,
          5.2688231106904366e-03, 2.6444972887441719e-04,
          3.5466691602505638e-04, -3.4925787282790561e-04,
          4.4947643789598479e-03, 4.1129422940972722e-03,
          4.1459505473035018e-03, 3.8911782041548982e-03,
          4.8034330015772120e-02, 1.3602123397373447e-02,
          2.4914413728756898e-02, 4.9767183239040941e-04,
          3.7888426352562489e-06, 1.3098453453008808e-03,
          1.7778106881555563e-02, 5.6975662229296637e-03,
          3.8911782041548982e-03, 3.7075893421390484e-02 ]
   - !!opencv-matrix
      rows: 10
      cols: 10
      dt: d
      data: [ 1.9489167390642027e-02, 5.7739680439509245e-03,
          5.3510728742565536e-03, 1.4668881476466913e-04,
          4.9761137122751272e-04, 4.0052014424421837e-05,
          8.2614143200571335e-03, -3.9067383359613177e-03,
          -4.7931233935171483e-04, 2.4007877775001144e-02,
          5.7739680439509253e-03, 6.6420045646760247e-03,
          -1.6147875246353125e-03, 1.5925869526412114e-04,
          4.6926550309069325e-04, 3.2898018221624238e-05,
          6.8224500237259534e-03, -3.6538895122289459e-03,
          4.4785039357250816e-03, 3.0202598411849229e-02,
          5.3510728742565536e-03, -1.6147875246353125e-03,
          7.0447824732308068e-02, -3.8655664572991149e-05,
          -1.8486157452793250e-04, -3.3819937063135597e-04,
          -7.7838908201951738e-03, 6.4492990608905326e-03,
          -3.2360692705844088e-02, -1.5806931149231238e-02,
          1.4668881476466908e-04, 1.5925869526412130e-04,
          -3.8655664572991075e-05, 4.7483383780396130e-03,
          1.0694412488117188e-04, -6.2983456598244951e-04,
          1.6219814004732870e-04, -5.6774930906992351e-03,
          1.9622028376510355e-03, 5.0281387329412198e-04,
          4.9761137122751261e-04, 4.6926550309069325e-04,
          -1.8486157452793237e-04, 1.0694412488117177e-04,
          9.4556545101945177e-03, 3.2584383111049144e-04,
          6.2602950348991204e-04, -3.3399806992651148e-03,
          -7.8772358116759370e-04, 4.7746166219118675e-04,
          4.0052014424421986e-05, 3.2898018221624292e-05,
          -3.3819937063135565e-04, -6.2983456598244972e-04,
          3.2584383111049177e-04, 5.3355671000783401e-02,
          2.2710398391196859e-04, -1.5540059741607252e-03,
          -4.3155482303334569e-03, 3.9656780671346568e-04,
          8.2614143200571352e-03, 6.8224500237259534e-03,
          -7.7838908201951738e-03, 1.6219814004732872e-04,
          6.2602950348991215e-04, 2.2710398391196859e-04,
          1.8776296803138155e-02, -7.7034435965926138e-03,
          9.1183419832975357e-03, 3.1020043197379395e-02,
          -3.9067383359613185e-03, -3.6538895122289459e-03,
          6.4492990608905326e-03, -5.6774930906992351e-03,
          -3.3399806992651156e-03, -1.5540059741607248e-03,
          -7.7034435965926164e-03, 7.3363892510005427e-02,
          -1.6110336929466597e-02, -1.8296766538546092e-02,
          -4.7931233935171499e-04, 4.4785039357250808e-03,
          -3.2360692705844088e-02, 1.9622028376510350e-03,
          -7.8772358116759456e-04, -4.3155482303334569e-03,
          9.1183419832975357e-03, -1.6110336929466593e-02,
          4.1580460962447807e-01, 2.2786811379910113e-03,
          2.4007877775001150e-02, 3.0202598411849229e-02,
          -1.5806931149231235e-02, 5.0281387329412133e-04,
          4.7746166219118675e-04, 3.9656780671346606e-04,
          3.1020043197379395e-02, -1.8296766538546092e-02,
          2.2786811379910104e-03, 2.3461581103531876e-01 ]
   - !!opencv-matrix
      rows: 10
      cols: 10
      dt: d
