%YAML:1.0
---
groups:
   - intact
   - CD19
   - blast
intactGmmnames:
   - "intact.Bue072.0"
   - "intact.Bue072.1"
   - "intact.Bue072.2"
   - "intact.Bue072.3"
   - "intact.Bue072.4"
intactLabels:
   - FSC-A
   - SSC-A
   - SY41
   - CD19
   - CD10
   - CD20
   - CD45
   - CD34
   - CD38
   - CD58
intactMu: !!opencv-matrix
   rows: 5
   cols: 10
   dt: d
   data: [ 9.1885217096777283e-01, 3.0326990898294481e-01,
       2.6189961487180873e+00, 1.0112422696316179e+00,
       7.8974214956453426e-01, 1.0771227147498643e+00,
       1.4640837486018226e+00, 1.0879512994837355e+00,
       1.3750593504915256e+00, 2.5597442396569878e+00,
       1.1110772462010499e+00, 2.5576193265979308e-01,
       2.5595491518343199e+00, 1.0312002318113880e+00,
       8.1062172943649324e-01, 1.1306683048396511e+00,
       3.2889533801396205e+00, 1.0675048590294707e+00,
       1.8720746218667550e+00, 1.6860101339266167e+00,
       1.9592004511345145e+00, 1.9930490669199383e+00,
       2.7357700878813835e+00, 1.0902686706477931e+00,
       1.4331343704147474e+00, 1.3120778705655571e+00,
       2.6104844030634298e+00, 1.4559096127703137e+00,
       2.0399346776383456e+00, 2.5585100414941500e+00,
       1.3748887333030659e+00, 4.6488930199923295e-01,
       2.8527752079225834e+00, 1.0410792975687231e+00,
       8.1192431886168737e-01, 1.0900044122838797e+00,
       1.5801042262759117e+00, 1.1345724270447799e+00,
       1.4356155490713747e+00, 2.7410111034810072e+00,
       9.5539518183655270e-01, 1.8076077643728600e-01,
       2.6749478817633845e+00, 1.0199189353619511e+00,
       7.7652180253621683e-01, 1.0820956965502877e+00,
       1.4068715068761850e+00, 1.0755203457748739e+00,
       1.3614311795384548e+00, 1.6607399310385367e+00 ]
intactSigma:
   - !!opencv-matrix
      rows: 10
      cols: 10
      dt: d
      data: [ 9.5792366559689889e-03, 2.3847042264557956e-03,
          -7.4114398889527501e-04, 4.4430227985160976e-06,
          2.2804380791727555e-04, 2.1058126730667346e-05,
          1.4737115911432317e-03, 4.5941952124877278e-05,
          3.8902397720883464e-04, 4.2549525737038737e-03,
          2.3847042264557960e-03, 3.2015337698175000e-03,
          1.1096184845604182e-03, -8.8323637356624835e-05,
          2.2819569738336231e-04, 6.0571287352229847e-05,
          1.2596045547346240e-03, 3.8017671297506221e-04,
          3.5688817544044378e-04, 2.8403235561156449e-03,
          -7.4114398889527501e-04, 1.1096184845604186e-03,
          1.3965562393517938e-02, -2.7103821391384310e-04,
          9.7502668231780283e-05, 5.5540774588911072e-05,
          7.0263006934171877e-04, -2.4975533746909520e-04,
          2.3820620709705419e-04, 2.0094362246070615e-03,
          4.4430227985160984e-06, -8.8323637356624835e-05,
          -2.7103821391384316e-04, 4.4016755195735143e-03,
          3.0285389065354301e-04, -2.9388775544391218e-04,
          -8.5580818510608918e-05, -4.1413309543091824e-03,
          -2.5672570626149621e-07, 6.2398294793655761e-07,
          2.2804380791727555e-04, 2.2819569738336221e-04,
          9.7502668231780364e-05, 3.0285389065354306e-04,
          2.2109175989289447e-02, -4.1475025632651680e-05,
          7.7456554717350492e-04, -3.1636729376324948e-03,
          6.4792064637282640e-05, -1.1231766286429290e-03,
          2.1058126730667275e-05, 6.0571287352229942e-05,
          5.5540774588911072e-05, -2.9388775544391212e-04,
          -4.1475025632651721e-05, 1.4386601278341807e-02,
          6.8870593145402975e-05, -1.0950917304405933e-03,
          -8.6390262101814083e-04, 3.2557992361348018e-04,
          1.4737115911432320e-03, 1.2596045547346238e-03,
          7.0263006934171855e-04, -8.5580818510608891e-05,
          7.7456554717350503e-04, 6.8870593145402853e-05,
          1.9091983636111948e-02, 1.8580584388879195e-04,
          3.9380174015143148e-05, 2.2097532631448103e-03,
          4.5941952124877231e-05, 3.8017671297506232e-04,
          -2.4975533746909520e-04, -4.1413309543091815e-03,
          -3.1636729376324948e-03, -1.0950917304405931e-03,
          1.8580584388879200e-04, 2.1842166299134626e-02,
          -3.2130375542051848e-05, 3.0707245602607976e-05,
          3.8902397720883469e-04, 3.5688817544044378e-04,
          2.3820620709705416e-04, -2.5672570626150960e-07,
          6.4792064637282640e-05, -8.6390262101814093e-04,
          3.9380174015143162e-05, -3.2130375542051848e-05,
          1.4462181586662934e-03, 5.4460556784570761e-04,
          4.2549525737038737e-03, 2.8403235561156441e-03,
          2.0094362246070615e-03, 6.2398294793656036e-07,
          -1.1231766286429288e-03, 3.2557992361348018e-04,
          2.2097532631448107e-03, 3.0707245602607834e-05,
          5.4460556784570761e-04, 1.6470225040494661e-02 ]
   - !!opencv-matrix
      rows: 10
      cols: 10
      dt: d
      data: [ 4.4274680656313625e-02, 9.3386202607605578e-03,
          -7.5954686961642098e-03, 1.2756516265975627e-04,
          1.5140909147377027e-03, -1.1611906798756459e-03,
          1.5803626309244617e-02, -5.7191190838989528e-03,
          -5.7954273158998685e-03, 5.6816757226380382e-02,
          9.3386202607605578e-03, 6.4877432420920094e-03,
          -2.5518683084312915e-03, 2.3503729579255785e-04,
          7.5819523762800779e-04, 7.9948306288399795e-04,
          6.7294588486795752e-03, -6.9218436726394960e-04,
          7.6607060169558063e-03, 2.4730073929860052e-02,
          -7.5954686961642098e-03, -2.5518683084312915e-03,
          1.6559447812157634e-02, 4.6579032303532397e-05,
          -4.8714045371067033e-04, -1.4335379422690659e-03,
          -5.9556965454975585e-03, 3.4056706660634236e-03,
          -1.4074595808494253e-02, -1.8203898906105812e-02,
          1.2756516265975614e-04, 2.3503729579255777e-04,
          4.6579032303532458e-05, 7.4042369096761033e-03,
          3.3965811091338666e-04, -6.7875534656418934e-05,
          2.7842618262636631e-04, -3.4261301599846469e-03,
          1.1236419828658411e-03, 8.2098294428811715e-04,
          1.5140909147377043e-03, 7.5819523762800801e-04,
          -4.8714045371067016e-04, 3.3965811091338672e-04,
          1.6994377344675425e-02, 5.2686993909161796e-04,
          1.9285605168587734e-03, -2.2141293586680406e-03,
          -1.3485606621552982e-03, 1.7398283291759143e-03,
          -1.1611906798756459e-03, 7.9948306288399795e-04,
          -1.4335379422690654e-03, -6.7875534656419028e-05,
          5.2686993909161796e-04, 3.3151243359300808e-02,
          3.4875967375321937e-03, 7.2943431199321603e-04,
          7.7090522627306182e-04, 6.2743568302238923e-03,
          1.5803626309244617e-02, 6.7294588486795752e-03,
          -5.9556965454975594e-03, 2.7842618262636625e-04,
          1.9285605168587738e-03, 3.4875967375321937e-03,
          3.2057668003499899e-02, -1.4589690855201331e-03,
          5.5867075870385243e-03, 3.4770916546762697e-02,
          -5.7191190838989528e-03, -6.9218436726394960e-04,
          3.4056706660634236e-03, -3.4261301599846469e-03,
          -2.2141293586680406e-03, 7.2943431199321582e-04,
          -1.4589690855201325e-03, 2.3368423386390044e-02,
          -1.0859386446883586e-02, -2.9116205908023365e-03,
          -5.7954273158998702e-03, 7.6607060169558063e-03,
          -1.4074595808494253e-02, 1.1236419828658409e-03,
          -1.3485606621552986e-03, 7.7090522627306160e-04,
          5.5867075870385243e-03, -1.0859386446883588e-02,
          2.7630715425037949e-01, 8.9656129006712784e-03,
          5.6816757226380382e-02, 2.4730073929860052e-02,
          -1.8203898906105812e-02, 8.2098294428811715e-04,
          1.7398283291759134e-03, 6.2743568302238923e-03,
          3.4770916546762697e-02, -2.9116205908023356e-03,
          8.9656129006712784e-03, 2.2304903100042672e-01 ]
   - !!opencv-matrix
      rows: 10
      cols: 10
      dt: d
