%YAML:1.0
---
groups:
   - intact
   - CD19
intactGmmnames:
   - "intact.Bue068.0"
   - "intact.Bue068.1"
   - "intact.Bue068.2"
   - "intact.Bue068.3"
   - "intact.Bue068.4"
intactLabels:
   - FSC-A
   - SSC-A
   - SY41
   - CD19
   - CD10
   - CD20
   - CD45
   - CD34
   - CD38
   - CD58
intactMu: !!opencv-matrix
   rows: 5
   cols: 10
   dt: d
   data: [ 1.2795197630160633e+00, 3.1481327271334825e-01,
       2.6908658728647104e+00, 9.7590309939135844e-01,
       8.2572421596946133e-01, 9.7857003911310381e-01,
       1.5939844193872945e+00, 1.5495949206465651e+00,
       1.3098162547148702e+00, 2.4379446539441414e+00,
       2.8399365398433258e+00, 2.1532589711138512e+00,
       2.4383479531053465e+00, 1.0790943640566861e+00,
       1.7494087644777967e+00, 1.3709524444137893e+00,
       3.1070491283814916e+00, 2.0946120206328507e+00,
       2.1141106991896135e+00, 2.5659193863889600e+00,
       1.6415733623662425e+00, 2.3617758736405731e-01,
       2.2686389749694027e+00, 9.5453993996254527e-01,
       8.1579441456899304e-01, 9.7552579394969929e-01,
       3.5247756365974037e+00, 1.2346845868779153e+00,
       1.7544332300154262e+00, 1.5658444081101410e+00,
       2.1545566295609095e+00, 1.1001916038853135e+00,
       2.5352539313742466e+00, 1.1196800476934046e+00,
       1.2106704217766431e+00, 1.3273955060862310e+00,
       2.9891261894858991e+00, 1.9263623836683514e+00,
       2.3589212021575059e+00, 2.2979151339901041e+00,
       1.9995071134084053e+00, 1.8741683906988740e+00,
       2.9120796204340396e+00, 1.6207223332938863e+00,
       1.8185022385590777e+00, 2.9233406714604793e+00,
       3.0971393996991257e+00, 3.4910692704457329e+00,
       2.2921739915522874e+00, 2.5562307895929508e+00 ]
intactSigma:
   - !!opencv-matrix
      rows: 10
      cols: 10
      dt: d
      data: [ 2.4367716602231224e-01, 4.8264749129827637e-02,
          5.5847601949067488e-02, 4.4861874710965949e-03,
          9.6397876534618111e-03, 1.1695211864047156e-02,
          5.1926601986660548e-02, 5.3615525317729673e-02,
          1.8652650264159871e-02, -3.2199486122667874e-03,
          4.8264749129827637e-02, 2.6326904022173983e-02,
          3.7314878591704098e-02, 2.6932882804364634e-03,
          5.7180715398206551e-03, 8.1207566359035640e-03,
          2.5219691636137232e-02, 3.2318453053203723e-02,
          1.0137670507848797e-02, 5.3277801344521979e-04,
          5.5847601949067488e-02, 3.7314878591704091e-02,
          1.6799160210433978e-01, 1.1344567208107675e-02,
          1.3260767393398449e-02, 3.0730103249260371e-02,
          3.9704070788720965e-02, 1.2428606339967148e-01,
          2.0288687624668438e-02, -1.3513528018699551e-02,
          4.4861874710965949e-03, 2.6932882804364630e-03,
          1.1344567208107675e-02, 2.9829644437446210e-02,
          1.4280890618292485e-03, 3.9579487187269409e-04,
          4.2813690566063430e-03, -3.0436434575467860e-03,
          1.9309953712552453e-03, -8.8742742896426037e-04,
          9.6397876534618128e-03, 5.7180715398206551e-03,
          1.3260767393398449e-02, 1.4280890618292485e-03,
          3.0490317691603194e-02, 5.4219644822541312e-03,
          1.1186685070835676e-02, 6.4448911319015994e-03,
          3.3176654147021897e-03, -2.2738963170956441e-03,
          1.1695211864047156e-02, 8.1207566359035657e-03,
          3.0730103249260371e-02, 3.9579487187269382e-04,
          5.4219644822541303e-03, 6.7174188032802076e-02,
          1.3668986818884917e-02, 2.5369781948474997e-02,
          3.4624632135504172e-03, -3.1443733308319458e-03,
          5.1926601986660548e-02, 2.5219691636137232e-02,
          3.9704070788720965e-02, 4.2813690566063448e-03,
          1.1186685070835676e-02, 1.3668986818884917e-02,
          1.5573286276321335e-01, 4.4118551186089212e-02,
          1.6920290482989667e-02, 1.0226060242224964e-02,
          5.3615525317729680e-02, 3.2318453053203723e-02,
          1.2428606339967151e-01, -3.0436434575467864e-03,
          6.4448911319015968e-03, 2.5369781948474997e-02,
          4.4118551186089205e-02, 2.0093142772849215e-01,
          1.9587905332306210e-02, -9.9117841556473334e-03,
          1.8652650264159871e-02, 1.0137670507848797e-02,
          2.0288687624668438e-02, 1.9309953712552455e-03,
          3.3176654147021897e-03, 3.4624632135504172e-03,
          1.6920290482989670e-02, 1.9587905332306206e-02,
          1.1903030057460198e-02, 3.6072343967858446e-03,
          -3.2199486122667874e-03, 5.3277801344521979e-04,
          -1.3513528018699546e-02, -8.8742742896426123e-04,
          -2.2738963170956441e-03, -3.1443733308319458e-03,
          1.0226060242224966e-02, -9.9117841556473334e-03,
          3.6072343967858446e-03, 6.2835807916694186e-02 ]
   - !!opencv-matrix
      rows: 10
      cols: 10
      dt: d
      data: [ 2.1474124947005449e-01, 1.1349846225921577e-01,
          -5.3080402361976265e-03, 6.6402856060387185e-03,
          -9.1682869622391028e-02, 2.3866366574048552e-02,
          3.2278978140813006e-03, 2.1959390844586094e-02,
          6.9803442236594668e-02, 2.0370615888246450e-02,
          1.1349846225921578e-01, 2.7588561440567649e-01,
          6.9210569463216140e-03, 9.1146839072353495e-03,
          3.6220094442295597e-02, 3.4325424114349350e-02,
          1.9623297751507413e-02, 4.0155909294671797e-02,
          4.6704890840712908e-02, 2.7886441651428659e-02,
          -5.3080402361976309e-03, 6.9210569463216106e-03,
          4.5083605049887676e-02, 1.8246554094915888e-04,
          -5.2529383108475096e-02, 5.7575424362311198e-03,
          -2.2670853906206129e-02, 1.2485587296109700e-02,
          2.5029801221285872e-02, -4.8367758050367540e-03,
          6.6402856060387185e-03, 9.1146839072353495e-03,
          1.8246554094915893e-04, 7.4276995207277471e-02,
          9.5991386237818874e-03, 9.2743506943361032e-03,
          3.2581131903180694e-03, -4.0620676496824484e-03,
          -3.8596275249868224e-04, 4.9301961046923099e-03,
          -9.1682869622391028e-02, 3.6220094442295590e-02,
          -5.2529383108475110e-02, 9.5991386237818874e-03,
          4.3828610410753222e-01, 1.1451313623428695e-02,
          1.0207307829939705e-01, 1.2138751280583832e-03,
          -1.3414316418611680e-01, 2.3235379069074552e-02,
          2.3866366574048552e-02, 3.4325424114349350e-02,
          5.7575424362311216e-03, 9.2743506943360997e-03,
          1.1451313623428695e-02, 1.3088827242755757e-01,
          1.7856149393067600e-03, 4.9290045856994903e-02,
          -9.0539534974387742e-03, 1.4356781738634998e-02,
          3.2278978140812989e-03, 1.9623297751507417e-02,
          -2.2670853906206129e-02, 3.2581131903180703e-03,
          1.0207307829939705e-01, 1.7856149393067591e-03,
          4.4881547097696955e-02, -2.4954539476873313e-03,
          -2.8245942346594177e-02, 1.2426409205175732e-02,
          2.1959390844586098e-02, 4.0155909294671797e-02,
          1.2485587296109700e-02, -4.0620676496824484e-03,
          1.2138751280583854e-03, 4.9290045856994903e-02,
          -2.4954539476873313e-03, 1.1283076160545240e-01,
          -2.7052586495004060e-03, 1.4000896810738659e-02,
          6.9803442236594668e-02, 4.6704890840712908e-02,
          2.5029801221285872e-02, -3.8596275249868202e-04,
          -1.3414316418611680e-01, -9.0539534974387742e-03,
          -2.8245942346594177e-02, -2.7052586495004052e-03,
          1.1065228004014933e-01, 3.1939235393290016e-03,
          2.0370615888246454e-02, 2.7886441651428659e-02,
          -4.8367758050367549e-03, 4.9301961046923108e-03,
          2.3235379069074552e-02, 1.4356781738634998e-02,
          1.2426409205175732e-02, 1.4000896810738659e-02,
          3.1939235393290016e-03, 1.7146716555616989e-02 ]
   - !!opencv-matrix
      rows: 10
      cols: 10
      dt: d
