%YAML:1.0
---
groups:
   - intact
   - CD19
   - blast
intactGmmnames:
   - "intact.2014-1232.0"
   - "intact.2014-1232.1"
   - "intact.2014-1232.2"
   - "intact.2014-1232.3"
   - "intact.2014-1232.4"
intactLabels:
   - FSC-A
   - SSC-A
   - SY41
   - CD19
   - CD10
   - CD20
   - CD45
   - CD34
   - CD38
   - CD58
intactMu: !!opencv-matrix
   rows: 5
   cols: 10
   dt: d
   data: [ 1.4214831222306752e+00, 2.5614995183033662e-01,
       2.7845320655955912e+00, 1.2199032781634533e+00,
       1.2173328175114202e+00, 8.8149363037414186e-01,
       3.2937534778179334e+00, 1.0635109257074074e+00,
       2.0709116599351640e+00, 8.0515276257083146e-01,
       2.8284888116553417e+00, 3.3035725015088810e+00,
       2.6598753187527202e+00, 1.7013923159912592e+00,
       2.1993202494128723e+00, 9.4823849362549240e-01,
       2.7489344029947240e+00, 1.1542712988719894e+00,
       1.8363660105981179e+00, 1.7284848252937937e+00,
       1.1091921274825545e+00, 4.3652540788974703e-01,
       2.6589463055441676e+00, 1.1331241983583726e+00,
       1.1608462563080135e+00, 9.3764025589817379e-01,
       1.4121402186296006e+00, 1.0543077352884942e+00,
       1.4345833360606097e+00, 1.9905100060984156e+00,
       2.0068408065295733e+00, 1.2556788831845367e+00,
       2.8879725538488707e+00, 1.4219170543480804e+00,
       1.3516749049368351e+00, 1.1423277338983322e+00,
       2.4504048581665536e+00, 1.2701044877623970e+00,
       2.2210177323858988e+00, 1.6313925826080247e+00,
       1.4243655952395216e+00, 4.4784394287117574e-01,
       2.5913170304720441e+00, 1.2901175095079613e+00,
       1.3277944324527327e+00, 8.8707203752472130e-01,
       3.4029639589066982e+00, 1.0972396870073959e+00,
       2.1470572493273594e+00, 1.0426097950784630e+00 ]
intactSigma:
   - !!opencv-matrix
      rows: 10
      cols: 10
      dt: d
      data: [ 4.8120846872177728e-02, 3.4921841762250816e-03,
          -6.3463215566451287e-03, 2.4919605794491346e-03,
          1.7948103882046871e-03, -3.5752372502489553e-04,
          4.3196244523698614e-03, -8.1823745960787246e-05,
          3.4009295847428071e-03, 6.4841988751831716e-03,
          3.4921841762250807e-03, 5.0789788375289902e-03,
          -7.7649589271629237e-04, 1.5602689773906496e-03,
          1.7254183580930097e-03, -3.0450082675676209e-04,
          2.8101643678288286e-03, 3.4292358382964714e-04,
          -1.1584963688424457e-04, 1.0347939460529094e-02,
          -6.3463215566451304e-03, -7.7649589271629237e-04,
          1.1466000790021408e-02, -6.9730915074155326e-04,
          -1.1958202830945287e-03, 4.1294759884667238e-04,
          -2.4075329661579653e-03, -9.3760177892913911e-05,
          -2.6693243792493579e-03, 7.5689440527730567e-04,
          2.4919605794491346e-03, 1.5602689773906496e-03,
          -6.9730915074155315e-04, 3.5497949977928774e-02,
          -1.6846552004694260e-03, -3.8491823665665979e-03,
          8.7759786247625885e-04, -1.5269497321782223e-04,
          -2.4823203728705427e-03, 2.4080249147770956e-03,
          1.7948103882046865e-03, 1.7254183580930091e-03,
          -1.1958202830945287e-03, -1.6846552004694260e-03,
          1.3922624082397872e-01, 6.6266431581176485e-04,
          1.1169782748882864e-03, -1.7125159071396151e-03,
          -1.9193555232329583e-04, 4.4259611509104178e-03,
          -3.5752372502489548e-04, -3.0450082675676220e-04,
          4.1294759884667238e-04, -3.8491823665665992e-03,
          6.6266431581176463e-04, 6.5126588923275483e-02,
          -8.6663834634365556e-04, -9.5774210223307302e-03,
          -1.2731150218685410e-02, -2.4140994887777848e-04,
          4.3196244523698614e-03, 2.8101643678288281e-03,
          -2.4075329661579653e-03, 8.7759786247625874e-04,
          1.1169782748882873e-03, -8.6663834634365567e-04,
          8.8474406169614505e-03, 1.2934444665236562e-03,
          4.8051097647366092e-03, 1.8272868895714221e-04,
          -8.1823745960787368e-05, 3.4292358382964730e-04,
          -9.3760177892913992e-05, -1.5269497321782215e-04,
          -1.7125159071396145e-03, -9.5774210223307302e-03,
          1.2934444665236558e-03, 1.1416475295908761e-01,
          1.9952393426867303e-03, -6.5974395913026820e-06,
          3.4009295847428071e-03, -1.1584963688424461e-04,
          -2.6693243792493579e-03, -2.4823203728705444e-03,
          -1.9193555232329546e-04, -1.2731150218685410e-02,
          4.8051097647366110e-03, 1.9952393426867295e-03,
          4.2105570717545338e-02, -3.8008171104220207e-03,
          6.4841988751831699e-03, 1.0347939460529094e-02,
          7.5689440527730567e-04, 2.4080249147770964e-03,
          4.4259611509104195e-03, -2.4140994887777832e-04,
          1.8272868895714226e-04, -6.5974395913029243e-06,
          -3.8008171104220207e-03, 8.0413010316698910e-02 ]
   - !!opencv-matrix
      rows: 10
      cols: 10
      dt: d
      data: [ 4.5074756679151373e-01, 8.2122864323907432e-02,
          3.4016227870249945e-02, 2.8824136541180788e-02,
          -1.9910768218010735e-01, 9.1461227188722443e-03,
          -8.3732062200973234e-02, -1.1910277664103167e-02,
          2.7048195219185136e-02, -2.6494900932499958e-02,
          8.2122864323907446e-02, 3.5122860390224236e-01,
          -1.6218832985459865e-02, 5.3247128834662871e-02,
          7.9560254463754879e-02, 2.5108094405471670e-03,
          3.5585398077047234e-02, 9.8353428893006734e-03,
          5.1715254803234604e-03, 3.5933016371975920e-02,
          3.4016227870249945e-02, -1.6218832985459865e-02,
          3.6077280586702870e-02, -3.6839746656160469e-04,
          -5.2782620119176289e-02, 1.6671265342638030e-03,
          -2.2205581663114201e-02, -3.9515445472550689e-03,
          9.0072001466541922e-03, -8.7384662100930214e-03,
          2.8824136541180788e-02, 5.3247128834662857e-02,
          -3.6839746656160463e-04, 3.4098181167106854e-02,
          -8.0668643976470212e-03, -1.5499124226262338e-03,
          -3.2131448263826730e-04, 3.8000932923969107e-04,
          4.0349860343301690e-04, 2.9806026314063597e-03,
          -1.9910768218010735e-01, 7.9560254463754879e-02,
          -5.2782620119176289e-02, -8.0668643976470229e-03,
          4.3374695516522216e-01, -3.3112321618680969e-03,
          1.4637947966656464e-01, 2.5358168744959296e-02,
          -4.0856784225687275e-02, 6.0463387387304404e-02,
          9.1461227188722426e-03, 2.5108094405471683e-03,
          1.6671265342638030e-03, -1.5499124226262338e-03,
          -3.3112321618680969e-03, 6.3104036999612131e-02,
          -2.6452939600988571e-03, -6.5804938999667259e-03,
          -1.1328463378265560e-02, -3.9295337759967801e-04,
          -8.3732062200973234e-02, 3.5585398077047220e-02,
          -2.2205581663114201e-02, -3.2131448263826752e-04,
          1.4637947966656467e-01, -2.6452939600988571e-03,
          9.9346997515290247e-02, 1.2655726213143344e-02,
          9.7265631739082306e-04, 2.5750711023563008e-02,
          -1.1910277664103170e-02, 9.8353428893006700e-03,
          -3.9515445472550672e-03, 3.8000932923969090e-04,
          2.5358168744959289e-02, -6.5804938999667259e-03,
          1.2655726213143348e-02, 8.7363436684556983e-02,
          -6.6982488611316772e-04, 6.9125111322604982e-03,
          2.7048195219185136e-02, 5.1715254803234604e-03,
          9.0072001466541922e-03, 4.0349860343301657e-04,
          -4.0856784225687275e-02, -1.1328463378265562e-02,
          9.7265631739082328e-04, -6.6982488611316783e-04,
          4.7946379829338137e-02, -1.7772930676540578e-03,
          -2.6494900932499964e-02, 3.5933016371975920e-02,
          -8.7384662100930214e-03, 2.9806026314063610e-03,
          6.0463387387304404e-02, -3.9295337759967828e-04,
          2.5750711023563005e-02, 6.9125111322605008e-03,
          -1.7772930676540585e-03, 4.9491303665636574e-02 ]
   - !!opencv-matrix
      rows: 10
