%YAML:1.0
---
groups:
   - intact
   - CD19
   - blast
intactGmmnames:
   - "intact.2014-4096.0"
   - "intact.2014-4096.1"
   - "intact.2014-4096.2"
   - "intact.2014-4096.3"
   - "intact.2014-4096.4"
intactLabels:
   - FSC-A
   - SSC-A
   - SY41
   - CD19
   - CD10
   - CD20
   - CD45
   - CD34
   - CD38
   - CD58
intactMu: !!opencv-matrix
   rows: 5
   cols: 10
   dt: d
   data: [ 1.3123681547816093e+00, 5.0921788633877163e-01,
       2.7104372933238032e+00, 1.5032497191721752e+00,
       1.3258356971850662e+00, 9.2056597412164409e-01,
       3.3901243137619859e+00, 9.7549637621690410e-01,
       2.0253117232251543e+00, 1.5069112297744802e+00,
       9.3477533876017949e-01, 5.0769250950330191e-01,
       2.8414196998207291e+00, 1.1973352270768358e+00,
       1.1536941686072744e+00, 9.4830921024444814e-01,
       1.4254813349352919e+00, 1.0610594208178403e+00,
       1.2339378413435536e+00, 2.4458816887370101e+00,
       9.1949349370188171e-01, 3.0668862883603032e-01,
       3.0555371554354611e+00, 1.3844019250546011e+00,
       1.1746315722613110e+00, 9.1592529627228647e-01,
       3.2602070024214931e+00, 1.0135800890724969e+00,
       2.0033760927948472e+00, 1.0068455230647346e+00,
       2.5924945415130725e+00, 3.0590573737822466e+00,
       2.9087627187430729e+00, 1.7420274592768614e+00,
       1.6717330186773205e+00, 1.0090268955118966e+00,
       2.3782120038714476e+00, 1.1588961457089024e+00,
       1.7283004636766179e+00, 2.0453082809067804e+00,
       1.4051360657818686e+00, 8.2048393643629003e-01,
       2.9727280073773841e+00, 1.2741535223771685e+00,
       1.2128720733372500e+00, 9.7038110425626301e-01,
       1.5704377273448065e+00, 1.0867682082097199e+00,
       1.3998894754577205e+00, 2.1243174663227382e+00 ]
intactSigma:
   - !!opencv-matrix
      rows: 10
      cols: 10
      dt: d
      data: [ 1.0127697616166033e-01, 2.4284610491054417e-02,
          -5.7529014890883121e-02, 1.6376886811588744e-02,
          2.9254538963914088e-02, -2.7643542264514003e-03,
          2.1811185203377693e-02, -7.6145725452660329e-03,
          8.7431235308267907e-03, 6.1318966943713749e-02,
          2.4284610491054417e-02, 3.1833864494012508e-02,
          -2.1812861719927228e-02, 1.4062139510705828e-02,
          1.8827497913535718e-02, -7.0429076878685210e-04,
          1.3914812925036232e-02, -5.2793083364238566e-03,
          1.5079359195801174e-02, 5.4451437716243181e-02,
          -5.7529014890883121e-02, -2.1812861719927235e-02,
          7.8285644839836632e-02, -1.5613104753414616e-02,
          -2.7312898457470383e-02, 2.6038178288968939e-03,
          -2.1203566530616048e-02, 8.5262214478593456e-03,
          -1.5841125021135688e-02, -5.9516320889451912e-02,
          1.6376886811588741e-02, 1.4062139510705828e-02,
          -1.5613104753414616e-02, 4.0555099946247487e-02,
          1.9131520786222229e-02, -3.3032019324971758e-03,
          1.6172821862031905e-02, -5.6455390068027005e-03,
          7.2651426201928030e-03, 3.4656671466335665e-02,
          2.9254538963914088e-02, 1.8827497913535718e-02,
          -2.7312898457470390e-02, 1.9131520786222229e-02,
          2.9183637367121890e-01, -1.5193938195729483e-03,
          1.5937593364076016e-02, -7.1464729187063975e-03,
          1.9500094293346985e-02, 5.1499249090042831e-02,
          -2.7643542264513985e-03, -7.0429076878685232e-04,
          2.6038178288968930e-03, -3.3032019324971745e-03,
          -1.5193938195729483e-03, 6.9033884055721237e-02,
          -2.8738300156099975e-04, -1.0827498681277418e-02,
          -2.1493226788899616e-02, -1.2397701154402553e-03,
          2.1811185203377697e-02, 1.3914812925036232e-02,
          -2.1203566530616048e-02, 1.6172821862031905e-02,
          1.5937593364076012e-02, -2.8738300156099964e-04,
          2.6512861553887129e-02, -6.2814757787066746e-03,
          1.4696698545638131e-02, 3.9244009905209688e-02,
          -7.6145725452660346e-03, -5.2793083364238566e-03,
          8.5262214478593456e-03, -5.6455390068027005e-03,
          -7.1464729187063957e-03, -1.0827498681277418e-02,
          -6.2814757787066711e-03, 1.5083066616618188e-01,
          6.7888565700651923e-03, -1.4724429925182572e-02,
          8.7431235308267907e-03, 1.5079359195801178e-02,
          -1.5841125021135688e-02, 7.2651426201927995e-03,
          1.9500094293346981e-02, -2.1493226788899616e-02,
          1.4696698545638131e-02, 6.7888565700651923e-03,
          1.0436983166293776e-01, 2.7332994422015987e-02,
          6.1318966943713749e-02, 5.4451437716243181e-02,
          -5.9516320889451912e-02, 3.4656671466335665e-02,
          5.1499249090042817e-02, -1.2397701154402546e-03,
          3.9244009905209688e-02, -1.4724429925182575e-02,
          2.7332994422015981e-02, 2.3654310804388981e-01 ]
   - !!opencv-matrix
      rows: 10
      cols: 10
      dt: d
      data: [ 6.3534119266491995e-02, 2.2777687266825504e-02,
          -3.8207892978771411e-03, 4.1786850124366252e-03,
          4.1419452374842087e-03, 8.9277344033439506e-04,
          3.5760505173426313e-03, -2.7527007880801284e-04,
          6.0665272413305124e-03, 1.7146343844750812e-02,
          2.2777687266825504e-02, 2.1263712618530765e-02,
          5.9022653290394713e-03, 4.0005564878014231e-03,
          3.8567833450962705e-03, 1.2509166527257462e-03,
          3.2775024046565811e-03, 3.4627991944028119e-04,
          6.1678272771455624e-03, 1.4287167880675499e-02,
          -3.8207892978771429e-03, 5.9022653290394696e-03,
          1.7529134983880837e-01, 2.3794155972370274e-03,
          2.0565909306238064e-03, 2.3728857177592465e-03,
          6.0285390593895352e-03, 3.5766583367803975e-04,
          6.9707564664767668e-03, 9.2878281943046120e-03,
          4.1786850124366252e-03, 4.0005564878014231e-03,
          2.3794155972370274e-03, 1.0554126524486252e-02,
          1.1496874957713837e-03, -1.7973119699853280e-03,
          3.9054947450557558e-04, -2.7327151237879402e-05,
          -1.6840088920451984e-03, 3.0008276211863959e-03,
          4.1419452374842087e-03, 3.8567833450962705e-03,
          2.0565909306238068e-03, 1.1496874957713831e-03,
          3.7600513160602436e-02, 5.9858228482799470e-04,
          -1.6650296507354169e-03, -4.7217384823219547e-05,
          5.1430281639397828e-03, 4.4477878358731970e-03,
          8.9277344033439571e-04, 1.2509166527257464e-03,
          2.3728857177592465e-03, -1.7973119699853273e-03,
          5.9858228482799480e-04, 3.7716107133570390e-02,
          3.5624784409007075e-04, -2.0728598253619691e-03,
          -1.1876282221936686e-02, 1.0038473651123405e-03,
          3.5760505173426304e-03, 3.2775024046565811e-03,
          6.0285390593895361e-03, 3.9054947450557558e-04,
          -1.6650296507354169e-03, 3.5624784409007092e-04,
          9.5653570221342337e-03, 1.5415541907509527e-03,
          7.0367517134246908e-03, 3.0743857132491479e-03,
          -2.7527007880801273e-04, 3.4627991944028092e-04,
          3.5766583367803981e-04, -2.7327151237879402e-05,
          -4.7217384823219547e-05, -2.0728598253619691e-03,
          1.5415541907509527e-03, 2.0591043424774965e-02,
          2.6386156816972980e-03, 2.6827781289789600e-04,
          6.0665272413305141e-03, 6.1678272771455624e-03,
          6.9707564664767668e-03, -1.6840088920451978e-03,
          5.1430281639397828e-03, -1.1876282221936686e-02,
          7.0367517134246908e-03, 2.6386156816972988e-03,
          4.9075284747173598e-02, 6.7015787016050871e-03,
          1.7146343844750809e-02, 1.4287167880675498e-02,
          9.2878281943046120e-03, 3.0008276211863959e-03,
          4.4477878358731987e-03, 1.0038473651123410e-03,
          3.0743857132491479e-03, 2.6827781289789600e-04,
          6.7015787016050871e-03, 2.3637626670289923e-02 ]
   - !!opencv-matrix
      rows: 10
      cols: 10
      dt: d
