%YAML:1.0
---
groups:
   - intact
   - CD19
   - blast
intactGmmnames:
   - "intact.2014-3427.0"
   - "intact.2014-3427.1"
   - "intact.2014-3427.2"
   - "intact.2014-3427.3"
   - "intact.2014-3427.4"
intactLabels:
   - FSC-A
   - SSC-A
   - SY41
   - CD19
   - CD10
   - CD20
   - CD45
   - CD34
   - CD38
   - CD58
intactMu: !!opencv-matrix
   rows: 5
   cols: 10
   dt: d
   data: [ 1.9378619111582109e+00, 8.1481947358220785e-01,
       2.7276869331941191e+00, 1.7801666567588093e+00,
       1.5239285505339208e+00, 1.2398310582242731e+00,
       3.4987527164564245e+00, 1.0930134976109513e+00,
       2.4653581668621034e+00, 1.5621838646235806e+00,
       2.8588968766636356e+00, 3.2087096188149387e+00,
       2.6467154170237523e+00, 1.8157300781840913e+00,
       1.8807017236092638e+00, 1.1224579851010437e+00,
       2.5271885409802350e+00, 1.3399687499967432e+00,
       1.6545510067852507e+00, 2.0329844015932501e+00,
       1.5098678910561620e+00, 2.9004218289176326e-01,
       2.7706345124227680e+00, 1.5199234098055616e+00,
       1.2465234443033455e+00, 1.0727529952001931e+00,
       3.4998217067737096e+00, 1.0787962715186028e+00,
       1.8988919585368402e+00, 9.7273775955882047e-01,
       1.3874882507120005e+00, 5.6134308926634535e-01,
       2.7975788115177607e+00, 1.2821168129226836e+00,
       1.4099137682739107e+00, 1.0729558295841126e+00,
       1.6472520120486569e+00, 1.1914617563748535e+00,
       1.6832033473717489e+00, 2.4307918995018212e+00,
       1.7333470486783298e+00, 4.9408294966934097e-01,
       2.6866203462957312e+00, 1.7119074174689843e+00,
       1.3988101747421449e+00, 1.1349164436152190e+00,
       3.6573354371115494e+00, 9.9009569383958718e-01,
       1.8285991268862349e+00, 1.4999693074693614e+00 ]
intactSigma:
   - !!opencv-matrix
      rows: 10
      cols: 10
      dt: d
      data: [ 4.0133849759250073e-01, 1.5891007657513276e-01,
          4.0168416432224928e-02, 4.3455324199373722e-02,
          3.9706358796422002e-02, 2.1818366112265923e-03,
          -1.3860158280603867e-02, 4.1648387611032116e-02,
          -2.4562979080429169e-02, 1.0344940457567510e-01,
          1.5891007657513279e-01, 2.9917189463449934e-01,
          3.8367271701934491e-02, 6.6913587807074029e-02,
          4.6001305970372525e-02, 2.0586408595044757e-02,
          -5.3077611330992557e-02, 5.5945971178005920e-02,
          -2.0226888472284526e-02, 1.2104761095362240e-01,
          4.0168416432224935e-02, 3.8367271701934491e-02,
          6.5182560596282080e-02, -2.3641035322290968e-04,
          6.3106493843953703e-03, 4.9795194230873166e-05,
          -3.5390300106473364e-02, 3.0047426209336574e-02,
          -2.4254863753777403e-02, 3.6500486598875240e-02,
          4.3455324199373715e-02, 6.6913587807074029e-02,
          -2.3641035322291004e-04, 1.1345590503786318e-01,
          5.0930468732436437e-02, 6.7365375004577080e-02,
          2.5622823376949152e-02, -1.1665490856353601e-03,
          -2.4911131446804992e-02, 3.2435711514489547e-02,
          3.9706358796422002e-02, 4.6001305970372532e-02,
          6.3106493843953721e-03, 5.0930468732436437e-02,
          3.9898899959066803e-01, -8.3808676900251466e-03,
          -2.0022939585369038e-02, 1.6480311695302174e-02,
          1.3969422445357003e-02, 7.1707536250924672e-02,
          2.1818366112265940e-03, 2.0586408595044757e-02,
          4.9795194230873660e-05, 6.7365375004577080e-02,
          -8.3808676900251414e-03, 2.4676697698706970e-01,
          1.3301243389786952e-03, -1.1671150759531564e-02,
          -8.8174221439898920e-02, 8.5744070404727910e-03,
          -1.3860158280603864e-02, -5.3077611330992563e-02,
          -3.5390300106473364e-02, 2.5622823376949152e-02,
          -2.0022939585369038e-02, 1.3301243389786963e-03,
          1.4181466287853858e-01, -7.2576496726884654e-02,
          3.6238630666756269e-02, -7.9519751089244903e-02,
          4.1648387611032102e-02, 5.5945971178005920e-02,
          3.0047426209336574e-02, -1.1665490856353593e-03,
          1.6480311695302174e-02, -1.1671150759531564e-02,
          -7.2576496726884654e-02, 2.2894816934390663e-01,
          1.4897867457175506e-02, 6.3925332147573399e-02,
          -2.4562979080429162e-02, -2.0226888472284526e-02,
          -2.4254863753777400e-02, -2.4911131446804985e-02,
          1.3969422445357005e-02, -8.8174221439898920e-02,
          3.6238630666756269e-02, 1.4897867457175506e-02,
          2.2783688726432422e-01, 3.4648747052500005e-03,
          1.0344940457567513e-01, 1.2104761095362240e-01,
          3.6500486598875240e-02, 3.2435711514489554e-02,
          7.1707536250924672e-02, 8.5744070404727910e-03,
          -7.9519751089244903e-02, 6.3925332147573399e-02,
          3.4648747052499992e-03, 2.8788219362559136e-01 ]
   - !!opencv-matrix
      rows: 10
      cols: 10
      dt: d
      data: [ 5.0335848205050315e-01, 3.2984714355077849e-01,
          7.4928934993589158e-02, 6.3610131642449622e-02,
          1.4147387171697865e-02, -9.0082143456134936e-04,
          1.3176415539397510e-01, -3.1315042618775954e-03,
          3.0581990071757284e-02, 7.7511033107893701e-02,
          3.2984714355077849e-01, 9.7644445649378875e-01,
          1.1025326584639306e-01, 1.9202512425758195e-01,
          2.8843199101635336e-01, -2.5719256009744305e-03,
          3.0402731323722421e-01, -2.0646034684271227e-02,
          1.7369059386212405e-02, 1.2248652760840743e-01,
          7.4928934993589158e-02, 1.1025326584639303e-01,
          1.0073253940423257e-01, 2.7393765273460078e-02,
          5.2239889245908541e-02, -1.4642843855573390e-03,
          8.1251742125991497e-02, -6.3379068416018671e-03,
          1.2909943181206052e-02, 4.6806905910454534e-02,
          6.3610131642449622e-02, 1.9202512425758195e-01,
          2.7393765273460078e-02, 5.7936355249912377e-02,
          7.1287140148599853e-02, -1.6508763794356525e-03,
          7.1836456173430069e-02, -3.5389242776848132e-03,
          2.5982539646662185e-03, 2.9452957463801287e-02,
          1.4147387171697877e-02, 2.8843199101635336e-01,
          5.2239889245908541e-02, 7.1287140148599853e-02,
          3.1877567253930361e-01, 2.9790467797072046e-03,
          1.7073236533523989e-01, 2.8017729562883854e-03,
          2.2340108173441587e-03, 8.3843947733212534e-02,
          -9.0082143456134828e-04, -2.5719256009744344e-03,
          -1.4642843855573390e-03, -1.6508763794356525e-03,
          2.9790467797072054e-03, 3.3887492785038054e-02,
          2.2425554168677203e-03, 2.0150729538589520e-03,
          -4.5634614366991885e-03, 4.6818949060049731e-03,
          1.3176415539397510e-01, 3.0402731323722409e-01,
          8.1251742125991497e-02, 7.1836456173430069e-02,
          1.7073236533523989e-01, 2.2425554168677216e-03,
          2.7014931122023261e-01, 1.2518672676989875e-02,
          2.6914245557493541e-02, 1.2099300005225563e-01,
          -3.1315042618775971e-03, -2.0646034684271227e-02,
          -6.3379068416018688e-03, -3.5389242776848098e-03,
          2.8017729562883845e-03, 2.0150729538589520e-03,
          1.2518672676989875e-02, 9.0799074949322961e-02,
          4.9471437967360228e-03, 1.9358585958500787e-02,
          3.0581990071757284e-02, 1.7369059386212405e-02,
          1.2909943181206054e-02, 2.5982539646662189e-03,
          2.2340108173441583e-03, -4.5634614366991885e-03,
          2.6914245557493548e-02, 4.9471437967360228e-03,
          1.6410120232094989e-02, 1.3103835422688285e-02,
          7.7511033107893701e-02, 1.2248652760840745e-01,
          4.6806905910454534e-02, 2.9452957463801287e-02,
          8.3843947733212548e-02, 4.6818949060049731e-03,
          1.2099300005225563e-01, 1.9358585958500787e-02,
          1.3103835422688285e-02, 1.2284533748067805e-01 ]
   - !!opencv-matrix
      rows: 10
      cols: 10
      dt: d
