%YAML:1.0
---
groups:
   - intact
   - CD19
   - blast
intactGmmnames:
   - "intact.2014-3020.0"
   - "intact.2014-3020.1"
   - "intact.2014-3020.2"
   - "intact.2014-3020.3"
   - "intact.2014-3020.4"
intactLabels:
   - FSC-A
   - SSC-A
   - SY41
   - CD19
   - CD10
   - CD20
   - CD45
   - CD34
   - CD38
   - CD58
intactMu: !!opencv-matrix
   rows: 5
   cols: 10
   dt: d
   data: [ 9.3942857593270213e-01, 4.1319397148338471e-01,
       3.9199994267100986e+00, 1.0764113227049654e+00,
       9.2695151249069885e-01, 9.3308820618888610e-01,
       1.1779040789571085e+00, 1.1742231446831670e+00,
       1.2993263159436605e+00, 2.2112845379515327e+00,
       3.0441980373796973e+00, 3.6468055021151273e+00,
       3.5215249188459303e+00, 1.8622960435617530e+00,
       1.6659207761882240e+00, 9.6066980840978866e-01,
       2.9681902368970916e+00, 1.1811298231053160e+00,
       1.6018510712524570e+00, 2.1564600463217296e+00,
       1.2599120235740608e+00, 3.8698521421405946e-01,
       4.0213716847204841e+00, 1.5008427064577641e+00,
       8.5358194978897584e-01, 9.0453035536784687e-01,
       3.4690637423653423e+00, 1.1407411454585956e+00,
       1.9800669757379872e+00, 1.0957143652270607e+00,
       2.0910132617819190e+00, 3.1752748662857062e+00,
       3.3380032955098695e+00, 1.7219707541715743e+00,
       1.3011246067754483e+00, 9.9094279562113408e-01,
       2.1861728496993935e+00, 1.1877478979819791e+00,
       1.3306328786598864e+00, 1.5059224994128537e+00,
       2.4144917044854521e+00, 2.0100350111750873e+00,
       3.5728198892794678e+00, 1.8446597891551149e+00,
       1.1105717390258341e+00, 1.1069120718598371e+00,
       3.2934094773309766e+00, 1.2823270440156531e+00,
       2.3376974782040385e+00, 1.9336968984449079e+00 ]
intactSigma:
   - !!opencv-matrix
      rows: 10
      cols: 10
      dt: d
      data: [ 6.5488433395886461e-02, 2.3670929959616966e-02,
          -2.7407738031550680e-02, 8.2306009277192203e-03,
          3.0952090911418946e-03, 8.1897515235495493e-04,
          4.1093606875592208e-03, 6.7438701784604824e-04,
          1.2255307429799938e-03, 2.0399055026297821e-02,
          2.3670929959616966e-02, 3.6166644791909161e-02,
          -4.7043349284581872e-03, 1.2301804335675874e-02,
          7.2277951605500502e-03, 9.0989996100707224e-04,
          4.5625072848021996e-03, 4.2432523169080139e-04,
          1.6827112519600751e-03, 3.0259490076758867e-02,
          -2.7407738031550680e-02, -4.7043349284581898e-03,
          9.8963756981186757e-02, -5.4623932644927832e-04,
          -1.7854762914596963e-03, 1.0950135639174407e-03,
          1.5491953688883465e-03, -5.2892837673565560e-04,
          -7.1990061739006202e-04, -1.6886398560510103e-03,
          8.2306009277192220e-03, 1.2301804335675874e-02,
          -5.4623932644927745e-04, 3.6834883363138518e-02,
          4.5974750232098023e-03, -2.6070390962828523e-04,
          1.9081363638547189e-03, 1.0235337687942731e-04,
          -3.0103695388590543e-03, 1.1601661992099188e-02,
          3.0952090911418933e-03, 7.2277951605500502e-03,
          -1.7854762914596956e-03, 4.5974750232098023e-03,
          8.5196613815484962e-02, 8.3865530036099270e-04,
          -1.1468892796378877e-02, -4.1579216066330331e-04,
          8.2882929910937811e-04, 5.6193233954335130e-03,
          8.1897515235495536e-04, 9.0989996100707203e-04,
          1.0950135639174415e-03, -2.6070390962828506e-04,
          8.3865530036099356e-04, 3.9232176617644339e-02,
          -2.4384934603757584e-05, -1.5633092815871073e-03,
          -5.9029647959069663e-03, 1.2300694605095017e-03,
          4.1093606875592208e-03, 4.5625072848021978e-03,
          1.5491953688883465e-03, 1.9081363638547182e-03,
          -1.1468892796378877e-02, -2.4384934603757838e-05,
          3.5083381390312161e-02, 2.2753305318889971e-03,
          2.2793879992295094e-03, 6.1813733614896485e-03,
          6.7438701784604791e-04, 4.2432523169080172e-04,
          -5.2892837673565560e-04, 1.0235337687942709e-04,
          -4.1579216066330358e-04, -1.5633092815871071e-03,
          2.2753305318889980e-03, 1.0552864076514339e-02,
          7.6205117772713501e-04, 9.8847369991070092e-04,
          1.2255307429799938e-03, 1.6827112519600758e-03,
          -7.1990061739006137e-04, -3.0103695388590543e-03,
          8.2882929910937811e-04, -5.9029647959069681e-03,
          2.2793879992295102e-03, 7.6205117772713490e-04,
          7.6425931920775531e-03, 2.1763763052904572e-03,
          2.0399055026297821e-02, 3.0259490076758863e-02,
          -1.6886398560510098e-03, 1.1601661992099188e-02,
          5.6193233954335130e-03, 1.2300694605095015e-03,
          6.1813733614896477e-03, 9.8847369991070092e-04,
          2.1763763052904572e-03, 5.8120851953474738e-02 ]
   - !!opencv-matrix
      rows: 10
      cols: 10
      dt: d
      data: [ 2.9443286255068502e-01, 2.9709712720063192e-02,
          -1.2987886865059835e-02, 6.5036246676876538e-03,
          -4.0221086121072905e-02, 1.0429941328829082e-03,
          -1.6360258848544938e-02, 9.9948047241614022e-05,
          4.5295543718558385e-03, -1.5254213119934211e-02,
          2.9709712720063199e-02, 2.7004230889594377e-01,
          -4.6250103298292405e-02, 3.9365144758375908e-02,
          5.0199535247840398e-02, 3.5581250561813548e-03,
          2.5135717545834314e-02, 1.6413949716599008e-03,
          8.1383760119920542e-03, 2.9010122639060994e-02,
          -1.2987886865059839e-02, -4.6250103298292398e-02,
          1.0848148826046279e-01, -8.5500718888907659e-03,
          -2.2872523351830411e-02, 4.1436146379634440e-04,
          -1.4582861032828662e-02, 6.2040320981201049e-04,
          -5.6733621344187231e-03, -1.2231759623478109e-02,
          6.5036246676876521e-03, 3.9365144758375915e-02,
          -8.5500718888907642e-03, 3.1188656461376148e-02,
          1.3149488475074122e-02, -1.0261273482368266e-04,
          6.7936040832163062e-03, 2.1687915590828426e-04,
          -2.8690301267984002e-03, 4.1910899841279860e-03,
          -4.0221086121072891e-02, 5.0199535247840398e-02,
          -2.2872523351830404e-02, 1.3149488475074122e-02,
          1.9854342078103651e-01, 7.4191961342711895e-04,
          3.8047578981059892e-02, 2.5311103387945527e-04,
          3.4122579952527076e-03, 2.5217928169572384e-02,
          1.0429941328829091e-03, 3.5581250561813570e-03,
          4.1436146379634418e-04, -1.0261273482368266e-04,
          7.4191961342711982e-04, 6.2292070207318730e-02,
          2.6030320129650950e-04, -6.0893088760560869e-03,
          -1.4669712554592443e-02, 5.4184227378908882e-05,
          -1.6360258848544938e-02, 2.5135717545834317e-02,
          -1.4582861032828662e-02, 6.7936040832163071e-03,
          3.8047578981059892e-02, 2.6030320129650939e-04,
          2.7012068734926089e-02, 8.0565064700564414e-04,
          4.9431550975572976e-03, 9.1667733335850186e-03,
          9.9948047241614266e-05, 1.6413949716599012e-03,
          6.2040320981201070e-04, 2.1687915590828407e-04,
          2.5311103387945500e-04, -6.0893088760560878e-03,
          8.0565064700564403e-04, 3.8619465071333618e-02,
          3.4306131225530345e-03, 1.1160410760978892e-03,
          4.5295543718558385e-03, 8.1383760119920542e-03,
          -5.6733621344187231e-03, -2.8690301267984006e-03,
          3.4122579952527081e-03, -1.4669712554592443e-02,
          4.9431550975572985e-03, 3.4306131225530353e-03,
          3.3333045311159236e-02, 1.4657137105963871e-03,
          -1.5254213119934216e-02, 2.9010122639060987e-02,
          -1.2231759623478109e-02, 4.1910899841279860e-03,
          2.5217928169572378e-02, 5.4184227378908794e-05,
          9.1667733335850186e-03, 1.1160410760978896e-03,
          1.4657137105963879e-03, 3.2231495497053890e-02 ]
   - !!opencv-matrix
      rows: 10
      cols: 10
      dt: d
