%YAML:1.0
---
groups:
   - intact
   - CD19
   - blast
intactGmmnames:
   - "intact.2015-1464.0"
   - "intact.2015-1464.1"
   - "intact.2015-1464.2"
   - "intact.2015-1464.3"
   - "intact.2015-1464.4"
intactLabels:
   - FSC-A
   - SSC-A
   - SY41
   - CD19
   - CD10
   - CD20
   - CD45
   - CD34
   - CD38
   - CD58
intactMu: !!opencv-matrix
   rows: 5
   cols: 10
   dt: d
   data: [ 1.8543023180962901e+00, 8.1553814139604985e-01,
       2.5361306476661571e+00, 1.0949563645030009e+00,
       1.0657887966388744e+00, 1.0406914167227725e+00,
       3.7754553892757401e+00, 1.2530080615203187e+00,
       2.3726849081107617e+00, 1.8149213259587313e+00,
       1.9275852261800821e+00, 8.4715884885316783e-01,
       2.7820474371006285e+00, 1.0380264602459488e+00,
       1.0763813429601503e+00, 1.0979767092314270e+00,
       3.9610424910795117e+00, 1.2223540020270252e+00,
       1.0858485887381328e+00, 1.7788082680400152e+00,
       3.0524219710627438e+00, 2.7176223627564418e+00,
       3.1641225386716352e+00, 1.6329928562723757e+00,
       1.8372254804832793e+00, 1.1505110456086460e+00,
       3.4123982932092334e+00, 1.3921918955015882e+00,
       1.9307750244316439e+00, 2.2305729404567631e+00,
       1.6312150692765899e+00, 6.2822950022812196e-01,
       3.0400544082177992e+00, 1.0281597877245052e+00,
       1.0429366884977187e+00, 1.0664788067190545e+00,
       3.7687668376507903e+00, 1.2094724571562836e+00,
       1.1918270800537749e+00, 1.1207321146118772e+00,
       1.9547806149899434e+00, 1.3748176547952575e+00,
       3.0385249139342458e+00, 1.5456470327754619e+00,
       1.3897299986819864e+00, 1.4285498707183062e+00,
       2.2971499321050790e+00, 1.5070365946033728e+00,
       1.3900041226212865e+00, 1.8792415384937438e+00 ]
intactSigma:
   - !!opencv-matrix
      rows: 10
      cols: 10
      dt: d
      data: [ 6.2452783881636366e-02, 4.7931857888852325e-03,
          5.9487549455738914e-03, 6.3498840345394165e-04,
          4.1649207454800532e-04, -3.5583315396328646e-04,
          2.7125357685870359e-03, -2.5655138879891019e-06,
          6.1203300316033885e-03, 1.1661164268214792e-02,
          4.7931857888852325e-03, 2.2805178694112749e-02,
          9.6785255156972474e-03, 4.3055722180787431e-03,
          3.4741471974793427e-03, -2.4029478545571720e-04,
          1.7413026798418878e-03, 2.4162674945975458e-03,
          9.9597119846069303e-03, 2.0520091062141265e-02,
          5.9487549455738914e-03, 9.6785255156972474e-03,
          6.4546708200706321e-02, 1.9830273788628858e-05,
          3.4177709500905073e-04, -1.0509277051549805e-03,
          2.0776786351310843e-03, 1.4703015087711177e-03,
          9.6260625471974032e-03, 3.1470754522182850e-03,
          6.3498840345394187e-04, 4.3055722180787431e-03,
          1.9830273788629018e-05, 8.7893969615431403e-02,
          3.6703012155217076e-03, -2.1698639627455974e-03,
          -2.9652058975083158e-03, 5.9883937781647460e-03,
          2.1005547711504730e-03, 6.6693008473703956e-03,
          4.1649207454800532e-04, 3.4741471974793427e-03,
          3.4177709500904965e-04, 3.6703012155217055e-03,
          1.0155991191534884e-01, 1.6577544013848754e-03,
          1.1272094878351399e-04, -3.2736808828361004e-03,
          2.3380946290425652e-03, 5.6285657321346692e-03,
          -3.5583315396328668e-04, -2.4029478545571707e-04,
          -1.0509277051549812e-03, -2.1698639627455974e-03,
          1.6577544013848752e-03, 6.3893346679817303e-02,
          3.8008161607132259e-04, -1.0231013207991628e-02,
          -1.5220196773994386e-02, 3.0794753802771378e-04,
          2.7125357685870359e-03, 1.7413026798418878e-03,
          2.0776786351310843e-03, -2.9652058975083171e-03,
          1.1272094878351403e-04, 3.8008161607132237e-04,
          1.0480941981467817e-02, -1.1463862427185236e-03,
          1.6310554585616498e-03, 4.6489439194081173e-03,
          -2.5655138879892950e-06, 2.4162674945975467e-03,
          1.4703015087711173e-03, 5.9883937781647460e-03,
          -3.2736808828360991e-03, -1.0231013207991625e-02,
          -1.1463862427185231e-03, 1.6758766433997471e-01,
          9.2749967364194382e-03, 4.9912966486230295e-03,
          6.1203300316033885e-03, 9.9597119846069303e-03,
          9.6260625471974032e-03, 2.1005547711504730e-03,
          2.3380946290425652e-03, -1.5220196773994386e-02,
          1.6310554585616496e-03, 9.2749967364194382e-03,
          1.2599664901850155e-01, 1.3681225867087114e-02,
          1.1661164268214791e-02, 2.0520091062141262e-02,
          3.1470754522182850e-03, 6.6693008473703956e-03,
          5.6285657321346692e-03, 3.0794753802771432e-04,
          4.6489439194081173e-03, 4.9912966486230321e-03,
          1.3681225867087114e-02, 9.2174708079798384e-02 ]
   - !!opencv-matrix
      rows: 10
      cols: 10
      dt: d
      data: [ 8.9512417029260966e-02, -6.8257089707139422e-03,
          8.3776969047760531e-03, -4.1206467593685311e-03,
          -1.6543301420566831e-04, 5.0500865066680672e-04,
          6.0860172063918619e-03, 4.7697703797900678e-04,
          -1.5235927362825426e-03, 1.8677672747111362e-02,
          -6.8257089707139422e-03, 3.7652628315334578e-02,
          1.2744402614602720e-02, 9.5571812235697266e-03,
          3.4875120769681397e-03, -1.2863954731732552e-03,
          -1.0065537186877940e-03, 2.1227527306622012e-03,
          -3.0906902828672402e-03, 2.2481030540068499e-02,
          8.3776969047760514e-03, 1.2744402614602720e-02,
          8.0399065535986705e-02, 2.9037032606525556e-03,
          2.0457978166656646e-03, -2.1232699013611135e-03,
          -4.6539268114044359e-03, 2.1223076259932775e-03,
          -9.9217879946305286e-04, 1.1957035575766547e-02,
          -4.1206467593685311e-03, 9.5571812235697266e-03,
          2.9037032606525548e-03, 1.1218970223557946e-01,
          3.3239089912108460e-03, -2.5443245736817030e-03,
          -5.2768061200992016e-03, 6.0589846544938913e-03,
          -8.2659482993468914e-03, 8.0123406480296557e-03,
          -1.6543301420566847e-04, 3.4875120769681392e-03,
          2.0457978166656655e-03, 3.3239089912108460e-03,
          1.0194162682741488e-01, 4.2242748537581291e-04,
          -3.0304490010184525e-04, -3.9198614063162075e-04,
          1.5680262450070519e-03, 5.7244774025957063e-03,
          5.0500865066680704e-04, -1.2863954731732552e-03,
          -2.1232699013611139e-03, -2.5443245736817017e-03,
          4.2242748537581231e-04, 4.7613166893017554e-02,
          2.2600606327259787e-03, -1.2007713035503464e-02,
          -1.8866556695667770e-02, -1.3497482888219360e-03,
          6.0860172063918619e-03, -1.0065537186877940e-03,
          -4.6539268114044368e-03, -5.2768061200992025e-03,
          -3.0304490010184552e-04, 2.2600606327259779e-03,
          1.1355602000064977e-02, -1.1346960551423192e-03,
          -1.6504327513686828e-03, 2.7032643972008141e-04,
          4.7697703797900656e-04, 2.1227527306622029e-03,
          2.1223076259932775e-03, 6.0589846544938921e-03,
          -3.9198614063162124e-04, -1.2007713035503464e-02,
          -1.1346960551423195e-03, 2.1151413401758523e-01,
          8.8078091453003184e-03, 3.2843530332986931e-03,
          -1.5235927362825426e-03, -3.0906902828672402e-03,
          -9.9217879946305264e-04, -8.2659482993468914e-03,
          1.5680262450070523e-03, -1.8866556695667770e-02,
          -1.6504327513686828e-03, 8.8078091453003150e-03,
          8.3337710168794280e-02, 1.4412462058297803e-03,
          1.8677672747111362e-02, 2.2481030540068503e-02,
          1.1957035575766542e-02, 8.0123406480296540e-03,
          5.7244774025957046e-03, -1.3497482888219362e-03,
          2.7032643972008130e-04, 3.2843530332986931e-03,
          1.4412462058297807e-03, 8.5314605613339381e-02 ]
   - !!opencv-matrix
      rows: 10
      cols: 10
      dt: d
