%YAML:1.0
---
groups:
   - intact
   - CD19
   - blast
intactGmmnames:
   - "intact.2015-0605.0"
   - "intact.2015-0605.1"
   - "intact.2015-0605.2"
   - "intact.2015-0605.3"
   - "intact.2015-0605.4"
intactLabels:
   - FSC-A
   - SSC-A
   - SY41
   - CD19
   - CD10
   - CD20
   - CD45
   - CD34
   - CD38
   - CD58
intactMu: !!opencv-matrix
   rows: 5
   cols: 10
   dt: d
   data: [ 1.3914626440553954e+00, 6.1462589471406948e-01,
       3.1233782608679683e+00, 1.1822211388052386e+00,
       1.1672121846411136e+00, 1.0218546660545993e+00,
       1.5915522788297862e+00, 1.1668696376959773e+00,
       1.2280235014289220e+00, 2.3456182322174768e+00,
       1.7511253288034374e+00, 1.1007750045935918e+00,
       2.6162093146974033e+00, 1.2996797735817647e+00,
       1.0861635450062386e+00, 1.1852780431018388e+00,
       2.4382771357440323e+00, 1.9778953038980671e+00,
       1.6499282477957464e+00, 2.2016981447891033e+00,
       1.1947472529586682e+00, 4.0880432520497412e-01,
       3.0316081227375289e+00, 1.1346904073215343e+00,
       9.8842089685986190e-01, 1.0005290426654112e+00,
       3.7083986674720273e+00, 1.0911754002268641e+00,
       1.5095145042957323e+00, 1.5273110271322368e+00,
       2.3340259355888269e+00, 2.2182538042792608e+00,
       2.6731996804857574e+00, 1.4764604398028105e+00,
       1.3617033158451513e+00, 1.0359753043951463e+00,
       2.8371573410251916e+00, 1.2710329795082906e+00,
       1.6767675531519588e+00, 1.8301321049663313e+00,
       1.0508901691284467e+00, 4.0221595719409514e-01,
       2.8040309777631518e+00, 1.1364969133744918e+00,
       1.1269455399167816e+00, 1.0216317587859620e+00,
       1.3735909633823842e+00, 1.0893810148105816e+00,
       1.1571297940505492e+00, 2.1282483872760887e+00 ]
intactSigma:
   - !!opencv-matrix
      rows: 10
      cols: 10
      dt: d
      data: [ 1.3764363198508939e-01, 3.1466107877141734e-02,
          2.0706305159716525e-03, 6.1194146924250731e-03,
          7.5792132903291275e-03, 1.5044902248084119e-03,
          1.4370143674935066e-02, -1.0936166917914273e-02,
          2.3144593166218850e-03, 2.2914178751032608e-02,
          3.1466107877141741e-02, 2.9641481885017102e-02,
          1.1434892342238620e-02, 5.5252906737283235e-03,
          6.4164654442312391e-03, 6.4684441687991399e-04,
          1.3832101792045344e-02, -5.8503660244096497e-03,
          2.4767374175229725e-03, 1.6153797028997188e-02,
          2.0706305159716538e-03, 1.1434892342238620e-02,
          1.2305808597681130e-01, 7.7565239246746688e-04,
          1.8347125404930809e-03, 8.4833268738052775e-04,
          2.1569429516174132e-02, -6.6620032644147103e-03,
          3.6442880396200471e-03, 1.5991372459876103e-02,
          6.1194146924250714e-03, 5.5252906737283235e-03,
          7.7565239246746786e-04, 1.3554941672193800e-02,
          2.8552616366952729e-03, -1.9440403883905170e-03,
          7.9610197717955517e-04, -1.1273897087296020e-03,
          -1.8086230710676172e-03, 3.0825770406911175e-03,
          7.5792132903291258e-03, 6.4164654442312409e-03,
          1.8347125404930785e-03, 2.8552616366952738e-03,
          1.3152677046709749e-01, 6.3684176946243222e-04,
          -6.4712871921201748e-03, -2.8798169864375149e-03,
          1.3771453349155872e-03, 5.2933464315755435e-03,
          1.5044902248084126e-03, 6.4684441687991399e-04,
          8.4833268738052742e-04, -1.9440403883905170e-03,
          6.3684176946243276e-04, 2.6927569167141261e-02,
          1.2183798112216633e-03, -4.2296989372650126e-03,
          -5.8685081668198025e-03, 6.0249487179160892e-04,
          1.4370143674935066e-02, 1.3832101792045342e-02,
          2.1569429516174132e-02, 7.9610197717955484e-04,
          -6.4712871921201783e-03, 1.2183798112216627e-03,
          1.3269756525755758e-01, -7.8849862685879697e-03,
          1.2341351914595971e-02, 1.3642806563724352e-02,
          -1.0936166917914273e-02, -5.8503660244096515e-03,
          -6.6620032644147103e-03, -1.1273897087296012e-03,
          -2.8798169864375149e-03, -4.2296989372650126e-03,
          -7.8849862685879697e-03, 5.3307278479006605e-02,
          -1.1407187723122404e-03, -5.2676952090427520e-03,
          2.3144593166218850e-03, 2.4767374175229725e-03,
          3.6442880396200471e-03, -1.8086230710676172e-03,
          1.3771453349155872e-03, -5.8685081668198033e-03,
          1.2341351914595971e-02, -1.1407187723122408e-03,
          1.5526687022956053e-02, 2.7283635449813271e-03,
          2.2914178751032608e-02, 1.6153797028997188e-02,
          1.5991372459876103e-02, 3.0825770406911175e-03,
          5.2933464315755461e-03, 6.0249487179160892e-04,
          1.3642806563724352e-02, -5.2676952090427529e-03,
          2.7283635449813267e-03, 2.1528209572725134e-02 ]
   - !!opencv-matrix
      rows: 10
      cols: 10
      dt: d
      data: [ 4.3329057477082794e-01, 2.1357684798907589e-01,
          1.0993255822987787e-01, 2.8100756709351696e-02,
          2.1852057161553910e-02, 2.0456796039946643e-02,
          1.7412504765558606e-01, 1.7566420073413067e-01,
          1.8419779186953425e-01, 6.5094103572374898e-02,
          2.1357684798907589e-01, 1.8927415333885525e-01,
          6.9038245564298703e-02, 2.6705845302280196e-02,
          1.5333625308110298e-02, 5.9385437010991389e-03,
          9.1639953987526904e-02, 7.8390705976588093e-02,
          8.4744941980965868e-02, 6.8799138926127629e-02,
          1.0993255822987787e-01, 6.9038245564298703e-02,
          2.3954710252973763e-01, 3.0343126896278601e-02,
          3.8194934127736453e-02, -3.9047029136527120e-03,
          -6.7224886175337130e-03, -3.8312441236401949e-02,
          9.1739722714099109e-02, 1.2522921829329736e-02,
          2.8100756709351696e-02, 2.6705845302280196e-02,
          3.0343126896278601e-02, 7.3706895312674783e-02,
          1.4099202348805693e-02, 3.0200974611560488e-02,
          3.3833259936977063e-02, -1.5937539256297630e-02,
          2.4171168783715162e-02, 2.5518136312504109e-03,
          2.1852057161553910e-02, 1.5333625308110298e-02,
          3.8194934127736453e-02, 1.4099202348805698e-02,
          1.3352280596752009e-01, 4.2270895732637306e-03,
          -8.0574815029068238e-03, -1.9285457237959963e-02,
          1.0525567116953478e-02, 9.9248872376836300e-03,
          2.0456796039946643e-02, 5.9385437010991389e-03,
          -3.9047029136527120e-03, 3.0200974611560488e-02,
          4.2270895732637332e-03, 1.3026768186361917e-01,
          5.6267321342817901e-02, -2.6755318591442602e-04,
          -9.0999547013219280e-03, -1.1570511357683491e-02,
          1.7412504765558609e-01, 9.1639953987526904e-02,
          -6.7224886175337208e-03, 3.3833259936977063e-02,
          -8.0574815029068221e-03, 5.6267321342817894e-02,
          2.8397307959167872e-01, 1.9809079333954235e-01,
          1.8171056743013811e-01, -3.4702576293438237e-05,
          1.7566420073413067e-01, 7.8390705976588093e-02,
          -3.8312441236401949e-02, -1.5937539256297626e-02,
          -1.9285457237959963e-02, -2.6755318591442499e-04,
          1.9809079333954235e-01, 3.4837734574358170e-01,
          1.8528746806657148e-01, 4.4342940062244828e-03,
          1.8419779186953428e-01, 8.4744941980965882e-02,
          9.1739722714099109e-02, 2.4171168783715166e-02,
          1.0525567116953474e-02, -9.0999547013219280e-03,
          1.8171056743013814e-01, 1.8528746806657148e-01,
          2.9203119774272401e-01, -1.0364693676641069e-02,
          6.5094103572374912e-02, 6.8799138926127601e-02,
          1.2522921829329736e-02, 2.5518136312504109e-03,
          9.9248872376836300e-03, -1.1570511357683491e-02,
          -3.4702576293438447e-05, 4.4342940062244820e-03,
          -1.0364693676641073e-02, 6.7437325535464956e-02 ]
   - !!opencv-matrix
      rows: 10
      cols: 10
      dt: d
