%YAML:1.0
---
groups:
   - intact
   - CD19
   - blast
intactGmmnames:
   - "intact.2015-0605.0"
   - "intact.2015-0605.1"
   - "intact.2015-0605.2"
   - "intact.2015-0605.3"
   - "intact.2015-0605.4"
intactLabels:
   - FSC-A
   - SSC-A
   - SY41
   - CD19
   - CD10
   - CD20
   - CD45
   - CD34
   - CD38
   - CD58
intactMu: !!opencv-matrix
   rows: 5
   cols: 10
   dt: d
   data: [ 1.3914626440553954e+00, 6.1462589471406948e-01,
       3.1233782608679683e+00, 1.1822211388052386e+00,
       1.1672121846411136e+00, 1.0218546660545993e+00,
       1.5915522788297862e+00, 1.1668696376959773e+00,
       1.2280235014289220e+00, 2.3456182322174768e+00,
       1.7511253288034374e+00, 1.1007750045935918e+00,
       2.6162093146974033e+00, 1.2996797735817647e+00,
       1.0861635450062386e+00, 1.1852780431018388e+00,
       2.4382771357440323e+00, 1.9778953038980671e+00,
       1.6499282477957464e+00, 2.2016981447891033e+00,
       1.1947472529586682e+00, 4.0880432520497412e-01,
       3.0316081227375289e+00, 1.1346904073215343e+00,
       9.8842089685986190e-01, 1.0005290426654112e+00,
       3.7083986674720273e+00, 1.0911754002268641e+00,
       1.5095145042957323e+00, 1.5273110271322368e+00,
       2.3340259355888269e+00, 2.2182538042792608e+00,
       2.6731996804857574e+00, 1.4764604398028105e+00,
       1.3617033158451513e+00, 1.0359753043951463e+00,
       2.8371573410251916e+00, 1.2710329795082906e+00,
       1.6767675531519588e+00, 1.8301321049663313e+00,
       1.0508901691284467e+00, 4.0221595719409514e-01,
       2.8040309777631518e+00, 1.1364969133744918e+00,
       1.1269455399167816e+00, 1.0216317587859620e+00,
       1.3735909633823842e+00, 1.0893810148105816e+00,
       1.1571297940505492e+00, 2.1282483872760887e+00 ]
intactSigma:
   - !!opencv-matrix
      rows: 10
      cols: 10
      dt: d
      data: [ 1.3764363198508939e-01, 3.1466107877141734e-02,
          2.0706305159716525e-03, 6.1194146924250731e-03,
          7.5792132903291275e-03, 1.5044902248084119e-03,
          1.4370143674935066e-02, -1.0936166917914273e-02,
          2.3144593166218850e-03, 2.2914178751032608e-02,
          3.1466107877141741e-02, 2.9641481885017102e-02,
          1.1434892342238620e-02, 5.5252906737283235e-03,
          6.4164654442312391e-03, 6.4684441687991399e-04,
          1.3832101792045344e-02, -5.8503660244096497e-03,
          2.4767374175229725e-03, 1.6153797028997188e-02,
          2.0706305159716538e-03, 1.1434892342238620e-02,
          1.2305808597681130e-01, 7.7565239246746688e-04,
          1.8347125404930809e-03, 8.4833268738052775e-04,
          2.1569429516174132e-02, -6.6620032644147103e-03,
          3.6442880396200471e-03, 1.5991372459876103e-02,
          6.1194146924250714e-03, 5.5252906737283235e-03,
          7.7565239246746786e-04, 1.3554941672193800e-02,
          2.8552616366952729e-03, -1.9440403883905170e-03,
          7.9610197717955517e-04, -1.1273897087296020e-03,
          -1.8086230710676172e-03, 3.0825770406911175e-03,
          7.5792132903291258e-03, 6.4164654442312409e-03,
          1.8347125404930785e-03, 2.8552616366952738e-03,
          1.3152677046709749e-01, 6.3684176946243222e-04,
          -6.4712871921201748e-03, -2.8798169864375149e-03,
          1.3771453349155872e-03, 5.2933464315755435e-03,
          1.5044902248084126e-03, 6.4684441687991399e-04,
          8.4833268738052742e-04, -1.9440403883905170e-03,
          6.3684176946243276e-04, 2.6927569167141261e-02,
          1.2183798112216633e-03, -4.2296989372650126e-03,
          -5.8685081668198025e-03, 6.0249487179160892e-04,
          1.4370143674935066e-02, 1.3832101792045342e-02,
          2.1569429516174132e-02, 7.9610197717955484e-04,
          -6.4712871921201783e-03, 1.2183798112216627e-03,
          1.3269756525755758e-01, -7.8849862685879697e-03,
          1.2341351914595971e-02, 1.3642806563724352e-02,
          -1.0936166917914273e-02, -5.8503660244096515e-03,
          -6.6620032644147103e-03, -1.1273897087296012e-03,
          -2.8798169864375149e-03, -4.2296989372650126e-03,
          -7.8849862685879697e-03, 5.3307278479006605e-02,
          -1.1407187723122404e-03, -5.2676952090427520e-03,
          2.3144593166218850e-03, 2.4767374175229725e-03,
          3.6442880396200471e-03, -1.8086230710676172e-03,
          1.3771453349155872e-03, -5.8685081668198033e-03,
          1.2341351914595971e-02, -1.1407187723122408e-03,
          1.5526687022956053e-02, 2.7283635449813271e-03,
          2.2914178751032608e-02, 1.6153797028997188e-02,
          1.5991372459876103e-02, 3.0825770406911175e-03,
          5.2933464315755461e-03, 6.0249487179160892e-04,
          1.3642806563724352e-02, -5.2676952090427529e-03,
          2.7283635449813267e-03, 2.1528209572725134e-02 ]
   - !!opencv-matrix
      rows: 10
      cols: 10
      dt: d
      data: [ 4.3329057477082794e-01, 2.1357684798907589e-01,
          1.0993255822987787e-01, 2.8100756709351696e-02,
          2.1852057161553910e-02, 2.0456796039946643e-02,
          1.7412504765558606e-01, 1.7566420073413067e-01,
          1.8419779186953425e-01, 6.5094103572374898e-02,
          2.1357684798907589e-01, 1.8927415333885525e-01,
          6.9038245564298703e-02, 2.6705845302280196e-02,
          1.5333625308110298e-02, 5.9385437010991389e-03,
          9.1639953987526904e-02, 7.8390705976588093e-02,
          8.4744941980965868e-02, 6.8799138926127629e-02,
          1.0993255822987787e-01, 6.9038245564298703e-02,
          2.3954710252973763e-01, 3.0343126896278601e-02,
          3.8194934127736453e-02, -3.9047029136527120e-03,
          -6.7224886175337130e-03, -3.8312441236401949e-02,
          9.1739722714099109e-02, 1.2522921829329736e-02,
          2.8100756709351696e-02, 2.6705845302280196e-02,
          3.0343126896278601e-02, 7.3706895312674783e-02,
          1.4099202348805693e-02, 3.0200974611560488e-02,
          3.3833259936977063e-02, -1.5937539256297630e-02,
          2.4171168783715162e-02, 2.5518136312504109e-03,
          2.1852057161553910e-02, 1.5333625308110298e-02,
          3.8194934127736453e-02, 1.4099202348805698e-02,
          1.3352280596752009e-01, 4.2270895732637306e-03,
          -8.0574815029068238e-03, -1.9285457237959963e-02,
          1.0525567116953478e-02, 9.9248872376836300e-03,
          2.0456796039946643e-02, 5.9385437010991389e-03,
          -3.9047029136527120e-03, 3.0200974611560488e-02,
          4.2270895732637332e-03, 1.3026768186361917e-01,
          5.6267321342817901e-02, -2.6755318591442602e-04,
          -9.0999547013219280e-03, -1.1570511357683491e-02,
          1.7412504765558609e-01, 9.1639953987526904e-02,
          -6.7224886175337208e-03, 3.3833259936977063e-02,
          -8.0574815029068221e-03, 5.6267321342817894e-02,
          2.8397307959167872e-01, 1.9809079333954235e-01,
          1.8171056743013811e-01, -3.4702576293438237e-05,
          1.7566420073413067e-01, 7.8390705976588093e-02,
          -3.8312441236401949e-02, -1.5937539256297626e-02,
          -1.9285457237959963e-02, -2.6755318591442499e-04,
          1.9809079333954235e-01, 3.4837734574358170e-01,
          1.8528746806657148e-01, 4.4342940062244828e-03,
          1.8419779186953428e-01, 8.4744941980965882e-02,
          9.1739722714099109e-02, 2.4171168783715166e-02,
          1.0525567116953474e-02, -9.0999547013219280e-03,
          1.8171056743013814e-01, 1.8528746806657148e-01,
          2.9203119774272401e-01, -1.0364693676641069e-02,
          6.5094103572374912e-02, 6.8799138926127601e-02,
          1.2522921829329736e-02, 2.5518136312504109e-03,
          9.9248872376836300e-03, -1.1570511357683491e-02,
          -3.4702576293438447e-05, 4.4342940062244820e-03,
          -1.0364693676641073e-02, 6.7437325535464956e-02 ]
   - !!opencv-matrix
      rows: 10
      cols: 10
      dt: d
      data: [ 1.0608054323370367e-01, 2.6796337231099379e-02,
          -3.8110948985522190e-02, 5.1972264658190692e-03,
          1.0013142048032695e-03, -3.4282453538762424e-03,
          1.1207627450885008e-02, -7.7848484309997847e-04,
          3.6404114625598387e-02, 4.0483325683187049e-02,
          2.6796337231099379e-02, 2.1471696251324966e-02,
          -1.1161093762635804e-02, 4.4759788685868086e-03,
          2.1384429848614532e-03, -1.2157335501260804e-03,
          7.9659139737497490e-03, 5.5183705024317898e-04,
          1.6155045564628063e-02, 2.8926991086718659e-02,
          -3.8110948985522176e-02, -1.1161093762635804e-02,
          4.4093160699731564e-02, -1.2344784474883415e-03,
          1.9182343284168892e-03, 2.3241566017483985e-03,
          -2.0076518892717938e-03, 8.0446804613231089e-04,
          -2.7037151748578150e-02, -1.0454928742532007e-02,
          5.1972264658190692e-03, 4.4759788685868086e-03,
          -1.2344784474883422e-03, 4.2052091192241445e-02,
          1.0562918312355431e-03, -4.1051404403278230e-03,
          7.9214993981550691e-04, 4.4267370022733942e-03,
          -1.9168154134246067e-03, 6.0125315868659142e-03,
          1.0013142048032695e-03, 2.1384429848614532e-03,
          1.9182343284168885e-03, 1.0562918312355435e-03,
          6.4935534064585188e-02, 4.8051820798231863e-04,
          1.2947282077214058e-03, -5.7914880561342366e-04,
          -4.2811279973931898e-03, 4.1821316669576284e-03,
          -3.4282453538762411e-03, -1.2157335501260806e-03,
          2.3241566017483993e-03, -4.1051404403278230e-03,
          4.8051820798231809e-04, 4.3359811889073771e-02,
          -1.9550634830804928e-04, -1.5605615153858892e-02,
          -2.0388560513733594e-02, -1.3918617432570610e-03,
          1.1207627450885008e-02, 7.9659139737497490e-03,
          -2.0076518892717943e-03, 7.9214993981550658e-04,
          1.2947282077214054e-03, -1.9550634830804942e-04,
          9.3884893951212325e-03, -1.2526943707680761e-03,
          9.3415820564396901e-04, 1.3706555815306706e-02,
          -7.7848484309997815e-04, 5.5183705024317822e-04,
          8.0446804613231208e-04, 4.4267370022733942e-03,
          -5.7914880561342344e-04, -1.5605615153858894e-02,
          -1.2526943707680761e-03, 2.1331455639110020e-01,
          5.4185028269117304e-03, 4.2139847084897734e-04,
          3.6404114625598373e-02, 1.6155045564628063e-02,
          -2.7037151748578153e-02, -1.9168154134246084e-03,
          -4.2811279973931898e-03, -2.0388560513733590e-02,
          9.3415820564396934e-04, 5.4185028269117287e-03,
          1.9049425018548624e-01, 1.9626185938028725e-02,
          4.0483325683187049e-02, 2.8926991086718656e-02,
          -1.0454928742532007e-02, 6.0125315868659124e-03,
          4.1821316669576293e-03, -1.3918617432570619e-03,
          1.3706555815306706e-02, 4.2139847084897539e-04,
          1.9626185938028722e-02, 1.2466289417900941e-01 ]
   - !!opencv-matrix
      rows: 10
      cols: 10
      dt: d
      data: [ 6.5981444248460663e-01, 3.9541473712671121e-01,
          9.7124938647581548e-03, 6.6839399461212978e-02,
          -1.9445988455106440e-02, -6.4443290140674897e-03,
          1.1101337324049908e-01, 3.0607987128033202e-02,
          1.0903302059359424e-01, 1.5406771927781265e-01,
          3.9541473712671121e-01, 1.2507300440502804e+00,
          -9.9195486163527080e-02, 2.0158894156675911e-01,
          2.6222196446416363e-01, 2.1631867911875136e-03,
          5.5291817320217103e-02, -3.4827244473695654e-03,
          -5.6138417808448061e-02, 5.4494529323871693e-02,
          9.7124938647581548e-03, -9.9195486163527080e-02,
          2.3338928206334270e-01, -1.4679023018089658e-02,
          -3.6246815418000004e-02, -1.2915744641338171e-03,
          1.5511205232837663e-01, 1.8169359627294129e-02,
          1.0080725339382789e-01, 7.0302674530321047e-02,
          6.6839399461212978e-02, 2.0158894156675911e-01,
          -1.4679023018089658e-02, 6.4547717378554068e-02,
          4.3622204599544807e-02, -1.1113003126338237e-03,
          1.0438522852755257e-02, 2.6025985945013581e-03,
          -1.2945228101031840e-02, 1.2228618405560287e-02,
          -1.9445988455106446e-02, 2.6222196446416363e-01,
          -3.6246815418000004e-02, 4.3622204599544807e-02,
          2.9848732219145491e-01, 2.4246370453463737e-03,
          1.4588720415208490e-03, -1.6783212788930951e-02,
          -8.4003604661861228e-02, -2.0323073871114164e-02,
          -6.4443290140674880e-03, 2.1631867911875145e-03,
          -1.2915744641338179e-03, -1.1113003126338235e-03,
          2.4246370453463719e-03, 5.8968301780329642e-02,
          -2.7176236789010640e-03, -7.7683064406149560e-03,
          -1.9444817003105120e-02, -3.7803253830695832e-03,
          1.1101337324049912e-01, 5.5291817320217145e-02,
          1.5511205232837663e-01, 1.0438522852755261e-02,
          1.4588720415208520e-03, -2.7176236789010636e-03,
          7.3633949912271845e-01, 7.4158259784538980e-02,
          3.0935756793849711e-01, 2.2638791524170576e-01,
          3.0607987128033202e-02, -3.4827244473695632e-03,
          1.8169359627294129e-02, 2.6025985945013572e-03,
          -1.6783212788930944e-02, -7.7683064406149568e-03,
          7.4158259784538980e-02, 1.6698123030132064e-01,
          7.7207245619103956e-02, 4.2188964906323151e-02,
          1.0903302059359424e-01, -5.6138417808448061e-02,
          1.0080725339382787e-01, -1.2945228101031840e-02,
          -8.4003604661861228e-02, -1.9444817003105120e-02,
          3.0935756793849711e-01, 7.7207245619103956e-02,
          3.8721769735437428e-01, 1.5275209257435279e-01,
          1.5406771927781268e-01, 5.4494529323871693e-02,
          7.0302674530321047e-02, 1.2228618405560287e-02,
          -2.0323073871114164e-02, -3.7803253830695849e-03,
          2.2638791524170582e-01, 4.2188964906323151e-02,
          1.5275209257435279e-01, 1.9244736496443535e-01 ]
   - !!opencv-matrix
      rows: 10
      cols: 10
      dt: d
      data: [ 2.4946497091840634e-02, 3.9825722076882201e-03,
          -3.1616553246581539e-02, 9.4804401407321069e-04,
          2.5940591828858650e-03, -6.0672246634449894e-05,
          2.0143353101044430e-04, -2.2134850476466977e-04,
          -4.1573174690833830e-05, 1.9296552584993146e-03,
          3.9825722076882201e-03, 5.5842971318020435e-03,
          -8.4515514162973697e-03, 1.0494862888224619e-03,
          1.4826897727511007e-03, 1.4969593465288396e-04,
          1.9978739310564844e-03, -1.7146371722586020e-04,
          2.9052465544681820e-04, 4.0283422148606361e-03,
          -3.1616553246581539e-02, -8.4515514162973697e-03,
          1.4447637237402405e-01, -2.5101483586703315e-03,
          -4.3342077988497542e-03, -2.5822563259064794e-05,
          3.6544917062531169e-03, -1.5726990128174451e-03,
          1.1114776943867814e-03, -2.5835777750992501e-03,
          9.4804401407321069e-04, 1.0494862888224617e-03,
          -2.5101483586703337e-03, 9.1272958831407763e-03,
          1.0502691218271512e-03, -1.6859395152630733e-03,
          -7.8532448802072388e-04, -1.0682679476533654e-05,
          -1.4767735530682585e-03, 5.2111513294932717e-04,
          2.5940591828858646e-03, 1.4826897727511007e-03,
          -4.3342077988497534e-03, 1.0502691218271510e-03,
          9.4102899400142881e-02, 2.7451690361318719e-04,
          -7.2608782042175848e-03, -1.7420718842267827e-03,
          6.2465156690705813e-04, 2.0926059467793810e-03,
          -6.0672246634449894e-05, 1.4969593465288391e-04,
          -2.5822563259064737e-05, -1.6859395152630729e-03,
          2.7451690361318681e-04, 2.1484502653808857e-02,
          3.1659491688607836e-04, -2.0113303334897024e-03,
          -4.1239929470038633e-03, 3.3021645910140146e-04,
          2.0143353101044438e-04, 1.9978739310564844e-03,
          3.6544917062531182e-03, -7.8532448802072356e-04,
          -7.2608782042175874e-03, 3.1659491688607852e-04,
          8.3198692502269619e-02, -3.3490777951001045e-03,
          7.9541295242358001e-04, 5.2594163601815585e-03,
          -2.2134850476466985e-04, -1.7146371722586012e-04,
          -1.5726990128174449e-03, -1.0682679476533749e-05,
          -1.7420718842267834e-03, -2.0113303334897033e-03,
          -3.3490777951001036e-03, 2.4815489576535364e-02,
          5.1238428865038900e-05, -5.8766233079714876e-04,
          -4.1573174690833810e-05, 2.9052465544681809e-04,
          1.1114776943867816e-03, -1.4767735530682585e-03,
          6.2465156690705824e-04, -4.1239929470038633e-03,
          7.9541295242358001e-04, 5.1238428865038913e-05,
          6.1677822814413625e-03, 8.5423989625683623e-04,
          1.9296552584993141e-03, 4.0283422148606361e-03,
          -2.5835777750992488e-03, 5.2111513294932706e-04,
          2.0926059467793810e-03, 3.3021645910140146e-04,
          5.2594163601815576e-03, -5.8766233079714887e-04,
          8.5423989625683623e-04, 1.9801558696801905e-02 ]
intactC: !!opencv-matrix
   rows: 1
   cols: 5
   dt: d
   data: [ 1.9327193342729346e-01, 3.2501063827165083e-02,
       1.8010046299717511e-01, 6.0901954234207092e-02,
       3.9509810952360552e-01 ]
intactNumEvents: 164230.
intactMaxVals: !!opencv-matrix
   rows: 1
   cols: 10
   dt: d
   data: [ 4.5000000000000000e+00, 4.5000000000000000e+00,
       4.5000000000000000e+00, 4.5000000000000000e+00,
       4.5000000000000000e+00, 4.5000000000000000e+00,
       4.5000000000000000e+00, 4.5000000000000000e+00,
       4.5000000000000000e+00, 4.5000000000000000e+00 ]
CD19Gmmnames:
   - "CD19.2015-0605.0"
   - "CD19.2015-0605.1"
CD19Labels:
   - FSC-A
   - SSC-A
   - SY41
   - CD19
   - CD10
   - CD20
   - CD45
   - CD34
   - CD38
   - CD58
CD19Mu: !!opencv-matrix
   rows: 2
   cols: 10
   dt: d
   data: [ 1.6377422745285983e+00, 5.6997277371077604e-01,
       2.7753566839090813e+00, 2.9392990287482443e+00,
       1.2023808346961216e+00, 2.9852058657245624e+00,
       3.7274050087329238e+00, 1.1579561855437566e+00,
       1.5391389639739061e+00, 1.3019462474588588e+00,
       1.3335839012186408e+00, 3.6344017392890265e-01,
       2.8356100377346158e+00, 3.0054277140230812e+00,
       1.0684386039356624e+00, 2.9993160677320492e+00,
       3.7042355470604384e+00, 1.1523773526697669e+00,
       1.5885866048662478e+00, 8.3834385673757228e-01 ]
CD19Sigma:
   - !!opencv-matrix
      rows: 10
      cols: 10
      dt: d
      data: [ 2.1456059107475453e-01, 3.5861170816440517e-02,
          -2.5597953476026756e-02, 3.3024527391865038e-02,
          -1.8043296692063762e-03, 3.4893802355727484e-02,
          3.5056012040176568e-02, 7.8909287052576962e-03,
          1.8987069412689642e-02, 4.8215555070730512e-02,
          3.5861170816440517e-02, 4.4279731008424930e-02,
          3.7478441574896556e-03, 2.1113002906615389e-02,
          -8.5200833246410410e-03, 1.4453002396665110e-02,
          1.1165015872239661e-02, 7.8411765472317149e-03,
          1.2801611199263003e-02, 4.0557675309473726e-02,
          -2.5597953476026770e-02, 3.7478441574896569e-03,
          1.4704193630231138e-01, -1.4653328851048029e-02,
          -9.2595079202576507e-07, -3.3152019422561858e-02,
          -1.6352668459943424e-02, 6.5603442242509044e-03,
          8.3490112251655181e-03, 2.4271722755057453e-02,
          3.3024527391865038e-02, 2.1113002906615389e-02,
          -1.4653328851048029e-02, 6.7304701903558736e-02,
          -2.7774540780657647e-03, 3.0062867782667781e-02,
          1.3527117746503397e-02, -1.1865365212536794e-04,
          1.1182650279801521e-02, 2.1084411917267194e-02,
          -1.8043296692063751e-03, -8.5200833246410427e-03,
          -9.2595079202659812e-07, -2.7774540780657634e-03,
          1.8577357279171189e-01, -5.4402710319349451e-03,
          -2.0551584601033565e-03, 3.7349214092166098e-03,
          2.0758862501723506e-02, 1.8176287007647663e-03,
          3.4893802355727491e-02, 1.4453002396665107e-02,
          -3.3152019422561858e-02, 3.0062867782667781e-02,
          -5.4402710319349477e-03, 1.1774042422572628e-01,
          3.5750816491485780e-02, -4.7982668686948355e-03,
          -1.4465217948188603e-02, -1.3352898960502126e-02,
          3.5056012040176568e-02, 1.1165015872239661e-02,
          -1.6352668459943428e-02, 1.3527117746503399e-02,
          -2.0551584601033552e-03, 3.5750816491485780e-02,
          5.5006079072637014e-02, 2.1531085756816772e-03,
          5.0447414410044588e-03, -6.2612914796168144e-04,
          7.8909287052576979e-03, 7.8411765472317114e-03,
          6.5603442242509044e-03, -1.1865365212536935e-04,
          3.7349214092166111e-03, -4.7982668686948346e-03,
          2.1531085756816772e-03, 2.6731940368715440e-01,
          5.4230306639421562e-03, 1.0718943275722969e-02,
          1.8987069412689649e-02, 1.2801611199263006e-02,
          8.3490112251655181e-03, 1.1182650279801523e-02,
          2.0758862501723506e-02, -1.4465217948188596e-02,
          5.0447414410044562e-03, 5.4230306639421605e-03,
          2.1139239646740429e-01, 2.6501115539217787e-02,
          4.8215555070730512e-02, 4.0557675309473726e-02,
          2.4271722755057453e-02, 2.1084411917267197e-02,
          1.8176287007647669e-03, -1.3352898960502133e-02,
          -6.2612914796168241e-04, 1.0718943275722969e-02,
          2.6501115539217787e-02, 2.1605499004886400e-01 ]
   - !!opencv-matrix
      rows: 10
      cols: 10
      dt: d
      data: [ 4.1269142720727674e-02, 6.7325709602507654e-03,
          -2.5101724861660960e-02, 7.6885840925722841e-03,
          3.6075727737076504e-04, 6.7488719419481532e-03,
          8.7618349074603651e-03, 1.2381146254054262e-03,
          6.3549466381118231e-03, 9.4627190517562309e-03,
          6.7325709602507654e-03, 5.8290225229224134e-03,
          -8.8564320349610159e-03, 3.4217447298096632e-03,
          -3.5015163902321828e-04, 4.4995446211164884e-03,
          3.3980806997556037e-03, 1.1630146809084732e-03,
          2.6441807514295730e-03, 8.7070412087673528e-03,
          -2.5101724861660950e-02, -8.8564320349610141e-03,
          6.2100810206545017e-02, -1.0251739680741168e-02,
          -8.7277126063773432e-04, -1.0161349485534777e-02,
          -1.0012791399160141e-02, -8.6827589373011319e-04,
          -9.4728980282074438e-03, -5.3134326455228547e-03,
          7.6885840925722841e-03, 3.4217447298096632e-03,
          -1.0251739680741164e-02, 2.6790886328622868e-02,
          2.1131964009645526e-04, 9.8783992768370788e-03,
          5.5020044767611024e-03, 2.0603059667897842e-03,
          5.6089407288543829e-03, 1.5763838938640069e-03,
          3.6075727737076494e-04, -3.5015163902321779e-04,
          -8.7277126063773378e-04, 2.1131964009645497e-04,
          8.6683922301566629e-02, 1.2314958745542257e-03,
          5.0497349748123842e-04, 3.9792035516252305e-04,
          1.0062421881909480e-02, -1.0575265690363218e-03,
          6.7488719419481532e-03, 4.4995446211164884e-03,
          -1.0161349485534779e-02, 9.8783992768370806e-03,
          1.2314958745542255e-03, 2.6104407883518897e-02,
          4.9736740265494015e-03, 2.7750012387456014e-03,
          2.0840772506542466e-03, 1.0188836444203447e-03,
          8.7618349074603651e-03, 3.3980806997556050e-03,
          -1.0012791399160141e-02, 5.5020044767611007e-03,
          5.0497349748123831e-04, 4.9736740265494024e-03,
          8.9604259698503556e-03, 2.7545699358401843e-04,
          5.4639526660850302e-03, 3.2433511534778964e-03,
          1.2381146254054265e-03, 1.1630146809084732e-03,
          -8.6827589373011330e-04, 2.0603059667897846e-03,
          3.9792035516252413e-04, 2.7750012387456032e-03,
          2.7545699358401854e-04, 2.4452093750240686e-01,
          5.3193995895578416e-03, 2.0311559825170454e-03,
          6.3549466381118249e-03, 2.6441807514295730e-03,
          -9.4728980282074472e-03, 5.6089407288543829e-03,
          1.0062421881909481e-02, 2.0840772506542453e-03,
          5.4639526660850294e-03, 5.3193995895578399e-03,
          1.5473122168999631e-01, -1.1946184798600863e-03,
          9.4627190517562309e-03, 8.7070412087673528e-03,
          -5.3134326455228564e-03, 1.5763838938640075e-03,
          -1.0575265690363209e-03, 1.0188836444203445e-03,
          3.2433511534778964e-03, 2.0311559825170436e-03,
          -1.1946184798600856e-03, 8.1132701817309763e-02 ]
CD19C: !!opencv-matrix
   rows: 1
   cols: 2
   dt: d
   data: [ 1.3289219807972780e-02, 1.2459584972758228e-01 ]
CD19NumEvents: 26274.
CD19MaxVals: !!opencv-matrix
   rows: 1
   cols: 10
   dt: d
   data: [ 4.5000000000000000e+00, 4.5000000000000000e+00,
       4.5000000000000000e+00, 4.5000000000000000e+00,
       4.5000000000000000e+00, 4.5000000000000000e+00,
       4.5000000000000000e+00, 4.5000000000000000e+00,
       4.5000000000000000e+00, 4.5000000000000000e+00 ]
blastGmmnames:
   - "blast.2015-0605.0"
blastLabels:
   - FSC-A
   - SSC-A
   - SY41
   - CD19
   - CD10
   - CD20
   - CD45
   - CD34
   - CD38
   - CD58
blastMu: !!opencv-matrix
   rows: 1
   cols: 10
   dt: d
   data: [ 2.2018531509067700e+00, 7.6929457161737524e-01,
       2.8882633447647095e+00, 3.2786068553509917e+00,
       3.9279129764308101e+00, 2.5120075008143550e+00,
       3.0277550635130508e+00, 1.7413987426654152e+00,
       2.0435421129931575e+00, 2.1955689243648364e+00 ]
blastSigma:
   - !!opencv-matrix
      rows: 10
      cols: 10
      dt: d
      data: [ 1.5071697046603003e-01, 6.7679822944828355e-02,
          -1.1062837385005112e-02, 3.1307987335370116e-02,
          -5.0076048056341771e-03, 7.6347629918546461e-02,
          -2.4644376971858916e-04, 7.5141420701348603e-03,
          2.2695723032196139e-02, 1.3439522860890154e-03,
          6.7679822944828355e-02, 6.6987311212181461e-02,
          5.1604716432561383e-03, 3.2399297199923294e-02,
          -8.1083261713950500e-03, 6.5694481837985139e-02,
          1.6601306788380218e-02, 3.8269210072984684e-04,
          1.8487229067374527e-02, -3.5516970742211821e-03,
          -1.1062837385005112e-02, 5.1604716432561383e-03,
          5.0363378039061435e-02, -3.9815387026656589e-03,
          1.0632843178216415e-03, -2.9143578539138001e-02,
          -3.1381778907671018e-03, -3.8027886490341979e-02,
          -2.7596763006899464e-03, -3.6282390959215768e-03,
          3.1307987335370116e-02, 3.2399297199923294e-02,
          -3.9815387026656589e-03, 4.5355527070564221e-02,
          -1.0067170178388395e-02, 6.6024678093749498e-02,
          1.7628843704824263e-02, 2.0203125709560329e-02,
          2.7778507012501043e-02, 3.8898148234171040e-04,
          -5.0076048056341771e-03, -8.1083261713950500e-03,
          1.0632843178216415e-03, -1.0067170178388395e-02,
          3.1433687308312773e-02, -5.5226669066854021e-02,
          8.0769710689793644e-03, -3.3884318169269188e-03,
          -2.4212959469473164e-02, 1.3433803169610674e-02,
          7.6347629918546461e-02, 6.5694481837985139e-02,
          -2.9143578539138001e-02, 6.6024678093749498e-02,
          -5.5226669066854021e-02, 3.3363035713308620e-01,
          4.8097953236565941e-03, -1.7820536287912234e-02,
          1.0605307790620340e-01, -2.1025542458031551e-02,
          -2.4644376971858916e-04, 1.6601306788380218e-02,
          -3.1381778907671018e-03, 1.7628843704824263e-02,
          8.0769710689793644e-03, 4.8097953236565941e-03,
          4.8835800135529087e-02, 2.5348149385660914e-03,
          1.0452917837959787e-02, 9.1892980248030748e-03,
          7.5141420701348603e-03, 3.8269210072984684e-04,
          -3.8027886490341979e-02, 2.0203125709560329e-02,
          -3.3884318169269188e-03, -1.7820536287912234e-02,
          2.5348149385660914e-03, 3.6300470307043109e-01,
          -9.6270576262093947e-03, 1.1335757363181129e-02,
          2.2695723032196139e-02, 1.8487229067374527e-02,
          -2.7596763006899464e-03, 2.7778507012501043e-02,
          -2.4212959469473164e-02, 1.0605307790620340e-01,
          1.0452917837959787e-02, -9.6270576262093947e-03,
          1.5786762135985843e-01, -1.0811329622663015e-02,
          1.3439522860890154e-03, -3.5516970742211821e-03,
          -3.6282390959215768e-03, 3.8898148234171040e-04,
          1.3433803169610674e-02, -2.1025542458031551e-02,
          9.1892980248030748e-03, 1.1335757363181129e-02,
          -1.0811329622663015e-02, 1.9125962718330482e-02 ]
blastC: !!opencv-matrix
   rows: 1
   cols: 1
   dt: d
   data: [ 2.4140645499868925e-04 ]
blastNumEvents: 46.
blastMaxVals: !!opencv-matrix
   rows: 1
   cols: 10
   dt: d
   data: [ 4.5000000000000000e+00, 4.5000000000000000e+00,
       4.5000000000000000e+00, 4.5000000000000000e+00,
       4.5000000000000000e+00, 4.5000000000000000e+00,
       4.5000000000000000e+00, 4.5000000000000000e+00,
       4.5000000000000000e+00, 4.5000000000000000e+00 ]
