%YAML:1.0
---
groups:
   - intact
   - CD19
   - blast
intactGmmnames:
   - "intact.2015-4079.0"
   - "intact.2015-4079.1"
   - "intact.2015-4079.2"
   - "intact.2015-4079.3"
   - "intact.2015-4079.4"
intactLabels:
   - FSC-A
   - SSC-A
   - SY41
   - CD19
   - CD10
   - CD20
   - CD45
   - CD34
   - CD38
   - CD58
intactMu: !!opencv-matrix
   rows: 5
   cols: 10
   dt: d
   data: [ 1.0210732193341485e+00, 3.4298759812340834e-01,
       3.0538022660437014e+00, 1.0510057144721752e+00,
       1.2321814509953206e+00, 1.0976202507733452e+00,
       1.4287443111931304e+00, 9.5956771117145423e-01,
       1.3936535480343835e+00, 2.0832960792662094e+00,
       1.3682970803992460e+00, 6.4437044131795373e-01,
       3.2023688706706066e+00, 1.1815989791853703e+00,
       1.2680801107746471e+00, 1.1055431673719964e+00,
       1.5858917307018925e+00, 1.0247986938440687e+00,
       1.4239590217229916e+00, 2.1879216283682026e+00,
       1.9588147820154413e+00, 1.5412441781765045e+00,
       3.1741767766061444e+00, 1.6930554706046403e+00,
       1.2764128502499019e+00, 1.3027730762574439e+00,
       3.0163242997151678e+00, 1.7197163526534927e+00,
       1.7243446585090678e+00, 1.8036496944818285e+00,
       3.1398827355806413e+00, 3.5153266076512995e+00,
       3.0097186924960422e+00, 2.1552388981072874e+00,
       2.6367134154395377e+00, 1.3043145563770335e+00,
       3.3519130020889949e+00, 1.8001550502927548e+00,
       1.5316958404103569e+00, 2.0827058360474981e+00,
       1.4848832481621270e+00, 5.0736171170584321e-01,
       3.0870407449008899e+00, 1.3178418534628338e+00,
       1.0850223391028786e+00, 1.0821038222343939e+00,
       3.6849357068159976e+00, 1.7968749139191700e+00,
       1.4913955954169340e+00, 1.4353670261067930e+00 ]
intactSigma:
   - !!opencv-matrix
      rows: 10
      cols: 10
      dt: d
      data: [ 2.5976388521937972e-02, 3.9301353463741841e-03,
          -3.7668112149965884e-03, 1.7679244709729552e-03,
          3.3384293914253409e-03, 3.1143060238609338e-05,
          3.9710376266573364e-03, 5.6716878543655407e-04,
          2.9383960455584793e-04, 2.7300492937117199e-03,
          3.9301353463741841e-03, 6.6996640285852472e-03,
          3.5831147620286473e-04, 2.6172811814894705e-03,
          2.7762957010706046e-03, 8.5621064411800288e-05,
          5.3174878478103055e-03, 7.3972786504792254e-04,
          3.1809684884099979e-04, 4.6586669474470363e-03,
          -3.7668112149965871e-03, 3.5831147620286468e-04,
          2.0756002466935573e-02, -1.7766862060083122e-04,
          -8.6916181655453679e-04, 2.9572141525354083e-05,
          6.8356377532401407e-04, 2.6184274438224668e-04,
          1.3798180113638411e-04, 1.7131156007789956e-03,
          1.7679244709729548e-03, 2.6172811814894705e-03,
          -1.7766862060083114e-04, 2.7294037324778250e-02,
          3.2393054296933010e-03, -2.4817360716152038e-03,
          -6.2959299962963319e-04, 4.4477766579506441e-04,
          -9.6209514230563683e-04, 2.0606299656258874e-03,
          3.3384293914253418e-03, 2.7762957010706042e-03,
          -8.6916181655453679e-04, 3.2393054296933010e-03,
          7.8166644430886820e-02, 2.4028381480840365e-04,
          -1.2061434763013161e-02, -1.3326619882788103e-03,
          5.6908606058187416e-04, 3.0890341367996476e-03,
          3.1143060238609351e-05, 8.5621064411800437e-05,
          2.9572141525354072e-05, -2.4817360716152038e-03,
          2.4028381480840349e-04, 1.9158801118128736e-02,
          2.9229400744269752e-04, -2.4212459509384810e-03,
          -2.1295367363002343e-03, 2.1211062193522655e-04,
          3.9710376266573373e-03, 5.3174878478103047e-03,
          6.8356377532401407e-04, -6.2959299962963265e-04,
          -1.2061434763013161e-02, 2.9229400744269773e-04,
          1.8069613594736333e-01, -4.5435275166629992e-03,
          6.2985102788364197e-04, 8.9376386387103896e-03,
          5.6716878543655385e-04, 7.3972786504792232e-04,
          2.6184274438224647e-04, 4.4477766579506430e-04,
          -1.3326619882788103e-03, -2.4212459509384810e-03,
          -4.5435275166629957e-03, 9.0189486632494389e-02,
          3.2174441413186129e-04, 1.2511348696016696e-03,
          2.9383960455584799e-04, 3.1809684884099979e-04,
          1.3798180113638417e-04, -9.6209514230563683e-04,
          5.6908606058187427e-04, -2.1295367363002356e-03,
          6.2985102788364208e-04, 3.2174441413186118e-04,
          1.7988543609081412e-03, 7.7875140514150547e-04,
          2.7300492937117199e-03, 4.6586669474470363e-03,
          1.7131156007789956e-03, 2.0606299656258870e-03,
          3.0890341367996476e-03, 2.1211062193522671e-04,
          8.9376386387103914e-03, 1.2511348696016694e-03,
          7.7875140514150547e-04, 2.1591490266017872e-02 ]
   - !!opencv-matrix
      rows: 10
      cols: 10
      dt: d
      data: [ 1.4285740050877938e-01, 1.6085746844825874e-02,
          1.6021045006915507e-02, 6.4325493974173335e-03,
          7.1695594600500708e-03, 4.6350446930068447e-04,
          1.6850536609116566e-02, 5.5911695720507948e-03,
          2.7012836042247393e-03, 3.1423603080778129e-02,
          1.6085746844825874e-02, 8.2468954159467867e-02,
          1.0658497515358682e-02, 3.0491990510379274e-02,
          1.2311420537267786e-02, 1.4658449968754162e-03,
          2.6744378210060829e-02, 8.9227426577615353e-03,
          1.1744756785466942e-03, 2.8294897657232157e-02,
          1.6021045006915507e-02, 1.0658497515358682e-02,
          4.8143640887590808e-02, 3.3571966665083019e-03,
          2.0884454501863365e-03, 3.4957016267024577e-04,
          1.3838712732461140e-02, 2.2888471404312704e-03,
          1.3918627719584997e-03, 1.5059658129045131e-02,
          6.4325493974173335e-03, 3.0491990510379274e-02,
          3.3571966665083019e-03, 4.6124235827626155e-02,
          9.3521807146072621e-03, -1.3926507754648690e-03,
          9.8980036192197699e-03, 6.0056654207297101e-03,
          -9.0594056374103708e-04, 1.0835693950076261e-02,
          7.1695594600500708e-03, 1.2311420537267786e-02,
          2.0884454501863365e-03, 9.3521807146072621e-03,
          1.2718519130322667e-01, 1.5670010593520696e-03,
          -1.5566992457233570e-02, 3.0582758840166117e-03,
          2.0745277636022973e-03, 1.3971244543399059e-02,
          4.6350446930068414e-04, 1.4658449968754162e-03,
          3.4957016267024577e-04, -1.3926507754648690e-03,
          1.5670010593520699e-03, 2.2078027147696255e-02,
          2.1032165872642930e-03, -2.1631621593134888e-03,
          -2.6558973558356734e-03, 1.2528154874763830e-03,
          1.6850536609116566e-02, 2.6744378210060829e-02,
          1.3838712732461140e-02, 9.8980036192197699e-03,
          -1.5566992457233569e-02, 2.1032165872642930e-03,
          2.1342751544942443e-01, 3.8987442388920407e-03,
          7.4668783633288494e-03, 3.7969476010226454e-02,
          5.5911695720507974e-03, 8.9227426577615388e-03,
          2.2888471404312704e-03, 6.0056654207297101e-03,
          3.0582758840166143e-03, -2.1631621593134892e-03,
          3.8987442388920407e-03, 1.1086633237442281e-01,
          1.6926642730314529e-03, 8.1007268367199597e-03,
          2.7012836042247393e-03, 1.1744756785466942e-03,
          1.3918627719584997e-03, -9.0594056374103675e-04,
          2.0745277636022973e-03, -2.6558973558356734e-03,
          7.4668783633288494e-03, 1.6926642730314533e-03,
          4.6066935104168713e-03, 4.1964805207732429e-03,
          3.1423603080778129e-02, 2.8294897657232157e-02,
          1.5059658129045131e-02, 1.0835693950076265e-02,
          1.3971244543399059e-02, 1.2528154874763828e-03,
          3.7969476010226454e-02, 8.1007268367199597e-03,
          4.1964805207732429e-03, 6.5132863958181630e-02 ]
   - !!opencv-matrix
      rows: 10
      cols: 10
      dt: d
