%YAML:1.0
---
groups:
   - intact
   - CD19
   - blast
intactGmmnames:
   - "intact.2015-3882.0"
   - "intact.2015-3882.1"
   - "intact.2015-3882.2"
   - "intact.2015-3882.3"
   - "intact.2015-3882.4"
intactLabels:
   - FSC-A
   - SSC-A
   - SY41
   - CD19
   - CD10
   - CD20
   - CD45
   - CD34
   - CD38
   - CD58
intactMu: !!opencv-matrix
   rows: 5
   cols: 10
   dt: d
   data: [ 1.6913995891273470e+00, 5.7390126555988197e-01,
       3.5749083465996936e+00, 1.3840875688231613e+00,
       2.0728687689442427e+00, 1.1204819190452382e+00,
       3.8765876103990862e+00, 2.2670108668455691e+00,
       1.7660158041723664e+00, 1.5095821628249040e+00,
       1.2263369215678022e+00, 5.1456408060221759e-01,
       3.6962319250061593e+00, 1.2842652406414392e+00,
       1.4179646189081281e+00, 1.1959862907811003e+00,
       1.6200342740562428e+00, 1.1438976628420310e+00,
       1.4254756586190795e+00, 2.2977878887512424e+00,
       3.0047214068092987e+00, 3.3365151322617028e+00,
       3.6531712408977510e+00, 1.7601830049464389e+00,
       2.5737838272861184e+00, 1.2117397661258920e+00,
       3.3565998312183800e+00, 2.1010232497819321e+00,
       1.6053055580859203e+00, 2.0890779193276310e+00,
       1.4428848731522685e+00, 3.2159031981514763e-01,
       3.8921144774141312e+00, 1.3020235086949876e+00,
       1.5815403384098032e+00, 1.1451176417793039e+00,
       3.6957618711094287e+00, 1.9022769152092709e+00,
       1.5965965403339091e+00, 1.0339473719613994e+00,
       2.0647997263175162e+00, 9.5358127503387835e-01,
       3.3368141104101561e+00, 1.3866025145827010e+00,
       1.5324536744685702e+00, 1.2190429922702408e+00,
       2.1708422423288054e+00, 1.5631943883366084e+00,
       1.4959771036575240e+00, 1.8597457750524167e+00 ]
intactSigma:
   - !!opencv-matrix
      rows: 10
      cols: 10
      dt: d
      data: [ 8.3271904235561009e-02, 1.2824989628338416e-02,
          -1.3693463490613523e-02, 3.2537152413855816e-03,
          8.2975785718354591e-03, -1.0246129906544986e-03,
          1.7017362489240202e-03, 3.4742269338307609e-03,
          2.7977932065416829e-03, 5.6672513204313471e-03,
          1.2824989628338416e-02, 2.5931281049495995e-02,
          -1.2736519245466940e-02, 5.4778288889114745e-03,
          1.9706672471220890e-02, -2.3854903695687993e-03,
          6.5211148735596696e-03, 1.0204967310540240e-02,
          1.2510741515574068e-02, 2.7196544017178664e-02,
          -1.3693463490613523e-02, -1.2736519245466940e-02,
          7.4001943119534938e-02, -4.6412146322160524e-03,
          -2.1218162175395613e-02, 2.1947538771316423e-03,
          -8.4549039778971258e-03, -8.3024414384429979e-03,
          -1.2343532942994480e-03, -8.7020912077478384e-03,
          3.2537152413855807e-03, 5.4778288889114745e-03,
          -4.6412146322160524e-03, 3.2768697037720049e-02,
          7.6224339796946896e-03, -2.8371209683484074e-03,
          2.9981646973714104e-03, 6.1841877382813716e-03,
          -2.9439969874643342e-03, 5.8672499978607824e-03,
          8.2975785718354591e-03, 1.9706672471220887e-02,
          -2.1218162175395607e-02, 7.6224339796946922e-03,
          3.2249698677158695e-01, -3.5151204281096663e-03,
          1.8767915287368528e-02, 2.7578030900048376e-02,
          4.1465417942558022e-02, 1.6624625588057784e-02,
          -1.0246129906544988e-03, -2.3854903695687993e-03,
          2.1947538771316423e-03, -2.8371209683484074e-03,
          -3.5151204281096663e-03, 3.0381934431339814e-02,
          -1.3452954206054639e-03, -8.4332041398918426e-03,
          -1.2758116795698432e-02, -1.7590713134540666e-03,
          1.7017362489240196e-03, 6.5211148735596696e-03,
          -8.4549039778971258e-03, 2.9981646973714104e-03,
          1.8767915287368528e-02, -1.3452954206054641e-03,
          1.5329187378563902e-02, 1.4922111026505853e-02,
          -5.1822611245715012e-03, 8.4402343539175875e-03,
          3.4742269338307609e-03, 1.0204967310540240e-02,
          -8.3024414384429979e-03, 6.1841877382813725e-03,
          2.7578030900048383e-02, -8.4332041398918426e-03,
          1.4922111026505853e-02, 8.1428906097638365e-02,
          9.7319647545398551e-03, 1.1989109598286411e-02,
          2.7977932065416842e-03, 1.2510741515574068e-02,
          -1.2343532942994475e-03, -2.9439969874643355e-03,
          4.1465417942558036e-02, -1.2758116795698432e-02,
          -5.1822611245715029e-03, 9.7319647545398569e-03,
          1.7271631673575624e-01, -7.3521707783968547e-03,
          5.6672513204313454e-03, 2.7196544017178671e-02,
          -8.7020912077478418e-03, 5.8672499978607798e-03,
          1.6624625588057777e-02, -1.7590713134540655e-03,
          8.4402343539175858e-03, 1.1989109598286411e-02,
          -7.3521707783968547e-03, 1.2285860882942322e-01 ]
   - !!opencv-matrix
      rows: 10
      cols: 10
      dt: d
      data: [ 1.0195405185850134e-01, 2.2229544266057638e-02,
          -5.1104523823893196e-03, 4.5642065579280877e-03,
          7.1988773111354397e-03, 9.5794071598245920e-04,
          1.3245966893589400e-02, 7.3402729062494376e-03,
          1.8568504142548708e-03, 1.4217458562178655e-02,
          2.2229544266057638e-02, 2.6603699842045192e-02,
          3.7352685974426298e-04, 5.6245335845781039e-03,
          1.1199596515849636e-02, 9.3750409928061956e-04,
          2.2230298491965419e-02, 8.8444876687044406e-03,
          2.1136849305334587e-03, 1.7208660298905092e-02,
          -5.1104523823893204e-03, 3.7352685974426320e-04,
          1.4786759497173638e-01, -4.2865796847596825e-03,
          1.4836181191699391e-02, -3.8277597553914168e-04,
          3.1890657683523067e-02, 9.2113111361087630e-03,
          6.0876875472066997e-03, -1.1041194313157474e-03,
          4.5642065579280877e-03, 5.6245335845781039e-03,
          -4.2865796847596834e-03, 9.1674357719092447e-03,
          2.9869131640909131e-03, -8.5956707466612332e-04,
          2.5304865310216808e-03, 2.6662365721925102e-03,
          -5.9066062923041767e-04, 3.8926221771851035e-03,
          7.1988773111354397e-03, 1.1199596515849635e-02,
          1.4836181191699386e-02, 2.9869131640909118e-03,
          8.5584389619345821e-02, 3.1196100268902969e-04,
          3.6838848457962530e-03, 4.5779922037095079e-03,
          4.1450177489381788e-03, 1.1340185487004214e-02,
          9.5794071598245887e-04, 9.3750409928061956e-04,
          -3.8277597553914184e-04, -8.5956707466612278e-04,
          3.1196100268902969e-04, 1.3142732731508351e-02,
          1.1574263794476756e-03, -3.9359871199232330e-03,
          -2.1871889779518519e-03, 6.9552100770878440e-04,
          1.3245966893589405e-02, 2.2230298491965419e-02,
          3.1890657683523067e-02, 2.5304865310216812e-03,
          3.6838848457962517e-03, 1.1574263794476760e-03,
          2.1152557510206604e-01, 1.1901146848350077e-02,
          7.8966445682943365e-03, 2.1931083445234575e-02,
          7.3402729062494376e-03, 8.8444876687044423e-03,
          9.2113111361087595e-03, 2.6662365721925102e-03,
          4.5779922037095079e-03, -3.9359871199232312e-03,
          1.1901146848350074e-02, 1.3648355576090090e-01,
          2.2312681049180081e-03, 6.0934248807242453e-03,
          1.8568504142548706e-03, 2.1136849305334587e-03,
          6.0876875472066988e-03, -5.9066062923041767e-04,
          4.1450177489381788e-03, -2.1871889779518519e-03,
          7.8966445682943365e-03, 2.2312681049180090e-03,
          4.4292413725087994e-03, 1.9864416464377157e-03,
          1.4217458562178655e-02, 1.7208660298905092e-02,
          -1.1041194313157470e-03, 3.8926221771851035e-03,
          1.1340185487004214e-02, 6.9552100770878418e-04,
          2.1931083445234575e-02, 6.0934248807242479e-03,
          1.9864416464377157e-03, 3.1255542800804267e-02 ]
   - !!opencv-matrix
      rows: 10
      cols: 10
      dt: d
