%YAML:1.0
---
groups:
   - intact
   - CD19
   - blast
intactGmmnames:
   - "intact.2015-4501.0"
   - "intact.2015-4501.1"
   - "intact.2015-4501.2"
   - "intact.2015-4501.3"
   - "intact.2015-4501.4"
intactLabels:
   - FSC-A
   - SSC-A
   - SY41
   - CD19
   - CD10
   - CD20
   - CD45
   - CD34
   - CD38
   - CD58
intactMu: !!opencv-matrix
   rows: 5
   cols: 10
   dt: d
   data: [ 1.0748154628529463e+00, 3.5412100726369783e-01,
       3.1866123543017593e+00, 1.1138323298572277e+00,
       1.3151714910399390e+00, 1.0630220209741619e+00,
       1.4727429917287220e+00, 1.0293072668456036e+00,
       1.0064673520841976e+00, 2.2470799582812750e+00,
       1.0189743200126793e+00, 3.2720271649048643e-01,
       3.2748957750019514e+00, 1.3052868413166865e+00,
       1.2304304700841362e+00, 1.0134849064690135e+00,
       3.7113687203396499e+00, 1.8504228156199936e+00,
       1.5687975730367449e+00, 1.1296880116315704e+00,
       1.8616686766456538e+00, 1.2438898952520252e+00,
       3.1588929404167221e+00, 1.7222670713312429e+00,
       1.6106847226350747e+00, 1.3495193380723409e+00,
       2.7420129476728019e+00, 2.2506907579392270e+00,
       2.0625766331193556e+00, 2.1132108834830543e+00,
       1.3829636282384865e+00, 6.0108639303485623e-01,
       2.7676362102485079e+00, 1.3744960513999847e+00,
       1.2354383693754658e+00, 1.1701692623512678e+00,
       3.4517617625492316e+00, 2.1516934524555196e+00,
       1.6672763073589461e+00, 1.6951755543473161e+00,
       2.4851914972248847e+00, 3.0349720574199464e+00,
       3.0075377647429935e+00, 1.7894373092895304e+00,
       2.0191076844009044e+00, 1.0794243637620291e+00,
       3.1694168834998515e+00, 1.6007655779197818e+00,
       1.5163653956189673e+00, 1.8986078135529314e+00 ]
intactSigma:
   - !!opencv-matrix
      rows: 10
      cols: 10
      dt: d
      data: [ 9.2697292325091774e-02, 2.3937849909782444e-02,
          3.5912401911487890e-03, 7.4633590225553718e-03,
          1.0772651636998696e-03, 8.4731907595246190e-04,
          1.5273315806781361e-02, 6.8015054491824120e-03,
          1.1269623931050424e-02, 2.1336464946928806e-02,
          2.3937849909782458e-02, 1.8383863097533992e-02,
          4.9982968053880359e-03, 5.8094778426906139e-03,
          -2.0655582243047824e-04, 4.3149989050891087e-04,
          9.5803601824095124e-03, 3.9477811176363087e-03,
          1.0280242024603863e-02, 1.4320454022429830e-02,
          3.5912401911487877e-03, 4.9982968053880342e-03,
          1.7960164950117447e-01, -2.0495680525204627e-03,
          -6.0799852225777848e-03, 3.5104839937633551e-04,
          -2.1481991448087578e-03, 2.4057392021623364e-03,
          9.4624932164697351e-03, 7.7644104573758727e-03,
          7.4633590225553718e-03, 5.8094778426906139e-03,
          -2.0495680525204631e-03, 1.8460298588318446e-02,
          1.1093468502224497e-03, -1.8626873404618217e-03,
          1.8343865587899578e-03, 2.6463542001513266e-03,
          -1.2158568949454064e-03, 3.9141851370067052e-03,
          1.0772651636998696e-03, -2.0655582243047816e-04,
          -6.0799852225777830e-03, 1.1093468502224502e-03,
          3.0219406708827241e-02, 2.7001464922306952e-04,
          -1.0871783080667399e-02, -1.6005305845847339e-03,
          -1.1644756314985194e-03, -4.0947503827204701e-04,
          8.4731907595246157e-04, 4.3149989050891092e-04,
          3.5104839937633551e-04, -1.8626873404618211e-03,
          2.7001464922306968e-04, 2.4265601488239547e-02,
          8.3289735071476862e-04, -3.9381525806981687e-03,
          -1.0879204631281326e-02, 4.7528070518134405e-04,
          1.5273315806781358e-02, 9.5803601824095107e-03,
          -2.1481991448087574e-03, 1.8343865587899591e-03,
          -1.0871783080667401e-02, 8.3289735071476851e-04,
          1.8262300379061039e-01, -2.4142308472779412e-03,
          1.5822036332147477e-03, 1.6225749532869368e-02,
          6.8015054491824137e-03, 3.9477811176363096e-03,
          2.4057392021623368e-03, 2.6463542001513261e-03,
          -1.6005305845847326e-03, -3.9381525806981704e-03,
          -2.4142308472779421e-03, 9.7486156504560342e-02,
          4.0259592086826848e-03, 2.9139451068472357e-03,
          1.1269623931050425e-02, 1.0280242024603863e-02,
          9.4624932164697351e-03, -1.2158568949454066e-03,
          -1.1644756314985194e-03, -1.0879204631281322e-02,
          1.5822036332147462e-03, 4.0259592086826865e-03,
          5.2031726191501607e-02, 7.9800354533132861e-03,
          2.1336464946928809e-02, 1.4320454022429830e-02,
          7.7644104573758727e-03, 3.9141851370067052e-03,
          -4.0947503827204706e-04, 4.7528070518134405e-04,
          1.6225749532869364e-02, 2.9139451068472349e-03,
          7.9800354533132861e-03, 3.0389572542377400e-02 ]
   - !!opencv-matrix
      rows: 10
      cols: 10
      dt: d
      data: [ 4.5545369424018919e-02, 6.0326009161482032e-03,
          -7.6245317247487596e-03, 4.3558454857048458e-03,
          3.9734572491875947e-04, 1.7221586941344155e-04,
          5.9654128912079328e-03, 4.7355066624998454e-03,
          -8.5982377153923008e-03, 1.6232613443969521e-02,
          6.0326009161482024e-03, 7.4929498936695312e-03,
          -1.7774662085417062e-03, 4.3930054686006506e-03,
          4.4934816818411862e-04, -4.1535872290140102e-04,
          4.5860303737282060e-03, 6.1624579377332796e-03,
          -1.7590602563504556e-03, 1.6171714412877514e-02,
          -7.6245317247487596e-03, -1.7774662085417055e-03,
          2.0982183544413804e-02, -1.4968302244138879e-03,
          -8.5445558610389003e-05, 1.4704157635833925e-04,
          -2.1047920762580366e-03, -9.1343909560299616e-04,
          1.7290615598109485e-03, -4.3584106754802092e-03,
          4.3558454857048467e-03, 4.3930054686006498e-03,
          -1.4968302244138879e-03, 6.3112441440152323e-02,
          5.3726171277856949e-04, -3.7429236583112480e-03,
          3.9076310773523163e-03, 1.3320965177272074e-02,
          -4.8870178656484943e-03, 1.1286183588021128e-02,
          3.9734572491875974e-04, 4.4934816818411889e-04,
          -8.5445558610389071e-05, 5.3726171277856949e-04,
          1.3206130150981448e-02, 2.5403045421667971e-04,
          1.9564320467691724e-04, -1.1080708151314967e-03,
          4.2204700439384639e-04, 1.3681077154202768e-03,
          1.7221586941344155e-04, -4.1535872290140102e-04,
          1.4704157635833954e-04, -3.7429236583112488e-03,
          2.5403045421667944e-04, 4.2242194193930035e-02,
          -5.6713780852740562e-04, -1.1878001322208707e-02,
          -2.3144364216154057e-02, -7.7470487633049523e-04,
          5.9654128912079354e-03, 4.5860303737282060e-03,
          -2.1047920762580371e-03, 3.9076310773523163e-03,
          1.9564320467691719e-04, -5.6713780852740584e-04,
          1.0310618350066891e-02, 1.0132350124913723e-02,
          -1.1363177217386512e-03, 1.1451600551040298e-02,
          4.7355066624998454e-03, 6.1624579377332778e-03,
          -9.1343909560299681e-04, 1.3320965177272074e-02,
          -1.1080708151314969e-03, -1.1878001322208703e-02,
          1.0132350124913723e-02, 1.7201751203820145e-01,
          1.1284052603859843e-02, 1.5470725249997217e-02,
          -8.5982377153922991e-03, -1.7590602563504548e-03,
          1.7290615598109490e-03, -4.8870178656484943e-03,
          4.2204700439384650e-04, -2.3144364216154054e-02,
          -1.1363177217386512e-03, 1.1284052603859843e-02,
          2.0808119905412162e-01, -6.8887070223344294e-03,
          1.6232613443969521e-02, 1.6171714412877514e-02,
          -4.3584106754802092e-03, 1.1286183588021128e-02,
          1.3681077154202772e-03, -7.7470487633049599e-04,
          1.1451600551040298e-02, 1.5470725249997220e-02,
          -6.8887070223344303e-03, 9.5507448156300301e-02 ]
   - !!opencv-matrix
      rows: 10
      cols: 10
      dt: d
