%YAML:1.0
---
groups:
   - intact
   - CD19
   - blast
intactGmmnames:
   - "intact.2015-4909.0"
   - "intact.2015-4909.1"
   - "intact.2015-4909.2"
   - "intact.2015-4909.3"
   - "intact.2015-4909.4"
intactLabels:
   - FSC-A
   - SSC-A
   - SY41
   - CD19
   - CD10
   - CD20
   - CD45
   - CD34
   - CD38
   - CD58
intactMu: !!opencv-matrix
   rows: 5
   cols: 10
   dt: d
   data: [ 2.4514701144671700e+00, 2.3234183545898612e+00,
       2.6327724426948125e+00, 1.5364449519615713e+00,
       1.3405752084371994e+00, 1.1577286733312564e+00,
       2.6486039041236507e+00, 1.9726614256768062e+00,
       1.3358452861892451e+00, 2.0564989502297406e+00,
       1.3866016356661257e+00, 4.3247881976444574e-01,
       2.8593568140712380e+00, 1.0294129252858726e+00,
       1.0897252476378341e+00, 9.3390941221510548e-01,
       3.6879772774941455e+00, 1.8042089597951383e+00,
       1.2837251637931499e+00, 1.3763539618972813e+00,
       2.8562996906792577e+00, 3.1535789119235584e+00,
       2.8137847720586842e+00, 1.6107286749451899e+00,
       1.6933139821966923e+00, 9.9123894653890154e-01,
       3.0128487951957563e+00, 1.4620626957075464e+00,
       1.3681646906982385e+00, 2.0476688941207026e+00,
       2.3022793596789661e+00, 1.5732487243901350e+00,
       3.0084129294630575e+00, 1.6831565013103433e+00,
       1.7716928930354958e+00, 1.2941046770452431e+00,
       3.2114322433778670e+00, 2.1706236061269593e+00,
       1.8911571740092057e+00, 1.9728106083779653e+00,
       1.2435535408771314e+00, 5.3650815365033389e-01,
       3.1926715029975878e+00, 1.1831378185246255e+00,
       1.2741889122114127e+00, 9.6639512492957014e-01,
       1.9709718512757362e+00, 1.1158799270719193e+00,
       1.5046967951504762e+00, 2.3020341793440089e+00 ]
intactSigma:
   - !!opencv-matrix
      rows: 10
      cols: 10
      dt: d
      data: [ 6.6136338192961674e-01, 5.0708059694713603e-01,
          1.0594012926741919e-01, 9.2743203558113121e-02,
          6.0028286549189167e-02, 1.2603459812438411e-02,
          8.1237726151742337e-02, 2.2846947475738098e-02,
          3.0284906165210793e-02, 5.1817986190109834e-02,
          5.0708059694713603e-01, 7.9511763716383455e-01,
          2.5060412930755743e-01, 1.3611694830052265e-01,
          1.1974275247968565e-01, -1.8855413195988307e-02,
          1.1526295933560281e-01, -8.9396740644743747e-02,
          2.2885988907662424e-02, -1.3483915252411860e-02,
          1.0594012926741919e-01, 2.5060412930755743e-01,
          1.8791453237712075e-01, 3.7066834431310904e-02,
          6.0077807203791925e-02, -1.8409579613607056e-02,
          3.5865973292355774e-02, -8.0527414664587516e-02,
          -2.6906907253048487e-03, -4.6982931060602078e-02,
          9.2743203558113121e-02, 1.3611694830052265e-01,
          3.7066834431310904e-02, 4.4323508340199533e-02,
          1.9178141976072101e-02, 2.1965836981149725e-04,
          2.6434123920713284e-02, 8.9340674553249691e-03,
          6.2819116026906381e-03, 1.3607274239146863e-02,
          6.0028286549189167e-02, 1.1974275247968565e-01,
          6.0077807203791925e-02, 1.9178141976072104e-02,
          1.8906266281175488e-01, -5.8182423206417280e-03,
          1.0649282079016073e-02, -4.3440022794791221e-02,
          7.9082997667417345e-04, -1.9662524156261144e-02,
          1.2603459812438413e-02, -1.8855413195988307e-02,
          -1.8409579613607056e-02, 2.1965836981149747e-04,
          -5.8182423206417271e-03, 9.2151751720206579e-02,
          1.3942912904580477e-02, 5.5333579275959409e-02,
          -1.8414760415233424e-03, 3.9736801288039102e-02,
          8.1237726151742337e-02, 1.1526295933560282e-01,
          3.5865973292355774e-02, 2.6434123920713284e-02,
          1.0649282079016073e-02, 1.3942912904580480e-02,
          9.0365370934107153e-02, 7.1987880773968907e-02,
          2.2879634650150835e-02, 5.6871486367545514e-02,
          2.2846947475738105e-02, -8.9396740644743747e-02,
          -8.0527414664587516e-02, 8.9340674553249691e-03,
          -4.3440022794791228e-02, 5.5333579275959409e-02,
          7.1987880773968907e-02, 2.9244372000919100e-01,
          4.3762900442197050e-02, 1.6267262346234970e-01,
          3.0284906165210793e-02, 2.2885988907662424e-02,
          -2.6906907253048487e-03, 6.2819116026906398e-03,
          7.9082997667417388e-04, -1.8414760415233415e-03,
          2.2879634650150835e-02, 4.3762900442197050e-02,
          2.9512589244019991e-02, 3.1318921689486114e-02,
          5.1817986190109834e-02, -1.3483915252411858e-02,
          -4.6982931060602078e-02, 1.3607274239146858e-02,
          -1.9662524156261144e-02, 3.9736801288039109e-02,
          5.6871486367545514e-02, 1.6267262346234970e-01,
          3.1318921689486114e-02, 1.2976588622444685e-01 ]
   - !!opencv-matrix
      rows: 10
      cols: 10
      dt: d
      data: [ 8.5339782957775445e-02, 2.1451985041436410e-02,
          -3.9350480624524113e-02, 2.7686477201466059e-03,
          1.1150188983859935e-04, -1.3242131604140771e-03,
          1.4170155395665516e-02, 1.6687275104094627e-02,
          2.2379807247652744e-03, 6.6346001978337510e-02,
          2.1451985041436410e-02, 1.7960799176568357e-02,
          -2.1593422522034882e-02, 2.2285041227406866e-03,
          1.9230090622204027e-03, -3.3353831697178159e-05,
          9.1463707686686695e-03, 1.2921315132179636e-02,
          8.1095262638036618e-03, 4.3764051563507274e-02,
          -3.9350480624524113e-02, -2.1593422522034878e-02,
          9.8370491726909010e-02, -4.2928525576889495e-04,
          -1.3141079629404404e-03, 2.1791775705357102e-04,
          -1.6235935725224093e-02, -1.8202298410562361e-02,
          -1.0966625170331385e-02, -6.6153862888297527e-02,
          2.7686477201466051e-03, 2.2285041227406862e-03,
          -4.2928525576889457e-04, 2.9464020252866045e-02,
          1.4403774461677183e-03, -3.0225901757445850e-03,
          -3.4307239488295641e-03, 1.8420908484079938e-03,
          2.3208143894460050e-03, 1.7631282809114810e-03,
          1.1150188983859937e-04, 1.9230090622204027e-03,
          -1.3141079629404397e-03, 1.4403774461677192e-03,
          5.4403110233371882e-02, 7.1023414224996359e-05,
          9.9486922937210009e-04, 1.9480303303717535e-03,
          1.8330556361764679e-03, 5.5245264153806709e-03,
          -1.3242131604140766e-03, -3.3353831697178606e-05,
          2.1791775705357118e-04, -3.0225901757445863e-03,
          7.1023414224996820e-05, 6.6069487517298284e-02,
          1.3173401136737217e-03, -7.0017907100323080e-03,
          -1.3713438639615102e-02, 2.2761805250233196e-03,
          1.4170155395665513e-02, 9.1463707686686695e-03,
          -1.6235935725224096e-02, -3.4307239488295636e-03,
          9.9486922937210009e-04, 1.3173401136737212e-03,
          1.6971800205474952e-02, 1.7053219065247285e-02,
          -7.0818421204634652e-03, 3.2243605997642588e-02,
          1.6687275104094623e-02, 1.2921315132179634e-02,
          -1.8202298410562357e-02, 1.8420908484079934e-03,
          1.9480303303717526e-03, -7.0017907100323072e-03,
          1.7053219065247288e-02, 1.8470802764025426e-01,
          -2.0284411802849837e-03, 4.0283506029206974e-02,
          2.2379807247652757e-03, 8.1095262638036618e-03,
          -1.0966625170331380e-02, 2.3208143894460050e-03,
          1.8330556361764684e-03, -1.3713438639615102e-02,
          -7.0818421204634635e-03, -2.0284411802849833e-03,
          1.0749194234168592e-01, 8.0434272751793729e-03,
          6.6346001978337510e-02, 4.3764051563507274e-02,
          -6.6153862888297540e-02, 1.7631282809114810e-03,
          5.5245264153806727e-03, 2.2761805250233204e-03,
          3.2243605997642588e-02, 4.0283506029206974e-02,
          8.0434272751793729e-03, 2.1470581266717836e-01 ]
   - !!opencv-matrix
      rows: 10
      cols: 10
      dt: d
