%YAML:1.0
---
groups:
   - intact
   - CD19
   - blast
intactGmmnames:
   - "intact.2016-5361.0"
   - "intact.2016-5361.1"
   - "intact.2016-5361.2"
   - "intact.2016-5361.3"
   - "intact.2016-5361.4"
intactLabels:
   - FSC-A
   - SSC-A
   - SY41
   - CD19
   - CD10
   - CD20
   - CD45
   - CD34
   - CD38
   - CD58
intactMu: !!opencv-matrix
   rows: 5
   cols: 10
   dt: d
   data: [ 1.1468447035320062e+00, 4.7910253256834845e-01,
       3.3245344086620472e+00, 1.2233599425262929e+00,
       1.2305851903356761e+00, 1.0695509120398290e+00,
       1.9832296238898108e+00, 1.4518731206672297e+00,
       1.5037458764898783e+00, 2.1207937457205532e+00,
       1.2482288284372867e+00, 4.7426714039484691e-01,
       3.5728145095037855e+00, 1.6707154204915344e+00,
       1.1116986120439014e+00, 9.9911453968869712e-01,
       3.9646658718702508e+00, 1.8172843454789434e+00,
       2.2410204586732538e+00, 1.6294053104258557e+00,
       2.0497255011263369e+00, 2.0554240552707448e+00,
       3.5750563489804787e+00, 1.7934572463270355e+00,
       1.5262304614936815e+00, 1.2132468382496799e+00,
       3.4073600958679240e+00, 1.9595934406294924e+00,
       2.2665412119149804e+00, 2.0557949380881015e+00,
       1.5346207133077847e+00, 2.6014432009565898e+00,
       3.0957435484011273e+00, 1.7706103350859925e+00,
       1.8742714449044109e+00, 1.0701515702702311e+00,
       2.9578745652680918e+00, 1.3973639886620510e+00,
       1.4803762573274173e+00, 1.6887419113013713e+00,
       8.3616915368414790e-01, 2.5481276530020774e-01,
       4.0241467096948300e+00, 1.4735382039704601e+00,
       1.0724529885998497e+00, 9.7656185219566682e-01,
       3.7943715713679467e+00, 1.6454353632269823e+00,
       1.9362462684565516e+00, 1.1081415926763682e+00 ]
intactSigma:
   - !!opencv-matrix
      rows: 10
      cols: 10
      dt: d
      data: [ 1.5604928256748840e-01, 6.6031646997016955e-02,
          -1.0665140590084678e-01, 2.1197543880899269e-02,
          -1.4008223812029829e-02, 1.3375167533522437e-02,
          1.1630302770390946e-01, 1.1672785794816455e-01,
          6.1497275726612004e-02, -5.2723581378928100e-04,
          6.6031646997016955e-02, 5.0241448448190756e-02,
          -5.5038516655506881e-02, 1.4935236365355499e-02,
          -5.9557798634441786e-03, 7.7332286214897373e-03,
          7.6434349235861468e-02, 7.4121530621171147e-02,
          4.3289167450969390e-02, 8.7543266054778742e-03,
          -1.0665140590084678e-01, -5.5038516655506860e-02,
          4.2982575721772082e-01, -2.7428904166074502e-02,
          5.9229221041981944e-02, -1.7505865852965392e-02,
          -1.6672609668810551e-01, -2.0398686181060133e-01,
          -3.8768243937708995e-02, 1.0417421171772553e-01,
          2.1197543880899269e-02, 1.4935236365355499e-02,
          -2.7428904166074502e-02, 1.3478566568201143e-02,
          -2.4824972705105772e-03, -3.5570548471913310e-04,
          2.4596616401770757e-02, 2.6407676883123656e-02,
          1.1525851464913268e-02, -6.3846690592872491e-04,
          -1.4008223812029831e-02, -5.9557798634441786e-03,
          5.9229221041981923e-02, -2.4824972705105772e-03,
          9.3921479223103718e-02, -1.6396044999507794e-03,
          -3.6579887614350999e-02, -3.7946616306550718e-02,
          -1.4433052525386805e-03, 2.6784486864463386e-02,
          1.3375167533522438e-02, 7.7332286214897373e-03,
          -1.7505865852965388e-02, -3.5570548471913343e-04,
          -1.6396044999507785e-03, 5.2616456585785579e-02,
          1.7250677461983246e-02, 1.2642799388183976e-02,
          -5.2620235040760641e-03, -2.6551622986041973e-03,
          1.1630302770390948e-01, 7.6434349235861468e-02,
          -1.6672609668810551e-01, 2.4596616401770754e-02,
          -3.6579887614350999e-02, 1.7250677461983246e-02,
          2.6295456856396288e-01, 1.5884729125270949e-01,
          9.6705240535439344e-02, -1.4144651666884176e-02,
          1.1672785794816455e-01, 7.4121530621171147e-02,
          -2.0398686181060133e-01, 2.6407676883123656e-02,
          -3.7946616306550725e-02, 1.2642799388183979e-02,
          1.5884729125270949e-01, 2.4876519705682956e-01,
          7.1017568816115206e-02, -3.7695815604305349e-02,
          6.1497275726612004e-02, 4.3289167450969390e-02,
          -3.8768243937708995e-02, 1.1525851464913266e-02,
          -1.4433052525386798e-03, -5.2620235040760641e-03,
          9.6705240535439344e-02, 7.1017568816115206e-02,
          1.0170886285953948e-01, 1.4356929337769019e-02,
          -5.2723581378928068e-04, 8.7543266054778759e-03,
          1.0417421171772553e-01, -6.3846690592872480e-04,
          2.6784486864463383e-02, -2.6551622986041982e-03,
          -1.4144651666884176e-02, -3.7695815604305349e-02,
          1.4356929337769019e-02, 7.6291999729867804e-02 ]
   - !!opencv-matrix
      rows: 10
      cols: 10
      dt: d
      data: [ 9.6262377280868949e-02, 6.0859016113925610e-03,
          -5.1297206420318181e-02, 1.1198101319392693e-02,
          1.4952737101103376e-03, -5.9128511208583097e-03,
          1.0531976416557981e-02, 1.0717681196712481e-02,
          1.7917819595942307e-02, 1.2458466494460028e-02,
          6.0859016113925628e-03, 1.3446743706314383e-02,
          -1.1736090838092968e-02, 6.6950015506807743e-03,
          1.4643130352081978e-03, -1.2345437271108265e-03,
          4.4175885729888899e-03, 7.1088206064722614e-03,
          2.1613104136677438e-02, 1.2185257884077887e-02,
          -5.1297206420318195e-02, -1.1736090838092969e-02,
          1.6302860817706608e-01, -1.8074066290200797e-02,
          -1.3750973420287671e-03, 8.0012787575623797e-03,
          -1.6993163585754093e-02, -1.1571488558828983e-02,
          -3.4588053851398043e-02, -2.5177287757396548e-02,
          1.1198101319392693e-02, 6.6950015506807743e-03,
          -1.8074066290200797e-02, 5.3824187893838943e-02,
          1.9952555394039929e-03, -9.4888369485660665e-03,
          1.2200244328852045e-02, 1.5862037248978039e-02,
          -6.7154403009147103e-03, 1.1948584421426524e-02,
          1.4952737101103382e-03, 1.4643130352081982e-03,
          -1.3750973420287665e-03, 1.9952555394039924e-03,
          7.1245148030847305e-02, 1.1552654258457583e-03,
          9.5390491831608354e-04, -1.8728079867616099e-03,
          -1.3510387089769431e-03, 7.3867997628656642e-03,
          -5.9128511208583080e-03, -1.2345437271108258e-03,
          8.0012787575623780e-03, -9.4888369485660665e-03,
          1.1552654258457577e-03, 1.3649944251583801e-01,
          -3.0360719203786496e-03, -2.3097938465981131e-02,
          -3.6686585368830814e-03, -7.2617610948586802e-03,
          1.0531976416557983e-02, 4.4175885729888890e-03,
          -1.6993163585754097e-02, 1.2200244328852045e-02,
          9.5390491831608354e-04, -3.0360719203786500e-03,
          1.4813563053433784e-02, 1.0552192169420006e-02,
          -7.1653640035905007e-03, 1.1576323631645676e-02,
          1.0717681196712485e-02, 7.1088206064722614e-03,
          -1.1571488558828984e-02, 1.5862037248978039e-02,
          -1.8728079867616093e-03, -2.3097938465981134e-02,
          1.0552192169420004e-02, 1.8921285905592422e-01,
          1.8369149079336105e-02, 1.0899868277665986e-02,
          1.7917819595942314e-02, 2.1613104136677438e-02,
          -3.4588053851398057e-02, -6.7154403009147103e-03,
          -1.3510387089769415e-03, -3.6686585368830849e-03,
          -7.1653640035904990e-03, 1.8369149079336112e-02,
          3.4990972980501306e-01, 1.9963429990448841e-03,
          1.2458466494460025e-02, 1.2185257884077887e-02,
          -2.5177287757396548e-02, 1.1948584421426526e-02,
          7.3867997628656642e-03, -7.2617610948586819e-03,
          1.1576323631645674e-02, 1.0899868277665989e-02,
          1.9963429990448841e-03, 8.4865614366454262e-02 ]
   - !!opencv-matrix
      rows: 10
      cols: 10
