%YAML:1.0
---
groups:
   - intact
   - CD19
   - blast
intactGmmnames:
   - "intact.2016-0340.0"
   - "intact.2016-0340.1"
   - "intact.2016-0340.2"
   - "intact.2016-0340.3"
   - "intact.2016-0340.4"
intactLabels:
   - FSC-A
   - SSC-A
   - SY41
   - CD19
   - CD10
   - CD20
   - CD45
   - CD34
   - CD38
   - CD58
intactMu: !!opencv-matrix
   rows: 5
   cols: 10
   dt: d
   data: [ 1.2909018731679263e+00, 5.0385179363471944e-01,
       3.9278519883241438e+00, 1.1969788495597793e+00,
       1.3553456251509388e+00, 1.1389968744385277e+00,
       1.6696801010793667e+00, 1.1355168072369519e+00,
       1.4907122750153234e+00, 2.2803632251402703e+00,
       1.7033869605448388e+00, 5.5574545853749591e-01,
       3.6508396000053711e+00, 1.3397762636816033e+00,
       1.1275145805714362e+00, 1.0625754879112914e+00,
       3.8034277024585532e+00, 2.0259211164097941e+00,
       1.9187002309293000e+00, 1.5915580650947980e+00,
       2.7936172444746852e+00, 2.7530804070759625e+00,
       3.6756022065484619e+00, 1.7387743525765220e+00,
       2.4208320025334835e+00, 1.1317710051103436e+00,
       3.2076109208824066e+00, 1.7212988185935463e+00,
       1.6079657456886571e+00, 2.0781369141137405e+00,
       1.4063308762004310e+00, 3.0356213816089239e-01,
       3.7814570802494112e+00, 1.2180569520303295e+00,
       1.0598967541834741e+00, 1.0838439644917883e+00,
       3.6350751354247137e+00, 1.7584098013806189e+00,
       1.6062091734971107e+00, 9.3199492454879540e-01,
       2.3047908040003562e+00, 1.4395820505001151e+00,
       3.7112630617418052e+00, 1.5797134249385412e+00,
       1.5468732546769062e+00, 1.2862304649352487e+00,
       2.7413374791772922e+00, 1.7860445955674222e+00,
       1.9070744726860853e+00, 1.8062518440188919e+00 ]
intactSigma:
   - !!opencv-matrix
      rows: 10
      cols: 10
      dt: d
      data: [ 1.9776753757703253e-01, 7.2929622594350471e-02,
          2.0740030060566711e-02, 2.4390789323167385e-02,
          3.7255810361870839e-02, 3.2516502900547541e-03,
          6.6821581374746683e-02, 2.4493012772549290e-02,
          1.6860775170404886e-02, 5.5593145069613104e-02,
          7.2929622594350499e-02, 7.0945463343215096e-02,
          1.3041121915887624e-02, 2.1332262374961355e-02,
          3.2202205500490855e-02, 3.4139682520953193e-03,
          7.8130514961069944e-02, 2.3320038464970466e-02,
          1.9599711221188379e-02, 5.1550559531884192e-02,
          2.0740030060566711e-02, 1.3041121915887624e-02,
          5.8306709311317512e-02, 2.0271482371240377e-03,
          9.9836784856418195e-03, 4.2681296528965782e-04,
          2.0021631304982971e-02, 9.3712944402921852e-03,
          5.1856228967294632e-03, 1.5142075602862265e-02,
          2.4390789323167392e-02, 2.1332262374961355e-02,
          2.0271482371240369e-03, 2.2318682212079347e-02,
          1.3620650546554465e-02, -1.0160167781356902e-03,
          2.1298146579768622e-02, 9.8373859682913643e-03,
          4.7673933900339253e-03, 1.6092564971413752e-02,
          3.7255810361870825e-02, 3.2202205500490855e-02,
          9.9836784856418212e-03, 1.3620650546554470e-02,
          1.4593056205111732e-01, 2.1267576549679023e-03,
          2.7788126796448494e-02, 1.3701682130994824e-02,
          1.5175488748634936e-02, 3.2642001742819414e-02,
          3.2516502900547567e-03, 3.4139682520953219e-03,
          4.2681296528965788e-04, -1.0160167781356894e-03,
          2.1267576549679023e-03, 1.8847363539239857e-02,
          4.6427707360779998e-03, -2.8544123221448388e-03,
          -1.3784837299439302e-03, 2.7118832832423783e-03,
          6.6821581374746683e-02, 7.8130514961069944e-02,
          2.0021631304982971e-02, 2.1298146579768622e-02,
          2.7788126796448501e-02, 4.6427707360780016e-03,
          2.3905177517856596e-01, 2.7601956498208208e-02,
          4.0126938712729189e-02, 8.4008368899025423e-02,
          2.4493012772549290e-02, 2.3320038464970459e-02,
          9.3712944402921834e-03, 9.8373859682913626e-03,
          1.3701682130994819e-02, -2.8544123221448388e-03,
          2.7601956498208208e-02, 1.2228044940724664e-01,
          8.5928551136564141e-03, 1.8188805515050480e-02,
          1.6860775170404883e-02, 1.9599711221188375e-02,
          5.1856228967294632e-03, 4.7673933900339261e-03,
          1.5175488748634933e-02, -1.3784837299439302e-03,
          4.0126938712729189e-02, 8.5928551136564141e-03,
          1.6078714255420571e-02, 1.8871097024680619e-02,
          5.5593145069613104e-02, 5.1550559531884192e-02,
          1.5142075602862265e-02, 1.6092564971413755e-02,
          3.2642001742819414e-02, 2.7118832832423779e-03,
          8.4008368899025410e-02, 1.8188805515050487e-02,
          1.8871097024680619e-02, 8.5447677334772362e-02 ]
   - !!opencv-matrix
      rows: 10
      cols: 10
      dt: d
      data: [ 8.9511328234041995e-02, 1.0630451948566471e-02,
          -4.1989699978766774e-03, 4.3629741781116100e-03,
          -2.9723370791786240e-03, -3.0828497934234545e-03,
          4.5399863177370122e-03, 7.8830033530165391e-03,
          3.6038861901895721e-03, 2.0926980540926905e-02,
          1.0630451948566471e-02, 2.4530540308353836e-02,
          -1.6386419471096814e-04, 7.2786557575694787e-03,
          -9.0329101131337143e-04, -3.1087280848976009e-03,
          5.9906784013666718e-03, 7.7643434793107152e-03,
          2.3763430055035405e-02, 3.2573416298564313e-02,
          -4.1989699978766792e-03, -1.6386419471096805e-04,
          3.7667252229236531e-02, -9.4145335598230101e-04,
          3.0283988770549680e-03, 1.7555068195776837e-04,
          -1.4351871140898698e-03, 5.8606849015864287e-04,
          7.6129052656549170e-04, -2.9088115274320983e-03,
          4.3629741781116109e-03, 7.2786557575694804e-03,
          -9.4145335598230177e-04, 5.8335789575895386e-02,
          3.8696660938254564e-03, -5.0943734674783548e-03,
          4.5168623293096446e-03, 1.0177757427789985e-02,
          -2.1214669594795542e-03, 1.3096505419605558e-02,
          -2.9723370791786253e-03, -9.0329101131337143e-04,
          3.0283988770549676e-03, 3.8696660938254556e-03,
          1.2436460113489743e-01, 2.3660154435388679e-03,
          -8.0103801052401711e-04, -1.4059500230911755e-03,
          -6.7296671824785062e-03, 1.1202441082648017e-04,
          -3.0828497934234553e-03, -3.1087280848975996e-03,
          1.7555068195776878e-04, -5.0943734674783530e-03,
          2.3660154435388684e-03, 4.3544784557082515e-02,
          -1.7453149410877741e-03, -1.0313415373680069e-02,
          -1.5219570093297363e-02, -5.1924958536744099e-03,
          4.5399863177370131e-03, 5.9906784013666718e-03,
          -1.4351871140898698e-03, 4.5168623293096446e-03,
          -8.0103801052401722e-04, -1.7453149410877732e-03,
          1.5301189077064042e-02, 1.5532998054249281e-02,
          -1.0756022852047119e-02, 2.0705470891216479e-02,
          7.8830033530165409e-03, 7.7643434793107152e-03,
          5.8606849015864308e-04, 1.0177757427789983e-02,
          -1.4059500230911755e-03, -1.0313415373680069e-02,
          1.5532998054249281e-02, 1.2806054502158604e-01,
          -5.7471883679440540e-03, 2.5064162325755954e-02,
          3.6038861901895721e-03, 2.3763430055035405e-02,
          7.6129052656549192e-04, -2.1214669594795546e-03,
          -6.7296671824785036e-03, -1.5219570093297370e-02,
          -1.0756022852047119e-02, -5.7471883679440549e-03,
          2.4113690452247591e-01, 1.3768900589773283e-04,
          2.0926980540926905e-02, 3.2573416298564313e-02,
          -2.9088115274321013e-03, 1.3096505419605560e-02,
          1.1202441082647979e-04, -5.1924958536744116e-03,
          2.0705470891216479e-02, 2.5064162325755961e-02,
          1.3768900589773234e-04, 1.3985011472333567e-01 ]
   - !!opencv-matrix
      rows: 10
      cols: 10
      dt: d
