%YAML:1.0
---
groups:
   - intact
   - CD19
   - blast
intactGmmnames:
   - "intact.2016-0605.0"
   - "intact.2016-0605.1"
   - "intact.2016-0605.2"
   - "intact.2016-0605.3"
   - "intact.2016-0605.4"
intactLabels:
   - FSC-A
   - SSC-A
   - SY41
   - CD19
   - CD10
   - CD20
   - CD45
   - CD34
   - CD38
   - CD58
intactMu: !!opencv-matrix
   rows: 5
   cols: 10
   dt: d
   data: [ 1.3568452643131876e+00, 4.5175065374496159e-01,
       3.4485952528392385e+00, 1.2593044614369424e+00,
       1.3633252474129769e+00, 1.1189196813269477e+00,
       1.6721780756192746e+00, 1.0637321911615394e+00,
       1.5337561488327165e+00, 2.2629678441290864e+00,
       2.3512067320497221e+00, 1.6147021913281669e+00,
       3.1114362710375416e+00, 1.5267913478477186e+00,
       1.4195755771123773e+00, 1.1892984041915495e+00,
       2.3983914280000511e+00, 1.6613355074098419e+00,
       1.6089546546902653e+00, 1.7049197269219085e+00,
       1.5996368655886104e+00, 5.6925651538022171e-01,
       3.1106401620188175e+00, 1.3331800434950283e+00,
       1.0617061769126981e+00, 1.0422792480263896e+00,
       3.7156997067641391e+00, 1.9415264023154037e+00,
       1.9061208191252919e+00, 1.6037029382551589e+00,
       1.2256660512137478e+00, 3.0189935505819676e-01,
       3.4457965662332066e+00, 1.2497620072512856e+00,
       1.0555115977172884e+00, 1.0648770138260237e+00,
       3.6084898080320968e+00, 1.7796700911243624e+00,
       1.5895901973705295e+00, 1.0903276719669532e+00,
       3.1242964476496233e+00, 3.0404302359489876e+00,
       3.1310268460746449e+00, 1.7493856698174541e+00,
       2.3304551114111254e+00, 1.1068731420540545e+00,
       3.1287073985009375e+00, 1.8515081410234067e+00,
       1.5609495311213475e+00, 2.0522770030806403e+00 ]
intactSigma:
   - !!opencv-matrix
      rows: 10
      cols: 10
      dt: d
      data: [ 1.4926727811315119e-01, 3.8232841276967175e-02,
          2.5711263887356894e-02, 1.1618024091305605e-02,
          2.4612632632586562e-02, 1.0610549571189337e-03,
          4.3017487392042274e-02, 1.3267866501776960e-02,
          5.0961666844570762e-03, 3.2490835461285041e-02,
          3.8232841276967182e-02, 2.1515330653921416e-02,
          1.1103435123076469e-02, 5.9153331454536015e-03,
          1.0983620497299576e-02, 9.4721767312028128e-04,
          2.3514049720913477e-02, 7.7611517644832224e-03,
          2.5895280350449116e-03, 1.5083620443050854e-02,
          2.5711263887356894e-02, 1.1103435123076469e-02,
          9.0250219563205156e-02, 8.2626549806673918e-04,
          8.3306707846164813e-03, 1.2664769696432384e-03,
          2.8405355353339736e-02, 9.6684125704241015e-03,
          2.3756735668938643e-03, 7.4090154462832913e-03,
          1.1618024091305605e-02, 5.9153331454536015e-03,
          8.2626549806673875e-04, 1.0820405178997886e-02,
          5.4561260768651292e-03, -2.4497005884514307e-04,
          7.6435240406530656e-03, 2.8647096321150812e-03,
          8.4416053742828758e-04, 5.2507762879349567e-03,
          2.4612632632586562e-02, 1.0983620497299576e-02,
          8.3306707846164813e-03, 5.4561260768651301e-03,
          1.1379539229673241e-01, 2.1219235534664671e-03,
          2.7265677252438082e-03, 2.8073149974264240e-03,
          3.4200711563284591e-03, 1.4967527594239666e-02,
          1.0610549571189337e-03, 9.4721767312028128e-04,
          1.2664769696432384e-03, -2.4497005884514307e-04,
          2.1219235534664679e-03, 2.0609102825460544e-02,
          4.7271939038854450e-03, -3.1480150458419753e-03,
          -1.1158651203989380e-03, 8.8083160082768209e-04,
          4.3017487392042267e-02, 2.3514049720913480e-02,
          2.8405355353339729e-02, 7.6435240406530639e-03,
          2.7265677252438104e-03, 4.7271939038854432e-03,
          1.6580698600293206e-01, 1.1038649844741955e-02,
          8.0457034596704974e-03, 2.5109219011972703e-02,
          1.3267866501776960e-02, 7.7611517644832215e-03,
          9.6684125704241015e-03, 2.8647096321150812e-03,
          2.8073149974264257e-03, -3.1480150458419748e-03,
          1.1038649844741955e-02, 1.1081084922019610e-01,
          1.9689291247913568e-03, 6.1322831684519335e-03,
          5.0961666844570762e-03, 2.5895280350449116e-03,
          2.3756735668938643e-03, 8.4416053742828758e-04,
          3.4200711563284591e-03, -1.1158651203989380e-03,
          8.0457034596704974e-03, 1.9689291247913568e-03,
          2.5341926281553019e-03, 3.0066964608939481e-03,
          3.2490835461285041e-02, 1.5083620443050854e-02,
          7.4090154462832895e-03, 5.2507762879349567e-03,
          1.4967527594239666e-02, 8.8083160082768187e-04,
          2.5109219011972703e-02, 6.1322831684519335e-03,
          3.0066964608939481e-03, 3.1986484678425665e-02 ]
   - !!opencv-matrix
      rows: 10
      cols: 10
      dt: d
      data: [ 8.0799456890829480e-01, 2.8949041621580651e-01,
          -7.1446574612275396e-02, 4.2404776254355819e-02,
          -1.4106000542371020e-02, -7.1018838964232618e-03,
          6.0690116337854941e-02, 1.1874527411559663e-01,
          1.7541083468030821e-02, 1.1341265458310773e-01,
          2.8949041621580657e-01, 8.5234635825552396e-01,
          -2.0909765494984476e-03, 1.3358256841613250e-01,
          1.5232372961710455e-01, -2.3875925004509822e-02,
          9.3059059661378354e-02, -5.3446482735113092e-02,
          -1.5028852665402147e-02, -6.1820650301488977e-02,
          -7.1446574612275382e-02, -2.0909765494984524e-03,
          2.5956251843706518e-01, 1.3738170033726873e-02,
          5.1341427397190310e-02, 1.4648368961966273e-03,
          1.3186480057062547e-01, -4.4874271402092214e-02,
          3.5425314034757523e-02, 6.3522065778437872e-02,
          4.2404776254355819e-02, 1.3358256841613250e-01,
          1.3738170033726871e-02, 7.4915569887833933e-02,
          4.8386948897909503e-02, 2.7255125095190270e-02,
          5.2589636194309716e-02, 1.0203677080197538e-03,
          8.8956706448777342e-03, 6.7638132459122884e-03,
          -1.4106000542371020e-02, 1.5232372961710455e-01,
          5.1341427397190310e-02, 4.8386948897909496e-02,
          3.0480708334900319e-01, 1.2542943702066456e-02,
          4.8028392954421663e-02, -4.7268306034208132e-02,
          3.0838750995975470e-03, 1.7446129245319457e-02,
          -7.1018838964232575e-03, -2.3875925004509829e-02,
          1.4648368961966282e-03, 2.7255125095190270e-02,
          1.2542943702066456e-02, 8.5995400733157951e-02,
          1.5143578921817233e-02, 1.8877907449472368e-02,
          4.3718683221403640e-03, 9.6858230891742683e-03,
          6.0690116337854969e-02, 9.3059059661378368e-02,
          1.3186480057062550e-01, 5.2589636194309716e-02,
          4.8028392954421663e-02, 1.5143578921817233e-02,
          5.6927507978731551e-01, 1.4006786787210460e-01,
          7.1409600658013522e-02, 8.7381504777990768e-02,
          1.1874527411559664e-01, -5.3446482735113078e-02,
          -4.4874271402092200e-02, 1.0203677080197540e-03,
          -4.7268306034208132e-02, 1.8877907449472368e-02,
          1.4006786787210460e-01, 3.7181297374068717e-01,
          3.7077026634217490e-02, 7.1238955705929988e-02,
          1.7541083468030818e-02, -1.5028852665402152e-02,
          3.5425314034757523e-02, 8.8956706448777342e-03,
          3.0838750995975470e-03, 4.3718683221403640e-03,
          7.1409600658013522e-02, 3.7077026634217490e-02,
          4.8452219419840181e-02, 3.8628472968095857e-02,
          1.1341265458310773e-01, -6.1820650301488977e-02,
          6.3522065778437872e-02, 6.7638132459122867e-03,
          1.7446129245319457e-02, 9.6858230891742683e-03,
          8.7381504777990796e-02, 7.1238955705929988e-02,
          3.8628472968095857e-02, 2.6053134991872640e-01 ]
   - !!opencv-matrix
      rows: 10
      cols: 10
      dt: d
