%YAML:1.0
---
groups:
   - intact
   - CD19
   - blast
intactGmmnames:
   - "intact.2016-1250.0"
   - "intact.2016-1250.1"
   - "intact.2016-1250.2"
   - "intact.2016-1250.3"
   - "intact.2016-1250.4"
intactLabels:
   - FSC-A
   - SSC-A
   - SY41
   - CD19
   - CD10
   - CD20
   - CD45
   - CD34
   - CD38
   - CD58
intactMu: !!opencv-matrix
   rows: 5
   cols: 10
   dt: d
   data: [ 2.3277188621033904e+00, 2.1162039839204101e+00,
       3.3462680623270447e+00, 1.5856999364881623e+00,
       1.6153745186357791e+00, 1.2129088185155814e+00,
       2.8683855199243475e+00, 1.8652568969708365e+00,
       1.7441208593013948e+00, 2.0206155499564833e+00,
       1.5822017638185393e+00, 7.0468607903021774e-01,
       3.2484679079247076e+00, 1.3000272597691838e+00,
       1.2253054440113968e+00, 1.0548971959311921e+00,
       4.0002892523428164e+00, 1.7499885671079110e+00,
       2.0075657031364629e+00, 1.9712276841089591e+00,
       1.2592747005819824e+00, 5.1681852001496253e-01,
       3.3821675290102373e+00, 1.1986565006715053e+00,
       1.4861039415924280e+00, 1.1448283441537739e+00,
       1.7241966759081893e+00, 1.2138076942586193e+00,
       1.4909031473777337e+00, 2.4864951089050145e+00,
       2.7912504803731202e+00, 3.4398513010622351e+00,
       3.4516499870618040e+00, 1.7701245579661953e+00,
       2.0695085569023153e+00, 1.1469899094153402e+00,
       3.1689111248541826e+00, 1.8124348103108601e+00,
       1.5620014350958440e+00, 2.3017380589527887e+00,
       1.2894127613229447e+00, 3.6345951663721632e-01,
       3.5560207572284304e+00, 1.2133737070852093e+00,
       1.3391407875448524e+00, 1.0759552980373694e+00,
       3.8317036202444363e+00, 1.7966678091427366e+00,
       1.6199924820197393e+00, 1.0559801458263072e+00 ]
intactSigma:
   - !!opencv-matrix
      rows: 10
      cols: 10
      dt: d
      data: [ 6.3238053081407586e-01, 3.7910421207360578e-01,
          -2.9639322667153740e-03, 7.8192095745811777e-02,
          2.8644797442455646e-03, 3.7000140320220254e-03,
          5.3424888453308353e-02, -2.7757049499484523e-03,
          -1.0670872371125177e-02, 1.2842614007141425e-02,
          3.7910421207360578e-01, 1.1454178868849374e+00,
          -2.0881305387988103e-02, 2.0263466272581906e-01,
          1.2441628530849097e-01, -1.2950642001850605e-02,
          8.8841770424104807e-02, -8.2900666080985064e-02,
          -8.2428704621657009e-02, -1.7114165421951164e-01,
          -2.9639322667153749e-03, -2.0881305387988099e-02,
          1.8912442649010591e-01, 5.1589369245991726e-03,
          2.3163740759357794e-02, -1.0725589115273113e-02,
          6.4041800122455361e-02, -1.6484650790510872e-02,
          5.3744972585089701e-02, 6.0780099674567975e-02,
          7.8192095745811777e-02, 2.0263466272581909e-01,
          5.1589369245991709e-03, 9.4792059543542681e-02,
          2.7398588591335215e-02, 1.4449548516178662e-02,
          5.7227617561763651e-02, 8.9885902785796310e-03,
          2.4791680525275955e-03, -1.9049636847953851e-02,
          2.8644797442455633e-03, 1.2441628530849097e-01,
          2.3163740759357794e-02, 2.7398588591335218e-02,
          2.0165849056715890e-01, -3.8222732087508414e-03,
          -6.5796816510472972e-03, -2.3137870846975248e-02,
          -3.9295828220877752e-02, -3.2722140732688639e-03,
          3.7000140320220267e-03, -1.2950642001850600e-02,
          -1.0725589115273111e-02, 1.4449548516178657e-02,
          -3.8222732087508423e-03, 8.1222509703673437e-02,
          9.5625092138275324e-03, 2.9088391997932603e-02,
          -4.3209844260396158e-03, 7.9544895702129675e-03,
          5.3424888453308353e-02, 8.8841770424104807e-02,
          6.4041800122455361e-02, 5.7227617561763651e-02,
          -6.5796816510472990e-03, 9.5625092138275324e-03,
          5.5012140916202146e-01, 2.1130641762228647e-01,
          1.7695033957280046e-01, 1.0713782107663519e-01,
          -2.7757049499484553e-03, -8.2900666080985105e-02,
          -1.6484650790510872e-02, 8.9885902785796397e-03,
          -2.3137870846975248e-02, 2.9088391997932603e-02,
          2.1130641762228647e-01, 3.4019205062984942e-01,
          9.5532461549080655e-02, 1.0598074872167053e-01,
          -1.0670872371125179e-02, -8.2428704621657009e-02,
          5.3744972585089715e-02, 2.4791680525275955e-03,
          -3.9295828220877752e-02, -4.3209844260396176e-03,
          1.7695033957280046e-01, 9.5532461549080655e-02,
          1.8095654313707518e-01, 9.5890985676905446e-02,
          1.2842614007141420e-02, -1.7114165421951164e-01,
          6.0780099674567975e-02, -1.9049636847953851e-02,
          -3.2722140732688631e-03, 7.9544895702129675e-03,
          1.0713782107663519e-01, 1.0598074872167053e-01,
          9.5890985676905446e-02, 2.8049389776711547e-01 ]
   - !!opencv-matrix
      rows: 10
      cols: 10
      dt: d
      data: [ 6.6183348919117591e-02, 4.7316689926639012e-03,
          -5.3019972297738832e-03, 3.3912693469308379e-03,
          1.1993403429170900e-03, 5.2559343805215204e-04,
          1.7441161431110427e-03, 1.9238719296079054e-03,
          -3.5621175632880690e-03, 1.0796055690518599e-03,
          4.7316689926639021e-03, 1.7073919193797457e-02,
          -1.5768716041041578e-03, 3.0103761992545078e-03,
          -2.7722164529509013e-03, -2.0985543488131423e-03,
          7.8909142258644480e-05, -1.6020830771586443e-03,
          3.8933721267169770e-02, 8.3932262887208876e-03,
          -5.3019972297738832e-03, -1.5768716041041585e-03,
          2.7614935803423418e-02, -7.7042976808317442e-04,
          3.5393500016171037e-03, 2.8994707486764993e-04,
          -1.1159407929504995e-03, 1.3363820658910872e-03,
          -6.4403140092475445e-03, -1.1880301233779648e-03,
          3.3912693469308388e-03, 3.0103761992545082e-03,
          -7.7042976808317540e-04, 7.3179361388932315e-02,
          2.8825773116330292e-03, -5.7595108671841021e-03,
          1.1866587767173221e-03, 1.3410543674266523e-02,
          -6.5374281737371354e-03, 2.9147026942958564e-03,
          1.1993403429170900e-03, -2.7722164529509034e-03,
          3.5393500016171024e-03, 2.8825773116330300e-03,
          3.1570385290353647e-01, 1.9994730748375180e-03,
          -2.9087719951815952e-03, -4.9079688418517987e-03,
          -1.4370494337861311e-02, -1.7974466941328383e-03,
          5.2559343805215226e-04, -2.0985543488131423e-03,
          2.8994707486764982e-04, -5.7595108671841030e-03,
          1.9994730748375180e-03, 4.8193395570321901e-02,
          5.6990376910800512e-04, -1.8419054348776550e-02,
          -2.5544231810956081e-02, -5.9029305434754793e-04,
          1.7441161431110417e-03, 7.8909142258644561e-05,
          -1.1159407929504988e-03, 1.1866587767173223e-03,
          -2.9087719951815965e-03, 5.6990376910800533e-04,
          1.1918910096152271e-02, 1.2363368730439460e-02,
          -2.9462625895599170e-02, 5.8214397157859352e-03,
          1.9238719296079054e-03, -1.6020830771586443e-03,
          1.3363820658910883e-03, 1.3410543674266522e-02,
          -4.9079688418517970e-03, -1.8419054348776550e-02,
          1.2363368730439460e-02, 3.1718907458435397e-01,
          -4.3716241557371978e-02, 7.1225061876669842e-03,
          -3.5621175632880725e-03, 3.8933721267169770e-02,
          -6.4403140092475445e-03, -6.5374281737371380e-03,
          -1.4370494337861316e-02, -2.5544231810956070e-02,
          -2.9462625895599170e-02, -4.3716241557371978e-02,
          3.8057749194094004e-01, 5.5477043758783351e-03,
          1.0796055690518594e-03, 8.3932262887208876e-03,
          -1.1880301233779642e-03, 2.9147026942958551e-03,
          -1.7974466941328374e-03, -5.9029305434754814e-04,
          5.8214397157859343e-03, 7.1225061876669842e-03,
          5.5477043758783342e-03, 4.0236281437301617e-02 ]
   - !!opencv-matrix
      rows: 10
      cols: 10
