%YAML:1.0
---
groups:
   - intact
   - CD19
   - blast
intactGmmnames:
   - "intact.2016-1313.0"
   - "intact.2016-1313.1"
   - "intact.2016-1313.2"
   - "intact.2016-1313.3"
   - "intact.2016-1313.4"
intactLabels:
   - FSC-A
   - SSC-A
   - SY41
   - CD19
   - CD10
   - CD20
   - CD45
   - CD34
   - CD38
   - CD58
intactMu: !!opencv-matrix
   rows: 5
   cols: 10
   dt: d
   data: [ 1.1691325688601675e+00, 9.1738349399723274e-01,
       3.5044393194479913e+00, 2.1387160671746761e+00,
       2.2591584897246788e+00, 1.7375160301738148e+00,
       2.4041273184408460e+00, 1.7757772140942447e+00,
       1.5472916378268335e+00, 1.7042424057840782e+00,
       6.9025173941092854e-01, 3.1688219458649330e-01,
       3.6038716861887958e+00, 1.2501810001460840e+00,
       1.0767882772349038e+00, 1.0885036285989502e+00,
       3.4696274867349697e+00, 1.6038593105626857e+00,
       1.4859020329484172e+00, 1.0464504631118883e+00,
       1.2425376365924141e+00, 5.6436855917443507e-01,
       2.9368224724305239e+00, 1.3683152776940259e+00,
       1.0924160618071403e+00, 1.0681082839310232e+00,
       3.6301368910740712e+00, 1.7756098367597628e+00,
       1.7171853857927015e+00, 1.5387084071935839e+00,
       1.7996273878494231e+00, 2.4583530845663235e+00,
       3.0489311508057382e+00, 1.7542470803406260e+00,
       1.4311734258910367e+00, 1.1744393148511065e+00,
       3.0171187233851717e+00, 1.8072167525793883e+00,
       1.6033843485569115e+00, 1.9804400380136304e+00,
       6.8805840828824827e-01, 3.5463320491071632e-01,
       3.4969864570586853e+00, 1.1651002735380696e+00,
       1.1845203330263578e+00, 1.1142228552036986e+00,
       1.6284918226918061e+00, 1.0799563120001652e+00,
       1.2747403310046201e+00, 2.2613614171626515e+00 ]
intactSigma:
   - !!opencv-matrix
      rows: 10
      cols: 10
      dt: d
      data: [ 7.3917811781474618e-01, 5.0433997767717409e-01,
          -7.9658952917816467e-02, 2.6590020990768859e-01,
          -5.2685787921512746e-02, 1.0518108846015858e-01,
          2.6567241708830641e-01, 1.3433243591051239e-01,
          1.4320901019187707e-01, 1.8611018472896690e-01,
          5.0433997767717409e-01, 6.5543413167542897e-01,
          -3.0000641768009973e-02, 3.1437382774924716e-01,
          -2.0700252269348070e-03, 1.3565668377626308e-01,
          1.8516162767750233e-01, 1.4019697427553457e-01,
          9.5224017635408734e-02, 1.9038692697113521e-01,
          -7.9658952917816453e-02, -3.0000641768009973e-02,
          1.0577439762763149e-01, -1.8199910783185114e-02,
          2.3399366328584373e-02, -1.1000520000839630e-02,
          -2.2964947223057548e-03, -3.1418421041108958e-03,
          -1.7670871153269794e-02, -9.8962368491074138e-03,
          2.6590020990768859e-01, 3.1437382774924716e-01,
          -1.8199910783185117e-02, 3.6560500168651272e-01,
          1.4775696361765736e-01, 1.6454985457806123e-01,
          1.4254752214230781e-01, 7.9232556806770854e-02,
          3.2807176744469264e-02, 1.2359518575731465e-01,
          -5.2685787921512732e-02, -2.0700252269348065e-03,
          2.3399366328584369e-02, 1.4775696361765736e-01,
          7.9040294505445985e-01, -1.1686679287657273e-01,
          -1.8263062597883986e-01, 9.7972156975999453e-02,
          -9.3300133168860766e-02, 1.8272134702648474e-01,
          1.0518108846015858e-01, 1.3565668377626308e-01,
          -1.1000520000839625e-02, 1.6454985457806134e-01,
          -1.1686679287657277e-01, 4.8397284639664190e-01,
          2.0043331369334380e-01, -2.8671062765784589e-02,
          -3.5822482687750852e-02, -3.3550222732022059e-02,
          2.6567241708830641e-01, 1.8516162767750233e-01,
          -2.2964947223057548e-03, 1.4254752214230781e-01,
          -1.8263062597883986e-01, 2.0043331369334380e-01,
          7.6333004720204323e-01, 1.5145888405384281e-01,
          2.1770934361537142e-01, 7.5408692686877318e-02,
          1.3433243591051239e-01, 1.4019697427553457e-01,
          -3.1418421041108958e-03, 7.9232556806770854e-02,
          9.7972156975999453e-02, -2.8671062765784596e-02,
          1.5145888405384283e-01, 3.1544130946077092e-01,
          9.3984165051936422e-02, 1.1746782790889880e-01,
          1.4320901019187712e-01, 9.5224017635408734e-02,
          -1.7670871153269794e-02, 3.2807176744469264e-02,
          -9.3300133168860766e-02, -3.5822482687750859e-02,
          2.1770934361537142e-01, 9.3984165051936422e-02,
          2.8613590110487513e-01, 7.0723808858882201e-02,
          1.8611018472896690e-01, 1.9038692697113521e-01,
          -9.8962368491074138e-03, 1.2359518575731465e-01,
          1.8272134702648474e-01, -3.3550222732022066e-02,
          7.5408692686877318e-02, 1.1746782790889880e-01,
          7.0723808858882201e-02, 2.7602784040470596e-01 ]
   - !!opencv-matrix
      rows: 10
      cols: 10
      dt: d
      data: [ 3.7500490660514134e-02, 1.4178478421231528e-03,
          -1.6702249861124743e-02, 1.4017364273754284e-03,
          -6.6634613143823156e-04, -8.9248045094448387e-04,
          4.6112496221029737e-03, 3.5262638217708692e-03,
          -2.8677702928939610e-04, 9.6401151222756307e-04,
          1.4178478421231521e-03, 9.0857783647774887e-03,
          1.3558491995388014e-03, 3.6065382229135043e-03,
          3.0342394229505238e-03, 5.4798419413207582e-04,
          2.4139616590121847e-03, 4.5274181222160438e-03,
          -2.4809917316304742e-03, 2.4178317612445044e-02,
          -1.6702249861124743e-02, 1.3558491995388012e-03,
          1.4659224498735921e-02, -6.8132379261769816e-06,
          1.5161231818800317e-03, 7.0775804353080923e-04,
          -1.6373292970679485e-03, 3.3016264716048747e-04,
          -1.2058655902924364e-03, 1.2718890142765879e-03,
          1.4017364273754284e-03, 3.6065382229135043e-03,
          -6.8132379261769011e-06, 3.7384169595592757e-02,
          2.2145292913295050e-03, -2.3506933731982380e-03,
          7.1962378165974861e-04, 6.3014209929592281e-03,
          -5.3281282263514633e-03, 9.1967610836566436e-03,
          -6.6634613143823156e-04, 3.0342394229505238e-03,
          1.5161231818800317e-03, 2.2145292913295050e-03,
          6.6865612091805068e-02, 6.8481212624143530e-04,
          2.2884807146687317e-04, -7.0810899686441419e-04,
          -4.7689069639389621e-04, 1.1802879210928360e-02,
          -8.9248045094448376e-04, 5.4798419413207614e-04,
          7.0775804353080923e-04, -2.3506933731982384e-03,
          6.8481212624143519e-04, 2.9212967894204574e-02,
          7.3201211687450512e-06, -7.8385009727840634e-03,
          -1.1935562526076535e-02, 2.6484980099889511e-03,
          4.6112496221029755e-03, 2.4139616590121856e-03,
          -1.6373292970679485e-03, 7.1962378165974829e-04,
          2.2884807146687368e-04, 7.3201211687450647e-06,
          8.2100332919568513e-03, 3.9958829697537132e-03,
          -3.5394241111755579e-04, 3.5716579380359941e-03,
          3.5262638217708692e-03, 4.5274181222160446e-03,
          3.3016264716048736e-04, 6.3014209929592307e-03,
          -7.0810899686441344e-04, -7.8385009727840634e-03,
          3.9958829697537140e-03, 1.8021098850616099e-01,
          3.7622908967173477e-03, 1.0068452398560806e-02,
          -2.8677702928939648e-04, -2.4809917316304742e-03,
          -1.2058655902924367e-03, -5.3281282263514633e-03,
          -4.7689069639389670e-04, -1.1935562526076535e-02,
          -3.5394241111755547e-04, 3.7622908967173485e-03,
          6.6446771849153083e-02, -4.1497754816712746e-03,
          9.6401151222756198e-04, 2.4178317612445044e-02,
          1.2718890142765877e-03, 9.1967610836566419e-03,
          1.1802879210928357e-02, 2.6484980099889502e-03,
          3.5716579380359937e-03, 1.0068452398560808e-02,
          -4.1497754816712746e-03, 1.6344862648885961e-01 ]
   - !!opencv-matrix
      rows: 10
      cols: 10
      dt: d
