%YAML:1.0
---
groups:
   - intact
   - CD19
   - blast
intactGmmnames:
   - "intact.2016-5318.0"
   - "intact.2016-5318.1"
   - "intact.2016-5318.2"
   - "intact.2016-5318.3"
   - "intact.2016-5318.4"
intactLabels:
   - FSC-A
   - SSC-A
   - SY41
   - CD19
   - CD10
   - CD20
   - CD45
   - CD34
   - CD38
   - CD58
intactMu: !!opencv-matrix
   rows: 5
   cols: 10
   dt: d
   data: [ 2.5955624421437209e+00, 2.8679190345780929e+00,
       3.0108376047176031e+00, 1.7294812851613097e+00,
       2.3276889576065263e+00, 1.2635586595715409e+00,
       3.0066533089195699e+00, 1.2114758308541911e+00,
       1.5384738393921613e+00, 2.2341090317753358e+00,
       1.2482061707892009e+00, 2.7028500183770354e-01,
       3.1536166516486048e+00, 1.3861922135826397e+00,
       1.4295874676192371e+00, 1.2341917869110368e+00,
       3.6789119070603946e+00, 1.4191634937265938e+00,
       1.9607698940378409e+00, 8.9554633579248333e-01,
       1.1157429680849655e+00, 3.7251479537552779e-01,
       2.7519680147351981e+00, 1.2084874359786226e+00,
       1.4142959408101097e+00, 1.2516467455224418e+00,
       1.5761156423710614e+00, 1.0790134547289685e+00,
       1.1562102408058836e+00, 2.4431828737925807e+00,
       1.8315967161811217e+00, 1.0378575270974799e+00,
       3.0721671099641670e+00, 1.5816246352331103e+00,
       1.6161382630613503e+00, 1.4462681545250469e+00,
       3.2238907012751103e+00, 1.6719561513615850e+00,
       2.2111623003086684e+00, 1.8929742497325286e+00,
       1.4952816109584859e+00, 4.8936015538532329e-01,
       2.7341392231308781e+00, 1.5392450752858373e+00,
       1.9047575284078297e+00, 1.2290315443461552e+00,
       3.9196058395567128e+00, 1.4882280968685526e+00,
       1.9386980872540871e+00, 1.7014686987065419e+00 ]
intactSigma:
   - !!opencv-matrix
      rows: 10
      cols: 10
      dt: d
      data: [ 2.4627199003990316e-01, 1.5369356428983472e-01,
          -9.3809831012935871e-03, 2.8178558549566010e-02,
          -3.4611022297647565e-02, 1.9618984627911458e-03,
          -1.7118417418514369e-02, -3.9205183165638528e-03,
          2.2559527120267715e-02, 5.0436036206198010e-03,
          1.5369356428983474e-01, 5.1713566518721676e-01,
          -9.8794143463625791e-02, 9.7271685846675157e-02,
          1.2170052984964889e-01, 1.5614842868080195e-03,
          4.4246443341549271e-02, 2.2877321757961352e-02,
          2.6769189307268425e-02, 3.1214078546236760e-02,
          -9.3809831012935854e-03, -9.8794143463625791e-02,
          7.5453004647505956e-02, -1.9093235266663362e-02,
          -3.8626704457691577e-02, 1.0023914299102163e-04,
          -1.7921204737560512e-02, -6.6293075814143430e-03,
          -5.7246480577132939e-03, -7.1161192168617870e-03,
          2.8178558549566003e-02, 9.7271685846675143e-02,
          -1.9093235266663362e-02, 3.4804669338769134e-02,
          2.6300193914849775e-02, -1.1494773370288099e-03,
          9.2770739522691093e-03, 5.9829047449331298e-03,
          -6.3340921470761945e-04, 5.8804775213356615e-03,
          -3.4611022297647565e-02, 1.2170052984964892e-01,
          -3.8626704457691577e-02, 2.6300193914849772e-02,
          2.2685152482309551e-01, -3.3920944288864783e-04,
          3.8713532665526879e-02, 1.8553059151141239e-02,
          -1.3458673052162576e-03, 1.3145812342556868e-02,
          1.9618984627911462e-03, 1.5614842868080217e-03,
          1.0023914299102157e-04, -1.1494773370288099e-03,
          -3.3920944288864762e-04, 1.2846458256889109e-02,
          -8.2900963552578542e-05, -5.4014125275269149e-03,
          -8.8211997623153428e-03, 3.0462972561072163e-04,
          -1.7118417418514369e-02, 4.4246443341549271e-02,
          -1.7921204737560512e-02, 9.2770739522691076e-03,
          3.8713532665526879e-02, -8.2900963552578542e-05,
          3.3730492957429477e-02, 5.5290974827925101e-03,
          -1.0998273877910240e-03, 2.5965119986119120e-03,
          -3.9205183165638528e-03, 2.2877321757961352e-02,
          -6.6293075814143404e-03, 5.9829047449331324e-03,
          1.8553059151141246e-02, -5.4014125275269158e-03,
          5.5290974827925101e-03, 9.6468170970201536e-02,
          3.8430455535169196e-03, 1.7987826034310229e-03,
          2.2559527120267712e-02, 2.6769189307268418e-02,
          -5.7246480577132939e-03, -6.3340921470761956e-04,
          -1.3458673052162587e-03, -8.8211997623153428e-03,
          -1.0998273877910242e-03, 3.8430455535169196e-03,
          1.0262805982394646e-01, 3.3560121391591488e-03,
          5.0436036206198010e-03, 3.1214078546236760e-02,
          -7.1161192168617870e-03, 5.8804775213356615e-03,
          1.3145812342556868e-02, 3.0462972561072152e-04,
          2.5965119986119120e-03, 1.7987826034310229e-03,
          3.3560121391591488e-03, 1.3281173980453049e-02 ]
   - !!opencv-matrix
      rows: 10
      cols: 10
      dt: d
      data: [ 2.8925436135229889e-02, 2.6256015482545260e-03,
          -2.9067468904125978e-03, 2.5626431449803301e-03,
          6.5341173105384724e-04, -1.9339559184670547e-04,
          1.8085526105028591e-03, 7.4225198730634611e-05,
          2.2426093205116736e-03, -3.4633470514735680e-04,
          2.6256015482545264e-03, 4.0690666868960839e-03,
          -1.0207100237021073e-03, 2.3456994333631350e-03,
          2.4084728135409946e-03, -1.1464781238375571e-04,
          2.4347101608423460e-03, 1.5091400832409139e-03,
          -3.1558090204862515e-03, 7.7860255025224727e-03,
          -2.9067468904125978e-03, -1.0207100237021073e-03,
          9.9048102336351477e-03, -2.9788270313602967e-04,
          -1.8112896764950707e-03, 1.5801516111767745e-04,
          -1.6143515525875397e-03, -9.5500872089708826e-04,
          -4.1821284335416358e-04, 2.6175600552083095e-04,
          2.5626431449803293e-03, 2.3456994333631350e-03,
          -2.9788270313602978e-04, 2.8989211251452849e-02,
          2.9448792184024399e-03, -2.3190653029205787e-03,
          2.0352537970401482e-03, 5.2728451745038653e-03,
          -5.0540687111491640e-03, 3.4373756871663480e-03,
          6.5341173105384692e-04, 2.4084728135409946e-03,
          -1.8112896764950707e-03, 2.9448792184024412e-03,
          1.8953937884571934e-01, -3.3883772777393394e-05,
          1.9302156891504048e-03, -5.4092489695181821e-03,
          -4.8217649730853129e-03, 8.1962178907349324e-03,
          -1.9339559184670564e-04, -1.1464781238375586e-04,
          1.5801516111767751e-04, -2.3190653029205783e-03,
          -3.3883772777393279e-05, 1.6455946246647726e-02,
          -1.6558262412538557e-04, -9.0968114250059660e-03,
          -7.5818655046858132e-03, -4.0268504874624170e-04,
          1.8085526105028591e-03, 2.4347101608423456e-03,
          -1.6143515525875397e-03, 2.0352537970401477e-03,
          1.9302156891504052e-03, -1.6558262412538557e-04,
          7.0123419742100790e-03, 1.2248298596495516e-03,
          -2.3913528327221493e-03, 3.2600247040459373e-03,
          7.4225198730634869e-05, 1.5091400832409146e-03,
          -9.5500872089708815e-04, 5.2728451745038653e-03,
          -5.4092489695181855e-03, -9.0968114250059660e-03,
          1.2248298596495512e-03, 1.4829124187684017e-01,
          4.4588377317710502e-03, 5.5511077508040392e-03,
          2.2426093205116719e-03, -3.1558090204862502e-03,
          -4.1821284335416325e-04, -5.0540687111491640e-03,
          -4.8217649730853112e-03, -7.5818655046858132e-03,
          -2.3913528327221497e-03, 4.4588377317710511e-03,
          1.7498362649730809e-01, -2.2766085609592066e-02,
          -3.4633470514735696e-04, 7.7860255025224727e-03,
          2.6175600552083095e-04, 3.4373756871663467e-03,
          8.1962178907349307e-03, -4.0268504874624175e-04,
          3.2600247040459373e-03, 5.5511077508040392e-03,
          -2.2766085609592066e-02, 1.1309676285081088e-01 ]
   - !!opencv-matrix
      rows: 10
