%YAML:1.0
---
groups:
   - intact
   - CD19
   - blast
intactGmmnames:
   - "intact.2016-3165.0"
   - "intact.2016-3165.1"
   - "intact.2016-3165.2"
   - "intact.2016-3165.3"
   - "intact.2016-3165.4"
intactLabels:
   - FSC-A
   - SSC-A
   - SY41
   - CD19
   - CD10
   - CD20
   - CD45
   - CD34
   - CD38
   - CD58
intactMu: !!opencv-matrix
   rows: 5
   cols: 10
   dt: d
   data: [ 2.2380652979214113e+00, 7.7187454454899962e-01,
       3.5339733270441580e+00, 1.3506478136926270e+00,
       1.4428434343112784e+00, 1.1136113091464590e+00,
       2.0417550654860777e+00, 1.4555399445980755e+00,
       1.4030756592430005e+00, 2.2918064972540639e+00,
       2.2011158970729254e+00, 5.7966576446384654e-01,
       3.5756008390521989e+00, 1.5293071099987303e+00,
       1.1183562855106730e+00, 1.0124076304207501e+00,
       3.8498456384708124e+00, 1.6970540933695470e+00,
       2.0627514045856818e+00, 1.8398902622266742e+00,
       1.5478810224455128e+00, 4.3863244156569375e-01,
       3.8866037317560718e+00, 1.2372441390455340e+00,
       1.4463280082143000e+00, 1.0313442998956559e+00,
       1.8282319172347801e+00, 1.0875800208965196e+00,
       1.2018681378638503e+00, 2.5069053970021349e+00,
       3.1449041215603435e+00, 3.1025045212502498e+00,
       3.6250469855356822e+00, 1.8408266482356064e+00,
       1.4692940457813406e+00, 1.1273095067104464e+00,
       3.0004212668282544e+00, 1.4757792582811584e+00,
       1.7172428796408632e+00, 2.1179930036095773e+00,
       1.8784216074305096e+00, 3.1845836092319219e-01,
       3.8203340787993900e+00, 1.4253358168626074e+00,
       1.1044523259582431e+00, 9.9174869250030262e-01,
       3.7468162202180477e+00, 1.5677361748707923e+00,
       1.9636742885299934e+00, 9.4551352703968750e-01 ]
intactSigma:
   - !!opencv-matrix
      rows: 10
      cols: 10
      dt: d
      data: [ 6.1193953496163322e-01, 7.9211006312852938e-02,
          8.6039016348271893e-02, 1.8039858133309172e-02,
          5.0104669354117282e-02, -1.9406259857750803e-02,
          8.4078812744181095e-02, 4.7491809112462065e-03,
          5.5754609625871490e-02, 1.4699725303981553e-01,
          7.9211006312852938e-02, 9.7204348500056229e-02,
          1.6475453905009787e-02, 1.8218575913288619e-02,
          -1.0122175992552754e-02, 4.2869325109912764e-03,
          4.1495761702793940e-02, 1.9968742169470019e-02,
          2.3187571387912817e-02, 4.4286451322472310e-02,
          8.6039016348271879e-02, 1.6475453905009783e-02,
          3.7770180663051894e-01, 6.0973595026130277e-03,
          1.2880631012383609e-01, -4.1140083778984772e-04,
          2.1244067873318451e-02, -9.5437548675161257e-02,
          3.0723157157783135e-02, 1.4876617994496544e-01,
          1.8039858133309168e-02, 1.8218575913288619e-02,
          6.0973595026130242e-03, 2.1685810552384728e-02,
          2.6042171095748513e-02, 1.7176212360090247e-03,
          1.6817287129635605e-02, 2.1307871260425312e-02,
          6.1829499314140389e-03, 1.4232905224798234e-02,
          5.0104669354117268e-02, -1.0122175992552752e-02,
          1.2880631012383606e-01, 2.6042171095748513e-02,
          3.7608862898301437e-01, 1.7267110468702308e-02,
          3.4064267860399740e-02, 4.5328384374910803e-02,
          3.9630416229152532e-02, 8.9528486744442554e-02,
          -1.9406259857750807e-02, 4.2869325109912782e-03,
          -4.1140083778984826e-04, 1.7176212360090247e-03,
          1.7267110468702315e-02, 9.3432514305424694e-02,
          5.7050669519271308e-03, 2.1882589271346262e-02,
          -1.1997679308830438e-02, -6.8880892716687821e-03,
          8.4078812744181067e-02, 4.1495761702793940e-02,
          2.1244067873318444e-02, 1.6817287129635605e-02,
          3.4064267860399754e-02, 5.7050669519271308e-03,
          2.5235892164854057e-01, 9.3337162477417024e-02,
          7.8265888577861514e-02, 1.0279617334517448e-01,
          4.7491809112462030e-03, 1.9968742169470019e-02,
          -9.5437548675161243e-02, 2.1307871260425309e-02,
          4.5328384374910803e-02, 2.1882589271346262e-02,
          9.3337162477417024e-02, 2.7172765309420749e-01,
          4.9373371625551978e-02, 4.7237841832967519e-03,
          5.5754609625871490e-02, 2.3187571387912817e-02,
          3.0723157157783128e-02, 6.1829499314140380e-03,
          3.9630416229152532e-02, -1.1997679308830438e-02,
          7.8265888577861514e-02, 4.9373371625551978e-02,
          1.1870175652046767e-01, 5.8308593837416600e-02,
          1.4699725303981553e-01, 4.4286451322472310e-02,
          1.4876617994496544e-01, 1.4232905224798234e-02,
          8.9528486744442554e-02, -6.8880892716687821e-03,
          1.0279617334517448e-01, 4.7237841832967536e-03,
          5.8308593837416586e-02, 1.9380421133276751e-01 ]
   - !!opencv-matrix
      rows: 10
      cols: 10
      dt: d
      data: [ 1.4621447667093046e-01, 1.1514041254624904e-02,
          -1.5705992756276328e-02, 4.1570948406972116e-03,
          6.9983775521726224e-04, -1.6046421761241681e-03,
          3.2055132533130295e-03, 8.2001468000290189e-03,
          1.2418061599355931e-02, 6.9404912510230158e-03,
          1.1514041254624904e-02, 1.9280457690071254e-02,
          -9.3965889933420362e-03, 5.9802660024735558e-03,
          1.2047092508303632e-03, 5.8692368137463623e-04,
          3.3417023789462318e-03, 6.9420365729609412e-03,
          3.6531271072412448e-02, 1.2784823626636044e-02,
          -1.5705992756276328e-02, -9.3965889933420380e-03,
          6.2518263993672177e-02, -4.8268400393643102e-03,
          -1.2828424321578214e-04, -5.9464691676986267e-05,
          -4.9719621358648271e-03, -3.8929728889173514e-03,
          -3.6513735830995729e-02, -1.1227995196741379e-02,
          4.1570948406972133e-03, 5.9802660024735567e-03,
          -4.8268400393643102e-03, 3.1214033118984678e-02,
          1.6985880140442267e-03, -5.5591680432365695e-03,
          4.8363238331615961e-03, 8.8274003550697557e-03,
          -4.1089635915641434e-03, 6.1892158934403795e-03,
          6.9983775521726354e-04, 1.2047092508303628e-03,
          -1.2828424321578298e-04, 1.6985880140442274e-03,
          1.1134438033090795e-01, 7.1937461775783659e-04,
          6.1532432408343077e-04, -6.1293645364959093e-03,
          -2.4221624923670684e-03, 3.3556458938066940e-03,
          -1.6046421761241685e-03, 5.8692368137463601e-04,
          -5.9464691676986586e-05, -5.5591680432365695e-03,
          7.1937461775783583e-04, 1.2280937210732400e-01,
          -2.5750954623329670e-03, -1.5773781874270167e-02,
          -1.0686213187679414e-03, -3.1488314968348093e-03,
          3.2055132533130295e-03, 3.3417023789462318e-03,
          -4.9719621358648262e-03, 4.8363238331615970e-03,
          6.1532432408343022e-04, -2.5750954623329670e-03,
          1.1813858855541169e-02, 7.1590413383612805e-03,
          -1.5800808528602418e-02, 9.1488574770382525e-03,
          8.2001468000290154e-03, 6.9420365729609412e-03,
          -3.8929728889173501e-03, 8.8274003550697557e-03,
          -6.1293645364959093e-03, -1.5773781874270164e-02,
          7.1590413383612796e-03, 1.9602558308630849e-01,
          9.7305633030709063e-03, 1.2163490088997165e-02,
          1.2418061599355924e-02, 3.6531271072412441e-02,
          -3.6513735830995736e-02, -4.1089635915641425e-03,
          -2.4221624923670714e-03, -1.0686213187679424e-03,
          -1.5800808528602418e-02, 9.7305633030709097e-03,
          4.3092624995783807e-01, -5.6554001516697320e-03,
          6.9404912510230149e-03, 1.2784823626636044e-02,
          -1.1227995196741379e-02, 6.1892158934403812e-03,
          3.3556458938066927e-03, -3.1488314968348080e-03,
          9.1488574770382542e-03, 1.2163490088997161e-02,
          -5.6554001516697337e-03, 9.7260469788471138e-02 ]
   - !!opencv-matrix
      rows: 10
      cols: 10
      dt: d
