%YAML:1.0
---
groups:
   - intact
   - CD19
   - blast
intactGmmnames:
   - "intact.2016-0557.0"
   - "intact.2016-0557.1"
   - "intact.2016-0557.2"
   - "intact.2016-0557.3"
   - "intact.2016-0557.4"
intactLabels:
   - FSC-A
   - SSC-A
   - SY41
   - CD19
   - CD10
   - CD20
   - CD45
   - CD34
   - CD38
   - CD58
intactMu: !!opencv-matrix
   rows: 5
   cols: 10
   dt: d
   data: [ 1.6688721255834058e+00, 5.6589636897290829e-01,
       3.0395466377283626e+00, 1.4461378318999862e+00,
       1.1041886654132143e+00, 9.3190922706370860e-01,
       3.8262032441389455e+00, 1.9756214628356552e+00,
       1.6983584834124021e+00, 1.7649658935886301e+00,
       1.2754125507136216e+00, 5.0263782347975339e-01,
       3.1586008345928716e+00, 1.2770533542363127e+00,
       1.3009821299448110e+00, 1.0303210398872469e+00,
       1.5558100119970777e+00, 1.3084144796588089e+00,
       1.3340232609488645e+00, 2.2774996232063742e+00,
       1.0469889155574996e+00, 2.6246771613709491e-01,
       3.7651086329614158e+00, 1.3123785041951002e+00,
       1.0830775898561513e+00, 9.6472031137455239e-01,
       3.6063663166715525e+00, 1.6556896061088555e+00,
       1.5502980680965819e+00, 9.8147802361496528e-01,
       2.4295816034372937e+00, 2.2033629943440540e+00,
       3.3176959767348637e+00, 1.7229570117812643e+00,
       2.1212562418385370e+00, 1.1352411777477944e+00,
       3.2146839980812829e+00, 2.2338489798481778e+00,
       1.6587397791963598e+00, 2.0103830276531927e+00,
       1.1996764170410406e+00, 3.5536352102199514e-01,
       3.6588944420859417e+00, 1.3515733513488613e+00,
       1.0995317424247193e+00, 9.6286910597013986e-01,
       3.6509321853434749e+00, 1.9455470350750277e+00,
       1.5250844103892780e+00, 1.2807741124637155e+00 ]
intactSigma:
   - !!opencv-matrix
      rows: 10
      cols: 10
      dt: d
      data: [ 9.2767568808167319e-02, 6.8800850748630717e-03,
          -1.6138685863329130e-02, 1.4128491895994059e-03,
          -5.1614694240238214e-04, -1.9175688062632969e-03,
          6.0698675916945972e-04, 1.2208114066308486e-02,
          -6.5248972138455709e-05, 2.4908494660831576e-03,
          6.8800850748630717e-03, 1.8501671320940005e-02,
          -1.2927381150031251e-02, 4.3928291759390203e-03,
          1.9901398224304603e-03, -1.3323514108349089e-03,
          2.6526818316196105e-03, 1.1219483786974587e-02,
          1.8635839297389174e-02, 1.6039676143976042e-02,
          -1.6138685863329134e-02, -1.2927381150031251e-02,
          2.4484737303043391e-01, -5.4318731101782288e-03,
          1.8188528368813326e-03, 3.0439150908658972e-03,
          -5.0852305430412218e-03, -1.9068038154915017e-02,
          -2.3197925684891384e-02, -5.4833526797774413e-03,
          1.4128491895994066e-03, 4.3928291759390212e-03,
          -5.4318731101782270e-03, 3.5756724317389292e-02,
          1.4127883460790542e-03, -3.8605204803072611e-03,
          2.8510054771397585e-03, 1.1185963096894782e-02,
          -1.1016197744424031e-03, 5.5383319977099603e-03,
          -5.1614694240238127e-04, 1.9901398224304598e-03,
          1.8188528368813339e-03, 1.4127883460790542e-03,
          8.3141067342002967e-02, 1.1293768654879494e-03,
          -1.6314359878468794e-04, -4.1000810980436290e-03,
          -2.1799193400381910e-05, 4.0270360901616909e-03,
          -1.9175688062632961e-03, -1.3323514108349083e-03,
          3.0439150908658972e-03, -3.8605204803072615e-03,
          1.1293768654879503e-03, 7.8853241540376207e-02,
          -1.7563361428887634e-03, -1.7784981784836604e-02,
          -2.8532804883010295e-02, -1.1204397827371832e-03,
          6.0698675916945994e-04, 2.6526818316196105e-03,
          -5.0852305430412227e-03, 2.8510054771397585e-03,
          -1.6314359878468802e-04, -1.7563361428887634e-03,
          1.0406192235217111e-02, 1.3604056695556305e-02,
          -1.0200863100331033e-03, 5.7188375825714139e-03,
          1.2208114066308486e-02, 1.1219483786974582e-02,
          -1.9068038154915017e-02, 1.1185963096894781e-02,
          -4.1000810980436290e-03, -1.7784981784836604e-02,
          1.3604056695556309e-02, 1.7207557827481906e-01,
          1.2607814484891939e-02, 1.7112810101773589e-02,
          -6.5248972138454544e-05, 1.8635839297389174e-02,
          -2.3197925684891391e-02, -1.1016197744424052e-03,
          -2.1799193400381243e-05, -2.8532804883010292e-02,
          -1.0200863100331039e-03, 1.2607814484891939e-02,
          2.5825308128045199e-01, 6.0659831801687268e-03,
          2.4908494660831576e-03, 1.6039676143976042e-02,
          -5.4833526797774413e-03, 5.5383319977099620e-03,
          4.0270360901616909e-03, -1.1204397827371826e-03,
          5.7188375825714139e-03, 1.7112810101773589e-02,
          6.0659831801687242e-03, 8.8552010497359390e-02 ]
   - !!opencv-matrix
      rows: 10
      cols: 10
      dt: d
      data: [ 1.8249103600158603e-01, 5.1753053582668913e-02,
          -1.2013238971453637e-02, 1.1189413976071061e-02,
          8.4136792839686128e-03, 5.0421722812267599e-03,
          4.7424668863978829e-02, 5.9537249446197323e-02,
          2.4606645259388556e-02, 1.9609545451209482e-02,
          5.1753053582668893e-02, 3.4651586817831634e-02,
          1.2653609620884090e-02, 7.2767039392612892e-03,
          1.0294369239216282e-02, 3.0398948115485844e-03,
          2.5463760101103575e-02, 1.7926944851539357e-02,
          1.8092545807761776e-02, 2.4111538717415910e-02,
          -1.2013238971453637e-02, 1.2653609620884085e-02,
          4.0563590003649358e-01, -1.4350933905923947e-03,
          3.0080412433690713e-02, -7.7282054995730567e-03,
          -7.9033469575126875e-03, -1.2651543654459488e-01,
          3.9164009267024381e-02, 7.7520520432459258e-02,
          1.1189413976071060e-02, 7.2767039392612892e-03,
          -1.4350933905923954e-03, 1.0225684083527396e-02,
          3.4619290897488879e-03, -9.6939633783927725e-04,
          3.3648649697422214e-03, 5.7157924682945897e-03,
          1.9196275627057966e-03, 4.9443764806771226e-03,
          8.4136792839686128e-03, 1.0294369239216280e-02,
          3.0080412433690702e-02, 3.4619290897488879e-03,
          1.2276015171555470e-01, 1.6771387700189989e-04,
          -2.0610492437986006e-02, -2.8007162850331366e-02,
          2.5455327080315046e-02, 3.0966539457102329e-02,
          5.0421722812267616e-03, 3.0398948115485857e-03,
          -7.7282054995730549e-03, -9.6939633783927703e-04,
          1.6771387700189913e-04, 4.7349994034880639e-02,
          3.8875942053816386e-03, 4.5010107898081804e-03,
          -1.1494714474182511e-02, -2.0948294124440866e-03,
          4.7424668863978829e-02, 2.5463760101103575e-02,
          -7.9033469575126841e-03, 3.3648649697422214e-03,
          -2.0610492437986003e-02, 3.8875942053816391e-03,
          2.2294133732845509e-01, 4.2493168757326387e-02,
          5.2982223262742233e-02, 1.1376938543085906e-02,
          5.9537249446197309e-02, 1.7926944851539353e-02,
          -1.2651543654459485e-01, 5.7157924682945879e-03,
          -2.8007162850331366e-02, 4.5010107898081804e-03,
          4.2493168757326394e-02, 2.8658778907443500e-01,
          -1.9737823552764926e-02, -6.6314742028374604e-02,
          2.4606645259388563e-02, 1.8092545807761776e-02,
          3.9164009267024388e-02, 1.9196275627057972e-03,
          2.5455327080315046e-02, -1.1494714474182511e-02,
          5.2982223262742226e-02, -1.9737823552764926e-02,
          9.6671127203895785e-02, 3.8038624398983499e-02,
          1.9609545451209482e-02, 2.4111538717415910e-02,
          7.7520520432459245e-02, 4.9443764806771217e-03,
          3.0966539457102329e-02, -2.0948294124440848e-03,
          1.1376938543085902e-02, -6.6314742028374604e-02,
          3.8038624398983492e-02, 1.0123699537744768e-01 ]
   - !!opencv-matrix
      rows: 10
      cols: 10
      dt: d
