%YAML:1.0
---
groups:
   - intact
   - CD19
   - blast
intactGmmnames:
   - "intact.2016-3986.0"
   - "intact.2016-3986.1"
   - "intact.2016-3986.2"
   - "intact.2016-3986.3"
   - "intact.2016-3986.4"
intactLabels:
   - FSC-A
   - SSC-A
   - SY41
   - CD19
   - CD10
   - CD20
   - CD45
   - CD34
   - CD38
   - CD58
intactMu: !!opencv-matrix
   rows: 5
   cols: 10
   dt: d
   data: [ 1.3404297560104952e+00, 3.2322794520042331e-01,
       2.7551643763650793e+00, 1.4978676717250632e+00,
       1.0826115811546222e+00, 1.1419200664020277e+00,
       3.7512891619949280e+00, 1.5605256678880368e+00,
       1.8112177407335548e+00, 1.0477534204891608e+00,
       2.7732317743171753e+00, 3.4721804798405880e+00,
       2.6779164196258916e+00, 1.9412514033090900e+00,
       1.9730911960289990e+00, 1.2079375852794676e+00,
       3.1267056956410828e+00, 1.6155043242205638e+00,
       1.7124833535428439e+00, 2.2756246181172655e+00,
       1.1316716451339135e+00, 5.7024930684798603e-01,
       2.8448496733735831e+00, 1.3069895876172180e+00,
       1.4047363697768023e+00, 1.2470542823673749e+00,
       1.8920810187550288e+00, 1.4062905285186513e+00,
       1.4829659606808139e+00, 2.3629114744184898e+00,
       2.1768644938460393e+00, 2.4027370198452487e+00,
       2.4163596721479368e+00, 1.8277106551269804e+00,
       1.5036838720789139e+00, 1.3579937490944309e+00,
       2.6912013670158825e+00, 1.6268245948841351e+00,
       1.7727236519174387e+00, 1.7243973630228042e+00,
       1.5128260062604433e+00, 5.2330293780322157e-01,
       2.5724944712753737e+00, 1.5995322889236250e+00,
       1.1199138835451405e+00, 1.1790217104999159e+00,
       3.8420657108209562e+00, 1.7112914686114249e+00,
       2.0261721879321541e+00, 1.5873108442730530e+00 ]
intactSigma:
   - !!opencv-matrix
      rows: 10
      cols: 10
      dt: d
      data: [ 7.8734825431624564e-02, 1.0965482774268051e-02,
          -4.1125633317231729e-02, 7.3937259484804455e-03,
          2.1843828696759267e-03, -1.6467498840926386e-03,
          9.0829185919849443e-03, 7.6977853443275183e-03,
          -7.4356786419850105e-03, 4.3830372932091334e-03,
          1.0965482774268051e-02, 9.2593427519752775e-03,
          -8.3182456129709259e-03, 3.9229569232601480e-03,
          3.0874595165633800e-03, -4.1003926188817684e-04,
          3.4787969036820855e-03, 4.6362424217829407e-03,
          -5.0786477808178994e-03, 2.7088746933154138e-02,
          -4.1125633317231729e-02, -8.3182456129709276e-03,
          6.8682562494735575e-02, -6.0636103071712291e-03,
          -1.5975822513957510e-03, 1.6979215177871812e-03,
          -8.5240983037384935e-03, -6.4547182440806037e-03,
          4.8293034424104504e-03, -4.6994913688456364e-03,
          7.3937259484804438e-03, 3.9229569232601472e-03,
          -6.0636103071712291e-03, 3.5595269928932811e-02,
          9.7802579822339752e-04, -3.5255810175544165e-03,
          2.9400391197484869e-03, 7.1850379340416843e-03,
          -5.5496449983849141e-03, 7.7177650399572802e-03,
          2.1843828696759262e-03, 3.0874595165633800e-03,
          -1.5975822513957501e-03, 9.7802579822339752e-04,
          6.1838527698575632e-02, 3.6474046515786764e-04,
          6.8159332030656998e-04, -2.8238556138119666e-03,
          -2.2210416425565817e-03, 1.3664496415162904e-02,
          -1.6467498840926386e-03, -4.1003926188817679e-04,
          1.6979215177871829e-03, -3.5255810175544161e-03,
          3.6474046515786731e-04, 3.1795050746355850e-02,
          -5.0121993771035653e-04, -1.2593179417863970e-02,
          -9.1085509517601273e-03, -6.3528300980463296e-04,
          9.0829185919849443e-03, 3.4787969036820855e-03,
          -8.5240983037384917e-03, 2.9400391197484869e-03,
          6.8159332030657031e-04, -5.0121993771035675e-04,
          6.4551172029363143e-03, 2.3513852884491991e-03,
          -2.2313159309151702e-03, 4.1899211401353938e-03,
          7.6977853443275165e-03, 4.6362424217829407e-03,
          -6.4547182440806011e-03, 7.1850379340416817e-03,
          -2.8238556138119679e-03, -1.2593179417863974e-02,
          2.3513852884492000e-03, 1.8518663892090598e-01,
          2.0981120912378212e-03, 1.0113061176796079e-02,
          -7.4356786419850097e-03, -5.0786477808179020e-03,
          4.8293034424104512e-03, -5.5496449983849141e-03,
          -2.2210416425565821e-03, -9.1085509517601290e-03,
          -2.2313159309151698e-03, 2.0981120912378225e-03,
          7.6162307436086679e-02, -1.3189359845590505e-02,
          4.3830372932091334e-03, 2.7088746933154141e-02,
          -4.6994913688456355e-03, 7.7177650399572802e-03,
          1.3664496415162904e-02, -6.3528300980463318e-04,
          4.1899211401353938e-03, 1.0113061176796081e-02,
          -1.3189359845590500e-02, 1.9033424323916656e-01 ]
   - !!opencv-matrix
      rows: 10
      cols: 10
      dt: d
      data: [ 2.2913489912851023e-01, 9.2310199894046693e-02,
          -2.4737624391051698e-02, 1.4355127015706506e-02,
          -3.7474005085782879e-02, 1.5135728191906250e-03,
          -1.9072496455057798e-02, -1.2905018002474447e-02,
          9.3584973262110637e-03, 1.4298329574353426e-03,
          9.2310199894046679e-02, 2.9710392196415991e-01,
          -4.7651377061804001e-02, 5.3021687407440114e-02,
          3.3833637135807657e-02, 2.8168106501142193e-03,
          1.3039294522052214e-02, 2.4182764598676430e-02,
          1.7573636374109650e-02, 1.9218738506238599e-02,
          -2.4737624391051701e-02, -4.7651377061804001e-02,
          1.1653815799917708e-01, -8.3612322685152392e-03,
          -5.8778701177082506e-03, 1.0337132277836623e-03,
          -1.9317307793634069e-03, 6.1900625617737374e-03,
          -4.8051849608960933e-03, -3.0026349812453902e-03,
          1.4355127015706504e-02, 5.3021687407440114e-02,
          -8.3612322685152392e-03, 2.6411596527806135e-02,
          9.9882982891385738e-03, -1.6054601155287463e-03,
          4.4828697185341241e-03, 7.3354143100500648e-03,
          -1.7380454085470120e-04, 3.2317809905093847e-03,
          -3.7474005085782872e-02, 3.3833637135807650e-02,
          -5.8778701177082488e-03, 9.9882982891385773e-03,
          1.7138898347359255e-01, 2.5794736128306972e-04,
          2.4094467108279595e-02, 2.6917726836207075e-02,
          -5.4441484449011207e-04, 7.9477029025406664e-03,
          1.5135728191906254e-03, 2.8168106501142184e-03,
          1.0337132277836618e-03, -1.6054601155287463e-03,
          2.5794736128306934e-04, 3.1882606384213329e-02,
          -2.8167912864566038e-04, -5.5679500194407237e-03,
          -7.4839694619724074e-03, 5.6502048152943011e-04,
          -1.9072496455057795e-02, 1.3039294522052219e-02,
          -1.9317307793634069e-03, 4.4828697185341259e-03,
          2.4094467108279595e-02, -2.8167912864566016e-04,
          2.4083342202919113e-02, 1.2023149819446056e-02,
          -4.5852926225140966e-04, 2.0984202369468906e-03,
          -1.2905018002474448e-02, 2.4182764598676430e-02,
          6.1900625617737374e-03, 7.3354143100500657e-03,
          2.6917726836207072e-02, -5.5679500194407237e-03,
          1.2023149819446056e-02, 1.4591227635164325e-01,
          3.8708375164032771e-03, 1.0300627113746163e-02,
          9.3584973262110637e-03, 1.7573636374109646e-02,
          -4.8051849608960915e-03, -1.7380454085470125e-04,
          -5.4441484449011251e-04, -7.4839694619724074e-03,
          -4.5852926225140977e-04, 3.8708375164032780e-03,
          3.1838706792280048e-02, 2.7870459114568021e-03,
          1.4298329574353433e-03, 1.9218738506238595e-02,
          -3.0026349812453893e-03, 3.2317809905093847e-03,
          7.9477029025406699e-03, 5.6502048152942989e-04,
          2.0984202369468906e-03, 1.0300627113746165e-02,
          2.7870459114568012e-03, 1.8738126773068676e-02 ]
   - !!opencv-matrix
      rows: 10
      cols: 10
