%YAML:1.0
---
groups:
   - intact
   - CD19
   - blast
intactGmmnames:
   - "intact.2016-3698.0"
   - "intact.2016-3698.1"
   - "intact.2016-3698.2"
   - "intact.2016-3698.3"
   - "intact.2016-3698.4"
intactLabels:
   - FSC-A
   - SSC-A
   - SY41
   - CD19
   - CD10
   - CD20
   - CD45
   - CD34
   - CD38
   - CD58
intactMu: !!opencv-matrix
   rows: 5
   cols: 10
   dt: d
   data: [ 2.8523129376739029e+00, 3.5157540612937108e+00,
       3.2665656170207544e+00, 1.8625928673896981e+00,
       1.6167181257613201e+00, 1.1484900788921784e+00,
       2.8544798147544239e+00, 1.3110760037256064e+00,
       1.6888543740062079e+00, 2.2613402322278775e+00,
       1.6735640031247720e+00, 4.2557796376183310e-01,
       3.2676605713908611e+00, 1.5013324829074888e+00,
       1.0893279323748375e+00, 1.0880735911286679e+00,
       3.8117880425348374e+00, 1.5884024159055725e+00,
       1.8826848162586791e+00, 1.2766864188268199e+00,
       1.8670971751149372e+00, 6.7101054874443811e-01,
       3.0258134515721147e+00, 1.6169146508006069e+00,
       1.1007947407356167e+00, 1.1178829264666492e+00,
       3.8873055739486695e+00, 1.7553630664615365e+00,
       2.0377241886491575e+00, 1.7398138000700367e+00,
       1.5645634568805771e+00, 2.9605515606911725e-01,
       3.3879787271094015e+00, 1.4237289615437079e+00,
       1.0727508959809942e+00, 1.0921296530201845e+00,
       3.7430818977557432e+00, 1.5224269958092902e+00,
       2.1022643859233288e+00, 6.8199539551556243e-01,
       2.0321924456233993e+00, 1.3741047667724953e+00,
       3.1108957363104808e+00, 1.5233941652371166e+00,
       1.2694501737142330e+00, 1.2486595414803909e+00,
       2.5823625471839087e+00, 1.5152923225214718e+00,
       1.7071594571590447e+00, 1.9930432329042986e+00 ]
intactSigma:
   - !!opencv-matrix
      rows: 10
      cols: 10
      dt: d
      data: [ 1.7427030692503517e-01, 8.1016489268243994e-02,
          -4.5797058835882615e-03, 1.4655012926686906e-02,
          -1.3683097680155664e-02, 2.6571330271502420e-03,
          -1.3665910363128277e-02, 3.4539855771213148e-03,
          6.4458382839628113e-03, 4.0951526912530664e-03,
          8.1016489268243994e-02, 2.8800220002498533e-01,
          -2.7058616286869348e-02, 5.1833596910134387e-02,
          1.9136802494607204e-02, 3.0902141819002466e-03,
          4.1473412577530434e-03, 1.1701714485191255e-02,
          2.0349857214643805e-02, 1.5605203476857820e-02,
          -4.5797058835882589e-03, -2.7058616286869348e-02,
          3.7787637865843250e-02, -5.4061797865792190e-03,
          -4.6041731587441528e-03, 6.8314143505007470e-04,
          -3.3775135941671005e-03, 1.8064147841009219e-03,
          -1.1599137086086872e-03, -2.2275842547156621e-03,
          1.4655012926686905e-02, 5.1833596910134394e-02,
          -5.4061797865792181e-03, 2.6877587387445310e-02,
          3.8837390743729906e-03, -1.3505275217380762e-03,
          9.6295114035363570e-04, 3.3689797402741634e-03,
          -1.8160684310245089e-03, 2.5402389208468538e-03,
          -1.3683097680155661e-02, 1.9136802494607197e-02,
          -4.6041731587441494e-03, 3.8837390743729906e-03,
          1.8057686281145946e-01, -5.1463992505851117e-05,
          1.3073604354374619e-02, -2.5808894572959297e-03,
          1.7667035416650411e-03, 3.1743445703648083e-03,
          2.6571330271502424e-03, 3.0902141819002448e-03,
          6.8314143505007491e-04, -1.3505275217380764e-03,
          -5.1463992505851226e-05, 3.7448182158421134e-02,
          -1.5961420786730370e-04, -2.3782904752196600e-03,
          -1.3444672755793131e-02, 2.9521692588920038e-04,
          -1.3665910363128277e-02, 4.1473412577530426e-03,
          -3.3775135941671009e-03, 9.6295114035363570e-04,
          1.3073604354374621e-02, -1.5961420786730327e-04,
          2.9797362745398973e-02, 2.9368308751326587e-03,
          -1.3359673888367549e-03, 9.2693959614041145e-04,
          3.4539855771213153e-03, 1.1701714485191261e-02,
          1.8064147841009223e-03, 3.3689797402741617e-03,
          -2.5808894572959306e-03, -2.3782904752196604e-03,
          2.9368308751326587e-03, 1.0149665387559482e-01,
          1.6368696076802590e-03, 2.9634389768114630e-03,
          6.4458382839628113e-03, 2.0349857214643805e-02,
          -1.1599137086086874e-03, -1.8160684310245096e-03,
          1.7667035416650419e-03, -1.3444672755793134e-02,
          -1.3359673888367546e-03, 1.6368696076802590e-03,
          6.8732925586582186e-02, 3.3748056789186134e-03,
          4.0951526912530681e-03, 1.5605203476857820e-02,
          -2.2275842547156612e-03, 2.5402389208468538e-03,
          3.1743445703648083e-03, 2.9521692588920060e-04,
          9.2693959614041188e-04, 2.9634389768114634e-03,
          3.3748056789186143e-03, 1.1618604891996533e-02 ]
   - !!opencv-matrix
      rows: 10
      cols: 10
      dt: d
      data: [ 8.0546674351046676e-02, 1.1647998494379084e-02,
          -2.4455953405634386e-02, 7.6024116759262480e-03,
          1.1644114657147337e-03, -1.2995233841767199e-03,
          6.9781091971644121e-03, 3.9739553224081995e-03,
          -1.3568426649597849e-02, -3.1451003315185761e-03,
          1.1647998494379084e-02, 1.1732157724319835e-02,
          -9.7562212765791127e-03, 6.6642127960461362e-03,
          1.5213807557802625e-03, -8.2543106665646741e-04,
          6.6398332276302475e-03, 4.7842595385697729e-03,
          -4.7161306638741247e-03, 1.4357793096575647e-02,
          -2.4455953405634379e-02, -9.7562212765791145e-03,
          4.0439275459430421e-02, -8.8050073442011677e-03,
          -7.9412200900453363e-04, 1.5634918502412725e-03,
          -1.0819831364043402e-02, -5.6928475538578572e-03,
          1.3713098259207761e-02, -5.3474949982527378e-03,
          7.6024116759262480e-03, 6.6642127960461362e-03,
          -8.8050073442011694e-03, 5.2355080916616059e-02,
          9.2405917129473856e-04, -4.9625104258901390e-03,
          7.0166402884183701e-03, 1.0455431449849248e-02,
          -1.0800632697149074e-02, 5.0738713598584163e-03,
          1.1644114657147328e-03, 1.5213807557802621e-03,
          -7.9412200900453363e-04, 9.2405917129473856e-04,
          7.9681298088409541e-02, 9.1886139917892969e-04,
          3.5301791925012666e-04, -3.4030962859180774e-03,
          -8.0969450669868932e-04, 6.2136170635724818e-03,
          -1.2995233841767205e-03, -8.2543106665646784e-04,
          1.5634918502412725e-03, -4.9625104258901390e-03,
          9.1886139917893002e-04, 4.6268654532200575e-02,
          -9.7617834438495281e-04, -1.0338076115788068e-02,
          -1.6948732480103441e-02, -2.1679188481349429e-03,
          6.9781091971644121e-03, 6.6398332276302475e-03,
          -1.0819831364043402e-02, 7.0166402884183701e-03,
          3.5301791925012617e-04, -9.7617834438495314e-04,
          1.1341141917068628e-02, 6.0228488167299206e-03,
          -4.6479710064246333e-03, 6.7032582537453408e-03,
          3.9739553224082012e-03, 4.7842595385697729e-03,
          -5.6928475538578580e-03, 1.0455431449849251e-02,
          -3.4030962859180778e-03, -1.0338076115788070e-02,
          6.0228488167299206e-03, 1.8307636546384751e-01,
          5.3725975213381270e-03, 3.5320084400182203e-03,
          -1.3568426649597849e-02, -4.7161306638741230e-03,
          1.3713098259207756e-02, -1.0800632697149074e-02,
          -8.0969450669868997e-04, -1.6948732480103441e-02,
          -4.6479710064246324e-03, 5.3725975213381287e-03,
          1.9831633002541924e-01, -2.1187163253256636e-02,
          -3.1451003315185787e-03, 1.4357793096575647e-02,
          -5.3474949982527378e-03, 5.0738713598584163e-03,
          6.2136170635724765e-03, -2.1679188481349429e-03,
          6.7032582537453408e-03, 3.5320084400182216e-03,
          -2.1187163253256636e-02, 1.5667378516592231e-01 ]
   - !!opencv-matrix
      rows: 10
      cols: 10
