%YAML:1.0
---
groups:
   - intact
   - CD19
   - blast
intactGmmnames:
   - "intact.2016-1698.0"
   - "intact.2016-1698.1"
   - "intact.2016-1698.2"
   - "intact.2016-1698.3"
   - "intact.2016-1698.4"
intactLabels:
   - FSC-A
   - SSC-A
   - SY41
   - CD19
   - CD10
   - CD20
   - CD45
   - CD34
   - CD38
   - CD58
intactMu: !!opencv-matrix
   rows: 5
   cols: 10
   dt: d
   data: [ 1.9563261507396208e+00, 1.2235450115340367e+00,
       2.5395132444408395e+00, 1.5062224833665701e+00,
       1.3494691499725526e+00, 1.2553292224229859e+00,
       2.6755011411958729e+00, 1.6932156971766656e+00,
       1.6148358811211343e+00, 1.8644177845969263e+00,
       9.5686080098694215e-01, 3.9651302484388673e-01,
       2.6930827449136170e+00, 1.1562149204030592e+00,
       1.5535501413674868e+00, 1.1375794869112110e+00,
       1.6487549404128583e+00, 1.0862071122442378e+00,
       1.2930948608860544e+00, 2.4272206030563979e+00,
       2.5261207294866845e+00, 3.1304935851082276e+00,
       2.6836287143663511e+00, 1.7666885854897287e+00,
       2.5680000499996192e+00, 1.1377698995271095e+00,
       3.1284642309289921e+00, 1.6525884543473697e+00,
       1.5066274672637849e+00, 2.2020149014204757e+00,
       1.1267812374139257e+00, 2.8305473321960262e-01,
       2.7047105970770939e+00, 1.1754222690593195e+00,
       1.0428287214879406e+00, 1.0993945355800054e+00,
       3.6213243897386302e+00, 1.7369553564805085e+00,
       1.5303236184056208e+00, 9.2923175914486844e-01,
       1.3316453275622879e+00, 4.8869450977617052e-01,
       2.4633626219641211e+00, 1.2677199459222275e+00,
       1.0762453495822197e+00, 1.0852915971430632e+00,
       3.7921119905232019e+00, 2.0048762653320371e+00,
       1.4060094743160532e+00, 1.6898049275306253e+00 ]
intactSigma:
   - !!opencv-matrix
      rows: 10
      cols: 10
      dt: d
      data: [ 7.1407680191658474e-01, 3.0709956778631731e-01,
          -4.6301750052470593e-02, 4.2649402832577232e-02,
          -3.4838199271878248e-03, -5.7769433352987141e-02,
          6.6658250692982743e-02, 7.0606204971494238e-02,
          3.7878973977506745e-02, 1.1286460807427279e-01,
          3.0709956778631731e-01, 7.1797320037946488e-01,
          -2.2674929672160511e-02, 1.0731551349567099e-01,
          1.1020357486843239e-01, -6.5258301488238787e-02,
          -1.7847401204379700e-02, -6.3397943076268726e-02,
          -2.5820795891132783e-03, -2.8701734840741815e-03,
          -4.6301750052470579e-02, -2.2674929672160518e-02,
          2.7547872179849164e-01, 1.8250805030430101e-02,
          5.6295345642263787e-02, -7.7580895559324261e-03,
          1.2424055831607295e-01, 2.1018604697038468e-02,
          1.2346488056282091e-01, 7.1502664490523907e-02,
          4.2649402832577232e-02, 1.0731551349567102e-01,
          1.8250805030430105e-02, 1.4145849312359668e-01,
          1.6680950173043448e-02, 5.8253300854994611e-02,
          9.6370289743762411e-02, 6.9313362085528782e-02,
          3.1066332835069911e-02, -1.1434454485463463e-02,
          -3.4838199271878265e-03, 1.1020357486843239e-01,
          5.6295345642263787e-02, 1.6680950173043451e-02,
          3.2445160791969013e-01, -9.6919984950543745e-03,
          -2.8196884267123398e-02, -3.9931576979078204e-02,
          5.1699985376271615e-02, 7.1931209078680239e-02,
          -5.7769433352987155e-02, -6.5258301488238774e-02,
          -7.7580895559324296e-03, 5.8253300854994611e-02,
          -9.6919984950543745e-03, 1.8021207232331754e-01,
          7.1156721498877140e-02, 2.5284380765757283e-02,
          -1.0754295570168264e-02, -3.9712358308628508e-02,
          6.6658250692982743e-02, -1.7847401204379706e-02,
          1.2424055831607295e-01, 9.6370289743762425e-02,
          -2.8196884267123384e-02, 7.1156721498877140e-02,
          7.6874701352895858e-01, 2.5581630672399835e-01,
          2.2514979944616192e-01, -2.7186048271242492e-03,
          7.0606204971494224e-02, -6.3397943076268740e-02,
          2.1018604697038475e-02, 6.9313362085528796e-02,
          -3.9931576979078204e-02, 2.5284380765757283e-02,
          2.5581630672399835e-01, 3.8033357260562922e-01,
          9.4043978156002364e-02, 4.8694802245426577e-02,
          3.7878973977506759e-02, -2.5820795891132817e-03,
          1.2346488056282091e-01, 3.1066332835069904e-02,
          5.1699985376271629e-02, -1.0754295570168257e-02,
          2.2514979944616192e-01, 9.4043978156002364e-02,
          3.6607238782939905e-01, 1.0065104333278349e-01,
          1.1286460807427279e-01, -2.8701734840741798e-03,
          7.1502664490523907e-02, -1.1434454485463463e-02,
          7.1931209078680239e-02, -3.9712358308628508e-02,
          -2.7186048271242509e-03, 4.8694802245426591e-02,
          1.0065104333278349e-01, 3.4820843412192609e-01 ]
   - !!opencv-matrix
      rows: 10
      cols: 10
      dt: d
      data: [ 5.8131428530522791e-02, 2.0951432676238078e-02,
          8.6235707110471366e-03, 6.7769928128350110e-03,
          1.7052180019752724e-02, 6.1203167148675712e-04,
          2.4487824743877465e-02, 7.0207707787036666e-03,
          1.9216272485557566e-02, 1.7781345385397999e-02,
          2.0951432676238078e-02, 1.6915084443582105e-02,
          7.4183031296214388e-03, 4.8267952252938479e-03,
          1.2508082714739079e-02, 4.2694443094420627e-04,
          1.8668742058961772e-02, 5.1362000568694758e-03,
          1.3849921406327570e-02, 1.2973973471290375e-02,
          8.6235707110471366e-03, 7.4183031296214388e-03,
          1.3251691696784906e-01, 2.6943470999774366e-03,
          1.0253764231414079e-02, 8.8757891484396532e-04,
          2.2661672409025235e-02, 6.9110418325932016e-03,
          1.7833818925682692e-02, 1.2261749199186210e-02,
          6.7769928128350110e-03, 4.8267952252938479e-03,
          2.6943470999774366e-03, 1.2391140109072074e-02,
          4.2113898027455526e-03, -1.7975106666747549e-03,
          3.2077325855855020e-03, 2.0797199383571713e-03,
          2.3423171626538609e-03, 3.8613141369741436e-03,
          1.7052180019752724e-02, 1.2508082714739075e-02,
          1.0253764231414081e-02, 4.2113898027455509e-03,
          2.3544289971580096e-01, 5.8348908495581156e-04,
          1.3448926428462973e-02, 1.4113046338174574e-02,
          3.3011648622349808e-02, 1.7238645783268627e-02,
          6.1203167148675712e-04, 4.2694443094420644e-04,
          8.8757891484396543e-04, -1.7975106666747549e-03,
          5.8348908495581178e-04, 1.8136116477924510e-02,
          1.1248131180231352e-03, -3.3494077523765421e-03,
          -6.4226120560657947e-03, 4.8252845790529764e-04,
          2.4487824743877472e-02, 1.8668742058961772e-02,
          2.2661672409025231e-02, 3.2077325855855011e-03,
          1.3448926428462968e-02, 1.1248131180231352e-03,
          1.7727625047952328e-01, 7.4769784511799029e-03,
          4.2527448370727722e-02, 2.5663732104998945e-02,
          7.0207707787036657e-03, 5.1362000568694766e-03,
          6.9110418325932050e-03, 2.0797199383571709e-03,
          1.4113046338174574e-02, -3.3494077523765434e-03,
          7.4769784511799046e-03, 1.1113676610193277e-01,
          1.0636735119071523e-02, 5.9254834080296904e-03,
          1.9216272485557566e-02, 1.3849921406327570e-02,
          1.7833818925682698e-02, 2.3423171626538600e-03,
          3.3011648622349801e-02, -6.4226120560657929e-03,
          4.2527448370727708e-02, 1.0636735119071523e-02,
          6.6308757020885747e-02, 1.5148229526423009e-02,
          1.7781345385397992e-02, 1.2973973471290369e-02,
          1.2261749199186212e-02, 3.8613141369741432e-03,
          1.7238645783268627e-02, 4.8252845790529785e-04,
          2.5663732104998956e-02, 5.9254834080296904e-03,
          1.5148229526423005e-02, 3.0379269279876369e-02 ]
   - !!opencv-matrix
      rows: 10
      cols: 10
      dt: d
