%YAML:1.0
---
groups:
   - intact
   - CD19
intactGmmnames:
   - "intact.2016-1736.0"
   - "intact.2016-1736.1"
   - "intact.2016-1736.2"
   - "intact.2016-1736.3"
   - "intact.2016-1736.4"
intactLabels:
   - FSC-A
   - SSC-A
   - SY41
   - CD19
   - CD10
   - CD20
   - CD45
   - CD34
   - CD38
   - CD58
intactMu: !!opencv-matrix
   rows: 5
   cols: 10
   dt: d
   data: [ 1.6917298634858440e+00, 5.5895762389203885e-01,
       3.5850008029847387e+00, 1.0370718893667994e+00,
       1.1265978714607070e+00, 1.0604239404322220e+00,
       3.9060148342662515e+00, 2.1456662462391884e+00,
       1.7305789466576076e+00, 1.7347367836967440e+00,
       1.0440670121422195e+00, 2.8199659743635119e-01,
       3.7911973725920336e+00, 1.0044710147404412e+00,
       1.1112934876471483e+00, 1.0954381394283912e+00,
       3.6519537149151367e+00, 1.7910160559364432e+00,
       1.4039315370295948e+00, 9.7079611810586541e-01,
       2.6029183504125948e+00, 3.3122483800635196e+00,
       3.7804237123597781e+00, 1.5809420266555094e+00,
       2.4114552927850799e+00, 1.1190326623110438e+00,
       3.1300658953414335e+00, 1.5618996726039209e+00,
       1.3914043050815519e+00, 2.2582539765007414e+00,
       9.3938385621586573e-01, 4.7615768212465986e-01,
       3.9785994022491331e+00, 1.0759028099318080e+00,
       1.3889076167063761e+00, 1.1334678731457548e+00,
       1.8456891655443926e+00, 1.1377009672738139e+00,
       1.3790433055214335e+00, 2.4740602857674316e+00,
       1.7749455319290615e+00, 9.6438016253239944e-01,
       3.6219342026275356e+00, 1.3179645697049316e+00,
       1.2265383633671239e+00, 1.3560978314886742e+00,
       3.0263774697035037e+00, 1.7974688902541494e+00,
       1.6403276746051754e+00, 1.5324696474220578e+00 ]
intactSigma:
   - !!opencv-matrix
      rows: 10
      cols: 10
      dt: d
      data: [ 7.8731899857588786e-02, 8.1848514956887209e-03,
          -7.6951003892881812e-04, 3.2021320837474138e-03,
          4.5878938781328954e-04, -7.3270762828112643e-04,
          1.0132542731630925e-03, 1.8365768913908085e-03,
          1.6079822332554106e-02, 3.7216457120641359e-03,
          8.1848514956887209e-03, 1.6665520741308285e-02,
          -1.0399372465732708e-05, 3.8317410037105887e-03,
          1.2546906427008998e-03, -8.2267896561098502e-04,
          2.8087758335073707e-03, 3.9154635416374841e-03,
          2.2599853099565054e-02, 1.5440798614468513e-02,
          -7.6951003892881812e-04, -1.0399372465732780e-05,
          5.0124256991961351e-03, -4.1851490583570320e-04,
          2.5351504726818828e-04, 1.6985987978155790e-05,
          7.9501162855425691e-04, 9.5090072988330383e-04,
          -8.6393636708304647e-03, 1.0371749033502676e-04,
          3.2021320837474121e-03, 3.8317410037105909e-03,
          -4.1851490583570363e-04, 8.3521898928848121e-02,
          4.9986561511683469e-04, -4.1098706763249204e-03,
          -3.3115340361819217e-03, -4.5246758244610596e-04,
          4.3937296220672587e-03, 3.5763313078941692e-03,
          4.5878938781328927e-04, 1.2546906427008998e-03,
          2.5351504726818828e-04, 4.9986561511683447e-04,
          3.7085358123063183e-02, 1.9108190206400692e-04,
          -1.1218750725683742e-04, -2.3573924495004931e-03,
          8.1310607564876006e-05, 1.6037533436207595e-03,
          -7.3270762828112621e-04, -8.2267896561098557e-04,
          1.6985987978155783e-05, -4.1098706763249204e-03,
          1.9108190206400654e-04, 3.3222337508353010e-02,
          -7.3722258240368772e-04, -9.1532188223853832e-03,
          -1.3365678144248954e-02, -5.1287994169768299e-04,
          1.0132542731630925e-03, 2.8087758335073702e-03,
          7.9501162855425713e-04, -3.3115340361819221e-03,
          -1.1218750725683741e-04, -7.3722258240368772e-04,
          8.9381464862325465e-03, 8.5185275655855052e-03,
          -8.0339377253228102e-03, 2.8564465374079661e-03,
          1.8365768913908085e-03, 3.9154635416374850e-03,
          9.5090072988330404e-04, -4.5246758244610585e-04,
          -2.3573924495004918e-03, -9.1532188223853849e-03,
          8.5185275655855052e-03, 1.0021300443878112e-01,
          -3.4079313790577781e-03, 4.1281262686088845e-03,
          1.6079822332554110e-02, 2.2599853099565054e-02,
          -8.6393636708304647e-03, 4.3937296220672621e-03,
          8.1310607564876128e-05, -1.3365678144248950e-02,
          -8.0339377253228102e-03, -3.4079313790577807e-03,
          2.3898406866488187e-01, 6.9334453201944594e-03,
          3.7216457120641351e-03, 1.5440798614468511e-02,
          1.0371749033502648e-04, 3.5763313078941705e-03,
          1.6037533436207600e-03, -5.1287994169768299e-04,
          2.8564465374079661e-03, 4.1281262686088862e-03,
          6.9334453201944568e-03, 6.3476601107328418e-02 ]
   - !!opencv-matrix
      rows: 10
      cols: 10
      dt: d
      data: [ 8.0750067549620830e-02, 9.2266613748192595e-03,
          -3.3016726096278620e-02, 2.8781371380722973e-03,
          1.4037636714205265e-03, -6.0279172874556778e-04,
          1.1198355683572712e-02, 9.0685140950996813e-03,
          -3.7373307230873301e-03, 1.3902301485143726e-02,
          9.2266613748192578e-03, 7.4347402566829644e-03,
          -3.5592540140949600e-03, 1.3113239572447753e-03,
          1.0417119811656605e-03, -1.7884786164396312e-04,
          4.3886079290506213e-03, 5.5283727112423299e-03,
          -2.1758582726511722e-03, 1.9742045146038167e-02,
          -3.3016726096278620e-02, -3.5592540140949591e-03,
          2.8347014562301438e-02, -1.2218469621799464e-03,
          -1.9102889503721363e-04, 4.5150849258856232e-04,
          -4.5159200992659510e-03, -2.6107079037475311e-03,
          1.3429547648134688e-03, -3.9688223218223425e-03,
          2.8781371380722977e-03, 1.3113239572447753e-03,
          -1.2218469621799468e-03, 4.6786605848505088e-02,
          5.7411392258909216e-04, -3.0231393821430206e-03,
          -1.9585940441638411e-03, 3.2738798174012838e-03,
          -3.7766063663805037e-03, 2.7467029186518752e-03,
          1.4037636714205261e-03, 1.0417119811656609e-03,
          -1.9102889503721344e-04, 5.7411392258909161e-04,
          5.1097487739777257e-02, 1.2357825572589974e-04,
          3.1507178419625643e-04, -3.1795051090803693e-03,
          -7.9013375874154132e-04, 3.1717079822002172e-03,
          -6.0279172874556756e-04, -1.7884786164396312e-04,
          4.5150849258856232e-04, -3.0231393821430206e-03,
          1.2357825572589960e-04, 2.2723491861753708e-02,
          -5.6314198451063769e-04, -1.0153963633150550e-02,
          -8.1096425649801601e-03, 1.6842763296334644e-04,
          1.1198355683572712e-02, 4.3886079290506221e-03,
          -4.5159200992659502e-03, -1.9585940441638411e-03,
          3.1507178419625670e-04, -5.6314198451063802e-04,
          1.1330061269802093e-02, 8.2805285431928281e-03,
          -3.3132265474724227e-03, 9.9560407784974343e-03,
          9.0685140950996779e-03, 5.5283727112423291e-03,
          -2.6107079037475311e-03, 3.2738798174012851e-03,
          -3.1795051090803702e-03, -1.0153963633150550e-02,
          8.2805285431928263e-03, 1.8217698557981871e-01,
          3.6712449043418944e-04, 1.1236281314753769e-02,
          -3.7373307230873301e-03, -2.1758582726511722e-03,
          1.3429547648134690e-03, -3.7766063663805037e-03,
          -7.9013375874154154e-04, -8.1096425649801601e-03,
          -3.3132265474724227e-03, 3.6712449043419014e-04,
          5.3787312640198065e-02, -9.3886910832155918e-03,
          1.3902301485143723e-02, 1.9742045146038171e-02,
          -3.9688223218223425e-03, 2.7467029186518748e-03,
          3.1717079822002193e-03, 1.6842763296334650e-04,
          9.9560407784974360e-03, 1.1236281314753772e-02,
          -9.3886910832155952e-03, 1.6608153985676238e-01 ]
   - !!opencv-matrix
      rows: 10
      cols: 10
      dt: d
