%YAML:1.0
---
groups:
   - intact
   - CD19
   - blast
intactGmmnames:
   - "intact.2016-0755.0"
   - "intact.2016-0755.1"
   - "intact.2016-0755.2"
   - "intact.2016-0755.3"
   - "intact.2016-0755.4"
intactLabels:
   - FSC-A
   - SSC-A
   - SY41
   - CD19
   - CD10
   - CD20
   - CD45
   - CD34
   - CD38
   - CD58
intactMu: !!opencv-matrix
   rows: 5
   cols: 10
   dt: d
   data: [ 1.2493562920592844e+00, 6.0385977282545111e-01,
       2.9033574517848382e+00, 1.5757559982163756e+00,
       1.0758277912954648e+00, 1.0990126811156888e+00,
       4.0519220234189284e+00, 2.3327945535502499e+00,
       2.5975851380443076e+00, 1.7004709335373516e+00,
       6.5224815555470361e-01, 2.5113650279228272e-01,
       3.5752922570528654e+00, 1.3759347583987438e+00,
       1.0579191543363096e+00, 1.1466146647556223e+00,
       3.8264607948855818e+00, 1.9740290203940356e+00,
       1.6451988679916780e+00, 9.8174449540635245e-01,
       9.9396522986390368e-01, 3.0175731273558221e-01,
       3.2072253069230281e+00, 1.4190049122030168e+00,
       1.0506275503412774e+00, 1.1309039428611609e+00,
       3.8917016751294593e+00, 2.0412741022336025e+00,
       1.6680389709386565e+00, 1.0161981193783443e+00,
       2.0996554942297303e+00, 2.7001045388998546e+00,
       3.4029071629443135e+00, 1.8922437456185663e+00,
       1.8811933273582786e+00, 1.3063725598444706e+00,
       3.4644517013737079e+00, 1.9063617177303600e+00,
       2.1031938132881103e+00, 2.0994831960713261e+00,
       1.2568639095222442e+00, 6.8889532534272768e-01,
       3.4217424047528811e+00, 1.4228388071927587e+00,
       1.2543806262456640e+00, 1.2389032158513833e+00,
       2.7639191996322534e+00, 1.7964143296851582e+00,
       1.9838455734463025e+00, 1.9753664313916308e+00 ]
intactSigma:
   - !!opencv-matrix
      rows: 10
      cols: 10
      dt: d
      data: [ 4.6294533378250485e-02, 6.2630962077072387e-03,
          -9.4088681156786341e-03, 3.3096257182283406e-03,
          -4.7354168225025701e-04, -3.2090323141484678e-03,
          1.1603907834576593e-03, 2.9133053326997065e-03,
          9.7746837659326274e-03, 7.6726434400715580e-04,
          6.2630962077072387e-03, 2.5113724606809013e-02,
          -1.3407037169506707e-02, 8.9921930243116194e-03,
          2.0253165777144055e-03, -6.6529831135886432e-03,
          6.6912907413868867e-03, 1.0401884024020695e-02,
          6.5726210696579884e-02, 1.8494102455567901e-02,
          -9.4088681156786341e-03, -1.3407037169506707e-02,
          8.3753620730813397e-02, -6.2157223401554081e-03,
          -2.7065771002095446e-04, 6.4110618021835505e-03,
          -8.8441902518328428e-03, -7.3680763866965570e-03,
          -4.0012832147330965e-02, -9.5872827977317842e-03,
          3.3096257182283406e-03, 8.9921930243116194e-03,
          -6.2157223401554081e-03, 6.6488775875614956e-02,
          2.3397995050572326e-03, -7.7821132358595743e-03,
          7.8240754779729041e-03, 1.3556051878194196e-02,
          1.1160578692572417e-02, 1.0423553184350232e-02,
          -4.7354168225025701e-04, 2.0253165777144055e-03,
          -2.7065771002095435e-04, 2.3397995050572331e-03,
          7.9476318442035496e-02, 8.7341624850843867e-04,
          1.3740005961954122e-04, -1.8934532288933743e-03,
          1.2478534984552024e-03, 4.7849999915938390e-03,
          -3.2090323141484691e-03, -6.6529831135886432e-03,
          6.4110618021835505e-03, -7.7821132358595760e-03,
          8.7341624850843997e-04, 7.0620174272922179e-02,
          -2.6935100324327987e-03, -1.0011804405742309e-02,
          -3.5183005889499484e-02, -5.5614485258994760e-03,
          1.1603907834576591e-03, 6.6912907413868850e-03,
          -8.8441902518328428e-03, 7.8240754779729041e-03,
          1.3740005961954113e-04, -2.6935100324327987e-03,
          1.1563319930577373e-02, 1.1806687732771265e-02,
          3.9818596933133520e-03, 8.8085108313710556e-03,
          2.9133053326997065e-03, 1.0401884024020695e-02,
          -7.3680763866965570e-03, 1.3556051878194196e-02,
          -1.8934532288933748e-03, -1.0011804405742307e-02,
          1.1806687732771264e-02, 6.5383907495793189e-02,
          2.3165753520351384e-02, 1.1888804293461744e-02,
          9.7746837659326222e-03, 6.5726210696579884e-02,
          -4.0012832147330972e-02, 1.1160578692572417e-02,
          1.2478534984552037e-03, -3.5183005889499484e-02,
          3.9818596933133537e-03, 2.3165753520351377e-02,
          4.5438078510315899e-01, 2.6346604654970018e-02,
          7.6726434400715580e-04, 1.8494102455567901e-02,
          -9.5872827977317842e-03, 1.0423553184350232e-02,
          4.7849999915938407e-03, -5.5614485258994751e-03,
          8.8085108313710591e-03, 1.1888804293461744e-02,
          2.6346604654970018e-02, 7.9229373091161986e-02 ]
   - !!opencv-matrix
      rows: 10
      cols: 10
      dt: d
      data: [ 2.7093489046186046e-02, 2.7241795983151619e-03,
          -1.5727961211206558e-02, 3.5251830337062430e-03,
          -7.0858307017718992e-05, -7.6128994833687957e-04,
          6.5081806663921712e-03, 7.2836570751985052e-03,
          6.7989665281060919e-03, 1.6657106184053501e-03,
          2.7241795983151619e-03, 5.5186212634003064e-03,
          -1.4608079564471074e-03, 2.6675757175249021e-03,
          1.1662439010368586e-03, 1.4067935048855755e-05,
          2.3199980711973334e-03, 4.0027907079434434e-03,
          -1.0138975550982108e-03, 1.8562461963976585e-02,
          -1.5727961211206558e-02, -1.4608079564471079e-03,
          1.5042987491534977e-02, -2.3556130577476551e-03,
          5.6902632279410713e-04, 7.4083005443911223e-04,
          -5.7273022775003934e-03, -4.9314482579425872e-03,
          -4.9795068834054199e-03, -3.8882792788757885e-05,
          3.5251830337062425e-03, 2.6675757175249012e-03,
          -2.3556130577476542e-03, 4.8998205801672204e-02,
          1.1561714369647928e-03, -3.0132853267897659e-03,
          2.8562648466274282e-03, 9.2896984574705344e-03,
          -4.6840627350345559e-03, 6.0789865278130109e-03,
          -7.0858307017718965e-05, 1.1662439010368582e-03,
          5.6902632279410669e-04, 1.1561714369647930e-03,
          5.3670833615012674e-02, 3.4047367227007396e-04,
          -1.0958708376669647e-04, -3.0210892792470940e-03,
          -3.8677168836894149e-04, 5.7855975245135523e-03,
          -7.6128994833687947e-04, 1.4067935048855717e-05,
          7.4083005443911245e-04, -3.0132853267897650e-03,
          3.4047367227007380e-04, 2.3659301701350093e-02,
          -6.4652971146951965e-04, -8.6860125826079358e-03,
          -1.3164706504959380e-02, 7.3213913810290957e-04,
          6.5081806663921712e-03, 2.3199980711973338e-03,
          -5.7273022775003943e-03, 2.8562648466274282e-03,
          -1.0958708376669657e-04, -6.4652971146951987e-04,
          8.0331110790880563e-03, 7.6518129292214559e-03,
          1.7613391202091573e-03, 1.8860126992263674e-03,
          7.2836570751985052e-03, 4.0027907079434434e-03,
          -4.9314482579425872e-03, 9.2896984574705362e-03,
          -3.0210892792470931e-03, -8.6860125826079375e-03,
          7.6518129292214559e-03, 1.5216897235623861e-01,
          7.4928218217099052e-03, 6.9795382749702215e-03,
          6.7989665281060901e-03, -1.0138975550982106e-03,
          -4.9795068834054199e-03, -4.6840627350345568e-03,
          -3.8677168836894122e-04, -1.3164706504959378e-02,
          1.7613391202091573e-03, 7.4928218217099034e-03,
          1.0409973764189431e-01, -1.3794495020387797e-03,
          1.6657106184053494e-03, 1.8562461963976585e-02,
          -3.8882792788757790e-05, 6.0789865278130135e-03,
          5.7855975245135532e-03, 7.3213913810290989e-04,
          1.8860126992263665e-03, 6.9795382749702232e-03,
          -1.3794495020387797e-03, 1.5983713659318616e-01 ]
   - !!opencv-matrix
      rows: 10
      cols: 10
