%YAML:1.0
---
groups:
   - intact
   - CD19
   - blast
intactGmmnames:
   - "intact.47451.0"
   - "intact.47451.1"
   - "intact.47451.2"
   - "intact.47451.3"
   - "intact.47451.4"
intactLabels:
   - FSC-A
   - SSC-A
   - SY41
   - CD19
   - CD10
   - CD20
   - CD45
   - CD34
   - CD38
   - CD58
intactMu: !!opencv-matrix
   rows: 5
   cols: 10
   dt: d
   data: [ 1.8500220400291789e+00, 3.2892077164053996e-01,
       2.2911609466403484e+00, 1.3215959322837327e+00,
       1.1239013684497745e+00, 1.2271028242189066e+00,
       3.4354293260700381e+00, 1.1357152923467055e+00,
       1.8709253056456518e+00, 1.7614501648222576e+00,
       3.2611951117082540e+00, 2.7097926995484181e+00,
       2.3816731235460926e+00, 1.5611880994645297e+00,
       2.7428866355110935e+00, 1.4268849945928366e+00,
       3.1720730307447291e+00, 1.3266119884941079e+00,
       1.8449024072831524e+00, 2.4075801645468546e+00,
       1.2794106084297809e+00, 2.8316830104354129e-01,
       2.3778842403619986e+00, 1.2721538276645621e+00,
       1.1818879640624205e+00, 1.2012145508530283e+00,
       1.3077790657371113e+00, 1.0711770882808289e+00,
       1.4765017366596884e+00, 2.4587143390938171e+00,
       1.9895413275977427e+00, 8.4379793222236166e-01,
       2.5388734852640300e+00, 1.3951291234285359e+00,
       1.4498307026706074e+00, 1.4350821714462352e+00,
       2.5507205384654208e+00, 1.2520586197964463e+00,
       2.0723119749220738e+00, 2.2560379640886605e+00,
       3.5144969805929507e+00, 2.2345129859672395e+00,
       2.4262362665559216e+00, 1.3505654279046391e+00,
       1.5746460393667367e+00, 1.3693627019464234e+00,
       2.8176580724338258e+00, 1.2174576774003343e+00,
       1.9631441436737747e+00, 2.3032223336684070e+00 ]
intactSigma:
   - !!opencv-matrix
      rows: 10
      cols: 10
      dt: d
      data: [ 1.6101463370936561e-01, 2.2795250573596000e-02,
          -4.0622089368941286e-03, 3.0786307294854540e-03,
          -1.6628798918068649e-02, -2.5201216185413412e-02,
          4.1528515060437352e-02, 1.6249831089281956e-02,
          6.3098089588286129e-03, 1.1358060971886864e-01,
          2.2795250573596000e-02, 9.8832927752736423e-03,
          3.6164124198133889e-04, 1.1994525589194712e-03,
          -2.2133336632102450e-03, -5.3034865997314690e-03,
          1.1218522721066822e-02, 4.9146777676764798e-03,
          1.0148189433892958e-02, 3.2076202434543205e-02,
          -4.0622089368941303e-03, 3.6164124198133872e-04,
          7.5625463968884993e-03, 1.4871059046963649e-04,
          2.1697488115002429e-03, 1.5266010261226412e-03,
          -4.6731773301008045e-04, 2.6671613214796484e-04,
          -1.0018840420546070e-03, -7.0513498633875845e-04,
          3.0786307294854540e-03, 1.1994525589194712e-03,
          1.4871059046963651e-04, 2.3011029359148688e-03,
          -1.4844096032380250e-03, -1.1027255956004385e-03,
          2.2966313606554091e-03, 1.7947941947040530e-03,
          2.2199067875214571e-03, 5.4941319269164327e-03,
          -1.6628798918068653e-02, -2.2133336632102455e-03,
          2.1697488115002429e-03, -1.4844096032380245e-03,
          1.6464320936429827e-02, 4.0078586422858976e-03,
          -4.7247742476889121e-03, -1.0705421911176086e-02,
          1.0321710285009832e-03, -1.0038045200605146e-02,
          -2.5201216185413412e-02, -5.3034865997314681e-03,
          1.5266010261226412e-03, -1.1027255956004385e-03,
          4.0078586422858976e-03, 2.1072025064492735e-02,
          -1.1287368072846214e-02, -4.1790742038395482e-03,
          -1.0186405822540799e-03, -3.1291924464940751e-02,
          4.1528515060437345e-02, 1.1218522721066824e-02,
          -4.6731773301008066e-04, 2.2966313606554087e-03,
          -4.7247742476889112e-03, -1.1287368072846214e-02,
          2.5104269592377881e-02, 9.1923993336189593e-03,
          7.4569464232406152e-03, 5.0627523107236914e-02,
          1.6249831089281956e-02, 4.9146777676764815e-03,
          2.6671613214796468e-04, 1.7947941947040530e-03,
          -1.0705421911176086e-02, -4.1790742038395499e-03,
          9.1923993336189575e-03, 6.5053806739241701e-02,
          2.0849230296577561e-03, 2.3545580932078453e-02,
          6.3098089588286129e-03, 1.0148189433892958e-02,
          -1.0018840420546070e-03, 2.2199067875214563e-03,
          1.0321710285009825e-03, -1.0186405822540791e-03,
          7.4569464232406152e-03, 2.0849230296577578e-03,
          1.5134026614129559e-01, 1.5773265771678903e-02,
          1.1358060971886864e-01, 3.2076202434543205e-02,
          -7.0513498633875845e-04, 5.4941319269164344e-03,
          -1.0038045200605148e-02, -3.1291924464940758e-02,
          5.0627523107236914e-02, 2.3545580932078456e-02,
          1.5773265771678903e-02, 2.2406168628163814e-01 ]
   - !!opencv-matrix
      rows: 10
      cols: 10
      dt: d
      data: [ 2.2853991548009789e-01, 1.6184081479126672e-01,
          8.9019031868244648e-03, 1.1685943371174418e-02,
          1.4533199304010650e-02, 1.3401075545438729e-02,
          9.4288913885700286e-03, 2.2803704786439720e-02,
          2.1096269581883036e-02, 1.6578343473766573e-02,
          1.6184081479126675e-01, 2.8191870872009467e-01,
          9.9484962520005171e-03, 1.1794128977323411e-02,
          2.3460728486301274e-02, 1.2121839253748106e-02,
          1.2948596943894542e-02, 2.3887374531628276e-02,
          3.1371852726444868e-02, 2.2177419521956517e-02,
          8.9019031868244648e-03, 9.9484962520005171e-03,
          9.0211460321525452e-03, 1.5962347845842853e-03,
          1.4608646975409151e-03, 1.7347090837499957e-03,
          1.0165520754163385e-03, 2.6222678088978911e-03,
          9.4903689173122965e-04, 1.1298905610584735e-03,
          1.1685943371174415e-02, 1.1794128977323407e-02,
          1.5962347845842853e-03, 3.3586963865277500e-02,
          1.9500590703704329e-02, 6.4402166088017698e-03,
          6.0878316392378945e-03, 6.9224859991190652e-03,
          8.1155502653308259e-03, 2.5839380415333480e-03,
          1.4533199304010654e-02, 2.3460728486301281e-02,
          1.4608646975409151e-03, 1.9500590703704329e-02,
          5.8732358860581077e-02, 1.3630951732496748e-02,
          1.0923285437928577e-02, 4.2659127160492964e-03,
          9.1684970122454523e-03, 3.4855548480175972e-03,
          1.3401075545438731e-02, 1.2121839253748108e-02,
          1.7347090837499959e-03, 6.4402166088017715e-03,
          1.3630951732496748e-02, 2.0832715616111941e-02,
          3.7046430974648904e-03, 4.7672114140206749e-03,
          3.6462120152504392e-04, 8.3447169722923717e-04,
          9.4288913885700286e-03, 1.2948596943894544e-02,
          1.0165520754163385e-03, 6.0878316392378945e-03,
          1.0923285437928577e-02, 3.7046430974648895e-03,
          9.8651158320346311e-03, 4.7357338981310667e-03,
          1.5430697947240346e-03, 1.3617174331635069e-03,
          2.2803704786439720e-02, 2.3887374531628269e-02,
          2.6222678088978911e-03, 6.9224859991190634e-03,
          4.2659127160492973e-03, 4.7672114140206766e-03,
          4.7357338981310684e-03, 1.4117107161376211e-01,
          5.6413576712474210e-03, 4.1430442226510203e-03,
          2.1096269581883036e-02, 3.1371852726444868e-02,
          9.4903689173122965e-04, 8.1155502653308276e-03,
          9.1684970122454523e-03, 3.6462120152504413e-04,
          1.5430697947240346e-03, 5.6413576712474219e-03,
          2.2352658287959185e-02, 4.8719285467599127e-03,
          1.6578343473766577e-02, 2.2177419521956513e-02,
          1.1298905610584737e-03, 2.5839380415333484e-03,
          3.4855548480175955e-03, 8.3447169722923717e-04,
          1.3617174331635065e-03, 4.1430442226510203e-03,
          4.8719285467599110e-03, 9.8767957624330115e-03 ]
   - !!opencv-matrix
      rows: 10
      cols: 10
      dt: d
