%YAML:1.0
---
groups:
   - intact
   - CD19
intactGmmnames:
   - "intact.48019.0"
   - "intact.48019.1"
   - "intact.48019.2"
   - "intact.48019.3"
   - "intact.48019.4"
intactLabels:
   - FSC-A
   - SSC-A
   - SY41
   - CD19
   - CD10
   - CD20
   - CD45
   - CD34
   - CD38
   - CD58
intactMu: !!opencv-matrix
   rows: 5
   cols: 10
   dt: d
   data: [ 2.1845708564759216e+00, 2.1929038110733097e+00,
       2.3335193051392555e+00, 1.3190118793365100e+00,
       1.8452556900390145e+00, 1.3027640648704366e+00,
       2.7916907719977235e+00, 1.1074644890401124e+00,
       1.7266884199189367e+00, 2.2949292746760732e+00,
       9.2214295266693758e-01, 3.0345918038108038e-01,
       2.3153975425463069e+00, 1.2637513949394144e+00,
       1.1126437332347106e+00, 1.2905665069347980e+00,
       1.1074690924777808e+00, 1.0141585937609077e+00,
       1.5090171720517949e+00, 2.5362040966248798e+00,
       2.1641140516217456e+00, 2.5155514751288632e+00,
       2.3106077782028804e+00, 1.4206637555078376e+00,
       2.4254892677430839e+00, 1.3173319857845229e+00,
       2.9792777396899184e+00, 1.1342331148144904e+00,
       1.7849016777894391e+00, 2.3352885497050493e+00,
       1.7669420342453479e+00, 9.8334455214329286e-01,
       2.3378099754921999e+00, 1.3385349149049506e+00,
       1.2007653378633354e+00, 1.4302079832581553e+00,
       2.5808316744242155e+00, 1.1162686195205551e+00,
       2.0935654965427308e+00, 2.1526051584486900e+00,
       1.0874389471593395e+00, 2.4439068620990262e-01,
       2.1710249256161087e+00, 1.2623966255791175e+00,
       9.6993506737627244e-01, 1.2918624129505001e+00,
       3.2426236534765818e+00, 9.4393478935480601e-01,
       1.6375146682656088e+00, 1.2223545189674321e+00 ]
intactSigma:
   - !!opencv-matrix
      rows: 10
      cols: 10
      dt: d
      data: [ 2.1805662317509364e-01, 1.3728826045677608e-01,
          -1.5336130337651768e-02, -6.7234401706138525e-04,
          -5.0532183999997538e-02, 2.7289420061334586e-03,
          -1.2557300742456643e-02, 9.8270549089560805e-03,
          1.8029241628743312e-02, 7.8849590351319672e-03,
          1.3728826045677606e-01, 2.9212758847267040e-01,
          -7.5128441780275314e-03, 3.9053448709629769e-03,
          4.4827769348444547e-02, -6.5155844538274414e-04,
          2.5437083227735441e-02, 1.5902473739745765e-02,
          1.6476497759307838e-02, 2.1502267114385194e-02,
          -1.5336130337651773e-02, -7.5128441780275340e-03,
          2.4915921718448555e-02, 4.4697182035706971e-04,
          1.0161563651211793e-02, 9.0194043522310316e-04,
          3.0354205739963696e-03, 1.2228401760415924e-04,
          -6.3659529378117528e-04, 1.4318488183240035e-03,
          -6.7234401706138525e-04, 3.9053448709629774e-03,
          4.4697182035706955e-04, 5.7828515748563486e-03,
          3.5953584949041241e-03, -1.5426264630992182e-04,
          2.5493169939287681e-03, 9.2659620479929164e-05,
          7.3080266380842751e-04, 1.0748102652734220e-03,
          -5.0532183999997544e-02, 4.4827769348444547e-02,
          1.0161563651211796e-02, 3.5953584949041241e-03,
          1.9030049617899558e-01, -4.9385238541625881e-03,
          4.2029835584906708e-02, -8.9597325110542161e-03,
          -9.5271620128012102e-03, 1.6761584011801341e-02,
          2.7289420061334586e-03, -6.5155844538274457e-04,
          9.0194043522310327e-04, -1.5426264630992182e-04,
          -4.9385238541625864e-03, 1.0337238401623991e-02,
          -6.8785640079154864e-04, 8.2111006235691759e-04,
          -8.1917975824613478e-04, -1.9380968817577353e-04,
          -1.2557300742456643e-02, 2.5437083227735441e-02,
          3.0354205739963696e-03, 2.5493169939287681e-03,
          4.2029835584906708e-02, -6.8785640079154853e-04,
          2.4961169968213962e-02, 1.8905420994356811e-03,
          -1.9636863711435806e-04, 5.7102780269387213e-03,
          9.8270549089560823e-03, 1.5902473739745765e-02,
          1.2228401760415943e-04, 9.2659620479929204e-05,
          -8.9597325110542161e-03, 8.2111006235691727e-04,
          1.8905420994356813e-03, 1.1277776669813865e-01,
          3.1811356882435189e-03, 2.5121510470113044e-03,
          1.8029241628743312e-02, 1.6476497759307838e-02,
          -6.3659529378117506e-04, 7.3080266380842719e-04,
          -9.5271620128012102e-03, -8.1917975824613511e-04,
          -1.9636863711435798e-04, 3.1811356882435189e-03,
          1.2945573228604904e-02, 1.9860775304767460e-03,
          7.8849590351319672e-03, 2.1502267114385194e-02,
          1.4318488183240035e-03, 1.0748102652734222e-03,
          1.6761584011801341e-02, -1.9380968817577353e-04,
          5.7102780269387213e-03, 2.5121510470113044e-03,
          1.9860775304767460e-03, 1.6657264964376278e-02 ]
   - !!opencv-matrix
      rows: 10
      cols: 10
      dt: d
      data: [ 7.6327305168300219e-02, 2.3336356845677430e-02,
          1.3638302104752361e-02, 7.4452194310906973e-04,
          6.0222536765155970e-03, 1.5471147953180944e-03,
          2.3732697516147771e-02, 5.3507388028283713e-03,
          3.5319182913643144e-03, 2.7543603396106876e-02,
          2.3336356845677430e-02, 1.2639650643384995e-02,
          5.3742785707277781e-03, 4.8502784931891854e-04,
          3.2539931470176317e-03, 8.3259473543891873e-04,
          1.1033396658923627e-02, 2.8069212488269161e-03,
          1.6368955803274764e-03, 1.2454471848065878e-02,
          1.3638302104752361e-02, 5.3742785707277781e-03,
          5.5482737449360942e-02, 7.3686970184578019e-04,
          1.0210955221696268e-02, 2.5094044605978340e-03,
          -9.6267271553498372e-04, 1.9471018940198607e-03,
          1.2906117726472260e-03, 1.2161888015587397e-02,
          7.4452194310906984e-04, 4.8502784931891870e-04,
          7.3686970184577997e-04, 2.9301331864275970e-03,
          -2.7939347794511244e-03, -2.6698373515907607e-05,
          6.9093229309865527e-04, 3.8604854574442345e-04,
          3.4995980129972530e-04, 5.5648952688357818e-04,
          6.0222536765155970e-03, 3.2539931470176317e-03,
          1.0210955221696268e-02, -2.7939347794511240e-03,
          4.6165109920634995e-02, 4.5828022080532420e-04,
          2.9405137467261176e-03, -6.3491425402559670e-03,
          -7.4703044756640796e-04, 6.7177895390605601e-03,
          1.5471147953180944e-03, 8.3259473543891873e-04,
          2.5094044605978331e-03, -2.6698373515907596e-05,
          4.5828022080532420e-04, 4.9900770216886672e-03,
          1.3032601089782224e-03, 4.6926985583380722e-04,
          -2.8173297360559808e-04, 1.2757357004530600e-03,
          2.3732697516147764e-02, 1.1033396658923627e-02,
          -9.6267271553498318e-04, 6.9093229309865527e-04,
          2.9405137467261176e-03, 1.3032601089782224e-03,
          8.8654711284925844e-02, 3.6893252868456707e-03,
          2.4110225445728587e-03, 5.5464058826341263e-03,
          5.3507388028283696e-03, 2.8069212488269170e-03,
          1.9471018940198602e-03, 3.8604854574442334e-04,
          -6.3491425402559670e-03, 4.6926985583380711e-04,
          3.6893252868456712e-03, 4.4752205142210857e-02,
          8.8049808501082267e-04, 3.4032534225568773e-03,
          3.5319182913643144e-03, 1.6368955803274764e-03,
          1.2906117726472260e-03, 3.4995980129972530e-04,
          -7.4703044756640807e-04, -2.8173297360559814e-04,
          2.4110225445728582e-03, 8.8049808501082310e-04,
          1.5798923884019064e-03, 2.1666051670576614e-03,
          2.7543603396106876e-02, 1.2454471848065878e-02,
          1.2161888015587393e-02, 5.5648952688357829e-04,
          6.7177895390605601e-03, 1.2757357004530600e-03,
          5.5464058826341254e-03, 3.4032534225568773e-03,
          2.1666051670576618e-03, 2.4673079782689025e-02 ]
   - !!opencv-matrix
      rows: 10
      cols: 10
      dt: d
