%YAML:1.0
---
groups:
   - intact
   - CD19
   - blast
intactGmmnames:
   - "intact.48081.0"
   - "intact.48081.1"
   - "intact.48081.2"
   - "intact.48081.3"
   - "intact.48081.4"
intactLabels:
   - FSC-A
   - SSC-A
   - SY41
   - CD19
   - CD10
   - CD20
   - CD45
   - CD34
   - CD38
   - CD58
intactMu: !!opencv-matrix
   rows: 5
   cols: 10
   dt: d
   data: [ 1.0878306342921875e+00, 4.1138523996368920e-01,
       2.8940572331609080e+00, 1.2800220215928797e+00,
       1.2119434372934943e+00, 1.2421340557551759e+00,
       3.3930098912163364e+00, 9.5513579455282527e-01,
       2.3735275466016401e+00, 1.4855272571636386e+00,
       1.1138679340567175e+00, 3.4298675687616614e-01,
       2.9032241821212308e+00, 1.2668912839755107e+00,
       1.1697612770481967e+00, 1.2049643655751299e+00,
       3.4779493261769741e+00, 9.1165018017386557e-01,
       1.8324546502883856e+00, 1.4660922318264282e+00,
       1.0103223638419969e+00, 2.2759119730299221e-01,
       2.9378767994817774e+00, 1.2689768929367684e+00,
       1.1692966765815553e+00, 1.2399139179777043e+00,
       3.3384329013345941e+00, 9.0690973531437513e-01,
       1.7907869607955529e+00, 1.0684574401610034e+00,
       1.6687971354735074e+00, 1.7359314803192636e+00,
       2.9431196627631109e+00, 1.3984524807215961e+00,
       1.6212790687003786e+00, 1.5100386122899860e+00,
       3.1590458307119742e+00, 1.2554927585581170e+00,
       2.1308115300593347e+00, 2.1089751672177521e+00,
       9.4496404113287791e-01, 5.4160965129145078e-01,
       2.9885464394423353e+00, 1.2631119729955529e+00,
       1.2474345429208025e+00, 1.2968917502028736e+00,
       1.9024516580374990e+00, 1.2094154712683309e+00,
       1.5880722760910628e+00, 2.4508070770245891e+00 ]
intactSigma:
   - !!opencv-matrix
      rows: 10
      cols: 10
      dt: d
      data: [ 5.6259425781090402e-02, 1.7590904526702787e-02,
          -1.3007250372184255e-02, 1.3468572363652852e-04,
          -6.9301300275310031e-03, -1.9612253821883795e-03,
          1.5797260379840600e-02, 5.9417231348160553e-03,
          3.9716158034727674e-02, 3.5913823365879907e-02,
          1.7590904526702787e-02, 2.7910775738091202e-02,
          -8.3666980771590262e-03, 6.1726672003763726e-04,
          -3.8388901082479880e-03, -2.0893228752767541e-03,
          1.2303357431156091e-02, 3.8119064352203328e-03,
          2.4540815173746754e-02, 4.8513102799233342e-02,
          -1.3007250372184252e-02, -8.3666980771590228e-03,
          4.5099817261741892e-02, -5.0577545753459826e-05,
          4.9975051639743239e-03, 2.4452866184163889e-03,
          -1.0057758897666186e-02, 3.1905561152678398e-03,
          -3.8693764449073992e-02, -2.2299210222232548e-02,
          1.3468572363652866e-04, 6.1726672003763726e-04,
          -5.0577545753459759e-05, 3.2495210610496458e-03,
          -1.3694800986916744e-03, -1.6820463503341575e-04,
          7.6235619769249056e-05, 7.2449879058967821e-04,
          3.5606241111585538e-03, 1.6131313698342479e-03,
          -6.9301300275310014e-03, -3.8388901082479880e-03,
          4.9975051639743239e-03, -1.3694800986916744e-03,
          1.4597110416125769e-02, 3.5129298004735692e-04,
          -1.8821964615888893e-03, -2.4180963524847330e-03,
          -2.6689130285439230e-02, -1.8332770493219598e-03,
          -1.9612253821883795e-03, -2.0893228752767541e-03,
          2.4452866184163898e-03, -1.6820463503341597e-04,
          3.5129298004735659e-04, 5.5321428163675544e-02,
          -2.2631510893999975e-03, 9.8904332539884719e-04,
          -3.4620573266182521e-03, -2.2491410254104382e-03,
          1.5797260379840597e-02, 1.2303357431156089e-02,
          -1.0057758897666186e-02, 7.6235619769248988e-05,
          -1.8821964615888893e-03, -2.2631510893999967e-03,
          2.2260239879786991e-02, -8.1151284831945854e-04,
          2.8340802262449730e-02, 2.8423770591319369e-02,
          5.9417231348160536e-03, 3.8119064352203328e-03,
          3.1905561152678402e-03, 7.2449879058967778e-04,
          -2.4180963524847322e-03, 9.8904332539884697e-04,
          -8.1151284831945788e-04, 6.3976667085045291e-02,
          -1.3490942021203007e-02, 1.6472208467409460e-02,
          3.9716158034727674e-02, 2.4540815173746757e-02,
          -3.8693764449073992e-02, 3.5606241111585538e-03,
          -2.6689130285439233e-02, -3.4620573266182504e-03,
          2.8340802262449727e-02, -1.3490942021203010e-02,
          2.7847847658703856e-01, 6.1912540109815645e-02,
          3.5913823365879900e-02, 4.8513102799233342e-02,
          -2.2299210222232548e-02, 1.6131313698342481e-03,
          -1.8332770493219603e-03, -2.2491410254104382e-03,
          2.8423770591319369e-02, 1.6472208467409460e-02,
          6.1912540109815645e-02, 2.3176698662076947e-01 ]
   - !!opencv-matrix
      rows: 10
      cols: 10
      dt: d
      data: [ 2.5643163519053238e-02, 5.4828009697193095e-03,
          5.0161612018477237e-04, -5.2052475054478498e-05,
          2.5700647592493200e-04, -4.8742364589839376e-04,
          3.6595165693563505e-03, 2.7819301525716542e-04,
          6.7992073069625414e-04, 2.7819409131438900e-03,
          5.4828009697193095e-03, 1.1396373294539561e-02,
          -5.1079169101852645e-03, -6.3653302592935445e-05,
          1.2393499761341993e-03, -2.0847681836448449e-03,
          6.8168383047625090e-03, 1.9386534273265526e-03,
          7.2556674942209866e-03, 3.1276577200336740e-02,
          5.0161612018477259e-04, -5.1079169101852645e-03,
          5.6107395209308492e-02, 3.2535135100694208e-04,
          -8.3728434501137948e-04, 3.3984933769786430e-03,
          -6.8506230681099310e-03, 1.5639903396115620e-04,
          -8.5880306926541267e-03, -1.8353891897158948e-02,
          -5.2052475054478498e-05, -6.3653302592935390e-05,
          3.2535135100694208e-04, 2.5201501105323611e-03,
          -1.0869016462786494e-03, -4.2460289104142369e-04,
          -2.9952123019501704e-04, 4.9935128356481679e-04,
          1.1155825884186421e-04, -1.3404797778092156e-04,
          2.5700647592493184e-04, 1.2393499761341993e-03,
          -8.3728434501137926e-04, -1.0869016462786494e-03,
          5.3226617523689053e-03, -2.3732937516023463e-04,
          1.0797626029743700e-03, -2.9354352349308358e-03,
          8.2251405501537896e-04, 5.6140538578416995e-03,
          -4.8742364589839370e-04, -2.0847681836448444e-03,
          3.3984933769786434e-03, -4.2460289104142348e-04,
          -2.3732937516023482e-04, 3.3179497121637078e-02,
          -2.2904430179916235e-03, 1.6761747309661199e-04,
          -1.0499416921687873e-02, -5.2325174285375873e-03,
          3.6595165693563505e-03, 6.8168383047625090e-03,
          -6.8506230681099293e-03, -2.9952123019501709e-04,
          1.0797626029743703e-03, -2.2904430179916226e-03,
          1.2082435813667082e-02, 2.8391477867540857e-04,
          9.0067114759348581e-03, 1.5653286507481275e-02,
          2.7819301525716531e-04, 1.9386534273265526e-03,
          1.5639903396115539e-04, 4.9935128356481679e-04,
          -2.9354352349308358e-03, 1.6761747309661194e-04,
          2.8391477867540846e-04, 4.7382733704353037e-02,
          1.3671671316815375e-03, 1.0428121107372432e-02,
          6.7992073069625381e-04, 7.2556674942209857e-03,
          -8.5880306926541267e-03, 1.1155825884186415e-04,
          8.2251405501537918e-04, -1.0499416921687873e-02,
          9.0067114759348581e-03, 1.3671671316815368e-03,
          4.0847188906597699e-02, 2.9550100984048342e-02,
          2.7819409131438887e-03, 3.1276577200336740e-02,
          -1.8353891897158945e-02, -1.3404797778092159e-04,
          5.6140538578416995e-03, -5.2325174285375873e-03,
          1.5653286507481278e-02, 1.0428121107372434e-02,
          2.9550100984048342e-02, 2.0073695693781993e-01 ]
   - !!opencv-matrix
      rows: 10
      cols: 10
      dt: d
