%YAML:1.0
---
groups:
   - intact
   - CD19
   - blast
intactGmmnames:
   - "intact.48089.0"
   - "intact.48089.1"
   - "intact.48089.2"
   - "intact.48089.3"
   - "intact.48089.4"
intactLabels:
   - FSC-A
   - SSC-A
   - SY41
   - CD19
   - CD10
   - CD20
   - CD45
   - CD34
   - CD38
   - CD58
intactMu: !!opencv-matrix
   rows: 5
   cols: 10
   dt: d
   data: [ 3.0379778530803296e+00, 2.6741939535344068e+00,
       2.9621889155428178e+00, 1.2798625087950743e+00,
       2.0333775440582138e+00, 1.2470981754737556e+00,
       2.9177217494199028e+00, 1.1347073566997135e+00,
       1.7658985454443290e+00, 2.3522669275526069e+00,
       1.6810866769698098e+00, 3.9887036122805314e-01,
       2.8190699587151076e+00, 1.2132787606685307e+00,
       8.3712147470297804e-01, 1.2479378175838880e+00,
       3.5056996236592943e+00, 9.9882354359072156e-01,
       2.0258251147672834e+00, 1.9355454075412390e+00,
       1.0175692478749025e+00, 2.4502674540738018e-01,
       2.9848492260470048e+00, 1.2150180423439196e+00,
       1.1789777169786817e+00, 1.2351469940713757e+00,
       1.3592420125458606e+00, 1.0401825328152969e+00,
       1.6714451180751824e+00, 2.4446382558303261e+00,
       1.4422663761281513e+00, 2.5101528850331767e-01,
       2.8026867017871400e+00, 1.2027335139454869e+00,
       8.1498640667616074e-01, 1.2262326124821961e+00,
       3.3742644379460920e+00, 9.8014624799271854e-01,
       1.7707991883256651e+00, 1.1162774859263300e+00,
       2.0435725140002297e+00, 9.5319632886508920e-01,
       3.0536723557678935e+00, 1.3562132255192476e+00,
       1.5320911849218608e+00, 1.3631415283443176e+00,
       2.4718357954164087e+00, 1.2162981539761692e+00,
       2.1755694571253459e+00, 2.3058673182078384e+00 ]
intactSigma:
   - !!opencv-matrix
      rows: 10
      cols: 10
      dt: d
      data: [ 2.4046545554736803e-01, 1.7529262779233559e-01,
          -7.3829984716134800e-03, 8.6852559872275061e-04,
          -1.4822863686296589e-02, 1.6685838399324577e-03,
          -2.7961950310298671e-03, 1.2648191766277267e-02,
          1.6053521919857205e-02, 1.0919860057983954e-02,
          1.7529262779233559e-01, 3.2143503157578474e-01,
          -4.9149929311290801e-03, 6.1688371891844224e-03,
          2.7581311689848585e-02, 2.7829737280743376e-03,
          1.4614412718292740e-02, 1.9907419635300981e-02,
          2.3246980501524638e-02, 2.0777070916339568e-02,
          -7.3829984716134774e-03, -4.9149929311290783e-03,
          1.7114684760899754e-02, -2.9766234352962442e-04,
          -4.1759255128937748e-03, 1.6862851895211529e-03,
          -1.2739039031175164e-03, -2.8584794297617662e-04,
          1.9793157101009087e-04, -1.5619942467281491e-03,
          8.6852559872275029e-04, 6.1688371891844224e-03,
          -2.9766234352962442e-04, 1.3625322454751799e-02,
          1.3088584350944276e-02, -9.5934008269607973e-05,
          5.5175398619739992e-03, 7.4772164081472303e-04,
          1.2178085482281418e-03, 1.3271207327279697e-03,
          -1.4822863686296589e-02, 2.7581311689848592e-02,
          -4.1759255128937731e-03, 1.3088584350944276e-02,
          1.9784742865559513e-01, 1.1892297246357362e-03,
          5.1841689658160668e-02, 1.0322324853819257e-04,
          -1.4276968710808318e-02, 1.3652314461674489e-02,
          1.6685838399324575e-03, 2.7829737280743376e-03,
          1.6862851895211529e-03, -9.5934008269607879e-05,
          1.1892297246357362e-03, 1.9029277201431233e-02,
          1.1448394795338382e-04, 2.5422870409776317e-04,
          -2.7419441963325666e-03, -1.5666371277780981e-04,
          -2.7961950310298671e-03, 1.4614412718292740e-02,
          -1.2739039031175166e-03, 5.5175398619739992e-03,
          5.1841689658160654e-02, 1.1448394795338378e-04,
          2.6723458344324859e-02, 2.7350003470194987e-03,
          -3.5691508036084225e-03, 4.3731107608938708e-03,
          1.2648191766277263e-02, 1.9907419635300988e-02,
          -2.8584794297617679e-04, 7.4772164081472314e-04,
          1.0322324853819293e-04, 2.5422870409776361e-04,
          2.7350003470195000e-03, 5.5353736120415900e-02,
          2.4223814431715458e-03, 2.0622959119985132e-03,
          1.6053521919857202e-02, 2.3246980501524638e-02,
          1.9793157101009079e-04, 1.2178085482281420e-03,
          -1.4276968710808313e-02, -2.7419441963325657e-03,
          -3.5691508036084234e-03, 2.4223814431715458e-03,
          1.6343550509020581e-02, 1.0714150910709507e-03,
          1.0919860057983954e-02, 2.0777070916339565e-02,
          -1.5619942467281491e-03, 1.3271207327279701e-03,
          1.3652314461674489e-02, -1.5666371277780989e-04,
          4.3731107608938726e-03, 2.0622959119985132e-03,
          1.0714150910709514e-03, 1.1401465994719211e-02 ]
   - !!opencv-matrix
      rows: 10
      cols: 10
      dt: d
      data: [ 6.2916821426914155e-02, 8.7901639727960782e-03,
          3.2784295547281980e-04, 3.6385094093781300e-04,
          -3.0632255474489687e-03, -5.4162326231211124e-04,
          8.9940327854562581e-03, 3.7142230314394752e-03,
          7.5973846733145452e-03, 9.4120842115496175e-03,
          8.7901639727960765e-03, 8.6823503823879652e-03,
          7.9927737104015491e-04, 5.7206841759989814e-04,
          1.4506540147354112e-03, -4.8407283535230854e-04,
          3.3002137427828458e-03, 2.0956914900606936e-03,
          9.8951094060015735e-03, 8.8095110731893200e-03,
          3.2784295547282018e-04, 7.9927737104015459e-04,
          3.1370574887948012e-02, 1.0489018990272153e-04,
          1.3485126662624951e-03, 6.0306193958066332e-05,
          1.1958916687511167e-04, 9.8838932001450849e-04,
          -7.2471948229331003e-03, 4.4636413957474519e-04,
          3.6385094093781305e-04, 5.7206841759989814e-04,
          1.0489018990272157e-04, 2.6561524966523540e-03,
          -2.1008108751890795e-03, 5.6306830626257316e-05,
          9.8187568968246134e-05, 2.1956791150232235e-05,
          5.7575446972972042e-03, 8.9228176550223287e-04,
          -3.0632255474489687e-03, 1.4506540147354117e-03,
          1.3485126662624945e-03, -2.1008108751890799e-03,
          5.9484017356829684e-02, 1.4666962114659261e-03,
          -7.6692283434314651e-04, -1.4309166945761271e-02,
          7.4096217839792469e-03, 2.1119946993403190e-03,
          -5.4162326231211113e-04, -4.8407283535230837e-04,
          6.0306193958066142e-05, 5.6306830626257235e-05,
          1.4666962114659268e-03, 2.3523153677762004e-02,
          3.6785200278511199e-04, 3.7436581521572157e-04,
          8.5052584277024671e-03, -7.1239190594429738e-04,
          8.9940327854562581e-03, 3.3002137427828458e-03,
          1.1958916687511188e-04, 9.8187568968246188e-05,
          -7.6692283434314629e-04, 3.6785200278511215e-04,
          1.6417663295533173e-02, 1.4613109734456645e-03,
          9.8567113834760597e-04, 5.0663180691638702e-03,
          3.7142230314394765e-03, 2.0956914900606936e-03,
          9.8838932001450806e-04, 2.1956791150232242e-05,
          -1.4309166945761271e-02, 3.7436581521572190e-04,
          1.4613109734456647e-03, 4.7763193017413434e-02,
          1.5958148909223525e-03, 4.6698352401956262e-03,
          7.5973846733145426e-03, 9.8951094060015735e-03,
          -7.2471948229331038e-03, 5.7575446972972059e-03,
          7.4096217839792469e-03, 8.5052584277024619e-03,
          9.8567113834760619e-04, 1.5958148909223525e-03,
          2.6995345121024533e-01, -7.5052663487279675e-03,
          9.4120842115496210e-03, 8.8095110731893217e-03,
          4.4636413957474492e-04, 8.9228176550223254e-04,
          2.1119946993403190e-03, -7.1239190594429738e-04,
          5.0663180691638702e-03, 4.6698352401956236e-03,
          -7.5052663487279684e-03, 5.1734603905244647e-02 ]
   - !!opencv-matrix
      rows: 10
      cols: 10
      dt: d
