%YAML:1.0
---
groups:
   - intact
   - CD19
   - blast
intactGmmnames:
   - "intact.48389.0"
   - "intact.48389.1"
   - "intact.48389.2"
   - "intact.48389.3"
   - "intact.48389.4"
intactLabels:
   - FSC-A
   - SSC-A
   - SY41
   - CD19
   - CD10
   - CD20
   - CD45
   - CD34
   - CD38
   - CD58
intactMu: !!opencv-matrix
   rows: 5
   cols: 10
   dt: d
   data: [ 1.3281148014878756e+00, 2.6552897703659106e-01,
       2.9297744661101026e+00, 1.2670944631783823e+00,
       1.0522345825094086e+00, 1.2352730194611881e+00,
       3.3236314075041449e+00, 9.8005200562144124e-01,
       1.8480623313220166e+00, 9.9377659830861509e-01,
       2.1453795531894495e+00, 1.5851461010429975e+00,
       2.9530608904664213e+00, 1.4329955708044178e+00,
       1.6318654100924466e+00, 1.6506174397608899e+00,
       2.8612198941747562e+00, 1.3432269403176100e+00,
       2.0940873640806630e+00, 2.0192663870767134e+00,
       1.5430041461699002e+00, 3.9532918334465517e-01,
       2.7881201984528658e+00, 1.2651728665748669e+00,
       1.0662694318149659e+00, 1.3005929991334022e+00,
       3.3591905047086263e+00, 9.9452262706131733e-01,
       1.6100430257076230e+00, 1.6263458412744931e+00,
       1.7006251300762312e+00, 5.3054137971089899e-01,
       2.7364746379834766e+00, 1.2865856193112948e+00,
       1.1746503587884161e+00, 1.3796429700604098e+00,
       3.4658508782306479e+00, 9.9484585128004788e-01,
       2.5501437188162006e+00, 1.8263922123905973e+00,
       1.3680211938697131e+00, 4.8678981427099183e-01,
       2.8802270164289383e+00, 1.2816352313125701e+00,
       1.2018257600513289e+00, 1.2443468981313535e+00,
       2.2326223613715208e+00, 1.0877219194957344e+00,
       1.6993656489384665e+00, 2.0152506088529907e+00 ]
intactSigma:
   - !!opencv-matrix
      rows: 10
      cols: 10
      dt: d
      data: [ 3.7494305497531320e-02, 2.6902837162041237e-03,
          -3.3354178132492953e-04, 6.7188355949031541e-06,
          -1.4780029824416373e-03, -1.2776452258363039e-03,
          2.1050698542541954e-03, 1.0513402541715475e-03,
          1.9279762697732275e-03, -6.1579386816272754e-03,
          2.6902837162041237e-03, 4.6636640813040508e-03,
          -5.8765969763684459e-04, -7.8940398037409978e-06,
          -3.8194827951797475e-04, -5.8210569649268762e-06,
          3.3029726300518509e-03, 8.8255864941705169e-04,
          -6.9437402411750453e-04, 1.5386357239106981e-02,
          -3.3354178132492937e-04, -5.8765969763684449e-04,
          5.3437305339750427e-03, 6.6269225955491471e-05,
          1.2586477468113136e-03, 2.0677844370533126e-04,
          -1.3225809048143908e-03, 1.7870550650521134e-04,
          -1.2578600189083226e-03, 1.6779154883119060e-03,
          6.7188355949031719e-06, -7.8940398037409961e-06,
          6.6269225955491471e-05, 1.4856732280820217e-03,
          -9.0687393972475774e-04, -2.4876368167382789e-04,
          -2.3169455071714074e-04, 2.5130844318033851e-04,
          9.0585485306861010e-04, 7.2234949484599974e-04,
          -1.4780029824416376e-03, -3.8194827951797491e-04,
          1.2586477468113136e-03, -9.0687393972475807e-04,
          8.9914055733155210e-03, 5.3719902208313071e-04,
          -4.0720044632806883e-04, -7.3320793511023061e-03,
          -1.9600241552373211e-03, 3.7367472469888633e-03,
          -1.2776452258363032e-03, -5.8210569649269058e-06,
          2.0677844370533128e-04, -2.4876368167382783e-04,
          5.3719902208313060e-04, 2.2465654020957553e-02,
          -2.8210210140003057e-04, 6.3159207543991727e-05,
          6.2257587463995898e-04, 3.7717931514000790e-03,
          2.1050698542541954e-03, 3.3029726300518518e-03,
          -1.3225809048143908e-03, -2.3169455071714071e-04,
          -4.0720044632806883e-04, -2.8210210140003068e-04,
          1.3113730446971493e-02, 1.8065416670976457e-04,
          -1.3417144110427584e-03, 4.2895436498947498e-03,
          1.0513402541715482e-03, 8.8255864941705201e-04,
          1.7870550650521142e-04, 2.5130844318033851e-04,
          -7.3320793511023044e-03, 6.3159207543991687e-05,
          1.8065416670976482e-04, 5.5814702745610914e-02,
          -4.7695334133653544e-04, 4.7107785632728759e-03,
          1.9279762697732281e-03, -6.9437402411750453e-04,
          -1.2578600189083226e-03, 9.0585485306861032e-04,
          -1.9600241552373216e-03, 6.2257587463995865e-04,
          -1.3417144110427579e-03, -4.7695334133653511e-04,
          6.9306259227755532e-02, 1.1465423116144639e-04,
          -6.1579386816272754e-03, 1.5386357239106981e-02,
          1.6779154883119053e-03, 7.2234949484600017e-04,
          3.7367472469888642e-03, 3.7717931514000794e-03,
          4.2895436498947490e-03, 4.7107785632728759e-03,
          1.1465423116144676e-04, 1.8574129439604786e-01 ]
   - !!opencv-matrix
      rows: 10
      cols: 10
      dt: d
      data: [ 7.3665133899774415e-01, 6.4359791852918369e-01,
          1.6794560584713479e-02, -2.7249058320278383e-02,
          1.3385899857985745e-01, -1.7479023600398377e-01,
          -4.6159097519840167e-02, 1.7662677562015110e-02,
          -3.9541611945563271e-02, 2.2507087270895657e-01,
          6.4359791852918369e-01, 1.4982135991378736e+00,
          8.5677002641345798e-02, -5.1983784969346782e-02,
          2.0824104852365274e-01, -2.7280092139679768e-01,
          -3.7270171462033333e-02, -6.7940061319091485e-02,
          -1.6734395777664057e-01, 3.2188933076919729e-01,
          1.6794560584713479e-02, 8.5677002641345798e-02,
          7.6543856734371488e-02, -6.4783452525207395e-03,
          6.7052020932836442e-03, -3.5556975221833816e-03,
          -2.8391760046929861e-02, 2.3589761172154756e-02,
          -1.8799365237186019e-02, 1.9843937675060441e-02,
          -2.7249058320278383e-02, -5.1983784969346782e-02,
          -6.4783452525207404e-03, 6.1661587043751062e-02,
          3.5567060530180255e-03, 7.3728591236047816e-02,
          3.6697465926389609e-02, -2.6648384947483041e-02,
          2.4913611330548775e-02, -1.3903882919812836e-02,
          1.3385899857985745e-01, 2.0824104852365274e-01,
          6.7052020932836399e-03, 3.5567060530180255e-03,
          3.1040702441956886e-01, -6.9742701805106735e-02,
          -5.7592865906716049e-02, -9.2625386175385072e-03,
          -1.3613913646939171e-02, 7.7092391875498364e-02,
          -1.7479023600398377e-01, -2.7280092139679768e-01,
          -3.5556975221833821e-03, 7.3728591236047816e-02,
          -6.9742701805106749e-02, 3.4903748430680398e-01,
          1.0292784270405572e-01, -1.4680976651261482e-02,
          2.5183094216687886e-02, -8.0046716538330356e-02,
          -4.6159097519840167e-02, -3.7270171462033340e-02,
          -2.8391760046929861e-02, 3.6697465926389609e-02,
          -5.7592865906716049e-02, 1.0292784270405574e-01,
          3.0639588510002252e-01, -1.1592621146875598e-01,
          1.3901432375064471e-01, 2.4910079035887014e-02,
          1.7662677562015110e-02, -6.7940061319091485e-02,
          2.3589761172154756e-02, -2.6648384947483041e-02,
          -9.2625386175385072e-03, -1.4680976651261482e-02,
          -1.1592621146875598e-01, 3.8004395491064780e-01,
          -2.7985469554340402e-02, 1.4311722491113408e-02,
          -3.9541611945563271e-02, -1.6734395777664057e-01,
          -1.8799365237186019e-02, 2.4913611330548775e-02,
          -1.3613913646939167e-02, 2.5183094216687879e-02,
          1.3901432375064471e-01, -2.7985469554340406e-02,
          3.6580170706121573e-01, 6.8555766038035190e-02,
          2.2507087270895657e-01, 3.2188933076919729e-01,
          1.9843937675060441e-02, -1.3903882919812842e-02,
          7.7092391875498364e-02, -8.0046716538330356e-02,
          2.4910079035887017e-02, 1.4311722491113408e-02,
          6.8555766038035190e-02, 2.8800289230518006e-01 ]
   - !!opencv-matrix
      rows: 10
      cols: 10
      dt: d
