%YAML:1.0
---
groups:
   - intact
   - CD19
   - blast
intactGmmnames:
   - "intact.48576.0"
   - "intact.48576.1"
   - "intact.48576.2"
   - "intact.48576.3"
   - "intact.48576.4"
intactLabels:
   - FSC-A
   - SSC-A
   - SY41
   - CD19
   - CD10
   - CD20
   - CD45
   - CD34
   - CD38
   - CD58
intactMu: !!opencv-matrix
   rows: 5
   cols: 10
   dt: d
   data: [ 1.0980234244773901e+00, 4.1236473237451093e-01,
       2.7989740690112210e+00, 1.2803473895043398e+00,
       1.0863448756795884e+00, 8.7931617899544723e-01,
       3.3490141087386309e+00, 9.9267901980711049e-01,
       1.8000448652940397e+00, 1.6173243178425183e+00,
       1.9595967272992834e+00, 2.9761871756506468e+00,
       3.0853654289529038e+00, 1.3447798086700062e+00,
       2.1705387061919832e+00, 1.1211749357926430e+00,
       3.0418681201650193e+00, 1.1678989208694337e+00,
       1.6101636944061510e+00, 2.3320271435794808e+00,
       6.2518497565470932e-01, 3.0761749379754905e-01,
       3.1420007143133959e+00, 1.2850663406354561e+00,
       1.1297107733700467e+00, 9.8973825813958416e-01,
       1.6654184611127498e+00, 1.0814844317499381e+00,
       1.3613594673930633e+00, 2.4316967936860996e+00,
       1.2839696627570136e+00, 9.4382345183555583e-01,
       3.1567154384786589e+00, 1.3329375150182803e+00,
       1.2385349329690711e+00, 1.1402937591610667e+00,
       2.7682660100808016e+00, 1.1461083336480506e+00,
       1.8701963548436233e+00, 2.2652617173971659e+00,
       9.3315133438828990e-01, 2.6097871935903788e-01,
       2.9820248064269541e+00, 1.2814816235903661e+00,
       1.0987916766869608e+00, 9.6518332455218403e-01,
       3.2381411988503417e+00, 9.8758976932838149e-01,
       1.5521159858119256e+00, 1.0481465537162531e+00 ]
intactSigma:
   - !!opencv-matrix
      rows: 10
      cols: 10
      dt: d
      data: [ 4.5359246472960420e-02, 9.3000645804093892e-03,
          -1.1371169905644532e-02, -3.4227363640800429e-04,
          -5.5492386462115541e-04, -4.7033554028131346e-03,
          1.1186272125269511e-02, 3.9910186761463634e-04,
          -9.1916199059581920e-03, 3.0318074709799272e-02,
          9.3000645804093909e-03, 1.5483086541272206e-02,
          -6.9454522870394629e-03, -6.4060347249088106e-05,
          2.1102104506984323e-05, -3.5080418818488452e-03,
          8.4570645470614172e-03, 1.3437888805639176e-03,
          -3.2435244392824635e-03, 3.7966448080825596e-02,
          -1.1371169905644534e-02, -6.9454522870394629e-03,
          2.3008040695879240e-02, 2.6163913180029500e-04,
          8.4349238098299683e-04, 5.1148290994100449e-03,
          -5.5814209739900146e-03, 1.5333932097885792e-04,
          6.8884279782572607e-03, -2.1137611183119069e-02,
          -3.4227363640800440e-04, -6.4060347249088093e-05,
          2.6163913180029505e-04, 7.4157537233463010e-04,
          -4.4270625228406209e-04, -3.5455431151635712e-04,
          -4.2271706803839401e-04, 3.1438971679171365e-04,
          1.2815479746567996e-03, -1.5105416836337228e-04,
          -5.5492386462115541e-04, 2.1102104506984290e-05,
          8.4349238098299661e-04, -4.4270625228406214e-04,
          2.9265381878099623e-03, 3.5265655862245794e-04,
          3.7407607360205284e-05, -1.6153833703542451e-03,
          -1.0572282074526639e-03, 8.7509735015930219e-04,
          -4.7033554028131346e-03, -3.5080418818488452e-03,
          5.1148290994100466e-03, -3.5455431151635702e-04,
          3.5265655862245783e-04, 8.9133093933723206e-02,
          -2.9487572944799389e-03, 5.9932344798049452e-04,
          -1.6382956829278879e-02, -9.7135464925528145e-03,
          1.1186272125269511e-02, 8.4570645470614172e-03,
          -5.5814209739900138e-03, -4.2271706803839412e-04,
          3.7407607360205216e-05, -2.9487572944799393e-03,
          2.2512633213779280e-02, -6.4319523824472999e-04,
          3.2625591530489832e-03, 2.5746693825383322e-02,
          3.9910186761463624e-04, 1.3437888805639176e-03,
          1.5333932097885786e-04, 3.1438971679171365e-04,
          -1.6153833703542451e-03, 5.9932344798049484e-04,
          -6.4319523824472977e-04, 1.6770994318582158e-02,
          -7.9149429908409983e-04, 6.1788220174748198e-03,
          -9.1916199059581937e-03, -3.2435244392824635e-03,
          6.8884279782572607e-03, 1.2815479746567996e-03,
          -1.0572282074526639e-03, -1.6382956829278879e-02,
          3.2625591530489832e-03, -7.9149429908410027e-04,
          1.4832259947674878e-01, -3.3094645096669810e-02,
          3.0318074709799265e-02, 3.7966448080825596e-02,
          -2.1137611183119069e-02, -1.5105416836337234e-04,
          8.7509735015930251e-04, -9.7135464925528180e-03,
          2.5746693825383329e-02, 6.1788220174748181e-03,
          -3.3094645096669817e-02, 2.0167370044772534e-01 ]
   - !!opencv-matrix
      rows: 10
      cols: 10
      dt: d
      data: [ 1.6257896330150626e-01, 1.1656527279827932e-01,
          -1.6607970194318117e-02, -3.1107846354300769e-04,
          -2.2353733612092100e-02, 5.1123020410095100e-03,
          -1.6790101292200423e-03, 9.9918611085657374e-03,
          1.4145268324822191e-02, 8.7967129574751113e-03,
          1.1656527279827932e-01, 3.3676407398432262e-01,
          -1.9347940438765702e-02, 3.6780030835113970e-03,
          4.2140873389094398e-02, 4.6385530471797732e-03,
          2.0323363596569041e-02, 1.4370092297171254e-02,
          1.4917728303680263e-02, 1.6709861125224740e-02,
          -1.6607970194318113e-02, -1.9347940438765702e-02,
          3.4287723686418872e-02, -1.7265169954152313e-03,
          -1.1514086721501940e-02, 1.9062109975515650e-03,
          -4.4431932790791476e-03, -2.8323348659342010e-04,
          -4.4540707458922179e-03, -1.1694457812076171e-03,
          -3.1107846354300769e-04, 3.6780030835113970e-03,
          -1.7265169954152313e-03, 1.0780471650712291e-02,
          9.2015151944914667e-03, 2.5784517794365272e-05,
          3.4706979952465805e-03, 8.2412479514884637e-04,
          4.5686964341635893e-03, 1.3607651937152475e-03,
          -2.2353733612092100e-02, 4.2140873389094405e-02,
          -1.1514086721501941e-02, 9.2015151944914685e-03,
          1.6177583438089863e-01, 1.2273619577035710e-02,
          3.7781286411741666e-02, 4.5017138859396660e-04,
          8.1069123520767471e-03, 1.1969729271100824e-02,
          5.1123020410095118e-03, 4.6385530471797750e-03,
          1.9062109975515659e-03, 2.5784517794365431e-05,
          1.2273619577035710e-02, 7.3367949987755601e-02,
          3.5918636471686362e-03, 2.3061981055809821e-03,
          -6.0894420731530214e-03, 1.4998475135960239e-03,
          -1.6790101292200427e-03, 2.0323363596569041e-02,
          -4.4431932790791467e-03, 3.4706979952465805e-03,
          3.7781286411741666e-02, 3.5918636471686366e-03,
          1.7560647844782607e-02, 2.3135257847203146e-03,
          4.3654815872666728e-03, 4.8713467914653745e-03,
          9.9918611085657357e-03, 1.4370092297171263e-02,
          -2.8323348659341988e-04, 8.2412479514884680e-04,
          4.5017138859396709e-04, 2.3061981055809821e-03,
          2.3135257847203146e-03, 7.2943149476396615e-02,
          4.0761927022367871e-03, 2.5759549129867831e-03,
          1.4145268324822191e-02, 1.4917728303680263e-02,
          -4.4540707458922161e-03, 4.5686964341635876e-03,
          8.1069123520767471e-03, -6.0894420731530240e-03,
          4.3654815872666728e-03, 4.0761927022367863e-03,
          2.7384619486954934e-02, 6.4554059963290592e-03,
          8.7967129574751113e-03, 1.6709861125224740e-02,
          -1.1694457812076169e-03, 1.3607651937152475e-03,
          1.1969729271100822e-02, 1.4998475135960243e-03,
          4.8713467914653745e-03, 2.5759549129867826e-03,
          6.4554059963290592e-03, 1.5089030569195234e-02 ]
   - !!opencv-matrix
      rows: 10
      cols: 10
      dt: d
