%YAML:1.0
---
groups:
   - intact
   - CD19
   - blast
intactGmmnames:
   - "intact.49006.0"
   - "intact.49006.1"
   - "intact.49006.2"
   - "intact.49006.3"
   - "intact.49006.4"
intactLabels:
   - FSC-A
   - SSC-A
   - SY41
   - CD19
   - CD10
   - CD20
   - CD45
   - CD34
   - CD38
   - CD58
intactMu: !!opencv-matrix
   rows: 5
   cols: 10
   dt: d
   data: [ 1.9679525679597467e+00, 2.6653987263827630e+00,
       2.7788098715500520e+00, 1.2941734108311693e+00,
       2.5761879330280499e+00, 1.2248437556711818e+00,
       3.0596199369384811e+00, 1.2969863411011573e+00,
       1.5604402029834572e+00, 2.2187476191754638e+00,
       1.0558156584800003e+00, 2.3132025298728653e-01,
       2.8589598216463612e+00, 1.0951243220812950e+00,
       1.2379803588292442e+00, 1.0846132185208053e+00,
       3.2380668624058995e+00, 1.0464027678403289e+00,
       1.8722590744243950e+00, 1.2307953436535877e+00,
       1.0353386459527552e+00, 4.1354588922150165e-01,
       2.6450234573974725e+00, 1.1396439842368002e+00,
       1.1658316630763301e+00, 1.0847379894013509e+00,
       1.7392734400660728e+00, 1.1568751014907499e+00,
       1.4867310574302259e+00, 2.5809778166046700e+00,
       1.5573912282904216e+00, 9.2503105415360853e-01,
       2.7028956885448570e+00, 1.1816832561916826e+00,
       1.7508314013082573e+00, 1.1810604230441490e+00,
       3.0227022401497399e+00, 1.3315025986550970e+00,
       2.0472587599630927e+00, 2.1126970882411520e+00,
       2.7005553741943640e+00, 2.4561653139549389e+00,
       2.7611960127074560e+00, 1.1542695788424797e+00,
       1.3129801134332522e+00, 1.1628385046445036e+00,
       2.8295716845200847e+00, 1.2420259948192975e+00,
       1.9641631566003914e+00, 2.2900702321531736e+00 ]
intactSigma:
   - !!opencv-matrix
      rows: 10
      cols: 10
      dt: d
      data: [ 2.5461344805950931e-01, 2.0000601600608292e-01,
          -6.8438893244598203e-02, 8.9616204074008769e-03,
          3.6158867262202583e-02, -6.0471493586274228e-03,
          5.0963839089933682e-02, 1.8943955958935613e-02,
          2.5154294358378054e-02, 4.0664791677713211e-02,
          2.0000601600608292e-01, 3.4642101553785454e-01,
          -5.8348351504520821e-02, 1.0063638876126681e-02,
          4.5503278945273451e-02, 3.9766825970435828e-04,
          4.3821841701173286e-02, 2.4984586819024813e-02,
          2.6038105900800166e-02, 4.1722485720086265e-02,
          -6.8438893244598190e-02, -5.8348351504520821e-02,
          9.0509982100580325e-02, -1.1239038209889863e-03,
          -2.1728348873881351e-02, 1.3399364608128357e-02,
          -2.7287379089322380e-02, -4.4638838778566435e-04,
          -1.3420877460394005e-02, -2.5255064966406317e-02,
          8.9616204074008752e-03, 1.0063638876126683e-02,
          -1.1239038209889859e-03, 6.5043946059017754e-02,
          2.7456950087316394e-02, 2.3180308597451679e-03,
          1.2065164316392138e-02, 8.3789396662877196e-03,
          1.3321927418259922e-02, 2.8830599409637968e-03,
          3.6158867262202583e-02, 4.5503278945273451e-02,
          -2.1728348873881351e-02, 2.7456950087316394e-02,
          1.4351901439242915e-01, 1.1043905379721562e-03,
          4.8404984864986685e-02, 9.1520651892595672e-03,
          5.3876425616772253e-03, 1.1475828690597701e-02,
          -6.0471493586274228e-03, 3.9766825970435833e-04,
          1.3399364608128357e-02, 2.3180308597451687e-03,
          1.1043905379721566e-03, 6.2383065988191842e-02,
          -2.0684986276197251e-03, 4.6675043114153816e-03,
          -1.0062915275907195e-02, -3.1357293558495190e-03,
          5.0963839089933682e-02, 4.3821841701173272e-02,
          -2.7287379089322376e-02, 1.2065164316392138e-02,
          4.8404984864986685e-02, -2.0684986276197246e-03,
          4.4730233110624004e-02, 9.8657032728567788e-03,
          7.2567829276952364e-03, 1.6193602419044419e-02,
          1.8943955958935610e-02, 2.4984586819024813e-02,
          -4.4638838778566451e-04, 8.3789396662877179e-03,
          9.1520651892595638e-03, 4.6675043114153833e-03,
          9.8657032728567736e-03, 1.2832181522017713e-01,
          5.2570478665013021e-03, 4.3353671206323181e-03,
          2.5154294358378054e-02, 2.6038105900800176e-02,
          -1.3420877460394005e-02, 1.3321927418259922e-02,
          5.3876425616772227e-03, -1.0062915275907195e-02,
          7.2567829276952364e-03, 5.2570478665013029e-03,
          5.9641632954917215e-02, 1.9382464016758357e-02,
          4.0664791677713211e-02, 4.1722485720086272e-02,
          -2.5255064966406317e-02, 2.8830599409637968e-03,
          1.1475828690597698e-02, -3.1357293558495190e-03,
          1.6193602419044419e-02, 4.3353671206323172e-03,
          1.9382464016758350e-02, 4.3948193924101105e-02 ]
   - !!opencv-matrix
      rows: 10
      cols: 10
      dt: d
      data: [ 4.6514082573227734e-02, 4.4276665249735926e-03,
          -6.8730145462888755e-03, -1.5509343467671193e-03,
          3.2407225733189966e-03, -1.5447554487953389e-03,
          6.7749678438374320e-03, 1.9014571122626244e-04,
          -4.0101244772004904e-03, 2.0135591591317243e-02,
          4.4276665249735935e-03, 4.7390142714694760e-03,
          -2.6548034980668184e-04, -4.7808953906756680e-04,
          5.8657766807950424e-03, 4.6505105148704896e-04,
          3.8014135501150551e-03, 7.6482370470488741e-04,
          -6.2847639238540849e-03, 2.2755934483226586e-02,
          -6.8730145462888755e-03, -2.6548034980668184e-04,
          6.3613731613282086e-03, 2.1771854719391907e-04,
          1.0118790204599638e-04, 9.8248848612675810e-04,
          -8.3136816143086854e-04, 1.7472554160417436e-04,
          -3.5333248544988818e-03, -1.8838391080505013e-03,
          -1.5509343467671190e-03, -4.7808953906756680e-04,
          2.1771854719391907e-04, 8.9808153413925597e-03,
          -4.7744417238754222e-03, -6.1224502502336281e-04,
          -9.1316219243132871e-04, 2.0391407697615081e-03,
          4.0942248767352578e-03, 4.5257826896711077e-04,
          3.2407225733189979e-03, 5.8657766807950424e-03,
          1.0118790204599628e-04, -4.7744417238754222e-03,
          9.7331751142883990e-02, 2.8012410468202095e-03,
          8.2690593283865823e-03, -6.2386756557908287e-03,
          -1.9540902442477519e-02, 4.8323466947896576e-02,
          -1.5447554487953387e-03, 4.6505105148704885e-04,
          9.8248848612675810e-04, -6.1224502502336281e-04,
          2.8012410468202095e-03, 4.8781056919133994e-02,
          6.3145286391752585e-04, 7.3348327129985113e-04,
          -1.6861123901621169e-02, 2.6894822248223729e-03,
          6.7749678438374320e-03, 3.8014135501150551e-03,
          -8.3136816143086865e-04, -9.1316219243132849e-04,
          8.2690593283865840e-03, 6.3145286391752596e-04,
          1.1153138756217243e-02, 5.7454294922337703e-04,
          -8.1219155894426930e-03, 1.6170039410409634e-02,
          1.9014571122626253e-04, 7.6482370470488730e-04,
          1.7472554160417430e-04, 2.0391407697615089e-03,
          -6.2386756557908278e-03, 7.3348327129985113e-04,
          5.7454294922337714e-04, 7.9633190952857702e-02,
          2.2803652846298738e-04, 9.3559797658954794e-03,
          -4.0101244772004904e-03, -6.2847639238540849e-03,
          -3.5333248544988818e-03, 4.0942248767352569e-03,
          -1.9540902442477519e-02, -1.6861123901621162e-02,
          -8.1219155894426930e-03, 2.2803652846298738e-04,
          1.8151967830293367e-01, -3.0831673166788424e-02,
          2.0135591591317246e-02, 2.2755934483226589e-02,
          -1.8838391080505013e-03, 4.5257826896711017e-04,
          4.8323466947896576e-02, 2.6894822248223721e-03,
          1.6170039410409637e-02, 9.3559797658954794e-03,
          -3.0831673166788424e-02, 2.5507399527705960e-01 ]
   - !!opencv-matrix
      rows: 10
      cols: 10
      dt: d
