%YAML:1.0
---
groups:
   - intact
   - CD19
   - blast
intactGmmnames:
   - "intact.49527.0"
   - "intact.49527.1"
   - "intact.49527.2"
   - "intact.49527.3"
   - "intact.49527.4"
intactLabels:
   - FSC-A
   - SSC-A
   - SY41
   - CD19
   - CD10
   - CD20
   - CD45
   - CD34
   - CD38
   - CD58
intactMu: !!opencv-matrix
   rows: 5
   cols: 10
   dt: d
   data: [ 2.3756449312641745e+00, 2.9836173832367323e+00,
       2.3323049806206386e+00, 1.0063586246027663e+00,
       1.7062861302811381e+00, 1.3072897279493572e+00,
       3.2726200070440266e+00, 9.8790348872914591e-01,
       1.7753815513997859e+00, 2.4801408394824942e+00,
       1.9522364600171864e+00, 1.6852585294441982e+00,
       2.4737750569671157e+00, 1.3580084158938699e+00,
       2.1925786018515216e+00, 1.5182972662226599e+00,
       2.9550305314818734e+00, 1.1142273214398559e+00,
       2.0964656997885798e+00, 2.4183695799192853e+00,
       2.5149159314225438e+00, 3.1858887981355957e+00,
       2.2921466703541959e+00, 1.2062196531557088e+00,
       1.8987232682775690e+00, 1.4297613993452563e+00,
       3.3864345400589646e+00, 9.9110724224386726e-01,
       1.9198966745380055e+00, 2.5852940019371502e+00,
       2.4775352600478517e+00, 3.0855585406684694e+00,
       2.3775627923009730e+00, 1.0481620510305549e+00,
       1.7676551191735697e+00, 1.3291992434392084e+00,
       3.3167798848996091e+00, 1.0211830367218868e+00,
       2.0927622787092424e+00, 2.6101213995469403e+00,
       2.6014550311607407e+00, 3.1177898450726556e+00,
       2.4453907199210674e+00, 1.5279293770049709e+00,
       2.2454110336513375e+00, 1.8075454239160107e+00,
       3.4043293010413285e+00, 1.3273968311545663e+00,
       2.1662730233478755e+00, 2.6865831640613127e+00 ]
intactSigma:
   - !!opencv-matrix
      rows: 10
      cols: 10
      dt: d
      data: [ 2.2142447530717471e-01, 1.4092804875691947e-01,
          1.7528316518151876e-03, 2.5169705933312013e-03,
          1.6814752824686821e-02, 1.1276799119699052e-02,
          5.5922150074412978e-03, 9.7988811873936186e-03,
          5.8880985421849190e-03, 1.2587728269065583e-02,
          1.4092804875691947e-01, 3.2367927472373054e-01,
          -1.0314125268802985e-03, -3.6372415316438590e-03,
          3.0810238277236068e-02, 8.1365853919062939e-03,
          2.3245883968902346e-02, 6.0164428582573119e-03,
          7.3662325214495297e-03, 1.8598101091964372e-02,
          1.7528316518151874e-03, -1.0314125268802979e-03,
          1.3666230056621929e-02, 2.9141958061569013e-03,
          4.1625500598254008e-03, 4.5526271792592802e-03,
          -1.9538057600950866e-03, 2.2031645560084356e-03,
          -1.1826442049455265e-03, -4.0450220347543816e-04,
          2.5169705933312009e-03, -3.6372415316438568e-03,
          2.9141958061569013e-03, 2.5772739724739254e-02,
          8.8711475421122141e-04, 5.2012221477560679e-03,
          -9.1292092177978588e-03, 4.9509529445966177e-03,
          6.6441236259394334e-04, -1.5157053380019509e-03,
          1.6814752824686825e-02, 3.0810238277236068e-02,
          4.1625500598254008e-03, 8.8711475421122162e-04,
          1.1527250950371645e-01, 1.3319004797303736e-02,
          -2.9134337784791609e-03, -1.5052439964390414e-02,
          -1.2081865501597688e-02, -6.7374464297865954e-03,
          1.1276799119699057e-02, 8.1365853919062921e-03,
          4.5526271792592811e-03, 5.2012221477560662e-03,
          1.3319004797303739e-02, 3.7497385593933327e-02,
          -2.1292321794947585e-03, 1.6664704147261681e-03,
          -3.1900062546233380e-03, 8.7565435579265512e-04,
          5.5922150074412960e-03, 2.3245883968902353e-02,
          -1.9538057600950870e-03, -9.1292092177978588e-03,
          -2.9134337784791609e-03, -2.1292321794947585e-03,
          2.5131212830776257e-02, -7.3008795188860805e-03,
          2.0275022226684965e-03, 5.9259546061939811e-03,
          9.7988811873936186e-03, 6.0164428582573093e-03,
          2.2031645560084347e-03, 4.9509529445966177e-03,
          -1.5052439964390412e-02, 1.6664704147261685e-03,
          -7.3008795188860822e-03, 1.0583367517155751e-01,
          2.7623209290853837e-03, 1.8663055362277129e-04,
          5.8880985421849190e-03, 7.3662325214495297e-03,
          -1.1826442049455268e-03, 6.6441236259394269e-04,
          -1.2081865501597686e-02, -3.1900062546233380e-03,
          2.0275022226684965e-03, 2.7623209290853824e-03,
          1.9817600113774529e-02, 7.8242794483568585e-03,
          1.2587728269065585e-02, 1.8598101091964379e-02,
          -4.0450220347543805e-04, -1.5157053380019511e-03,
          -6.7374464297865980e-03, 8.7565435579265501e-04,
          5.9259546061939811e-03, 1.8663055362277113e-04,
          7.8242794483568585e-03, 1.6755613749807916e-02 ]
   - !!opencv-matrix
      rows: 10
      cols: 10
      dt: d
      data: [ 6.2454584067288366e-01, 3.7142305875606679e-01,
          5.5574115739499677e-02, 1.1925231226868645e-01,
          9.6063616133207075e-02, 2.9397035094972209e-02,
          1.9381199025809512e-01, 2.3615545445325029e-02,
          1.6478946521895177e-01, 1.3394534313748516e-01,
          3.7142305875606679e-01, 8.2090718835381693e-01,
          7.9506978727018687e-02, 3.9405201944027413e-01,
          4.2586573029604807e-01, 1.6018016770064550e-01,
          1.4057172681572170e-02, 9.1624622260237196e-02,
          1.3239164361816891e-01, 6.3450223336923767e-02,
          5.5574115739499677e-02, 7.9506978727018687e-02,
          8.9140308658429854e-02, 6.2046202602427616e-02,
          5.2002249386668691e-02, 3.9435225664394967e-02,
          -2.7652061729730174e-02, 6.6654457098419675e-02,
          5.9131423800649556e-02, 3.0150391745459696e-02,
          1.1925231226868645e-01, 3.9405201944027413e-01,
          6.2046202602427616e-02, 5.7877535015079062e-01,
          5.2186083303904673e-01, 2.5984436656856658e-01,
          -1.6635261090096698e-01, 1.0901041833452778e-01,
          6.2592507296511044e-02, -1.8999684856955992e-02,
          9.6063616133207075e-02, 4.2586573029604807e-01,
          5.2002249386668691e-02, 5.2186083303904673e-01,
          9.2095393340917653e-01, 3.1221184095165044e-01,
          -1.9045396245038465e-01, 3.7548794403627204e-02,
          -3.1193948346831115e-02, -6.1824641909119536e-02,
          2.9397035094972216e-02, 1.6018016770064550e-01,
          3.9435225664394967e-02, 2.5984436656856658e-01,
          3.1221184095165044e-01, 2.7025607332600116e-01,
          -8.0732612564614906e-02, 2.9734704463417218e-02,
          -4.2441734526318060e-02, -1.1124700244371361e-02,
          1.9381199025809509e-01, 1.4057172681572165e-02,
          -2.7652061729730178e-02, -1.6635261090096698e-01,
          -1.9045396245038465e-01, -8.0732612564614906e-02,
          4.1637710511979048e-01, -1.2113917739180045e-01,
          8.6776653117628097e-02, 7.6488013974440425e-02,
          2.3615545445325029e-02, 9.1624622260237196e-02,
          6.6654457098419675e-02, 1.0901041833452778e-01,
          3.7548794403627218e-02, 2.9734704463417212e-02,
          -1.2113917739180045e-01, 4.2125965746015481e-01,
          1.3246196668702045e-01, 3.9915247432502909e-02,
          1.6478946521895171e-01, 1.3239164361816891e-01,
          5.9131423800649556e-02, 6.2592507296511044e-02,
          -3.1193948346831115e-02, -4.2441734526318060e-02,
          8.6776653117628125e-02, 1.3246196668702045e-01,
          4.2207677967693141e-01, 7.9600785534656729e-02,
          1.3394534313748516e-01, 6.3450223336923767e-02,
          3.0150391745459696e-02, -1.8999684856955992e-02,
          -6.1824641909119536e-02, -1.1124700244371358e-02,
          7.6488013974440439e-02, 3.9915247432502909e-02,
          7.9600785534656729e-02, 1.3572434716825682e-01 ]
   - !!opencv-matrix
      rows: 10
      cols: 10
      dt: d
