%YAML:1.0
---
groups:
   - intact
   - CD19
   - blast
intactGmmnames:
   - "intact.49538.0"
   - "intact.49538.1"
   - "intact.49538.2"
   - "intact.49538.3"
   - "intact.49538.4"
intactLabels:
   - FSC-A
   - SSC-A
   - SY41
   - CD19
   - CD10
   - CD20
   - CD45
   - CD34
   - CD38
   - CD58
intactMu: !!opencv-matrix
   rows: 5
   cols: 10
   dt: d
   data: [ 1.0264485463528805e+00, 3.0438033125548436e-01,
       2.5413068872373348e+00, 1.0628286134957849e+00,
       1.1385687845467607e+00, 1.1304657818395687e+00,
       3.3171350124454939e+00, 1.0834099592720234e+00,
       1.7768525712220915e+00, 1.1233753755864246e+00,
       2.2703391037941203e+00, 3.0820371779568490e+00,
       2.6578255578031991e+00, 1.1687349813868357e+00,
       2.1926396022813224e+00, 1.2647407722828232e+00,
       2.8708959364426589e+00, 1.2269723761535964e+00,
       1.6598640507350222e+00, 2.4671454715799475e+00,
       1.6224035181905403e+00, 1.2330838752375861e+00,
       2.4901596693992047e+00, 1.1787803276246103e+00,
       1.4500894362748509e+00, 1.2041135333617465e+00,
       2.6586212645220586e+00, 1.2094914797481076e+00,
       2.1467581467808947e+00, 2.2621630338016585e+00,
       8.3770198097037807e-01, 3.2564998167385673e-01,
       2.4219087164719406e+00, 1.1168474986109771e+00,
       1.2975698667480398e+00, 1.1465336540050479e+00,
       1.1236311781608523e+00, 1.1674276501296386e+00,
       1.5534565922539540e+00, 2.4979305132670215e+00,
       1.2018312326884821e+00, 5.1530431244707064e-01,
       2.2706304672137256e+00, 9.7044933938166711e-01,
       1.2344690875785000e+00, 1.1403839120056443e+00,
       3.4469002770313084e+00, 1.0507377094259025e+00,
       1.7966761159363571e+00, 1.8939361566355584e+00 ]
intactSigma:
   - !!opencv-matrix
      rows: 10
      cols: 10
      dt: d
      data: [ 2.6241247434183233e-02, 2.8960002459084431e-03,
          -2.7144287798926037e-03, -5.2452949841904446e-04,
          -7.7174438367908231e-04, 3.8199270231250107e-04,
          1.6749060402274807e-03, -9.8721039872083885e-05,
          -3.9966463524258129e-03, 7.8462663594884661e-03,
          2.8960002459084431e-03, 5.8262432242741592e-03,
          -1.8852432028285799e-03, -7.6472988099079314e-04,
          5.0036112133975081e-06, 6.4256023482604915e-04,
          2.7926377343784519e-03, 1.9918761116901777e-04,
          -8.0918529033090700e-03, 2.3935270531348949e-02,
          -2.7144287798926033e-03, -1.8852432028285799e-03,
          1.1308306729731299e-02, 7.1471054216923813e-04,
          1.3004576782516958e-03, -2.4906538094591509e-04,
          -8.4062709514386971e-04, 5.1532859849485026e-04,
          4.7619388221915495e-03, -6.8745456464687077e-03,
          -5.2452949841904489e-04, -7.6472988099079314e-04,
          7.1471054216923813e-04, 8.1231987926266847e-03,
          -5.8544785000012095e-03, -1.0930781040666465e-03,
          -9.9267670985842601e-04, 1.4896173762290322e-03,
          5.4422012123539710e-03, -3.1417849946378347e-03,
          -7.7174438367908220e-04, 5.0036112133975470e-06,
          1.3004576782516962e-03, -5.8544785000012095e-03,
          2.0518335305931182e-02, 9.9809784182354954e-04,
          -8.5797018312412613e-05, -9.5655095070373581e-03,
          -4.7992853843436675e-03, 2.6886456785129857e-03,
          3.8199270231250101e-04, 6.4256023482604915e-04,
          -2.4906538094591530e-04, -1.0930781040666465e-03,
          9.9809784182354933e-04, 2.7949618565896565e-02,
          5.1019799112046000e-04, -3.3312394809578157e-04,
          -1.4244320921850861e-02, 4.1133765483900523e-03,
          1.6749060402274807e-03, 2.7926377343784519e-03,
          -8.4062709514386939e-04, -9.9267670985842601e-04,
          -8.5797018312412546e-05, 5.1019799112046022e-04,
          9.1099698597350946e-03, -4.5093189290001435e-04,
          -6.8459421247062920e-03, 4.4159770919335187e-03,
          -9.8721039872084129e-05, 1.9918761116901812e-04,
          5.1532859849485004e-04, 1.4896173762290318e-03,
          -9.5655095070373581e-03, -3.3312394809578114e-04,
          -4.5093189290001446e-04, 5.9680589812129044e-02,
          2.6377435113096141e-03, 2.1025181479121459e-03,
          -3.9966463524258120e-03, -8.0918529033090700e-03,
          4.7619388221915495e-03, 5.4422012123539728e-03,
          -4.7992853843436684e-03, -1.4244320921850859e-02,
          -6.8459421247062894e-03, 2.6377435113096141e-03,
          1.0474876784998505e-01, -5.0550046014816073e-02,
          7.8462663594884626e-03, 2.3935270531348949e-02,
          -6.8745456464687077e-03, -3.1417849946378334e-03,
          2.6886456785129866e-03, 4.1133765483900523e-03,
          4.4159770919335187e-03, 2.1025181479121459e-03,
          -5.0550046014816080e-02, 2.6412892684938072e-01 ]
   - !!opencv-matrix
      rows: 10
      cols: 10
      dt: d
      data: [ 1.6252943694547484e-01, 1.2316527688241832e-01,
          -1.7702750659504676e-02, -7.0495791177878754e-04,
          -1.0356627172490411e-02, 3.0857596145644262e-03,
          -2.4728348825751264e-03, 5.9578356372465540e-03,
          1.1230139218875824e-02, 9.3854267764294629e-03,
          1.2316527688241832e-01, 3.5803692558661770e-01,
          -4.1968176152497566e-02, 5.4388265167920960e-03,
          6.8443787628284264e-02, 1.1805904226592397e-02,
          2.5642843638304384e-02, 9.6478526457014074e-03,
          1.2765566385265664e-02, 2.2365316850628945e-02,
          -1.7702750659504676e-02, -4.1968176152497566e-02,
          3.4056690156187154e-02, -1.4679254251644257e-03,
          -1.4755898734071600e-02, -5.7070426796333805e-04,
          -4.4746451540719689e-03, -5.1266368160284831e-05,
          -1.2567517682926608e-03, -3.0347056224488619e-03,
          -7.0495791177878743e-04, 5.4388265167920977e-03,
          -1.4679254251644257e-03, 3.6537587786881078e-02,
          1.0731215687660349e-02, 5.2963908256197856e-04,
          4.7059641669580784e-03, 1.1394806396987467e-03,
          3.0820768677537356e-03, 1.3358929371156030e-03,
          -1.0356627172490415e-02, 6.8443787628284264e-02,
          -1.4755898734071599e-02, 1.0731215687660353e-02,
          1.6331257100840921e-01, 1.4789299486737142e-02,
          3.7147633428905182e-02, -4.4407051614017779e-03,
          -6.8745367407464612e-03, 6.7017487734448364e-03,
          3.0857596145644284e-03, 1.1805904226592395e-02,
          -5.7070426796333837e-04, 5.2963908256197889e-04,
          1.4789299486737134e-02, 2.7290979467832033e-02,
          4.3245778373076022e-03, 7.3090294040188198e-04,
          -4.7186436002193506e-03, 1.1331910532111935e-03,
          -2.4728348825751247e-03, 2.5642843638304394e-02,
          -4.4746451540719706e-03, 4.7059641669580784e-03,
          3.7147633428905182e-02, 4.3245778373076022e-03,
          2.1001029034123989e-02, 1.1700386429052433e-03,
          -4.0005223651932607e-04, 2.2665348588942142e-03,
          5.9578356372465540e-03, 9.6478526457014126e-03,
          -5.1266368160284621e-05, 1.1394806396987467e-03,
          -4.4407051614017770e-03, 7.3090294040188133e-04,
          1.1700386429052433e-03, 9.1800499094205193e-02,
          2.2850689240994683e-03, 1.9252239215695353e-03,
          1.1230139218875820e-02, 1.2765566385265664e-02,
          -1.2567517682926606e-03, 3.0820768677537356e-03,
          -6.8745367407464604e-03, -4.7186436002193514e-03,
          -4.0005223651932596e-04, 2.2850689240994683e-03,
          1.5221487060072239e-02, 2.4924536233710622e-03,
          9.3854267764294681e-03, 2.2365316850628945e-02,
          -3.0347056224488619e-03, 1.3358929371156030e-03,
          6.7017487734448338e-03, 1.1331910532111935e-03,
          2.2665348588942142e-03, 1.9252239215695362e-03,
          2.4924536233710617e-03, 1.2976604653619559e-02 ]
   - !!opencv-matrix
      rows: 10
      cols: 10
      dt: d
