%YAML:1.0
---
groups:
   - intact
   - CD19
   - blast
intactGmmnames:
   - "intact.49765.0"
   - "intact.49765.1"
   - "intact.49765.2"
   - "intact.49765.3"
   - "intact.49765.4"
intactLabels:
   - FSC-A
   - SSC-A
   - SY41
   - CD19
   - CD10
   - CD20
   - CD45
   - CD34
   - CD38
   - CD58
intactMu: !!opencv-matrix
   rows: 5
   cols: 10
   dt: d
   data: [ 1.6909239925107948e+00, 1.2166738887697262e+00,
       2.8511597608598032e+00, 1.2656235001814355e+00,
       1.3887177536830222e+00, 1.3081962520863584e+00,
       2.8478681902341121e+00, 1.2514923739640254e+00,
       1.9613135703018394e+00, 1.9583891221440592e+00,
       1.4135010534993471e+00, 4.1170089736876969e-01,
       2.8068283574120980e+00, 1.1337296084133792e+00,
       1.0804327743636004e+00, 1.1974378729677084e+00,
       3.2782334965412181e+00, 1.1511057563600735e+00,
       1.6387085328691209e+00, 1.3591720922456150e+00,
       2.5743429394190533e+00, 2.5774063067821174e+00,
       2.8618871075889749e+00, 1.1189601968034191e+00,
       2.1141791490622901e+00, 1.2279268622036352e+00,
       2.8910065606246151e+00, 1.2179549972787049e+00,
       1.5653115541440605e+00, 2.3135198757295119e+00,
       1.0240994478167655e+00, 6.6218609867742861e-01,
       3.0003713156587031e+00, 1.1563255696617496e+00,
       1.1471132615135107e+00, 1.2279202938223184e+00,
       1.4838103893464083e+00, 1.1960096817814139e+00,
       1.4834815275838651e+00, 2.1683804686032349e+00,
       2.6271488171444890e+00, 2.9786964527083781e+00,
       2.7391278538959583e+00, 1.1123672736806134e+00,
       2.5811579759002279e+00, 1.2243197395350109e+00,
       3.0509025824800653e+00, 1.2103612358416220e+00,
       1.6041130538468120e+00, 2.3824218541017705e+00 ]
intactSigma:
   - !!opencv-matrix
      rows: 10
      cols: 10
      dt: d
      data: [ 3.9592691978398792e-01, 2.0413063690060768e-01,
          -2.6558987889624165e-03, 8.5789787820636301e-03,
          1.0862364058454766e-02, -7.0012850143489304e-03,
          5.9979656600881011e-02, -2.0771085640131021e-03,
          5.1272011659955187e-02, 6.3128564613664812e-02,
          2.0413063690060765e-01, 6.0848474407030073e-01,
          2.2070726488547868e-02, 3.3289636615548686e-02,
          1.0256851348563717e-01, 2.6069159223433763e-02,
          -7.4879848891692455e-02, 3.9853853061049903e-02,
          -1.2418185826521949e-01, 6.3005813848249437e-02,
          -2.6558987889624178e-03, 2.2070726488547868e-02,
          1.0658079699886217e-01, 1.6762719342145797e-02,
          -6.9198557625062673e-03, 1.3237254813685330e-02,
          -1.5204408557635203e-02, 1.4899766480421057e-02,
          -1.9884269036027420e-02, 3.0608804625469357e-02,
          8.5789787820636301e-03, 3.3289636615548686e-02,
          1.6762719342145797e-02, 1.0122877906229125e-01,
          3.1025209451761945e-02, 7.2352683708484314e-02,
          1.0072627011893818e-03, 9.0230140011095857e-03,
          -2.7211891709616709e-04, 2.5498787146722823e-02,
          1.0862364058454761e-02, 1.0256851348563717e-01,
          -6.9198557625062638e-03, 3.1025209451761945e-02,
          2.1754811778941932e-01, 2.4743648321615522e-02,
          -7.3292538949210895e-02, 1.8523774972342477e-02,
          -6.8752943356230334e-02, 3.7575536624261809e-02,
          -7.0012850143489338e-03, 2.6069159223433763e-02,
          1.3237254813685330e-02, 7.2352683708484314e-02,
          2.4743648321615526e-02, 1.2842249016537791e-01,
          1.5587362205231260e-03, 2.9901721255997950e-03,
          -4.5701383654534834e-02, -5.7713255660156717e-03,
          5.9979656600881011e-02, -7.4879848891692455e-02,
          -1.5204408557635203e-02, 1.0072627011893816e-03,
          -7.3292538949210895e-02, 1.5587362205231256e-03,
          3.4754244878650314e-01, -4.8068564604318758e-03,
          1.0825223439197357e-01, 7.7972042084041519e-03,
          -2.0771085640131038e-03, 3.9853853061049903e-02,
          1.4899766480421061e-02, 9.0230140011095875e-03,
          1.8523774972342477e-02, 2.9901721255997942e-03,
          -4.8068564604318775e-03, 8.9015613024963552e-02,
          -8.7000571712026031e-03, 3.5838255735105420e-02,
          5.1272011659955173e-02, -1.2418185826521948e-01,
          -1.9884269036027420e-02, -2.7211891709616714e-04,
          -6.8752943356230334e-02, -4.5701383654534834e-02,
          1.0825223439197357e-01, -8.7000571712026031e-03,
          2.9816641811560862e-01, 4.3946161569981587e-02,
          6.3128564613664798e-02, 6.3005813848249437e-02,
          3.0608804625469350e-02, 2.5498787146722823e-02,
          3.7575536624261809e-02, -5.7713255660156726e-03,
          7.7972042084041501e-03, 3.5838255735105420e-02,
          4.3946161569981587e-02, 2.0830166513892812e-01 ]
   - !!opencv-matrix
      rows: 10
      cols: 10
      dt: d
      data: [ 1.1950293075545135e-01, 2.6672916751514991e-02,
          -1.1938806222926408e-02, -1.4228146860598611e-05,
          6.0605971550248099e-04, -6.4554059934355970e-04,
          1.3303136410481940e-02, 1.6928918909860956e-03,
          -2.1711176331709122e-03, 5.5805743199215087e-02,
          2.6672916751514991e-02, 3.5086852693043659e-02,
          3.3735542015363783e-03, 1.7091735850618261e-03,
          4.0626719015101594e-03, 2.2662245802995370e-03,
          2.7893800436768800e-03, 2.6977241482979181e-03,
          -5.5577615083169838e-04, 4.9223792767015835e-02,
          -1.1938806222926408e-02, 3.3735542015363774e-03,
          2.1577201773091172e-02, 8.0707978779353856e-04,
          2.0742665494500497e-03, 1.8556943133939102e-03,
          -2.9044430682667265e-03, 8.0229708466291664e-04,
          -1.2534091484385943e-03, -6.5883444039510726e-03,
          -1.4228146860598701e-05, 1.7091735850618261e-03,
          8.0707978779353856e-04, 5.0330760225141173e-03,
          -1.9034425714527642e-03, -9.6376213761058970e-05,
          -6.3883753267014688e-04, 8.8884449286995607e-04,
          6.7349830635537696e-04, 2.0077890000718933e-03,
          6.0605971550248044e-04, 4.0626719015101594e-03,
          2.0742665494500497e-03, -1.9034425714527642e-03,
          9.9762609098752193e-03, 5.0984677941311922e-04,
          4.4603717122697386e-05, -3.9514121331673041e-03,
          -1.2579693658291398e-03, 7.9585915246109615e-03,
          -6.4554059934355959e-04, 2.2662245802995379e-03,
          1.8556943133939095e-03, -9.6376213761058998e-05,
          5.0984677941311965e-04, 1.8486332620478836e-02,
          -1.0580183702178199e-03, 2.1197313990649753e-04,
          -6.4949540910245948e-03, -2.6780971709646037e-04,
          1.3303136410481940e-02, 2.7893800436768808e-03,
          -2.9044430682667274e-03, -6.3883753267014699e-04,
          4.4603717122697372e-05, -1.0580183702178199e-03,
          1.7743117934031601e-02, -4.6183239834181794e-04,
          -1.9012298739454236e-03, 1.8759891222521172e-02,
          1.6928918909860950e-03, 2.6977241482979181e-03,
          8.0229708466291643e-04, 8.8884449286995629e-04,
          -3.9514121331673041e-03, 2.1197313990649759e-04,
          -4.6183239834181805e-04, 2.0330516836603751e-02,
          4.0223994615233013e-04, 4.3089220940491614e-03,
          -2.1711176331709122e-03, -5.5577615083169838e-04,
          -1.2534091484385948e-03, 6.7349830635537685e-04,
          -1.2579693658291392e-03, -6.4949540910245965e-03,
          -1.9012298739454229e-03, 4.0223994615232981e-04,
          3.6869409236572059e-02, -2.9003113893804680e-03,
          5.5805743199215087e-02, 4.9223792767015849e-02,
          -6.5883444039510726e-03, 2.0077890000718929e-03,
          7.9585915246109598e-03, -2.6780971709646065e-04,
          1.8759891222521169e-02, 4.3089220940491614e-03,
          -2.9003113893804689e-03, 2.5579141235146236e-01 ]
   - !!opencv-matrix
      rows: 10
      cols: 10
      dt: d
