%YAML:1.0
---
groups:
   - intact
   - CD19
intactGmmnames:
   - "intact.498.0"
   - "intact.498.1"
   - "intact.498.2"
   - "intact.498.3"
   - "intact.498.4"
intactLabels:
   - FSC-A
   - SSC-A
   - SY41
   - CD19
   - CD10
   - CD20
   - CD45
   - CD34
   - CD38
intactMu: !!opencv-matrix
   rows: 5
   cols: 9
   dt: d
   data: [ 1.1886142081107698e+00, 3.7244388115071336e-01,
       3.5161392140142689e+00, 1.1076606457718567e+00,
       1.1208724064528923e+00, 1.2965434177321327e+00,
       1.4915776074995823e+00, 1.0621577535642859e+00,
       1.5900463668981319e+00, 2.2166685969745576e+00,
       1.5207576100968407e+00, 3.1814966881185009e+00,
       1.4987186621459712e+00, 1.5493167024576118e+00,
       1.8275966419227108e+00, 2.5600413318950830e+00,
       1.2978783475464026e+00, 1.7858286081435406e+00,
       1.3540926274054750e+00, 4.1436400834447790e-01,
       3.1525710891803924e+00, 1.0860340969469027e+00,
       9.2902234375122594e-01, 1.2346653560712801e+00,
       3.6762268815524850e+00, 1.1128609783988943e+00,
       1.7036679965033126e+00, 2.9361633020852653e+00,
       3.1994232870999286e+00, 3.2286451713309985e+00,
       1.7911485841175852e+00, 1.9649963029144870e+00,
       1.7729622262462197e+00, 3.0850671821702282e+00,
       1.1938968312996157e+00, 1.7926906799787952e+00,
       2.4643169238173335e+00, 2.3943472238299695e+00,
       3.3139313265717947e+00, 1.6186464657904689e+00,
       1.4916599446862873e+00, 1.8823807474521121e+00,
       3.2165937999778449e+00, 1.3922679036967633e+00,
       2.6645377427016559e+00 ]
intactSigma:
   - !!opencv-matrix
      rows: 9
      cols: 9
      dt: d
      data: [ 1.5562453672009505e-01, 3.2821908770755276e-02,
          1.1369965442928369e-02, 1.1093818782429559e-02,
          1.8115161739106458e-02, 2.7531131782052101e-02,
          2.2380580737730717e-02, 3.5516867855580662e-03,
          1.6896432191870422e-03, 3.2821908770755276e-02,
          3.5934752790978568e-02, -1.7157056546703588e-03,
          1.3395849876670005e-02, 2.5456471102108798e-02,
          3.6417260737058900e-02, 2.5554870899845070e-02,
          4.8788564100873842e-03, 2.5555366009473836e-03,
          1.1369965442928370e-02, -1.7157056546703582e-03,
          5.1304260219878293e-02, 1.6341098061569775e-03,
          6.7166161972633471e-03, 5.9668061180489498e-03,
          1.4518532910640598e-02, 3.6086681254909798e-03,
          -2.1681667695057423e-04, 1.1093818782429564e-02,
          1.3395849876670005e-02, 1.6341098061569775e-03,
          1.6058724023102714e-02, 1.1466792001075404e-02,
          1.5897574668678891e-02, 1.1017106133502413e-02,
          2.3989293895777101e-03, -2.6422622060129019e-05,
          1.8115161739106458e-02, 2.5456471102108798e-02,
          6.7166161972633462e-03, 1.1466792001075404e-02,
          8.0981698040429068e-02, 3.5003372372508237e-02,
          3.1254307867620443e-02, 4.6826758158320407e-03,
          2.7638475549253277e-03, 2.7531131782052101e-02,
          3.6417260737058900e-02, 5.9668061180489524e-03,
          1.5897574668678884e-02, 3.5003372372508230e-02,
          1.1971366886044303e-01, 5.2105280503210991e-02,
          7.3148970314993985e-03, 3.4104837365165363e-03,
          2.2380580737730717e-02, 2.5554870899845070e-02,
          1.4518532910640604e-02, 1.1017106133502413e-02,
          3.1254307867620457e-02, 5.2105280503210991e-02,
          1.8494723303926180e-01, 3.5458941040070351e-03,
          3.1691252979918327e-03, 3.5516867855580649e-03,
          4.8788564100873824e-03, 3.6086681254909781e-03,
          2.3989293895777101e-03, 4.6826758158320398e-03,
          7.3148970314994011e-03, 3.5458941040070356e-03,
          3.6025897602253346e-02, 5.1198733013372937e-04,
          1.6896432191870407e-03, 2.5555366009473840e-03,
          -2.1681667695057415e-04, -2.6422622060129036e-05,
          2.7638475549253273e-03, 3.4104837365165363e-03,
          3.1691252979918314e-03, 5.1198733013372915e-04,
          2.0117185613286060e-03 ]
   - !!opencv-matrix
      rows: 9
      cols: 9
      dt: d
      data: [ 7.3697918868900081e-01, 3.5795835766685624e-01,
          2.4449438796677464e-02, 8.0607431568164675e-02,
          7.8495943526191561e-02, -1.4060228048314873e-03,
          7.6334302602749787e-02, 5.6137072086566639e-02,
          1.5470882516228029e-02, 3.5795835766685624e-01,
          9.3721864174000791e-01, 2.6513314677685404e-02,
          2.2732053837069385e-01, 2.5050681917444484e-01,
          9.2769755209317309e-02, 2.1746056828705490e-01,
          8.5669414828655241e-02, 5.6885918593693116e-02,
          2.4449438796677464e-02, 2.6513314677685414e-02,
          1.2458215402625633e-01, 9.7311478459608906e-03,
          1.6834796097959806e-02, 5.8369062160888337e-03,
          2.0245547064092271e-03, -4.5701459564867304e-03,
          -6.6850229924226637e-03, 8.0607431568164647e-02,
          2.2732053837069388e-01, 9.7311478459608906e-03,
          1.1436050646633561e-01, 6.9606061363512300e-02,
          1.0144351330651948e-01, 1.0449126522820383e-01,
          3.3837933543865807e-02, 1.8934700278329410e-02,
          7.8495943526191575e-02, 2.5050681917444489e-01,
          1.6834796097959799e-02, 6.9606061363512328e-02,
          3.0870465823222099e-01, 9.9396980182681186e-02,
          1.5152786375376537e-01, 7.7122609185362803e-02,
          5.4903180750059032e-02, -1.4060228048314854e-03,
          9.2769755209317309e-02, 5.8369062160888337e-03,
          1.0144351330651948e-01, 9.9396980182681186e-02,
          3.3630213999602121e-01, 2.2160411385960135e-01,
          5.8010603872862464e-02, 4.6492041267265707e-02,
          7.6334302602749801e-02, 2.1746056828705487e-01,
          2.0245547064092284e-03, 1.0449126522820383e-01,
          1.5152786375376537e-01, 2.2160411385960135e-01,
          6.2871476604010568e-01, 6.6686217747419063e-02,
          8.5390337021418516e-02, 5.6137072086566618e-02,
          8.5669414828655241e-02, -4.5701459564867286e-03,
          3.3837933543865807e-02, 7.7122609185362803e-02,
          5.8010603872862450e-02, 6.6686217747419063e-02,
          1.7003943043776359e-01, 3.3376074968736617e-02,
          1.5470882516228013e-02, 5.6885918593693116e-02,
          -6.6850229924226628e-03, 1.8934700278329414e-02,
          5.4903180750059032e-02, 4.6492041267265694e-02,
          8.5390337021418516e-02, 3.3376074968736617e-02,
          7.0197698409045800e-02 ]
   - !!opencv-matrix
      rows: 9
      cols: 9
      dt: d
      data: [ 1.3065313959793587e-01, 3.0581023375041146e-02,
          -1.0807493395829062e-02, 5.5286382958318336e-03,
          5.8478551903938325e-03, 2.3694990565142040e-02,
          2.4813879421188050e-02, 5.9188156786397373e-03,
          -7.8517471815217220e-04, 3.0581023375041143e-02,
          2.6114014558594786e-02, -2.8537070407308488e-03,
          7.3966782968885739e-03, 8.1381994685262287e-03,
          2.0970143987549150e-02, 1.4966995841046276e-02,
          4.7801206771496598e-03, 5.9999770152484463e-04,
          -1.0807493395829060e-02, -2.8537070407308488e-03,
          1.0808781397381900e-02, -1.0425605188890828e-03,
          3.6138395564211232e-04, -8.7193934056767417e-04,
          -3.4263946452123633e-03, 8.5193574075824062e-04,
          -2.8639873884244067e-04, 5.5286382958318336e-03,
          7.3966782968885748e-03, -1.0425605188890824e-03,
          3.1393419328266330e-02, 2.5567696103387764e-03,
          6.6239899068303290e-03, 3.5274381018199717e-03,
          3.3908035267076610e-03, -2.7473453915157460e-03,
          5.8478551903938325e-03, 8.1381994685262287e-03,
          3.6138395564211249e-04, 2.5567696103387743e-03,
          6.7405509459715962e-02, 9.0734483845871102e-04,
          3.1571846415868847e-03, -5.1422096120957005e-03,
