%YAML:1.0
---
groups:
   - intact
   - CD19
intactGmmnames:
   - "intact.499.0"
   - "intact.499.1"
   - "intact.499.2"
   - "intact.499.3"
   - "intact.499.4"
intactLabels:
   - FSC-A
   - SSC-A
   - SY41
   - CD19
   - CD10
   - CD20
   - CD45
   - CD34
   - CD38
intactMu: !!opencv-matrix
   rows: 5
   cols: 9
   dt: d
   data: [ 1.4433474458879978e+00, 4.2340868850266161e-01,
       3.3736109739385638e+00, 1.0986982290769738e+00,
       9.1589193143349534e-01, 1.2128449800863146e+00,
       3.6325057881616574e+00, 1.0776232052529759e+00,
       1.6676450079412970e+00, 2.4957957915809641e+00,
       1.9875673552055857e+00, 3.4020545071890167e+00,
       2.0810880338395896e+00, 1.4949355440948104e+00,
       2.4218437852916095e+00, 3.1666967076810568e+00,
       1.4433140228575410e+00, 1.8888178644315938e+00,
       3.0337677021657825e+00, 3.2702574104191400e+00,
       3.4962435990852936e+00, 1.7721872169081481e+00,
       1.6947065990683878e+00, 1.6768617116739404e+00,
       2.9548200419218618e+00, 1.1330971916619281e+00,
       1.8883895945564555e+00, 2.7796811823204850e+00,
       2.2992824847431388e+00, 3.6025155030806180e+00,
       1.5651327497791696e+00, 1.4616397644403425e+00,
       1.8412357973435658e+00, 3.1698226496155861e+00,
       1.4386856140847044e+00, 2.9792471362974791e+00,
       2.3497499154206611e+00, 1.2542193409065936e+00,
       3.7569929979974783e+00, 1.3599420438312504e+00,
       1.1610363774427575e+00, 1.2904668634179206e+00,
       2.7342348540958481e+00, 1.1335216655142732e+00,
       1.6035115548360690e+00 ]
intactSigma:
   - !!opencv-matrix
      rows: 9
      cols: 9
      dt: d
      data: [ 1.5662282790164009e-01, 4.2043981411426026e-02,
          -2.2704815031747540e-03, 9.3340470231382949e-03,
          7.3367991880194626e-03, 2.5374075847307678e-02,
          3.4076618793263902e-02, 5.7137435963626765e-03,
          -2.9441906611759634e-04, 4.2043981411426026e-02,
          2.6216468441620053e-02, 3.8291005600804028e-03,
          7.0461803250092027e-03, 7.3916100901646239e-03,
          1.5937319619840257e-02, 1.6435605242421363e-02,
          3.9378944571364892e-03, 5.7040545630762315e-04,
          -2.2704815031747540e-03, 3.8291005600804037e-03,
          3.4447246102989180e-02, 1.0106697002999372e-03,
          1.2994937846635606e-03, 2.9711478878277596e-03,
          5.3224117679462292e-03, 1.7786945975281593e-03,
          -2.6569390426095718e-03, 9.3340470231382949e-03,
          7.0461803250092027e-03, 1.0106697002999372e-03,
          2.6419520097701991e-02, 2.7998769733196026e-03,
          5.2973473131346432e-03, 3.9758086051341979e-03,
          3.5381419331206566e-03, -1.9301401941621732e-03,
          7.3367991880194626e-03, 7.3916100901646256e-03,
          1.2994937846635597e-03, 2.7998769733196048e-03,
          5.4936791854355072e-02, 2.5886027781464754e-03,
          3.1231961336404242e-03, -4.5858427072113378e-03,
          -6.4881361444571873e-04, 2.5374075847307682e-02,
          1.5937319619840257e-02, 2.9711478878277596e-03,
          5.2973473131346432e-03, 2.5886027781464750e-03,
          6.0925302059754577e-02, 1.0404735557045849e-02,
          1.9964103365122591e-03, -1.7959425725496470e-03,
          3.4076618793263902e-02, 1.6435605242421363e-02,
          5.3224117679462283e-03, 3.9758086051341979e-03,
          3.1231961336404246e-03, 1.0404735557045847e-02,
          1.9054777912354427e-02, 1.5067104786769760e-03,
          4.1766860587173695e-04, 5.7137435963626757e-03,
          3.9378944571364901e-03, 1.7786945975281601e-03,
          3.5381419331206553e-03, -4.5858427072113395e-03,
          1.9964103365122596e-03, 1.5067104786769751e-03,
          1.6303417654804564e-01, 1.8370575137815828e-03,
          -2.9441906611759613e-04, 5.7040545630762326e-04,
          -2.6569390426095722e-03, -1.9301401941621745e-03,
          -6.4881361444571928e-04, -1.7959425725496470e-03,
          4.1766860587173738e-04, 1.8370575137815824e-03,
          1.9432052075473657e-02 ]
   - !!opencv-matrix
      rows: 9
      cols: 9
      dt: d
      data: [ 6.2705154246002193e-01, 3.1693023819637478e-01,
          1.6974961022263878e-02, 1.4664875579900652e-01,
          1.5713298821900396e-02, 8.8148438345294608e-02,
          8.4532287867679454e-02, 4.1845442873529926e-02,
          -1.6763794696385444e-03, 3.1693023819637478e-01,
          8.9729518178963796e-01, -7.2229268250644171e-02,
          3.9679533963674976e-02, 1.2459653177881314e-01,
          -6.8819619309620231e-02, -4.7963375411289769e-02,
          1.2427372409873678e-01, 7.1172217339830660e-02,
          1.6974961022263878e-02, -7.2229268250644185e-02,
          1.1996347429711439e-01, 3.7357296532517369e-02,
          -2.1909215795688532e-02, 2.9618145592706164e-02,
          3.1950730714638893e-02, -3.5522594604082587e-02,
          -1.4276240323123158e-02, 1.4664875579900652e-01,
          3.9679533963674983e-02, 3.7357296532517376e-02,
          3.7641083470135922e-01, -1.1652208847378534e-01,
          3.3416759170631471e-01, 2.0162829050818931e-01,
          -1.1109416892486441e-01, -9.8591116974981657e-02,
          1.5713298821900396e-02, 1.2459653177881316e-01,
          -2.1909215795688532e-02, -1.1652208847378535e-01,
          3.6244506700221812e-01, -9.8100342112396891e-02,
          -1.6342911681661745e-01, 9.3942472841958710e-02,
          5.0493711486926801e-02, 8.8148438345294608e-02,
          -6.8819619309620217e-02, 2.9618145592706164e-02,
          3.3416759170631471e-01, -9.8100342112396918e-02,
          4.4578325684195275e-01, 2.1087440321512191e-01,
          -1.1953366946426970e-01, -1.3327742389700206e-01,
          8.4532287867679454e-02, -4.7963375411289769e-02,
          3.1950730714638893e-02, 2.0162829050818931e-01,
          -1.6342911681661745e-01, 2.1087440321512191e-01,
          3.6064786364335444e-01, -9.6625988541453128e-02,
          -2.7531944078352320e-02, 4.1845442873529919e-02,
          1.2427372409873677e-01, -3.5522594604082580e-02,
          -1.1109416892486441e-01, 9.3942472841958710e-02,
          -1.1953366946426970e-01, -9.6625988541453128e-02,
          3.6370495454447177e-01, 6.7985406332568776e-02,
          -1.6763794696385450e-03, 7.1172217339830660e-02,
          -1.4276240323123161e-02, -9.8591116974981644e-02,
          5.0493711486926801e-02, -1.3327742389700206e-01,
          -2.7531944078352327e-02, 6.7985406332568762e-02,
          1.6692964769804042e-01 ]
   - !!opencv-matrix
      rows: 9
      cols: 9
      dt: d
      data: [ 3.6409459850918863e-01, 1.4054906325638036e-01,
          -3.2270343504103044e-02, 2.2585816759686943e-02,
          -3.2209045991357176e-02, 3.1630381939621068e-02,
          9.6143180064055152e-03, 4.7991896804049176e-04,
          2.7243490684125130e-02, 1.4054906325638036e-01,
          5.1859172811737397e-01, -6.3921556615954792e-02,
          9.4269472350298783e-02, 1.3773441270941741e-01,
          9.9673182073228145e-03, 6.2468289936349203e-02,
          9.1161184874862296e-03, -3.5483215164432584e-02,
          -3.2270343504103058e-02, -6.3921556615954805e-02,
          6.9380338365608321e-02, -1.0462831494400068e-02,
          -8.1281648963950955e-03, 1.3110692447180919e-02,
          -2.3051962812778031e-02, 5.9904577721614331e-03,
          7.5235494290209082e-03, 2.2585816759686943e-02,
          9.4269472350298783e-02, -1.0462831494400068e-02,
          3.2288751944868986e-02, 2.6486845190890548e-02,
          3.3028365619528223e-03, 1.0744555201928366e-02,
          2.7313737196066308e-03, -7.8624372094651205e-03,
          -3.2209045991357176e-02, 1.3773441270941741e-01,
          -8.1281648963950938e-03, 2.6486845190890545e-02,
          2.2059420643767866e-01, -1.8004174687326152e-02,
          4.3925773402049256e-02, 4.2411225108628572e-03,
