%YAML:1.0
---
groups:
   - intact
   - CD19
intactGmmnames:
   - "intact.501.0"
   - "intact.501.1"
   - "intact.501.2"
   - "intact.501.3"
   - "intact.501.4"
intactLabels:
   - FSC-A
   - SSC-A
   - SY41
   - CD19
   - CD10
   - CD20
   - CD45
   - CD34
   - CD38
intactMu: !!opencv-matrix
   rows: 5
   cols: 9
   dt: d
   data: [ 2.6065085664611698e+00, 1.8802566781774230e+00,
       3.9931330629798332e+00, 1.4737963458051135e+00,
       1.0757388799257612e+00, 1.1571083206894837e+00,
       3.4449913459530821e+00, 1.1351341152093224e+00,
       1.5153097020429451e+00, 1.9688423595042526e+00,
       4.4696216324496685e-01, 3.8720074545154408e+00,
       1.0547339215788343e+00, 8.1504432234689517e-01,
       9.3229438029790723e-01, 3.5743091983689208e+00,
       1.0791918689906805e+00, 1.5965900782621296e+00,
       2.1579073869732355e+00, 6.7936088891837354e-01,
       4.0082015636408963e+00, 1.1336290679901229e+00,
       1.0597774662304666e+00, 9.1702648277939325e-01,
       3.1288551761084262e+00, 1.1303902647562647e+00,
       2.2363683227019857e+00, 3.0608457250648220e+00,
       2.4272359759089710e+00, 3.9656515841758821e+00,
       2.1119994809671798e+00, 1.6247388651294141e+00,
       2.4900171796165100e+00, 3.4862633301165946e+00,
       1.3501508629247962e+00, 2.0617131246332874e+00,
       3.4393323056258946e+00, 3.2276530095749028e+00,
       3.9893550711147721e+00, 1.8125574518973633e+00,
       1.9416908740958709e+00, 1.6297490478182239e+00,
       3.2877764209572815e+00, 1.1914354426182572e+00,
       1.7043148939576458e+00 ]
intactSigma:
   - !!opencv-matrix
      rows: 9
      cols: 9
      dt: d
      data: [ 1.7179168230797670e-01, 1.5515667467338004e-01,
          2.6479190867130853e-02, 3.8461604690171264e-02,
          7.1156673199336093e-02, 5.6241118604468031e-02,
          -7.1157206275841461e-02, 9.2360656402237437e-03,
          -2.2897416464606108e-03, 1.5515667467338004e-01,
          7.5309044133847680e-01, 2.4584702970905287e-02,
          1.8532729511343277e-01, 1.8215508417876053e-01,
          1.5810343535523272e-01, -1.8324393531394012e-01,
          2.0972162842977649e-02, -9.7236800443642121e-03,
          2.6479190867130853e-02, 2.4584702970905287e-02,
          4.9238062393746979e-02, 7.3438719524554731e-03,
          2.6422735246218500e-03, -1.6024357822077548e-02,
          -2.8178786100351615e-03, 1.6342291642134691e-03,
          -5.1755861896425398e-03, 3.8461604690171264e-02,
          1.8532729511343277e-01, 7.3438719524554748e-03,
          8.1418095997748297e-02, 4.7178221446723401e-02,
          4.3313939782490450e-02, -4.8058881300159818e-02,
          6.6326506384314695e-03, -9.6063754540916153e-03,
          7.1156673199336093e-02, 1.8215508417876053e-01,
          2.6422735246218491e-03, 4.7178221446723401e-02,
          1.4557207199115499e-01, 7.4961843104384959e-02,
          -9.1022650515394390e-02, 2.7452617649037606e-04,
          -5.4496077601693456e-04, 5.6241118604468017e-02,
          1.5810343535523272e-01, -1.6024357822077548e-02,
          4.3313939782490450e-02, 7.4961843104384959e-02,
          1.4281882107749122e-01, -7.3025545261900943e-02,
          7.9411233629913622e-03, 1.3483800546606468e-03,
          -7.1157206275841461e-02, -1.8324393531394012e-01,
          -2.8178786100351606e-03, -4.8058881300159825e-02,
          -9.1022650515394404e-02, -7.3025545261900943e-02,
          1.4901343686009452e-01, -6.1008559172090124e-05,
          3.9041606354016526e-03, 9.2360656402237385e-03,
          2.0972162842977649e-02, 1.6342291642134678e-03,
          6.6326506384314678e-03, 2.7452617649037617e-04,
          7.9411233629913640e-03, -6.1008559172090876e-05,
          1.3961187485178811e-01, 3.1664018994269011e-03,
          -2.2897416464606104e-03, -9.7236800443642121e-03,
          -5.1755861896425398e-03, -9.6063754540916153e-03,
          -5.4496077601693445e-04, 1.3483800546606473e-03,
          3.9041606354016517e-03, 3.1664018994269020e-03,
          4.4320966111091487e-02 ]
   - !!opencv-matrix
      rows: 9
      cols: 9
      dt: d
      data: [ 1.0236326147605281e-01, 2.8056349110161177e-02,
          2.0093325107942390e-02, 6.2027607458181510e-03,
          3.4324911146831247e-03, 1.0063581893195414e-02,
          1.6596520680873052e-02, 4.9081756424308454e-03,
          -7.1537767022667037e-03, 2.8056349110161177e-02,
          5.0176006730005246e-02, 8.7727952084881919e-03,
          1.5941927311764432e-02, 9.1426905347169914e-03,
          1.2990115505042872e-02, 8.2747005386895976e-03,
          4.0041764836524453e-03, -3.9422587140203044e-03,
          2.0093325107942393e-02, 8.7727952084881919e-03,
          3.8683295033527458e-02, 2.1024214683724495e-03,
          -4.4505908892832459e-03, -1.2143955506388667e-02,
          1.0913549478761874e-02, 1.2418236564664103e-03,
          -6.2288074680729400e-03, 6.2027607458181519e-03,
          1.5941927311764432e-02, 2.1024214683724486e-03,
          4.0011863494809258e-02, 3.9467962254026590e-03,
          6.1069739433410111e-03, 1.8614111367545876e-03,
          3.5162685954056153e-03, -5.8539828083617514e-03,
          3.4324911146831239e-03, 9.1426905347169879e-03,
          -4.4505908892832459e-03, 3.9467962254026573e-03,
          5.1176415401641584e-02, 5.1139203150086954e-03,
          3.5969143555727500e-05, -3.3396761856277339e-03,
          -2.6443191039286873e-03, 1.0063581893195414e-02,
          1.2990115505042876e-02, -1.2143955506388667e-02,
          6.1069739433410129e-03, 5.1139203150086946e-03,
          7.0842388539026233e-02, 1.3131570855737611e-03,
          2.2172634608306711e-03, -3.3216773540843173e-03,
          1.6596520680873052e-02, 8.2747005386895976e-03,
          1.0913549478761875e-02, 1.8614111367545876e-03,
          3.5969143555727582e-05, 1.3131570855737604e-03,
          2.2714035205082406e-02, 1.4113521414175121e-03,
          -3.3469181771747887e-03, 4.9081756424308454e-03,
          4.0041764836524453e-03, 1.2418236564664103e-03,
          3.5162685954056149e-03, -3.3396761856277369e-03,
          2.2172634608306737e-03, 1.4113521414175127e-03,
          1.3623076232576120e-01, 1.3367081625407292e-03,
          -7.1537767022667037e-03, -3.9422587140203053e-03,
          -6.2288074680729400e-03, -5.8539828083617506e-03,
          -2.6443191039286864e-03, -3.3216773540843173e-03,
          -3.3469181771747887e-03, 1.3367081625407285e-03,
          5.5770992367144855e-02 ]
   - !!opencv-matrix
      rows: 9
      cols: 9
      dt: d
      data: [ 2.9537130896308311e-01, 1.5253139591797357e-01,
          4.5586965446699858e-02, 4.3729149567007443e-02,
          -1.2099453755913172e-02, 4.8911249689913172e-02,
          -1.1854640637035218e-03, 1.9382330063329081e-02,
          6.9851080369124088e-02, 1.5253139591797357e-01,
          1.8790158197137982e-01, 2.7718825784082721e-02,
          5.7181623549639363e-02, -2.9994581791226247e-03,
          4.2628269463669093e-02, -5.5916700672610032e-03,
          1.3168490108557480e-02, 4.5892773843299171e-02,
          4.5586965446699858e-02, 2.7718825784082721e-02,
          5.8858104706013756e-02, 7.8212960057949740e-03,
          -2.6493706652377644e-02, -1.8312564518489938e-02,
          2.8130221490591349e-03, 5.9219376015130767e-03,
          2.9061266298138051e-02, 4.3729149567007429e-02,
          5.7181623549639349e-02, 7.8212960057949740e-03,
          5.3107160254724659e-02, 4.1394314529745842e-04,
          1.7862912227213007e-02, -1.4642590510874520e-02,
          3.3378095726989978e-03, 3.1264949488892788e-03,
          -1.2099453755913174e-02, -2.9994581791226234e-03,
          -2.6493706652377644e-02, 4.1394314529745783e-04,
          2.4902842493080407e-01, 1.9072409025617913e-02,
          -3.4113336441022796e-02, -7.8157068747064396e-03,
