%YAML:1.0
---
groups:
   - intact
   - CD19
   - blast
intactGmmnames:
   - "intact.50180.0"
   - "intact.50180.1"
   - "intact.50180.2"
   - "intact.50180.3"
   - "intact.50180.4"
intactLabels:
   - FSC-A
   - SSC-A
   - SY41
   - CD19
   - CD10
   - CD20
   - CD45
   - CD34
   - CD38
   - CD58
intactMu: !!opencv-matrix
   rows: 5
   cols: 10
   dt: d
   data: [ 1.1298832689183713e+00, 2.4695787997936727e-01,
       2.8717330167832147e+00, 1.1382337978948109e+00,
       1.0502241910983849e+00, 1.3915682522357791e+00,
       3.2809281735203619e+00, 1.1787015116491419e+00,
       2.0017122364226334e+00, 1.3790612737817318e+00,
       1.5706674842373305e+00, 4.6304806542095389e-01,
       2.7633075591913068e+00, 1.1846196901357642e+00,
       1.0353849360200855e+00, 1.3867303717888684e+00,
       3.5072325909267508e+00, 1.2002676620557347e+00,
       2.5769337160929764e+00, 2.1975187222940407e+00,
       1.1395371975553787e+00, 3.7542198507201208e-01,
       3.0679736969688918e+00, 1.1282398597802443e+00,
       1.2237604592673645e+00, 1.3816794935015699e+00,
       1.2468259291097386e+00, 1.2012305968904833e+00,
       1.6304396228539828e+00, 2.6119446108740294e+00,
       1.2552343785648636e+00, 3.1507790462334256e-01,
       2.8419570182460556e+00, 1.1390418090697032e+00,
       1.0625740034974085e+00, 1.3723790048722329e+00,
       3.3359969172751587e+00, 1.1870139708462732e+00,
       1.7023587167852352e+00, 1.6106833235559852e+00,
       1.5769750736915547e+00, 1.1283913238556824e+00,
       2.9981100971281469e+00, 1.2515232956465538e+00,
       1.3600135555915256e+00, 1.5749607281109641e+00,
       2.8360834934427364e+00, 1.3480904006582259e+00,
       2.0162864357128250e+00, 2.0337072825214255e+00 ]
intactSigma:
   - !!opencv-matrix
      rows: 10
      cols: 10
      dt: d
      data: [ 2.7568237148679751e-02, 3.0647097678844363e-03,
          -6.7639405707164884e-03, 1.1082488674175939e-04,
          -1.5818500953091775e-03, -3.0037610930507572e-04,
          6.9409243729313371e-03, 6.9465714791520014e-05,
          5.8863832980657156e-03, 6.3914190058490914e-04,
          3.0647097678844363e-03, 3.0574923466513862e-03,
          -1.3011912168753037e-03, 1.0798467980838519e-04,
          -3.1506650993725943e-04, -9.2389358124035688e-05,
          3.6141269430645094e-03, 8.6374859397501347e-05,
          1.3990559861601333e-03, 9.0842871726942078e-03,
          -6.7639405707164884e-03, -1.3011912168753037e-03,
          8.5901851385133468e-03, -1.2266857763163492e-04,
          1.3177252200999865e-03, 2.1743734036055868e-04,
          -4.1037502003860383e-03, 5.4450415472276336e-05,
          -5.6595101333351879e-03, 5.3650213594460908e-05,
          1.1082488674175939e-04, 1.0798467980838520e-04,
          -1.2266857763163481e-04, 3.6865010646509534e-03,
          -2.8138338235517571e-03, -3.7128078360669649e-04,
          2.9740625957125929e-04, 1.0324708885483063e-03,
          1.8387364438146900e-03, 4.6093515989420670e-04,
          -1.5818500953091775e-03, -3.1506650993725943e-04,
          1.3177252200999865e-03, -2.8138338235517571e-03,
          8.1214774451739032e-03, -4.5003621504537596e-05,
          -8.7306091745998694e-04, -3.7147634282148102e-03,
          -1.6309720615504315e-03, 7.0223890557584727e-04,
          -3.0037610930507545e-04, -9.2389358124035729e-05,
          2.1743734036055868e-04, -3.7128078360669660e-04,
          -4.5003621504537609e-05, 1.9951977429877806e-02,
          -3.3494984942776572e-04, 2.8475441442451339e-04,
          -1.4380849032698156e-03, 1.0579032439880693e-04,
          6.9409243729313371e-03, 3.6141269430645085e-03,
          -4.1037502003860374e-03, 2.9740625957125935e-04,
          -8.7306091745998694e-04, -3.3494984942776578e-04,
          1.3811235454757972e-02, -3.8999260732457000e-04,
          7.2935942916101874e-04, 9.9366168472224594e-03,
          6.9465714791520176e-05, 8.6374859397501347e-05,
          5.4450415472276424e-05, 1.0324708885483065e-03,
          -3.7147634282148102e-03, 2.8475441442451350e-04,
          -3.8999260732457022e-04, 2.8061948531784470e-02,
          7.7625658027748190e-04, 8.9043381963279614e-04,
          5.8863832980657147e-03, 1.3990559861601338e-03,
          -5.6595101333351871e-03, 1.8387364438146895e-03,
          -1.6309720615504317e-03, -1.4380849032698147e-03,
          7.2935942916101907e-04, 7.7625658027748211e-04,
          9.5631805479513499e-02, 6.9564351930990259e-03,
          6.3914190058490881e-04, 9.0842871726942043e-03,
          5.3650213594461342e-05, 4.6093515989420686e-04,
          7.0223890557584738e-04, 1.0579032439880709e-04,
          9.9366168472224611e-03, 8.9043381963279582e-04,
          6.9564351930990250e-03, 1.9204554798192081e-01 ]
   - !!opencv-matrix
      rows: 10
      cols: 10
      dt: d
      data: [ 4.6827130391015617e-02, 4.2091452912665578e-03,
          -1.3478064561313777e-04, 1.0311960548409535e-03,
          -2.3437636433208788e-03, -1.1400773492053582e-03,
          8.2169199363248280e-03, 1.2580854915994551e-03,
          -9.2224653023860416e-04, 5.5350212718024254e-03,
          4.2091452912665587e-03, 7.1646367471892092e-03,
          3.0215892869819865e-04, 1.2266380224158799e-03,
          -1.3105957528595801e-03, -2.0838107175317696e-04,
          3.9344300779500857e-03, 8.8380898306268554e-04,
          1.3959925046692414e-02, 4.6492942281590507e-03,
          -1.3478064561313794e-04, 3.0215892869819855e-04,
          9.7584800309861910e-03, -4.2238948292620587e-04,
          3.8596027058599688e-04, -2.0868931133381075e-04,
          -1.1025511966413022e-03, 5.9600160632775870e-04,
          -6.8501665280575356e-03, -9.6715292444178569e-04,
          1.0311960548409537e-03, 1.2266380224158805e-03,
          -4.2238948292620587e-04, 1.4471791509053774e-02,
          -1.3803597229070727e-02, -5.0329190194639897e-04,
          1.0071038619056114e-03, 5.5754352485614155e-03,
          1.6124147596571589e-02, 9.7985417287214200e-04,
          -2.3437636433208796e-03, -1.3105957528595801e-03,
          3.8596027058599683e-04, -1.3803597229070727e-02,
          3.9040736980959681e-02, -3.4294251442672723e-04,
          -1.2318569366437649e-03, -1.9200277615417979e-02,
          -1.0342178987859904e-02, -1.1449526014538397e-03,
          -1.1400773492053582e-03, -2.0838107175317683e-04,
          -2.0868931133381051e-04, -5.0329190194639865e-04,
          -3.4294251442672723e-04, 6.4787837616806093e-02,
          -6.6341796666407541e-04, 1.2365025783534899e-03,
          9.0986063139068540e-03, -7.2980986848597952e-05,
          8.2169199363248280e-03, 3.9344300779500857e-03,
          -1.1025511966413022e-03, 1.0071038619056112e-03,
          -1.2318569366437646e-03, -6.6341796666407563e-04,
          1.6154998856055289e-02, 9.4720367253565323e-04,
          2.7742893706276008e-03, 8.4639388778220744e-03,
          1.2580854915994551e-03, 8.8380898306268522e-04,
          5.9600160632775870e-04, 5.5754352485614172e-03,
          -1.9200277615417975e-02, 1.2365025783534899e-03,
          9.4720367253565312e-04, 1.3145301468239035e-01,
          3.2060635451909695e-03, 1.8544351466602774e-03,
          -9.2224653023860383e-04, 1.3959925046692414e-02,
          -6.8501665280575339e-03, 1.6124147596571589e-02,
          -1.0342178987859907e-02, 9.0986063139068540e-03,
          2.7742893706276008e-03, 3.2060635451909704e-03,
          3.0214936958884897e-01, 5.8559058042525819e-03,
          5.5350212718024254e-03, 4.6492942281590507e-03,
          -9.6715292444178569e-04, 9.7985417287214200e-04,
          -1.1449526014538397e-03, -7.2980986848597695e-05,
          8.4639388778220744e-03, 1.8544351466602761e-03,
          5.8559058042525819e-03, 3.6182184440938674e-02 ]
   - !!opencv-matrix
      rows: 10
      cols: 10
      dt: d
