%YAML:1.0
---
groups:
   - intact
   - CD19
   - blast
intactGmmnames:
   - "intact.508.0"
   - "intact.508.1"
   - "intact.508.2"
   - "intact.508.3"
   - "intact.508.4"
intactLabels:
   - FSC-A
   - SSC-A
   - SY41
   - CD19
   - CD10
   - CD20
   - CD45
   - CD34
   - CD38
intactMu: !!opencv-matrix
   rows: 5
   cols: 9
   dt: d
   data: [ 2.2977127834500743e+00, 3.5999437031078267e+00,
       3.2319938248058615e+00, 1.5018136796066046e+00,
       1.2860640955018434e+00, 9.5819255325569685e-01,
       2.4554793026775954e+00, 1.0088062549495482e+00,
       1.5894448821507217e+00, 1.1543868291362391e+00,
       5.8061637049250869e-01, 3.1352247312633650e+00,
       9.9546286669225081e-01, 7.5987245224256450e-01,
       9.1450588413376432e-01, 3.3956569796169616e+00,
       9.2055896605760246e-01, 1.5036488298955335e+00,
       2.0089454049591344e+00, 1.9847086365325681e+00,
       3.1349798268051638e+00, 1.3245932970762844e+00,
       1.0536579355525666e+00, 1.1746187978785891e+00,
       3.0342464237319762e+00, 1.1649075688075528e+00,
       2.3308199274143893e+00, 2.5932366654959691e+00,
       3.2595898489299753e+00, 3.1940568305198114e+00,
       1.4790671894850980e+00, 8.8460429204895219e-01,
       9.9863548611563568e-01, 2.4200797829059142e+00,
       9.0839518522611307e-01, 1.6953123530511198e+00,
       9.2453933643687414e-01, 4.5388072835618809e-01,
       3.4426214045842145e+00, 1.0191315781661945e+00,
       8.5312001609713217e-01, 7.8521984717988902e-01,
       1.3203604478758808e+00, 9.2219994726065457e-01,
       1.5295934523050374e+00 ]
intactSigma:
   - !!opencv-matrix
      rows: 9
      cols: 9
      dt: d
      data: [ 2.4521819159659786e-01, 8.2116776035889114e-02,
          -2.1478007435629148e-02, 1.3908260545709929e-02,
          -9.2885576343544621e-02, 2.3673258549237915e-02,
          -1.2276701288705354e-02, 2.6621608809113750e-02,
          6.0315155567472771e-03, 8.2116776035889114e-02,
          2.6765051581390475e-01, 4.4892845714132124e-03,
          3.0042419520955814e-02, 5.6775138183147228e-03,
          2.3812060592808177e-02, 1.1073902908013026e-02,
          -4.0614709999845563e-03, 3.2934297523047303e-04,
          -2.1478007435629148e-02, 4.4892845714132150e-03,
          5.0420694853689808e-02, -2.1317931987793453e-03,
          1.2728399810615744e-02, -1.0032856518696879e-02,
          -4.0870182036382742e-03, -4.7924084368024533e-03,
          -1.9490705418107048e-03, 1.3908260545709929e-02,
          3.0042419520955807e-02, -2.1317931987793453e-03,
          2.2544741390899029e-02, -3.7905842266554150e-03,
          4.1488714569403659e-03, 4.9091398516239529e-04,
          -1.5904361551301222e-05, -2.6270412079807013e-03,
          -9.2885576343544621e-02, 5.6775138183147228e-03,
          1.2728399810615739e-02, -3.7905842266554167e-03,
          2.4021898997807534e-01, -6.3900315559199056e-03,
          4.1385827572682901e-02, -2.7829870702216854e-02,
          -4.8341542280183301e-03, 2.3673258549237918e-02,
          2.3812060592808177e-02, -1.0032856518696879e-02,
          4.1488714569403676e-03, -6.3900315559199073e-03,
          5.3677317221574442e-02, 2.1928075822737771e-03,
          4.0889241998715411e-03, 1.1006233464384526e-03,
          -1.2276701288705357e-02, 1.1073902908013026e-02,
          -4.0870182036382733e-03, 4.9091398516239529e-04,
          4.1385827572682908e-02, 2.1928075822737771e-03,
          4.2770670463441407e-02, -3.7544039024979881e-03,
          3.1218836775961115e-04, 2.6621608809113750e-02,
          -4.0614709999845554e-03, -4.7924084368024516e-03,
          -1.5904361551301029e-05, -2.7829870702216850e-02,
          4.0889241998715411e-03, -3.7544039024979890e-03,
          6.2397054270193937e-02, 2.9581376016727264e-03,
          6.0315155567472788e-03, 3.2934297523047352e-04,
          -1.9490705418107050e-03, -2.6270412079807009e-03,
          -4.8341542280183301e-03, 1.1006233464384528e-03,
          3.1218836775961126e-04, 2.9581376016727260e-03,
          7.0380369014089710e-03 ]
   - !!opencv-matrix
      rows: 9
      cols: 9
      dt: d
      data: [ 1.3877045812716546e-01, 7.4284655980522835e-02,
          -2.9674172393796255e-02, 1.4750113901103416e-02,
          6.3984186929946941e-03, 3.6215480199283591e-02,
          3.4851904030689766e-02, 9.0573544032429933e-04,
          4.2738268720381358e-03, 7.4284655980522835e-02,
          6.8588116775550129e-02, -1.7209019761880794e-02,
          1.1015830681764420e-02, 8.1247050858929432e-03,
          3.1118273562572026e-02, 2.5558604107710600e-02,
          1.0836323997294559e-03, 1.5629162848929186e-03,
          -2.9674172393796255e-02, -1.7209019761880797e-02,
          5.9455414466502168e-02, -2.8892129994367638e-03,
          -5.3655671458737169e-04, -1.4071698204527016e-02,
          -1.2538923167446115e-02, 5.4078442039516832e-04,
          2.5897762463675435e-05, 1.4750113901103415e-02,
          1.1015830681764418e-02, -2.8892129994367629e-03,
          2.0022129284580848e-02, 1.8753560244304057e-03,
          5.6573035741288831e-03, 3.4368370354582191e-03,
          1.7851691759159264e-03, -3.5905965182670601e-04,
          6.3984186929946906e-03, 8.1247050858929432e-03,
          -5.3655671458737169e-04, 1.8753560244304057e-03,
          4.4975538379082164e-02, 4.5941444944255474e-04,
          2.2323981464310136e-03, -3.8357900658792356e-03,
          2.6010248785459614e-04, 3.6215480199283591e-02,
          3.1118273562572026e-02, -1.4071698204527016e-02,
          5.6573035741288831e-03, 4.5941444944255463e-04,
          8.0423474552919733e-02, 1.4567676231999014e-02,
          1.2874939894619085e-03, 1.4738991902598332e-04,
          3.4851904030689766e-02, 2.5558604107710596e-02,
          -1.2538923167446116e-02, 3.4368370354582187e-03,
          2.2323981464310132e-03, 1.4567676231999012e-02,
          2.2766409784013317e-02, -1.6373520194447773e-03,
          1.6596848867355890e-04, 9.0573544032429858e-04,
          1.0836323997294550e-03, 5.4078442039516832e-04,
          1.7851691759159269e-03, -3.8357900658792356e-03,
          1.2874939894619080e-03, -1.6373520194447779e-03,
          1.4370995354956775e-01, 7.4791891378144133e-04,
          4.2738268720381367e-03, 1.5629162848929186e-03,
          2.5897762463675292e-05, -3.5905965182670601e-04,
          2.6010248785459603e-04, 1.4738991902598313e-04,
          1.6596848867355874e-04, 7.4791891378144101e-04,
          9.1661012446949287e-03 ]
   - !!opencv-matrix
      rows: 9
      cols: 9
      dt: d
      data: [ 4.2212579026686869e-01, 4.3613771836332194e-01,
          3.8979958589114884e-02, 9.5438851599755695e-02,
          8.8430027593545110e-02, 7.8226290532197457e-02,
          -2.4267540400194163e-02, 4.5842279867178301e-02,
          3.3522006316890784e-02, 4.3613771836332194e-01,
          1.2642457026829943e+00, 9.4514189515742530e-02,
          2.1588101436153617e-01, 1.9398823920929062e-01,
          1.9101579921502490e-01, -1.1886035117443816e-01,
          7.5307664939733869e-03, -2.4623067223426855e-02,
          3.8979958589114884e-02, 9.4514189515742530e-02,
          7.7282898272450190e-02, 2.2915899030771448e-02,
          1.0591546131625698e-02, 4.4194007941668750e-03,
          -4.4458899257560774e-02, 2.8674118227107005e-02,
          2.5881611155592153e-02, 9.5438851599755695e-02,
          2.1588101436153617e-01, 2.2915899030771458e-02,
          1.1986671356752379e-01, 7.7859566236934755e-02,
          7.3641313343610543e-02, -5.3941304007164986e-02,
          1.3723356486838914e-02, 2.0788607371338023e-02,
          8.8430027593545110e-02, 1.9398823920929065e-01,
          1.0591546131625698e-02, 7.7859566236934755e-02,
          2.1082160790612420e-01, 1.0019359951464731e-01,
          -5.6845282415349689e-02, 3.1955667770125200e-02,
