%YAML:1.0
---
groups:
   - intact
   - CD19
   - blast
intactGmmnames:
   - "intact.508.0"
   - "intact.508.1"
   - "intact.508.2"
   - "intact.508.3"
   - "intact.508.4"
intactLabels:
   - FSC-A
   - SSC-A
   - SY41
   - CD19
   - CD10
   - CD20
   - CD45
   - CD34
   - CD38
intactMu: !!opencv-matrix
   rows: 5
   cols: 9
   dt: d
   data: [ 1.3799295092034261e+00, 6.1221183625019726e-01,
       2.8162878674325844e+00, 1.0214627174673756e+00,
       8.7328489940941123e-01, 1.1211829977912016e+00,
       3.6725037692922511e+00, 9.9790562155586793e-01,
       1.5705482815263283e+00, 1.7832524481819794e+00,
       2.4148017124419625e+00, 3.2325831192527787e+00,
       1.5404343732747934e+00, 1.6996279102519143e+00,
       1.2722287979183868e+00, 2.4871469141044513e+00,
       1.0546257013264917e+00, 2.0629851918069049e+00,
       9.2891499313815196e-01, 5.6757880141868577e-01,
       3.2156843839512068e+00, 9.9066526738247562e-01,
       1.0976837219774471e+00, 1.0732224779795920e+00,
       1.5412515001597671e+00, 9.7463560960414830e-01,
       1.6425296517477392e+00, 8.8915465569169161e-01,
       3.1630184060733890e-01, 3.2866312414520866e+00,
       9.1573322622162634e-01, 8.3027110153134420e-01,
       9.9297516845187339e-01, 3.4455358156325522e+00,
       9.8631923259504994e-01, 1.5689751487008403e+00,
       1.3540965915898060e+00, 7.1145539179343276e-01,
       2.7821853693495169e+00, 1.0442879309469337e+00,
       8.6262407317003420e-01, 1.0851963285773780e+00,
       3.5602462414679463e+00, 1.0161192087691939e+00,
       2.3982295944072045e+00 ]
intactSigma:
   - !!opencv-matrix
      rows: 9
      cols: 9
      dt: d
      data: [ 8.2389553587737377e-02, 3.0786950445813633e-02,
          7.2200373781577520e-03, 3.5546088181539035e-03,
          4.9236878733984607e-03, 1.4582848920286284e-02,
          7.9822377037714522e-03, 7.0047229426945684e-04,
          -3.3450944127990783e-04, 3.0786950445813633e-02,
          4.8807586210369111e-02, -8.6905515506931433e-03,
          1.2724376291596274e-02, 7.8267755146470309e-03,
          1.7415684708336862e-02, 1.8173663140347223e-02,
          -2.1609951886627444e-04, 2.8380524273439777e-03,
          7.2200373781577520e-03, -8.6905515506931451e-03,
          7.5575065213473139e-02, -7.5601876061430536e-03,
          4.7678590606400087e-04, 2.6413988862201476e-05,
          -1.1468851515644685e-02, 1.8655079088143621e-03,
          -3.4180464896963725e-03, 3.5546088181539035e-03,
          1.2724376291596270e-02, -7.5601876061430562e-03,
          9.9933603206331281e-02, 2.4261423038854256e-03,
          5.9616010321368856e-03, 5.6429570653407438e-03,
          2.2388246075410773e-03, -4.6958576965373316e-03,
          4.9236878733984607e-03, 7.8267755146470292e-03,
          4.7678590606400071e-04, 2.4261423038854256e-03,
          5.6755551412843379e-02, 1.2369377148621773e-03,
          1.2864372661219577e-03, -7.0870477350384311e-03,
          1.5792457750569432e-04, 1.4582848920286284e-02,
          1.7415684708336862e-02, 2.6413988862201066e-05,
          5.9616010321368873e-03, 1.2369377148621771e-03,
          6.2867732677750976e-02, 5.2310885780397247e-03,
          6.7551591360213775e-04, -7.9727300867923911e-04,
          7.9822377037714522e-03, 1.8173663140347223e-02,
          -1.1468851515644685e-02, 5.6429570653407403e-03,
          1.2864372661219575e-03, 5.2310885780397238e-03,
          1.5620882871430153e-02, -2.2814347005788763e-03,
          3.2662010664693351e-03, 7.0047229426945651e-04,
          -2.1609951886627482e-04, 1.8655079088143614e-03,
          2.2388246075410747e-03, -7.0870477350384311e-03,
          6.7551591360213797e-04, -2.2814347005788759e-03,
          1.7970785465209316e-01, 2.1581471357110782e-03,
          -3.3450944127990767e-04, 2.8380524273439768e-03,
          -3.4180464896963734e-03, -4.6958576965373325e-03,
          1.5792457750569432e-04, -7.9727300867923911e-04,
          3.2662010664693351e-03, 2.1581471357110782e-03,
          2.4053330189482160e-02 ]
   - !!opencv-matrix
      rows: 9
      cols: 9
      dt: d
      data: [ 4.3816341698221511e-01, 4.0725749215995960e-01,
          2.6191896412251493e-02, 7.0786761017988961e-02,
          -2.8443506828029014e-02, 4.3378747924049617e-02,
          1.0250711714247250e-01, -3.8596887312375072e-03,
          1.0469734326425610e-02, 4.0725749215995960e-01,
          1.7670734959001042e+00, 1.2515366865002062e-01,
          2.3431214609558601e-01, -5.7831212878683813e-02,
          -1.1173944991003461e-01, 2.5039833230776976e-01,
          -3.8937908307080445e-02, -2.3803245222554972e-01,
          2.6191896412251500e-02, 1.2515366865002062e-01,
          1.6334079467535934e-01, 1.4168878965311554e-02,
          -6.8255980894537860e-03, -2.1944451499897943e-02,
          1.0019617446194859e-02, -9.5514279805766107e-03,
          -2.0202166602319231e-04, 7.0786761017988961e-02,
          2.3431214609558601e-01, 1.4168878965311554e-02,
          1.1572727106721704e-01, 5.4269248502252787e-02,
          3.1474336310364073e-02, 3.2722341794995509e-02,
          1.4587878157400508e-02, -1.1894447083631017e-03,
          -2.8443506828029007e-02, -5.7831212878683813e-02,
          -6.8255980894537842e-03, 5.4269248502252787e-02,
          4.2234805219805921e-01, 7.7164035881010506e-02,
          1.6200422056568766e-02, 2.7488564125554289e-02,
          -3.3580225966725143e-02, 4.3378747924049617e-02,
          -1.1173944991003461e-01, -2.1944451499897950e-02,
          3.1474336310364073e-02, 7.7164035881010506e-02,
          1.9953250450748350e-01, 3.2397157825593860e-02,
          5.3743690912417361e-02, 8.1586041580777119e-02,
          1.0250711714247251e-01, 2.5039833230776970e-01,
          1.0019617446194867e-02, 3.2722341794995509e-02,
          1.6200422056568763e-02, 3.2397157825593853e-02,
          2.9083894030174295e-01, 1.1506005066103858e-02,
          2.1325610143762774e-02, -3.8596887312375072e-03,
          -3.8937908307080445e-02, -9.5514279805766125e-03,
          1.4587878157400508e-02, 2.7488564125554289e-02,
          5.3743690912417361e-02, 1.1506005066103858e-02,
          8.3519478522551732e-02, 3.2404926566625365e-02,
          1.0469734326425603e-02, -2.3803245222554964e-01,
          -2.0202166602319353e-04, -1.1894447083631004e-03,
          -3.3580225966725150e-02, 8.1586041580777119e-02,
          2.1325610143762778e-02, 3.2404926566625365e-02,
          3.7546817597595600e-01 ]
   - !!opencv-matrix
      rows: 9
      cols: 9
      dt: d
      data: [ 1.6457598844363347e-01, 8.3010711002430349e-02,
          -4.7047128847565256e-03, 2.9136167408509484e-02,
          4.9810578532093357e-02, 5.2769077934184415e-02,
          5.3313848904831707e-02, -6.4267774476617693e-04,
          3.3668442372072949e-02, 8.3010711002430349e-02,
          8.4701806982872219e-02, 2.7652938738437882e-02,
          3.1566806495034516e-02, 4.7208084085608150e-02,
          4.7175338158199777e-02, 4.9303310588010033e-02,
          6.0729679203288278e-05, 3.0904456895309382e-02,
          -4.7047128847565248e-03, 2.7652938738437882e-02,
          2.2280017753982684e-01, 1.8166027567336557e-02,
          1.4629993450744330e-02, -7.6761770069043410e-03,
          2.0047835525660088e-02, 6.5172799379013585e-04,
          1.5455901710177571e-02, 2.9136167408509484e-02,
          3.1566806495034523e-02, 1.8166027567336557e-02,
          4.6283693512701278e-02, 2.3004956808544131e-02,
          1.9521398749769037e-02, 2.1283726249361722e-02,
          3.4790306195306615e-04, 1.1934256976498697e-02,
          4.9810578532093357e-02, 4.7208084085608150e-02,
          1.4629993450744332e-02, 2.3004956808544131e-02,
          1.2320442623637609e-01, 3.1090815190938929e-02,
          4.6673892189308126e-02, -1.9007008787893063e-03,
