%YAML:1.0
---
groups:
   - intact
   - CD19
   - blast
intactGmmnames:
   - "intact.527.0"
   - "intact.527.1"
   - "intact.527.2"
   - "intact.527.3"
   - "intact.527.4"
intactLabels:
   - FSC-A
   - SSC-A
   - SY41
   - CD19
   - CD10
   - CD20
   - CD45
   - CD34
   - CD38
intactMu: !!opencv-matrix
   rows: 5
   cols: 9
   dt: d
   data: [ 2.0596492571220062e+00, 1.8196961323635088e+00,
       3.8325992543025378e+00, 1.4658217497224379e+00,
       2.1168519804371826e+00, 1.5345372244526359e+00,
       2.9636841617987422e+00, 1.7446881085509784e+00,
       1.8789156623861965e+00, 1.3494980779233816e+00,
       4.4676158253521125e-01, 4.1878114590973876e+00,
       1.1411012105005551e+00, 8.8836165083117069e-01,
       8.0046272015508646e-01, 3.6600875629178948e+00,
       1.0563009699037762e+00, 1.9392784806694774e+00,
       2.5638555963523140e+00, 3.5596498066367781e+00,
       4.3711039370952722e+00, 1.6892825369685633e+00,
       2.2222721281073938e+00, 8.3928028980205172e-01,
       2.8353289023366259e+00, 1.1057591452471982e+00,
       1.8103117634008696e+00, 1.5194459043326662e+00,
       2.0760323836626280e+00, 3.5967043594625583e+00,
       1.4402237636748663e+00, 2.0357940479236771e+00,
       1.4168026545946992e+00, 2.3474331607770265e+00,
       1.0925341217873481e+00, 1.6406647707009063e+00,
       1.6892525446313731e+00, 1.9299337082375785e+00,
       3.7264050934517696e+00, 1.4895004622958827e+00,
       3.8040642455625866e+00, 2.0778623667403529e+00,
       1.7607907925059347e+00, 1.4866303469355688e+00,
       1.6651676847362176e+00 ]
intactSigma:
   - !!opencv-matrix
      rows: 9
      cols: 9
      dt: d
      data: [ 7.1477123914269391e-01, 5.5818427616629507e-01,
          3.3547026847327584e-02, 1.2112114296360797e-01,
          3.6703446274616902e-01, 2.3055724643859041e-01,
          -2.6316109082042578e-02, 1.6397787726752830e-01,
          4.2061934231468368e-02, 5.5818427616629507e-01,
          1.0744397958632963e+00, 5.2467708431505139e-02,
          2.1232044418354065e-01, 4.5685921069010949e-01,
          2.9683382466296498e-01, -3.0912227989491680e-02,
          1.4743670880163756e-01, 2.7967528001731669e-02,
          3.3547026847327584e-02, 5.2467708431505139e-02,
          1.5373931640226579e-01, 2.1078277964841817e-02,
          8.1229913940175591e-02, -1.5319720025122035e-02,
          1.2658126342738257e-01, -1.1650425536056694e-01,
          -1.4547948203714472e-04, 1.2112114296360797e-01,
          2.1232044418354068e-01, 2.1078277964841820e-02,
          9.3684054867376229e-02, 1.1880131009796098e-01,
          1.1060395968277065e-01, 1.8899220113358561e-03,
          2.9909899433736425e-02, 3.6986178128078401e-03,
          3.6703446274616902e-01, 4.5685921069010949e-01,
          8.1229913940175577e-02, 1.1880131009796098e-01,
          8.7872167677634916e-01, 2.8994274787161944e-01,
          -3.8964098057964518e-02, 6.7992608918513206e-02,
          -2.4703755469804696e-02, 2.3055724643859041e-01,
          2.9683382466296498e-01, -1.5319720025122040e-02,
          1.1060395968277065e-01, 2.8994274787161950e-01,
          3.1549123215711439e-01, -7.4790915985469025e-02,
          1.3633944646113558e-01, -1.3164134448383020e-03,
          -2.6316109082042578e-02, -3.0912227989491690e-02,
          1.2658126342738257e-01, 1.8899220113358594e-03,
          -3.8964098057964518e-02, -7.4790915985469011e-02,
          3.1338958066945816e-01, -1.5138965142477251e-01,
          3.8802759318556673e-02, 1.6397787726752830e-01,
          1.4743670880163756e-01, -1.1650425536056691e-01,
          2.9909899433736425e-02, 6.7992608918513206e-02,
          1.3633944646113558e-01, -1.5138965142477248e-01,
          4.7006522176070703e-01, 3.2073195605535759e-02,
          4.2061934231468368e-02, 2.7967528001731669e-02,
          -1.4547948203714426e-04, 3.6986178128078401e-03,
          -2.4703755469804703e-02, -1.3164134448383027e-03,
          3.8802759318556673e-02, 3.2073195605535766e-02,
          6.7329981153278054e-02 ]
   - !!opencv-matrix
      rows: 9
      cols: 9
      dt: d
      data: [ 5.6838707544253450e-02, 2.1742438376428048e-02,
          -1.4996491065250358e-02, 3.9723289328139006e-03,
          4.4928576860661460e-03, 1.3790296768808727e-02,
          4.4627358710550465e-03, 3.7505675310500015e-03,
          2.9268780288013566e-02, 2.1742438376428048e-02,
          3.3130158686972375e-02, -1.7617088666620363e-02,
          5.4554394037242930e-03, 6.8535901896604355e-03,
          2.0322273304788474e-02, 6.7918563965458124e-03,
          5.4565831766196938e-03, 3.7977910108016509e-02,
          -1.4996491065250361e-02, -1.7617088666620363e-02,
          2.3376555793111441e-02, -3.2624554936176464e-03,
          -5.7017388925393901e-03, -1.7388232374983211e-02,
          -5.2916328658067797e-03, -2.3948208199652300e-03,
          -2.2405536323789641e-02, 3.9723289328139006e-03,
          5.4554394037242930e-03, -3.2624554936176464e-03,
          2.0553217089340842e-02, 1.3229939010574439e-03,
          3.5308632337574825e-03, 2.0778040275538675e-03,
          2.7623157100832162e-03, 5.1554027409449954e-03,
          4.4928576860661460e-03, 6.8535901896604381e-03,
          -5.7017388925393892e-03, 1.3229939010574439e-03,
          1.3239224679623896e-02, 6.3857596380560199e-03,
          2.0340563323243467e-03, -1.7939536932323195e-03,
          4.1998134924668244e-03, 1.3790296768808727e-02,
          2.0322273304788474e-02, -1.7388232374983211e-02,
          3.5308632337574838e-03, 6.3857596380560207e-03,
          4.1732672884805679e-02, 6.2462597462416966e-03,
          4.1609422748787629e-03, 1.0140289398491540e-02,
          4.4627358710550465e-03, 6.7918563965458124e-03,
          -5.2916328658067797e-03, 2.0778040275538675e-03,
          2.0340563323243471e-03, 6.2462597462416974e-03,
          1.0884116141236992e-02, -3.5009603195362219e-04,
          -5.0235755567733008e-03, 3.7505675310500015e-03,
          5.4565831766196938e-03, -2.3948208199652300e-03,
          2.7623157100832170e-03, -1.7939536932323197e-03,
          4.1609422748787629e-03, -3.5009603195362236e-04,
          1.5988227963644727e-01, 1.3808885539021700e-02,
          2.9268780288013562e-02, 3.7977910108016509e-02,
          -2.2405536323789641e-02, 5.1554027409449954e-03,
          4.1998134924668244e-03, 1.0140289398491540e-02,
          -5.0235755567733017e-03, 1.3808885539021700e-02,
          1.4316596192809922e-01 ]
   - !!opencv-matrix
      rows: 9
      cols: 9
      dt: d
      data: [ 2.5557382825729891e-01, 1.4100922517127129e-01,
          1.2275218354289229e-04, 2.5699188147062225e-02,
          -3.8586896886956178e-02, 2.3181679348129525e-02,
          -2.5064097691104546e-02, 3.3525578968472709e-03,
          1.7796946323731168e-03, 1.4100922517127129e-01,
          3.5882305739420656e-01, -1.1684081821315273e-02,
          4.5006852780073034e-02, 3.4309787742015485e-02,
          5.9176017202773774e-02, 7.0879491641209838e-03,
          9.9153291983778910e-03, 1.7634690462019901e-03,
          1.2275218354289245e-04, -1.1684081821315273e-02,
          1.5733398423985787e-02, -2.5498934352287343e-03,
          -9.6898333566568396e-03, -1.4470635736760837e-02,
          -6.3877512136005518e-03, 1.6944263943599524e-04,
          -1.2337739656719238e-03, 2.5699188147062221e-02,
          4.5006852780073034e-02, -2.5498934352287347e-03,
          2.5147669431976858e-02, 2.9773148147099930e-03,
          6.5576896443733405e-03, 1.6729179029173645e-03,
          1.5827534232731640e-03, -3.3023400348740296e-04,
          -3.8586896886956178e-02, 3.4309787742015485e-02,
          -9.6898333566568413e-03, 2.9773148147099917e-03,
          1.3974946349085468e-01, 1.0064829503497271e-02,
          4.0938171075422379e-02, 3.8959879628083010e-03,
          7.3657804869782810e-04, 2.3181679348129525e-02,
          5.9176017202773774e-02, -1.4470635736760834e-02,
          6.5576896443733405e-03, 1.0064829503497269e-02,
          4.6039911348235110e-02, 4.1667530271223630e-03,
          2.1577595207055008e-03, 7.9095169256054843e-04,
          -2.5064097691104546e-02, 7.0879491641209864e-03,
          -6.3877512136005518e-03, 1.6729179029173647e-03,
          4.0938171075422379e-02, 4.1667530271223630e-03,
          3.5653129021403974e-02, 6.4332993702302525e-04,
          1.1411115133430816e-03, 3.3525578968472709e-03,
          9.9153291983778910e-03, 1.6944263943599494e-04,
          1.5827534232731632e-03, 3.8959879628082984e-03,
          2.1577595207055026e-03, 6.4332993702302503e-04,
          6.9037632480390826e-02, 2.9519886251307077e-04,
          1.7796946323731175e-03, 1.7634690462019905e-03,
          -1.2337739656719242e-03, -3.3023400348740296e-04,
          7.3657804869782788e-04, 7.9095169256054810e-04,
          1.1411115133430811e-03, 2.9519886251307083e-04,
          9.9543242971647031e-03 ]
   - !!opencv-matrix
      rows: 9
      cols: 9
      dt: d
      data: [ 1.4126888851627115e-01, 1.5146411151450670e-01,
          2.0789660878987752e-02, 2.8391531994750568e-02,
          3.2821054970507475e-02, 2.8174336648665060e-02,
          3.6101136945647982e-02, 6.7887088560699485e-03,
          -1.7582939107351763e-03, 1.5146411151450670e-01,
          6.6630965485919558e-01, 5.1538472044744585e-02,
          1.2054219969031003e-01, 1.2901563340847094e-01,
          1.0200843483432337e-01, 1.5487179126402040e-01,
          2.3361873768042184e-02, -8.9744407598209633e-03,
          2.0789660878987749e-02, 5.1538472044744585e-02,
          6.6637090574022284e-02, 1.0919840842588430e-02,
          5.7922055677155125e-03, -4.1115052048086697e-03,
          1.5379543158844895e-02, 3.6113499290910548e-03,
          -9.1886040403288998e-05, 2.8391531994750568e-02,
          1.2054219969031003e-01, 1.0919840842588430e-02,
          3.7576680216827849e-02, 2.3959738014543281e-02,
          1.8323431873490705e-02, 3.0170151835191044e-02,
          4.7332446381314428e-03, -3.1483630778200039e-03,
          3.2821054970507468e-02, 1.2901563340847094e-01,
          5.7922055677155125e-03, 2.3959738014543278e-02,
          2.1694071450155414e-01, 3.3404412672935702e-02,
          1.7613495017057029e-01, 7.1153172864571040e-03,
          2.9660678743863105e-04, 2.8174336648665060e-02,
          1.0200843483432337e-01, -4.1115052048086706e-03,
          1.8323431873490698e-02, 3.3404412672935702e-02,
          4.6108413189853190e-02, 2.9043564681837178e-02,
          5.5913178050063378e-03, -1.1359716202772032e-03,
          3.6101136945647982e-02, 1.5487179126402040e-01,
          1.5379543158844895e-02, 3.0170151835191051e-02,
          1.7613495017057029e-01, 2.9043564681837178e-02,
          2.4760820890396715e-01, 4.2667675201352902e-03,
          1.0167615040632988e-04, 6.7887088560699502e-03,
          2.3361873768042184e-02, 3.6113499290910548e-03,
          4.7332446381314402e-03, 7.1153172864571058e-03,
          5.5913178050063378e-03, 4.2667675201352893e-03,
          5.4506646856736438e-02, -3.5287934465478328e-05,
          -1.7582939107351763e-03, -8.9744407598209633e-03,
          -9.1886040403288917e-05, -3.1483630778200039e-03,
          2.9660678743863121e-04, -1.1359716202772032e-03,
          1.0167615040632988e-04, -3.5287934465478307e-05,
          1.3868872852116189e-03 ]
   - !!opencv-matrix
      rows: 9
      cols: 9
      dt: d
      data: [ 2.9335153316728102e-01, 2.5069378201709047e-01,
          7.3146451534447071e-02, 5.6026436506498252e-02,
          2.9313447560245291e-02, 6.3467319333443434e-02,
          1.1899618487509855e-01, 5.1982022423278457e-02,
          3.1768644692933296e-03, 2.5069378201709047e-01,
          5.7875300771658833e-01, 1.2070955185705243e-01,
          1.1551068113883192e-01, 7.7313453645775562e-02,
          1.2728186262359018e-01, 1.7511847085956547e-01,
          8.2098013149017365e-02, -1.0879600278356468e-03,
          7.3146451534447071e-02, 1.2070955185705244e-01,
          8.0134083790035601e-02, 2.6284508080690119e-02,
          3.2670999807952426e-02, 1.6269851149013300e-02,
          3.4865208289933086e-02, -2.9413844035972286e-03,
          -6.2479768137030497e-04, 5.6026436506498252e-02,
          1.1551068113883192e-01, 2.6284508080690123e-02,
          4.0844089237228091e-02, 1.6246272961085349e-02,
          3.0612935618782960e-02, 3.8039693461491747e-02,
          2.3271126450648320e-02, -1.2946682397800022e-03,
          2.9313447560245294e-02, 7.7313453645775576e-02,
          3.2670999807952426e-02, 1.6246272961085349e-02,
          8.0729110675665447e-02, 2.8633931482405135e-02,
          -4.2278417169872747e-02, 1.1699569722245649e-02,
          -3.6410161478469410e-04, 6.3467319333443434e-02,
          1.2728186262359018e-01, 1.6269851149013304e-02,
          3.0612935618782960e-02, 2.8633931482405128e-02,
          6.1066761426458442e-02, 2.4765362226936656e-02,
          4.2363835623605094e-02, 4.1691793332594604e-04,
          1.1899618487509853e-01, 1.7511847085956547e-01,
          3.4865208289933079e-02, 3.8039693461491747e-02,
          -4.2278417169872753e-02, 2.4765362226936656e-02,
          5.8089607460985615e-01, 2.2550536781241120e-02,
          1.8029506356288547e-03, 5.1982022423278457e-02,
          8.2098013149017393e-02, -2.9413844035972268e-03,
          2.3271126450648324e-02, 1.1699569722245649e-02,
          4.2363835623605094e-02, 2.2550536781241120e-02,
          1.7535865453927274e-01, 3.0526953839451294e-03,
          3.1768644692933296e-03, -1.0879600278356470e-03,
          -6.2479768137030508e-04, -1.2946682397800022e-03,
          -3.6410161478469399e-04, 4.1691793332594614e-04,
          1.8029506356288540e-03, 3.0526953839451303e-03,
          1.8939809911000399e-03 ]
intactC: !!opencv-matrix
   rows: 1
   cols: 5
   dt: d
   data: [ 5.0753541648567400e-02, 4.4327738147681817e-01,
       1.0897287393574040e-01, 2.5729308039852528e-01,
       3.7313321361876407e-02 ]
intactNumEvents: 122934.
intactMaxVals: !!opencv-matrix
   rows: 1
   cols: 9
   dt: d
   data: [ 4.5000000000000000e+00, 4.5000000000000000e+00,
       4.5000000000000000e+00, 4.5000000000000000e+00,
       4.5000000000000000e+00, 4.5000000000000000e+00,
       4.5000000000000000e+00, 4.5000000000000000e+00,
       4.5000000000000000e+00 ]
CD19Gmmnames:
   - "CD19.527.0"
   - "CD19.527.1"
CD19Labels:
   - FSC-A
   - SSC-A
   - SY41
   - CD19
   - CD10
   - CD20
   - CD45
   - CD34
   - CD38
CD19Mu: !!opencv-matrix
   rows: 2
   cols: 9
   dt: d
   data: [ 1.4910455609262221e+00, 4.9388338268881748e-01,
       3.9800294422560842e+00, 2.9812208023547551e+00,
       1.6646035411102074e+00, 3.2771595482718876e+00,
       3.6575365923896648e+00, 1.1127622919637299e+00,
       1.8251545914759162e+00, 1.2497843684875574e+00,
       3.3809448000521336e-01, 4.0424367108657036e+00,
       2.9049556193537875e+00, 1.2650195924317007e+00,
       3.1736063756109920e+00, 3.6234471696569610e+00,
       1.0600096904308862e+00, 1.8203184274576030e+00 ]
CD19Sigma:
   - !!opencv-matrix
      rows: 9
      cols: 9
      dt: d
      data: [ 9.5576282098500859e-02, 1.6254412036029477e-02,
          -1.5740758116271406e-02, 1.6158805210984950e-02,
          -1.3444875526961145e-02, 1.5232450307804953e-02,
          9.6462491310553046e-03, 4.8329575654860856e-03,
          3.8994242065394694e-03, 1.6254412036029477e-02,
          3.0591301877315628e-02, -5.0506063049449981e-04,
          1.3088792911954771e-02, -7.0795003661397009e-03,
          1.6421166439946781e-02, 8.1525420192650709e-03,
          4.5288950847889109e-03, 2.2180956809383159e-03,
          -1.5740758116271406e-02, -5.0506063049450046e-04,
          3.7556776417604708e-02, -1.0112243023751881e-02,
          -1.0364850166549096e-02, -1.4838357763324244e-02,
          -2.9909563639539155e-03, 2.4925427587749241e-05,
          1.1640696967256921e-03, 1.6158805210984950e-02,
          1.3088792911954769e-02, -1.0112243023751881e-02,
          5.6887508627755115e-02, 2.5638063063472476e-03,
          4.1276288939736172e-02, 7.2134055404953273e-03,
          5.8484424587345795e-03, 1.8760494710924668e-03,
          -1.3444875526961142e-02, -7.0795003661397009e-03,
          -1.0364850166549099e-02, 2.5638063063472484e-03,
          2.3692612236101226e-01, 4.1286943503068392e-02,
          3.8643527858683671e-03, 3.4009345731689576e-03,
          9.5282006972971511e-03, 1.5232450307804953e-02,
          1.6421166439946785e-02, -1.4838357763324244e-02,
          4.1276288939736172e-02, 4.1286943503068392e-02,
          1.0063082295065463e-01, 1.7910138149813321e-02,
          9.9569983383845685e-03, 2.9524423030542709e-03,
          9.6462491310553046e-03, 8.1525420192650744e-03,
          -2.9909563639539155e-03, 7.2134055404953273e-03,
          3.8643527858683684e-03, 1.7910138149813321e-02,
          2.0134692166525397e-02, 3.0213688058417006e-03,
          4.6384200310089808e-03, 4.8329575654860830e-03,
          4.5288950847889127e-03, 2.4925427587750159e-05,
          5.8484424587345795e-03, 3.4009345731689585e-03,
          9.9569983383845685e-03, 3.0213688058417024e-03,
          1.8278726111468430e-01, 2.7954523677523619e-03,
          3.8994242065394694e-03, 2.2180956809383151e-03,
          1.1640696967256921e-03, 1.8760494710924670e-03,
          9.5282006972971494e-03, 2.9524423030542709e-03,
          4.6384200310089800e-03, 2.7954523677523597e-03,
          3.5058569883060074e-02 ]
   - !!opencv-matrix
      rows: 9
      cols: 9
      dt: d
      data: [ 2.8106310361480015e-02, 5.1700348690645447e-03,
          -1.1812067192323557e-02, 2.4924555926784209e-03,
          5.0460444202473547e-03, 4.0274721485651600e-03,
          4.4779149852999462e-03, 1.9791755674398648e-04,
          2.8847970280145463e-04, 5.1700348690645447e-03,
          6.6695212721333535e-03, -7.1278024599425120e-03,
          3.1309523729423881e-03, 5.1654576555786843e-03,
          5.6455545364526970e-03, 2.8072763339761510e-03,
          -6.9664009208786744e-05, -2.4728146745944075e-04,
          -1.1812067192323557e-02, -7.1278024599425120e-03,
          5.0406332991743984e-02, -8.1403405578866408e-03,
          -1.5760039134627223e-02, -1.1315531535267074e-02,
          -7.0686220006677698e-03, 7.8218812065325482e-04,
          -3.1840319422024800e-03, 2.4924555926784200e-03,
          3.1309523729423881e-03, -8.1403405578866442e-03,
          2.9053986022876625e-02, 7.5792921199512291e-03,
          1.0437415139485437e-02, 1.7956969218218641e-03,
          1.4794053489064333e-03, 1.7167699813586429e-03,
          5.0460444202473529e-03, 5.1654576555786851e-03,
          -1.5760039134627226e-02, 7.5792921199512291e-03,
          8.0768599538978927e-02, 2.0063311768762523e-02,
          3.8844190755178494e-03, -2.5015704114650563e-03,
          3.7242706945951410e-03, 4.0274721485651609e-03,
          5.6455545364526970e-03, -1.1315531535267074e-02,
          1.0437415139485439e-02, 2.0063311768762526e-02,
          2.8266729521251359e-02, 3.7259780909974591e-03,
          1.6875796008744115e-03, 2.1991227357968696e-03,
          4.4779149852999462e-03, 2.8072763339761510e-03,
          -7.0686220006677698e-03, 1.7956969218218641e-03,
          3.8844190755178494e-03, 3.7259780909974591e-03,
          8.0007920429430134e-03, -1.3798548896392832e-04,
          1.6192364947920609e-03, 1.9791755674398681e-04,
          -6.9664009208786866e-05, 7.8218812065325482e-04,
          1.4794053489064335e-03, -2.5015704114650554e-03,
          1.6875796008744115e-03, -1.3798548896392829e-04,
          1.5486025337198805e-01, 2.9856870913450392e-04,
          2.8847970280145447e-04, -2.4728146745944080e-04,
          -3.1840319422024787e-03, 1.7167699813586427e-03,
          3.7242706945951423e-03, 2.1991227357968700e-03,
          1.6192364947920606e-03, 2.9856870913450381e-04,
          2.0694619218492350e-02 ]
CD19C: !!opencv-matrix
   rows: 1
   cols: 2
   dt: d
   data: [ 2.1200978888436566e-02, 8.0524380165865328e-02 ]
CD19NumEvents: 13932.
CD19MaxVals: !!opencv-matrix
   rows: 1
   cols: 9
   dt: d
   data: [ 4.5000000000000000e+00, 4.5000000000000000e+00,
       4.5000000000000000e+00, 4.5000000000000000e+00,
       4.5000000000000000e+00, 4.5000000000000000e+00,
       4.5000000000000000e+00, 4.5000000000000000e+00,
       4.5000000000000000e+00 ]
blastGmmnames:
   - "blast.527.0"
blastLabels:
   - FSC-A
   - SSC-A
   - SY41
   - CD19
   - CD10
   - CD20
   - CD45
   - CD34
   - CD38
blastMu: !!opencv-matrix
   rows: 1
   cols: 9
   dt: d
   data: [ 1.5762180993845176e+00, 6.6528994074234604e-01,
       4.1681931254627944e+00, 3.4941820652930295e+00,
       3.3405537841084243e+00, 1.8124647081553282e+00,
       3.4936787007929206e+00, 1.4041528190885273e+00,
       1.9541131611708757e+00 ]
blastSigma:
   - !!opencv-matrix
      rows: 9
      cols: 9
      dt: d
      data: [ 1.4939452745712947e-01, 1.0223909387886950e-03,
          -3.8586096693855487e-02, 2.8051580348466658e-02,
          -9.7051421261240764e-03, 1.2619851536405794e-02,
          1.2825068361238992e-02, -3.1762700174379599e-02,
          5.0214138383791315e-03, 1.0223909387886950e-03,
          8.1789039636498945e-02, 2.6883792299826448e-03,
          2.7885531454636101e-02, -3.1478550017720083e-02,
          -4.7748591717390924e-02, 2.7348856136482906e-02,
          -6.6640904072267332e-02, 1.0166820907749407e-02,
          -3.8586096693855487e-02, 2.6883792299826448e-03,
          2.2993544427988327e-02, -9.0080568625627768e-03,
          -5.4166717755941831e-03, -1.6123377929075419e-02,
          -5.8744417370754530e-03, 9.0383853506179057e-03,
          -1.0578061038932036e-03, 2.8051580348466658e-02,
          2.7885531454636101e-02, -9.0080568625627768e-03,
          3.1461318701232421e-02, -1.8622536827809070e-02,
          -1.5157844229949790e-02, 1.6952034428116627e-02,
          -4.0906019801087476e-02, 1.0715619058869068e-02,
          -9.7051421261240764e-03, -3.1478550017720083e-02,
          -5.4166717755941831e-03, -1.8622536827809070e-02,
          1.2125004480647081e-01, 8.8953895224947135e-02,
          -1.6465064175118498e-02, 1.8376214216901920e-01,
          2.2045506562250348e-03, 1.2619851536405794e-02,
          -4.7748591717390924e-02, -1.6123377929075419e-02,
          -1.5157844229949790e-02, 8.8953895224947135e-02,
          3.1246275662079154e-01, -8.9714064791832603e-03,
          1.6527854567673808e-01, 1.7154209571085901e-02,
          1.2825068361238992e-02, 2.7348856136482906e-02,
          -5.8744417370754530e-03, 1.6952034428116627e-02,
          -1.6465064175118498e-02, -8.9714064791832603e-03,
          2.0055083258137783e-02, -3.7949391993246526e-02,
          9.0577547670240115e-03, -3.1762700174379599e-02,
          -6.6640904072267332e-02, 9.0383853506179057e-03,
          -4.0906019801087476e-02, 1.8376214216901920e-01,
          1.6527854567673808e-01, -3.7949391993246526e-02,
          5.6181824743914233e-01, 8.3598179153685781e-03,
          5.0214138383791315e-03, 1.0166820907749407e-02,
          -1.0578061038932036e-03, 1.0715619058869068e-02,
          2.2045506562250348e-03, 1.7154209571085901e-02,
          9.0577547670240115e-03, 8.3598179153685781e-03,
          5.8243763918268465e-02 ]
blastC: !!opencv-matrix
   rows: 1
   cols: 1
   dt: d
   data: [ 6.6444212417036388e-04 ]
blastNumEvents: 91.
blastMaxVals: !!opencv-matrix
   rows: 1
   cols: 9
   dt: d
   data: [ 4.5000000000000000e+00, 4.5000000000000000e+00,
       4.5000000000000000e+00, 4.5000000000000000e+00,
       4.5000000000000000e+00, 4.5000000000000000e+00,
       4.5000000000000000e+00, 4.5000000000000000e+00,
       4.5000000000000000e+00 ]
