%YAML:1.0
---
groups:
   - intact
   - CD19
   - blast
intactGmmnames:
   - "intact.527.0"
   - "intact.527.1"
   - "intact.527.2"
   - "intact.527.3"
   - "intact.527.4"
intactLabels:
   - FSC-A
   - SSC-A
   - SY41
   - CD19
   - CD10
   - CD20
   - CD45
   - CD34
   - CD38
intactMu: !!opencv-matrix
   rows: 5
   cols: 9
   dt: d
   data: [ 2.0596492571220062e+00, 1.8196961323635088e+00,
       3.8325992543025378e+00, 1.4658217497224379e+00,
       2.1168519804371826e+00, 1.5345372244526359e+00,
       2.9636841617987422e+00, 1.7446881085509784e+00,
       1.8789156623861965e+00, 1.3494980779233816e+00,
       4.4676158253521125e-01, 4.1878114590973876e+00,
       1.1411012105005551e+00, 8.8836165083117069e-01,
       8.0046272015508646e-01, 3.6600875629178948e+00,
       1.0563009699037762e+00, 1.9392784806694774e+00,
       2.5638555963523140e+00, 3.5596498066367781e+00,
       4.3711039370952722e+00, 1.6892825369685633e+00,
       2.2222721281073938e+00, 8.3928028980205172e-01,
       2.8353289023366259e+00, 1.1057591452471982e+00,
       1.8103117634008696e+00, 1.5194459043326662e+00,
       2.0760323836626280e+00, 3.5967043594625583e+00,
       1.4402237636748663e+00, 2.0357940479236771e+00,
       1.4168026545946992e+00, 2.3474331607770265e+00,
       1.0925341217873481e+00, 1.6406647707009063e+00,
       1.6892525446313731e+00, 1.9299337082375785e+00,
       3.7264050934517696e+00, 1.4895004622958827e+00,
       3.8040642455625866e+00, 2.0778623667403529e+00,
       1.7607907925059347e+00, 1.4866303469355688e+00,
       1.6651676847362176e+00 ]
intactSigma:
   - !!opencv-matrix
      rows: 9
      cols: 9
      dt: d
      data: [ 7.1477123914269391e-01, 5.5818427616629507e-01,
          3.3547026847327584e-02, 1.2112114296360797e-01,
          3.6703446274616902e-01, 2.3055724643859041e-01,
          -2.6316109082042578e-02, 1.6397787726752830e-01,
          4.2061934231468368e-02, 5.5818427616629507e-01,
          1.0744397958632963e+00, 5.2467708431505139e-02,
          2.1232044418354065e-01, 4.5685921069010949e-01,
          2.9683382466296498e-01, -3.0912227989491680e-02,
          1.4743670880163756e-01, 2.7967528001731669e-02,
          3.3547026847327584e-02, 5.2467708431505139e-02,
          1.5373931640226579e-01, 2.1078277964841817e-02,
          8.1229913940175591e-02, -1.5319720025122035e-02,
          1.2658126342738257e-01, -1.1650425536056694e-01,
          -1.4547948203714472e-04, 1.2112114296360797e-01,
          2.1232044418354068e-01, 2.1078277964841820e-02,
          9.3684054867376229e-02, 1.1880131009796098e-01,
          1.1060395968277065e-01, 1.8899220113358561e-03,
          2.9909899433736425e-02, 3.6986178128078401e-03,
          3.6703446274616902e-01, 4.5685921069010949e-01,
          8.1229913940175577e-02, 1.1880131009796098e-01,
          8.7872167677634916e-01, 2.8994274787161944e-01,
          -3.8964098057964518e-02, 6.7992608918513206e-02,
          -2.4703755469804696e-02, 2.3055724643859041e-01,
          2.9683382466296498e-01, -1.5319720025122040e-02,
          1.1060395968277065e-01, 2.8994274787161950e-01,
          3.1549123215711439e-01, -7.4790915985469025e-02,
          1.3633944646113558e-01, -1.3164134448383020e-03,
          -2.6316109082042578e-02, -3.0912227989491690e-02,
          1.2658126342738257e-01, 1.8899220113358594e-03,
          -3.8964098057964518e-02, -7.4790915985469011e-02,
          3.1338958066945816e-01, -1.5138965142477251e-01,
          3.8802759318556673e-02, 1.6397787726752830e-01,
          1.4743670880163756e-01, -1.1650425536056691e-01,
          2.9909899433736425e-02, 6.7992608918513206e-02,
          1.3633944646113558e-01, -1.5138965142477248e-01,
          4.7006522176070703e-01, 3.2073195605535759e-02,
          4.2061934231468368e-02, 2.7967528001731669e-02,
          -1.4547948203714426e-04, 3.6986178128078401e-03,
          -2.4703755469804703e-02, -1.3164134448383027e-03,
          3.8802759318556673e-02, 3.2073195605535766e-02,
          6.7329981153278054e-02 ]
   - !!opencv-matrix
      rows: 9
      cols: 9
      dt: d
      data: [ 5.6838707544253450e-02, 2.1742438376428048e-02,
          -1.4996491065250358e-02, 3.9723289328139006e-03,
          4.4928576860661460e-03, 1.3790296768808727e-02,
          4.4627358710550465e-03, 3.7505675310500015e-03,
          2.9268780288013566e-02, 2.1742438376428048e-02,
          3.3130158686972375e-02, -1.7617088666620363e-02,
          5.4554394037242930e-03, 6.8535901896604355e-03,
          2.0322273304788474e-02, 6.7918563965458124e-03,
          5.4565831766196938e-03, 3.7977910108016509e-02,
          -1.4996491065250361e-02, -1.7617088666620363e-02,
          2.3376555793111441e-02, -3.2624554936176464e-03,
          -5.7017388925393901e-03, -1.7388232374983211e-02,
          -5.2916328658067797e-03, -2.3948208199652300e-03,
          -2.2405536323789641e-02, 3.9723289328139006e-03,
          5.4554394037242930e-03, -3.2624554936176464e-03,
          2.0553217089340842e-02, 1.3229939010574439e-03,
          3.5308632337574825e-03, 2.0778040275538675e-03,
          2.7623157100832162e-03, 5.1554027409449954e-03,
          4.4928576860661460e-03, 6.8535901896604381e-03,
          -5.7017388925393892e-03, 1.3229939010574439e-03,
          1.3239224679623896e-02, 6.3857596380560199e-03,
          2.0340563323243467e-03, -1.7939536932323195e-03,
          4.1998134924668244e-03, 1.3790296768808727e-02,
          2.0322273304788474e-02, -1.7388232374983211e-02,
          3.5308632337574838e-03, 6.3857596380560207e-03,
          4.1732672884805679e-02, 6.2462597462416966e-03,
          4.1609422748787629e-03, 1.0140289398491540e-02,
          4.4627358710550465e-03, 6.7918563965458124e-03,
          -5.2916328658067797e-03, 2.0778040275538675e-03,
          2.0340563323243471e-03, 6.2462597462416974e-03,
          1.0884116141236992e-02, -3.5009603195362219e-04,
          -5.0235755567733008e-03, 3.7505675310500015e-03,
          5.4565831766196938e-03, -2.3948208199652300e-03,
          2.7623157100832170e-03, -1.7939536932323197e-03,
          4.1609422748787629e-03, -3.5009603195362236e-04,
          1.5988227963644727e-01, 1.3808885539021700e-02,
          2.9268780288013562e-02, 3.7977910108016509e-02,
          -2.2405536323789641e-02, 5.1554027409449954e-03,
          4.1998134924668244e-03, 1.0140289398491540e-02,
          -5.0235755567733017e-03, 1.3808885539021700e-02,
          1.4316596192809922e-01 ]
   - !!opencv-matrix
      rows: 9
      cols: 9
      dt: d
      data: [ 2.5557382825729891e-01, 1.4100922517127129e-01,
          1.2275218354289229e-04, 2.5699188147062225e-02,
          -3.8586896886956178e-02, 2.3181679348129525e-02,
          -2.5064097691104546e-02, 3.3525578968472709e-03,
          1.7796946323731168e-03, 1.4100922517127129e-01,
          3.5882305739420656e-01, -1.1684081821315273e-02,
          4.5006852780073034e-02, 3.4309787742015485e-02,
          5.9176017202773774e-02, 7.0879491641209838e-03,
          9.9153291983778910e-03, 1.7634690462019901e-03,
          1.2275218354289245e-04, -1.1684081821315273e-02,
          1.5733398423985787e-02, -2.5498934352287343e-03,
          -9.6898333566568396e-03, -1.4470635736760837e-02,
          -6.3877512136005518e-03, 1.6944263943599524e-04,
          -1.2337739656719238e-03, 2.5699188147062221e-02,
          4.5006852780073034e-02, -2.5498934352287347e-03,
          2.5147669431976858e-02, 2.9773148147099930e-03,
          6.5576896443733405e-03, 1.6729179029173645e-03,
          1.5827534232731640e-03, -3.3023400348740296e-04,
          -3.8586896886956178e-02, 3.4309787742015485e-02,
          -9.6898333566568413e-03, 2.9773148147099917e-03,
          1.3974946349085468e-01, 1.0064829503497271e-02,
          4.0938171075422379e-02, 3.8959879628083010e-03,
