%YAML:1.0
---
groups:
   - intact
   - CD19
   - blast
intactGmmnames:
   - "intact.530.0"
   - "intact.530.1"
   - "intact.530.2"
   - "intact.530.3"
   - "intact.530.4"
intactLabels:
   - FSC-A
   - SSC-A
   - SY41
   - CD19
   - CD10
   - CD20
   - CD45
   - CD34
   - CD38
intactMu: !!opencv-matrix
   rows: 5
   cols: 9
   dt: d
   data: [ 1.4678301440974482e+00, 6.3504983396260961e-01,
       3.6593500504528182e+00, 1.1436531144045012e+00,
       7.8698952022569979e-01, 1.0055880066714136e+00,
       3.7324443085420089e+00, 1.0695334630663103e+00,
       2.1713146737338316e+00, 1.7363468026450350e+00,
       3.4805422568087958e+00, 3.7680196952409388e+00,
       1.7338566796350372e+00, 2.6911376310716761e+00,
       1.1863308899494345e+00, 3.2940567064686639e+00,
       1.1646179285249576e+00, 1.7809942752861294e+00,
       1.9822719439378966e+00, 1.5445584974705302e+00,
       3.8312100657012542e+00, 1.4160433746148737e+00,
       1.3830779437774838e+00, 1.4058031486220084e+00,
       3.2302169499606745e+00, 1.4280152763199385e+00,
       2.0326155072113132e+00, 9.6283512708486130e-01,
       2.6918563735557360e-01, 4.0354670733150035e+00,
       1.0646644536455450e+00, 6.7531824004774688e-01,
       7.6629969629725470e-01, 3.5362843447265853e+00,
       1.0467878818342484e+00, 1.7666265474955596e+00,
       1.1580670713291816e+00, 5.9596937645131443e-01,
       4.1232574208891934e+00, 1.1325157682625573e+00,
       9.5033233876698875e-01, 9.4515627848184858e-01,
       1.4120913800711259e+00, 1.0547084881073268e+00,
       1.6653690829730246e+00 ]
intactSigma:
   - !!opencv-matrix
      rows: 9
      cols: 9
      dt: d
      data: [ 5.1622772255908438e-02, 3.2917804765349090e-03,
          -6.8596992610739404e-04, 2.0381810577360022e-03,
          1.0667924055394414e-03, 2.0521973931528852e-03,
          2.6312568342643913e-03, 1.5221200432185740e-03,
          -1.5279718130116150e-03, 3.2917804765349090e-03,
          1.8546656043452327e-02, -4.5134818696473166e-03,
          1.3926266692742325e-03, 4.2014733775709830e-03,
          6.6280331347544734e-03, 6.8009927008391452e-04,
          1.3934217435422488e-03, 2.0047742321382910e-02,
          -6.8596992610739393e-04, -4.5134818696473166e-03,
          1.0647148745509262e-02, 4.1201605941834011e-04,
          -1.2320917784555375e-03, -2.3044036691697461e-03,
          -2.6685220245090591e-04, -1.1195972156381342e-04,
          -9.7987936802126641e-03, 2.0381810577360018e-03,
          1.3926266692742331e-03, 4.1201605941833995e-04,
          3.0945559209132431e-02, 4.6832218537004518e-04,
          6.1981005019449628e-04, 7.4777975285942732e-04,
          2.1484159678070453e-03, 1.1044352074338845e-03,
          1.0667924055394414e-03, 4.2014733775709821e-03,
          -1.2320917784555379e-03, 4.6832218537004529e-04,
          3.3789270122591232e-02, 1.4125497894383398e-04,
          1.0425818058995969e-03, -5.7124507495476418e-03,
          -1.1396092850056285e-03, 2.0521973931528852e-03,
          6.6280331347544743e-03, -2.3044036691697461e-03,
          6.1981005019449639e-04, 1.4125497894383395e-04,
          2.0885413809952631e-02, 2.8275125491602441e-03,
          -7.1568526790770541e-05, -4.9093769999983689e-03,
          2.6312568342643913e-03, 6.8009927008391452e-04,
          -2.6685220245090574e-04, 7.4777975285942699e-04,
          1.0425818058995967e-03, 2.8275125491602432e-03,
          1.2921603678848790e-02, -1.6721856223630193e-03,
          -1.7958388342824125e-02, 1.5221200432185751e-03,
          1.3934217435422494e-03, -1.1195972156381342e-04,
          2.1484159678070453e-03, -5.7124507495476410e-03,
          -7.1568526790770324e-05, -1.6721856223630182e-03,
          1.3492585729809559e-01, 1.1957419798105646e-02,
          -1.5279718130116150e-03, 2.0047742321382910e-02,
          -9.7987936802126641e-03, 1.1044352074338851e-03,
          -1.1396092850056287e-03, -4.9093769999983689e-03,
          -1.7958388342824125e-02, 1.1957419798105650e-02,
          1.8510829303878876e-01 ]
   - !!opencv-matrix
      rows: 9
      cols: 9
      dt: d
      data: [ 1.6893306478196435e-01, 9.1101962044948678e-02,
          -5.7846603665525171e-03, 2.0641579037988540e-02,
          -1.3509734100391456e-02, 2.2219935709731822e-02,
          -3.8335971674002154e-03, 7.7607610340139060e-03,
          2.6779270522953426e-03, 9.1101962044948678e-02,
          3.7416286720385361e-01, -2.7532569167097416e-02,
          5.7277749255686100e-02, 2.6564587872174659e-02,
          5.6832100615696067e-02, 7.5780705812109250e-03,
          9.5197320294477337e-03, 3.1105852846701771e-03,
          -5.7846603665525189e-03, -2.7532569167097419e-02,
          4.2391045495435369e-02, -4.2648423284879413e-03,
          -1.4915832912237224e-02, -1.8766196356475407e-02,
          -1.2445242009299712e-02, -1.5930877924381331e-03,
          5.8851519914879605e-04, 2.0641579037988536e-02,
          5.7277749255686114e-02, -4.2648423284879413e-03,
          3.0988060123769243e-02, 3.7751036471771054e-03,
          9.4691333017866714e-03, 2.1894845477541743e-03,
          1.9596554764523965e-03, -3.2939162718710391e-04,
          -1.3509734100391458e-02, 2.6564587872174659e-02,
          -1.4915832912237224e-02, 3.7751036471771046e-03,
          1.5451813068634171e-01, 9.2595294719165968e-03,
          2.6619819741421993e-02, 6.2283675206529655e-03,
          -1.8105304502624941e-04, 2.2219935709731822e-02,
          5.6832100615696067e-02, -1.8766196356475407e-02,
          9.4691333017866714e-03, 9.2595294719165968e-03,
          4.1576722482343516e-02, 6.9844950710262694e-03,
          3.9783576504248347e-03, -8.0160883924275102e-05,
          -3.8335971674002163e-03, 7.5780705812109250e-03,
          -1.2445242009299712e-02, 2.1894845477541743e-03,
          2.6619819741421993e-02, 6.9844950710262676e-03,
          2.3333878488862595e-02, 1.5394857992492245e-03,
          -9.7728442903196829e-04, 7.7607610340139077e-03,
          9.5197320294477337e-03, -1.5930877924381335e-03,
          1.9596554764523960e-03, 6.2283675206529655e-03,
          3.9783576504248347e-03, 1.5394857992492249e-03,
          8.3262042949000734e-02, 6.9274167500305462e-04,
          2.6779270522953431e-03, 3.1105852846701780e-03,
          5.8851519914879605e-04, -3.2939162718710380e-04,
          -1.8105304502624974e-04, -8.0160883924275075e-05,
          -9.7728442903196873e-04, 6.9274167500305429e-04,
          8.4469131908613236e-03 ]
   - !!opencv-matrix
      rows: 9
      cols: 9
      dt: d
      data: [ 8.0391341185505827e-01, 5.7491592898692612e-01,
          -5.5886528013664319e-03, 1.4179239425372903e-01,
          8.9082200142478737e-02, 1.4224239026727753e-01,
          -4.8612994508412714e-02, 1.4163811480775823e-01,
          8.8806506356050682e-02, 5.7491592898692623e-01,
          1.1926277922590209e+00, -2.1557744449962137e-02,
          2.7083774477015338e-01, 2.7406160454201872e-01,
          2.5361452544542162e-01, -1.3760424988944697e-01,
          4.7790040676441291e-02, 4.0945903809067721e-02,
          -5.5886528013664363e-03, -2.1557744449962137e-02,
          1.6461774080584779e-01, 2.6179571027175673e-03,
          -4.2461065177522656e-02, -4.5593586695032065e-02,
          6.3550188171078922e-02, -5.8445253165969047e-02,
          2.6192996815033353e-02, 1.4179239425372903e-01,
          2.7083774477015338e-01, 2.6179571027175673e-03,
          1.3620900324555449e-01, 9.4588397919239703e-02,
          1.2903050138352082e-01, -1.7385380078959543e-02,
          2.4874888207377561e-02, 9.9801840667683352e-03,
          8.9082200142478737e-02, 2.7406160454201872e-01,
          -4.2461065177522656e-02, 9.4588397919239731e-02,
          3.6366514232433567e-01, 1.7401370278373210e-01,
