%YAML:1.0
---
groups:
   - intact
   - CD19
   - blast
intactGmmnames:
   - "intact.534.0"
   - "intact.534.1"
   - "intact.534.2"
   - "intact.534.3"
   - "intact.534.4"
intactLabels:
   - FSC-A
   - SSC-A
   - SY41
   - CD19
   - CD10
   - CD20
   - CD45
   - CD34
   - CD38
intactMu: !!opencv-matrix
   rows: 5
   cols: 9
   dt: d
   data: [ 9.3845354951726812e-01, 2.5624803009219038e-01,
       3.6525160475034855e+00, 1.0554003310506155e+00,
       1.0860322105646811e+00, 8.7066540717517737e-01,
       1.3393214021066047e+00, 9.8963477478835082e-01,
       1.6696071541331352e+00, 1.8587501602219076e+00,
       1.7029020057489572e+00, 3.6192570693497919e+00,
       1.6203777086701248e+00, 1.5709933708628125e+00,
       1.4808661357191650e+00, 3.5193583718268187e+00,
       1.4277283338620423e+00, 2.2883109999341800e+00,
       1.1737301390339712e+00, 3.2929052885666815e-01,
       3.5791369696570285e+00, 1.1911909398995615e+00,
       8.2721505259123673e-01, 9.7945940895198158e-01,
       3.7163585114652862e+00, 1.0734297503584507e+00,
       2.0351597513844317e+00, 2.0006184933390787e+00,
       3.2882686802563481e+00, 3.5060863647185414e+00,
       1.8014040680055690e+00, 3.0042628364356587e+00,
       1.3890721284689780e+00, 3.4322034301253579e+00,
       1.2421705261127589e+00, 1.9040737346916909e+00,
       1.4163882008724615e+00, 2.2273127786198277e+00,
       3.6113174805400421e+00, 1.5595506918249820e+00,
       2.1356498614911148e+00, 1.2212069425419720e+00,
       2.4393064101973345e+00, 1.1628174989062243e+00,
       1.7191402278723660e+00 ]
intactSigma:
   - !!opencv-matrix
      rows: 9
      cols: 9
      dt: d
      data: [ 1.0209282438406744e-01, 2.1897122977424587e-02,
          1.0733459453839689e-02, 5.2849342917317558e-03,
          3.3423390510070795e-02, 2.2301643108992082e-02,
          3.1188724849571827e-02, -9.8265253183623865e-06,
          2.1307465700718155e-03, 2.1897122977424587e-02,
          1.6715024487608258e-02, 2.5839402106481429e-03,
          3.4627599172315500e-03, 1.4954271342147636e-02,
          1.4246762565773662e-02, 1.4406353119574035e-02,
          7.7340634553657703e-04, 1.3344237654106376e-03,
          1.0733459453839687e-02, 2.5839402106481429e-03,
          5.5557235474587512e-02, 1.8386580903300210e-03,
          -3.0040801508176744e-03, -1.5445425612892206e-02,
          1.6270939793953363e-03, 2.0467480432695067e-05,
          7.1390086306893637e-04, 5.2849342917317558e-03,
          3.4627599172315491e-03, 1.8386580903300210e-03,
          9.0055589974098703e-03, 3.4260560598867195e-03,
          2.4257017967132611e-03, 2.9435528691925525e-03,
          1.8754147841620110e-04, -2.0209529065126893e-04,
          3.3423390510070795e-02, 1.4954271342147636e-02,
          -3.0040801508176731e-03, 3.4260560598867204e-03,
          1.6454355157637335e-01, 1.7566747668169735e-02,
          4.4084143691846024e-02, 2.1138904775762864e-04,
          3.6591381583548433e-03, 2.2301643108992086e-02,
          1.4246762565773662e-02, -1.5445425612892206e-02,
          2.4257017967132615e-03, 1.7566747668169739e-02,
          5.8291423600252169e-02, 1.9372551200135323e-02,
          7.8497639844374843e-04, 1.0193209657661513e-03,
          3.1188724849571827e-02, 1.4406353119574037e-02,
          1.6270939793953366e-03, 2.9435528691925538e-03,
          4.4084143691846024e-02, 1.9372551200135320e-02,
          1.7813202975819808e-01, -1.2959591654247374e-03,
          5.5472634052221529e-03, -9.8265253183623510e-06,
          7.7340634553657703e-04, 2.0467480432694979e-05,
          1.8754147841620100e-04, 2.1138904775762878e-04,
          7.8497639844374843e-04, -1.2959591654247370e-03,
          1.7690518457291866e-02, 9.8727208154178835e-05,
          2.1307465700718155e-03, 1.3344237654106376e-03,
          7.1390086306893593e-04, -2.0209529065126901e-04,
          3.6591381583548433e-03, 1.0193209657661511e-03,
          5.5472634052221512e-03, 9.8727208154178889e-05,
          1.8648362109469723e-03 ]
   - !!opencv-matrix
      rows: 9
      cols: 9
      dt: d
      data: [ 5.7201630836108452e-01, 2.6778738035318078e-01,
          -3.5396299434006435e-03, 4.7475545720805083e-02,
          8.8048122098422828e-03, 4.3978582925564606e-02,
          3.7652145796160129e-02, 1.7971476652069121e-02,
          1.4321658387867140e-02, 2.6778738035318078e-01,
          9.6531434120525139e-01, -3.4593493986005341e-03,
          2.1446154348615881e-01, 2.7462860552382329e-01,
          2.3519809596114133e-01, -7.9355483532308410e-03,
          6.6251637492744681e-02, -1.8506846809641615e-02,
          -3.5396299434006465e-03, -3.4593493986005341e-03,
          7.7816642882585496e-02, -1.0882391023436555e-02,
          -1.3913363744138150e-02, -3.2941330067578913e-02,
          1.0501036038185706e-02, -9.6689219864529025e-03,
          2.1999337299932402e-03, 4.7475545720805083e-02,
          2.1446154348615881e-01, -1.0882391023436555e-02,
          1.5721642583782819e-01, 7.8046944342056501e-02,
          1.4087767874995935e-01, -4.4687149955300754e-03,
          2.7432768468939380e-02, -1.2206745757529639e-02,
          8.8048122098422863e-03, 2.7462860552382329e-01,
          -1.3913363744138150e-02, 7.8046944342056501e-02,
          3.9648709722139258e-01, 1.7120189664294264e-01,
          -1.3663555605304660e-02, 9.1243297149747174e-02,
          2.4553519711915814e-04, 4.3978582925564606e-02,
          2.3519809596114133e-01, -3.2941330067578919e-02,
          1.4087767874995935e-01, 1.7120189664294264e-01,
          3.1131667709881805e-01, -2.1178045225059259e-02,
          6.5389614821757924e-02, -2.8340070151337562e-02,
          3.7652145796160136e-02, -7.9355483532308427e-03,
          1.0501036038185703e-02, -4.4687149955300754e-03,
          -1.3663555605304668e-02, -2.1178045225059255e-02,
          3.0461784231191569e-01, -1.5388574772516605e-02,
          7.3670721743827772e-02, 1.7971476652069121e-02,
          6.6251637492744694e-02, -9.6689219864529025e-03,
          2.7432768468939380e-02, 9.1243297149747188e-02,
          6.5389614821757924e-02, -1.5388574772516605e-02,
          2.9231536121365020e-01, 3.9465538954498017e-02,
          1.4321658387867140e-02, -1.8506846809641615e-02,
          2.1999337299932393e-03, -1.2206745757529641e-02,
          2.4553519711915933e-04, -2.8340070151337552e-02,
          7.3670721743827772e-02, 3.9465538954498017e-02,
          2.5857393217769692e-01 ]
   - !!opencv-matrix
      rows: 9
      cols: 9
      dt: d
      data: [ 1.8094517541781033e-01, 4.8675180511652878e-02,
          -2.7830566513178789e-02, 1.7642523722216762e-02,
          1.3826070112981419e-02, 2.8592132365131577e-02,
          3.8858850674082700e-02, 1.3057037405355370e-02,
          6.2591744940216062e-02, 4.8675180511652878e-02,
          4.0475525748771168e-02, -1.1087902265037886e-02,
          1.1782122202415271e-02, 1.2553729216464457e-02,
          1.7830008655611837e-02, 2.0018159789100640e-02,
          9.5254808472911290e-03, 5.2276583563352061e-02,
          -2.7830566513178785e-02, -1.1087902265037882e-02,
          1.9077777911754648e-02, -4.5675089182266706e-03,
          -2.5273308455241073e-03, -6.2499209398632315e-03,
          -7.7010495813931894e-03, -3.4222861486799651e-03,
          -2.4530248951812175e-02, 1.7642523722216762e-02,
          1.1782122202415269e-02, -4.5675089182266714e-03,
          3.5824989355776465e-02, 3.2121029193977651e-03,
          3.2133046071483999e-03, 1.0104462964957013e-02,
          7.2685989689638573e-03, 2.0638615471658111e-02,
          1.3826070112981419e-02, 1.2553729216464457e-02,
          -2.5273308455241068e-03, 3.2121029193977629e-03,
          6.2417001513947190e-02, 5.2700875393318887e-03,
          5.7257768014093531e-03, -2.7475778059608521e-03,
