%YAML:1.0
---
groups:
   - intact
   - CD19
   - blast
intactGmmnames:
   - "intact.538.0"
   - "intact.538.1"
   - "intact.538.2"
   - "intact.538.3"
   - "intact.538.4"
intactLabels:
   - FSC-A
   - SSC-A
   - SY41
   - CD19
   - CD10
   - CD20
   - CD45
   - CD34
   - CD38
intactMu: !!opencv-matrix
   rows: 5
   cols: 9
   dt: d
   data: [ 1.2992688848443601e+00, 1.3917783430161814e+00,
       3.8966318688674595e+00, 1.1452985650453471e+00,
       1.2974843052179257e+00, 1.1881715464630020e+00,
       3.5127083220446056e+00, 1.3526668768939532e+00,
       1.9697491838673542e+00, 6.7137542040579612e-01,
       3.0883712621356402e-01, 3.8726544716924800e+00,
       9.3567214029916557e-01, 1.1233023223766700e+00,
       9.0841936898665743e-01, 1.4516486421484576e+00,
       1.0216545329832283e+00, 1.6591742350239045e+00,
       1.5306687876802321e+00, 1.8822151759690053e+00,
       3.7430232597360629e+00, 1.2890619218826076e+00,
       1.6283591908543518e+00, 1.2776033858633711e+00,
       2.2014445554708493e+00, 1.4065329905074457e+00,
       1.6692208994171069e+00, 8.5337489149643664e-01,
       2.4265644057164959e-01, 3.9180407389685730e+00,
       7.7734576169975689e-01, 8.5969003711344893e-01,
       9.2254936609811977e-01, 3.6477392619869287e+00,
       1.0617418660224509e+00, 1.7328807618634650e+00,
       1.2246829356465749e+00, 1.4065505002453285e+00,
       3.7821076080195652e+00, 2.0786585765567236e+00,
       1.6084351215436417e+00, 3.0013963589210362e+00,
       3.5386658633824895e+00, 1.1699605291458999e+00,
       1.6690076456258836e+00 ]
intactSigma:
   - !!opencv-matrix
      rows: 9
      cols: 9
      dt: d
      data: [ 5.3563354887241876e-01, 3.7328333822267745e-01,
          3.8208260527844061e-02, 6.9813403615973768e-02,
          7.3246323090329676e-02, 8.7068981827104999e-02,
          -9.0039257025355240e-03, 1.0746411729302015e-01,
          5.4429848781012480e-02, 3.7328333822267745e-01,
          1.1504177725461708e+00, 7.1238835391874603e-02,
          2.7200966171983859e-01, 2.5241454950844611e-01,
          2.1432473351488707e-01, -2.0121385690624688e-02,
          1.5263036078302128e-01, 1.9967127834141833e-02,
          3.8208260527844040e-02, 7.1238835391874616e-02,
          6.6972600507930163e-02, 4.3689602376270287e-02,
          2.9755337321722565e-02, -2.3012089299271430e-03,
          -1.4515416980355684e-02, 3.9226246692516537e-02,
          2.7645838695170857e-02, 6.9813403615973740e-02,
          2.7200966171983859e-01, 4.3689602376270280e-02,
          2.0256706057922705e-01, 6.7846448208317145e-02,
          5.2962175925980473e-02, -2.3851954593110933e-02,
          4.5713815663911174e-02, 5.9658744262701116e-03,
          7.3246323090329676e-02, 2.5241454950844611e-01,
          2.9755337321722565e-02, 6.7846448208317145e-02,
          3.4156968763902806e-01, 1.0183336363766222e-01,
          -5.5649754322256596e-03, 7.4983734040532532e-02,
          5.0096789581516128e-03, 8.7068981827104999e-02,
          2.1432473351488707e-01, -2.3012089299271430e-03,
          5.2962175925980487e-02, 1.0183336363766222e-01,
          1.6092160402002148e-01, -7.3936070535348232e-03,
          5.0200412703307995e-02, 1.8540961849879380e-02,
          -9.0039257025355257e-03, -2.0121385690624691e-02,
          -1.4515416980355682e-02, -2.3851954593110933e-02,
          -5.5649754322256587e-03, -7.3936070535348232e-03,
          9.4923183675203873e-02, -3.9313956161634141e-02,
          -4.8504367959325924e-02, 1.0746411729302015e-01,
          1.5263036078302128e-01, 3.9226246692516537e-02,
          4.5713815663911174e-02, 7.4983734040532532e-02,
          5.0200412703307981e-02, -3.9313956161634141e-02,
          3.4945882807922501e-01, 9.0670417523243452e-02,
          5.4429848781012480e-02, 1.9967127834141833e-02,
          2.7645838695170857e-02, 5.9658744262701116e-03,
          5.0096789581516058e-03, 1.8540961849879380e-02,
          -4.8504367959325924e-02, 9.0670417523243452e-02,
          1.9308720557825257e-01 ]
   - !!opencv-matrix
      rows: 9
      cols: 9
      dt: d
      data: [ 7.4038983680665943e-02, 2.4897016817797789e-02,
          9.9108919831177190e-03, 6.6366538254024002e-03,
          1.8940954203921660e-02, 1.3911047840482423e-02,
          2.2007430477152947e-02, 9.9940290475025815e-04,
          1.3835363859829673e-03, 2.4897016817797789e-02,
          3.3677733363701369e-02, 9.2746956474882014e-03,
          7.5744169839532752e-03, 2.4799383874406493e-02,
          1.5723661167504205e-02, 2.4023638642263742e-02,
          3.3717165367801627e-03, 1.1767752552865969e-03,
          9.9108919831177207e-03, 9.2746956474882014e-03,
          3.4032017647388071e-02, 6.2662792048958698e-03,
          1.3056362782802788e-02, -6.6138428873437800e-03,
          1.9094563201793171e-02, 2.2496708330634334e-03,
          1.6892236449699101e-03, 6.6366538254023994e-03,
          7.5744169839532752e-03, 6.2662792048958664e-03,
          2.5103122690000292e-02, 6.4064407961761140e-03,
          1.8563688870646903e-03, 7.3066289862394190e-03,
          1.0819753506201599e-03, -5.3021024732553595e-04,
          1.8940954203921653e-02, 2.4799383874406493e-02,
          1.3056362782802788e-02, 6.4064407961761140e-03,
          1.5287039434065761e-01, 1.0921810127277481e-02,
          3.8447036550773681e-02, 3.5704457273108819e-03,
          2.6164866166370499e-03, 1.3911047840482428e-02,
          1.5723661167504201e-02, -6.6138428873437800e-03,
          1.8563688870646910e-03, 1.0921810127277483e-02,
          4.6743237918612582e-02, 1.4852430058725122e-02,
          7.3782397674439855e-04, 4.0189400037149431e-04,
          2.2007430477152951e-02, 2.4023638642263746e-02,
          1.9094563201793164e-02, 7.3066289862394182e-03,
          3.8447036550773681e-02, 1.4852430058725120e-02,
          1.8166892635693258e-01, 1.4777963239771541e-03,
          4.3360025234975763e-03, 9.9940290475025793e-04,
          3.3717165367801627e-03, 2.2496708330634334e-03,
          1.0819753506201601e-03, 3.5704457273108819e-03,
          7.3782397674439790e-04, 1.4777963239771535e-03,
          3.1374267667621615e-02, 2.0605126829461372e-04,
          1.3835363859829670e-03, 1.1767752552865969e-03,
          1.6892236449699101e-03, -5.3021024732553595e-04,
          2.6164866166370490e-03, 4.0189400037149426e-04,
          4.3360025234975763e-03, 2.0605126829461369e-04,
          1.3942919549559077e-03 ]
   - !!opencv-matrix
      rows: 9
      cols: 9
      dt: d
      data: [ 6.9501565109951746e-01, 3.6136452601279062e-01,
          -4.9068579119578466e-02, 1.7716763614232894e-02,
          1.0026178614600821e-01, 1.3599102112407169e-01,
          2.0960211807076817e-01, 2.1890812684200700e-01,
          1.9429538141372524e-02, 3.6136452601279073e-01,
          1.2935150955058377e+00, -1.4380891342038418e-01,
          1.0344395369414923e-01, 3.5178468586186284e-01,
          2.1426041555991623e-01, 3.7246479891488760e-01,
          1.2391989027137339e-01, -4.9614754948693728e-03,
          -4.9068579119578459e-02, -1.4380891342038415e-01,
          1.2871103990307273e-01, 2.9482459263647568e-02,
          -5.4683952609783842e-02, -4.6078126041779764e-02,
          -8.2587497899305459e-02, -4.1023166671702076e-02,
          3.9676278841964327e-03, 1.7716763614232894e-02,
          1.0344395369414926e-01, 2.9482459263647568e-02,
          1.1215711969133238e-01, 1.5513509597830242e-02,
          8.2787173666807618e-03, 8.0504223130910268e-03,
          7.5352319558172412e-03, -5.7453578264157487e-03,
          1.0026178614600821e-01, 3.5178468586186284e-01,
          -5.4683952609783842e-02, 1.5513509597830238e-02,
          3.4812468176961381e-01, 1.1159467481628874e-01,
          2.7386218790485306e-01, 5.6829269890345063e-02,
