%YAML:1.0
---
groups:
   - intact
   - CD19
   - blast
intactGmmnames:
   - "intact.540.0"
   - "intact.540.1"
   - "intact.540.2"
   - "intact.540.3"
   - "intact.540.4"
intactLabels:
   - FSC-A
   - SSC-A
   - SY41
   - CD19
   - CD10
   - CD20
   - CD45
   - CD34
   - CD38
intactMu: !!opencv-matrix
   rows: 5
   cols: 9
   dt: d
   data: [ 1.4871476119970914e+00, 5.0562888264294648e-01,
       3.1892515875570484e+00, 1.0323727742443012e+00,
       1.0208516203014337e+00, 1.1086724473247485e+00,
       3.5199437841251902e+00, 9.9087675925995067e-01,
       1.6621350204291272e+00, 2.5485202362429140e+00,
       3.2712096404255115e+00, 3.5749820471652365e+00,
       1.7249031055690687e+00, 2.1487686154616208e+00,
       1.3759407003441004e+00, 2.7173208371023954e+00,
       1.0587745913875068e+00, 1.5249093568342487e+00,
       1.1684600034576709e+00, 2.9048813956448105e-01,
       3.4985274996427380e+00, 9.2265919552372511e-01,
       1.0446171368042043e+00, 9.7292217559878513e-01,
       3.3746030258598370e+00, 9.8044325138086419e-01,
       1.5588078452236007e+00, 1.0145056770423908e+00,
       6.1388753683289321e-01, 2.9171498741656015e+00,
       1.0198628823922677e+00, 1.2084620566631397e+00,
       1.1636042265448603e+00, 1.6853974013526025e+00,
       1.2767321368361362e+00, 1.3977779678661200e+00,
       1.7486174423076428e+00, 1.6695924955947379e+00,
       3.2537578580111401e+00, 1.5464972855843300e+00,
       1.8272910710580688e+00, 1.6227916780356275e+00,
       2.8269664942815704e+00, 1.4719519045576932e+00,
       1.7375253231698271e+00 ]
intactSigma:
   - !!opencv-matrix
      rows: 9
      cols: 9
      dt: d
      data: [ 1.5613497674026161e-01, 1.4247987739696695e-02,
          -3.1933073388306109e-02, 1.3300952614870229e-02,
          -6.6102834673409357e-03, 1.6656976949087715e-02,
          1.8665600710938614e-02, -2.8087609363747768e-03,
          -1.2725054393853689e-02, 1.4247987739696691e-02,
          2.7080328802766371e-02, -1.7918286043979617e-02,
          7.0110954591040978e-03, -1.2666232747517855e-03,
          1.5099709243168124e-02, 8.6751876914252114e-03,
          -2.2144729621661361e-03, -9.7804369568464684e-03,
          -3.1933073388306116e-02, -1.7918286043979617e-02,
          1.2144720774010415e-01, -6.2065842459115205e-03,
          9.2440041146238071e-03, -1.7454959830171066e-02,
          -1.7109202419396535e-02, 3.8390675259462777e-03,
          1.1857247639509632e-02, 1.3300952614870234e-02,
          7.0110954591040978e-03, -6.2065842459115205e-03,
          7.3525747123897714e-02, 3.9800578568593443e-03,
          5.9701612583036179e-03, 5.0170635243101478e-03,
          1.7965836305262341e-03, -6.7572119762690126e-03,
          -6.6102834673409357e-03, -1.2666232747517853e-03,
          9.2440041146238071e-03, 3.9800578568593443e-03,
          8.3292817134781261e-02, -1.8795548905775369e-03,
          -2.6128470659637303e-03, -4.4026599927817862e-03,
          -9.1225380149657920e-03, 1.6656976949087712e-02,
          1.5099709243168124e-02, -1.7454959830171063e-02,
          5.9701612583036171e-03, -1.8795548905775369e-03,
          6.0900040960333253e-02, 7.2712508413017600e-03,
          -1.0001693548799678e-03, -1.6818093583677439e-02,
          1.8665600710938618e-02, 8.6751876914252131e-03,
          -1.7109202419396532e-02, 5.0170635243101478e-03,
          -2.6128470659637299e-03, 7.2712508413017582e-03,
          1.6264987735100413e-02, -1.8837421917796500e-03,
          -7.7818276456666753e-03, -2.8087609363747772e-03,
          -2.2144729621661379e-03, 3.8390675259462777e-03,
          1.7965836305262330e-03, -4.4026599927817888e-03,
          -1.0001693548799670e-03, -1.8837421917796500e-03,
          1.2572901645429074e-01, 3.7691838176717009e-03,
          -1.2725054393853689e-02, -9.7804369568464684e-03,
          1.1857247639509632e-02, -6.7572119762690074e-03,
          -9.1225380149657920e-03, -1.6818093583677442e-02,
          -7.7818276456666753e-03, 3.7691838176717009e-03,
          1.3647796450244523e-01 ]
   - !!opencv-matrix
      rows: 9
      cols: 9
      dt: d
      data: [ 4.7944802671356718e-01, 5.4697322330021725e-02,
          -2.9774156757354658e-02, 2.5690200111341772e-02,
          -1.3097870018187827e-01, 4.4762974931616795e-02,
          -3.7880535463838939e-02, 1.3931087884686778e-03,
          2.3130791203069691e-02, 5.4697322330021725e-02,
          4.3643268179711575e-01, -2.6003217047870352e-02,
          6.0323766934071467e-02, 9.3155148160570814e-02,
          5.5627238263566699e-02, 4.2578778488368919e-02,
          9.6355119150441492e-03, 5.5676296113248078e-03,
          -2.9774156757354658e-02, -2.6003217047870352e-02,
          8.3354999988190501e-02, -3.8006812247533537e-03,
          -1.0177191825406239e-03, -1.6718907209024775e-02,
          -1.1488815059425792e-02, 2.6862762216036348e-03,
          -7.1814747941721518e-03, 2.5690200111341772e-02,
          6.0323766934071467e-02, -3.8006812247533554e-03,
          3.3691881450088702e-02, 1.4704268835225038e-02,
          7.9495223345632804e-03, 8.0809173753034549e-03,
          1.8576419373114465e-03, -1.6718773808833006e-03,
          -1.3097870018187827e-01, 9.3155148160570814e-02,
          -1.0177191825406257e-03, 1.4704268835225034e-02,
          2.3527928466302120e-01, -1.1071696353406149e-02,
          6.6674312111840286e-02, 2.8811320634422551e-03,
          -1.7703121731478991e-02, 4.4762974931616788e-02,
          5.5627238263566706e-02, -1.6718907209024775e-02,
          7.9495223345632821e-03, -1.1071696353406149e-02,
          4.9084385347564451e-02, -2.1733917260720372e-04,
          1.9224846461673157e-03, 5.6563597426632188e-03,
          -3.7880535463838939e-02, 4.2578778488368919e-02,
          -1.1488815059425792e-02, 8.0809173753034532e-03,
          6.6674312111840286e-02, -2.1733917260720383e-04,
          4.7865644210171920e-02, 5.7391281947090851e-05,
          -1.6765032668436212e-03, 1.3931087884686783e-03,
          9.6355119150441492e-03, 2.6862762216036348e-03,
          1.8576419373114461e-03, 2.8811320634422538e-03,
          1.9224846461673164e-03, 5.7391281947090688e-05,
          5.2431522630025859e-02, 3.5953832604886354e-04,
          2.3130791203069687e-02, 5.5676296113248069e-03,
          -7.1814747941721527e-03, -1.6718773808833015e-03,
          -1.7703121731478991e-02, 5.6563597426632197e-03,
          -1.6765032668436205e-03, 3.5953832604886381e-04,
          3.8913132358984595e-02 ]
   - !!opencv-matrix
      rows: 9
      cols: 9
      dt: d
      data: [ 1.0127817623933071e-01, 7.2629389303136508e-03,
          -4.3999475558822269e-02, 7.3309551788411260e-03,
          -1.7601011458169415e-02, 2.3702339680597057e-02,
          1.8182898268667695e-02, -2.2830253887641994e-03,
          9.6823386039179133e-04, 7.2629389303136508e-03,
          6.4909590242399331e-03, -7.2261305933640774e-03,
          1.5448060106014803e-03, -1.1910001088341856e-03,
          1.0295241005942670e-02, 3.4175473905627726e-03,
          -2.8374087669338612e-04, -3.5020231691338770e-03,
          -4.3999475558822276e-02, -7.2261305933640774e-03,
          5.6412471779531438e-02, -1.1535891394480087e-03,
          1.8808450353380923e-02, -2.2314681142472641e-02,
          -9.9293877243554415e-03, 3.3689353781610667e-03,
          3.5036416039494786e-03, 7.3309551788411260e-03,
          1.5448060106014805e-03, -1.1535891394480091e-03,
          5.2369800738530807e-02, -2.4927667533681581e-04,
          3.5868355964807225e-03, 1.7517684877194936e-03,
          1.8529660885142547e-03, -4.7126670713207369e-03,
          -1.7601011458169415e-02, -1.1910001088341856e-03,
          1.8808450353380923e-02, -2.4927667533681592e-04,
          6.4934464924530866e-02, -1.0453646454308099e-02,
