%YAML:1.0
---
groups:
   - intact
   - CD19
   - blast
intactGmmnames:
   - "intact.546.0"
   - "intact.546.1"
   - "intact.546.2"
   - "intact.546.3"
   - "intact.546.4"
intactLabels:
   - FSC-A
   - SSC-A
   - SY41
   - CD19
   - CD10
   - CD20
   - CD45
   - CD34
   - CD38
intactMu: !!opencv-matrix
   rows: 5
   cols: 9
   dt: d
   data: [ 1.6833600556712323e+00, 4.0520379849687144e-01,
       3.4869905845821911e+00, 1.2235432622150699e+00,
       8.5174295439408465e-01, 9.4009638082560976e-01,
       3.6122947205675611e+00, 1.3709169307302473e+00,
       1.8983684371977880e+00, 2.4423772531823533e+00,
       1.9855505402835265e+00, 3.5053118524020315e+00,
       1.9925463849029568e+00, 1.8052806801551604e+00,
       1.4799724059564343e+00, 3.0710544210849666e+00,
       1.5136728910229960e+00, 1.8991904307126006e+00,
       1.7100780967191136e+00, 6.4065533580770850e-01,
       3.3736831606456907e+00, 1.3041996678283676e+00,
       8.1493389501399316e-01, 9.4000497448477061e-01,
       3.6318893075677994e+00, 1.4396773997537968e+00,
       2.4294249176103868e+00, 1.0934776752387541e+00,
       2.8150795441776572e-01, 3.6541639883860886e+00,
       1.1432472633773598e+00, 7.7454431707748339e-01,
       8.2560250169170635e-01, 3.5008763740141950e+00,
       1.3148112839008748e+00, 1.9526851192710935e+00,
       1.2860299473255861e+00, 4.9289284468069861e-01,
       3.4580323432609066e+00, 1.1948723136700790e+00,
       1.1809359216772422e+00, 1.0779943533708083e+00,
       1.4515304934199573e+00, 1.0361223615492845e+00,
       1.7956908391607047e+00 ]
intactSigma:
   - !!opencv-matrix
      rows: 9
      cols: 9
      dt: d
      data: [ 2.3477912152146982e-01, 1.1577291579968297e-02,
          -5.8870762885235954e-03, 4.2772337267479093e-03,
          -6.8825562773695515e-03, 7.1948865602836001e-03,
          7.0945332701695500e-03, 7.0492058416833708e-03,
          3.2630665282312507e-05, 1.1577291579968301e-02,
          1.7162005479718086e-02, -9.2748141944946092e-04,
          8.7115949303019479e-03, 3.2840627738940651e-03,
          9.2327487575785058e-03, 1.0309237202014243e-02,
          9.7281105508259403e-03, 2.1339135149847470e-03,
          -5.8870762885235963e-03, -9.2748141944946070e-04,
          1.7077592454128349e-02, 1.2575488490659651e-04,
          5.4459766706087568e-03, 3.7054267707889101e-03,
          -2.1573330542010789e-03, -2.4582056769357086e-03,
          -8.5462299016659930e-04, 4.2772337267479076e-03,
          8.7115949303019479e-03, 1.2575488490659641e-04,
          4.2783035683742400e-02, 4.1096631376191023e-03,
          5.4116713085611053e-03, 7.5839431487315680e-03,
          8.8328295311788721e-03, 5.6851021833915106e-04,
          -6.8825562773695515e-03, 3.2840627738940638e-03,
          5.4459766706087568e-03, 4.1096631376191014e-03,
          8.3332364824631314e-02, 4.8538146866724226e-03,
          -1.1551420541183631e-03, -6.2188292669949794e-03,
          7.9067173553810542e-04, 7.1948865602836001e-03,
          9.2327487575785058e-03, 3.7054267707889101e-03,
          5.4116713085611045e-03, 4.8538146866724217e-03,
          4.9032306597682554e-02, 2.0530006890693386e-03,
          3.3734197017428556e-03, 4.3825874673659058e-05,
          7.0945332701695518e-03, 1.0309237202014244e-02,
          -2.1573330542010789e-03, 7.5839431487315680e-03,
          -1.1551420541183631e-03, 2.0530006890693382e-03,
          1.9905933317380976e-02, 9.9668973634978106e-03,
          3.6862427275929453e-03, 7.0492058416833708e-03,
          9.7281105508259403e-03, -2.4582056769357082e-03,
          8.8328295311788704e-03, -6.2188292669949794e-03,
          3.3734197017428551e-03, 9.9668973634978088e-03,
          1.7555806680428163e-01, 4.2444361808539914e-03,
          3.2630665282312405e-05, 2.1339135149847474e-03,
          -8.5462299016659973e-04, 5.6851021833915106e-04,
          7.9067173553810585e-04, 4.3825874673659037e-05,
          3.6862427275929453e-03, 4.2444361808539914e-03,
          6.2785513475502328e-03 ]
   - !!opencv-matrix
      rows: 9
      cols: 9
      dt: d
      data: [ 9.8584052844747927e-01, 5.7375899821161325e-01,
          -3.6037169620821749e-02, 5.7295163451917187e-02,
          2.7139563328556010e-01, 2.3950137842265597e-02,
          1.0294531475554728e-02, 3.5464804344818412e-02,
          -1.7667773274555341e-02, 5.7375899821161325e-01,
          1.2754848975559794e+00, -7.4386697738787907e-02,
          2.8499414472291928e-01, 3.0156411757605411e-01,
          8.1977607297287786e-02, 1.4866936837026082e-01,
          -3.8637971101015724e-02, -5.2190979252197012e-02,
          -3.6037169620821749e-02, -7.4386697738787907e-02,
          1.0923691435195934e-01, -2.0735615531497460e-02,
          -5.3329050481504325e-02, -4.0669862085282456e-02,
          2.9877870286824284e-02, -4.8239538155699030e-03,
          1.1401737700237696e-02, 5.7295163451917187e-02,
          2.8499414472291934e-01, -2.0735615531497456e-02,
          3.1710992854637776e-01, 1.0693481783819299e-01,
          3.0440348844560100e-01, 7.0591427714397775e-02,
          6.2204196793910864e-03, 1.1076477975566813e-02,
          2.7139563328556010e-01, 3.0156411757605411e-01,
          -5.3329050481504325e-02, 1.0693481783819299e-01,
          8.8831186440212451e-01, 1.1871112429276040e-01,
          -1.3563847025026171e-01, 6.1719823964257126e-02,
          -1.9341881615164955e-02, 2.3950137842265583e-02,
          8.1977607297287758e-02, -4.0669862085282442e-02,
          3.0440348844560094e-01, 1.1871112429276041e-01,
          5.3095877029820460e-01, 3.1883723607702252e-02,
          1.5045427752586235e-02, 2.8489274560815570e-02,
          1.0294531475554732e-02, 1.4866936837026087e-01,
          2.9877870286824284e-02, 7.0591427714397775e-02,
          -1.3563847025026168e-01, 3.1883723607702252e-02,
          4.8105157679494570e-01, -3.8132745453299526e-02,
          2.4259583168584196e-02, 3.5464804344818399e-02,
          -3.8637971101015724e-02, -4.8239538155699022e-03,
          6.2204196793910821e-03, 6.1719823964257126e-02,
          1.5045427752586238e-02, -3.8132745453299526e-02,
          2.3003372021372628e-01, 7.7219015808751047e-03,
          -1.7667773274555338e-02, -5.2190979252197012e-02,
          1.1401737700237696e-02, 1.1076477975566813e-02,
          -1.9341881615164955e-02, 2.8489274560815570e-02,
          2.4259583168584196e-02, 7.7219015808751047e-03,
          2.9938879469675293e-02 ]
   - !!opencv-matrix
      rows: 9
      cols: 9
      dt: d
      data: [ 2.1960582071897822e-01, 1.8009627581280926e-02,
          -1.8744841258286994e-02, 3.8101480713192749e-03,
          4.8312786690798467e-03, 1.9492572657227834e-02,
          9.7048619907801718e-03, 1.6289030028010135e-02,
          3.9291901346857165e-02, 1.8009627581280926e-02,
          3.3926074892566924e-02, -6.2549221924607578e-04,
          1.2884678668209295e-02, 5.6519798779375401e-03,
          1.1424560762333710e-02, 3.0142664304360824e-03,
          7.3547279051569270e-03, 1.1451101626522337e-02,
          -1.8744841258286987e-02, -6.2549221924607578e-04,
          4.0627659414895829e-02, 9.9190884932147199e-04,
          -1.0757773060452161e-03, -9.1360039977385014e-03,
          -5.3855696844700828e-03, -5.3720591392518221e-03,
          -2.0467992332215756e-02, 3.8101480713192740e-03,
          1.2884678668209295e-02, 9.9190884932147199e-04,
          4.3941406198927349e-02, 3.3048498249274843e-03,
          4.2047327929720423e-03, 2.5693708350299107e-03,
          6.4126080091056123e-03, -2.4023297621417528e-03,
          4.8312786690798493e-03, 5.6519798779375401e-03,
          -1.0757773060452163e-03, 3.3048498249274843e-03,
          5.8184296065565980e-02, 1.6607892036796779e-03,
          1.5333288324384728e-03, -3.7223715574243245e-03,
