%YAML:1.0
---
groups:
   - intact
   - CD19
   - blast
intactGmmnames:
   - "intact.548.0"
   - "intact.548.1"
   - "intact.548.2"
   - "intact.548.3"
   - "intact.548.4"
intactLabels:
   - FSC-A
   - SSC-A
   - SY41
   - CD19
   - CD10
   - CD20
   - CD45
   - CD34
   - CD38
intactMu: !!opencv-matrix
   rows: 5
   cols: 9
   dt: d
   data: [ 1.6980710511663692e+00, 7.3625711504823543e-01,
       2.5001468512235476e+00, 1.4306898380560980e+00,
       1.1784594073343637e+00, 1.2234337570419824e+00,
       3.3430820323127897e+00, 1.7701937400935068e+00,
       2.1438706674873047e+00, 1.0702283029521238e+00,
       2.8243038031085310e-01, 3.2153709427984380e+00,
       1.2371480559109391e+00, 8.3454054083633644e-01,
       1.0292552988821591e+00, 3.6197249747935754e+00,
       1.3722589664107050e+00, 1.8844929184402550e+00,
       3.1077534605913102e+00, 3.6479072015469165e+00,
       2.6817369422545423e+00, 2.1287096152761675e+00,
       2.7075532320393343e+00, 1.4630136620643828e+00,
       3.2031996859053740e+00, 1.9969431387742416e+00,
       1.5864164582894684e+00, 1.4405797743285540e+00,
       4.6620968412091490e-01, 3.2229371490575001e+00,
       1.1974301668279894e+00, 1.6753735944392367e+00,
       1.1300488802854358e+00, 1.9896245628422580e+00,
       1.0919427094115464e+00, 1.6372900109499435e+00,
       9.1358674246402360e-01, 2.8983372649117928e-01,
       2.6017711916793527e+00, 1.0884289729135268e+00,
       1.1970078303694960e+00, 9.4113948227024025e-01,
       1.5510750212143865e+00, 9.6430724688994840e-01,
       1.4667398926875663e+00 ]
intactSigma:
   - !!opencv-matrix
      rows: 9
      cols: 9
      dt: d
      data: [ 5.2626680605505349e-01, 2.2165723317915667e-01,
          6.5319989999925054e-02, 8.0735081109611820e-02,
          9.8932217780277110e-02, 9.5550135027014982e-02,
          -2.0051946707035046e-02, 1.3128711105864560e-01,
          3.2640265316219511e-02, 2.2165723317915667e-01,
          2.2821171851356331e-01, 2.6679594121023165e-02,
          8.2181857401884592e-02, 9.6410072867838731e-02,
          8.8387787811807658e-02, -6.1134426907360623e-03,
          1.1335875795013066e-01, 5.3639794115621538e-02,
          6.5319989999925068e-02, 2.6679594121023165e-02,
          2.9078938386214642e-01, 3.7174610116773921e-02,
          8.0756083020206870e-02, 4.8445697046202156e-02,
          1.7477313818750714e-01, -5.1362287975005722e-02,
          1.0801829830176696e-01, 8.0735081109611820e-02,
          8.2181857401884592e-02, 3.7174610116773914e-02,
          7.1738070573922050e-02, 4.2946498488876300e-02,
          4.9838035615075924e-02, 5.2314893660835006e-02,
          3.2449691787782793e-02, 4.0118517399384025e-02,
          9.8932217780277110e-02, 9.6410072867838745e-02,
          8.0756083020206898e-02, 4.2946498488876300e-02,
          2.8981073029121440e-01, 5.5006178535233013e-02,
          -6.0022082204327587e-02, 4.5354290082627369e-02,
          -3.6308438874354185e-02, 9.5550135027014982e-02,
          8.8387787811807658e-02, 4.8445697046202156e-02,
          4.9838035615075924e-02, 5.5006178535233013e-02,
          1.1139872930561626e-01, 3.3803222062540703e-02,
          2.6832997312006682e-02, 2.1860143583559605e-02,
          -2.0051946707035053e-02, -6.1134426907360623e-03,
          1.7477313818750714e-01, 5.2314893660835006e-02,
          -6.0022082204327601e-02, 3.3803222062540716e-02,
          4.9229998621308718e-01, -9.0990183203088437e-02,
          2.3313604145733222e-01, 1.3128711105864563e-01,
          1.1335875795013065e-01, -5.1362287975005722e-02,
          3.2449691787782786e-02, 4.5354290082627355e-02,
          2.6832997312006692e-02, -9.0990183203088437e-02,
          3.2907821291453332e-01, -2.8266710441611290e-02,
          3.2640265316219511e-02, 5.3639794115621545e-02,
          1.0801829830176697e-01, 4.0118517399384025e-02,
          -3.6308438874354178e-02, 2.1860143583559605e-02,
          2.3313604145733222e-01, -2.8266710441611297e-02,
          4.1225590182067717e-01 ]
   - !!opencv-matrix
      rows: 9
      cols: 9
      dt: d
      data: [ 1.0497547158293571e-01, 9.9558840426962163e-03,
          -1.7979229386804501e-02, 6.5210732426237974e-03,
          4.0676122105125440e-03, 1.4911477449942567e-02,
          9.6586502253980990e-03, 8.7707450087073334e-03,
          -5.1162754843891416e-03, 9.9558840426962163e-03,
          8.2659209742093672e-03, -1.6278225823273234e-03,
          5.2823021039034822e-03, 4.7825095191427521e-03,
          1.0335228271543838e-02, 4.9847068200144246e-03,
          6.0602004657286379e-03, -5.0068574640621984e-03,
          -1.7979229386804501e-02, -1.6278225823273234e-03,
          1.9620447859519559e-02, -6.1442614758391411e-04,
          7.8144942942770090e-04, -1.2307966628894048e-03,
          -2.6067004233746283e-03, 7.2021977171094018e-04,
          -1.2202085931767926e-03, 6.5210732426237957e-03,
          5.2823021039034822e-03, -6.1442614758391400e-04,
          3.0820336178996210e-02, 4.1529567829641026e-03,
          8.0163243766235969e-03, 4.9978547194109765e-03,
          6.5091521048231734e-03, -7.4520887887556250e-03,
          4.0676122105125440e-03, 4.7825095191427530e-03,
          7.8144942942770111e-04, 4.1529567829641017e-03,
          6.0603729617861715e-02, 4.8302475369633811e-03,
          3.1737296991932464e-03, -1.9653020470328485e-03,
          -7.6233244270288826e-03, 1.4911477449942563e-02,
          1.0335228271543838e-02, -1.2307966628894043e-03,
          8.0163243766235969e-03, 4.8302475369633819e-03,
          5.7217107856207920e-02, 7.3115382244296340e-03,
          7.6679562125836721e-03, -1.3753181975082759e-02,
          9.6586502253980990e-03, 4.9847068200144238e-03,
          -2.6067004233746279e-03, 4.9978547194109765e-03,
          3.1737296991932464e-03, 7.3115382244296305e-03,
          9.9345557592873095e-03, 5.0008210776603815e-03,
          -2.4293812434388364e-03, 8.7707450087073403e-03,
          6.0602004657286388e-03, 7.2021977171094051e-04,
          6.5091521048231751e-03, -1.9653020470328493e-03,
          7.6679562125836721e-03, 5.0008210776603815e-03,
          1.8107072597157658e-01, 4.7784805560168462e-04,
          -5.1162754843891425e-03, -5.0068574640621984e-03,
          -1.2202085931767928e-03, -7.4520887887556250e-03,
          -7.6233244270288826e-03, -1.3753181975082761e-02,
          -2.4293812434388364e-03, 4.7784805560168451e-04,
          7.9711315575818495e-02 ]
   - !!opencv-matrix
      rows: 9
      cols: 9
      dt: d
      data: [ 4.8807399823685599e-01, 9.2287159878867625e-02,
          -1.4116818773931460e-04, 1.7286640703871918e-02,
          -1.7797031106418913e-02, 2.7924437020758079e-02,
          1.5664578944001580e-02, 1.5913183515499169e-02,
          1.2678362027113444e-02, 9.2287159878867625e-02,
          3.0664817185570287e-01, 2.8541599514359879e-03,
          5.4657138762729110e-02, 9.6863966734265783e-02,
          1.9688046387430883e-02, 5.4465871663680818e-02,
          4.4556370163729903e-02, -4.2450567036985548e-04,
          -1.4116818773931455e-04, 2.8541599514359879e-03,
          1.1555500213023656e-01, 2.9684366272694869e-03,
          6.5055891740787644e-03, 5.2573216077570709e-03,
          1.9468654222675290e-02, 2.0285621660255219e-02,
          1.1034864826265877e-02, 1.7286640703871918e-02,
          5.4657138762729103e-02, 2.9684366272694869e-03,
          1.8411245099874626e-02, 2.3534066201982444e-02,
          7.2499925339732695e-03, 1.7932102398028470e-02,
          1.1397190657934391e-02, -1.1439412147356666e-03,
          -1.7797031106418913e-02, 9.6863966734265783e-02,
          6.5055891740787644e-03, 2.3534066201982444e-02,
          2.5862045208840528e-01, 7.6015732089364137e-03,
          1.0537996482288643e-01, 5.0976807284528192e-02,
