%YAML:1.0
---
groups:
   - intact
   - CD19
   - blast
intactGmmnames:
   - "intact.555.0"
   - "intact.555.1"
   - "intact.555.2"
   - "intact.555.3"
   - "intact.555.4"
intactLabels:
   - FSC-A
   - SSC-A
   - SY41
   - CD19
   - CD10
   - CD20
   - CD45
   - CD34
   - CD38
intactMu: !!opencv-matrix
   rows: 5
   cols: 9
   dt: d
   data: [ 8.5740043112251130e-01, 4.2208533384050967e-01,
       3.4793655850695107e+00, 1.2459745125790607e+00,
       1.0731757269232949e+00, 8.7186267294764763e-01,
       3.7473088253047626e+00, 1.3140263166465416e+00,
       2.0560411828385741e+00, 1.8195313532751962e+00,
       2.8188577759034348e+00, 3.1978909837329677e+00,
       1.8546079322733802e+00, 2.0454779537611598e+00,
       1.3089471238001495e+00, 3.5283373872305446e+00,
       1.4323410644305601e+00, 2.0167536901832781e+00,
       1.2123227212917733e+00, 5.5528092336339951e-01,
       3.1485565209753905e+00, 1.3021821364928094e+00,
       1.0844508962855839e+00, 9.8997942527887828e-01,
       3.8427555868457417e+00, 1.3584171044039572e+00,
       1.9318597584490729e+00, 1.3066506291885918e+00,
       8.0258485160041571e-01, 2.9049576455295312e+00,
       1.3956197975752695e+00, 1.0896337312891646e+00,
       9.8044135231552687e-01, 3.9558804745229676e+00,
       1.4784843530724761e+00, 2.5247111039419550e+00,
       1.2242689605959001e+00, 8.9659551109442104e-01,
       3.2303218569868197e+00, 1.3119707213250174e+00,
       1.2186541081600712e+00, 9.4037553720560718e-01,
       1.7083227893330086e+00, 1.4656523372400758e+00,
       1.8230224242589250e+00 ]
intactSigma:
   - !!opencv-matrix
      rows: 9
      cols: 9
      dt: d
      data: [ 6.7551177470464727e-02, 7.9188193525852411e-03,
          -4.9171923166136666e-02, 2.5832305176727104e-03,
          7.0036459145710126e-04, 2.4510728791146293e-02,
          1.0203295365623274e-02, 3.5363480040266457e-03,
          8.2645764200050577e-03, 7.9188193525852411e-03,
          1.3253629165853001e-02, -4.0977886147125584e-03,
          5.0504026943923985e-03, 1.4681201111119465e-03,
          1.0748381876205221e-02, 3.7051761186232819e-03,
          2.1589789144507848e-03, -2.3215387240203582e-03,
          -4.9171923166136666e-02, -4.0977886147125593e-03,
          4.7526245218156134e-02, -6.0745045671730205e-04,
          -1.9335591785888876e-04, -1.9203329268862993e-02,
          -7.8155194187609876e-03, -2.5140524863543940e-03,
          -1.0925248062057682e-02, 2.5832305176727104e-03,
          5.0504026943923985e-03, -6.0745045671730183e-04,
          3.0133611195271678e-02, 7.5982445843392101e-04,
          5.9371203860806854e-03, 1.8978779118717414e-03,
          3.0054445386832715e-03, -3.0649188148870153e-03,
          7.0036459145710159e-04, 1.4681201111119465e-03,
          -1.9335591785888886e-04, 7.5982445843392101e-04,
          7.2463801619405670e-03, -5.0448176602128068e-04,
          2.5686574491282045e-04, -1.9641874355099988e-03,
          -6.0941696556554158e-04, 2.4510728791146293e-02,
          1.0748381876205219e-02, -1.9203329268862989e-02,
          5.9371203860806836e-03, -5.0448176602128068e-04,
          6.5716421727589708e-02, 6.6157094656823043e-03,
          2.0165875105269404e-03, -1.7013480473255776e-03,
          1.0203295365623272e-02, 3.7051761186232815e-03,
          -7.8155194187609876e-03, 1.8978779118717403e-03,
          2.5686574491282050e-04, 6.6157094656823052e-03,
          7.0678815988205104e-03, 1.5052937210724773e-03,
          -1.3224296798355941e-04, 3.5363480040266466e-03,
          2.1589789144507844e-03, -2.5140524863543931e-03,
          3.0054445386832715e-03, -1.9641874355099992e-03,
          2.0165875105269404e-03, 1.5052937210724780e-03,
          1.5569747137276341e-01, 1.5789284976493599e-03,
          8.2645764200050577e-03, -2.3215387240203586e-03,
          -1.0925248062057684e-02, -3.0649188148870144e-03,
          -6.0941696556554180e-04, -1.7013480473255769e-03,
          -1.3224296798355938e-04, 1.5789284976493597e-03,
          2.9766550138532501e-02 ]
   - !!opencv-matrix
      rows: 9
      cols: 9
      dt: d
      data: [ 4.1539790527119841e-01, 4.7156364083048652e-01,
          -4.7326063228531598e-02, 9.5924362912653174e-02,
          3.8894760870603617e-02, 4.9063194447600343e-02,
          4.7301027522035988e-03, 3.6519874228699893e-02,
          -5.7549600623988586e-03, 4.7156364083048652e-01,
          1.8113829270812367e+00, -1.2066329703939241e-01,
          3.0518821943195068e-01, 4.1402574341754778e-01,
          -1.5589575438483372e-02, 1.8382706112227389e-02,
          -8.4326182323612893e-03, -1.0302977894700986e-01,
          -4.7326063228531598e-02, -1.2066329703939241e-01,
          1.2978341795811696e-01, -2.4449323406299565e-02,
          -5.3375277237473658e-02, -2.2019731685129846e-02,
          1.1401883309123461e-02, -6.1412290304205999e-03,
          1.4979180898939317e-02, 9.5924362912653174e-02,
          3.0518821943195068e-01, -2.4449323406299565e-02,
          1.1698117465555033e-01, 7.9609887119235528e-02,
          7.0307551772126317e-02, 7.8619666249743567e-03,
          1.1155450301947667e-02, -7.0419806799478860e-03,
          3.8894760870603624e-02, 4.1402574341754778e-01,
          -5.3375277237473651e-02, 7.9609887119235528e-02,
          4.2404398192264792e-01, 3.2305102441805213e-02,
          5.4273261802050957e-02, -7.1584387067288599e-03,
          -5.0106078353372011e-02, 4.9063194447600343e-02,
          -1.5589575438483366e-02, -2.2019731685129846e-02,
          7.0307551772126317e-02, 3.2305102441805213e-02,
          2.6002935322401488e-01, 8.4689209314399386e-03,
          2.8302011815500867e-02, 1.4056772173100390e-02,
          4.7301027522036005e-03, 1.8382706112227389e-02,
          1.1401883309123461e-02, 7.8619666249743567e-03,
          5.4273261802050943e-02, 8.4689209314399352e-03,
          2.1627266673469553e-01, -1.3481324140086145e-02,
          2.6380471596178796e-02, 3.6519874228699893e-02,
          -8.4326182323612876e-03, -6.1412290304205999e-03,
          1.1155450301947667e-02, -7.1584387067288599e-03,
          2.8302011815500870e-02, -1.3481324140086145e-02,
          2.1617584672579196e-01, 1.2397320807345461e-02,
          -5.7549600623988586e-03, -1.0302977894700986e-01,
          1.4979180898939317e-02, -7.0419806799478877e-03,
          -5.0106078353372011e-02, 1.4056772173100390e-02,
          2.6380471596178793e-02, 1.2397320807345461e-02,
          9.1800942601612784e-02 ]
   - !!opencv-matrix
      rows: 9
      cols: 9
      dt: d
      data: [ 4.2119370493881855e-02, 1.0642304640101184e-02,
          -7.7821641353670971e-03, 4.6886298092804913e-03,
          3.3737869517421728e-04, 4.1675094323972428e-03,
          5.6296528967536754e-03, 3.6477057495966124e-03,
          -2.1112287699801206e-03, 1.0642304640101184e-02,
          2.5795148490425336e-02, -8.4901413603310130e-03,
          1.0365610756495280e-02, 1.6345665972173264e-03,
          9.4370191946847731e-03, 1.0151128268911505e-02,
          7.8081639922080873e-03, -5.3194024781770923e-04,
          -7.7821641353670971e-03, -8.4901413603310130e-03,
          1.6325569084532567e-02, -4.2663537134466686e-03,
          -8.4768383894169612e-05, -3.9744501959542247e-04,
          -6.4297902229433169e-03, -3.8816904052845934e-03,
          5.9270916418125074e-05, 4.6886298092804904e-03,
          1.0365610756495280e-02, -4.2663537134466686e-03,
          3.6209649621840909e-02, 4.5006974268627244e-04,
          4.7604704538938740e-03, 5.6835292455653759e-03,
          6.6716057299840426e-03, -1.4396408565995381e-03,
          3.3737869517421728e-04, 1.6345665972173266e-03,
          -8.4768383894169599e-05, 4.5006974268627255e-04,
          8.1740534080331547e-03, -9.9915970735880554e-04,
