%YAML:1.0
---
groups:
   - intact
   - CD19
intactGmmnames:
   - "intact.567.0"
   - "intact.567.1"
   - "intact.567.2"
   - "intact.567.3"
   - "intact.567.4"
intactLabels:
   - FSC-A
   - SSC-A
   - SY41
   - CD19
   - CD10
   - CD20
   - CD45
   - CD34
   - CD38
intactMu: !!opencv-matrix
   rows: 5
   cols: 9
   dt: d
   data: [ 2.0445381918516774e+00, 1.5896335334232503e+00,
       3.1309004072914344e+00, 1.7033897195120005e+00,
       1.7891649565099099e+00, 1.6993096250932260e+00,
       2.5779610854893593e+00, 1.3446014895230038e+00,
       1.7158140238003021e+00, 7.8406301983258930e-01,
       4.0203690923727248e-01, 3.4528414712580022e+00,
       1.2304959072011832e+00, 9.3455479005141018e-01,
       9.8885274335562401e-01, 3.4667774086897873e+00,
       1.1854962788968475e+00, 1.6819747649249370e+00,
       2.9613818842297901e+00, 2.9718231066813532e+00,
       3.2801240850921847e+00, 1.8377945439394165e+00,
       1.2370192013265109e+00, 1.4923441872623484e+00,
       3.1545743527139192e+00, 1.3657670812300722e+00,
       2.2475109119738939e+00, 1.2666164115686760e+00,
       4.1941531029225299e-01, 3.5980355403515500e+00,
       1.1572067593403736e+00, 1.0413170018266771e+00,
       9.1229934884521935e-01, 1.3405260095728391e+00,
       1.0074585167534915e+00, 1.3813339809942851e+00,
       1.4313903254757634e+00, 4.8967979672335959e-01,
       3.0126424730538921e+00, 1.2568373803957913e+00,
       9.1749347032737250e-01, 1.0954710286338072e+00,
       3.5259251376312220e+00, 1.1891973651916536e+00,
       1.7993564475755519e+00 ]
intactSigma:
   - !!opencv-matrix
      rows: 9
      cols: 9
      dt: d
      data: [ 9.9265441656230879e-01, 6.8144829822922537e-01,
          -3.4899461209324759e-02, 1.8241407660319242e-01,
          9.1522254138010267e-02, 9.1313130701532012e-03,
          -1.3207663637263020e-02, 4.5949230442700363e-02,
          4.2781887132712318e-02, 6.8144829822922537e-01,
          1.3728520928666350e+00, -6.1350094202645755e-02,
          3.3406647100011311e-01, 3.4957732535933261e-01,
          1.2795456940695329e-01, 8.3848429779814059e-03,
          1.6139516077929106e-01, 1.0877803418212607e-01,
          -3.4899461209324759e-02, -6.1350094202645755e-02,
          2.0607503896980178e-01, -2.5902638269354149e-02,
          -4.1537371975122188e-02, -5.3551140636050293e-02,
          2.9887970203824329e-02, -4.4442249788057456e-02,
          -3.7242500840416283e-02, 1.8241407660319242e-01,
          3.3406647100011311e-01, -2.5902638269354149e-02,
          1.8332394834123525e-01, 7.9795030123103322e-02,
          1.8251271426722357e-01, 8.3326772249601458e-02,
          8.7445984598903501e-02, 7.5925018841660363e-02,
          9.1522254138010267e-02, 3.4957732535933261e-01,
          -4.1537371975122202e-02, 7.9795030123103322e-02,
          6.5101805495717580e-01, 6.9494543603218342e-02,
          4.3147644507686156e-02, 1.7842225561212013e-01,
          1.3981198576324119e-01, 9.1313130701532064e-03,
          1.2795456940695329e-01, -5.3551140636050307e-02,
          1.8251271426722357e-01, 6.9494543603218356e-02,
          5.0314241742084154e-01, 2.6033238764095484e-01,
          1.5025376042206975e-01, 1.3963143331742009e-01,
          -1.3207663637263020e-02, 8.3848429779814059e-03,
          2.9887970203824329e-02, 8.3326772249601458e-02,
          4.3147644507686156e-02, 2.6033238764095490e-01,
          7.3343755636825170e-01, 6.8940177055540619e-02,
          1.7344735374126424e-01, 4.5949230442700363e-02,
          1.6139516077929106e-01, -4.4442249788057456e-02,
          8.7445984598903501e-02, 1.7842225561212013e-01,
          1.5025376042206970e-01, 6.8940177055540619e-02,
          2.6953656605932996e-01, 1.1340530657711434e-01,
          4.2781887132712318e-02, 1.0877803418212605e-01,
          -3.7242500840416276e-02, 7.5925018841660363e-02,
          1.3981198576324119e-01, 1.3963143331742009e-01,
          1.7344735374126424e-01, 1.1340530657711434e-01,
          2.4635052639473154e-01 ]
   - !!opencv-matrix
      rows: 9
      cols: 9
      dt: d
      data: [ 7.0209378440079323e-02, 1.0609986779662904e-02,
          -2.3076031759137701e-02, 7.6245574741013464e-03,
          -2.5683121113320218e-03, 2.0973731374271602e-02,
          2.7225756999704410e-02, 1.1025863518670260e-02,
          9.9407690491248001e-04, 1.0609986779662904e-02,
          1.2696637684520597e-02, -5.2481825675700967e-04,
          6.2354154661543740e-03, 3.0486509291375859e-03,
          1.1088195186752005e-02, 7.0406661390720699e-03,
          4.1039258125901397e-03, -1.1606254165248000e-04,
          -2.3076031759137701e-02, -5.2481825675700989e-04,
          2.0481188878157367e-02, -1.5491958090419111e-03,
          2.4002778862664926e-03, -7.3772575834559857e-03,
          -1.1719173535925279e-02, -3.5717088555193579e-03,
          -2.2924490199447336e-03, 7.6245574741013464e-03,
          6.2354154661543740e-03, -1.5491958090419113e-03,
          2.9275826216184249e-02, 1.7107021201698182e-03,
          7.9745955502924046e-03, 9.4942581347159695e-03,
          5.3405840690609069e-03, -1.0499353527825186e-03,
          -2.5683121113320236e-03, 3.0486509291375859e-03,
          2.4002778862664922e-03, 1.7107021201698182e-03,
          3.3532067789631484e-02, -1.5206034567753564e-03,
          -1.0753143442219981e-03, -2.8574989731272142e-03,
          -8.2391100157397606e-04, 2.0973731374271595e-02,
          1.1088195186752005e-02, -7.3772575834559874e-03,
          7.9745955502924046e-03, -1.5206034567753557e-03,
          7.5644401548204648e-02, 1.3691231626041701e-02,
          6.8619039968015058e-03, -1.6534128241994315e-03,
          2.7225756999704410e-02, 7.0406661390720691e-03,
          -1.1719173535925279e-02, 9.4942581347159695e-03,
          -1.0753143442219981e-03, 1.3691231626041701e-02,
          4.0592118677520952e-02, 1.1830226233479532e-02,
          1.4230036500222493e-02, 1.1025863518670260e-02,
          4.1039258125901415e-03, -3.5717088555193570e-03,
          5.3405840690609069e-03, -2.8574989731272138e-03,
          6.8619039968015050e-03, 1.1830226233479534e-02,
          1.6499275983067305e-01, 6.8228147083898415e-03,
          9.9407690491248044e-04, -1.1606254165247976e-04,
          -2.2924490199447345e-03, -1.0499353527825184e-03,
          -8.2391100157397606e-04, -1.6534128241994319e-03,
          1.4230036500222493e-02, 6.8228147083898467e-03,
          5.4758531234166505e-02 ]
   - !!opencv-matrix
      rows: 9
      cols: 9
      dt: d
      data: [ 5.3894964435282244e-01, 4.2715833637718131e-01,
          -1.9105155494017551e-02, 9.1712516485552176e-02,
          3.8144134747902236e-02, 3.8439178100773984e-02,
          6.7656392215535668e-02, -7.0378166933605379e-02,
          -1.6240349914821572e-01, 4.2715833637718131e-01,
          1.1133711999475333e+00, 2.0889608516017576e-02,
          2.2236099040423166e-01, 1.3871949136444170e-01,
          1.2959634610844617e-01, 2.8368685957234917e-02,
          -1.3840413451927006e-01, -2.1903778693316375e-01,
          -1.9105155494017541e-02, 2.0889608516017576e-02,
          5.1569316919347109e-02, 4.4324044803975473e-03,
          1.2771051193595102e-02, 1.9514632343426916e-02,
          -2.2482567787328853e-02, 4.4243560941925088e-03,
          3.8678994903048512e-02, 9.1712516485552176e-02,
          2.2236099040423168e-01, 4.4324044803975482e-03,
          5.9140091444172198e-02, 2.9422502765593238e-02,
          2.7688544279251607e-02, 8.2649139666883080e-03,
          -3.0273674214924013e-02, -4.8141679618181360e-02,
          3.8144134747902229e-02, 1.3871949136444170e-01,
          1.2771051193595104e-02, 2.9422502765593238e-02,
          8.5723848786928680e-02, 2.8706207369184406e-02,
          -3.7131934684745990e-03, -2.1296239031093366e-02,
