%YAML:1.0
---
groups:
   - intact
   - CD19
intactGmmnames:
   - "intact.567.0"
   - "intact.567.1"
   - "intact.567.2"
   - "intact.567.3"
   - "intact.567.4"
intactLabels:
   - FSC-A
   - SSC-A
   - SY41
   - CD19
   - CD10
   - CD20
   - CD45
   - CD34
   - CD38
intactMu: !!opencv-matrix
   rows: 5
   cols: 9
   dt: d
   data: [ 1.3941099501332574e+00, 4.3129375171582796e-01,
       3.6718542589483367e+00, 1.2139572572699042e+00,
       7.8362557016628398e-01, 8.4294483163403167e-01,
       3.7560832171944911e+00, 1.3033270259962166e+00,
       1.8461120143963350e+00, 2.2697113459358489e+00,
       2.0544987995572930e+00, 3.4634602263640089e+00,
       1.6090436128420897e+00, 1.5547079399440267e+00,
       1.0683691329132949e+00, 2.7913291201950212e+00,
       1.2845175366982622e+00, 1.9725223191984633e+00,
       2.1157294039508590e+00, 1.1693344547407090e+00,
       2.7091571281686617e+00, 1.3883496085638736e+00,
       1.0101680326287761e+00, 1.0174064041141513e+00,
       2.3906993835019037e+00, 1.3331919460118651e+00,
       1.5957739687833148e+00, 2.8992760517145224e+00,
       3.5526399823141932e+00, 3.5359248904946923e+00,
       1.8698837388294749e+00, 2.7546533845986003e+00,
       9.5108338711066609e-01, 3.1150267154992424e+00,
       1.1785270193324964e+00, 1.5533471691271841e+00,
       1.6928795860462813e+00, 6.8114570358892268e-01,
       3.4239963078748787e+00, 1.3001444010332459e+00,
       7.8950417707168874e-01, 8.6325998398646164e-01,
       3.8500171760525230e+00, 1.4054099765295127e+00,
       2.5367901810820164e+00 ]
intactSigma:
   - !!opencv-matrix
      rows: 9
      cols: 9
      dt: d
      data: [ 6.0538141884536038e-02, 1.3886684873746447e-02,
          -2.2942366572805874e-02, 6.1625163249305719e-03,
          4.1392105466832706e-03, 1.7330017204998206e-02,
          1.0655331884110615e-02, 5.4805954608409552e-03,
          -1.4643419774338726e-02, 1.3886684873746443e-02,
          1.4266237350776549e-02, -1.1905085274765855e-02,
          5.8940873985415254e-03, 3.2774054039837680e-03,
          1.2548881614873272e-02, 7.2445213478565078e-03,
          4.7333626042482110e-03, -9.3479468298074200e-03,
          -2.2942366572805874e-02, -1.1905085274765855e-02,
          4.3553185543461735e-02, -5.3133014857685394e-03,
          -4.9686922378003552e-03, -2.2151966891795185e-02,
          -9.5987242289779263e-03, -4.3795987015985459e-03,
          1.0028231620428247e-02, 6.1625163249305719e-03,
          5.8940873985415254e-03, -5.3133014857685385e-03,
          3.0545079534665742e-02, 1.6438112703255558e-03,
          6.2423838318717744e-03, 3.3581195049053945e-03,
          4.8026282576644165e-03, -8.9609531161106201e-03,
          4.1392105466832706e-03, 3.2774054039837672e-03,
          -4.9686922378003552e-03, 1.6438112703255567e-03,
          3.7790581032289688e-02, 7.5698691873620676e-04,
          1.4738495264046204e-03, -5.4105556098665002e-03,
          -3.3271386304759643e-03, 1.7330017204998206e-02,
          1.2548881614873272e-02, -2.2151966891795185e-02,
          6.2423838318717744e-03, 7.5698691873620654e-04,
          4.1027172378882364e-02, 8.0410270450338509e-03,
          4.9709338673213661e-03, -1.0504655404172164e-02,
          1.0655331884110615e-02, 7.2445213478565069e-03,
          -9.5987242289779263e-03, 3.3581195049053945e-03,
          1.4738495264046199e-03, 8.0410270450338509e-03,
          9.1237035079875933e-03, 3.6484751000274212e-03,
          -5.7361233516649542e-03, 5.4805954608409526e-03,
          4.7333626042482093e-03, -4.3795987015985468e-03,
          4.8026282576644165e-03, -5.4105556098665020e-03,
          4.9709338673213661e-03, 3.6484751000274204e-03,
          1.8450666640798719e-01, 6.0312466454374243e-04,
          -1.4643419774338726e-02, -9.3479468298074183e-03,
          1.0028231620428246e-02, -8.9609531161106201e-03,
          -3.3271386304759626e-03, -1.0504655404172161e-02,
          -5.7361233516649542e-03, 6.0312466454374265e-04,
          9.0358261199259687e-02 ]
   - !!opencv-matrix
      rows: 9
      cols: 9
      dt: d
      data: [ 7.1873191373580469e-01, 8.0344590796568083e-01,
          -7.6707286995554222e-02, 2.1065580105548676e-01,
          1.5055289136750902e-01, 1.2653148861258881e-01,
          3.3511320885558499e-01, 9.0978507886175772e-02,
          9.0630500548827028e-02, 8.0344590796568072e-01,
          1.5218334426435660e+00, -1.6430131419138166e-01,
          3.5092702595341019e-01, 3.6890990839969007e-01,
          1.6951977951667443e-01, 2.2556119243205092e-01,
          4.9785557339898492e-02, -1.1105342693558592e-01,
          -7.6707286995554236e-02, -1.6430131419138166e-01,
          2.0392024374219983e-01, -2.9077476160332620e-02,
          -5.8716703474031358e-02, -4.7051150813204067e-02,
          6.6968562172123408e-02, 1.5345512254348805e-02,
          1.0434204436494783e-01, 2.1065580105548676e-01,
          3.5092702595341019e-01, -2.9077476160332620e-02,
          1.4054582228969625e-01, 9.8931558558658914e-02,
          9.3621774881424938e-02, 1.1024119886464087e-01,
          3.5538898641267178e-02, 1.5028623990480288e-02,
          1.5055289136750902e-01, 3.6890990839969007e-01,
          -5.8716703474031358e-02, 9.8931558558658914e-02,
          3.9695783239655252e-01, 8.8614904789976842e-02,
          1.7442602117908806e-02, 2.5570591458146694e-02,
          -8.7640009233514157e-02, 1.2653148861258881e-01,
          1.6951977951667443e-01, -4.7051150813204073e-02,
          9.3621774881424938e-02, 8.8614904789976842e-02,
          2.0354332415180207e-01, 1.2335386883870583e-01,
          6.7147171932373753e-02, 3.0688045188213553e-02,
          3.3511320885558504e-01, 2.2556119243205097e-01,
          6.6968562172123408e-02, 1.1024119886464089e-01,
          1.7442602117908813e-02, 1.2335386883870583e-01,
          7.3446116312933851e-01, 1.4627804761953569e-01,
          3.9310360789296817e-01, 9.0978507886175744e-02,
          4.9785557339898499e-02, 1.5345512254348796e-02,
          3.5538898641267178e-02, 2.5570591458146687e-02,
          6.7147171932373753e-02, 1.4627804761953572e-01,
          1.9743448573653083e-01, 1.0904497547394623e-01,
          9.0630500548827028e-02, -1.1105342693558597e-01,
          1.0434204436494783e-01, 1.5028623990480288e-02,
          -8.7640009233514157e-02, 3.0688045188213560e-02,
          3.9310360789296817e-01, 1.0904497547394623e-01,
          4.7099559360451793e-01 ]
   - !!opencv-matrix
      rows: 9
      cols: 9
      dt: d
      data: [ 5.9466571350484221e-01, 3.1849600387365273e-01,
          1.1519374491332629e-01, 9.9065793210664096e-02,
          6.4516547979904929e-02, 7.4244382633741987e-02,
          1.2387682113047963e-01, 9.0742503087178489e-02,
          7.1063010266752227e-02, 3.1849600387365273e-01,
          2.5587148214142114e-01, 8.1769214330172035e-02,
          7.9463527685917329e-02, 4.5646338606347855e-02,
          5.5431885659740034e-02, 9.6093977276736672e-02,
          7.1042475754941908e-02, 5.2946228805363572e-02,
          1.1519374491332629e-01, 8.1769214330172035e-02,
          3.7272211937315045e-02, 2.6009482418205269e-02,
          1.6883288034270298e-02, 1.8834625193474258e-02,
          3.4420018435304629e-02, 2.3987578195971790e-02,
          1.8312808663392653e-02, 9.9065793210664096e-02,
          7.9463527685917315e-02, 2.6009482418205269e-02,
          3.8707257490795809e-02, 1.5382284819377194e-02,
          1.7467328566375898e-02, 3.0422891722326009e-02,
          2.2666109266746351e-02, 1.3583640673904742e-02,
          6.4516547979904929e-02, 4.5646338606347855e-02,
          1.6883288034270291e-02, 1.5382284819377191e-02,
          6.2266499997389868e-02, 7.9506202975870351e-03,
          2.0752128557511931e-02, 1.1717135783299365e-02,
