%YAML:1.0
---
groups:
   - intact
   - CD19
intactGmmnames:
   - "intact.573.0"
   - "intact.573.1"
   - "intact.573.2"
   - "intact.573.3"
   - "intact.573.4"
intactLabels:
   - FSC-A
   - SSC-A
   - SY41
   - CD19
   - CD10
   - CD20
   - CD45
   - CD34
   - CD38
intactMu: !!opencv-matrix
   rows: 5
   cols: 9
   dt: d
   data: [ 9.0820883743647729e-01, 4.6701411806641380e-01,
       2.4881751083293078e+00, 1.1271756816084189e+00,
       1.2254185694477884e+00, 1.2534990761941189e+00,
       1.6828446643473562e+00, 1.1110518896548052e+00,
       1.8007698725302348e+00, 2.5877188566447109e+00,
       3.5421630717957981e+00, 2.4136567395708055e+00,
       1.7515748581835033e+00, 2.5552264865532979e+00,
       1.4792937160105613e+00, 3.5842128024006943e+00,
       1.6806482849974995e+00, 2.0625471929773229e+00,
       2.0492520718444753e+00, 1.5959025574339027e+00,
       2.4705425852750236e+00, 1.5059866322372368e+00,
       1.5376630652728382e+00, 1.6977263457523661e+00,
       2.5652439213648353e+00, 1.6153681967542544e+00,
       2.0756993184805674e+00, 1.1270292597478855e+00,
       3.4269508170103807e-01, 2.3278593853412088e+00,
       6.9893590966802155e-01, 1.0973113158492724e+00,
       1.1657818693779352e+00, 3.9574445536254834e+00,
       1.7384152424701165e+00, 2.1684362723986856e+00,
       2.4128468154058318e+00, 2.5057375754605333e+00,
       2.5024472391933785e+00, 1.4874267447984799e+00,
       1.2286940973613978e+00, 1.6535465376746039e+00,
       3.6032570888586655e+00, 1.9655422144058659e+00,
       3.0176459231058206e+00 ]
intactSigma:
   - !!opencv-matrix
      rows: 9
      cols: 9
      dt: d
      data: [ 8.4239774920544561e-02, 3.1312333959841780e-02,
          9.8964474864306606e-03, 1.2772390285887971e-02,
          9.3614581744591811e-03, 3.5501159606315780e-02,
          3.7855102198019679e-02, 4.7861241794047655e-03,
          5.0119529452110284e-03, 3.1312333959841780e-02,
          3.8704400934626952e-02, 6.7553453868260081e-03,
          1.4461108100142258e-02, 1.0779447519662418e-02,
          3.6022899259053033e-02, 4.5506410788036980e-02,
          7.0158335272748930e-03, 6.8160141415177025e-03,
          9.8964474864306623e-03, 6.7553453868260081e-03,
          2.5032777791120939e-02, 3.3763104396210002e-03,
          2.8770826936080009e-03, 8.1953907338592688e-03,
          9.3080921048569326e-03, 4.3411687607182951e-03,
          5.1529470912090990e-04, 1.2772390285887973e-02,
          1.4461108100142258e-02, 3.3763104396210002e-03,
          1.4496519596619331e-02, 4.1512788290355559e-03,
          1.4222197325909977e-02, 1.4733155137349119e-02,
          3.1338294468167371e-03, 1.2571722809863910e-03,
          9.3614581744591793e-03, 1.0779447519662420e-02,
          2.8770826936080000e-03, 4.1512788290355559e-03,
          1.8814761028776026e-02, 9.4222480273372013e-03,
          1.6596770035364864e-02, 8.3982914744054973e-04,
          2.8118718412817718e-03, 3.5501159606315780e-02,
          3.6022899259053033e-02, 8.1953907338592671e-03,
          1.4222197325909972e-02, 9.4222480273372013e-03,
          8.4429036358377202e-02, 5.2982628592613989e-02,
          6.9083229856562040e-03, 6.7719409601635725e-03,
          3.7855102198019693e-02, 4.5506410788036980e-02,
          9.3080921048569326e-03, 1.4733155137349119e-02,
          1.6596770035364868e-02, 5.2982628592613962e-02,
          2.4318512534551803e-01, 9.3906546230576073e-03,
          1.6471064338675880e-02, 4.7861241794047655e-03,
          7.0158335272748930e-03, 4.3411687607182933e-03,
          3.1338294468167376e-03, 8.3982914744054973e-04,
          6.9083229856562040e-03, 9.3906546230576090e-03,
          7.9958575633532938e-02, 1.9201141666616991e-03,
          5.0119529452110267e-03, 6.8160141415177043e-03,
          5.1529470912090969e-04, 1.2571722809863912e-03,
          2.8118718412817718e-03, 6.7719409601635725e-03,
          1.6471064338675876e-02, 1.9201141666616991e-03,
          5.7569492346373841e-03 ]
   - !!opencv-matrix
      rows: 9
      cols: 9
      dt: d
      data: [ 2.3396544314248294e-01, 8.6159568046797100e-02,
          5.9141906918129374e-03, 1.9024684809076563e-02,
          -2.1780054418321208e-02, 2.1465860257356424e-02,
          -2.8702088413238269e-05, 7.9669624551862769e-03,
          6.0477249970036628e-03, 8.6159568046797100e-02,
          3.5089666797992469e-01, 9.3142096516537383e-03,
          6.6481742076283601e-02, 5.6077824521551932e-02,
          3.0941782217346409e-02, 2.3761606663550840e-02,
          3.3884675428373152e-02, 4.3525389529254863e-03,
          5.9141906918129374e-03, 9.3142096516537366e-03,
          4.8307153496644347e-03, 3.0497113963674303e-03,
          -1.5916616871067872e-02, 3.3470098975993874e-03,
          -2.1155769991457289e-03, -8.3197407760719007e-04,
          1.9102491438607678e-03, 1.9024684809076563e-02,
          6.6481742076283587e-02, 3.0497113963674312e-03,
          3.0977432807495788e-02, -1.2913379953021593e-02,
          5.3896342668261618e-03, -2.0224512381297336e-03,
          2.3766611138453836e-03, -1.4347741714070630e-03,
          -2.1780054418321208e-02, 5.6077824521551939e-02,
          -1.5916616871067872e-02, -1.2913379953021593e-02,
          5.7006521797716814e-01, 2.7442847589393304e-02,
          9.5668565570524916e-02, 9.6843729180378549e-02,
          -3.5635746640918065e-02, 2.1465860257356424e-02,
          3.0941782217346406e-02, 3.3470098975993865e-03,
          5.3896342668261635e-03, 2.7442847589393308e-02,
          4.4559280898638622e-02, 1.1341183601021222e-02,
          1.7278938830566859e-02, 3.2717176366197790e-03,
          -2.8702088413238181e-05, 2.3761606663550840e-02,
          -2.1155769991457289e-03, -2.0224512381297344e-03,
          9.5668565570524916e-02, 1.1341183601021222e-02,
          2.8769480454572904e-02, 2.5097449509001411e-02,
          -3.1940541966282323e-03, 7.9669624551862769e-03,
          3.3884675428373152e-02, -8.3197407760719007e-04,
          2.3766611138453836e-03, 9.6843729180378549e-02,
          1.7278938830566862e-02, 2.5097449509001401e-02,
          2.5135375072336386e-01, 7.7183273708694711e-04,
          6.0477249970036636e-03, 4.3525389529254846e-03,
          1.9102491438607678e-03, -1.4347741714070632e-03,
          -3.5635746640918065e-02, 3.2717176366197790e-03,
          -3.1940541966282319e-03, 7.7183273708694700e-04,
          3.3139917606235123e-02 ]
   - !!opencv-matrix
      rows: 9
      cols: 9
      dt: d
      data: [ 8.4755023852359179e-01, 5.6977058472949504e-01,
          -1.0871355126712581e-02, 1.2875449083454074e-01,
          5.5990490391643832e-02, 3.6081075050074816e-02,
          1.0753342451285618e-01, 1.2276242893726144e-01,
          3.1120557748444688e-02, 5.6977058472949504e-01,
          1.0004172866061067e+00, -4.7980658389974229e-02,
          2.1983299770955056e-01, 1.5036428242539981e-01,
          9.6043000752081206e-02, 3.0364041893215060e-01,
          2.8063824795321923e-01, 1.2163550522112894e-01,
          -1.0871355126712584e-02, -4.7980658389974222e-02,
          6.7188713579587764e-02, -1.5738138402394207e-02,
          1.1665270262532568e-03, -1.8856396097749473e-02,
          -4.6295830604138347e-02, -4.3813869151710365e-02,
          -1.5800967618055120e-02, 1.2875449083454074e-01,
          2.1983299770955056e-01, -1.5738138402394207e-02,
          1.0765706065431573e-01, 2.3076789113481329e-03,
          8.8930559515276522e-02, 1.0183919845947227e-01,
          7.2186776589743221e-02, 1.9269484398403317e-02,
          5.5990490391643812e-02, 1.5036428242539981e-01,
          1.1665270262532566e-03, 2.3076789113481298e-03,
          2.4259571543271941e-01, 7.6024988565280534e-03,
          1.2171672933942047e-01, 8.4444778580596541e-02,
