%YAML:1.0
---
groups:
   - intact
   - CD19
   - blast
intactGmmnames:
   - "intact.577.0"
   - "intact.577.1"
   - "intact.577.2"
   - "intact.577.3"
   - "intact.577.4"
intactLabels:
   - FSC-A
   - SSC-A
   - SY41
   - CD19
   - CD10
   - CD20
   - CD45
   - CD34
   - CD38
intactMu: !!opencv-matrix
   rows: 5
   cols: 9
   dt: d
   data: [ 1.3430309157287357e+00, 4.8199705147798921e-01,
       2.5981189499354000e+00, 7.6052275662730151e-01,
       1.1525062988780672e+00, 1.0480629209131607e+00,
       3.8784262651230530e+00, 1.6451082704018611e+00,
       2.6318250803232708e+00, 2.3484288957409025e+00,
       2.3673044880218437e+00, 2.8378815278909979e+00,
       1.5003602396683733e+00, 2.1932450515134780e+00,
       1.3441565778633577e+00, 3.1840904077414032e+00,
       1.6172417737294487e+00, 1.9843147614859999e+00,
       1.1431704727726066e+00, 2.5528108516842557e-01,
       2.9414038314428259e+00, 7.3302749810290080e-01,
       1.1287026000785554e+00, 9.6630493321409561e-01,
       3.8107888691709531e+00, 1.5405348474654792e+00,
       2.1136439397215319e+00, 1.1576486342165677e+00,
       5.5717978574965255e-01, 2.5930932295118123e+00,
       1.1254434810035459e+00, 1.4150483960312059e+00,
       1.1289738893521277e+00, 2.0399778522905683e+00,
       1.5944965663637651e+00, 1.8599676464617740e+00,
       1.3301133468781299e+00, 3.9336857249458673e-01,
       2.7094245704498934e+00, 7.2883665650457841e-01,
       1.1654304494072496e+00, 1.1423512219665151e+00,
       3.8904356751706750e+00, 1.6137441720109060e+00,
       1.9858329392604386e+00 ]
intactSigma:
   - !!opencv-matrix
      rows: 9
      cols: 9
      dt: d
      data: [ 5.6364525044158606e-02, 1.2404027115763218e-02,
          -9.9181029776582094e-03, 4.7738776110038362e-03,
          6.5694529616802623e-04, 8.2567096651413700e-03,
          -2.5587725990248783e-03, 3.2586503923225903e-03,
          4.1302600611784149e-03, 1.2404027115763218e-02,
          2.6561958579647837e-02, -1.6594479549099300e-02,
          5.1281011987557032e-03, 2.3266494217198735e-03,
          1.3737713580507309e-02, 2.3422697375283632e-03,
          7.8333427997636287e-03, 1.8629452668194525e-02,
          -9.9181029776582094e-03, -1.6594479549099300e-02,
          9.0336579370563191e-02, 2.0205087841352757e-03,
          -1.1494245471983286e-03, -1.0942564624310046e-02,
          -8.8226311790926357e-03, -6.4999608629012114e-03,
          -1.2688985517060113e-02, 4.7738776110038371e-03,
          5.1281011987557032e-03, 2.0205087841352744e-03,
          3.7131140764298208e-02, 4.0063517613560446e-04,
          9.5216810702956661e-04, -1.1920381940891610e-02,
          -1.2257621667883642e-03, 8.0235072707333273e-03,
          6.5694529616802601e-04, 2.3266494217198731e-03,
          -1.1494245471983290e-03, 4.0063517613560479e-04,
          1.2459369264115899e-02, -1.9927431873188713e-03,
          2.9001980644811584e-04, -9.8702329061615846e-03,
          2.0134702049425933e-04, 8.2567096651413700e-03,
          1.3737713580507309e-02, -1.0942564624310050e-02,
          9.5216810702956705e-04, -1.9927431873188709e-03,
          6.0106794653508794e-02, 4.5929690527065073e-03,
          5.2661697165028590e-03, 6.5204981404904079e-03,
          -2.5587725990248787e-03, 2.3422697375283632e-03,
          -8.8226311790926357e-03, -1.1920381940891612e-02,
          2.9001980644811594e-04, 4.5929690527065073e-03,
          1.6763891415568614e-02, 9.6976639379267593e-03,
          -8.8803561406579166e-03, 3.2586503923225903e-03,
          7.8333427997636252e-03, -6.4999608629012105e-03,
          -1.2257621667883635e-03, -9.8702329061615846e-03,
          5.2661697165028599e-03, 9.6976639379267610e-03,
          2.4617254234299715e-01, 2.7113273660677758e-03,
          4.1302600611784149e-03, 1.8629452668194529e-02,
          -1.2688985517060117e-02, 8.0235072707333255e-03,
          2.0134702049425917e-04, 6.5204981404904079e-03,
          -8.8803561406579148e-03, 2.7113273660677728e-03,
          1.7186341093685620e-01 ]
   - !!opencv-matrix
      rows: 9
      cols: 9
      dt: d
      data: [ 5.5803569205207249e-01, 5.1602628614587875e-01,
          -2.5414892172975680e-02, 1.4499427882380730e-01,
          1.4325670924210349e-02, 4.1901305828368644e-02,
          -1.1102535606698785e-01, 5.2008779382061388e-02,
          -3.5415165779086814e-02, 5.1602628614587875e-01,
          1.2506299056303001e+00, 2.2891832431837421e-02,
          3.4652916914126541e-01, 3.2577478860360731e-01,
          1.2809724837172898e-02, -1.7974765590249822e-01,
          -1.2528983386657341e-01, -1.1633475162244365e-01,
          -2.5414892172975691e-02, 2.2891832431837421e-02,
          1.4864432525257937e-01, 3.4772506381387677e-04,
          3.1837214085820527e-02, -1.3668221075396909e-02,
          1.6730687362484020e-02, -4.5870019663823099e-02,
          1.9946415876321576e-02, 1.4499427882380728e-01,
          3.4652916914126541e-01, 3.4772506381387585e-04,
          1.4654705802066717e-01, 8.2935595573979115e-02,
          3.2328100385252134e-02, -8.5291295603535294e-02,
          -2.7136221233509693e-02, -3.8068675594253643e-02,
          1.4325670924210346e-02, 3.2577478860360731e-01,
          3.1837214085820527e-02, 8.2935595573979101e-02,
          3.7704561298995831e-01, -4.2525281239942633e-02,
          -1.3935012302461676e-02, -1.2705061627825109e-01,
          -6.2844179148172002e-02, 4.1901305828368644e-02,
          1.2809724837172895e-02, -1.3668221075396914e-02,
          3.2328100385252134e-02, -4.2525281239942626e-02,
          1.3419964905896167e-01, 7.3905898847703086e-03,
          5.3491724689625451e-02, 3.2675166359859328e-02,
          -1.1102535606698788e-01, -1.7974765590249822e-01,
          1.6730687362484020e-02, -8.5291295603535308e-02,
          -1.3935012302461686e-02, 7.3905898847703077e-03,
          1.9518175034907950e-01, 6.8289995943297101e-03,
          4.4463026947574341e-02, 5.2008779382061401e-02,
          -1.2528983386657341e-01, -4.5870019663823106e-02,
          -2.7136221233509693e-02, -1.2705061627825109e-01,
          5.3491724689625451e-02, 6.8289995943297084e-03,
          3.3719801709278080e-01, 4.5401938917988161e-02,
          -3.5415165779086814e-02, -1.1633475162244365e-01,
          1.9946415876321576e-02, -3.8068675594253643e-02,
          -6.2844179148172002e-02, 3.2675166359859328e-02,
          4.4463026947574341e-02, 4.5401938917988161e-02,
          1.0691941982226437e-01 ]
   - !!opencv-matrix
      rows: 9
      cols: 9
      dt: d
      data: [ 3.9472767537448300e-02, 5.3826440920518529e-03,
          -1.9536368426794813e-02, -1.8262121706327883e-03,
          1.0933174992251033e-04, 9.8542361052935384e-03,
          4.8621390865499926e-03, 5.3464462626238935e-03,
          1.8688038611193230e-03, 5.3826440920518529e-03,
          4.8461721742980622e-03, -3.5961162641287938e-03,
          5.5503557617868533e-05, 7.2081685325408294e-04,
          5.3648513605087681e-03, 1.7309338088338777e-03,
          2.8633181081262823e-03, -6.7599466626830492e-05,
          -1.9536368426794817e-02, -3.5961162641287934e-03,
          3.3712458749923541e-02, 2.2204309234088175e-03,
          3.6574522390001008e-04, -6.7627454483189077e-03,
          -3.9012127095803682e-03, -2.4147824711884050e-03,
          -1.9745793325529129e-03, -1.8262121706327883e-03,
          5.5503557617868533e-05, 2.2204309234088184e-03,
          2.0633167376244755e-02, -4.1566565221788652e-05,
          1.2545444342470103e-04, -3.0742538029375670e-03,
          1.2481386371346855e-03, -1.2847072547124501e-03,
          1.0933174992251033e-04, 7.2081685325408261e-04,
          3.6574522390001019e-04, -4.1566565221788517e-05,
          1.0927954806283774e-02, -2.7106780494207962e-03,
