%YAML:1.0
---
groups:
   - intact
   - CD19
   - blast
intactGmmnames:
   - "intact.582.0"
   - "intact.582.1"
   - "intact.582.2"
   - "intact.582.3"
   - "intact.582.4"
intactLabels:
   - FSC-A
   - SSC-A
   - SY41
   - CD19
   - CD10
   - CD20
   - CD45
   - CD34
   - CD38
intactMu: !!opencv-matrix
   rows: 5
   cols: 9
   dt: d
   data: [ 1.1747471680831967e+00, 2.7987667817633671e-01,
       2.8958975429059470e+00, 1.0545127499317337e+00,
       9.6174214149694570e-01, 1.0053194186697341e+00,
       3.3922123153406925e+00, 1.0486718775962560e+00,
       1.5662901230636026e+00, 2.4635176577912801e+00,
       3.0028931722325298e+00, 2.7024097050983360e+00,
       1.5628489276470514e+00, 2.7124170976638942e+00,
       1.3035908273650885e+00, 2.8950502758121819e+00,
       1.1530698028488753e+00, 1.5021593861377682e+00,
       1.5799900727469300e+00, 6.1367774030148969e-01,
       2.6669682251655016e+00, 1.1150962207112778e+00,
       1.2302495363844499e+00, 1.1156489412033019e+00,
       1.5285350836704790e+00, 1.1911699894560936e+00,
       1.3681708027657469e+00, 2.3389871015737094e+00,
       1.8788053931959432e+00, 2.6963575758440830e+00,
       1.4128449019545111e+00, 1.4670148213052254e+00,
       1.3794898760913019e+00, 2.7980351133995369e+00,
       1.2105858348706007e+00, 1.9639400018497157e+00,
       8.6112540504244639e-01, 3.4271218354606747e-01,
       2.9473409675123277e+00, 1.0496414232324924e+00,
       1.0889528807940276e+00, 9.1287281034962764e-01,
       1.2326340401409390e+00, 1.0555092014746594e+00,
       1.2687764994414774e+00 ]
intactSigma:
   - !!opencv-matrix
      rows: 9
      cols: 9
      dt: d
      data: [ 6.9428123023974178e-02, 1.1739831432821316e-02,
          -6.4067299475807013e-02, 3.1527631124880625e-03,
          6.6075245592223516e-03, 1.4729664453403972e-02,
          9.8851499714426375e-03, -2.7140188564016006e-04,
          4.4925125221694081e-04, 1.1739831432821316e-02,
          8.5455064612960565e-03, -2.1406708332406078e-02,
          2.0473669976047858e-03, 4.5111805682758292e-03,
          7.3767855364149076e-03, 5.2959164543118931e-03,
          6.0462386125935199e-05, -1.8694742347231093e-03,
          -6.4067299475807013e-02, -2.1406708332406078e-02,
          1.6138257017971641e-01, -5.4618401376897207e-03,
          -1.5288590931104643e-02, -2.7293190594733400e-02,
          -2.1260327914791041e-02, 8.8102712259686587e-04,
          1.7173673714191286e-03, 3.1527631124880621e-03,
          2.0473669976047858e-03, -5.4618401376897207e-03,
          1.4747846773631895e-02, 1.7570089563975304e-03,
          2.2102053222173611e-03, 1.1246570394881628e-03,
          -2.3258540936953831e-03, -4.0615286511551680e-03,
          6.6075245592223534e-03, 4.5111805682758275e-03,
          -1.5288590931104643e-02, 1.7570089563975308e-03,
          5.7368931775679789e-02, 2.9547622018007982e-04,
          5.8526119429727535e-03, -4.7829867623816113e-03,
          -7.4911898367442057e-03, 1.4729664453403978e-02,
          7.3767855364149084e-03, -2.7293190594733400e-02,
          2.2102053222173611e-03, 2.9547622018007982e-04,
          4.8569010008640418e-02, 6.6013464462978365e-03,
          -3.2122442633146704e-05, -1.4357106965523350e-02,
          9.8851499714426375e-03, 5.2959164543118931e-03,
          -2.1260327914791041e-02, 1.1246570394881626e-03,
          5.8526119429727535e-03, 6.6013464462978347e-03,
          1.0183046805572990e-02, -2.2088066756491514e-03,
          -7.5209244979293280e-03, -2.7140188564015995e-04,
          6.0462386125935233e-05, 8.8102712259686608e-04,
          -2.3258540936953835e-03, -4.7829867623816113e-03,
          -3.2122442633146832e-05, -2.2088066756491527e-03,
          1.2256910278046239e-01, 6.8893964263369396e-03,
          4.4925125221694005e-04, -1.8694742347231093e-03,
          1.7173673714191268e-03, -4.0615286511551680e-03,
          -7.4911898367442074e-03, -1.4357106965523348e-02,
          -7.5209244979293280e-03, 6.8893964263369431e-03,
          1.6623321056593587e-01 ]
   - !!opencv-matrix
      rows: 9
      cols: 9
      dt: d
      data: [ 2.9152346425556913e-01, 1.6395962118952562e-01,
          -3.9357768641228599e-02, 2.8080413579662820e-02,
          -1.6264758358499845e-02, 2.1679218554167417e-02,
          -1.3552952538735322e-02, 1.8665593172537509e-03,
          1.5494482262095552e-02, 1.6395962118952565e-01,
          3.6635691314535407e-01, -8.7285053964584608e-02,
          6.4584702605155767e-02, 5.7102235183604057e-02,
          4.6596434263166051e-02, 3.6350823380706637e-02,
          9.2660586310268633e-03, 1.0237416535884105e-02,
          -3.9357768641228599e-02, -8.7285053964584622e-02,
          1.8377100418570158e-01, -1.7507947587308701e-02,
          -2.8564081091519509e-02, -2.1991253216302513e-02,
          -2.4146879118794616e-02, -5.7682708978907692e-04,
          6.7927632683925947e-04, 2.8080413579662813e-02,
          6.4584702605155767e-02, -1.7507947587308698e-02,
          2.3989646602703849e-02, 1.3384461598321271e-02,
          9.6141755933869377e-03, 9.3439970279658099e-03,
          4.2438122465588796e-04, -4.3092985717194509e-03,
          -1.6264758358499849e-02, 5.7102235183604064e-02,
          -2.8564081091519526e-02, 1.3384461598321271e-02,
          1.0341613218094178e-01, 1.6948266459234442e-02,
          4.3777596172249508e-02, 4.8342406799620425e-03,
          -5.5243680887082577e-03, 2.1679218554167417e-02,
          4.6596434263166064e-02, -2.1991253216302513e-02,
          9.6141755933869377e-03, 1.6948266459234442e-02,
          3.5342330426906904e-02, 1.2973611956123175e-02,
          1.8917457609400965e-03, 8.8590362066642866e-05,
          -1.3552952538735326e-02, 3.6350823380706637e-02,
          -2.4146879118794613e-02, 9.3439970279658099e-03,
          4.3777596172249508e-02, 1.2973611956123175e-02,
          4.5042780158804016e-02, 1.1984618397270952e-03,
          -9.8653907896202077e-03, 1.8665593172537489e-03,
          9.2660586310268668e-03, -5.7682708978907637e-04,
          4.2438122465588763e-04, 4.8342406799620425e-03,
          1.8917457609400963e-03, 1.1984618397270950e-03,
          7.2780644863813901e-02, 1.4661031626219453e-03,
          1.5494482262095556e-02, 1.0237416535884105e-02,
          6.7927632683925990e-04, -4.3092985717194509e-03,
          -5.5243680887082595e-03, 8.8590362066642717e-05,
          -9.8653907896202112e-03, 1.4661031626219448e-03,
          5.0616137808458625e-02 ]
   - !!opencv-matrix
      rows: 9
      cols: 9
      dt: d
      data: [ 5.7913861675411471e-01, 8.0753771122119011e-02,
          -1.1267476583688969e-01, 1.4080497434294270e-02,
          -9.0386173592853086e-03, 3.8089777029450163e-02,
          7.2871526369278294e-02, 3.5728892965481450e-02,
          -1.4592866370059798e-02, 8.0753771122119011e-02,
          6.9282074833362461e-02, 2.8451236800980936e-02,
          1.4763286384675917e-02, 2.6424187313682165e-02,
          3.1783973142343831e-02, 3.4816221344832220e-02,
          1.1933433756354733e-02, 2.3735242444735882e-03,
          -1.1267476583688968e-01, 2.8451236800980936e-02,
          5.8206616934117372e-01, 1.0076749841788928e-02,
          1.2890835847800858e-01, 5.9173069194497586e-02,
          5.3682873798139998e-02, -2.9303373632534276e-02,
          6.7212235633835909e-02, 1.4080497434294272e-02,
          1.4763286384675917e-02, 1.0076749841788930e-02,
          9.8193238512435423e-03, 8.2208682930580389e-03,
          8.0335272785085534e-03, 6.3625404334226648e-03,
          1.4663172362360513e-03, -1.5786951412812484e-03,
          -9.0386173592853086e-03, 2.6424187313682165e-02,
          1.2890835847800855e-01, 8.2208682930580354e-03,
          1.5599513709589441e-01, 3.9535450460387055e-02,
