%YAML:1.0
---
groups:
   - intact
   - CD19
intactGmmnames:
   - "intact.582.0"
   - "intact.582.1"
   - "intact.582.2"
   - "intact.582.3"
   - "intact.582.4"
intactLabels:
   - FSC-A
   - SSC-A
   - SY41
   - CD19
   - CD10
   - CD20
   - CD45
   - CD34
   - CD38
intactMu: !!opencv-matrix
   rows: 5
   cols: 9
   dt: d
   data: [ 1.2075181129997585e+00, 3.4973214598559810e-01,
       2.8999438255534855e+00, 1.0575266314994329e+00,
       9.8031340740516637e-01, 9.3949764570266525e-01,
       3.3249176933432762e+00, 1.0280183820539130e+00,
       1.5799172348291244e+00, 2.7429151397724802e+00,
       2.0835003828877854e+00, 3.0773871420042660e+00,
       1.4775462828933987e+00, 1.4153275473086742e+00,
       1.4549747927945935e+00, 2.7474637584457939e+00,
       1.3671494981050816e+00, 2.7090670168067943e+00,
       1.0974110791654581e+00, 3.3362331299569548e-01,
       2.8308568288908118e+00, 1.1140781862661588e+00,
       9.7876118866055695e-01, 9.3146067649726860e-01,
       1.2317156039281731e+00, 1.0895982651586820e+00,
       1.3113252120661831e+00, 2.8547241929889493e+00,
       3.1264783743378990e+00, 2.4959923706000673e+00,
       1.6968397293805055e+00, 1.9891732302913352e+00,
       1.2358546556664560e+00, 2.9597598642837775e+00,
       1.0720109745105000e+00, 1.5045592816734821e+00,
       2.2364824962989394e+00, 1.6262834060406439e+00,
       2.7498840839428085e+00, 1.5087034612692196e+00,
       1.6248110968149045e+00, 1.3723644270909376e+00,
       2.4192748195102842e+00, 1.3676231514737640e+00,
       1.6026898101729552e+00 ]
intactSigma:
   - !!opencv-matrix
      rows: 9
      cols: 9
      dt: d
      data: [ 1.9305620533121956e-01, 3.4072086129003025e-02,
          -1.2093578287856439e-01, 7.1405026292207631e-03,
          1.1234113001451613e-03, 2.3886255192345773e-02,
          2.6164709862575047e-02, -3.0298776362031026e-03,
          4.3362893880362713e-02, 3.4072086129003039e-02,
          1.9221078876261261e-02, -2.4301486512183008e-02,
          5.1468957744522890e-03, 4.2117108638271743e-03,
          9.7632571604519842e-03, 7.3896294571511641e-03,
          1.3397538345453481e-03, 3.0581406694447050e-02,
          -1.2093578287856439e-01, -2.4301486512183012e-02,
          1.4606978756521857e-01, -2.2539739532681708e-03,
          7.5238484923533045e-03, -1.3063231779698628e-02,
          -1.9136650241501098e-02, 4.6385952998478407e-03,
          -5.5614523695643958e-02, 7.1405026292207649e-03,
          5.1468957744522890e-03, -2.2539739532681700e-03,
          2.1532609189056379e-02, 3.1784019449536604e-03,
          3.6306392717313589e-03, 1.2316384082111276e-03,
          -1.7798477219306392e-03, 3.0789927690403332e-03,
          1.1234113001451617e-03, 4.2117108638271734e-03,
          7.5238484923533045e-03, 3.1784019449536604e-03,
          8.2763197686715931e-02, 7.6913522245541791e-04,
          3.8135964793848441e-03, -2.4373159830972891e-03,
          -5.7179956756728796e-03, 2.3886255192345773e-02,
          9.7632571604519842e-03, -1.3063231779698630e-02,
          3.6306392717313598e-03, 7.6913522245541824e-04,
          5.4945464837907070e-02, 6.9727848174106931e-03,
          7.0804400440866377e-04, -2.5661309502939831e-03,
          2.6164709862575051e-02, 7.3896294571511633e-03,
          -1.9136650241501095e-02, 1.2316384082111276e-03,
          3.8135964793848441e-03, 6.9727848174106931e-03,
          1.5685731166581517e-02, -2.3735091416950409e-03,
          2.2466206795870441e-03, -3.0298776362031026e-03,
          1.3397538345453468e-03, 4.6385952998478364e-03,
          -1.7798477219306392e-03, -2.4373159830972900e-03,
          7.0804400440866366e-04, -2.3735091416950426e-03,
          1.4658473762523688e-01, 4.0531954407711053e-03,
          4.3362893880362713e-02, 3.0581406694447050e-02,
          -5.5614523695643972e-02, 3.0789927690403332e-03,
          -5.7179956756728822e-03, -2.5661309502939835e-03,
          2.2466206795870433e-03, 4.0531954407711018e-03,
          2.0319450100653094e-01 ]
   - !!opencv-matrix
      rows: 9
      cols: 9
      dt: d
      data: [ 6.4187787994888112e-01, 4.0807558978685526e-01,
          2.2703021969718611e-02, 9.7267535609763534e-02,
          2.8274589272682605e-02, 9.4950646077203257e-02,
          -1.0794541530566369e-03, -7.7643288650237757e-02,
          -1.4308114525527363e-01, 4.0807558978685526e-01,
          8.5010980059218300e-01, 8.6168865319979970e-02,
          2.0078535249869894e-01, 1.3296899323006078e-01,
          2.2357671192901338e-01, -2.3267260468857021e-02,
          -2.1568799350815079e-01, -1.5670591837639317e-01,
          2.2703021969718611e-02, 8.6168865319979970e-02,
          7.3528340072191375e-02, 2.0527136930406691e-02,
          2.6234239119553780e-02, 3.7485687698700830e-02,
          -2.1380676674317135e-02, 1.2077199947427569e-02,
          1.8223792558457381e-03, 9.7267535609763534e-02,
          2.0078535249869894e-01, 2.0527136930406684e-02,
          6.7211294937186070e-02, 3.4650124426758924e-02,
          5.6259537715565890e-02, -6.6163825262383928e-03,
          -7.1103818331740537e-02, -3.6586077781710392e-02,
          2.8274589272682615e-02, 1.3296899323006078e-01,
          2.6234239119553780e-02, 3.4650124426758924e-02,
          9.1959994918438204e-02, 4.6133201154457251e-02,
          9.8721863388630217e-04, -2.5966663405577042e-02,
          1.7002787916604825e-02, 9.4950646077203285e-02,
          2.2357671192901338e-01, 3.7485687698700830e-02,
          5.6259537715565890e-02, 4.6133201154457237e-02,
          9.6961892445130982e-02, -1.2993520905548823e-02,
          -5.5983998451716886e-02, -1.6647709849703044e-02,
          -1.0794541530566360e-03, -2.3267260468857021e-02,
          -2.1380676674317131e-02, -6.6163825262383902e-03,
          9.8721863388630260e-04, -1.2993520905548823e-02,
          4.8646302471273842e-02, 1.0337135376964596e-02,
          1.6298966939365778e-02, -7.7643288650237757e-02,
          -2.1568799350815079e-01, 1.2077199947427567e-02,
          -7.1103818331740537e-02, -2.5966663405577042e-02,
          -5.5983998451716886e-02, 1.0337135376964596e-02,
          3.2723446991399641e-01, 1.0129614183351390e-01,
          -1.4308114525527363e-01, -1.5670591837639319e-01,
          1.8223792558457405e-03, -3.6586077781710399e-02,
          1.7002787916604829e-02, -1.6647709849703041e-02,
          1.6298966939365778e-02, 1.0129614183351390e-01,
          2.5593059946965652e-01 ]
   - !!opencv-matrix
      rows: 9
      cols: 9
      dt: d
      data: [ 1.4451033322079412e-01, 3.4120572390583429e-02,
          -9.5169760803961459e-02, 1.3786311528993112e-02,
          1.7624472658485390e-02, 2.5098381715541813e-02,
          5.6035816943366783e-02, 1.6680350509079348e-02,
          8.6790365889977995e-03, 3.4120572390583429e-02,
          2.2553542034807982e-02, -2.3330911447129850e-02,
          9.9883262611341981e-03, 1.4473501812113035e-02,
          1.5774136137479605e-02, 2.7033521281001942e-02,
          9.0318208711717748e-03, 3.5999670171184147e-03,
          -9.5169760803961459e-02, -2.3330911447129850e-02,
          3.5216406584687321e-01, -4.6581745739367091e-03,
          3.7912780469509539e-03, -1.0002284824563924e-02,
          -7.2830652419970110e-02, -3.2478219250479133e-02,
          -1.0292684076281623e-02, 1.3786311528993112e-02,
          9.9883262611341981e-03, -4.6581745739367091e-03,
          1.5147668279182378e-02, 9.2658802667164239e-03,
          1.0416680127971530e-02, 1.2869865603746075e-02,
          3.6812095070115017e-03, -4.5935676456839727e-04,
          1.7624472658485386e-02, 1.4473501812113036e-02,
          3.7912780469509539e-03, 9.2658802667164239e-03,
          8.6575962519473706e-02, 1.0264824374723678e-02,
          1.9098140040330065e-02, 4.5476672996089349e-03,
