%YAML:1.0
---
groups:
   - intact
   - CD19
intactGmmnames:
   - "intact.592.0"
   - "intact.592.1"
   - "intact.592.2"
   - "intact.592.3"
   - "intact.592.4"
intactLabels:
   - FSC-A
   - SSC-A
   - SY41
   - CD19
   - CD10
   - CD20
   - CD45
   - CD34
   - CD38
intactMu: !!opencv-matrix
   rows: 5
   cols: 9
   dt: d
   data: [ 1.0512392175908007e+00, 5.6545910497040641e-01,
       3.1612380191190259e+00, 1.1479913110624578e+00,
       1.0855300169955611e+00, 1.0511584250084580e+00,
       1.3194004946834621e+00, 1.0548505572875855e+00,
       1.5323556454224099e+00, 2.7854113676126397e+00,
       3.4337206164456693e+00, 2.6454337846536040e+00,
       1.6394252850365578e+00, 2.4096182651731328e+00,
       1.3018560611971337e+00, 2.9230695110687042e+00,
       1.0764300768613344e+00, 1.5060780134909741e+00,
       7.0105980705363224e-01, 3.2203125684007000e-01,
       3.0593680023935361e+00, 1.0181527184585009e+00,
       9.0592695065541762e-01, 8.5129982133457471e-01,
       3.2343026365436311e+00, 1.0248449358183993e+00,
       1.5735970058720263e+00, 2.2899259484073542e+00,
       2.2210408400154944e+00, 2.9131835424960855e+00,
       1.5530494320399779e+00, 1.8718959411881189e+00,
       1.5897036884939912e+00, 3.0650394340739044e+00,
       1.2374836932201161e+00, 1.8857287090054107e+00,
       2.1055556480139885e+00, 1.0406178481772408e+00,
       2.8380019228789588e+00, 1.2643137268142390e+00,
       1.1558468226255398e+00, 1.2222980143754456e+00,
       2.5671678624998182e+00, 1.4050000745714297e+00,
       1.9644173998150605e+00 ]
intactSigma:
   - !!opencv-matrix
      rows: 9
      cols: 9
      dt: d
      data: [ 2.9348621296159416e-01, 9.5342648718759762e-02,
          -5.4288218109025198e-02, 3.0194375714957450e-02,
          3.3817071606031583e-02, 8.3868081142087450e-02,
          6.1483393519555264e-02, 1.1750757524030373e-03,
          4.1154371342706853e-03, 9.5342648718759748e-02,
          5.9679129210278230e-02, -3.2549699458964600e-03,
          1.8731544686102043e-02, 2.3527728161705404e-02,
          4.4048523363330282e-02, 3.5749698629917073e-02,
          2.5508107465593319e-03, 2.0127484587591539e-03,
          -5.4288218109025198e-02, -3.2549699458964609e-03,
          6.6221250981153598e-02, 3.4938915231756869e-04,
          8.3971159875182010e-03, -1.0526703108326577e-02,
          -4.9153355982273813e-04, 3.2218844708660744e-03,
          -6.6486854760237836e-04, 3.0194375714957450e-02,
          1.8731544686102039e-02, 3.4938915231756874e-04,
          1.6709881208027012e-02, 9.3248982751093518e-03,
          1.6155029218370379e-02, 1.3026477810742426e-02,
          9.6450828824846404e-04, -3.8998115176030383e-04,
          3.3817071606031583e-02, 2.3527728161705404e-02,
          8.3971159875182010e-03, 9.3248982751093518e-03,
          5.6501662868081698e-02, 1.3603050509898096e-02,
          2.0782100551981823e-02, 1.7970070306806767e-03,
          1.1315739959532052e-03, 8.3868081142087450e-02,
          4.4048523363330282e-02, -1.0526703108326579e-02,
          1.6155029218370375e-02, 1.3603050509898100e-02,
          8.0170600771631462e-02, 3.3092555833907106e-02,
          2.2182991235757937e-03, 1.6548274965161116e-03,
          6.1483393519555250e-02, 3.5749698629917066e-02,
          -4.9153355982273900e-04, 1.3026477810742428e-02,
          2.0782100551981823e-02, 3.3092555833907106e-02,
          1.5709135063887159e-01, -1.3719369781936381e-03,
          1.4915557075727123e-03, 1.1750757524030375e-03,
          2.5508107465593319e-03, 3.2218844708660744e-03,
          9.6450828824846426e-04, 1.7970070306806770e-03,
          2.2182991235757954e-03, -1.3719369781936372e-03,
          2.4509658698255464e-02, 1.6953009177755922e-04,
          4.1154371342706853e-03, 2.0127484587591539e-03,
          -6.6486854760237836e-04, -3.8998115176030383e-04,
          1.1315739959532050e-03, 1.6548274965161116e-03,
          1.4915557075727123e-03, 1.6953009177755922e-04,
          1.3368749305638008e-03 ]
   - !!opencv-matrix
      rows: 9
      cols: 9
      dt: d
      data: [ 4.1724307364561308e-01, 1.0495894042717976e-01,
          5.1110286105263449e-03, 1.8435403414659209e-02,
          -1.4213249332329611e-01, 2.5430078736218220e-02,
          -2.5419222657024048e-02, 5.2202649604771731e-03,
          4.1204258814762180e-03, 1.0495894042717976e-01,
          4.0614324616487851e-01, -5.6633057977852905e-03,
          6.4156161046282204e-02, 1.3751060950365709e-01,
          2.8320242375285857e-02, 3.9569985801843080e-02,
          5.3707438152985221e-03, -1.1809373169474204e-02,
          5.1110286105263449e-03, -5.6633057977852888e-03,
          1.4258931964075256e-02, -1.7442810216443961e-04,
          -1.6407784693944733e-02, 5.0725702816800770e-03,
          -6.3298808069940544e-03, 3.7986550793713388e-04,
          1.2098956902233679e-03, 1.8435403414659209e-02,
          6.4156161046282217e-02, -1.7442810216443947e-04,
          2.4985599279275197e-02, 2.4108324787106356e-02,
          7.1418142575464440e-03, 6.4460337028552570e-03,
          4.5974452571543613e-04, -3.9779530782806938e-03,
          -1.4213249332329611e-01, 1.3751060950365707e-01,
          -1.6407784693944733e-02, 2.4108324787106363e-02,
          6.3613363682279211e-01, 3.0919204122837479e-02,
          1.0931798389825696e-01, 4.8634202545484164e-03,
          -2.0644079025894504e-02, 2.5430078736218217e-02,
          2.8320242375285857e-02, 5.0725702816800770e-03,
          7.1418142575464440e-03, 3.0919204122837475e-02,
          5.0709796334713342e-02, 7.7390647594407051e-03,
          3.4568771342860941e-03, -5.8709084917423513e-04,
          -2.5419222657024045e-02, 3.9569985801843080e-02,
          -6.3298808069940536e-03, 6.4460337028552587e-03,
          1.0931798389825696e-01, 7.7390647594407051e-03,
          3.3908581488020263e-02, -6.4537977619733196e-04,
          -4.8875540147199949e-03, 5.2202649604771723e-03,
          5.3707438152985187e-03, 3.7986550793713420e-04,
          4.5974452571543575e-04, 4.8634202545484164e-03,
          3.4568771342860941e-03, -6.4537977619733206e-04,
          8.6436265264972667e-02, 3.0975564426553734e-04,
          4.1204258814762197e-03, -1.1809373169474204e-02,
          1.2098956902233679e-03, -3.9779530782806938e-03,
          -2.0644079025894504e-02, -5.8709084917423513e-04,
          -4.8875540147199949e-03, 3.0975564426553723e-04,
          5.1864257122567837e-03 ]
   - !!opencv-matrix
      rows: 9
      cols: 9
      dt: d
      data: [ 1.6466047196403100e-01, 1.6127989341578778e-02,
          -7.0313450154075779e-02, -4.2847586650773452e-03,
          -5.8731530099369045e-03, 1.3214525207648044e-02,
          3.1595214669973719e-02, -8.8133602728286339e-03,
          -8.2428618396207590e-03, 1.6127989341578778e-02,
          8.8577340962688322e-03, -5.5564661786454903e-03,
          1.5573855488894698e-03, 2.5578070389285453e-03,
          8.4707647352206417e-03, 5.9804048411479039e-03,
          2.5040967764931497e-04, -1.5512318179847810e-03,
          -7.0313450154075793e-02, -5.5564661786454903e-03,
          3.9393554380100025e-02, 2.8309487288116580e-03,
          4.7664118695940148e-03, -2.8063319183215321e-03,
          -1.3194801715497185e-02, 4.4957205434475248e-03,
          2.6934145342415029e-03, -4.2847586650773452e-03,
          1.5573855488894694e-03, 2.8309487288116580e-03,
          1.6921851613502653e-02, 1.9339004407740860e-03,
          2.4884045179326994e-03, -1.9388701957425830e-03,
          -1.1496169793572815e-03, -1.2647811042230954e-03,
          -5.8731530099369045e-03, 2.5578070389285462e-03,
          4.7664118695940139e-03, 1.9339004407740853e-03,
          4.9142739844395378e-02, -2.4647167455030738e-03,
          -2.1351867430905862e-04, -1.8324646886002092e-03,
