%YAML:1.0
---
groups:
   - intact
   - CD19
intactGmmnames:
   - "intact.593.0"
   - "intact.593.1"
   - "intact.593.2"
   - "intact.593.3"
   - "intact.593.4"
intactLabels:
   - FSC-A
   - SSC-A
   - SY41
   - CD19
   - CD10
   - CD20
   - CD45
   - CD34
   - CD38
intactMu: !!opencv-matrix
   rows: 5
   cols: 9
   dt: d
   data: [ 2.6150594948573378e+00, 2.4023259295646278e+00,
       2.9739026416121539e+00, 1.6997734503252273e+00,
       1.8595294283818367e+00, 1.8252634174104594e+00,
       2.8227718935848429e+00, 1.3314771180578020e+00,
       1.9840066406458108e+00, 2.6681361329928173e+00,
       3.2845324951822787e+00, 2.7900291980269882e+00,
       1.6897600203158691e+00, 2.2795192368571868e+00,
       1.3495513889891149e+00, 2.9755545957456691e+00,
       1.0631465876788073e+00, 1.6994249207179457e+00,
       1.3556148143844295e+00, 4.9310560288459721e-01,
       2.9828284213906007e+00, 1.1379201700594801e+00,
       1.0611105445430413e+00, 1.1440004255267058e+00,
       1.3082452201331813e+00, 1.0248598005946132e+00,
       1.6599261740641897e+00, 1.1173503797962250e+00,
       3.8909195562970467e-01, 2.9856994229711367e+00,
       1.0199299014517675e+00, 8.5786265122291472e-01,
       8.8732486932180854e-01, 3.2347076848398841e+00,
       9.8921029926654602e-01, 1.8117528025853011e+00,
       2.7203046845037329e+00, 2.5546301062467438e+00,
       2.8610634420067962e+00, 2.0470202413671386e+00,
       2.0981293252082098e+00, 2.2758877956026957e+00,
       2.1640447096724258e+00, 1.4076100581924322e+00,
       1.7474573100227313e+00 ]
intactSigma:
   - !!opencv-matrix
      rows: 9
      cols: 9
      dt: d
      data: [ 6.1229306964838259e-01, 4.6036324835887477e-01,
          1.9196517524818862e-02, 9.3935273772345743e-02,
          6.6536829483731186e-02, 7.2230519604317214e-02,
          -5.4371282725537316e-03, 3.3142752602349689e-02,
          2.2551000936225092e-02, 4.6036324835887477e-01,
          1.1558598039944699e+00, 1.9763077312545865e-02,
          2.2947216034199464e-01, 2.7697689066197528e-01,
          1.7788112834414588e-01, -2.1634908729246644e-02,
          5.5583676151865283e-02, 1.6665817483628234e-02,
          1.9196517524818862e-02, 1.9763077312545858e-02,
          6.1336786493056780e-02, -8.3196726840564332e-03,
          -2.6346223845161641e-02, -1.5371382492449827e-02,
          5.5256761660019233e-03, -3.5885725716734221e-03,
          1.4337538738804443e-02, 9.3935273772345743e-02,
          2.2947216034199464e-01, -8.3196726840564332e-03,
          1.3657910974089910e-01, 1.3563934090549873e-01,
          1.3574089235920941e-01, -1.5889074572254643e-02,
          4.3922771932898431e-02, -1.3044235243218107e-02,
          6.6536829483731186e-02, 2.7697689066197534e-01,
          -2.6346223845161641e-02, 1.3563934090549873e-01,
          4.2472032731068093e-01, 1.8288642316496673e-01,
          -8.5453993429848839e-03, 7.5124633151572390e-02,
          -5.7385513882659556e-02, 7.2230519604317200e-02,
          1.7788112834414588e-01, -1.5371382492449827e-02,
          1.3574089235920944e-01, 1.8288642316496673e-01,
          2.2364828203442119e-01, 8.9650004856081655e-03,
          7.2729117812659783e-02, -1.7414296108395674e-02,
          -5.4371282725537316e-03, -2.1634908729246647e-02,
          5.5256761660019259e-03, -1.5889074572254639e-02,
          -8.5453993429848839e-03, 8.9650004856081655e-03,
          2.2928393064563152e-01, -3.6732590535587285e-03,
          1.5299880459243746e-02, 3.3142752602349689e-02,
          5.5583676151865262e-02, -3.5885725716734230e-03,
          4.3922771932898425e-02, 7.5124633151572390e-02,
          7.2729117812659783e-02, -3.6732590535587285e-03,
          2.6056058483052430e-01, 5.1957757226857193e-02,
          2.2551000936225103e-02, 1.6665817483628234e-02,
          1.4337538738804443e-02, -1.3044235243218107e-02,
          -5.7385513882659556e-02, -1.7414296108395681e-02,
          1.5299880459243746e-02, 5.1957757226857186e-02,
          1.4825976353233949e-01 ]
   - !!opencv-matrix
      rows: 9
      cols: 9
      dt: d
      data: [ 3.0440627703737955e-01, 1.2465981436828764e-01,
          -1.2724292610121050e-03, 2.5202687966241439e-02,
          -4.4143575463613124e-02, 2.5615894936443159e-02,
          -5.2782295798781218e-03, 5.2086826649238686e-03,
          4.0927105011427075e-03, 1.2465981436828764e-01,
          4.1598630674275267e-01, -1.4379980251266436e-03,
          7.2598728635258528e-02, 1.0484441319612224e-01,
          4.7073532928039313e-02, 3.3676061062344262e-02,
          1.1074835888714569e-02, -9.0765106905781458e-04,
          -1.2724292610121059e-03, -1.4379980251266436e-03,
          9.2059694010709903e-03, 8.8889515044955484e-04,
          -4.9918024261714480e-03, 2.6423234406820354e-03,
          -3.3200267332094808e-03, 3.2905659308640143e-04,
          3.5521771474177787e-04, 2.5202687966241439e-02,
          7.2598728635258514e-02, 8.8889515044955473e-04,
          2.8265732194698450e-02, 1.9909602901210292e-02,
          1.2476259279781205e-02, 5.5939336081571476e-03,
          1.5753694688727966e-03, -1.6150896900566421e-03,
          -4.4143575463613138e-02, 1.0484441319612224e-01,
          -4.9918024261714454e-03, 1.9909602901210296e-02,
          4.9240770299581488e-01, 2.7542222403056715e-02,
          7.8196382114063767e-02, 8.2392357157888025e-03,
          -1.7474516876181057e-02, 2.5615894936443159e-02,
          4.7073532928039313e-02, 2.6423234406820354e-03,
          1.2476259279781203e-02, 2.7542222403056715e-02,
          5.9280103491981151e-02, 8.9940458621089268e-03,
          5.2397559114328749e-03, -2.7542493863453471e-04,
          -5.2782295798781227e-03, 3.3676061062344262e-02,
          -3.3200267332094808e-03, 5.5939336081571476e-03,
          7.8196382114063767e-02, 8.9940458621089268e-03,
          2.6343270673304435e-02, -5.3073776464025496e-04,
          -3.3418222204246676e-03, 5.2086826649238738e-03,
          1.1074835888714574e-02, 3.2905659308640165e-04,
          1.5753694688727966e-03, 8.2392357157888042e-03,
          5.2397559114328741e-03, -5.3073776464025518e-04,
          1.1304676256282629e-01, 1.9623540574678752e-04,
          4.0927105011427075e-03, -9.0765106905781425e-04,
          3.5521771474177771e-04, -1.6150896900566421e-03,
          -1.7474516876181054e-02, -2.7542493863453471e-04,
          -3.3418222204246676e-03, 1.9623540574678760e-04,
          4.2634627895695009e-03 ]
   - !!opencv-matrix
      rows: 9
      cols: 9
      dt: d
      data: [ 1.8904949556576589e-01, 4.3115481676033081e-02,
          -2.0993729964146064e-04, 1.4220703331707572e-02,
          1.6354027213604922e-02, 2.5091836770968549e-02,
          1.7084069173871508e-02, 4.7286275446405132e-03,
          9.5358503994124612e-04, 4.3115481676033081e-02,
          5.4089122108615613e-02, 7.0478176035807171e-03,
          2.2121275116629247e-02, 3.2721294600166866e-02,
          4.9476957915798210e-02, 5.0331271048636696e-02,
          6.2134230942939355e-03, 1.4340144306215251e-03,
          -2.0993729964146026e-04, 7.0478176035807163e-03,
          5.7449037388473109e-02, 4.0920502484840665e-03,
          6.1861967747131675e-03, 5.8043846319869403e-03,
          8.5614367063176593e-03, 1.7990906086694297e-03,
          3.5918881564600791e-04, 1.4220703331707572e-02,
          2.2121275116629247e-02, 4.0920502484840665e-03,
          2.4695416717922886e-02, 2.0938414796271978e-02,
          3.0026201247316222e-02, 2.6029811779488612e-02,
          2.7474342512363832e-03, 7.6453145210573229e-05,
          1.6354027213604929e-02, 3.2721294600166866e-02,
          6.1861967747131692e-03, 2.0938414796271978e-02,
          9.2158333023343836e-02, 4.4532458547747254e-02,
          4.3204364185328088e-02, 5.3804409426167089e-03,
