%YAML:1.0
---
groups:
   - intact
   - CD19
intactGmmnames:
   - "intact.594.0"
   - "intact.594.1"
   - "intact.594.2"
   - "intact.594.3"
   - "intact.594.4"
intactLabels:
   - FSC-A
   - SSC-A
   - SY41
   - CD19
   - CD10
   - CD20
   - CD45
   - CD34
   - CD38
intactMu: !!opencv-matrix
   rows: 5
   cols: 9
   dt: d
   data: [ 6.8305681836390653e-01, 2.3109552167190495e-01,
       3.1912787501803246e+00, 1.0145610747946117e+00,
       8.2551874198104724e-01, 8.0509658651022120e-01,
       3.1880306105535134e+00, 9.7628150224539023e-01,
       1.4548862334764499e+00, 3.2554446263067098e+00,
       2.4645120027816185e+00, 2.6626568367022165e+00,
       1.5756113953331388e+00, 1.1057124394705402e+00,
       1.1541356091785988e+00, 2.7044882422374612e+00,
       1.0058260745132259e+00, 1.5553829715696785e+00,
       2.5117729909265782e+00, 2.2320137627684260e+00,
       2.8134372098976068e+00, 1.5097036303864402e+00,
       2.2051542155761932e+00, 1.0784281451128395e+00,
       2.5663318042923842e+00, 1.0332048729400878e+00,
       1.3903043418830008e+00, 2.2714147410621446e+00,
       1.4354197640143529e+00, 2.8795320011651220e+00,
       1.3523866442806609e+00, 1.2361405037136965e+00,
       1.3014311535545291e+00, 2.9690154554836576e+00,
       1.2259144713344108e+00, 2.2000833277010687e+00,
       1.0212470059947252e+00, 3.6433882452126515e-01,
       3.1132306340732079e+00, 1.0826806354987939e+00,
       9.6031418848098404e-01, 9.2950246219338972e-01,
       1.1811190771634976e+00, 1.0434506273431123e+00,
       1.3771181704394426e+00 ]
intactSigma:
   - !!opencv-matrix
      rows: 9
      cols: 9
      dt: d
      data: [ 1.1093451443366056e-01, 8.2260304069793882e-03,
          -4.8986941748769192e-02, -4.0870167836926860e-03,
          -1.9573260543543432e-03, 1.6953673922111896e-02,
          2.7696327597763318e-02, -6.1912926666874103e-03,
          -5.6946774425034874e-03, 8.2260304069793882e-03,
          6.1661211976866232e-03, -2.0686833709538648e-03,
          1.6703859659393937e-03, 3.4485445535434671e-03,
          7.0040843705613549e-03, 3.9419454945269173e-03,
          5.7197992480468945e-04, -1.4325020247667856e-03,
          -4.8986941748769192e-02, -2.0686833709538648e-03,
          3.4527334753632968e-02, 3.0258519851075550e-03,
          3.4843949974056798e-03, -4.8474641661617858e-03,
          -1.1433517914637745e-02, 4.4280691243755920e-03,
          1.2797547663309684e-03, -4.0870167836926877e-03,
          1.6703859659393933e-03, 3.0258519851075550e-03,
          1.5502365436154224e-02, 2.5411354597102845e-03,
          2.3360941246924729e-03, -1.7791643543607100e-03,
          -1.0195598067152555e-03, -2.1998984527734130e-03,
          -1.9573260543543432e-03, 3.4485445535434676e-03,
          3.4843949974056798e-03, 2.5411354597102841e-03,
          5.9812983808395309e-02, -9.6325629132763065e-04,
          3.8135945079783841e-04, -3.2605906250401705e-03,
          -1.9948681495235245e-03, 1.6953673922111900e-02,
          7.0040843705613549e-03, -4.8474641661617850e-03,
          2.3360941246924733e-03, -9.6325629132763097e-04,
          5.6850041298906334e-02, 8.1573006417069160e-03,
          1.0794313153863397e-03, -4.6351306931018783e-03,
          2.7696327597763321e-02, 3.9419454945269173e-03,
          -1.1433517914637745e-02, -1.7791643543607100e-03,
          3.8135945079783797e-04, 8.1573006417069160e-03,
          1.8380359188949130e-02, -4.6983029684612302e-03,
          -2.6214354351783301e-03, -6.1912926666874120e-03,
          5.7197992480468901e-04, 4.4280691243755920e-03,
          -1.0195598067152555e-03, -3.2605906250401696e-03,
          1.0794313153863406e-03, -4.6983029684612310e-03,
          1.3589240690734142e-01, 2.0907888293036567e-03,
          -5.6946774425034874e-03, -1.4325020247667863e-03,
          1.2797547663309678e-03, -2.1998984527734130e-03,
          -1.9948681495235250e-03, -4.6351306931018766e-03,
          -2.6214354351783310e-03, 2.0907888293036567e-03,
          1.8208842297824327e-02 ]
   - !!opencv-matrix
      rows: 9
      cols: 9
      dt: d
      data: [ 3.3973633284912158e-01, 8.2102844949265771e-02,
          3.7966999527236873e-02, 2.0398535947838057e-02,
          3.2117974465775016e-02, 5.4894814470637356e-02,
          -1.3889542446491531e-02, 6.1063532030650432e-03,
          3.1350482740926222e-02, 8.2102844949265771e-02,
          4.6842399468303736e-01, -7.3950468860453325e-02,
          9.6993844577140637e-02, 5.3551339975876508e-02,
          3.2848279810142822e-02, 5.7762350139055126e-02,
          6.1668474370113139e-03, -2.3805132325032275e-02,
          3.7966999527236880e-02, -7.3950468860453325e-02,
          1.3180443163746269e-01, -1.4860419617207736e-02,
          3.4837761351497343e-03, 1.3503203636448800e-02,
          -2.6371732983969075e-02, 2.1512583555462726e-03,
          2.4764521850728624e-02, 2.0398535947838057e-02,
          9.6993844577140637e-02, -1.4860419617207736e-02,
          3.3497136450746194e-02, 1.1761885693921507e-02,
          7.8606916579368157e-03, 1.1899977281442990e-02,
          4.6687299555806823e-04, -7.6980016003002725e-03,
          3.2117974465775023e-02, 5.3551339975876508e-02,
          3.4837761351497352e-03, 1.1761885693921507e-02,
          7.2475572124251167e-02, 9.9988528031908271e-03,
          5.5571797450828199e-03, 4.4253474314368533e-04,
          3.5837506839679857e-03, 5.4894814470637356e-02,
          3.2848279810142822e-02, 1.3503203636448800e-02,
          7.8606916579368157e-03, 9.9988528031908271e-03,
          5.3939911830363937e-02, -3.9484954847305567e-03,
          2.7161072524396999e-03, 1.5683444318229402e-02,
          -1.3889542446491529e-02, 5.7762350139055112e-02,
          -2.6371732983969075e-02, 1.1899977281442990e-02,
          5.5571797450828225e-03, -3.9484954847305567e-03,
          2.6390580524764607e-02, -2.4767994265152563e-03,
          -1.1114211686590793e-02, 6.1063532030650432e-03,
          6.1668474370113182e-03, 2.1512583555462726e-03,
          4.6687299555806780e-04, 4.4253474314368549e-04,
          2.7161072524396986e-03, -2.4767994265152563e-03,
          6.9318602411780422e-02, 1.2070693863959821e-03,
          3.1350482740926222e-02, -2.3805132325032275e-02,
          2.4764521850728624e-02, -7.6980016003002734e-03,
          3.5837506839679857e-03, 1.5683444318229402e-02,
          -1.1114211686590793e-02, 1.2070693863959819e-03,
          3.7657263080650483e-02 ]
   - !!opencv-matrix
      rows: 9
      cols: 9
      dt: d
      data: [ 5.6149185850962702e-01, 4.4241319751655184e-01,
          -8.1265691660945535e-02, 9.6703763165479018e-02,
          1.8145918813798859e-01, 3.5422753706194687e-02,
          1.9711941320430698e-01, -1.6261131590267345e-03,
          -9.7191350891899456e-03, 4.4241319751655195e-01,
          7.8434308818915532e-01, -5.2848058975898254e-02,
          1.7002664896949066e-01, 3.9724161006452263e-01,
          3.7097696870894356e-02, 3.0096219926457646e-01,
          -1.6049170130581351e-03, -3.5122260431202541e-02,
          -8.1265691660945535e-02, -5.2848058975898282e-02,
          1.9928727546694130e-01, -7.5842409663267642e-03,
          -2.1964977860870667e-02, 6.3181738024577555e-03,
          -6.4154522711795101e-02, 7.6623339144504072e-03,
          -5.9661838417037621e-03, 9.6703763165479018e-02,
          1.7002664896949066e-01, -7.5842409663267642e-03,
          5.1054908288767534e-02, 8.8572431404316629e-02,
          1.0518293444512137e-02, 6.3249728417171788e-02,
          1.1928077818438578e-03, -1.1850601994024998e-02,
          1.8145918813798859e-01, 3.9724161006452258e-01,
          -2.1964977860870667e-02, 8.8572431404316629e-02,
          5.5223809552834735e-01, 5.3608099742405270e-03,
          2.6457773126363099e-01, -7.3746592283077698e-03,
