%YAML:1.0
---
groups:
   - intact
   - CD19
intactGmmnames:
   - "intact.595.0"
   - "intact.595.1"
   - "intact.595.2"
   - "intact.595.3"
   - "intact.595.4"
intactLabels:
   - FSC-A
   - SSC-A
   - SY41
   - CD19
   - CD10
   - CD20
   - CD45
   - CD34
   - CD38
intactMu: !!opencv-matrix
   rows: 5
   cols: 9
   dt: d
   data: [ 3.1415509144757152e+00, 3.0080788837251560e+00,
       3.1030996949516871e+00, 1.4766891468804928e+00,
       1.0368907878240308e+00, 1.0703221252274673e+00,
       2.7511834027483624e+00, 1.0072473426867179e+00,
       1.7139470111283834e+00, 9.6780852718001054e-01,
       3.5918922087411281e-01, 3.1926709899321275e+00,
       9.8302354439902062e-01, 7.7322857797490729e-01,
       7.8666735415311340e-01, 3.2928569778667951e+00,
       9.5422120235128638e-01, 1.4392801525139074e+00,
       2.1083179440708011e+00, 2.0786872674023495e+00,
       3.2131111537875432e+00, 1.3185309596796269e+00,
       1.2923435527083551e+00, 1.0995005900652637e+00,
       2.8186283202273050e+00, 1.2624190315354165e+00,
       2.0752819349498273e+00, 1.2090541102101438e+00,
       4.8834985777966838e-01, 3.3349879419617539e+00,
       1.0398498534941070e+00, 8.7434183136159249e-01,
       8.1844218253130530e-01, 1.0537037811482164e+00,
       1.0159561015188934e+00, 1.3544209524828137e+00,
       3.0899844814975395e+00, 3.3760358091782061e+00,
       3.0102787367742438e+00, 1.5178749766325443e+00,
       2.0043418436398892e+00, 9.9583580708226194e-01,
       2.9349594749703480e+00, 1.0231431638676760e+00,
       1.4615957836968951e+00 ]
intactSigma:
   - !!opencv-matrix
      rows: 9
      cols: 9
      dt: d
      data: [ 3.5362174009035369e-01, 1.6657252582558837e-01,
          3.2032524202841361e-02, 2.8735369021517299e-02,
          3.0591063114288063e-02, 4.1727214433501622e-02,
          -7.2244600511576279e-03, 7.1956324009137583e-03,
          3.7433443531246134e-02, 1.6657252582558837e-01,
          4.9119716630144650e-01, 1.4668963286830991e-02,
          7.9036879292545742e-02, 4.1496686617408234e-02,
          5.1773561168283515e-02, 3.0397993523979087e-02,
          3.7988536936641223e-03, 2.2004462095599999e-02,
          3.2032524202841361e-02, 1.4668963286830997e-02,
          1.5199391680706890e-02, 2.3017181355109544e-03,
          8.0238689487726628e-03, 1.3604405256172304e-02,
          -7.0072838962704758e-03, 1.9292823090075772e-03,
          1.7607525656620306e-02, 2.8735369021517299e-02,
          7.9036879292545742e-02, 2.3017181355109535e-03,
          2.5965168173642240e-02, 7.4468915896134550e-03,
          8.5682240500882315e-03, 4.4870890646241711e-03,
          -5.6629765541913637e-05, 3.6831797815251846e-04,
          3.0591063114288053e-02, 4.1496686617408240e-02,
          8.0238689487726646e-03, 7.4468915896134550e-03,
          5.1261343656927388e-02, 1.2981919271960261e-02,
          -1.1505109247271638e-03, -3.1189486118371939e-04,
          1.4927166021977196e-02, 4.1727214433501615e-02,
          5.1773561168283515e-02, 1.3604405256172300e-02,
          8.5682240500882315e-03, 1.2981919271960256e-02,
          4.7879316454152658e-02, -5.5786169894672666e-03,
          2.5345101823891938e-03, 2.5526321501096821e-02,
          -7.2244600511576270e-03, 3.0397993523979087e-02,
          -7.0072838962704758e-03, 4.4870890646241711e-03,
          -1.1505109247271640e-03, -5.5786169894672666e-03,
          2.3400014492867650e-02, -3.3365568746815625e-03,
          -1.1584389985690917e-02, 7.1956324009137583e-03,
          3.7988536936641244e-03, 1.9292823090075765e-03,
          -5.6629765541913623e-05, -3.1189486118371939e-04,
          2.5345101823891934e-03, -3.3365568746815634e-03,
          5.3122353104864808e-02, 2.8863367404491675e-03,
          3.7433443531246127e-02, 2.2004462095599999e-02,
          1.7607525656620306e-02, 3.6831797815251868e-04,
          1.4927166021977196e-02, 2.5526321501096821e-02,
          -1.1584389985690922e-02, 2.8863367404491692e-03,
          6.3282643284395007e-02 ]
   - !!opencv-matrix
      rows: 9
      cols: 9
      dt: d
      data: [ 1.3959473011703055e-01, 1.9467905170789394e-02,
          -6.8674164046568981e-02, -1.9959600417538310e-03,
          4.1974948632797484e-03, 2.8850056084872958e-02,
          2.1997870192068218e-02, -4.4265796276539114e-03,
          -1.3549000208947703e-02, 1.9467905170789390e-02,
          1.2102526810331421e-02, -8.3856901054280286e-03,
          1.3558232459855895e-03, 3.2377568656468425e-03,
          8.6460685279067077e-03, 6.0339465812569611e-03,
          3.4144637634590607e-04, -3.5014517321196471e-03,
          -6.8674164046568995e-02, -8.3856901054280286e-03,
          4.9146189339464803e-02, 2.0425741677557552e-03,
          -6.3996345426021355e-04, -1.5638838006400362e-02,
          -1.0838545270705954e-02, 3.5889516254380763e-03,
          6.3920386363229874e-03, -1.9959600417538310e-03,
          1.3558232459855899e-03, 2.0425741677557552e-03,
          1.5356481564148249e-02, 7.6463385427021882e-04,
          6.7436375019345595e-04, -1.0622108123670715e-03,
          -1.7676892571848986e-03, -2.5476531816881519e-03,
          4.1974948632797484e-03, 3.2377568656468425e-03,
          -6.3996345426021387e-04, 7.6463385427021937e-04,
          4.4196258580314875e-02, -1.1174134431655260e-03,
          1.3729292836919024e-03, -4.4944878589625540e-03,
          -2.4136847435118356e-03, 2.8850056084872951e-02,
          8.6460685279067060e-03, -1.5638838006400362e-02,
          6.7436375019345616e-04, -1.1174134431655260e-03,
          4.0177489954628214e-02, 7.1019426920913807e-03,
          -1.0930415975204603e-03, -6.4417102605566967e-03,
          2.1997870192068215e-02, 6.0339465812569611e-03,
          -1.0838545270705954e-02, -1.0622108123670710e-03,
          1.3729292836919028e-03, 7.1019426920913807e-03,
          1.1321471956661562e-02, -3.1018530985104254e-03,
          -4.1746078421419398e-03, -4.4265796276539114e-03,
          3.4144637634590607e-04, 3.5889516254380763e-03,
          -1.7676892571848986e-03, -4.4944878589625557e-03,
          -1.0930415975204603e-03, -3.1018530985104254e-03,
          1.3211519688152268e-01, 2.4830070875692207e-03,
          -1.3549000208947703e-02, -3.5014517321196471e-03,
          6.3920386363229874e-03, -2.5476531816881515e-03,
          -2.4136847435118360e-03, -6.4417102605566949e-03,
          -4.1746078421419390e-03, 2.4830070875692207e-03,
          2.9332281652372384e-02 ]
   - !!opencv-matrix
      rows: 9
      cols: 9
      dt: d
      data: [ 4.9105820622928492e-01, 4.3054016667517347e-01,
          2.6177980263918921e-02, 8.8027496494853877e-02,
          7.9840090824701129e-02, 8.2959452540566123e-02,
          -2.3379287730818158e-02, 9.2451733172638686e-03,
          -6.3201313357495029e-02, 4.3054016667517342e-01,
          8.9607176223442808e-01, 2.1690052324366150e-02,
          1.6437986011459729e-01, 1.5776053234533782e-01,
          1.3332440220607733e-01, -2.6547023111514141e-02,
          -3.0877651734132896e-02, -3.7696097851881230e-02,
          2.6177980263918932e-02, 2.1690052324366146e-02,
          9.4690512629284962e-02, 1.2162535768933686e-02,
          3.7986434543530498e-02, 1.0986038946046569e-03,
          9.2365080036343398e-04, -2.8487816910129126e-03,
          -4.8074896263154997e-02, 8.8027496494853877e-02,
          1.6437986011459729e-01, 1.2162535768933686e-02,
          6.5712523223487695e-02, 3.9719192152885927e-02,
          4.3612600763198089e-02, -9.5566271359877469e-03,
          -1.6867598473913458e-02, -3.0597935736880921e-02,
          7.9840090824701143e-02, 1.5776053234533782e-01,
          3.7986434543530498e-02, 3.9719192152885920e-02,
          3.1747322293181413e-01, 2.3451531141598887e-02,
          -1.5193815200615836e-03, -1.4914049983234831e-02,
