%YAML:1.0
---
groups:
   - intact
   - CD19
intactGmmnames:
   - "intact.609.0"
   - "intact.609.1"
   - "intact.609.2"
   - "intact.609.3"
   - "intact.609.4"
intactLabels:
   - FSC-A
   - SSC-A
   - SY41
   - CD19
   - CD10
   - CD20
   - CD45
   - CD34
   - CD38
intactMu: !!opencv-matrix
   rows: 5
   cols: 9
   dt: d
   data: [ 1.9342054101140893e+00, 2.1475636992233227e+00,
       2.2433032617008211e+00, 1.3870665848874650e+00,
       1.3635394558424230e+00, 1.3465963379311574e+00,
       2.7057307521190488e+00, 1.3894317260578868e+00,
       2.0618662381715240e+00, 1.3967045212511748e+00,
       1.3929009895918343e+00, 1.6865487277470599e+00,
       1.3163899352922497e+00, 1.1152812890632866e+00,
       1.2561216269694966e+00, 2.2376670914203314e+00,
       1.4665323033426627e+00, 1.8067512453114845e+00,
       1.2077715217585090e+00, 5.5915923706507897e-01,
       2.3241027333757907e+00, 1.0796578712408744e+00,
       1.0078022052066131e+00, 9.3341232059890578e-01,
       1.1010518981037849e+00, 1.0558501124332635e+00,
       1.4327220044270088e+00, 2.2579142400819530e+00,
       3.5644675586153127e+00, 2.4386512688957671e+00,
       1.5012335509736578e+00, 2.2488677766261169e+00,
       1.1617587657789927e+00, 2.6617519482874537e+00,
       1.1356115404552547e+00, 1.5495382217307179e+00,
       1.0567435356230048e+00, 6.1233072824871448e-01,
       2.1371565029096535e+00, 1.0341812448281158e+00,
       9.4043006697358678e-01, 9.0564353544997445e-01,
       3.3590691437595006e+00, 1.0292914694423674e+00,
       1.7411641584320319e+00 ]
intactSigma:
   - !!opencv-matrix
      rows: 9
      cols: 9
      dt: d
      data: [ 7.6335985422856745e-01, 3.2829020345827664e-01,
          -6.1115032031074292e-03, 6.8641112360974893e-02,
          5.9006557963987405e-02, 1.0190858140188663e-01,
          1.4786676962483633e-01, 3.5389640081415867e-02,
          3.4762634164075081e-02, 3.2829020345827664e-01,
          1.0383132046309287e+00, 1.7947796175475175e-02,
          1.6855757803938218e-01, 7.6488634286457163e-02,
          1.0198326618401382e-01, 1.3574033647902273e-02,
          3.7263953775580429e-02, 7.1916023909371282e-02,
          -6.1115032031074309e-03, 1.7947796175475175e-02,
          1.8534481104549946e-01, 6.8560074366939795e-03,
          3.4512199331455669e-02, 5.4939256425157457e-02,
          7.0975650293407466e-02, 2.4408898255648296e-02,
          3.2493651999039648e-02, 6.8641112360974893e-02,
          1.6855757803938218e-01, 6.8560074366939795e-03,
          9.6814769769033665e-02, 2.9836417532767768e-02,
          6.4955289377320063e-02, -3.2149094044568280e-03,
          3.8801043435384816e-03, 4.2722830496893542e-03,
          5.9006557963987405e-02, 7.6488634286457163e-02,
          3.4512199331455669e-02, 2.9836417532767768e-02,
          2.1007101543028073e-01, 9.1080499291456340e-02,
          7.1597230226323541e-02, 6.6922464977597879e-02,
          5.2107988416575830e-02, 1.0190858140188659e-01,
          1.0198326618401382e-01, 5.4939256425157464e-02,
          6.4955289377320063e-02, 9.1080499291456340e-02,
          1.7692273780730405e-01, 1.0472012635251748e-01,
          6.7450775487097978e-02, 4.8252961956320839e-02,
          1.4786676962483630e-01, 1.3574033647902268e-02,
          7.0975650293407466e-02, -3.2149094044568280e-03,
          7.1597230226323541e-02, 1.0472012635251748e-01,
          6.1639027128550283e-01, 4.3818923365278102e-02,
          2.1556353683774473e-01, 3.5389640081415860e-02,
          3.7263953775580443e-02, 2.4408898255648296e-02,
          3.8801043435384825e-03, 6.6922464977597879e-02,
          6.7450775487097978e-02, 4.3818923365278088e-02,
          2.6681836678785753e-01, 9.0912661044684595e-02,
          3.4762634164075067e-02, 7.1916023909371282e-02,
          3.2493651999039655e-02, 4.2722830496893568e-03,
          5.2107988416575830e-02, 4.8252961956320839e-02,
          2.1556353683774473e-01, 9.0912661044684595e-02,
          3.2588929179367221e-01 ]
   - !!opencv-matrix
      rows: 9
      cols: 9
      dt: d
      data: [ 2.0880261182250526e-01, 1.6821752467061224e-01,
          4.9895979477822990e-02, 4.0795255536340523e-02,
          3.2437080615688944e-02, 5.7341988835980684e-02,
          6.0565129977957564e-02, 5.0601471447297541e-02,
          4.7466412050481195e-02, 1.6821752467061224e-01,
          3.5507836863448522e-01, 9.6019620911209233e-02,
          7.9156931898156910e-02, 5.9298562679729577e-02,
          1.1098980361249910e-01, 1.1666796884544563e-01,
          9.0003296730242779e-02, 8.9688590362396084e-02,
          4.9895979477822983e-02, 9.6019620911209205e-02,
          3.5111863532250279e-02, 2.2820704480366834e-02,
          1.7477410010046317e-02, 3.3426641932249181e-02,
          3.4688649952793887e-02, 2.6927610813258108e-02,
          2.6267455784327584e-02, 4.0795255536340516e-02,
          7.9156931898156924e-02, 2.2820704480366834e-02,
          2.9768257343547894e-02, 1.3995378096516329e-02,
          2.6086106873725898e-02, 2.7054797521903012e-02,
          2.0157156500531154e-02, 1.9526925308059655e-02,
          3.2437080615688944e-02, 5.9298562679729577e-02,
          1.7477410010046313e-02, 1.3995378096516331e-02,
          2.8901913777446841e-02, 1.7287471247882900e-02,
          2.1102982832824184e-02, 1.6244049514781689e-02,
          1.6416647678827785e-02, 5.7341988835980684e-02,
          1.1098980361249910e-01, 3.3426641932249174e-02,
          2.6086106873725905e-02, 1.7287471247882900e-02,
          5.9300343721241128e-02, 4.0215352132774718e-02,
          3.0583757283497544e-02, 3.0337254555834376e-02,
          6.0565129977957564e-02, 1.1666796884544563e-01,
          3.4688649952793887e-02, 2.7054797521903012e-02,
          2.1102982832824184e-02, 4.0215352132774725e-02,
          6.2257373771537207e-02, 3.2414079809998317e-02,
          3.3887952500875632e-02, 5.0601471447297541e-02,
          9.0003296730242766e-02, 2.6927610813258115e-02,
          2.0157156500531154e-02, 1.6244049514781689e-02,
          3.0583757283497531e-02, 3.2414079809998317e-02,
          9.0603611091149727e-02, 2.7160994018861254e-02,
          4.7466412050481202e-02, 8.9688590362396070e-02,
          2.6267455784327584e-02, 1.9526925308059655e-02,
          1.6416647678827785e-02, 3.0337254555834376e-02,
          3.3887952500875632e-02, 2.7160994018861254e-02,
          3.7422773866799729e-02 ]
   - !!opencv-matrix
      rows: 9
      cols: 9
      dt: d
      data: [ 3.7818388739222120e-01, 1.0364398584446345e-01,
          -1.1152468254452513e-01, 2.2263842676838213e-02,
          1.6495951263754759e-02, 4.6067522946005655e-02,
          2.8603186004822503e-02, 1.4084230802669285e-04,
          2.5796948689404925e-03, 1.0364398584446345e-01,
          1.0209644211401178e-01, 9.0932387857870136e-03,
          2.2262721170918376e-02, 2.1187019615729014e-02,
          5.3235796827573741e-02, 5.1700900953072441e-02,
          6.8479743963548584e-03, 5.7317401415827047e-03,
          -1.1152468254452513e-01, 9.0932387857870171e-03,
          2.7567187050921815e-01, 3.9292023773694427e-03,
          1.3662655100833551e-02, 1.7504207545703487e-02,
          3.2870586245720271e-02, 8.7912283503715858e-03,
          2.7532931919793577e-03, 2.2263842676838213e-02,
          2.2262721170918369e-02, 3.9292023773694409e-03,
          1.0886330858067124e-02, 5.2190998614934803e-03,
          1.3053327108745015e-02, 1.2409861444862452e-02,
          1.6345126884780539e-03, 5.9940292463585829e-04,
          1.6495951263754759e-02, 2.1187019615729018e-02,
          1.3662655100833547e-02, 5.2190998614934812e-03,
          2.2354167555935157e-02, 1.2242380559792062e-02,
          1.2946779432951742e-02, 1.5439043317457290e-03,
          1.7787455447448419e-03, 4.6067522946005655e-02,
