%YAML:1.0
---
groups:
   - intact
   - CD19
intactGmmnames:
   - "intact.612.0"
   - "intact.612.1"
   - "intact.612.2"
   - "intact.612.3"
   - "intact.612.4"
intactLabels:
   - FSC-A
   - SSC-A
   - SY41
   - CD19
   - CD10
   - CD20
   - CD45
   - CD34
   - CD38
intactMu: !!opencv-matrix
   rows: 5
   cols: 9
   dt: d
   data: [ 1.4476849366893740e+00, 4.8985790108265953e-01,
       3.1805144980251483e+00, 1.0681356848228782e+00,
       9.7197621283297297e-01, 9.0723493584772674e-01,
       1.4274276597404527e+00, 1.1381166037177439e+00,
       1.3128928705566520e+00, 2.6722836698683365e+00,
       3.5907860476857278e+00, 2.8744342169165260e+00,
       1.5615984855769520e+00, 2.6566159985765037e+00,
       1.1192289722005304e+00, 3.0772875436017681e+00,
       1.1606481931946249e+00, 1.3958141584301667e+00,
       1.1329505634981867e+00, 2.6364452448929249e-01,
       3.7368383691820246e+00, 9.8517745389354383e-01,
       8.0464805406826390e-01, 7.5000390340368972e-01,
       3.3473911666658052e+00, 1.0269320412461054e+00,
       1.3613557913177863e+00, 2.9382360785129351e+00,
       2.4980272270064470e+00, 3.2102516998642718e+00,
       1.3984417471568114e+00, 1.4216343679818975e+00,
       1.2094794148045040e+00, 2.9224262844002586e+00,
       1.2863860487559462e+00, 1.9606400494131622e+00,
       1.7528962802206238e+00, 5.5818371435877434e-01,
       3.2783556886496479e+00, 1.0369962060958087e+00,
       8.6896042246315797e-01, 8.9958496821718603e-01,
       3.4954644779339294e+00, 1.0341161483709691e+00,
       1.6937298536552763e+00 ]
intactSigma:
   - !!opencv-matrix
      rows: 9
      cols: 9
      dt: d
      data: [ 2.7579231326505788e-01, 7.2447824757055856e-02,
          -6.7241867198147273e-02, 1.4295721944523242e-02,
          2.1619791039964583e-02, 4.4005570303324498e-02,
          6.9331147188195635e-02, 1.6977594314498575e-02,
          1.1143839324495811e-02, 7.2447824757055856e-02,
          6.1442641808955006e-02, -3.1536597350244860e-02,
          1.1768643122119287e-02, 2.0841372571042252e-02,
          2.9341988078972620e-02, 6.0509337183832231e-02,
          1.3206668978311950e-02, 1.1417730574107228e-02,
          -6.7241867198147273e-02, -3.1536597350244860e-02,
          3.9170939345778810e-01, -1.4843366587232994e-03,
          1.6395009234394572e-02, -6.1693253667850320e-02,
          -7.2985378120872524e-02, -1.5117632274656217e-02,
          -3.6659961245683131e-03, 1.4295721944523242e-02,
          1.1768643122119287e-02, -1.4843366587232994e-03,
          8.3348694576841943e-03, 5.9337475736273675e-03,
          6.8194637169440879e-03, 8.4341224554180198e-03,
          1.5068135829035397e-03, 3.6272534350270512e-04,
          2.1619791039964583e-02, 2.0841372571042252e-02,
          1.6395009234394565e-02, 5.9337475736273657e-03,
          6.9377133775585104e-02, 1.5816377710032407e-02,
          1.1485225025993244e-02, -8.7994784385148462e-06,
          6.5052115670604545e-03, 4.4005570303324491e-02,
          2.9341988078972623e-02, -6.1693253667850320e-02,
          6.8194637169440879e-03, 1.5816377710032407e-02,
          5.2025377279905825e-02, 3.1554598731685028e-02,
          6.0232514334515683e-03, 5.6136676544932367e-03,
          6.9331147188195635e-02, 6.0509337183832231e-02,
          -7.2985378120872524e-02, 8.4341224554180198e-03,
          1.1485225025993240e-02, 3.1554598731685021e-02,
          2.1631849379733276e-01, 1.8139460484590263e-02,
          2.5249383157291715e-02, 1.6977594314498575e-02,
          1.3206668978311950e-02, -1.5117632274656217e-02,
          1.5068135829035395e-03, -8.7994784385147869e-06,
          6.0232514334515683e-03, 1.8139460484590263e-02,
          2.6806592117984130e-02, 2.7945379841680632e-03,
          1.1143839324495808e-02, 1.1417730574107228e-02,
          -3.6659961245683139e-03, 3.6272534350270506e-04,
          6.5052115670604545e-03, 5.6136676544932384e-03,
          2.5249383157291718e-02, 2.7945379841680632e-03,
          1.5722722318195881e-02 ]
   - !!opencv-matrix
      rows: 9
      cols: 9
      dt: d
      data: [ 2.5512429083115207e-01, 1.0895038087898941e-01,
          -2.0935657247007619e-02, 2.0543599107738213e-02,
          -3.2895395123534628e-02, 1.6888354697706404e-02,
          -1.3118252505697741e-02, 7.0728414690239168e-03,
          1.0398165496807672e-02, 1.0895038087898938e-01,
          2.9514316456364093e-01, -1.2903022537144693e-02,
          4.7698821611972100e-02, 9.7790308115755960e-03,
          2.6765103680426769e-02, 6.9074714304542635e-03,
          9.4562245332361853e-03, 1.4884674718153161e-02,
          -2.0935657247007616e-02, -1.2903022537144690e-02,
          1.2384207131652111e-01, -9.1420368369743096e-04,
          6.9569273584228035e-03, -1.4358792886775317e-02,
          -1.9504621783263778e-03, 5.4240573807905765e-04,
          -7.7880616315899450e-04, 2.0543599107738213e-02,
          4.7698821611972093e-02, -9.1420368369743053e-04,
          2.4280870976692150e-02, 1.6881293294544592e-03,
          5.1254392178977743e-03, 7.9271110484983951e-04,
          1.3510215800357126e-03, -1.1977698662253545e-03,
          -3.2895395123534628e-02, 9.7790308115755977e-03,
          6.9569273584228061e-03, 1.6881293294544594e-03,
          1.0710359989760544e-01, 3.0250495263828216e-03,
          2.1554229876683619e-02, -1.6877883593729211e-03,
          -5.5437243902126988e-03, 1.6888354697706404e-02,
          2.6765103680426772e-02, -1.4358792886775317e-02,
          5.1254392178977743e-03, 3.0250495263828207e-03,
          2.7253076333363914e-02, 2.9073659661028300e-03,
          2.0778994753289184e-03, 5.9631256732407432e-04,
          -1.3118252505697739e-02, 6.9074714304542635e-03,
          -1.9504621783263776e-03, 7.9271110484983951e-04,
          2.1554229876683619e-02, 2.9073659661028308e-03,
          1.9086362750472676e-02, -3.2405381706684497e-03,
          -4.9390384356913335e-03, 7.0728414690239150e-03,
          9.4562245332361870e-03, 5.4240573807905765e-04,
          1.3510215800357122e-03, -1.6877883593729218e-03,
          2.0778994753289162e-03, -3.2405381706684497e-03,
          7.9940357755094699e-02, 4.1673731936867388e-03,
          1.0398165496807671e-02, 1.4884674718153161e-02,
          -7.7880616315899450e-04, -1.1977698662253540e-03,
          -5.5437243902126980e-03, 5.9631256732407432e-04,
          -4.9390384356913343e-03, 4.1673731936867396e-03,
          4.5327450914541663e-02 ]
   - !!opencv-matrix
      rows: 9
      cols: 9
      dt: d
      data: [ 6.2037473315445603e-02, 3.3583587178877723e-03,
          -2.1670918187043843e-02, -1.4494626029404464e-04,
          1.6809236350518886e-03, 1.2360339555579157e-02,
          4.5620137823065869e-03, -1.1924735775522297e-03,
          -2.5580112036016028e-03, 3.3583587178877723e-03,
          7.2211945107082997e-03, 6.6248885658373659e-05,
          1.2795675175576726e-03, 3.5269966276475612e-03,
          4.3951026528549712e-03, 2.2634482658489743e-03,
          5.9960587553783517e-04, -3.1392488861030150e-03,
          -2.1670918187043847e-02, 6.6248885658373591e-05,
          2.4328065740784069e-02, 1.6182038088284171e-03,
          -6.2361091056598820e-04, -9.4560115424653455e-03,
          -7.7171518173655958e-04, 1.5266533551134350e-03,
          9.8003349500591901e-04, -1.4494626029404461e-04,
          1.2795675175576726e-03, 1.6182038088284178e-03,
          1.4119437244167296e-02, 1.0133819448785702e-03,
          2.5122764379059746e-04, -3.4735505503984284e-04,
          -1.2612764960937123e-03, -1.6738224418145582e-03,
          1.6809236350518886e-03, 3.5269966276475612e-03,
          -6.2361091056598820e-04, 1.0133819448785702e-03,
          4.7682338097364704e-02, -6.0654284349606494e-04,
          1.3227038114680741e-03, -3.3378648282450566e-03,
