%YAML:1.0
---
groups:
   - intact
   - CD19
   - blast
intactGmmnames:
   - "intact.631.0"
   - "intact.631.1"
   - "intact.631.2"
   - "intact.631.3"
   - "intact.631.4"
intactLabels:
   - FSC-A
   - SSC-A
   - SY41
   - CD19
   - CD10
   - CD20
   - CD45
   - CD34
   - CD38
intactMu: !!opencv-matrix
   rows: 5
   cols: 9
   dt: d
   data: [ 1.3046355680512318e+00, 3.3408020771052593e-01,
       2.9043179940571249e+00, 1.1450673384652348e+00,
       1.2500593693542625e+00, 1.1972705973652888e+00,
       3.7006146497950168e+00, 1.1238753793937690e+00,
       1.9726713434025365e+00, 2.4150328046174292e+00,
       2.9057279700181518e+00, 3.0177274651050809e+00,
       1.7146281352470261e+00, 2.7470368038932644e+00,
       1.7862428274330253e+00, 3.4786970236272534e+00,
       1.3012999736731543e+00, 1.9855979986000740e+00,
       1.3804716273995343e+00, 5.8292557342318874e-01,
       3.1730566110257441e+00, 1.2020315415000429e+00,
       1.5833558246314312e+00, 1.4529153756699278e+00,
       1.6549267916113251e+00, 1.1369045825952449e+00,
       1.9320904086529487e+00, 1.6955434951165300e+00,
       5.1469926218059714e-01, 3.0199616208301729e+00,
       1.1681792867747876e+00, 1.2441662101622204e+00,
       1.1821229336475754e+00, 3.7841869255127594e+00,
       1.1346755382766494e+00, 2.3026271610353422e+00,
       1.8126871498206458e+00, 1.2257896727848143e+00,
       3.0444160931237940e+00, 1.6556326435728008e+00,
       1.6658125401608119e+00, 1.9231396122355584e+00,
       3.0122658560253850e+00, 1.4541005394564130e+00,
       2.1248450639406999e+00 ]
intactSigma:
   - !!opencv-matrix
      rows: 9
      cols: 9
      dt: d
      data: [ 1.0393196815957978e-01, 8.7360204707134133e-03,
          -4.4002858975682145e-03, 3.0409884508330975e-03,
          -1.6924055684604622e-03, 2.6826276730739914e-03,
          9.1688236611887752e-03, -1.4077827357260484e-03,
          -1.8900662774309315e-03, 8.7360204707134150e-03,
          7.5899529737649208e-03, -6.6441866131375068e-04,
          2.1984658207246277e-03, 3.0956576742417552e-03,
          6.2163381464405377e-03, 5.2447289583613822e-03,
          9.0658819551100750e-04, -1.6626896694058350e-03,
          -4.4002858975682128e-03, -6.6441866131375035e-04,
          8.8838935817869558e-03, 4.2738888332173619e-04,
          1.8799033933440002e-03, 1.3758641336824565e-03,
          -8.0561433440995878e-04, 7.5314481252274242e-04,
          3.4490298256262909e-04, 3.0409884508330984e-03,
          2.1984658207246277e-03, 4.2738888332173629e-04,
          3.6396068317706066e-02, 1.8236039486599167e-03,
          2.7664156795411308e-03, 6.1275512166482913e-04,
          1.9993235822482825e-03, -1.9538824470930471e-03,
          -1.6924055684604624e-03, 3.0956576742417557e-03,
          1.8799033933439996e-03, 1.8236039486599167e-03,
          4.4588731398724823e-02, -2.4687687446482203e-03,
          8.6171564731782021e-04, -7.6334993565337886e-04,
          -7.8789178227577962e-04, 2.6826276730739919e-03,
          6.2163381464405360e-03, 1.3758641336824567e-03,
          2.7664156795411303e-03, -2.4687687446482203e-03,
          7.9244954555388811e-02, 4.1793308264840836e-03,
          1.7303513632430882e-03, -1.7311575767398168e-03,
          9.1688236611887752e-03, 5.2447289583613813e-03,
          -8.0561433440995867e-04, 6.1275512166482891e-04,
          8.6171564731782032e-04, 4.1793308264840836e-03,
          1.0594247980431877e-02, -1.8410266759530170e-03,
          -2.1261805325060697e-03, -1.4077827357260489e-03,
          9.0658819551100675e-04, 7.5314481252274242e-04,
          1.9993235822482829e-03, -7.6334993565337788e-04,
          1.7303513632430882e-03, -1.8410266759530172e-03,
          1.3219051532878157e-01, 9.7085525668073630e-04,
          -1.8900662774309315e-03, -1.6626896694058350e-03,
          3.4490298256262909e-04, -1.9538824470930476e-03,
          -7.8789178227577940e-04, -1.7311575767398168e-03,
          -2.1261805325060697e-03, 9.7085525668073576e-04,
          7.5365467059732476e-03 ]
   - !!opencv-matrix
      rows: 9
      cols: 9
      dt: d
      data: [ 3.6251246304676077e-01, 2.4893482678825443e-01,
          1.8282920564196975e-02, 5.2429875511934336e-02,
          2.2675469950195846e-02, 6.3577978220142897e-02,
          7.5660694260715278e-03, 1.5326429329836940e-02,
          1.1992983278363978e-02, 2.4893482678825443e-01,
          5.9032341316451342e-01, 3.1448045052187644e-02,
          1.1849762414628764e-01, 1.0937334064999990e-01,
          1.1585735983178548e-01, 2.5267595859213308e-02,
          3.0781170785548154e-02, 1.7619555250876592e-02,
          1.8282920564196975e-02, 3.1448045052187644e-02,
          1.5454049134179935e-02, 6.3797659525759555e-03,
          9.8447851847837612e-04, 1.1619223481285558e-02,
          -1.3715355274742859e-03, 3.2717024887786786e-03,
          3.6674952434327356e-03, 5.2429875511934336e-02,
          1.1849762414628760e-01, 6.3797659525759555e-03,
          5.5581465404690715e-02, 2.2637811894200558e-02,
          3.1012817876306737e-02, 5.3292322330411703e-03,
          1.0182070654861163e-02, 2.3076025866575769e-03,
          2.2675469950195842e-02, 1.0937334064999990e-01,
          9.8447851847837634e-04, 2.2637811894200558e-02,
          1.5203990741747583e-01, 1.3036513240064987e-02,
          2.2195068915016856e-02, 6.4500888573405411e-03,
          -2.0571424613621855e-03, 6.3577978220142897e-02,
          1.1585735983178548e-01, 1.1619223481285558e-02,
          3.1012817876306737e-02, 1.3036513240064980e-02,
          7.1572641289015873e-02, 5.3820493580052841e-03,
          1.0213607822038433e-02, 8.4602141499760235e-03,
          7.5660694260715261e-03, 2.5267595859213308e-02,
          -1.3715355274742857e-03, 5.3292322330411711e-03,
          2.2195068915016856e-02, 5.3820493580052833e-03,
          3.4260939158107996e-02, 1.4443627856849538e-04,
          -4.0137093383740734e-03, 1.5326429329836940e-02,
          3.0781170785548154e-02, 3.2717024887786777e-03,
          1.0182070654861163e-02, 6.4500888573405428e-03,
          1.0213607822038437e-02, 1.4443627856849464e-04,
          1.1935504047974564e-01, 2.0030577043115266e-03,
          1.1992983278363978e-02, 1.7619555250876592e-02,
          3.6674952434327356e-03, 2.3076025866575769e-03,
          -2.0571424613621855e-03, 8.4602141499760235e-03,
          -4.0137093383740734e-03, 2.0030577043115266e-03,
          7.3102672698283815e-03 ]
   - !!opencv-matrix
      rows: 9
      cols: 9
      dt: d
      data: [ 2.2000892981072032e-01, 6.8542090963035762e-02,
          2.6094810174506790e-02, 1.6697902234370964e-02,
          5.0001498008258406e-02, 6.0753252342515225e-02,
          4.4443022883604938e-02, 4.8702047406590787e-03,
          6.4380691530255864e-03, 6.8542090963035762e-02,
          5.6361998708132875e-02, 1.1371136182868381e-02,
          1.6261000773414008e-02, 4.0680487858157179e-02,
          4.7116266719995019e-02, 3.5672963390573888e-02,
          5.5266027431892933e-03, 5.7510334526773288e-03,
          2.6094810174506790e-02, 1.1371136182868381e-02,
          3.3554492182135659e-02, -1.0736078247539672e-03,
          5.4725297964472747e-03, 1.0764970367632541e-02,
          3.8571034405309856e-03, 1.1072784511142156e-03,
          9.7083079987094682e-04, 1.6697902234370964e-02,
          1.6261000773414011e-02, -1.0736078247539672e-03,
          3.0690199976976973e-02, 1.5073593671115167e-02,
          1.5764927285957461e-02, 1.0441885746253217e-02,
          2.2156169738650716e-03, 3.0307705471970529e-04,
          5.0001498008258406e-02, 4.0680487858157179e-02,
          5.4725297964472747e-03, 1.5073593671115168e-02,
          1.0204493727751182e-01, 3.6426672605523430e-02,
          3.6635789213838657e-02, 5.5939217236723694e-03,
