%YAML:1.0
---
groups:
   - intact
   - CD19
intactGmmnames:
   - "intact.636.0"
   - "intact.636.1"
   - "intact.636.2"
   - "intact.636.3"
   - "intact.636.4"
intactLabels:
   - FSC-A
   - SSC-A
   - SY41
   - CD19
   - CD10
   - CD20
   - CD45
   - CD34
   - CD38
intactMu: !!opencv-matrix
   rows: 5
   cols: 9
   dt: d
   data: [ 1.5890000268506765e+00, 5.5726830573210973e-01,
       3.2294100979760705e+00, 9.8726030223973793e-01,
       9.6481691143726489e-01, 1.0417356628913452e+00,
       4.0250845256015424e+00, 1.1799061833622528e+00,
       1.4651188261786618e+00, 1.6260985161942192e+00,
       6.4759040012199676e-01, 3.1377867428047286e+00,
       1.0453218909252386e+00, 9.8052380652652815e-01,
       1.0271865871957488e+00, 4.0185170509409582e+00,
       1.2395238381393969e+00, 2.7468633505101288e+00,
       1.2835213255515430e+00, 3.1737818277039348e-01,
       3.5583602652879480e+00, 8.7085237943417693e-01,
       9.1108856447593201e-01, 9.3610487458176839e-01,
       3.8434153255849468e+00, 1.1581863311474916e+00,
       1.7297866657363523e+00, 2.0473330231105691e+00,
       2.3263968492656768e+00, 3.4663279840093173e+00,
       1.3248414020514390e+00, 1.6637493165334736e+00,
       1.4364601906482937e+00, 3.2339936562757909e+00,
       1.3591289627954197e+00, 2.0024157104117046e+00,
       9.4831326548230899e-01, 4.3622172788089020e-01,
       3.3747174713402854e+00, 8.6870578611070126e-01,
       1.0325011599978176e+00, 1.0108189709589339e+00,
       1.4287285448850275e+00, 1.1828047233562129e+00,
       1.4766139730697916e+00 ]
intactSigma:
   - !!opencv-matrix
      rows: 9
      cols: 9
      dt: d
      data: [ 6.7514435375507678e-02, 8.9768066788785978e-03,
          -1.4394220368951721e-02, 1.0499036467015777e-02,
          3.5019462937245839e-03, 6.9067731557977165e-03,
          4.4771738803832438e-03, 4.8581583161219887e-04,
          5.2368430069541236e-03, 8.9768066788785978e-03,
          2.2541726596205146e-02, -1.3290589648033962e-02,
          8.6348856701113572e-03, 6.0817137502229132e-03,
          8.5387254848306102e-03, 8.3075505574417181e-03,
          4.6023592422123408e-04, 1.4658374878762338e-03,
          -1.4394220368951721e-02, -1.3290589648033962e-02,
          1.0039129398442236e-01, -3.0966460992886066e-02,
          -1.4170254981799031e-02, -6.0539858109976167e-03,
          -1.4301031539161881e-02, 3.4204788416025002e-03,
          1.6264580166368729e-02, 1.0499036467015775e-02,
          8.6348856701113572e-03, -3.0966460992886066e-02,
          5.8895240494028944e-02, 6.2533325793721834e-03,
          4.8280327267796472e-03, 4.2129474967317268e-03,
          3.6283624173720544e-03, -2.6540900948881989e-03,
          3.5019462937245839e-03, 6.0817137502229123e-03,
          -1.4170254981799031e-02, 6.2533325793721816e-03,
          2.9846446709398528e-02, -2.5253552392402586e-03,
          3.1779846056373233e-03, -7.3645260185991098e-03,
          -3.1179069476774028e-03, 6.9067731557977182e-03,
          8.5387254848306102e-03, -6.0539858109976150e-03,
          4.8280327267796472e-03, -2.5253552392402586e-03,
          7.2162235347643863e-02, 2.8227154413632731e-03,
          -4.6217105016442621e-04, -4.4176990152500484e-03,
          4.4771738803832438e-03, 8.3075505574417181e-03,
          -1.4301031539161881e-02, 4.2129474967317285e-03,
          3.1779846056373242e-03, 2.8227154413632731e-03,
          1.1037671391930804e-02, -1.7448499006584429e-03,
          -2.1788475357078607e-03, 4.8581583161219909e-04,
          4.6023592422123467e-04, 3.4204788416025010e-03,
          3.6283624173720544e-03, -7.3645260185991115e-03,
          -4.6217105016442604e-04, -1.7448499006584434e-03,
          1.7910206159469705e-01, 9.7567518151941406e-03,
          5.2368430069541219e-03, 1.4658374878762340e-03,
          1.6264580166368729e-02, -2.6540900948881997e-03,
          -3.1179069476774028e-03, -4.4176990152500484e-03,
          -2.1788475357078603e-03, 9.7567518151941406e-03,
          1.2511972218542439e-01 ]
   - !!opencv-matrix
      rows: 9
      cols: 9
      dt: d
      data: [ 7.0085337941757725e-02, 1.1236502979592321e-02,
          -9.1966267099291010e-03, 8.7673624827868876e-03,
          1.8875872334072541e-03, 6.3449711356194415e-03,
          5.2721538555240428e-04, 3.5954937078611702e-03,
          1.3116219096291079e-02, 1.1236502979592321e-02,
          2.5144539968663858e-02, -3.6837889801894915e-03,
          6.0300873946258172e-03, 4.5330243643319544e-03,
          9.2565825580758227e-03, 1.3679903687956634e-03,
          6.5290657337372425e-03, 2.8030662124403066e-02,
          -9.1966267099291028e-03, -3.6837889801894915e-03,
          7.4778684243897914e-02, -1.6476641102311541e-02,
          -6.8118227894315405e-03, -2.5228231011347317e-03,
          -5.1945844363377718e-03, 9.8970191228477046e-04,
          1.3711851184820196e-02, 8.7673624827868876e-03,
          6.0300873946258155e-03, -1.6476641102311538e-02,
          5.0025064666016965e-02, 3.1429786828851745e-03,
          2.5060398064281702e-03, 7.6052753862790887e-05,
          4.9951061403258603e-03, 5.0540934699294156e-03,
          1.8875872334072549e-03, 4.5330243643319536e-03,
          -6.8118227894315379e-03, 3.1429786828851745e-03,
          2.8525214564558383e-02, -3.6108570286136833e-03,
          1.4410914372820884e-03, -6.1183365068943141e-03,
          1.9202990119241961e-03, 6.3449711356194415e-03,
          9.2565825580758227e-03, -2.5228231011347304e-03,
          2.5060398064281710e-03, -3.6108570286136833e-03,
          6.8042626519346061e-02, 1.6345402490441294e-03,
          3.2415391824258840e-04, 4.5151663286913581e-03,
          5.2721538555240406e-04, 1.3679903687956634e-03,
          -5.1945844363377710e-03, 7.6052753862790887e-05,
          1.4410914372820888e-03, 1.6345402490441298e-03,
          1.0061792625977093e-02, -1.9389381142328251e-03,
          -1.5802726977416207e-02, 3.5954937078611711e-03,
          6.5290657337372425e-03, 9.8970191228476894e-04,
          4.9951061403258621e-03, -6.1183365068943141e-03,
          3.2415391824258791e-04, -1.9389381142328253e-03,
          1.7508850201930812e-01, 3.4898319430497572e-02,
          1.3116219096291079e-02, 2.8030662124403073e-02,
          1.3711851184820196e-02, 5.0540934699294139e-03,
          1.9202990119241961e-03, 4.5151663286913599e-03,
          -1.5802726977416207e-02, 3.4898319430497572e-02,
          2.2174462756890442e-01 ]
   - !!opencv-matrix
      rows: 9
      cols: 9
      dt: d
      data: [ 6.3972348282802474e-02, 5.7615798516324314e-03,
          -1.9031827033244065e-02, 1.3000611569001889e-02,
          5.3255279589255987e-03, 9.3548832284561061e-03,
          5.9634723572551439e-03, -1.2531504188391508e-03,
          -3.0448009384164321e-03, 5.7615798516324306e-03,
          8.7600021353397856e-03, -2.6828692378186047e-03,
          2.9819447290428745e-03, 2.9845711281780447e-03,
          6.9178185744842831e-03, 2.4267381050396236e-03,
          6.4542242967762127e-04, -2.6167624571667341e-03,
          -1.9031827033244065e-02, -2.6828692378186047e-03,
          2.4919286672283457e-02, -1.1673587330299788e-02,
          -5.4139148183178498e-03, -3.4749406882323033e-03,
          -4.1597323819988529e-03, 1.3595454420344429e-03,
          5.7775180889197584e-03, 1.3000611569001886e-02,
          2.9819447290428741e-03, -1.1673587330299788e-02,
          3.1419286085171499e-02, 2.9657507859927358e-03,
          3.7409086987463128e-03, 1.5772904006338703e-03,
          1.3937456737108155e-03, -3.3246081077336733e-03,
          5.3255279589255987e-03, 2.9845711281780447e-03,
          -5.4139148183178498e-03, 2.9657507859927362e-03,
          2.7970190551329883e-02, -2.5013727391978409e-03,
          1.6954170941492865e-03, -4.8184515203232832e-03,
