%YAML:1.0
---
groups:
   - intact
   - CD19
intactGmmnames:
   - "intact.641.0"
   - "intact.641.1"
   - "intact.641.2"
   - "intact.641.3"
   - "intact.641.4"
intactLabels:
   - FSC-A
   - SSC-A
   - SY41
   - CD19
   - CD10
   - CD20
   - CD45
   - CD34
   - CD38
intactMu: !!opencv-matrix
   rows: 5
   cols: 9
   dt: d
   data: [ 1.5385222625732897e+00, 2.7836709402270532e-01,
       3.2026668153499132e+00, 1.0636201758307577e+00,
       9.2816504859295557e-01, 1.0679627062060817e+00,
       3.5675614456474452e+00, 1.0699126632782150e+00,
       1.5578643581979541e+00, 3.4495066578880440e+00,
       3.3041018152555810e+00, 3.1489733514795422e+00,
       1.6657848961208295e+00, 2.2550118978843230e+00,
       1.3542747361961465e+00, 2.7421667595227266e+00,
       1.1609100830657841e+00, 1.5013846341340660e+00,
       2.1934248617826269e+00, 1.7870041052374155e+00,
       2.4808617414992504e+00, 1.4627596214113339e+00,
       1.2429039005538323e+00, 1.4949084158321133e+00,
       2.5642963062872668e+00, 1.7643059640827967e+00,
       2.0457051870461931e+00, 1.9343091102203074e+00,
       4.9728357616458124e-01, 3.0127891672540770e+00,
       1.1292536311794930e+00, 9.7399527274853170e-01,
       1.1670279503595553e+00, 3.6966101298828375e+00,
       1.1004382502259829e+00, 1.5566986171302133e+00,
       2.3583037987056423e+00, 1.3672145559057614e+00,
       3.0989815387468616e+00, 1.3342862090641545e+00,
       1.3782025203723607e+00, 1.3772752564147401e+00,
       2.7016528716074193e+00, 1.4464514206395402e+00,
       2.2011618317003729e+00 ]
intactSigma:
   - !!opencv-matrix
      rows: 9
      cols: 9
      dt: d
      data: [ 8.1845554570298656e-02, 6.7157687209293349e-03,
          -2.3465335101151931e-02, 7.3588273180566479e-03,
          1.2484623730271511e-03, 8.3548381065350844e-03,
          8.4892145787852993e-03, -1.2284149205217026e-03,
          -7.1681617851201637e-04, 6.7157687209293358e-03,
          5.8707433412431313e-03, -3.0480800639638116e-03,
          1.9300427670703123e-03, 2.8563491500389828e-03,
          7.2414220207334869e-03, 2.5656831259944805e-03,
          4.0872315928313117e-04, -3.8737928706165867e-03,
          -2.3465335101151931e-02, -3.0480800639638116e-03,
          2.0587832993627261e-02, -3.6285996788736129e-03,
          -1.2640111435523380e-03, -2.3355695942835742e-03,
          -4.7254541030684310e-03, 1.4182341272931044e-03,
          5.2366851079559103e-03, 7.3588273180566488e-03,
          1.9300427670703123e-03, -3.6285996788736116e-03,
          1.6237497537539784e-02, 1.3695271796696665e-03,
          3.9909719281468921e-03, 7.1281805368874946e-04,
          1.7829507510861622e-03, -5.0291430167818318e-03,
          1.2484623730271516e-03, 2.8563491500389828e-03,
          -1.2640111435523378e-03, 1.3695271796696669e-03,
          4.7478294053393377e-02, -5.7456939586188692e-04,
          1.0207938368360552e-03, -4.3224810028026275e-03,
          -4.1290119378929171e-03, 8.3548381065350844e-03,
          7.2414220207334852e-03, -2.3355695942835742e-03,
          3.9909719281468903e-03, -5.7456939586188692e-04,
          9.1954982574493999e-02, 3.4488482600269739e-03,
          2.5564340918618881e-03, -1.0649605754450404e-02,
          8.4892145787852976e-03, 2.5656831259944805e-03,
          -4.7254541030684310e-03, 7.1281805368874967e-04,
          1.0207938368360552e-03, 3.4488482600269739e-03,
          7.8603071760114454e-03, -2.3299852933849029e-03,
          -6.0879733296526775e-03, -1.2284149205217024e-03,
          4.0872315928313149e-04, 1.4182341272931053e-03,
          1.7829507510861635e-03, -4.3224810028026292e-03,
          2.5564340918618877e-03, -2.3299852933849037e-03,
          1.1964314165742537e-01, 3.7138697415016434e-03,
          -7.1681617851201626e-04, -3.8737928706165854e-03,
          5.2366851079559103e-03, -5.0291430167818327e-03,
          -4.1290119378929189e-03, -1.0649605754450404e-02,
          -6.0879733296526749e-03, 3.7138697415016434e-03,
          1.3646791971184716e-01 ]
   - !!opencv-matrix
      rows: 9
      cols: 9
      dt: d
      data: [ 3.2412650632180334e-01, 1.1262418507308994e-01,
          -1.1301274908117094e-02, 2.9173232720629199e-02,
          -1.2191237064548494e-01, 2.9769114912552200e-02,
          -8.6764459863085171e-03, 4.0598826581383467e-03,
          2.1375065878667100e-02, 1.1262418507308995e-01,
          4.0260019525605667e-01, -1.7640414347223726e-02,
          7.5040489430376348e-02, 1.2519333904966412e-01,
          3.8106569570519395e-02, 3.2403442802261248e-02,
          1.3527909119459757e-02, -1.0333562509054492e-02,
          -1.1301274908117094e-02, -1.7640414347223732e-02,
          5.5841583900165963e-02, -1.0198140792493966e-02,
          -2.3979594049037319e-03, -7.2089395800833435e-04,
          -6.6710654983561934e-03, 3.0826475160389841e-04,
          3.3353383015830742e-03, 2.9173232720629199e-02,
          7.5040489430376348e-02, -1.0198140792493966e-02,
          3.2566468636846091e-02, 1.7255554040433801e-02,
          8.9169540780082105e-03, 6.6813864312426944e-03,
          2.9281898466753647e-03, -8.5541344343178522e-03,
          -1.2191237064548495e-01, 1.2519333904966412e-01,
          -2.3979594049037324e-03, 1.7255554040433795e-02,
          3.7405541229114919e-01, -9.1461822738270193e-03,
          3.3510035675503293e-02, 1.1857444478293197e-02,
          -3.5922156960761120e-02, 2.9769114912552196e-02,
          3.8106569570519402e-02, -7.2089395800833402e-04,
          8.9169540780082105e-03, -9.1461822738270193e-03,
          4.8443233627987969e-02, 4.3046005837430725e-03,
          3.5142099473919873e-03, 7.9129032394360671e-03,
          -8.6764459863085171e-03, 3.2403442802261248e-02,
          -6.6710654983561943e-03, 6.6813864312426936e-03,
          3.3510035675503293e-02, 4.3046005837430734e-03,
          4.1500188975996936e-02, 2.3168546164053470e-03,
          -1.6540590761708375e-03, 4.0598826581383475e-03,
          1.3527909119459757e-02, 3.0826475160389836e-04,
          2.9281898466753647e-03, 1.1857444478293195e-02,
          3.5142099473919860e-03, 2.3168546164053475e-03,
          6.2534108746127984e-02, 3.6238428625908576e-03,
          2.1375065878667100e-02, -1.0333562509054492e-02,
          3.3353383015830734e-03, -8.5541344343178539e-03,
          -3.5922156960761113e-02, 7.9129032394360654e-03,
          -1.6540590761708388e-03, 3.6238428625908559e-03,
          8.2452416710641172e-02 ]
   - !!opencv-matrix
      rows: 9
      cols: 9
      dt: d
      data: [ 5.9507877319863589e-01, 4.2781438558991652e-01,
          1.0393895909591361e-01, 8.4632077871971606e-02,
          8.4974841685997324e-02, 1.2008814040975538e-01,
          1.4301908661860552e-01, 1.3019970976563777e-01,
          1.4156286091768785e-01, 4.2781438558991652e-01,
          5.8721426889332051e-01, 1.3308784174917251e-01,
          1.1111357768563410e-01, 1.1873956870607376e-01,
          1.5131650935751315e-01, 1.7886222982824251e-01,
          1.5996649922999356e-01, 1.7013767972567068e-01,
          1.0393895909591361e-01, 1.3308784174917251e-01,
          3.6527608534721250e-02, 2.5941270797099989e-02,
          2.7604996504372172e-02, 3.6850964565450763e-02,
          4.3431640406050839e-02, 3.8493213697879107e-02,
          4.1667277343013835e-02, 8.4632077871971620e-02,
          1.1111357768563410e-01, 2.5941270797099993e-02,
          3.4910795420314888e-02, 2.3031767686831163e-02,
          2.9570279700317833e-02, 3.3902807701041975e-02,
          3.1397722751021449e-02, 3.0091293757110994e-02,
          8.4974841685997324e-02, 1.1873956870607376e-01,
          2.7604996504372169e-02, 2.3031767686831156e-02,
          6.7352836974543431e-02, 2.7208339714793618e-02,
          3.8049479534556001e-02, 3.0776580830269375e-02,
