%YAML:1.0
---
groups:
   - intact
   - CD19
intactGmmnames:
   - "intact.642.0"
   - "intact.642.1"
   - "intact.642.2"
   - "intact.642.3"
   - "intact.642.4"
intactLabels:
   - FSC-A
   - SSC-A
   - SY41
   - CD19
   - CD10
   - CD20
   - CD45
   - CD34
   - CD38
intactMu: !!opencv-matrix
   rows: 5
   cols: 9
   dt: d
   data: [ 1.5188809727836907e+00, 4.0564562812694716e-01,
       2.9039473952816386e+00, 1.1296604500139411e+00,
       1.1497836904676841e+00, 1.1034355830387288e+00,
       3.4882215563490924e+00, 1.0174648956659182e+00,
       1.7779955023358365e+00, 2.7165618235468751e+00,
       3.4739873020792085e+00, 2.7538045605981667e+00,
       1.8201712989655796e+00, 2.7715431766297454e+00,
       1.3307051832199706e+00, 2.8597577358167356e+00,
       1.1121388443964535e+00, 1.7115614712743732e+00,
       3.2702649446962520e+00, 2.9902958049946742e+00,
       3.0146397524590816e+00, 1.7263709308718913e+00,
       1.2901214190044779e+00, 1.4257036336127136e+00,
       2.4599045604201204e+00, 1.0866345281230541e+00,
       1.8176081989245261e+00, 1.5311664300604071e+00,
       7.6642268417843429e-01, 2.9342880192377900e+00,
       1.1667521999310402e+00, 1.2425722736795313e+00,
       1.2953209680422624e+00, 1.4861279253990474e+00,
       1.1262277944722328e+00, 1.7159049901856989e+00,
       2.3059037655220282e+00, 2.1481059903783177e+00,
       2.8609062282523405e+00, 1.5929661173758236e+00,
       1.5974770761987731e+00, 1.5194986298494113e+00,
       2.8225993329689181e+00, 1.2613190476653604e+00,
       2.1356481810266810e+00 ]
intactSigma:
   - !!opencv-matrix
      rows: 9
      cols: 9
      dt: d
      data: [ 9.8750635003238912e-02, 1.3017414082486314e-02,
          -9.5537660623512075e-03, 6.5408985582626278e-03,
          1.5924986291990068e-03, 1.1882769210039792e-02,
          1.1081647561085791e-02, 2.5243509373178911e-03,
          -1.5155011485529601e-04, 1.3017414082486314e-02,
          2.5806414320180080e-02, -5.1821227665552335e-04,
          8.6287192924728636e-03, 4.8654441926042425e-03,
          1.4282487624086541e-02, 8.4072956294805132e-03,
          3.4110126460898766e-03, -1.2271482933705598e-03,
          -9.5537660623512041e-03, -5.1821227665552303e-04,
          2.8176809827644120e-02, -4.6307259906895265e-03,
          -2.1517036587026902e-04, 2.2487502786294622e-04,
          -2.4479252649094196e-03, 3.7240338601760996e-04,
          -3.5947939709098233e-04, 6.5408985582626304e-03,
          8.6287192924728653e-03, -4.6307259906895265e-03,
          2.8471605297057147e-02, 1.7115178169508881e-03,
          5.5106815014044318e-03, 3.0380280648900980e-03,
          2.9929857833586944e-03, -2.3484318967581575e-03,
          1.5924986291990062e-03, 4.8654441926042416e-03,
          -2.1517036587026905e-04, 1.7115178169508877e-03,
          1.0374699853103086e-02, 1.4648160119420230e-03,
          9.3215100862275343e-04, -1.0847462298427164e-03,
          -3.4714416300506010e-04, 1.1882769210039798e-02,
          1.4282487624086541e-02, 2.2487502786294630e-04,
          5.5106815014044318e-03, 1.4648160119420230e-03,
          3.9762840756059542e-02, 5.6593714254423886e-03,
          2.6648502914217373e-03, -2.4171280261887792e-03,
          1.1081647561085791e-02, 8.4072956294805132e-03,
          -2.4479252649094196e-03, 3.0380280648900980e-03,
          9.3215100862275343e-04, 5.6593714254423869e-03,
          1.3031260237417490e-02, -2.1022266485361618e-03,
          -8.2132019217334761e-04, 2.5243509373178916e-03,
          3.4110126460898766e-03, 3.7240338601760980e-04,
          2.9929857833586953e-03, -1.0847462298427160e-03,
          2.6648502914217369e-03, -2.1022266485361618e-03,
          1.4705397228992559e-01, 1.2149763628889287e-03,
          -1.5155011485529622e-04, -1.2271482933705600e-03,
          -3.5947939709098277e-04, -2.3484318967581575e-03,
          -3.4714416300506016e-04, -2.4171280261887796e-03,
          -8.2132019217334750e-04, 1.2149763628889294e-03,
          1.2693356432818340e-02 ]
   - !!opencv-matrix
      rows: 9
      cols: 9
      dt: d
      data: [ 2.4299876885021240e-01, 1.2781906581068864e-01,
          7.9739667761139377e-04, 2.8002647229178550e-02,
          -2.9948037921672794e-02, 2.3512825836444987e-02,
          -2.1646660689132787e-02, 3.7372816351395233e-03,
          -3.0364740150444101e-04, 1.2781906581068864e-01,
          3.4937293313079876e-01, -8.1656188145180549e-03,
          6.9544200249193236e-02, 7.3906124224431997e-03,
          2.8650226033534041e-02, 1.1006822403355682e-02,
          5.8579336197556297e-03, -2.2198705440013358e-03,
          7.9739667761139215e-04, -8.1656188145180532e-03,
          6.2756515690905582e-02, -5.7678394322699814e-03,
          -7.4336565192928226e-03, 4.6039844869061475e-03,
          -7.9612843118650519e-03, 2.1277831532652593e-03,
          -9.2663157593686832e-04, 2.8002647229178550e-02,
          6.9544200249193236e-02, -5.7678394322699823e-03,
          3.1383889779893162e-02, 2.8202758028484268e-03,
          7.1061802256573159e-03, 2.9400235700696156e-03,
          2.3039466282475806e-03, -3.1894239675336784e-03,
          -2.9948037921672797e-02, 7.3906124224431971e-03,
          -7.4336565192928200e-03, 2.8202758028484268e-03,
          1.1423575614094503e-01, 2.8839153740990082e-03,
          3.0775934730446316e-02, 3.8919027195763660e-03,
          -2.1022022947401751e-04, 2.3512825836444987e-02,
          2.8650226033534041e-02, 4.6039844869061475e-03,
          7.1061802256573159e-03, 2.8839153740990082e-03,
          3.9532405329682205e-02, 2.5927977549097564e-04,
          4.3617044883337199e-03, -4.9902296970303157e-05,
          -2.1646660689132787e-02, 1.1006822403355680e-02,
          -7.9612843118650519e-03, 2.9400235700696156e-03,
          3.0775934730446316e-02, 2.5927977549097564e-04,
          3.9034273713456247e-02, -1.0414034201508713e-03,
          1.1618050610455891e-05, 3.7372816351395246e-03,
          5.8579336197556323e-03, 2.1277831532652606e-03,
          2.3039466282475801e-03, 3.8919027195763673e-03,
          4.3617044883337182e-03, -1.0414034201508707e-03,
          9.6133588172452530e-02, 4.5964153725396197e-04,
          -3.0364740150444101e-04, -2.2198705440013363e-03,
          -9.2663157593686864e-04, -3.1894239675336784e-03,
          -2.1022022947401743e-04, -4.9902296970303103e-05,
          1.1618050610455838e-05, 4.5964153725396213e-04,
          6.3913509261531764e-03 ]
   - !!opencv-matrix
      rows: 9
      cols: 9
      dt: d
      data: [ 2.9856637175349349e-01, 2.1213256579040277e-01,
          1.1009867108493436e-02, 4.9081974879884895e-02,
          1.3422634676748054e-02, 4.6092322173362128e-02,
          1.7742034995901006e-03, 1.1332497213156585e-02,
          4.7905668362275633e-03, 2.1213256579040277e-01,
          5.2744490116777831e-01, -1.8572902640835692e-02,
          1.1110136140295386e-01, 3.1322940853634545e-02,
          5.2475966665501514e-02, 4.6295880789823669e-02,
          1.4338315875622865e-02, -1.8149497302101841e-03,
          1.1009867108493436e-02, -1.8572902640835692e-02,
          4.4012669459895515e-02, -7.2542492936513592e-03,
          -1.6037438123646755e-03, 7.6702482181570655e-03,
          -6.4687421357852723e-03, 8.6823786649790869e-04,
          4.7784130717434137e-03, 4.9081974879884895e-02,
          1.1110136140295386e-01, -7.2542492936513592e-03,
          4.2629599132349483e-02, 6.9702066327016199e-03,
          1.2376849478266647e-02, 9.6079877586869051e-03,
          3.7165806834006969e-03, -2.6207867545687178e-03,
          1.3422634676748051e-02, 3.1322940853634545e-02,
          -1.6037438123646757e-03, 6.9702066327016225e-03,
          1.7969892738714466e-02, 3.9680310868978165e-03,
          4.7229816909151656e-03, 1.6649619303993172e-03,
