%YAML:1.0
---
groups:
   - intact
   - CD19
   - blast
intactGmmnames:
   - "intact.644.0"
   - "intact.644.1"
   - "intact.644.2"
   - "intact.644.3"
   - "intact.644.4"
intactLabels:
   - FSC-A
   - SSC-A
   - SY41
   - CD19
   - CD10
   - CD20
   - CD45
   - CD34
   - CD38
intactMu: !!opencv-matrix
   rows: 5
   cols: 9
   dt: d
   data: [ 1.4225920229129267e+00, 3.3944340505586401e-01,
       2.8368419297580472e+00, 1.1047987099799017e+00,
       1.0378069606377367e+00, 1.0881834996152955e+00,
       3.5571015587354298e+00, 1.0747000705139278e+00,
       1.6008577298294999e+00, 2.6490940310363258e+00,
       3.7576709344004420e+00, 2.8960963793389656e+00,
       1.9204287159670028e+00, 1.9305347255216028e+00,
       1.5880329942086071e+00, 2.9490698833910924e+00,
       1.1528390934576633e+00, 1.7150075184568137e+00,
       1.0920363275798104e+00, 3.8534137421004855e-01,
       2.9205453205429324e+00, 1.0539626865856919e+00,
       1.1944365824012650e+00, 1.2163890371312065e+00,
       1.4152611071137071e+00, 1.0952988757432423e+00,
       1.5186699059881896e+00, 2.5241796223838602e+00,
       1.7752753304484865e+00, 2.6939016207534401e+00,
       1.5367245011418604e+00, 1.3431646047896442e+00,
       1.4492477410667721e+00, 2.2231701488779132e+00,
       1.2646309675634855e+00, 1.5875479705779740e+00,
       1.9046746876352714e+00, 1.1363779067829092e+00,
       2.7926738306647754e+00, 1.5482313315974756e+00,
       1.5782920842495551e+00, 1.6145915041580436e+00,
       3.3746893376906715e+00, 1.4016899230709454e+00,
       2.6330508570102964e+00 ]
intactSigma:
   - !!opencv-matrix
      rows: 9
      cols: 9
      dt: d
      data: [ 7.0264745326958131e-02, 1.3631118718857294e-02,
          -1.4611285201230831e-02, 9.0088639587938123e-03,
          -1.5537506598261581e-03, 8.1000843789461631e-03,
          1.1292204533820592e-02, 9.6088492513270738e-04,
          -2.5858051996290698e-03, 1.3631118718857294e-02,
          2.1168747973190731e-02, -4.8550941813811279e-03,
          1.0211373772368831e-02, 1.2534287021227854e-02,
          1.8400169573050369e-02, 9.4897246575582541e-03,
          2.2572878337479606e-03, -8.7594722891382666e-04,
          -1.4611285201230831e-02, -4.8550941813811279e-03,
          1.6304107834264996e-02, -4.6096951823057820e-03,
          1.5814595113772471e-03, -2.0211972137570856e-03,
          -6.5752000099289247e-03, 1.8361744153827964e-04,
          4.1982102693606451e-04, 9.0088639587938123e-03,
          1.0211373772368830e-02, -4.6096951823057820e-03,
          4.8716318135778820e-02, 6.7719233509946119e-03,
          9.6237814633637533e-03, 5.2171187817622866e-03,
          3.3323919471260205e-03, -5.9172390015549579e-03,
          -1.5537506598261579e-03, 1.2534287021227860e-02,
          1.5814595113772477e-03, 6.7719233509946110e-03,
          8.3314388945931322e-02, 4.4657999436287484e-03,
          1.8124064696398486e-03, -2.5925301884402547e-03,
          1.0243135963154504e-03, 8.1000843789461648e-03,
          1.8400169573050369e-02, -2.0211972137570856e-03,
          9.6237814633637515e-03, 4.4657999436287475e-03,
          9.8132387200235663e-02, 7.6477905162036361e-03,
          2.6126842563800592e-03, -2.1841580844231636e-03,
          1.1292204533820592e-02, 9.4897246575582541e-03,
          -6.5752000099289264e-03, 5.2171187817622849e-03,
          1.8124064696398486e-03, 7.6477905162036361e-03,
          1.4332145631795126e-02, -1.4734449451635132e-03,
          -2.5222575669582165e-03, 9.6088492513270890e-04,
          2.2572878337479593e-03, 1.8361744153827942e-04,
          3.3323919471260205e-03, -2.5925301884402530e-03,
          2.6126842563800605e-03, -1.4734449451635132e-03,
          1.4658813264047968e-01, 2.0379955023074746e-03,
          -2.5858051996290698e-03, -8.7594722891382699e-04,
          4.1982102693606451e-04, -5.9172390015549579e-03,
          1.0243135963154504e-03, -2.1841580844231628e-03,
          -2.5222575669582165e-03, 2.0379955023074763e-03,
          3.4673258187788436e-02 ]
   - !!opencv-matrix
      rows: 9
      cols: 9
      dt: d
      data: [ 3.3885116294395712e-01, 2.5326105761995066e-02,
          2.2507058713468250e-02, 1.1128349299813007e-02,
          -1.2269432168444275e-01, 4.2622019147355347e-02,
          -3.3313281769263792e-02, 2.3082896092394283e-03,
          5.4902607639072253e-02, 2.5326105761995059e-02,
          2.2763666030738991e-01, -2.2429683039857759e-03,
          3.8463798159647726e-02, 8.4776130373226649e-02,
          1.4777909285787899e-02, 2.2457760057240903e-02,
          1.3574404840695714e-02, -2.1012590062952870e-02,
          2.2507058713468250e-02, -2.2429683039857751e-03,
          2.2464114049195617e-02, -2.6722488072754833e-04,
          -2.3827804394988807e-02, 8.8945470690858872e-03,
          -8.8969766537885468e-03, -1.2753182352758464e-03,
          1.4946855317559982e-02, 1.1128349299813005e-02,
          3.8463798159647726e-02, -2.6722488072754850e-04,
          2.4281418567263440e-02, 9.6702128864665868e-03,
          5.2436569973537302e-03, 2.6520826568856202e-03,
          3.0940657319201872e-03, -6.6303044022852824e-03,
          -1.2269432168444275e-01, 8.4776130373226635e-02,
          -2.3827804394988807e-02, 9.6702128864665921e-03,
          3.8227676524596549e-01, -1.5364006317907733e-02,
          6.3752929486984439e-02, 1.2601366590439957e-02,
          -6.2544727297102462e-02, 4.2622019147355347e-02,
          1.4777909285787899e-02, 8.8945470690858872e-03,
          5.2436569973537302e-03, -1.5364006317907734e-02,
          4.9041625846166344e-02, -4.1682406673122317e-03,
          4.0921909327701241e-03, 2.1918417426889731e-02,
          -3.3313281769263799e-02, 2.2457760057240903e-02,
          -8.8969766537885468e-03, 2.6520826568856202e-03,
          6.3752929486984425e-02, -4.1682406673122299e-03,
          3.6601570414056941e-02, 6.2239951305712775e-04,
          -1.5359955764098734e-02, 2.3082896092394300e-03,
          1.3574404840695714e-02, -1.2753182352758458e-03,
          3.0940657319201881e-03, 1.2601366590439960e-02,
          4.0921909327701258e-03, 6.2239951305712797e-04,
          9.3470673804779594e-02, 5.6554358215965789e-04,
          5.4902607639072253e-02, -2.1012590062952873e-02,
          1.4946855317559989e-02, -6.6303044022852824e-03,
          -6.2544727297102462e-02, 2.1918417426889731e-02,
          -1.5359955764098734e-02, 5.6554358215965875e-04,
          7.0068064477654388e-02 ]
   - !!opencv-matrix
      rows: 9
      cols: 9
      dt: d
      data: [ 8.0561590084868531e-02, 3.3272934609388832e-03,
          -4.5397743075667588e-02, 7.9800254734362693e-03,
          -2.6080458542918484e-03, -6.1997506122131486e-03,
          -1.5025761894891479e-03, -6.6294090641782317e-04,
          -1.0469120452093980e-03, 3.3272934609388832e-03,
          2.8036158196125947e-02, 1.3177646614579394e-02,
          1.0549503739025069e-02, 2.3753578060091974e-02,
          2.9553030562215366e-02, 8.8694488910830618e-03,
          4.7131682098331060e-03, 2.5842320871035246e-03,
          -4.5397743075667581e-02, 1.3177646614579396e-02,
          1.1959140844066012e-01, -1.4749012011681838e-02,
          2.1968955980731956e-02, 3.2051491674786978e-02,
          1.0089040216085405e-02, 5.1998135174194868e-03,
          4.3525933235243532e-03, 7.9800254734362693e-03,
          1.0549503739025070e-02, -1.4749012011681838e-02,
          3.0513280652998635e-02, 8.6708970495947644e-03,
          9.7627280837230702e-03, 1.4801670319458617e-03,
          2.0909115516937120e-03, -2.8332392525636965e-03,
          -2.6080458542918476e-03, 2.3753578060091977e-02,
          2.1968955980731956e-02, 8.6708970495947644e-03,
          8.8436652634020049e-02, 2.3961729031235248e-02,
