%YAML:1.0
---
groups:
   - intact
   - CD19
   - blast
intactGmmnames:
   - "intact.645.0"
   - "intact.645.1"
   - "intact.645.2"
   - "intact.645.3"
   - "intact.645.4"
intactLabels:
   - FSC-A
   - SSC-A
   - SY41
   - CD19
   - CD10
   - CD20
   - CD45
   - CD34
   - CD38
intactMu: !!opencv-matrix
   rows: 5
   cols: 9
   dt: d
   data: [ 1.4361572905016626e+00, 3.7937333794633132e-01,
       3.7090785714002790e+00, 1.0898454940044300e+00,
       8.4395847422296422e-01, 9.6580471979574900e-01,
       3.7615295724881621e+00, 1.0820678854223307e+00,
       1.7181130291500704e+00, 2.5992806046871948e+00,
       3.2175438927787359e+00, 3.7894451246854666e+00,
       1.5048954263530032e+00, 2.1651110275150907e+00,
       1.3141578674999859e+00, 2.9912324048537542e+00,
       1.1565397403035929e+00, 1.7991782858533047e+00,
       1.2271606526347301e+00, 4.1307921591208785e-01,
       3.9174798026068069e+00, 9.0207622634013551e-01,
       9.5628348909976757e-01, 1.0800711489952264e+00,
       1.4892140042351121e+00, 1.1034645550303348e+00,
       1.7678372880695541e+00, 1.6721679281937274e+00,
       6.0109169338829527e-01, 3.5878757223735254e+00,
       1.1761843337265254e+00, 8.4674240493490449e-01,
       9.4767104157645488e-01, 3.7644189557690315e+00,
       1.1382431918602045e+00, 2.7929688721080588e+00,
       2.2062994751799612e+00, 1.5211283157452677e+00,
       3.8073677198382487e+00, 1.2713037111776408e+00,
       1.4495395328358656e+00, 1.6267384344280982e+00,
       2.9378937937401730e+00, 1.4310865250014346e+00,
       2.4497420682077395e+00 ]
intactSigma:
   - !!opencv-matrix
      rows: 9
      cols: 9
      dt: d
      data: [ 1.3027509438871068e-01, 2.8890596551744273e-02,
          -2.7779426969635080e-02, 2.2403219743757745e-02,
          1.4492918331996351e-02, 2.7484731435529257e-02,
          3.1646624778710303e-02, -2.9501940432734286e-04,
          -7.6136194565524984e-03, 2.8890596551744273e-02,
          2.2126398111979945e-02, -9.9073970727713585e-03,
          1.0076727052586198e-02, 6.8610039940932470e-03,
          1.6514150204267563e-02, 1.8182793103963472e-02,
          -2.9733028803295003e-04, -3.3982200331962660e-03,
          -2.7779426969635080e-02, -9.9073970727713585e-03,
          1.7499225758855784e-02, -1.1575075534134307e-02,
          -6.8786629212873786e-03, -8.8177394936164513e-03,
          -1.3061466882135529e-02, 7.5818263867501201e-04,
          2.6907387186762724e-03, 2.2403219743757745e-02,
          1.0076727052586198e-02, -1.1575075534134307e-02,
          2.0660793075514973e-02, 5.5318911549557606e-03,
          8.9541995674575197e-03, 1.1438978324524523e-02,
          1.4631535359371603e-03, -4.0656565972930934e-03,
          1.4492918331996351e-02, 6.8610039940932462e-03,
          -6.8786629212873786e-03, 5.5318911549557606e-03,
          3.0663775050016513e-02, 2.7842641727625558e-03,
          8.0394004300008200e-03, -6.9643464169463834e-03,
          -1.6701591653393276e-03, 2.7484731435529257e-02,
          1.6514150204267563e-02, -8.8177394936164496e-03,
          8.9541995674575197e-03, 2.7842641727625567e-03,
          9.9727379457363638e-02, 1.5543167954757679e-02,
          -3.0611742360990373e-04, -4.1284751572853110e-03,
          3.1646624778710310e-02, 1.8182793103963472e-02,
          -1.3061466882135529e-02, 1.1438978324524524e-02,
          8.0394004300008200e-03, 1.5543167954757679e-02,
          2.6702125707168071e-02, -2.7339354433021990e-03,
          -4.7796806499692682e-03, -2.9501940432734308e-04,
          -2.9733028803294998e-04, 7.5818263867501222e-04,
          1.4631535359371603e-03, -6.9643464169463834e-03,
          -3.0611742360990395e-04, -2.7339354433021982e-03,
          1.5044109931307084e-01, 2.0829825754965833e-03,
          -7.6136194565524966e-03, -3.3982200331962660e-03,
          2.6907387186762724e-03, -4.0656565972930934e-03,
          -1.6701591653393276e-03, -4.1284751572853102e-03,
          -4.7796806499692682e-03, 2.0829825754965837e-03,
          2.0160333330487806e-02 ]
   - !!opencv-matrix
      rows: 9
      cols: 9
      dt: d
      data: [ 3.2914518265176856e-01, 1.4012277189584293e-01,
          -1.6216042950623129e-02, 3.6770481819781646e-02,
          -1.2352986832585552e-01, 3.9934628037086362e-02,
          -7.9844788166762160e-03, 6.0761408949886239e-03,
          2.6273441751879394e-02, 1.4012277189584291e-01,
          3.9584959062853331e-01, -7.3757486345440966e-03,
          7.2914501119132683e-02, 7.9575347822938652e-02,
          4.8676916774458456e-02, 2.5531207214550784e-02,
          1.1836119651334518e-02, 3.4681852717167883e-03,
          -1.6216042950623129e-02, -7.3757486345440966e-03,
          1.6651609993422672e-02, -9.5649092241420989e-03,
          -5.0943745296868174e-03, -1.1904482604936913e-03,
          -7.9458508900958260e-03, 2.4852146391642489e-04,
          -1.3987112447971552e-03, 3.6770481819781646e-02,
          7.2914501119132669e-02, -9.5649092241420989e-03,
          3.1686747948989027e-02, 1.1547207537511749e-02,
          1.0594804358391904e-02, 8.0232131575467026e-03,
          1.8271970907887496e-03, -4.9600644517071627e-04,
          -1.2352986832585552e-01, 7.9575347822938639e-02,
          -5.0943745296868174e-03, 1.1547207537511749e-02,
          4.1111947223187234e-01, -1.0660227609570453e-02,
          4.6857164687405056e-02, 7.0406196886531724e-03,
          -3.5020973517678966e-02, 3.9934628037086362e-02,
          4.8676916774458449e-02, -1.1904482604936915e-03,
          1.0594804358391904e-02, -1.0660227609570456e-02,
          5.2590982146473259e-02, 1.7758732378002858e-03,
          2.5485911686108694e-03, 5.7597377191749557e-03,
          -7.9844788166762160e-03, 2.5531207214550784e-02,
          -7.9458508900958260e-03, 8.0232131575467044e-03,
          4.6857164687405056e-02, 1.7758732378002865e-03,
          3.4934253736569297e-02, -2.0148140957822845e-04,
          -2.4704934830959446e-03, 6.0761408949886221e-03,
          1.1836119651334513e-02, 2.4852146391642473e-04,
          1.8271970907887492e-03, 7.0406196886531741e-03,
          2.5485911686108694e-03, -2.0148140957822845e-04,
          5.8203783828372053e-02, 1.5911694038472311e-04,
          2.6273441751879394e-02, 3.4681852717167883e-03,
          -1.3987112447971556e-03, -4.9600644517071660e-04,
          -3.5020973517678966e-02, 5.7597377191749575e-03,
          -2.4704934830959433e-03, 1.5911694038472311e-04,
          2.0942681985224476e-02 ]
   - !!opencv-matrix
      rows: 9
      cols: 9
      dt: d
      data: [ 2.5722629901370664e-01, 5.8784345126551479e-02,
          8.3438139847219449e-03, 5.5395131763341793e-03,
          4.6144633636647552e-02, 6.3905099529997636e-02,
          3.7509022223732598e-02, 2.7033126578718835e-03,
          1.9349486950881883e-02, 5.8784345126551472e-02,
          3.3409862158502876e-02, 9.9945024064941081e-03,
          -1.1722819832042371e-03, 1.7308281887842374e-02,
          3.1308747860346847e-02, 1.6948800354484341e-02,
          2.2112657716508353e-03, 1.0244909365141429e-02,
          8.3438139847219431e-03, 9.9945024064941081e-03,
          7.9823712475634606e-02, -5.3768429411445814e-02,
          -3.1811894100673969e-02, 7.8404686998467428e-03,
          -7.3228489802610293e-03, 3.4082884622471769e-03,
          7.2816826345062282e-03, 5.5395131763341775e-03,
          -1.1722819832042373e-03, -5.3768429411445814e-02,
          4.3236948550879381e-02, 3.0135976935639703e-02,
          1.9362827140544259e-03, 9.9694061310701305e-03,
          -2.0334772011803754e-03, -3.1952598116616643e-03,
          4.6144633636647552e-02, 1.7308281887842374e-02,
          -3.1811894100673969e-02, 3.0135976935639703e-02,
          1.5836857260983267e-01, 1.6695718750927294e-02,
