%YAML:1.0
---
groups:
   - intact
   - CD19
   - blast
intactGmmnames:
   - "intact.646.0"
   - "intact.646.1"
   - "intact.646.2"
   - "intact.646.3"
   - "intact.646.4"
intactLabels:
   - FSC-A
   - SSC-A
   - SY41
   - CD19
   - CD10
   - CD20
   - CD45
   - CD34
   - CD38
intactMu: !!opencv-matrix
   rows: 5
   cols: 9
   dt: d
   data: [ 1.2967834429655880e+00, 2.8624162868992092e-01,
       3.2133874490586356e+00, 1.0736193656448012e+00,
       9.4824501491309321e-01, 9.8586180629641329e-01,
       3.6577241460176357e+00, 1.1149225792730146e+00,
       1.8865249122827930e+00, 2.7778722669566807e+00,
       3.4826279893690355e+00, 3.2501610093999314e+00,
       1.8253111646760007e+00, 2.0756925989840425e+00,
       1.1987992753774621e+00, 2.6452344283018356e+00,
       1.1820978029270437e+00, 1.5183349071473013e+00,
       1.6089632673599488e+00, 4.9515680266583828e-01,
       2.9269427761091231e+00, 1.2265365611941652e+00,
       9.8644279307209670e-01, 1.0478211629717007e+00,
       3.8362337712119130e+00, 1.1360126892977693e+00,
       1.8904028838368829e+00, 1.9060514822432002e+00,
       9.0224826062412167e-01, 2.7903041643151698e+00,
       1.2424677174323364e+00, 1.3313310137479319e+00,
       1.2876568798234416e+00, 1.8213090295111507e+00,
       1.2622073763987394e+00, 1.5469514679052019e+00,
       2.4658140395973507e+00, 1.6468220710719144e+00,
       3.1609263861300874e+00, 1.6377369719246415e+00,
       1.5711129590863437e+00, 1.5399920505703339e+00,
       3.3003227325549123e+00, 1.3694183465159802e+00,
       2.1866525935800110e+00 ]
intactSigma:
   - !!opencv-matrix
      rows: 9
      cols: 9
      dt: d
      data: [ 1.2018288195974400e-01, 6.2524158775828786e-03,
          -3.5097197560492344e-02, 1.4546783866413490e-02,
          4.6798876893838666e-03, 1.2537130211834301e-02,
          4.6454406725005932e-03, -6.1915406780176042e-04,
          -1.0358358706157537e-02, 6.2524158775828778e-03,
          8.8373906086524536e-03, -4.9425486156560311e-03,
          5.5019537535958684e-03, 5.0177624639664332e-03,
          8.3698402399727083e-03, 3.8027313055479244e-03,
          1.0314041931250221e-03, -7.8428636637094731e-03,
          -3.5097197560492344e-02, -4.9425486156560311e-03,
          3.0631684960268593e-02, -1.1810477590506616e-02,
          -4.2135444293380734e-03, -5.4079663952975206e-03,
          -5.3147704204447128e-03, 8.0535375072116413e-04,
          8.4869876893367627e-03, 1.4546783866413495e-02,
          5.5019537535958684e-03, -1.1810477590506617e-02,
          4.6101109519693269e-02, 4.2090682969299275e-03,
          7.1703048213656436e-03, 3.6470123239861246e-03,
          1.4315472930968333e-03, -1.3553823669523549e-02,
          4.6798876893838649e-03, 5.0177624639664324e-03,
          -4.2135444293380734e-03, 4.2090682969299284e-03,
          4.2405903956313391e-02, -1.5839890419277883e-03,
          1.9618384985718761e-03, -3.4511690640650337e-03,
          -6.4001378965496698e-03, 1.2537130211834302e-02,
          8.3698402399727083e-03, -5.4079663952975197e-03,
          7.1703048213656445e-03, -1.5839890419277879e-03,
          7.7989658831082151e-02, 4.5425624557222577e-03,
          1.9462205081639866e-03, -1.3738645735838665e-02,
          4.6454406725005941e-03, 3.8027313055479239e-03,
          -5.3147704204447119e-03, 3.6470123239861246e-03,
          1.9618384985718761e-03, 4.5425624557222577e-03,
          8.8382976737929834e-03, -1.7007669678223822e-03,
          -9.0760589831546928e-03, -6.1915406780175988e-04,
          1.0314041931250221e-03, 8.0535375072116457e-04,
          1.4315472930968337e-03, -3.4511690640650328e-03,
          1.9462205081639866e-03, -1.7007669678223830e-03,
          1.1609702890590490e-01, 3.6647773076508732e-03,
          -1.0358358706157537e-02, -7.8428636637094731e-03,
          8.4869876893367627e-03, -1.3553823669523549e-02,
          -6.4001378965496698e-03, -1.3738645735838668e-02,
          -9.0760589831546928e-03, 3.6647773076508741e-03,
          1.4241360501230066e-01 ]
   - !!opencv-matrix
      rows: 9
      cols: 9
      dt: d
      data: [ 2.4790773368056387e-01, 1.1902563244814453e-01,
          -1.7083220055437057e-02, 3.1176816715854119e-02,
          -2.3774925758826806e-02, 2.0057419209728936e-02,
          -1.2518505397559882e-02, 5.2933346726223799e-03,
          2.1248507506514552e-03, 1.1902563244814453e-01,
          3.4010889697725855e-01, -2.9906048422668880e-02,
          7.8713141037098408e-02, 3.8318608315413900e-02,
          3.5337082867500251e-02, 1.1028448788852121e-02,
          6.8174980382582646e-03, -8.9165791123799231e-04,
          -1.7083220055437057e-02, -2.9906048422668884e-02,
          5.6885413752093827e-02, -1.7186004261958279e-02,
          -6.7699271586974382e-03, -7.8853842342910697e-04,
          -3.1463643500281853e-03, 3.5769640206978720e-04,
          1.2109888215664272e-03, 3.1176816715854119e-02,
          7.8713141037098394e-02, -1.7186004261958283e-02,
          4.1111347315991711e-02, 9.3378422284121701e-03,
          8.5623044313242955e-03, 2.7368826957872767e-03,
          2.5543755232355584e-03, -9.1148105374217626e-03,
          -2.3774925758826806e-02, 3.8318608315413900e-02,
          -6.7699271586974400e-03, 9.3378422284121701e-03,
          1.3508422255757324e-01, 3.3505768772846569e-03,
          3.0015292589892464e-02, 2.3998338024193147e-03,
          -7.7455694212628088e-04, 2.0057419209728936e-02,
          3.5337082867500244e-02, -7.8853842342910751e-04,
          8.5623044313242937e-03, 3.3505768772846578e-03,
          6.2426542705823103e-02, 2.2079697543053779e-03,
          3.2342241569099589e-03, 1.3565599947388633e-03,
          -1.2518505397559882e-02, 1.1028448788852121e-02,
          -3.1463643500281844e-03, 2.7368826957872767e-03,
          3.0015292589892464e-02, 2.2079697543053787e-03,
          4.4283696081420430e-02, -5.3897554359264694e-04,
          -1.0404466755222536e-03, 5.2933346726223816e-03,
          6.8174980382582646e-03, 3.5769640206978693e-04,
          2.5543755232355593e-03, 2.3998338024193151e-03,
          3.2342241569099598e-03, -5.3897554359264672e-04,
          5.8952536485346776e-02, 7.6671315509309248e-04,
          2.1248507506514557e-03, -8.9165791123799177e-04,
          1.2109888215664263e-03, -9.1148105374217608e-03,
          -7.7455694212628164e-04, 1.3565599947388631e-03,
          -1.0404466755222527e-03, 7.6671315509309194e-04,
          4.7569918444488483e-02 ]
   - !!opencv-matrix
      rows: 9
      cols: 9
      dt: d
      data: [ 6.9993625354844033e-02, 3.3971592853720791e-03,
          -2.0538867330681658e-02, 3.7150130296832872e-03,
          2.4011252577282182e-03, 5.6351818516387929e-03,
          -1.3740156690624768e-03, -1.4702947696527521e-04,
          -1.1944955654397354e-02, 3.3971592853720804e-03,
          1.7350401998618349e-02, -5.9636331930539559e-03,
          9.1535341235961052e-03, 6.7040161424077394e-03,
          8.4256489327398845e-03, 5.5972537050905605e-03,
          1.4791867029972359e-03, -1.9737199751949835e-04,
          -2.0538867330681658e-02, -5.9636331930539577e-03,
          8.1249812889248929e-02, -2.1343325507958626e-02,
          -6.1782724672584232e-03, -3.2431436340184033e-04,
          -7.8886780539098086e-03, 6.7515983107953206e-05,
          3.3658136900599333e-03, 3.7150130296832872e-03,
          9.1535341235961069e-03, -2.1343325507958626e-02,
          6.2713946194744838e-02, 5.2276768081532957e-03,
          4.1147923378984548e-03, 6.1464679523334049e-03,
          3.3568168554375289e-03, -1.0992685123976387e-02,
          2.4011252577282173e-03, 6.7040161424077394e-03,
          -6.1782724672584258e-03, 5.2276768081532957e-03,
          4.2478416046305506e-02, -1.5792748125841856e-03,
