%YAML:1.0
---
groups:
   - intact
   - CD19
intactGmmnames:
   - "intact.646.0"
   - "intact.646.1"
   - "intact.646.2"
   - "intact.646.3"
   - "intact.646.4"
intactLabels:
   - FSC-A
   - SSC-A
   - SY41
   - CD19
   - CD10
   - CD20
   - CD45
   - CD34
   - CD38
intactMu: !!opencv-matrix
   rows: 5
   cols: 9
   dt: d
   data: [ 3.0535746504508134e+00, 2.8088779582686469e+00,
       2.2860197664756874e+00, 1.8736648390506294e+00,
       1.0700798256051378e+00, 1.2488741491785662e+00,
       2.6098369527817633e+00, 1.0168027852187478e+00,
       1.7111896960689450e+00, 1.2073473688250074e+00,
       3.8617221816844999e-01, 1.9919287924382914e+00,
       1.1416667108310043e+00, 9.2468979122270178e-01,
       1.0006298164086658e+00, 1.5264368259536971e+00,
       1.1573837687416735e+00, 1.3545888885434993e+00,
       1.2020995797398857e+00, 3.1253902635575354e-01,
       1.9640761718959365e+00, 1.1588535783627896e+00,
       8.6264829635427731e-01, 9.8939028426415343e-01,
       3.5112823299775768e+00, 9.5676418319394718e-01,
       1.6620694046255180e+00, 2.6730673635631099e+00,
       3.1398932551898224e+00, 2.2451629639094626e+00,
       1.9124534844016128e+00, 2.3685702645934597e+00,
       1.1779597921138287e+00, 2.6022056155433630e+00,
       1.0416513890254921e+00, 1.2947762103468154e+00,
       2.3003473760790647e+00, 1.4266980686614052e+00,
       2.2257320921889754e+00, 1.5219456584918485e+00,
       1.2600947204594184e+00, 1.3186549083566290e+00,
       2.5891119591200762e+00, 1.3542010567274672e+00,
       2.2486475307889626e+00 ]
intactSigma:
   - !!opencv-matrix
      rows: 9
      cols: 9
      dt: d
      data: [ 3.7690373488069223e-01, 1.6861971347444660e-01,
          3.2720818275574194e-02, 4.1287964333493549e-02,
          2.3465267434564084e-02, 4.5502797437259095e-02,
          8.3461710284351131e-03, 7.3156946801002549e-03,
          3.5396304042179416e-02, 1.6861971347444660e-01,
          4.6590113094642233e-01, 3.1631036527711064e-02,
          9.6411084292568103e-02, 3.7104978224663555e-02,
          4.4457787696560176e-02, 2.8833483311443468e-02,
          1.2503794602460722e-02, -3.0102905342724716e-02,
          3.2720818275574187e-02, 3.1631036527711064e-02,
          2.4855956545327660e-02, 6.6707469195515928e-03,
          6.2757495511981511e-03, 1.5059870229170600e-02,
          3.4629055492650155e-03, 8.9461350504983056e-04,
          3.0965691658059676e-02, 4.1287964333493549e-02,
          9.6411084292568103e-02, 6.6707469195515920e-03,
          3.5015967734696257e-02, 7.5019765910598188e-03,
          9.9565441688471302e-03, 5.8480881509253386e-03,
          3.4793977143902383e-03, -1.4568568134711269e-02,
          2.3465267434564091e-02, 3.7104978224663555e-02,
          6.2757495511981511e-03, 7.5019765910598205e-03,
          6.7881146292167960e-02, 3.2505053711120472e-03,
          4.2704594218848074e-03, 2.9060745251912581e-04,
          1.2107605996999088e-02, 4.5502797437259102e-02,
          4.4457787696560183e-02, 1.5059870229170600e-02,
          9.9565441688471302e-03, 3.2505053711120481e-03,
          5.8927739258102317e-02, 6.7697294047503204e-03,
          1.2228989228877031e-03, 4.6334747917439523e-02,
          8.3461710284351131e-03, 2.8833483311443468e-02,
          3.4629055492650150e-03, 5.8480881509253386e-03,
          4.2704594218848056e-03, 6.7697294047503204e-03,
          2.4945045449659840e-02, -2.1423807264935269e-03,
          1.6954505677756096e-02, 7.3156946801002515e-03,
          1.2503794602460726e-02, 8.9461350504983035e-04,
          3.4793977143902396e-03, 2.9060745251912695e-04,
          1.2228989228877034e-03, -2.1423807264935274e-03,
          6.2662166801364660e-02, -1.3102748618450952e-03,
          3.5396304042179430e-02, -3.0102905342724716e-02,
          3.0965691658059676e-02, -1.4568568134711269e-02,
          1.2107605996999088e-02, 4.6334747917439523e-02,
          1.6954505677756096e-02, -1.3102748618450968e-03,
          2.6357983324156187e-01 ]
   - !!opencv-matrix
      rows: 9
      cols: 9
      dt: d
      data: [ 2.6807907579053220e-01, 5.1369638708058600e-02,
          -5.2832206397709303e-02, 2.7745133916033331e-02,
          1.3753296330200056e-02, 4.3864991709532390e-02,
          9.5847980721123313e-02, 7.1300376696868450e-02,
          4.6061463343021469e-02, 5.1369638708058593e-02,
          3.3233490926685955e-02, -8.7080514316443570e-03,
          1.5029983012080909e-02, 9.5928411671329337e-03,
          1.8112796976036634e-02, 2.0904129786112637e-02,
          1.3281453397102870e-02, 9.3119058456740782e-03,
          -5.2832206397709296e-02, -8.7080514316443588e-03,
          2.5300419906395277e-01, -9.4924637743521462e-03,
          2.5643828644091281e-02, 4.8775305835195182e-02,
          -6.5826750574419418e-02, -6.2864779063939266e-02,
          -2.2578064003576891e-02, 2.7745133916033331e-02,
          1.5029983012080909e-02, -9.4924637743521462e-03,
          2.2486253459661931e-02, 4.8822585866278457e-03,
          9.9376008881990434e-03, 1.3016758164354530e-02,
          1.0437158985099299e-02, 9.7451153783295174e-04,
          1.3753296330200056e-02, 9.5928411671329337e-03,
          2.5643828644091281e-02, 4.8822585866278457e-03,
          6.3940000818191609e-02, 1.4805242457116197e-02,
          6.3905177647249657e-03, -2.9025754962192416e-03,
          3.9682887903932347e-03, 4.3864991709532390e-02,
          1.8112796976036637e-02, 4.8775305835195182e-02,
          9.9376008881990434e-03, 1.4805242457116197e-02,
          9.1840134477142107e-02, 1.3703859435895907e-02,
          3.3716359676308652e-03, 9.2386132537372670e-03,
          9.5847980721123313e-02, 2.0904129786112641e-02,
          -6.5826750574419418e-02, 1.3016758164354535e-02,
          6.3905177647249683e-03, 1.3703859435895907e-02,
          1.0502604558399120e-01, 5.6832840352254374e-02,
          3.3122130359146434e-02, 7.1300376696868450e-02,
          1.3281453397102868e-02, -6.2864779063939252e-02,
          1.0437158985099297e-02, -2.9025754962192416e-03,
          3.3716359676308661e-03, 5.6832840352254374e-02,
          9.6874500940501887e-02, 2.5548720464867843e-02,
          4.6061463343021476e-02, 9.3119058456740747e-03,
          -2.2578064003576887e-02, 9.7451153783295152e-04,
          3.9682887903932356e-03, 9.2386132537372653e-03,
          3.3122130359146434e-02, 2.5548720464867836e-02,
          3.9158284467756620e-02 ]
   - !!opencv-matrix
      rows: 9
      cols: 9
      dt: d
      data: [ 1.2689539567988334e-01, 2.4158584647186936e-02,
          -3.7840647912917830e-02, 1.2024073825633690e-02,
          5.2396807373656963e-03, 1.7540199745831542e-02,
          3.2550050905399371e-02, -2.6812225949179530e-03,
          -7.1977029628335371e-03, 2.4158584647186936e-02,
          1.6165187751186222e-02, -6.4334426261664244e-03,
          8.1846149444560427e-03, 3.6618310540059923e-03,
          1.0201807389436726e-02, 1.1978466048519161e-02,
          -3.0467575448941476e-04, 4.0505627285351573e-03,
          -3.7840647912917830e-02, -6.4334426261664262e-03,
          5.8079470658501914e-02, -3.6529506074914390e-03,
          2.8011321684673276e-04, -1.9206109241867034e-04,
          -1.4033300767052248e-02, 4.5794420342273412e-04,
          -1.5486474018722924e-03, 1.2024073825633690e-02,
          8.1846149444560444e-03, -3.6529506074914390e-03,
          3.8312036757673432e-02, 2.5540574816775080e-03,
          5.5275728395839446e-03, 6.6863251704404568e-03,
          1.3685858457478130e-03, -6.2754050841982373e-03,
          5.2396807373656972e-03, 3.6618310540059923e-03,
          2.8011321684673286e-04, 2.5540574816775075e-03,
          5.5325614233749348e-02, -2.0767621784989268e-03,
          1.8332833928281955e-03, -3.9879649472529619e-03,
