%YAML:1.0
---
groups:
   - intact
   - CD19
intactGmmnames:
   - "intact.651.0"
   - "intact.651.1"
   - "intact.651.2"
   - "intact.651.3"
   - "intact.651.4"
intactLabels:
   - FSC-A
   - SSC-A
   - SY41
   - CD19
   - CD10
   - CD20
   - CD45
   - CD34
   - CD38
intactMu: !!opencv-matrix
   rows: 5
   cols: 9
   dt: d
   data: [ 1.0871776854261654e+00, 2.6718927132931092e-01,
       3.0793445973443054e+00, 1.0267874916990063e+00,
       1.1078503430627240e+00, 1.0339183168088149e+00,
       1.2886855482417621e+00, 1.0331919022886784e+00,
       1.7917021456743385e+00, 3.0745128894863685e+00,
       3.2396429286620414e+00, 2.7787894875082735e+00,
       1.7516896632637293e+00, 2.4682528477272503e+00,
       1.3322651836312702e+00, 2.6544834185364148e+00,
       1.0837365556765686e+00, 1.8444711406339489e+00,
       2.2724149385309489e+00, 1.3230126466069989e+00,
       2.7728506713654357e+00, 1.3667869447261944e+00,
       1.3382456149896937e+00, 1.4366696729216482e+00,
       2.7476794855033173e+00, 1.4338787598860276e+00,
       2.5373838681864789e+00, 1.3217349168606725e+00,
       2.8934880758123405e-01, 2.6960648755500776e+00,
       1.0987823371872625e+00, 1.0893878775215375e+00,
       1.0410842274855787e+00, 3.4849472600194380e+00,
       1.0339837416294069e+00, 1.9017838871076749e+00,
       3.5924759970242017e+00, 2.6677771949689610e+00,
       2.7628717570104344e+00, 1.6726324029256443e+00,
       1.2304878509012149e+00, 1.4159068152727639e+00,
       2.5226689688220008e+00, 1.0680230076295598e+00,
       1.9744538324343066e+00 ]
intactSigma:
   - !!opencv-matrix
      rows: 9
      cols: 9
      dt: d
      data: [ 1.4992224558514150e-01, 1.5381645346461265e-02,
          -2.9184756814868748e-02, 7.0125618394767247e-03,
          1.6705208017769617e-03, 6.3080453858593887e-03,
          3.6246145783968018e-03, 7.6140060260860621e-04,
          7.5694957553176507e-04, 1.5381645346461265e-02,
          1.6834269185214877e-02, -1.2507314948319778e-03,
          5.1857365406162027e-03, 3.4873827412793042e-03,
          1.6487251692890295e-02, 4.3919212449887671e-03,
          2.3198056117993571e-03, 7.6972806641179795e-04,
          -2.9184756814868755e-02, -1.2507314948319778e-03,
          9.6256390804363379e-02, -1.0851845197787034e-02,
          6.8540730219342942e-04, 1.1790591463788833e-02,
          -1.0334078179290271e-03, 5.1809329464665968e-04,
          -3.9173540088399519e-05, 7.0125618394767247e-03,
          5.1857365406162018e-03, -1.0851845197787034e-02,
          1.2229256893500384e-02, 1.6697388617088807e-03,
          6.7345571138098847e-03, 1.1113726993204232e-03,
          9.5227995248913433e-04, -3.8017026026658372e-04,
          1.6705208017769617e-03, 3.4873827412793060e-03,
          6.8540730219342888e-04, 1.6697388617088809e-03,
          1.2333287622928743e-02, 3.7073725586996491e-03,
          3.0565169558410127e-03, 4.9912332651178882e-04,
          2.8448290702361942e-04, 6.3080453858593861e-03,
          1.6487251692890295e-02, 1.1790591463788837e-02,
          6.7345571138098855e-03, 3.7073725586996491e-03,
          9.4251585942250138e-02, 7.6594496141446731e-03,
          3.7043668417034966e-03, 7.8686397049664274e-04,
          3.6246145783968031e-03, 4.3919212449887671e-03,
          -1.0334078179290271e-03, 1.1113726993204234e-03,
          3.0565169558410136e-03, 7.6594496141446705e-03,
          2.8141706618055977e-02, 6.8667272798673203e-05,
          3.4851023226254563e-04, 7.6140060260860621e-04,
          2.3198056117993576e-03, 5.1809329464665870e-04,
          9.5227995248913433e-04, 4.9912332651178861e-04,
          3.7043668417034966e-03, 6.8667272798673203e-05,
          2.9553419210852989e-02, 1.2760510048833297e-04,
          7.5694957553176486e-04, 7.6972806641179784e-04,
          -3.9173540088399533e-05, -3.8017026026658361e-04,
          2.8448290702361937e-04, 7.8686397049664274e-04,
          3.4851023226254558e-04, 1.2760510048833297e-04,
          6.1257400429731040e-04 ]
   - !!opencv-matrix
      rows: 9
      cols: 9
      dt: d
      data: [ 3.5597502588299423e-01, 1.6058558283826752e-01,
          -1.6910505677209781e-02, 3.4535161048749020e-02,
          -5.1310431344464794e-02, 2.8013433475441041e-02,
          -1.7942883259229665e-02, 3.8506875825437925e-03,
          3.8555561469239014e-03, 1.6058558283826752e-01,
          3.9760010874145574e-01, -1.8505286353210453e-02,
          7.7820599409742827e-02, 5.3592882020248346e-02,
          5.1311548464811764e-02, 2.6092198289598099e-02,
          1.0056843737104519e-02, 4.3954786185362487e-03,
          -1.6910505677209781e-02, -1.8505286353210453e-02,
          2.2136099692728690e-02, -4.9329225396960398e-03,
          -7.0633097538449585e-04, 5.1700101227601626e-04,
          -6.0422526875151183e-03, 9.4616256204324442e-05,
          -1.0201947217277133e-03, 3.4535161048749020e-02,
          7.7820599409742827e-02, -4.9329225396960406e-03,
          3.2422373026200761e-02, 1.1938951100040986e-02,
          1.0818911086775226e-02, 5.2784335012920763e-03,
          2.5756336544950510e-03, -1.0573489346539034e-03,
          -5.1310431344464794e-02, 5.3592882020248360e-02,
          -7.0633097538449672e-04, 1.1938951100040986e-02,
          1.5914034108199512e-01, 7.1596619025784394e-03,
          3.3714205224125063e-02, 3.2649713878543101e-03,
          -2.5960131958702439e-03, 2.8013433475441041e-02,
          5.1311548464811750e-02, 5.1700101227601604e-04,
          1.0818911086775225e-02, 7.1596619025784420e-03,
          5.2129697331391486e-02, 3.1967069946759038e-03,
          2.6788871307137558e-03, 6.6826234396469189e-04,
          -1.7942883259229665e-02, 2.6092198289598099e-02,
          -6.0422526875151183e-03, 5.2784335012920763e-03,
          3.3714205224125063e-02, 3.1967069946759043e-03,
          4.2220996951238828e-02, -1.0578744610904322e-03,
          -6.3017894904587499e-04, 3.8506875825437925e-03,
          1.0056843737104519e-02, 9.4616256204324307e-05,
          2.5756336544950510e-03, 3.2649713878543101e-03,
          2.6788871307137562e-03, -1.0578744610904320e-03,
          7.2713482621189013e-02, 3.3223398898227382e-04,
          3.8555561469239006e-03, 4.3954786185362478e-03,
          -1.0201947217277133e-03, -1.0573489346539032e-03,
          -2.5960131958702439e-03, 6.6826234396469156e-04,
          -6.3017894904587499e-04, 3.3223398898227398e-04,
          4.1757310320416335e-03 ]
   - !!opencv-matrix
      rows: 9
      cols: 9
      dt: d
      data: [ 7.5941516599287107e-01, 3.9511453671289248e-01,
          5.3631969343269782e-02, 9.2087976582543876e-02,
          4.9813718334546231e-02, 1.3692675697125081e-01,
          9.9680302851956282e-02, 7.2456808612970769e-02,
          1.2233015103273684e-01, 3.9511453671289248e-01,
          7.9479717665159488e-01, 6.0545489336711104e-02,
          1.9628469705020307e-01, 7.2393761401779805e-02,
          1.1652233583626946e-01, -1.0184019467768406e-01,
          -5.2680051676152993e-02, 1.9124148971325142e-02,
          5.3631969343269789e-02, 6.0545489336711104e-02,
          1.6468730692793124e-01, 5.3223058087030683e-03,
          1.9389820509327242e-02, 6.1057251381133638e-02,
          1.7896101800719714e-02, 1.0122415292329594e-02,
          5.3081143574241901e-02, 9.2087976582543876e-02,
          1.9628469705020307e-01, 5.3223058087030666e-03,
          1.0119465437115993e-01, 2.3557952402960085e-02,
          4.6809494833517352e-02, -2.6050662268605668e-02,
          -5.7174294371724341e-03, -1.7381626795859372e-02,
          4.9813718334546217e-02, 7.2393761401779791e-02,
          1.9389820509327242e-02, 2.3557952402960082e-02,
          1.3515782631287293e-01, 4.9900124170907369e-02,
          1.7749007191891458e-02, -3.1314962426810923e-03,
