%YAML:1.0
---
groups:
   - intact
   - CD19
   - blast
intactGmmnames:
   - "intact.653.0"
   - "intact.653.1"
   - "intact.653.2"
   - "intact.653.3"
   - "intact.653.4"
intactLabels:
   - FSC-A
   - SSC-A
   - SY41
   - CD19
   - CD10
   - CD20
   - CD45
   - CD34
   - CD38
intactMu: !!opencv-matrix
   rows: 5
   cols: 9
   dt: d
   data: [ 1.2890339273105964e+00, 3.2680915480092793e-01,
       2.5709023088258056e+00, 1.0973201696389061e+00,
       9.0587333444910378e-01, 9.7203770560314573e-01,
       3.5948826719276146e+00, 1.0469576726611627e+00,
       1.8286428318083596e+00, 2.5267409888798742e+00,
       3.0441330809493543e+00, 2.5406572198391935e+00,
       1.9318057029893227e+00, 2.8163693946698993e+00,
       1.2886328811903653e+00, 2.9497581040690002e+00,
       1.1589828184449744e+00, 1.7080096579414263e+00,
       1.0636802932830096e+00, 3.7379021367589388e-01,
       2.4749372255281603e+00, 9.7911853030234086e-01,
       1.0665599429756345e+00, 1.0372569957544331e+00,
       1.4888303258482452e+00, 1.0608465503330411e+00,
       1.4323498617608910e+00, 1.8605592112260270e+00,
       1.4037895900422939e+00, 2.0639247266740117e+00,
       1.4977010373521311e+00, 1.1915318791197629e+00,
       1.4091856668826115e+00, 2.3636507459902085e+00,
       1.8646125124075215e+00, 1.7715371272591993e+00,
       2.1454553597179546e+00, 1.6130778480688497e+00,
       2.6913043619828034e+00, 1.6452336138649881e+00,
       1.6805610144484071e+00, 1.5219094938174358e+00,
       2.7452116168396752e+00, 1.3721480905065551e+00,
       2.1894748038906524e+00 ]
intactSigma:
   - !!opencv-matrix
      rows: 9
      cols: 9
      dt: d
      data: [ 6.2283957778342995e-02, 1.7443342626547433e-02,
          -4.4360192822288085e-02, 1.9381243723257124e-02,
          5.6367300898650967e-03, 1.3063294497543499e-02,
          1.4747469986087601e-02, 1.3171928217018776e-03,
          2.9459342062025202e-03, 1.7443342626547433e-02,
          1.6841714470432704e-02, -2.4704654854240352e-02,
          1.3871972155017577e-02, 4.1756865314974169e-03,
          1.0684113743746643e-02, 9.3384758450274497e-03,
          1.4150939871310684e-03, 8.3474394737279058e-03,
          -4.4360192822288085e-02, -2.4704654854240352e-02,
          1.1149905110106489e-01, -3.2758164400441117e-02,
          -8.5314550084993335e-03, -1.3746200776772801e-02,
          -2.3025570864373776e-02, -7.1908623507175716e-04,
          -7.6889234214851448e-03, 1.9381243723257124e-02,
          1.3871972155017577e-02, -3.2758164400441117e-02,
          1.0403072442680641e-01, 8.0559042714095901e-03,
          1.1943162860519363e-02, 1.0908129234194625e-02,
          4.8784799991093341e-03, -6.1455044092519132e-03,
          5.6367300898651001e-03, 4.1756865314974152e-03,
          -8.5314550084993369e-03, 8.0559042714095901e-03,
          5.7098583457178477e-02, 3.9495458629097138e-03,
          4.6973909047854324e-03, -5.6611765750026943e-03,
          -6.4022348039419761e-03, 1.3063294497543499e-02,
          1.0684113743746643e-02, -1.3746200776772799e-02,
          1.1943162860519364e-02, 3.9495458629097138e-03,
          7.1761747844681034e-02, 8.0339709610141516e-03,
          8.1601516494043708e-04, -1.3915931649467504e-02,
          1.4747469986087601e-02, 9.3384758450274497e-03,
          -2.3025570864373780e-02, 1.0908129234194625e-02,
          4.6973909047854324e-03, 8.0339709610141533e-03,
          1.7262032313217365e-02, -1.9761397383871210e-03,
          -8.3398594857871985e-03, 1.3171928217018769e-03,
          1.4150939871310690e-03, -7.1908623507175716e-04,
          4.8784799991093350e-03, -5.6611765750026969e-03,
          8.1601516494043773e-04, -1.9761397383871214e-03,
          1.3784266651700228e-01, 6.0135015783139593e-03,
          2.9459342062025189e-03, 8.3474394737279023e-03,
          -7.6889234214851448e-03, -6.1455044092519132e-03,
          -6.4022348039419761e-03, -1.3915931649467504e-02,
          -8.3398594857871985e-03, 6.0135015783139593e-03,
          2.3198892114645059e-01 ]
   - !!opencv-matrix
      rows: 9
      cols: 9
      dt: d
      data: [ 2.3952297320769841e-01, 1.0793921584902143e-01,
          3.5868926793979098e-03, 2.2851574863832221e-02,
          -2.7273212309699448e-02, 2.5477000585735973e-02,
          -2.1821423768528532e-02, 1.2900124764220861e-02,
          3.0439332095945943e-03, 1.0793921584902147e-01,
          4.1550383673667812e-01, -3.6672263052317848e-02,
          8.8812572268882450e-02, 6.7730122246724547e-02,
          5.3062373338102313e-02, 4.6182586638099897e-02,
          1.8888137264731483e-02, 7.7448072911096384e-03,
          3.5868926793979098e-03, -3.6672263052317841e-02,
          6.4444473900378024e-02, -1.2261438872231269e-02,
          -1.7052591595197380e-02, -2.7955957805683761e-03,
          -1.1938610930773806e-02, 6.9340361216342888e-04,
          -2.0939650363399850e-03, 2.2851574863832227e-02,
          8.8812572268882450e-02, -1.2261438872231269e-02,
          3.6307670906212022e-02, 1.6636929551418409e-02,
          1.2469086688653003e-02, 1.1040098946269573e-02,
          4.6314204276015304e-03, -5.2514307700942007e-03,
          -2.7273212309699459e-02, 6.7730122246724547e-02,
          -1.7052591595197383e-02, 1.6636929551418409e-02,
          8.2136957724428653e-02, 6.7892845427939994e-03,
          3.9915385556480887e-02, 3.4716504375720378e-03,
          -1.3613607969612329e-03, 2.5477000585735973e-02,
          5.3062373338102313e-02, -2.7955957805683761e-03,
          1.2469086688653003e-02, 6.7892845427939977e-03,
          5.2098245235820330e-02, 5.0215702589053376e-03,
          5.1329624256244797e-03, 4.3106175174903658e-03,
          -2.1821423768528532e-02, 4.6182586638099897e-02,
          -1.1938610930773806e-02, 1.1040098946269575e-02,
          3.9915385556480894e-02, 5.0215702589053350e-03,
          4.3521204304608437e-02, 1.8662972443109604e-03,
          -3.5890902274797205e-03, 1.2900124764220857e-02,
          1.8888137264731486e-02, 6.9340361216342942e-04,
          4.6314204276015295e-03, 3.4716504375720391e-03,
          5.1329624256244797e-03, 1.8662972443109598e-03,
          8.6980131085112419e-02, 5.2984218060379085e-03,
          3.0439332095945930e-03, 7.7448072911096393e-03,
          -2.0939650363399854e-03, -5.2514307700942016e-03,
          -1.3613607969612334e-03, 4.3106175174903658e-03,
          -3.5890902274797205e-03, 5.2984218060379068e-03,
          7.5288022402184199e-02 ]
   - !!opencv-matrix
      rows: 9
      cols: 9
      dt: d
      data: [ 1.1668474627078322e-01, 1.9620334663901447e-02,
          -8.6726181995977550e-02, 2.2468235746026240e-02,
          1.2632875777612780e-02, 1.0966141958520500e-02,
          5.6415963499134364e-03, 1.2530775264672064e-03,
          3.7212079839917221e-03, 1.9620334663901447e-02,
          3.0226729036357307e-02, 4.4481319982212393e-03,
          1.9429369337717918e-02, 2.0393306189475758e-02,
          2.9151058521745855e-02, 9.1244952684321288e-03,
          2.9480162072630248e-03, 7.0847961671059575e-03,
          -8.6726181995977550e-02, 4.4481319982212402e-03,
          3.1416810868276457e-01, -3.9126175812761101e-02,
          2.0487569774339128e-02, 3.0296087117690607e-02,
          7.8587577049193617e-03, 5.6051482548732435e-04,
          1.4825351402093800e-02, 2.2468235746026240e-02,
          1.9429369337717918e-02, -3.9126175812761094e-02,
          5.6969139344132023e-02, 1.4279012617531473e-02,
          2.0466086427131547e-02, 4.4658309772006794e-03,
          2.0883444894043051e-03, -2.3645883524475953e-03,
          1.2632875777612783e-02, 2.0393306189475758e-02,
          2.0487569774339125e-02, 1.4279012617531475e-02,
          1.0712616929182776e-01, 2.6793186937678584e-02,
          1.4959566874025708e-02, 1.4605499773910065e-03,
