%YAML:1.0
---
groups:
   - intact
   - CD19
intactGmmnames:
   - "intact.655.0"
   - "intact.655.1"
   - "intact.655.2"
   - "intact.655.3"
   - "intact.655.4"
intactLabels:
   - FSC-A
   - SSC-A
   - SY41
   - CD19
   - CD10
   - CD20
   - CD45
   - CD34
   - CD38
intactMu: !!opencv-matrix
   rows: 5
   cols: 9
   dt: d
   data: [ 2.5154984615532348e+00, 1.3676648271656131e+00,
       2.0698125587062166e+00, 1.6177398765306013e+00,
       1.5058859081984703e+00, 1.6368231377101758e+00,
       3.4202613399774107e+00, 1.5083852832459930e+00,
       2.6684453732614744e+00, 1.3786035577264997e+00,
       3.7480660018781597e-01, 1.8373727900191499e+00,
       1.2590481953265253e+00, 1.1790325300987525e+00,
       1.2007355889723612e+00, 3.6692589272485594e+00,
       1.1375153004268479e+00, 1.7509814403496127e+00,
       1.6038510804753152e+00, 1.0192366872803176e+00,
       1.5105817728055604e+00, 1.3419327011706614e+00,
       1.0823459202803762e+00, 8.6958774778012282e-01,
       1.1923250486001429e+00, 1.0786912326973488e+00,
       1.4155547394801042e+00, 2.5888032605745552e+00,
       2.9340528546796016e+00, 2.1427336723649519e+00,
       1.8514523769878093e+00, 2.4068049127690623e+00,
       1.4268567896784112e+00, 3.2090175157791321e+00,
       1.1929717155884438e+00, 1.6234124897070779e+00,
       1.7547382757123229e+00, 5.3878630296785535e-01,
       1.7676241458550037e+00, 1.2848522662472130e+00,
       1.2555077007738540e+00, 1.2795226071956403e+00,
       1.7481113491829918e+00, 1.3384248464493618e+00,
       1.6779931181702761e+00 ]
intactSigma:
   - !!opencv-matrix
      rows: 9
      cols: 9
      dt: d
      data: [ 7.8529451088767011e-01, 4.3078694558450870e-01,
          9.9093681632407185e-02, 9.9050281364207307e-02,
          5.2683248742362063e-02, 1.0433155993288616e-01,
          -3.5030608001774190e-02, 6.2687815611574549e-02,
          5.9659839391825141e-02, 4.3078694558450870e-01,
          6.7218681208419084e-01, 1.5189391809882122e-01,
          1.9370055247163295e-01, 1.4639338484257858e-01,
          1.8948444600400619e-01, -1.2455111216413701e-02,
          8.4538266592295522e-03, 2.6622908038438160e-02,
          9.9093681632407185e-02, 1.5189391809882122e-01,
          8.7689014440956378e-02, 6.0199170438371662e-02,
          6.5701826825407553e-02, 7.8047842441955020e-02,
          -6.2541245509494334e-03, 2.4790039914025456e-02,
          -1.2766954888981276e-02, 9.9050281364207307e-02,
          1.9370055247163295e-01, 6.0199170438371655e-02,
          1.6010072945997256e-01, 7.8070210590404560e-02,
          1.2960854387902290e-01, 2.3943263450279195e-02,
          5.2648198299295517e-03, -5.1264248785816126e-02,
          5.2683248742362063e-02, 1.4639338484257858e-01,
          6.5701826825407553e-02, 7.8070210590404560e-02,
          1.6850147305270666e-01, 9.4339382731276844e-02,
          7.5287807345908783e-03, 2.4049591191235526e-02,
          -4.4155415369762294e-02, 1.0433155993288616e-01,
          1.8948444600400619e-01, 7.8047842441955020e-02,
          1.2960854387902290e-01, 9.4339382731276844e-02,
          2.0269345645529696e-01, 6.1118897806858412e-03,
          2.7856217779648557e-02, -5.4078927295893517e-02,
          -3.5030608001774190e-02, -1.2455111216413701e-02,
          -6.2541245509494334e-03, 2.3943263450279192e-02,
          7.5287807345908765e-03, 6.1118897806858412e-03,
          2.5619064050150003e-01, -6.7958999900919984e-02,
          -4.7983251987230031e-02, 6.2687815611574563e-02,
          8.4538266592295470e-03, 2.4790039914025445e-02,
          5.2648198299295500e-03, 2.4049591191235530e-02,
          2.7856217779648570e-02, -6.7958999900919984e-02,
          3.7161192246859065e-01, 6.0260244874501982e-02,
          5.9659839391825148e-02, 2.6622908038438153e-02,
          -1.2766954888981276e-02, -5.1264248785816126e-02,
          -4.4155415369762294e-02, -5.4078927295893517e-02,
          -4.7983251987230052e-02, 6.0260244874501989e-02,
          4.0563763098706146e-01 ]
   - !!opencv-matrix
      rows: 9
      cols: 9
      dt: d
      data: [ 2.5811981156840463e-01, 3.6807828837535368e-02,
          -4.6128414748184403e-02, 4.7749252457224070e-03,
          -1.7978409477663545e-02, -8.9710012698602463e-03,
          4.9145966922132724e-02, -7.9720728353038402e-03,
          1.1365404930420698e-02, 3.6807828837535368e-02,
          3.0191418498995544e-02, 4.3253588036717200e-03,
          1.3630199936991988e-02, 9.7760156056359866e-03,
          1.5828288202272774e-02, 1.2124484664160409e-02,
          3.1756897483748623e-03, 9.6386359064143355e-03,
          -4.6128414748184403e-02, 4.3253588036717200e-03,
          4.9809796894101831e-02, 7.6682476776025500e-03,
          1.3916574232753545e-02, 1.6993304225492594e-02,
          -7.8639143457090895e-03, 4.5484409388615978e-03,
          -1.8828408615067563e-03, 4.7749252457224070e-03,
          1.3630199936991988e-02, 7.6682476776025544e-03,
          6.6309134416352195e-02, 1.0939693986443557e-02,
          1.3541099075062964e-02, 3.2776871808761609e-03,
          6.6398946627295105e-03, -4.9890668167124974e-03,
          -1.7978409477663541e-02, 9.7760156056359848e-03,
          1.3916574232753548e-02, 1.0939693986443557e-02,
          4.9491463008084789e-02, 1.4341933049962135e-02,
          -2.6548785529058490e-03, 3.8847683623165312e-03,
          -3.7890187235904910e-04, -8.9710012698602463e-03,
          1.5828288202272778e-02, 1.6993304225492594e-02,
          1.3541099075062960e-02, 1.4341933049962135e-02,
          7.7276210687798649e-02, 5.3352618326812560e-04,
          8.7413916364442960e-03, -9.9601372409096039e-04,
          4.9145966922132710e-02, 1.2124484664160407e-02,
          -7.8639143457090895e-03, 3.2776871808761618e-03,
          -2.6548785529058498e-03, 5.3352618326812516e-04,
          1.9427189472972343e-02, -3.3062195214108620e-03,
          2.6474951831856257e-03, -7.9720728353038402e-03,
          3.1756897483748623e-03, 4.5484409388616004e-03,
          6.6398946627295122e-03, 3.8847683623165316e-03,
          8.7413916364442994e-03, -3.3062195214108628e-03,
          1.6416803762283289e-01, 1.5669662082604702e-03,
          1.1365404930420701e-02, 9.6386359064143355e-03,
          -1.8828408615067557e-03, -4.9890668167124983e-03,
          -3.7890187235904894e-04, -9.9601372409096039e-04,
          2.6474951831856261e-03, 1.5669662082604689e-03,
          8.9095112737433799e-02 ]
   - !!opencv-matrix
      rows: 9
      cols: 9
      dt: d
      data: [ 5.0496059147751837e-01, 2.2542740273782602e-01,
          3.4176912093413989e-02, 7.6991212973098216e-02,
          -8.5687893554493924e-03, 1.6011506969206484e-02,
          6.0207702982489949e-03, 4.7749225525167615e-03,
          -1.2600432386381972e-02, 2.2542740273782602e-01,
          5.5248316396217734e-01, 6.4587272547438568e-02,
          1.6501672785968788e-01, 8.8589620447877496e-03,
          2.0626854416753122e-02, 2.2210294314682161e-02,
          8.5144526938454052e-03, -3.4234341097226575e-02,
          3.4176912093413989e-02, 6.4587272547438582e-02,
          6.7502477179472317e-02, 2.1620202609508459e-02,
          1.7101543373251898e-02, 2.0384272082261477e-02,
          1.3552173555336883e-02, 4.7780905785442911e-03,
          -1.5653288956375302e-03, 7.6991212973098216e-02,
          1.6501672785968788e-01, 2.1620202609508463e-02,
          8.5037288860964844e-02, 5.9059255662463339e-03,
          1.2589646138816380e-02, 7.4823669216342037e-03,
          4.0339831567031128e-03, -1.6014041161615596e-02,
          -8.5687893554493959e-03, 8.8589620447877462e-03,
          1.7101543373251895e-02, 5.9059255662463339e-03,
          7.8703316058601050e-02, 2.5041214998492500e-02,
          4.5390806506197548e-02, 7.0775239126406823e-03,
