%YAML:1.0
---
groups:
   - intact
   - CD19
   - blast
intactGmmnames:
   - "intact.656.0"
   - "intact.656.1"
   - "intact.656.2"
   - "intact.656.3"
   - "intact.656.4"
intactLabels:
   - FSC-A
   - SSC-A
   - SY41
   - CD19
   - CD10
   - CD20
   - CD45
   - CD34
   - CD38
intactMu: !!opencv-matrix
   rows: 5
   cols: 9
   dt: d
   data: [ 8.3861600338776421e-01, 2.1526851785243326e-01,
       2.4321534685276260e+00, 1.0164276773313283e+00,
       9.6735075268334059e-01, 1.0512498285040603e+00,
       3.3543703835654575e+00, 9.9762253129850864e-01,
       1.5217354744709068e+00, 1.0145791589299817e+00,
       3.2765815461204267e-01, 2.3142298617548289e+00,
       1.0113409947371605e+00, 1.1132293120570178e+00,
       1.0603984397254016e+00, 1.2670865756535237e+00,
       1.0591131156320794e+00, 1.3904144902624456e+00,
       1.3470798859139839e+00, 3.1527008065067114e-01,
       2.2293183319482996e+00, 1.0788805991408805e+00,
       1.0384853675533892e+00, 1.1404855046688482e+00,
       3.4275225564379954e+00, 1.0068157135715947e+00,
       1.4432445291147056e+00, 2.3955602001637240e+00,
       2.5974391353440534e+00, 2.2750232005973832e+00,
       1.8156270939271622e+00, 2.2422777580507827e+00,
       1.4613736400361992e+00, 2.6139638875582749e+00,
       1.1784264609104416e+00, 1.5607091118911798e+00,
       1.4926754966300246e+00, 8.5573564056707041e-01,
       2.3389066013574782e+00, 1.3814633948978563e+00,
       1.1878286932860376e+00, 1.4625702045279789e+00,
       3.4551141026998433e+00, 1.1495638180142416e+00,
       2.0178148037104950e+00 ]
intactSigma:
   - !!opencv-matrix
      rows: 9
      cols: 9
      dt: d
      data: [ 4.2818188450537843e-02, 1.4758856058508531e-04,
          -1.2874652272493962e-02, -3.7549405846892770e-03,
          -1.0649268568957680e-03, 2.4905742390604556e-03,
          1.1553573638229014e-02, -3.0004048717870179e-03,
          -5.4848041687240758e-03, 1.4758856058508536e-04,
          6.0277879297445259e-03, 1.5338149737470655e-03,
          2.8838984431390786e-03, 3.5852556080818647e-03,
          7.5490145785689078e-03, 2.3862822393157660e-03,
          1.5682734980985177e-03, -1.0804604879216034e-03,
          -1.2874652272493958e-02, 1.5338149737470657e-03,
          1.1601529603127511e-02, 1.4636307936401044e-03,
          1.5408781726409522e-03, 2.4027688386836330e-03,
          -2.9552006824830309e-03, 9.5140173972112435e-04,
          5.0790395662005084e-04, -3.7549405846892770e-03,
          2.8838984431390786e-03, 1.4636307936401044e-03,
          6.7839071566456716e-02, 2.8363620072547869e-03,
          5.4599594389914147e-03, -1.4874097293864560e-03,
          2.8874185210282480e-03, -8.9996007309443397e-03,
          -1.0649268568957682e-03, 3.5852556080818647e-03,
          1.5408781726409528e-03, 2.8363620072547869e-03,
          4.9520810940264337e-02, -2.1945173929126820e-03,
          1.6631193497105789e-03, -3.6153680360631068e-03,
          -9.0486074952517213e-04, 2.4905742390604556e-03,
          7.5490145785689061e-03, 2.4027688386836338e-03,
          5.4599594389914147e-03, -2.1945173929126820e-03,
          7.7100576568373186e-02, 4.9605278741688703e-03,
          1.6676056457570212e-03, -6.4038051719714105e-03,
          1.1553573638229014e-02, 2.3862822393157660e-03,
          -2.9552006824830309e-03, -1.4874097293864565e-03,
          1.6631193497105789e-03, 4.9605278741688694e-03,
          1.1674867412143733e-02, -1.7463248652444287e-03,
          -4.0529272268677178e-03, -3.0004048717870153e-03,
          1.5682734980985177e-03, 9.5140173972112468e-04,
          2.8874185210282480e-03, -3.6153680360631081e-03,
          1.6676056457570212e-03, -1.7463248652444289e-03,
          1.0649299748319091e-01, 3.2656330415446445e-03,
          -5.4848041687240766e-03, -1.0804604879216034e-03,
          5.0790395662005106e-04, -8.9996007309443415e-03,
          -9.0486074952517181e-04, -6.4038051719714105e-03,
          -4.0529272268677186e-03, 3.2656330415446432e-03,
          6.6063410634343581e-02 ]
   - !!opencv-matrix
      rows: 9
      cols: 9
      dt: d
      data: [ 1.1907059646278387e-01, 2.2135953724689975e-02,
          -1.3364222672528113e-02, 1.1002177960153051e-02,
          2.2775685945666924e-02, 1.9301440889874826e-02,
          9.8064596029167565e-03, 8.4540304037921473e-04,
          4.9496910786714018e-03, 2.2135953724689975e-02,
          2.0827062655645604e-02, 9.0335923258960081e-03,
          1.0543718331629726e-02, 1.2834733127268251e-02,
          1.8636229639098698e-02, 6.2700383476665660e-03,
          3.3531313607126768e-03, 4.0261062831172378e-03,
          -1.3364222672528113e-02, 9.0335923258960064e-03,
          5.8936208644670987e-02, 3.9721338489069292e-03,
          3.8222099320610868e-03, 1.5462855567464245e-02,
          4.0332892316999594e-03, 2.7243877125264450e-03,
          1.7845902948367884e-03, 1.1002177960153054e-02,
          1.0543718331629726e-02, 3.9721338489069309e-03,
          4.3755597992588852e-02, 7.4679240953003318e-03,
          1.1654116365475828e-02, 9.5820290129779758e-04,
          2.3772036406780957e-03, -3.8089278791562558e-03,
          2.2775685945666924e-02, 1.2834733127268247e-02,
          3.8222099320610868e-03, 7.4679240953003318e-03,
          9.3608886409060593e-02, 8.1751127696175398e-03,
          9.7745276863800135e-03, 2.3345791612964513e-03,
          5.1455751308587226e-03, 1.9301440889874826e-02,
          1.8636229639098698e-02, 1.5462855567464245e-02,
          1.1654116365475829e-02, 8.1751127696175416e-03,
          8.6314781179010341e-02, 7.6021173910429786e-03,
          4.0311773445127373e-03, 3.8450235759499404e-03,
          9.8064596029167565e-03, 6.2700383476665660e-03,
          4.0332892316999576e-03, 9.5820290129779802e-04,
          9.7745276863800135e-03, 7.6021173910429804e-03,
          5.9864918572597965e-02, -3.7328581976355766e-04,
          1.7766972002248732e-03, 8.4540304037921473e-04,
          3.3531313607126777e-03, 2.7243877125264450e-03,
          2.3772036406780948e-03, 2.3345791612964504e-03,
          4.0311773445127373e-03, -3.7328581976355706e-04,
          4.3925544877665736e-02, 9.6393396242458527e-04,
          4.9496910786714010e-03, 4.0261062831172386e-03,
          1.7845902948367888e-03, -3.8089278791562558e-03,
          5.1455751308587209e-03, 3.8450235759499426e-03,
          1.7766972002248736e-03, 9.6393396242458560e-04,
          1.5991262048875136e-02 ]
   - !!opencv-matrix
      rows: 9
      cols: 9
      dt: d
      data: [ 1.8646998562479303e-01, 9.1175095954681919e-04,
          -4.4362880130478052e-02, -8.2886766776103446e-03,
          -1.1081255584001502e-02, -7.0173513018097974e-03,
          3.0167156075932795e-02, -1.6287371275929444e-02,
          -2.1488737021557007e-02, 9.1175095954681875e-04,
          1.8867154301707236e-02, 7.1784662702049206e-03,
          7.5997684758708165e-03, 7.2803937762139425e-03,
          1.5492830304056108e-02, 6.5394813102698079e-03,
          4.3235805197614366e-03, 4.5167504705788061e-04,
          -4.4362880130478052e-02, 7.1784662702049206e-03,
          3.0693487695128724e-02, 5.6142141239812829e-03,
          7.4514985747281964e-03, 1.3151090577672699e-02,
          -6.5427792569933245e-03, 6.1736578371688246e-03,
          4.6163733693129110e-03, -8.2886766776103446e-03,
          7.5997684758708165e-03, 5.6142141239812829e-03,
          7.8234340642328259e-02, 4.9423019585112223e-03,
          8.9129844337037106e-03, -8.2314898780275420e-04,
          4.9527416662519166e-03, -8.0964040559101565e-03,
          -1.1081255584001502e-02, 7.2803937762139425e-03,
          7.4514985747281964e-03, 4.9423019585112214e-03,
          7.7273075787778325e-02, 2.5930810763027104e-03,
          1.4619809054753343e-03, 3.0911676118293603e-04,
