%YAML:1.0
---
groups:
   - intact
   - CD19
intactGmmnames:
   - "intact.657.0"
   - "intact.657.1"
   - "intact.657.2"
   - "intact.657.3"
   - "intact.657.4"
intactLabels:
   - FSC-A
   - SSC-A
   - SY41
   - CD19
   - CD10
   - CD20
   - CD45
   - CD34
   - CD38
intactMu: !!opencv-matrix
   rows: 5
   cols: 9
   dt: d
   data: [ 2.1689964096201897e+00, 3.2657510767150510e-01,
       3.1087336923951292e+00, 1.2482666354907272e+00,
       1.1135828700801975e+00, 9.8725160412651380e-01,
       3.8815252286539397e+00, 1.1186812046081025e+00,
       1.9094381120038004e+00, 1.6923356222202606e+00,
       4.2068778919621269e-01, 3.3518677676295794e+00,
       1.1124681096669768e+00, 1.1745480227685261e+00,
       1.1390890574214876e+00, 1.5823112113264985e+00,
       1.1064774174512508e+00, 1.8607379642577360e+00,
       4.0183139333271001e+00, 2.7116189274827933e+00,
       3.1286367870890111e+00, 1.6664113131768927e+00,
       1.8345465321224304e+00, 1.2761804216178756e+00,
       2.9541625849514546e+00, 1.1503707561357179e+00,
       1.9346058829801365e+00, 2.7532260362355383e+00,
       1.3099481623729810e+00, 3.1821817630230029e+00,
       1.3929186028539997e+00, 1.4541253077954464e+00,
       1.5093382954367287e+00, 2.5650261926967581e+00,
       1.6045950352808751e+00, 2.1078308568819071e+00,
       3.1349086950583174e+00, 1.3335270630640392e+00,
       3.2479594212421281e+00, 1.4145474017559465e+00,
       1.2145701894045997e+00, 1.3548667121751270e+00,
       3.5491128287318374e+00, 1.5506045322833595e+00,
       2.9545264128605435e+00 ]
intactSigma:
   - !!opencv-matrix
      rows: 9
      cols: 9
      dt: d
      data: [ 1.9503206673521009e-01, 1.9772299489015533e-02,
          -2.1198069547708195e-02, 1.2328911791201816e-02,
          2.1071087862497909e-03, 2.4079870793812980e-02,
          1.9821063073859183e-02, 1.9407261148336344e-03,
          -2.9746445501812723e-03, 1.9772299489015533e-02,
          1.1681195486581366e-02, -3.2478608935037037e-03,
          4.7082914950339529e-03, 1.3282930078123924e-03,
          1.1380880860912698e-02, 6.9943908990988428e-03,
          1.4345176279209407e-03, -1.3268156339788883e-03,
          -2.1198069547708195e-02, -3.2478608935037037e-03,
          3.4403134987597034e-02, -5.9650331976886352e-03,
          -1.1668140212450985e-03, -2.9339873208951749e-03,
          -4.0874334421835672e-03, 2.3112510705299727e-05,
          1.3330513677673765e-04, 1.2328911791201816e-02,
          4.7082914950339529e-03, -5.9650331976886335e-03,
          2.6313701274681529e-02, 7.5668835861360739e-04,
          6.1213905133838302e-03, 3.9001485932793597e-03,
          3.1860238232616187e-03, -2.1471356137256208e-03,
          2.1071087862497909e-03, 1.3282930078123924e-03,
          -1.1668140212450987e-03, 7.5668835861360739e-04,
          7.6128026916987461e-03, -7.2109311636302026e-04,
          7.8256635474358331e-04, -3.2842094789160888e-03,
          -3.8170201016168978e-04, 2.4079870793812980e-02,
          1.1380880860912695e-02, -2.9339873208951736e-03,
          6.1213905133838285e-03, -7.2109311636302026e-04,
          9.5709343510240741e-02, 9.1743924994159842e-03,
          9.0902590825995774e-04, -3.1873727653550124e-03,
          1.9821063073859183e-02, 6.9943908990988428e-03,
          -4.0874334421835681e-03, 3.9001485932793597e-03,
          7.8256635474358352e-04, 9.1743924994159825e-03,
          1.1146599358676857e-02, -8.4690150285653208e-04,
          -8.0813574915779838e-04, 1.9407261148336342e-03,
          1.4345176279209405e-03, 2.3112510705299324e-05,
          3.1860238232616195e-03, -3.2842094789160888e-03,
          9.0902590825995839e-04, -8.4690150285653175e-04,
          1.8146811646443439e-01, 1.5344547064090762e-03,
          -2.9746445501812727e-03, -1.3268156339788883e-03,
          1.3330513677673746e-04, -2.1471356137256208e-03,
          -3.8170201016168978e-04, -3.1873727653550124e-03,
          -8.0813574915779838e-04, 1.5344547064090751e-03,
          1.3615423292213215e-02 ]
   - !!opencv-matrix
      rows: 9
      cols: 9
      dt: d
      data: [ 3.0912457398089099e-01, 5.6201799597830518e-02,
          1.6238104327181417e-02, 8.3600442254986689e-03,
          1.3508206177227481e-02, 6.1475801108455790e-02,
          4.3487788846037816e-02, 4.9254046867380687e-03,
          8.7014151344462463e-03, 5.6201799597830518e-02,
          3.1742016611483521e-02, 1.4606854271215350e-02,
          4.3328948759640334e-03, 7.9584374718334964e-03,
          2.9829786124877758e-02, 2.6671415742395371e-02,
          3.1345123463125857e-03, 5.3321405718950877e-03,
          1.6238104327181414e-02, 1.4606854271215350e-02,
          9.7399629515610917e-02, -1.8723818734168670e-02,
          9.8281018567357784e-04, 1.7233399328615041e-02,
          1.3159619648618313e-02, 2.6993529443758726e-03,
          4.0097684716366615e-03, 8.3600442254986689e-03,
          4.3328948759640334e-03, -1.8723818734168670e-02,
          1.2559048721608566e-02, 2.2653208581597871e-03,
          4.0481441085004734e-03, 3.7579413974106342e-03,
          4.5609771318780404e-04, -7.9923968419670912e-05,
          1.3508206177227481e-02, 7.9584374718334981e-03,
          9.8281018567357870e-04, 2.2653208581597858e-03,
          1.5187790246890730e-02, 6.3776813195219389e-03,
          1.2740930194259783e-02, 3.7108972850424078e-04,
          2.5766166830166995e-03, 6.1475801108455790e-02,
          2.9829786124877758e-02, 1.7233399328615038e-02,
          4.0481441085004734e-03, 6.3776813195219389e-03,
          8.3958211894751195e-02, 2.6104888524138628e-02,
          3.1555219064854064e-03, 5.0616402808696644e-03,
          4.3487788846037816e-02, 2.6671415742395371e-02,
          1.3159619648618313e-02, 3.7579413974106360e-03,
          1.2740930194259783e-02, 2.6104888524138628e-02,
          7.9744888668490374e-02, 2.0485213717925800e-03,
          1.0840852905374121e-02, 4.9254046867380687e-03,
          3.1345123463125866e-03, 2.6993529443758726e-03,
          4.5609771318780393e-04, 3.7108972850424061e-04,
          3.1555219064854085e-03, 2.0485213717925800e-03,
          2.2328584660669157e-02, 6.4858209191295292e-04,
          8.7014151344462446e-03, 5.3321405718950877e-03,
          4.0097684716366615e-03, -7.9923968419670885e-05,
          2.5766166830166995e-03, 5.0616402808696644e-03,
          1.0840852905374121e-02, 6.4858209191295303e-04,
          3.6075725390127184e-03 ]
   - !!opencv-matrix
      rows: 9
      cols: 9
      dt: d
      data: [ 1.4905400815352210e-01, 4.8897995924613316e-02,
          -5.6147488337435249e-03, 1.1524576377061477e-02,
          -4.4649126952478163e-02, 1.0907787002676417e-02,
          6.5207839048486824e-04, 3.0909219752722186e-04,
          5.9407635627836720e-03, 4.8897995924613316e-02,
          4.9077274350385330e-01, -3.3376055713310378e-02,
          9.6002133757673080e-02, 2.4833324342530053e-01,
          3.4855853938076706e-02, 2.9746158910195494e-02,
          1.7033219971841991e-02, -1.8761640196009954e-02,
          -5.6147488337435257e-03, -3.3376055713310385e-02,
          4.7639725040809176e-02, -1.1205578823130584e-02,
          -2.6801092319284795e-02, 4.9335105746665855e-04,
          -3.9838793343362783e-03, 1.8593011466575208e-04,
          3.1657850086811174e-03, 1.1524576377061477e-02,
          9.6002133757673080e-02, -1.1205578823130584e-02,
          3.4109105530173871e-02, 4.8479649095709246e-02,
          7.7216474780281855e-03, 6.6512727485929252e-03,
          3.8131301899109178e-03, -4.9305813539552504e-03,
          -4.4649126952478163e-02, 2.4833324342530055e-01,
          -2.6801092319284795e-02, 4.8479649095709246e-02,
          3.7948700424942161e-01, 3.1186948665378488e-03,
          2.0491916299943107e-02, 1.6237859228710908e-02,
