%YAML:1.0
---
groups:
   - intact
   - CD19
intactGmmnames:
   - "intact.663.0"
   - "intact.663.1"
   - "intact.663.2"
   - "intact.663.3"
   - "intact.663.4"
intactLabels:
   - FSC-A
   - SSC-A
   - SY41
   - CD19
   - CD10
   - CD20
   - CD45
   - CD34
   - CD38
intactMu: !!opencv-matrix
   rows: 5
   cols: 9
   dt: d
   data: [ 3.4018495909781969e+00, 2.5555785507411648e+00,
       2.7013346390278739e+00, 1.7869628883266331e+00,
       1.1945057027998647e+00, 1.3764297897853501e+00,
       3.1136427878982285e+00, 1.1513128479046428e+00,
       2.0726005121842990e+00, 1.4777394757085844e+00,
       3.8232406536144370e-01, 2.5898755019463100e+00,
       1.2415549293555779e+00, 9.6756428414053663e-01,
       1.1294340455857614e+00, 3.8490519399762810e+00,
       1.1346065689240992e+00, 2.0154834393613283e+00,
       2.4481057803847657e+00, 1.8304169719405892e+00,
       2.6581765803117010e+00, 1.6482024812567957e+00,
       1.8487182147111378e+00, 1.5316641135816440e+00,
       2.8701592582202853e+00, 1.4688789246772980e+00,
       2.4217181298726640e+00, 1.4079528136684945e+00,
       3.0256624688831624e-01, 2.8653092940583735e+00,
       1.0994429835006485e+00, 1.0457251243688961e+00,
       1.0521322138884528e+00, 1.3465954149137098e+00,
       1.0952281476639463e+00, 1.5781998524623391e+00,
       3.2764830639716971e+00, 2.9127581919763910e+00,
       2.6338342299772335e+00, 1.8642771521053756e+00,
       2.7608873398372600e+00, 1.3211677877417873e+00,
       3.2870126960774639e+00, 1.2801549439220139e+00,
       1.8499162965288463e+00 ]
intactSigma:
   - !!opencv-matrix
      rows: 9
      cols: 9
      dt: d
      data: [ 2.6031310311992389e-01, 2.0584933456379084e-01,
          1.7500400832355417e-02, 4.8609970331483295e-02,
          3.4118469584633770e-02, 4.6509548197868768e-02,
          1.5259216694058057e-02, 1.1505285162321450e-02,
          2.9575566116259749e-02, 2.0584933456379084e-01,
          4.5570804306522578e-01, 2.4398822084796545e-02,
          1.0200841079914934e-01, 6.5504461872220962e-02,
          6.6289170887070453e-02, 4.2603822963676034e-02,
          2.2703956203618234e-02, 3.9929783107426509e-02,
          1.7500400832355413e-02, 2.4398822084796545e-02,
          7.7274138407907858e-03, 5.6738773823021543e-03,
          5.0541222587542258e-03, 1.1361142598610031e-02,
          1.2992033145666794e-03, 1.0464729599783242e-03,
          1.2448556607579526e-02, 4.8609970331483301e-02,
          1.0200841079914934e-01, 5.6738773823021543e-03,
          4.6510622272966567e-02, 1.6233390712901530e-02,
          1.7620985713276565e-02, 9.4575462453012991e-03,
          6.5960868055952920e-03, 6.2084716277037476e-03,
          3.4118469584633777e-02, 6.5504461872220962e-02,
          5.0541222587542249e-03, 1.6233390712901526e-02,
          1.0017908440592337e-01, 1.3662365778602461e-02,
          1.0453267907492462e-02, 5.5062792893817644e-03,
          1.4939219413612559e-02, 4.6509548197868768e-02,
          6.6289170887070453e-02, 1.1361142598610032e-02,
          1.7620985713276565e-02, 1.3662365778602456e-02,
          7.7742519504566954e-02, 5.7173914172505931e-03,
          5.1648835129288820e-03, 3.6251571141959357e-02,
          1.5259216694058065e-02, 4.2603822963676034e-02,
          1.2992033145666794e-03, 9.4575462453013008e-03,
          1.0453267907492464e-02, 5.7173914172505931e-03,
          1.5464682721547062e-02, 1.5262180517003055e-03,
          2.7044851893108699e-03, 1.1505285162321450e-02,
          2.2703956203618231e-02, 1.0464729599783242e-03,
          6.5960868055952911e-03, 5.5062792893817636e-03,
          5.1648835129288785e-03, 1.5262180517003070e-03,
          1.0113290731762398e-01, 3.4054598550195339e-03,
          2.9575566116259749e-02, 3.9929783107426502e-02,
          1.2448556607579526e-02, 6.2084716277037476e-03,
          1.4939219413612559e-02, 3.6251571141959357e-02,
          2.7044851893108703e-03, 3.4054598550195330e-03,
          1.0114598734895143e-01 ]
   - !!opencv-matrix
      rows: 9
      cols: 9
      dt: d
      data: [ 1.7441596777995816e-01, 3.8159599935719567e-02,
          -1.7917275800248152e-02, 2.0830037208764154e-02,
          6.1587561480473552e-03, 2.1769245233263398e-02,
          3.2270842339957799e-02, 9.2689258409378861e-03,
          8.2596418440642458e-02, 3.8159599935719560e-02,
          3.2648595209469986e-02, -2.3565265635746837e-03,
          1.6729802238240651e-02, 1.0768892038631760e-02,
          1.6125038587354278e-02, 1.5159314515821816e-02,
          6.5157693170379526e-03, 6.4175898318690972e-02,
          -1.7917275800248149e-02, -2.3565265635746842e-03,
          1.0971635165143590e-02, -1.3947788283741986e-03,
          1.7065828476093843e-03, 1.0265975348644951e-03,
          -3.5102527671545757e-03, -5.7477770228899774e-04,
          -1.3421858429295658e-02, 2.0830037208764158e-02,
          1.6729802238240651e-02, -1.3947788283741986e-03,
          7.1635417691044576e-02, 7.0773922834665090e-03,
          1.1468640093378094e-02, 1.0097331031494544e-02,
          8.6933576893436469e-03, 2.7571472979474928e-02,
          6.1587561480473561e-03, 1.0768892038631760e-02,
          1.7065828476093845e-03, 7.0773922834665090e-03,
          7.9278249722810432e-02, 3.9781276087028231e-03,
          4.0523262307745533e-03, -7.0669373983027204e-03,
          9.9950877749738661e-03, 2.1769245233263398e-02,
          1.6125038587354278e-02, 1.0265975348644953e-03,
          1.1468640093378096e-02, 3.9781276087028248e-03,
          1.0549989910621987e-01, 1.0535516256273253e-02,
          3.8368479747951929e-03, 5.5292272927417686e-03,
          3.2270842339957799e-02, 1.5159314515821814e-02,
          -3.5102527671545757e-03, 1.0097331031494544e-02,
          4.0523262307745533e-03, 1.0535516256273253e-02,
          1.9535335284871044e-02, 3.2580749473514851e-03,
          3.3978881850913377e-02, 9.2689258409378861e-03,
          6.5157693170379526e-03, -5.7477770228899795e-04,
          8.6933576893436487e-03, -7.0669373983027238e-03,
          3.8368479747951934e-03, 3.2580749473514873e-03,
          2.2511469440724347e-01, 2.3783348586498710e-02,
          8.2596418440642472e-02, 6.4175898318690972e-02,
          -1.3421858429295658e-02, 2.7571472979474931e-02,
          9.9950877749738661e-03, 5.5292272927417712e-03,
          3.3978881850913377e-02, 2.3783348586498710e-02,
          3.6807009227166060e-01 ]
   - !!opencv-matrix
      rows: 9
      cols: 9
      dt: d
      data: [ 7.3241155567429195e-01, 4.0508957513872540e-01,
          1.0590184978269150e-01, 1.1177922267475962e-01,
          2.4778492486388602e-02, 1.3155070924044726e-01,
          2.4233962185317476e-01, 9.6233767128184572e-02,
          2.2473152034082627e-01, 4.0508957513872540e-01,
          8.6163379676673679e-01, 4.5143597143277973e-02,
          2.2294879272018006e-01, 2.2755010496525893e-01,
          1.3013387691872211e-01, 1.8967101968308892e-01,
          -2.8284013971203083e-02, 3.5725364058305446e-02,
          1.0590184978269152e-01, 4.5143597143277987e-02,
          1.1775013498325228e-01, 1.8444308261084678e-02,
          7.2690760657567743e-03, 7.0357161941325116e-02,
          1.0274757496523050e-01, 4.5004405774892856e-02,
          1.4245704745485133e-01, 1.1177922267475958e-01,
          2.2294879272018006e-01, 1.8444308261084674e-02,
          1.1840278284340330e-01, 7.3720441755016589e-02,
          8.3083366947143841e-02, 8.0061691682449365e-02,
          7.1996422431825904e-03, 1.2289986608441453e-02,
          2.4778492486388588e-02, 2.2755010496525896e-01,
          7.2690760657567726e-03, 7.3720441755016602e-02,
          4.1616681898525781e-01, 3.0100494376508125e-02,
          4.2561868593365672e-02, -3.8652898739508446e-02,
