%YAML:1.0
---
groups:
   - intact
   - CD19
intactGmmnames:
   - "intact.664.0"
   - "intact.664.1"
   - "intact.664.2"
   - "intact.664.3"
   - "intact.664.4"
intactLabels:
   - FSC-A
   - SSC-A
   - SY41
   - CD19
   - CD10
   - CD20
   - CD45
   - CD34
   - CD38
intactMu: !!opencv-matrix
   rows: 5
   cols: 9
   dt: d
   data: [ 1.8713344223733652e+00, 1.2953649699383458e+00,
       3.4268197502700626e+00, 1.2862041776164084e+00,
       1.5054968574284786e+00, 1.3802437247439574e+00,
       3.1055764409352697e+00, 1.4565561205069306e+00,
       2.5932699425525851e+00, 1.1354876972763501e+00,
       3.3973018242882430e-01, 3.4381955001261697e+00,
       1.1439425173508821e+00, 1.2538300093814077e+00,
       9.9964911829723635e-01, 3.7585443549359301e+00,
       1.1134089043752258e+00, 1.7579575680174433e+00,
       2.6565612400248617e+00, 3.5821264046152086e+00,
       3.2041473393443525e+00, 1.7683109071818637e+00,
       2.7844222997877619e+00, 1.3060069431507879e+00,
       3.1485391813092525e+00, 1.2062462406743202e+00,
       1.6254492692186113e+00, 1.2689590276525036e+00,
       5.5532843231583817e-01, 3.1074099905640851e+00,
       1.1144332393870966e+00, 9.4615222091674400e-01,
       1.0510660783678496e+00, 1.7653730007299149e+00,
       1.2597409631323884e+00, 1.6147474717815649e+00,
       2.9363443775098452e+00, 2.6772011423879465e+00,
       3.3191430625448115e+00, 1.6010833596222862e+00,
       1.2700565227172074e+00, 1.5467340695904128e+00,
       2.8924375594974507e+00, 1.3429423595290495e+00,
       2.1878075523770604e+00 ]
intactSigma:
   - !!opencv-matrix
      rows: 9
      cols: 9
      dt: d
      data: [ 5.6166860484715386e-01, 3.9439680748297323e-01,
          4.5640413239177439e-02, 8.2043949960935392e-02,
          1.1553688500847314e-01, 1.1130972177595481e-01,
          5.8521260996710643e-02, 9.2966232859174394e-02,
          3.9157709369176716e-02, 3.9439680748297323e-01,
          7.5380371945016911e-01, 5.7596106036866518e-02,
          1.4932734425927441e-01, 2.1423937509311136e-01,
          1.5776806987233494e-01, -3.4171234453313458e-02,
          7.6920820612334198e-02, -3.7069635636579890e-02,
          4.5640413239177446e-02, 5.7596106036866518e-02,
          3.1782721937277053e-01, -9.8436509819466930e-02,
          -2.3673455380959784e-02, 4.2206867359172062e-02,
          -9.0721202205274340e-02, 2.8357642426247266e-02,
          -2.8164666941187105e-02, 8.2043949960935406e-02,
          1.4932734425927441e-01, -9.8436509819466944e-02,
          1.4132305241927404e-01, 7.8419708980716984e-02,
          5.7670414091775701e-02, 6.2492526829348000e-02,
          2.2256992022301150e-02, 3.2630043693304189e-02,
          1.1553688500847316e-01, 2.1423937509311136e-01,
          -2.3673455380959794e-02, 7.8419708980716984e-02,
          3.7771359405121491e-01, 1.1085475233911583e-01,
          1.1478162813124949e-02, 2.2456966110708743e-02,
          -6.7580196138046944e-02, 1.1130972177595481e-01,
          1.5776806987233494e-01, 4.2206867359172062e-02,
          5.7670414091775701e-02, 1.1085475233911586e-01,
          1.8674044790033573e-01, -1.3517905489921631e-02,
          6.3514873957231280e-02, 1.0915543950146593e-02,
          5.8521260996710622e-02, -3.4171234453313458e-02,
          -9.0721202205274354e-02, 6.2492526829348000e-02,
          1.1478162813124949e-02, -1.3517905489921630e-02,
          5.5052828422138911e-01, -9.3416819879855572e-03,
          2.3358565136467366e-01, 9.2966232859174394e-02,
          7.6920820612334212e-02, 2.8357642426247269e-02,
          2.2256992022301150e-02, 2.2456966110708743e-02,
          6.3514873957231280e-02, -9.3416819879855572e-03,
          3.5529162426907018e-01, 9.1955814679668110e-02,
          3.9157709369176723e-02, -3.7069635636579910e-02,
          -2.8164666941187112e-02, 3.2630043693304189e-02,
          -6.7580196138046958e-02, 1.0915543950146593e-02,
          2.3358565136467366e-01, 9.1955814679668096e-02,
          5.6197756394310383e-01 ]
   - !!opencv-matrix
      rows: 9
      cols: 9
      dt: d
      data: [ 4.6991377264689528e-02, 1.2388244357550055e-02,
          -3.6380863543493389e-02, 1.3798706816870005e-02,
          1.4324462031610233e-02, 1.4499156818543293e-02,
          9.4195113092421078e-03, 1.5974872771995778e-03,
          -5.4391861282059948e-03, 1.2388244357550055e-02,
          1.6809657774486512e-02, -1.7260405498630824e-02,
          8.7163780408486165e-03, 1.1382654117861287e-02,
          1.4952435343899145e-02, 6.8000175154225443e-03,
          2.2599598166111699e-03, -3.6482643344858635e-03,
          -3.6380863543493396e-02, -1.7260405498630820e-02,
          1.0192394726589109e-01, -3.2178187952753040e-02,
          -3.3486247297435864e-02, -2.1451614889623490e-02,
          -1.8027689175554053e-02, -9.8640242360837575e-04,
          8.7789491888652336e-03, 1.3798706816870005e-02,
          8.7163780408486182e-03, -3.2178187952753040e-02,
          2.9067401465078437e-02, 1.3480378333252833e-02,
          1.0308560894296367e-02, 7.0135279793339042e-03,
          2.6994394561454292e-03, -7.1181488628910003e-03,
          1.4324462031610233e-02, 1.1382654117861287e-02,
          -3.3486247297435864e-02, 1.3480378333252833e-02,
          6.4043525225182682e-02, 7.3323038593779734e-03,
          1.3397097261813835e-02, -3.7211492490860482e-03,
          -7.4248332882930800e-03, 1.4499156818543295e-02,
          1.4952435343899145e-02, -2.1451614889623487e-02,
          1.0308560894296367e-02, 7.3323038593779734e-03,
          8.9234724511302752e-02, 8.0792698109496963e-03,
          1.2331296789959746e-03, -1.0237197876478067e-02,
          9.4195113092421078e-03, 6.8000175154225443e-03,
          -1.8027689175554053e-02, 7.0135279793339042e-03,
          1.3397097261813835e-02, 8.0792698109496963e-03,
          1.0247959356742432e-02, -1.1799415024705711e-03,
          -2.4455321396753609e-03, 1.5974872771995767e-03,
          2.2599598166111708e-03, -9.8640242360837531e-04,
          2.6994394561454284e-03, -3.7211492490860482e-03,
          1.2331296789959768e-03, -1.1799415024705711e-03,
          1.6356619396226874e-01, 1.6126414511591200e-03,
          -5.4391861282059948e-03, -3.6482643344858631e-03,
          8.7789491888652336e-03, -7.1181488628909995e-03,
          -7.4248332882930800e-03, -1.0237197876478069e-02,
          -2.4455321396753609e-03, 1.6126414511591215e-03,
          7.7121308457577947e-02 ]
   - !!opencv-matrix
      rows: 9
      cols: 9
      dt: d
      data: [ 2.1821784208735331e-01, 8.9518721851713834e-02,
          -8.6636992687811748e-03, 1.9877279282610051e-02,
          -2.2519326449861803e-02, 2.5716142315943619e-02,
          -7.3761914789149570e-03, 1.5216420723814078e-02,
          8.9821621626191422e-03, 8.9518721851713834e-02,
          3.0449356427424690e-01, -2.0615260025328548e-02,
          5.8987833848286701e-02, 2.4688802735666222e-02,
          4.0943105317653418e-02, 1.4763315811202360e-02,
          1.2629473871505545e-02, 4.1828673432717789e-03,
          -8.6636992687811748e-03, -2.0615260025328552e-02,
          9.3469151590794886e-02, -1.9589806689610006e-02,
          -8.1503733785018850e-03, 9.2656873243136860e-04,
          -6.8458618990628320e-03, 4.5253906957647668e-03,
          3.0825259805383229e-03, 1.9877279282610051e-02,
          5.8987833848286701e-02, -1.9589806689610009e-02,
          2.9630372326745452e-02, 6.4916919913935852e-03,
          8.3072548705496324e-03, 3.7958458007709495e-03,
          3.1178797420442230e-03, -5.2814064374514984e-03,
          -2.2519326449861796e-02, 2.4688802735666215e-02,
          -8.1503733785018902e-03, 6.4916919913935887e-03,
          9.1944649631343217e-02, 1.8445342247012273e-03,
          2.4413728356749216e-02, 3.0367337524832348e-03,
