%YAML:1.0
---
groups:
   - intact
   - CD19
   - blast
intactGmmnames:
   - "intact.668.0"
   - "intact.668.1"
   - "intact.668.2"
   - "intact.668.3"
   - "intact.668.4"
intactLabels:
   - FSC-A
   - SSC-A
   - SY41
   - CD19
   - CD10
   - CD20
   - CD45
   - CD34
   - CD38
intactMu: !!opencv-matrix
   rows: 5
   cols: 9
   dt: d
   data: [ 9.8089705689055695e-01, 3.4973081358648250e-01,
       3.8401104754964188e+00, 8.3618667302476246e-01,
       9.3544962519304564e-01, 1.0274313269409905e+00,
       1.3357618277605463e+00, 1.1091679403484691e+00,
       1.5403207235457628e+00, 1.4789075228053590e+00,
       4.4542807230487574e-01, 3.2647335230770529e+00,
       1.1481383583766269e+00, 9.8524065057197618e-01,
       9.9689148402346162e-01, 3.7673464362032476e+00,
       1.1159995147940083e+00, 1.6278547569117747e+00,
       2.9675169798112373e+00, 3.4479479429321822e+00,
       3.5822864242441312e+00, 1.5559338017601398e+00,
       1.8358260354397982e+00, 1.2401968797923457e+00,
       2.7788942839516002e+00, 1.1628788964176935e+00,
       1.7542709821429687e+00, 1.9587345800382663e+00,
       1.1172510608034616e+00, 3.4734329092606875e+00,
       1.2109183240515817e+00, 1.2339039831565022e+00,
       1.1977549414384097e+00, 3.4110919183181516e+00,
       1.3907219244768039e+00, 2.4871150642032851e+00,
       1.0490307111870874e+00, 3.1172824875667943e-01,
       3.5614608182345053e+00, 1.0305504563755183e+00,
       9.4441507682704962e-01, 9.2914009620325644e-01,
       3.6755532688906221e+00, 1.1111213190524443e+00,
       1.6870459343841304e+00 ]
intactSigma:
   - !!opencv-matrix
      rows: 9
      cols: 9
      dt: d
      data: [ 1.3310328402726990e-01, 1.4399611569741023e-02,
          -3.3644742861311243e-02, 2.6928421431143618e-02,
          1.0393218424503237e-02, 6.1611269321401865e-03,
          5.7693287729377448e-03, 1.2594523760268189e-04,
          -1.3280824452174440e-03, 1.4399611569741021e-02,
          2.2346669383931036e-02, -1.2090012844040657e-03,
          6.0441182389439074e-03, 6.0693380801229036e-03,
          1.9690010449101899e-02, 5.4589279010314557e-03,
          2.4507837918298719e-03, 8.2449708261593264e-04,
          -3.3644742861311243e-02, -1.2090012844040662e-03,
          7.0657379002726409e-02, -4.4934021922487945e-02,
          -1.4585554507929987e-02, 7.6861643250200028e-03,
          -3.0154326835485391e-03, 3.2667823617916632e-03,
          6.6638108342825589e-03, 2.6928421431143618e-02,
          6.0441182389439074e-03, -4.4934021922487959e-02,
          4.0572125984561135e-02, 1.2521752518699837e-02,
          3.2486106609055732e-03, 3.7365802724697071e-03,
          -1.7665050517962693e-03, -6.2147707114264036e-03,
          1.0393218424503234e-02, 6.0693380801229036e-03,
          -1.4585554507929987e-02, 1.2521752518699837e-02,
          2.5853811443702759e-02, 7.2410642134617164e-03,
          4.4317677404475675e-03, -2.0696712935071120e-04,
          -7.5623309539139989e-04, 6.1611269321401865e-03,
          1.9690010449101899e-02, 7.6861643250200010e-03,
          3.2486106609055749e-03, 7.2410642134617164e-03,
          1.0012863104136685e-01, 8.3847455426650872e-03,
          3.9933468029268492e-03, 2.2828429827631076e-03,
          5.7693287729377448e-03, 5.4589279010314557e-03,
          -3.0154326835485387e-03, 3.7365802724697058e-03,
          4.4317677404475675e-03, 8.3847455426650872e-03,
          2.8406921384881847e-02, 9.9305090585073762e-04,
          -4.6801627802608851e-05, 1.2594523760268181e-04,
          2.4507837918298714e-03, 3.2667823617916632e-03,
          -1.7665050517962680e-03, -2.0696712935071117e-04,
          3.9933468029268483e-03, 9.9305090585073740e-04,
          2.3225351907361670e-02, 9.5936852847790135e-04,
          -1.3280824452174447e-03, 8.2449708261593264e-04,
          6.6638108342825589e-03, -6.2147707114264036e-03,
          -7.5623309539139989e-04, 2.2828429827631076e-03,
          -4.6801627802608912e-05, 9.5936852847790135e-04,
          6.2048988266864393e-03 ]
   - !!opencv-matrix
      rows: 9
      cols: 9
      dt: d
      data: [ 9.7599982852099726e-02, 1.4334359094504086e-02,
          4.3448311429373837e-03, 4.1900501012100081e-03,
          1.3064002587285693e-03, 7.4060919319380528e-03,
          1.0124777603867950e-02, 3.4097305531468245e-03,
          -1.8597180383159227e-03, 1.4334359094504086e-02,
          1.6238823686500557e-02, 2.5296819856549645e-03,
          3.2941543149895619e-03, 1.3434761930367026e-03,
          8.8379709630773805e-03, 6.9660560033762463e-03,
          2.3077154430128288e-03, 1.1215733861438470e-03,
          4.3448311429373837e-03, 2.5296819856549641e-03,
          9.5764360339789800e-03, -1.4798682944961970e-03,
          -5.1532374871277444e-04, 1.9698597287804375e-03,
          1.7087952103227067e-03, 7.0952162299750380e-04,
          -9.9393907028930061e-05, 4.1900501012100081e-03,
          3.2941543149895619e-03, -1.4798682944961981e-03,
          2.3447977578072893e-02, 5.4277957801475885e-04,
          2.2369101318298981e-03, 1.4127373614406722e-03,
          2.5742656403590775e-03, -4.6689365223170440e-03,
          1.3064002587285690e-03, 1.3434761930367024e-03,
          -5.1532374871277433e-04, 5.4277957801475928e-04,
          1.9475933862604305e-02, -3.1761726213679342e-03,
          1.6131620149429762e-04, -4.1094043720732590e-03,
          -1.5809962370140118e-03, 7.4060919319380528e-03,
          8.8379709630773805e-03, 1.9698597287804371e-03,
          2.2369101318298981e-03, -3.1761726213679342e-03,
          7.5877513608812827e-02, 2.5582344462945369e-03,
          1.7029023611822448e-03, -2.6142769225428490e-03,
          1.0124777603867950e-02, 6.9660560033762463e-03,
          1.7087952103227062e-03, 1.4127373614406719e-03,
          1.6131620149429756e-04, 2.5582344462945377e-03,
          9.6897883669402433e-03, -5.9418845988711694e-04,
          -1.3742706925893133e-03, 3.4097305531468245e-03,
          2.3077154430128297e-03, 7.0952162299750402e-04,
          2.5742656403590779e-03, -4.1094043720732599e-03,
          1.7029023611822437e-03, -5.9418845988711705e-04,
          1.5775593456993209e-01, 2.6341927077284995e-03,
          -1.8597180383159227e-03, 1.1215733861438463e-03,
          -9.9393907028930115e-05, -4.6689365223170432e-03,
          -1.5809962370140114e-03, -2.6142769225428512e-03,
          -1.3742706925893133e-03, 2.6341927077284995e-03,
          6.0674907715482257e-02 ]
   - !!opencv-matrix
      rows: 9
      cols: 9
      dt: d
      data: [ 3.8690945863879911e-01, 1.1457611090317943e-01,
          -3.0690539872785198e-02, 3.6195934699384535e-02,
          -1.0971226827905023e-01, 3.7723776625631242e-02,
          5.6840854540152683e-03, 1.1574543423189403e-02,
          3.0030465950598353e-02, 1.1457611090317943e-01,
          3.7459069839864412e-01, 2.7171763953186528e-03,
          6.0714068192932562e-02, 1.1109354971001113e-01,
          3.6813374466936936e-02, 2.8070445576905478e-02,
          1.3627741959580201e-02, -1.6274409493882034e-03,
          -3.0690539872785198e-02, 2.7171763953186515e-03,
          2.2174925680279654e-02, -7.7179531073718107e-03,
          1.0652040828463940e-02, 4.1615594327880817e-04,
          -4.7765258713728500e-03, -8.0712285556729731e-04,
          -1.9563967958221530e-03, 3.6195934699384535e-02,
          6.0714068192932555e-02, -7.7179531073718107e-03,
          3.2976149256071806e-02, 2.6618582271498688e-03,
          8.5008010738287787e-03, 6.3217404182947254e-03,
          3.0132352069172333e-03, -8.2807144012828592e-04,
          -1.0971226827905019e-01, 1.1109354971001113e-01,
          1.0652040828463943e-02, 2.6618582271498675e-03,
          3.8696338536911890e-01, -2.3660366264660070e-02,
          2.5470677555002000e-02, 1.2248563307154559e-02,
