%YAML:1.0
---
groups:
   - intact
   - CD19
   - blast
intactGmmnames:
   - "intact.673.0"
   - "intact.673.1"
   - "intact.673.2"
   - "intact.673.3"
   - "intact.673.4"
intactLabels:
   - FSC-A
   - SSC-A
   - SY41
   - CD19
   - CD10
   - CD20
   - CD45
   - CD34
   - CD38
intactMu: !!opencv-matrix
   rows: 5
   cols: 9
   dt: d
   data: [ 1.3786982091252693e+00, 4.3090199599476364e-01,
       2.9142283833178926e+00, 1.1920979728983454e+00,
       9.1982065274058611e-01, 1.0034722742091258e+00,
       3.8355613301672471e+00, 1.1303440997540928e+00,
       2.1415172122190822e+00, 2.1555378313575795e+00,
       2.5775263747949175e+00, 3.2133931371066584e+00,
       1.5800185387628805e+00, 2.3702882513209937e+00,
       1.2062781082160103e+00, 3.0784385991982477e+00,
       1.1618495249703840e+00, 1.8655501200082114e+00,
       2.0888176035203925e+00, 1.9344093524564023e+00,
       3.2378343320743554e+00, 2.0016263183317000e+00,
       1.9487902451005445e+00, 1.6246697298453443e+00,
       3.1949476904032328e+00, 1.9439176102998517e+00,
       2.1231300107385693e+00, 1.0345314186954986e+00,
       2.2976942359245206e-01, 3.5998302184188780e+00,
       9.3557341537930405e-01, 8.3299012345145129e-01,
       8.8517591934314943e-01, 3.6899927247129205e+00,
       1.1018410900107027e+00, 1.9534352454408146e+00,
       1.1445070702763285e+00, 6.6943771888815351e-01,
       3.5284492470413125e+00, 1.1709619746656126e+00,
       1.3880913195226361e+00, 1.3385092470081250e+00,
       2.4804449035335971e+00, 1.2294917288824987e+00,
       1.8270106564751127e+00 ]
intactSigma:
   - !!opencv-matrix
      rows: 9
      cols: 9
      dt: d
      data: [ 7.5184080436773673e-02, 1.2535375108437777e-02,
          -5.2921702177638835e-02, 1.1919019544200700e-02,
          2.6289901639420729e-03, 1.5873044888113515e-03,
          1.8117900092692403e-03, 3.2937184895926396e-03,
          4.7263018750892068e-02, 1.2535375108437777e-02,
          1.5012092479871274e-02, -2.3811675368621259e-02,
          8.1691704064064414e-03, 2.2294897086010687e-03,
          5.4396790807650633e-03, 5.4006219903957042e-03,
          4.1528786113733170e-03, 3.1140968234913594e-02,
          -5.2921702177638828e-02, -2.3811675368621263e-02,
          1.6610840980787198e-01, -3.7157663445900435e-02,
          -8.9454843417754656e-03, 1.1092219316681353e-03,
          -2.1063396747680631e-02, -7.0918964373474155e-03,
          -5.5595919811243344e-02, 1.1919019544200703e-02,
          8.1691704064064414e-03, -3.7157663445900442e-02,
          4.3749138265426521e-02, 3.4450144661638806e-03,
          3.9235835140849305e-03, 7.0527940276529826e-03,
          3.0912299006544460e-03, 5.1606229141985104e-03,
          2.6289901639420729e-03, 2.2294897086010687e-03,
          -8.9454843417754656e-03, 3.4450144661638820e-03,
          2.4966782612129639e-02, -5.0649853507750810e-04,
          2.0312722679153910e-03, -6.3675215052061279e-03,
          -6.8031488267409580e-03, 1.5873044888113509e-03,
          5.4396790807650633e-03, 1.1092219316681364e-03,
          3.9235835140849305e-03, -5.0649853507750843e-04,
          7.4168649176111101e-02, 4.9538445411619475e-03,
          1.3720542325636295e-03, -4.2955443820955820e-02,
          1.8117900092692403e-03, 5.4006219903957042e-03,
          -2.1063396747680631e-02, 7.0527940276529826e-03,
          2.0312722679153915e-03, 4.9538445411619492e-03,
          1.4405851043331589e-02, -1.5134694859400843e-03,
          -1.8885679983022111e-02, 3.2937184895926405e-03,
          4.1528786113733153e-03, -7.0918964373474181e-03,
          3.0912299006544451e-03, -6.3675215052061279e-03,
          1.3720542325636295e-03, -1.5134694859400839e-03,
          1.9271256903298511e-01, 2.9783327396713490e-02,
          4.7263018750892061e-02, 3.1140968234913594e-02,
          -5.5595919811243358e-02, 5.1606229141985104e-03,
          -6.8031488267409554e-03, -4.2955443820955820e-02,
          -1.8885679983022114e-02, 2.9783327396713490e-02,
          4.9964194483047036e-01 ]
   - !!opencv-matrix
      rows: 9
      cols: 9
      dt: d
      data: [ 2.2393521456088450e-01, 1.2686539733472296e-01,
          -5.0708385395749511e-02, 4.1713636663377768e-02,
          -9.5359094419595856e-03, 2.7202650659999821e-02,
          -3.0781471376085398e-03, 8.6223356364291716e-03,
          1.8816153767260011e-02, 1.2686539733472296e-01,
          3.1810023550386357e-01, -7.0601152443547047e-02,
          8.4015308874724345e-02, 5.0645962993495254e-02,
          4.7225322986967751e-02, 2.3065867040212972e-02,
          1.3576951657456237e-02, 3.1619064934277158e-02,
          -5.0708385395749504e-02, -7.0601152443547047e-02,
          1.4167359541513277e-01, -4.8957895971834683e-02,
          -4.4826743915078536e-02, -9.6566372372752160e-03,
          -2.4305749345882352e-02, -4.2396621287453164e-03,
          -1.3680895892247994e-02, 4.1713636663377761e-02,
          8.4015308874724345e-02, -4.8957895971834683e-02,
          5.1665988631576946e-02, 2.2217492697678157e-02,
          1.3409039817565069e-02, 1.1111765658304051e-02,
          5.3257269859032005e-03, 4.2543316248570967e-03,
          -9.5359094419595856e-03, 5.0645962993495254e-02,
          -4.4826743915078536e-02, 2.2217492697678160e-02,
          1.6336210644298177e-01, 3.4980348729953732e-03,
          4.6314234590844189e-02, 9.8074704521270151e-03,
          1.6570572456611214e-03, 2.7202650659999824e-02,
          4.7225322986967758e-02, -9.6566372372752177e-03,
          1.3409039817565071e-02, 3.4980348729953714e-03,
          5.4279040176254650e-02, 2.5849567953564055e-03,
          4.9204188079935160e-03, 5.6831473824900331e-03,
          -3.0781471376085390e-03, 2.3065867040212972e-02,
          -2.4305749345882352e-02, 1.1111765658304051e-02,
          4.6314234590844189e-02, 2.5849567953564060e-03,
          3.6132331480961406e-02, 2.6567539145697940e-03,
          -3.0923473890038153e-03, 8.6223356364291733e-03,
          1.3576951657456236e-02, -4.2396621287453173e-03,
          5.3257269859032005e-03, 9.8074704521270133e-03,
          4.9204188079935169e-03, 2.6567539145697940e-03,
          7.8611677971614780e-02, 2.7325443187336887e-03,
          1.8816153767260011e-02, 3.1619064934277165e-02,
          -1.3680895892247991e-02, 4.2543316248570976e-03,
          1.6570572456611214e-03, 5.6831473824900339e-03,
          -3.0923473890038136e-03, 2.7325443187336878e-03,
          5.4739830148331600e-02 ]
   - !!opencv-matrix
      rows: 9
      cols: 9
      dt: d
      data: [ 8.0862024477639516e-01, 4.3838840655605071e-01,
          2.5058809809084054e-01, 3.6705178052803872e-01,
          4.0214188645363608e-01, 2.2939591698310041e-01,
          2.0910701690466554e-01, -1.6446723767821819e-01,
          2.4508818170713842e-01, 4.3838840655605060e-01,
          8.0121467073358021e-01, 2.4790114055485776e-01,
          2.1202800772232325e-01, 2.9733319808413322e-01,
          1.6622432618881877e-01, 1.8412749655253219e-01,
          -1.9635024380070959e-01, 1.2585054325894138e-01,
          2.5058809809084059e-01, 2.4790114055485776e-01,
          3.5121642357063620e-01, 1.9000128243303357e-01,
          3.4003213787184733e-01, 9.9116930559064953e-02,
          1.3632905453817379e-01, -1.9240824881998309e-01,
          1.4116939394753586e-01, 3.6705178052803872e-01,
          2.1202800772232325e-01, 1.9000128243303352e-01,
          8.4120544476833137e-01, 5.8882146283955417e-01,
          4.4691670342228978e-01, 2.5977200981750526e-01,
          -1.0657081949668040e-01, 3.0839119043985436e-01,
          4.0214188645363597e-01, 2.9733319808413322e-01,
          3.4003213787184733e-01, 5.8882146283955417e-01,
          8.5019470296537392e-01, 2.6154629615219460e-01,
          2.2581553237022553e-01, -1.7646602797001534e-01,
