%YAML:1.0
---
groups:
   - intact
   - CD19
   - blast
intactGmmnames:
   - "intact.676.0"
   - "intact.676.1"
   - "intact.676.2"
   - "intact.676.3"
   - "intact.676.4"
intactLabels:
   - FSC-A
   - SSC-A
   - SY41
   - CD19
   - CD10
   - CD20
   - CD45
   - CD34
   - CD38
intactMu: !!opencv-matrix
   rows: 5
   cols: 9
   dt: d
   data: [ 1.3066867166043401e+00, 5.9651757711491415e-01,
       3.8456458489618210e+00, 9.8256407826727610e-01,
       1.0476162296596088e+00, 1.0576875174533613e+00,
       3.0274823143734708e+00, 1.1967715231240030e+00,
       2.4488938974328347e+00, 2.3153477241210854e+00,
       2.9253823120359250e+00, 3.6492259054424094e+00,
       1.5279068399233742e+00, 2.8201822226366162e+00,
       1.2238214150256239e+00, 3.1295447684522033e+00,
       1.1736041018162104e+00, 2.1146364547071972e+00,
       1.0324178190065358e+00, 2.7345726060129294e-01,
       3.7264505096655474e+00, 1.0440906572603146e+00,
       7.9990552370152368e-01, 8.2973646591051053e-01,
       3.6213404496593884e+00, 1.0707478089289917e+00,
       1.8585185209378705e+00, 9.7516428840745595e-01,
       3.7745297335424677e-01, 3.7985808969379660e+00,
       9.5263541923976780e-01, 8.6626476723195733e-01,
       9.9837780586308278e-01, 1.4235505902355399e+00,
       1.0453567577845053e+00, 1.6090957781972453e+00,
       2.0632763082877457e+00, 1.9391561522737870e+00,
       3.3833977331373273e+00, 1.4781949592083989e+00,
       1.4951605584652636e+00, 1.4898432129487444e+00,
       2.6794959258771684e+00, 1.4135938849880767e+00,
       2.0796708479297794e+00 ]
intactSigma:
   - !!opencv-matrix
      rows: 9
      cols: 9
      dt: d
      data: [ 1.7442547801889777e-01, 5.0639744105912432e-02,
          3.8219019665162654e-03, 4.0074696457718106e-03,
          -1.8249806365547894e-02, 3.4951935788162837e-02,
          5.8612606237764070e-02, 4.3324257629180830e-02,
          7.3384026573983463e-02, 5.0639744105912432e-02,
          5.5278126861218344e-02, 2.5199838601896556e-02,
          -1.0330712542428885e-02, -1.3021582698653999e-03,
          4.0384920607276199e-02, -2.5170156498892933e-02,
          2.4234173551338140e-02, 3.2007040146469941e-02,
          3.8219019665162658e-03, 2.5199838601896566e-02,
          1.1062167106667942e-01, -6.5934568805411140e-02,
          8.2347830063435497e-03, 3.1406891488754439e-02,
          -1.4411955781102148e-01, 1.5522851665099931e-02,
          -5.7884347350888245e-02, 4.0074696457718098e-03,
          -1.0330712542428885e-02, -6.5934568805411126e-02,
          5.5403965941825846e-02, -6.7308999892620180e-03,
          -1.4416538844630780e-02, 1.0533182133308044e-01,
          -4.8011123693732565e-03, 3.3014354983946240e-02,
          -1.8249806365547894e-02, -1.3021582698654027e-03,
          8.2347830063435549e-03, -6.7308999892620189e-03,
          1.6515820611442947e-01, 9.5396513884611518e-03,
          -1.0049536619626928e-01, -2.0388609544688262e-02,
          -6.7698287073325938e-02, 3.4951935788162837e-02,
          4.0384920607276199e-02, 3.1406891488754432e-02,
          -1.4416538844630780e-02, 9.5396513884611518e-03,
          1.0401151350802521e-01, -8.0539293621738395e-02,
          7.2465105058187457e-03, -2.4065607785156217e-02,
          5.8612606237764070e-02, -2.5170156498892936e-02,
          -1.4411955781102148e-01, 1.0533182133308044e-01,
          -1.0049536619626928e-01, -8.0539293621738409e-02,
          6.7040872407914087e-01, 7.6990131370741274e-03,
          2.1718182349225371e-01, 4.3324257629180830e-02,
          2.4234173551338143e-02, 1.5522851665099931e-02,
          -4.8011123693732557e-03, -2.0388609544688262e-02,
          7.2465105058187465e-03, 7.6990131370741283e-03,
          2.1190932819131364e-01, 6.0323912974365256e-02,
          7.3384026573983463e-02, 3.2007040146469941e-02,
          -5.7884347350888245e-02, 3.3014354983946240e-02,
          -6.7698287073325938e-02, -2.4065607785156214e-02,
          2.1718182349225371e-01, 6.0323912974365256e-02,
          4.4527002008183048e-01 ]
   - !!opencv-matrix
      rows: 9
      cols: 9
      dt: d
      data: [ 2.6959574385603019e-01, 1.8735741712995227e-01,
          -2.9904866009340888e-02, 4.8582474532636172e-02,
          -6.3210366675121160e-04, 4.2751592571916325e-02,
          4.0203642962173920e-03, 1.2833359087673132e-02,
          1.7115364097136741e-02, 1.8735741712995227e-01,
          3.6251945657287221e-01, -2.7252816619423279e-02,
          8.0244165571074361e-02, 2.9936685325452291e-02,
          6.2718492710153909e-02, 2.3002648956641121e-02,
          2.0862092115016714e-02, 2.7753118473061611e-02,
          -2.9904866009340895e-02, -2.7252816619423286e-02,
          7.9767149572632312e-02, -3.4973272867826567e-02,
          -1.0332569701337693e-02, -1.1353261609828408e-02,
          -8.7028842555047572e-03, -1.1054449453825877e-03,
          -2.3653298708077408e-03, 4.8582474532636165e-02,
          8.0244165571074361e-02, -3.4973272867826567e-02,
          4.4056980529820079e-02, 1.0810432472293140e-02,
          1.7871004942864383e-02, 8.1092395433861302e-03,
          5.2370679964976645e-03, 2.8327181977857571e-03,
          -6.3210366675121171e-04, 2.9936685325452295e-02,
          -1.0332569701337693e-02, 1.0810432472293137e-02,
          7.7741347079441248e-02, 5.8844420735147769e-03,
          2.1346913494450667e-02, 4.6008037477548542e-03,
          1.0007062455003305e-02, 4.2751592571916325e-02,
          6.2718492710153909e-02, -1.1353261609828405e-02,
          1.7871004942864383e-02, 5.8844420735147751e-03,
          6.2317681955910031e-02, 4.9120369505766736e-03,
          7.0465732001072324e-03, 1.0058051033907049e-02,
          4.0203642962173929e-03, 2.3002648956641124e-02,
          -8.7028842555047555e-03, 8.1092395433861302e-03,
          2.1346913494450667e-02, 4.9120369505766745e-03,
          2.3853260057332949e-02, 1.8433376169302018e-03,
          6.2170606569558109e-03, 1.2833359087673128e-02,
          2.0862092115016703e-02, -1.1054449453825874e-03,
          5.2370679964976645e-03, 4.6008037477548560e-03,
          7.0465732001072298e-03, 1.8433376169302018e-03,
          9.3603538551703003e-02, 8.0303096638156875e-03,
          1.7115364097136741e-02, 2.7753118473061607e-02,
          -2.3653298708077421e-03, 2.8327181977857567e-03,
          1.0007062455003305e-02, 1.0058051033907049e-02,
          6.2170606569558109e-03, 8.0303096638156875e-03,
          6.6131308253538107e-02 ]
   - !!opencv-matrix
      rows: 9
      cols: 9
      dt: d
      data: [ 4.4731897015176728e-02, 7.5763851977060249e-03,
          -1.5422811134774556e-02, 9.7083328163580455e-03,
          5.9111192399430258e-03, 1.0879589704762318e-02,
          1.0123698395355155e-02, 1.3236899091918514e-03,
          -7.6163961306388549e-03, 7.5763851977060249e-03,
          7.2783865495290026e-03, -5.4655228704233363e-03,
          4.2350710113231204e-03, 2.6509546161948986e-03,
          8.2402751580968187e-03, 6.3093906526864203e-03,
          6.2599259320297970e-04, -6.4859553805887782e-03,
          -1.5422811134774556e-02, -5.4655228704233363e-03,
          3.4023594063098642e-02, -1.7158918597647680e-02,
          -9.8441764630826638e-03, -8.5265755936130786e-03,
          -8.1222150037792411e-03, -2.0495903741383969e-04,
          5.9853017918083612e-03, 9.7083328163580455e-03,
          4.2350710113231195e-03, -1.7158918597647680e-02,
          1.8856192349436647e-02, 5.5886064073307692e-03,
          6.5464929603511234e-03, 5.4642267551265585e-03,
          9.3830579244820217e-04, -6.2588863345010041e-03,
          5.9111192399430241e-03, 2.6509546161948986e-03,
          -9.8441764630826638e-03, 5.5886064073307692e-03,
          2.2332634274273608e-02, -2.5505217282369073e-05,
          3.2019004236102234e-03, -4.4869365958399065e-03,
          -3.8970828081632864e-03, 1.0879589704762320e-02,
          8.2402751580968187e-03, -8.5265755936130786e-03,
          6.5464929603511217e-03, -2.5505217282369015e-05,
          7.2010264077304792e-02, 7.5972644944811533e-03,
          -4.8766966326017772e-04, -1.3674377620292368e-02,
          1.0123698395355155e-02, 6.3093906526864195e-03,
          -8.1222150037792411e-03, 5.4642267551265567e-03,
          3.2019004236102234e-03, 7.5972644944811533e-03,
          1.4209588182045154e-02, -1.0037183362420219e-03,
          -7.1806616138530427e-03, 1.3236899091918514e-03,
          6.2599259320298025e-04, -2.0495903741384001e-04,
          9.3830579244820163e-04, -4.4869365958399065e-03,
          -4.8766966326017756e-04, -1.0037183362420219e-03,
          1.4150732699456603e-01, 2.5793901059893314e-03,
          -7.6163961306388523e-03, -6.4859553805887782e-03,
          5.9853017918083630e-03, -6.2588863345010059e-03,
          -3.8970828081632872e-03, -1.3674377620292368e-02,
          -7.1806616138530427e-03, 2.5793901059893323e-03,
          1.0114478771672626e-01 ]
   - !!opencv-matrix
      rows: 9
      cols: 9
      dt: d
      data: [ 1.0334298787843607e-01, 2.1903533350511328e-02,
          -1.3289392441549351e-02, 1.0261039295769247e-02,
          1.3844337650973973e-02, 2.7096754981556975e-02,
          2.3318722492581663e-02, 4.9234167988538408e-04,
          7.3272892333667025e-03, 2.1903533350511328e-02,
          1.8190480836178378e-02, 5.0588617456050235e-03,
          -9.8965285948682849e-05, 6.2332660090596084e-03,
          1.8798299930504643e-02, 1.9792242431831850e-02,
          8.1517365675348394e-04, 8.1991937968147518e-03,
          -1.3289392441549351e-02, 5.0588617456050235e-03,
          1.2246045124712171e-01, -6.3656262679652104e-02,
          -3.1024148908106151e-02, -1.0900028123779201e-02,
          6.7717802728320510e-03, 2.4881270922874339e-03,
          2.3399575468633242e-02, 1.0261039295769251e-02,
          -9.8965285948682645e-05, -6.3656262679652104e-02,
          4.1623141802177917e-02, 2.0428444873446899e-02,
          1.0859567773925494e-02, -1.1643832390425349e-03,
          -1.0176681843934467e-03, -1.4013040501614773e-02,
          1.3844337650973973e-02, 6.2332660090596084e-03,
          -3.1024148908106151e-02, 2.0428444873446899e-02,
          4.4804016447297708e-02, 8.4140993707030147e-03,
          1.5797938617496780e-02, -9.2611073495060196e-04,
          3.7824229865609539e-04, 2.7096754981556975e-02,
          1.8798299930504643e-02, -1.0900028123779196e-02,
          1.0859567773925494e-02, 8.4140993707030130e-03,
          8.0918046254077988e-02, 2.1775409384403574e-02,
          1.1608400679597041e-03, 3.8305362118314853e-03,
          2.3318722492581663e-02, 1.9792242431831850e-02,
          6.7717802728320502e-03, -1.1643832390425351e-03,
          1.5797938617496780e-02, 2.1775409384403574e-02,
          9.8758435395772240e-02, -1.6152107086234492e-03,
          2.4390700017438597e-02, 4.9234167988538376e-04,
          8.1517365675348361e-04, 2.4881270922874339e-03,
          -1.0176681843934463e-03, -9.2611073495060196e-04,
          1.1608400679597041e-03, -1.6152107086234476e-03,
          1.4938741472723931e-02, 3.0302857985047775e-04,
          7.3272892333667025e-03, 8.1991937968147518e-03,
          2.3399575468633242e-02, -1.4013040501614773e-02,
          3.7824229865609539e-04, 3.8305362118314853e-03,
          2.4390700017438597e-02, 3.0302857985047769e-04,
          2.4511897316768703e-02 ]
   - !!opencv-matrix
      rows: 9
      cols: 9
      dt: d
      data: [ 8.1289406079289039e-01, 6.0524144447384010e-01,
          2.0650533721852357e-01, 6.4618873622373285e-02,
          1.3066356976199919e-01, 5.7663784051295089e-02,
          2.3213060192844753e-01, -4.3794754668339951e-02,
          1.2826888054715402e-01, 6.0524144447384010e-01,
          1.0584564939060448e+00, 2.3396319188677261e-01,
          1.4226901867989150e-01, 2.2630357290193601e-01,
          6.7996870897421582e-02, 2.9936325245903928e-01,
          -8.0490356336230442e-03, 1.4822372887021451e-01,
          2.0650533721852363e-01, 2.3396319188677267e-01,
          2.7814601606560097e-01, -1.2983688272053259e-02,
          9.7340816304350167e-02, 5.7645298595869657e-02,
          1.2151329306208543e-01, -6.3291954943714340e-02,
          7.6779957611496946e-02, 6.4618873622373285e-02,
          1.4226901867989150e-01, -1.2983688272053259e-02,
          1.2169469392268960e-01, 5.5411661386332967e-02,
          8.9604054673146055e-02, 6.4704303624987400e-02,
          2.5776248283964739e-02, 2.2386486932992045e-02,
          1.3066356976199917e-01, 2.2630357290193601e-01,
          9.7340816304350167e-02, 5.5411661386332946e-02,
          3.3298579948104345e-01, 7.8182815189183352e-02,
          9.1479791240911212e-02, 3.3912529903049400e-03,
          6.1311642008297071e-02, 5.7663784051295110e-02,
          6.7996870897421596e-02, 5.7645298595869636e-02,
          8.9604054673146055e-02, 7.8182815189183352e-02,
          2.0429551430292742e-01, 7.9451698438327209e-02,
          4.2605770812364392e-02, 7.3856926209383084e-02,
          2.3213060192844753e-01, 2.9936325245903928e-01,
          1.2151329306208540e-01, 6.4704303624987400e-02,
          9.1479791240911199e-02, 7.9451698438327223e-02,
          4.3988511249313661e-01, 3.0602038439352927e-02,
          1.9563599637126600e-01, -4.3794754668339958e-02,
          -8.0490356336230529e-03, -6.3291954943714340e-02,
          2.5776248283964739e-02, 3.3912529903049400e-03,
          4.2605770812364399e-02, 3.0602038439352941e-02,
          2.2169640451132175e-01, 5.2346318961973677e-02,
          1.2826888054715402e-01, 1.4822372887021454e-01,
          7.6779957611496946e-02, 2.2386486932992049e-02,
          6.1311642008297057e-02, 7.3856926209383084e-02,
          1.9563599637126605e-01, 5.2346318961973677e-02,
          2.6009470100270904e-01 ]
intactC: !!opencv-matrix
   rows: 1
   cols: 5
   dt: d
   data: [ 6.4651913042012926e-02, 1.6767340182247797e-01,
       3.9306463051258772e-01, 1.7918390419602595e-01,
       4.2321784314632738e-02 ]
intactNumEvents: 230359.
intactMaxVals: !!opencv-matrix
   rows: 1
   cols: 9
   dt: d
   data: [ 4.5000000000000000e+00, 4.5000000000000000e+00,
       4.5000000000000000e+00, 4.5000000000000000e+00,
       4.5000000000000000e+00, 4.5000000000000000e+00,
       4.5000000000000000e+00, 4.5000000000000000e+00,
       4.5000000000000000e+00 ]
CD19Gmmnames:
   - "CD19.676.0"
   - "CD19.676.1"
CD19Labels:
   - FSC-A
   - SSC-A
   - SY41
   - CD19
   - CD10
   - CD20
   - CD45
   - CD34
   - CD38
CD19Mu: !!opencv-matrix
   rows: 2
   cols: 9
   dt: d
   data: [ 1.0411354244346724e+00, 2.6036086664517000e-01,
       3.6622708445969296e+00, 2.9975561720684727e+00,
       9.7805606524891420e-01, 3.0727693061694343e+00,
       3.6202053617638241e+00, 1.1026776199491852e+00,
       1.8926220977737147e+00, 1.3237566277570991e+00,
       4.1241946284777881e-01, 3.6184556028777926e+00,
       2.9587311306648112e+00, 1.0985270355225221e+00,
       3.1040203772421577e+00, 3.6660905394712588e+00,
       1.1507374903737304e+00, 1.8850229019201017e+00 ]
CD19Sigma:
   - !!opencv-matrix
      rows: 9
      cols: 9
      dt: d
      data: [ 2.1014777504103445e-02, 2.0274436178740851e-03,
          -1.1341477997063143e-02, 7.5101352702705779e-03,
          3.9913093359010433e-03, 5.0414400853363937e-03,
          8.2171747770875079e-03, 9.7737190132735053e-04,
          6.5653748913396589e-03, 2.0274436178740851e-03,
          3.0459940233799154e-03, -2.8179125531028974e-03,
          2.8026340434275415e-03, 1.2328776586052856e-03,
          2.6783943259215248e-03, 2.3801755889782572e-03,
          2.5233936948911251e-04, 1.8139459418470480e-03,
          -1.1341477997063143e-02, -2.8179125531028969e-03,
          5.0030189933364742e-02, -9.2025404722830811e-03,
          -1.2368727992376755e-02, -4.9924710315368522e-03,
          -8.3723665431734966e-03, -2.0724064261717966e-04,
          -5.6205865714734080e-03, 7.5101352702705779e-03,
          2.8026340434275415e-03, -9.2025404722830811e-03,
          2.9210459770036369e-02, 4.7280942375389629e-03,
          1.1127878661203797e-02, 6.5799016274753199e-03,
          9.1423385771346761e-04, 2.2476174346601229e-03,
          3.9913093359010433e-03, 1.2328776586052856e-03,
          -1.2368727992376757e-02, 4.7280942375389611e-03,
          1.0811759272096763e-01, 5.8237452056881609e-03,
          2.8786110018097729e-03, -3.8209552671581190e-03,
          1.0585388904530134e-02, 5.0414400853363954e-03,
          2.6783943259215252e-03, -4.9924710315368522e-03,
          1.1127878661203797e-02, 5.8237452056881609e-03,
          2.0238112693867993e-02, 4.5644528798616029e-03,
          1.1301705349244112e-03, 8.8111915317888936e-03,
          8.2171747770875079e-03, 2.3801755889782572e-03,
          -8.3723665431734966e-03, 6.5799016274753199e-03,
          2.8786110018097729e-03, 4.5644528798616029e-03,
          1.1514322861314126e-02, -1.2257955247047111e-03,
          6.2400146962368896e-03, 9.7737190132735053e-04,
          2.5233936948911294e-04, -2.0724064261717939e-04,
          9.1423385771346858e-04, -3.8209552671581199e-03,
          1.1301705349244112e-03, -1.2257955247047111e-03,
          1.5024605457738544e-01, 1.8796871465041850e-03,
          6.5653748913396589e-03, 1.8139459418470480e-03,
          -5.6205865714734045e-03, 2.2476174346601221e-03,
          1.0585388904530134e-02, 8.8111915317888936e-03,
          6.2400146962368888e-03, 1.8796871465041839e-03,
          1.2501100562604009e-01 ]
   - !!opencv-matrix
      rows: 9
      cols: 9
      dt: d
      data: [ 1.5811896368724634e-01, 2.6846344969048079e-02,
          2.1617623879155467e-03, 2.8876848346781208e-02,
          5.3090495801617109e-03, 1.4856428312905800e-02,
          3.5995931086074018e-02, -1.0413419153790299e-04,
          2.6859734171493208e-02, 2.6846344969048089e-02,
          3.2175928708455502e-02, 1.0075294433818802e-02,
          1.5446912603355907e-02, 7.3863447775395410e-03,
          8.0236787370127367e-03, 8.8756080380871256e-03,
          7.0545317345731499e-03, 1.7388543296142537e-02,
          2.1617623879155476e-03, 1.0075294433818799e-02,
          1.1157831822001092e-01, -1.5467149613573435e-02,
          -1.7948011521538090e-02, -1.1085797615099841e-02,
          -7.3310985021026809e-03, 4.1707502602406276e-03,
          1.4834585970007962e-02, 2.8876848346781208e-02,
          1.5446912603355907e-02, -1.5467149613573435e-02,
          7.9741427340284596e-02, 1.1001885928957626e-02,
          3.5578346249989699e-02, 1.2203159029364351e-02,
          5.8457423342286579e-03, -1.1707080917739443e-02,
          5.3090495801617109e-03, 7.3863447775395384e-03,
          -1.7948011521538090e-02, 1.1001885928957624e-02,
          1.8678817346350846e-01, 2.1530759690997287e-02,
          5.3723126978669298e-03, 4.2369451197782860e-03,
          2.5632836622545171e-02, 1.4856428312905802e-02,
          8.0236787370127384e-03, -1.1085797615099842e-02,
          3.5578346249989706e-02, 2.1530759690997280e-02,
          6.8801840102097347e-02, 1.4902158685230184e-02,
          4.2998605807496168e-03, -2.7133905853963100e-03,
          3.5995931086074018e-02, 8.8756080380871256e-03,
          -7.3310985021026809e-03, 1.2203159029364349e-02,
          5.3723126978669324e-03, 1.4902158685230184e-02,
          3.2404422924535950e-02, -1.3292656219134676e-03,
          1.1195993459722529e-02, -1.0413419153790284e-04,
          7.0545317345731464e-03, 4.1707502602406268e-03,
          5.8457423342286579e-03, 4.2369451197782860e-03,
          4.2998605807496168e-03, -1.3292656219134680e-03,
          1.9159444784617130e-01, 8.7425316825361348e-03,
          2.6859734171493208e-02, 1.7388543296142537e-02,
          1.4834585970007962e-02, -1.1707080917739443e-02,
          2.5632836622545181e-02, -2.7133905853963091e-03,
          1.1195993459722529e-02, 8.7425316825361296e-03,
          2.0817289048378723e-01 ]
CD19C: !!opencv-matrix
   rows: 1
   cols: 2
   dt: d
   data: [ 1.2964043003093106e-01, 2.3313203003876758e-02 ]
CD19NumEvents: 41604.
CD19MaxVals: !!opencv-matrix
   rows: 1
   cols: 9
   dt: d
   data: [ 4.5000000000000000e+00, 4.5000000000000000e+00,
       4.5000000000000000e+00, 4.5000000000000000e+00,
       4.5000000000000000e+00, 4.5000000000000000e+00,
       4.5000000000000000e+00, 4.5000000000000000e+00,
       4.5000000000000000e+00 ]
blastGmmnames:
   - "blast.676.0"
blastLabels:
   - FSC-A
   - SSC-A
   - SY41
   - CD19
   - CD10
   - CD20
   - CD45
   - CD34
   - CD38
blastMu: !!opencv-matrix
   rows: 1
   cols: 9
   dt: d
   data: [ 1.4258531041261626e+00, 3.9135429481180706e-01,
       3.7680697731855441e+00, 3.1686374385182452e+00,
       3.8806612840512904e+00, 1.8720433566628434e+00,
       3.1715479885659570e+00, 1.3258720236580546e+00,
       2.3844266286710414e+00 ]
blastSigma:
   - !!opencv-matrix
      rows: 9
      cols: 9
      dt: d
      data: [ 9.9126851795774559e-02, 2.6987145501806656e-02,
          -2.8223804529208019e-02, 1.8507594935187863e-02,
          9.8992377694173440e-03, 4.5685270142924797e-02,
          2.0311713467860804e-02, 1.1198849336668603e-02,
          4.2235065208664747e-02, 2.6987145501806656e-02,
          2.0578583173538591e-02, -1.1065625441398656e-02,
          1.1835239452063056e-02, 8.3435867064894967e-04,
          2.9224287126341834e-02, 2.1483463418467446e-02,
          1.7160137894522712e-02, 1.9078338042101059e-02,
          -2.8223804529208019e-02, -1.1065625441398656e-02,
          4.0243119920965867e-02, -1.2370446093397821e-02,
          1.1189751934329703e-02, -4.0260234522661469e-02,
          -2.1724583630970865e-02, -1.3284694723505179e-02,
          -7.8128027246276051e-03, 1.8507594935187863e-02,
          1.1835239452063056e-02, -1.2370446093397821e-02,
          3.8356379028243577e-02, -1.5870354708574973e-02,
          5.5830942449559683e-02, 2.4361598545092625e-02,
          -3.5025586257543899e-03, -1.5893742920124024e-02,
          9.8992377694173440e-03, 8.3435867064894967e-04,
          1.1189751934329703e-02, -1.5870354708574973e-02,
          7.1570362287781422e-02, -6.2413070503231485e-02,
          -2.8069777509679511e-02, -1.0755644386525843e-02,
          6.3731317106113322e-02, 4.5685270142924797e-02,
          2.9224287126341834e-02, -4.0260234522661469e-02,
          5.5830942449559683e-02, -6.2413070503231485e-02,
          2.9186614359481100e-01, 1.0679320354063716e-01,
          -2.1412503102730171e-02, -1.4669111116607181e-02,
          2.0311713467860804e-02, 2.1483463418467446e-02,
          -2.1724583630970865e-02, 2.4361598545092625e-02,
          -2.8069777509679511e-02, 1.0679320354063716e-01,
          1.2246086525512624e-01, -2.6067287940690471e-02,
          6.6204835500881437e-02, 1.1198849336668603e-02,
          1.7160137894522712e-02, -1.3284694723505179e-02,
          -3.5025586257543899e-03, -1.0755644386525843e-02,
          -2.1412503102730171e-02, -2.6067287940690471e-02,
          2.2737051431933825e-01, -1.2458170026840396e-02,
          4.2235065208664747e-02, 1.9078338042101059e-02,
          -7.8128027246276051e-03, -1.5893742920124024e-02,
          6.3731317106113322e-02, -1.4669111116607181e-02,
          6.6204835500881437e-02, -1.2458170026840396e-02,
          3.2221660838680355e-01 ]
blastC: !!opencv-matrix
   rows: 1
   cols: 1
   dt: d
   data: [ 1.5073307745474337e-04 ]
blastNumEvents: 41.
blastMaxVals: !!opencv-matrix
   rows: 1
   cols: 9
   dt: d
   data: [ 4.5000000000000000e+00, 4.5000000000000000e+00,
       4.5000000000000000e+00, 4.5000000000000000e+00,
       4.5000000000000000e+00, 4.5000000000000000e+00,
       4.5000000000000000e+00, 4.5000000000000000e+00,
       4.5000000000000000e+00 ]
