%YAML:1.0
---
groups:
   - intact
   - CD19
   - blast
intactGmmnames:
   - "intact.676.0"
   - "intact.676.1"
   - "intact.676.2"
   - "intact.676.3"
   - "intact.676.4"
intactLabels:
   - FSC-A
   - SSC-A
   - SY41
   - CD19
   - CD10
   - CD20
   - CD45
   - CD34
   - CD38
intactMu: !!opencv-matrix
   rows: 5
   cols: 9
   dt: d
   data: [ 1.3066867166043401e+00, 5.9651757711491415e-01,
       3.8456458489618210e+00, 9.8256407826727610e-01,
       1.0476162296596088e+00, 1.0576875174533613e+00,
       3.0274823143734708e+00, 1.1967715231240030e+00,
       2.4488938974328347e+00, 2.3153477241210854e+00,
       2.9253823120359250e+00, 3.6492259054424094e+00,
       1.5279068399233742e+00, 2.8201822226366162e+00,
       1.2238214150256239e+00, 3.1295447684522033e+00,
       1.1736041018162104e+00, 2.1146364547071972e+00,
       1.0324178190065358e+00, 2.7345726060129294e-01,
       3.7264505096655474e+00, 1.0440906572603146e+00,
       7.9990552370152368e-01, 8.2973646591051053e-01,
       3.6213404496593884e+00, 1.0707478089289917e+00,
       1.8585185209378705e+00, 9.7516428840745595e-01,
       3.7745297335424677e-01, 3.7985808969379660e+00,
       9.5263541923976780e-01, 8.6626476723195733e-01,
       9.9837780586308278e-01, 1.4235505902355399e+00,
       1.0453567577845053e+00, 1.6090957781972453e+00,
       2.0632763082877457e+00, 1.9391561522737870e+00,
       3.3833977331373273e+00, 1.4781949592083989e+00,
       1.4951605584652636e+00, 1.4898432129487444e+00,
       2.6794959258771684e+00, 1.4135938849880767e+00,
       2.0796708479297794e+00 ]
intactSigma:
   - !!opencv-matrix
      rows: 9
      cols: 9
      dt: d
      data: [ 1.7442547801889777e-01, 5.0639744105912432e-02,
          3.8219019665162654e-03, 4.0074696457718106e-03,
          -1.8249806365547894e-02, 3.4951935788162837e-02,
          5.8612606237764070e-02, 4.3324257629180830e-02,
          7.3384026573983463e-02, 5.0639744105912432e-02,
          5.5278126861218344e-02, 2.5199838601896556e-02,
          -1.0330712542428885e-02, -1.3021582698653999e-03,
          4.0384920607276199e-02, -2.5170156498892933e-02,
          2.4234173551338140e-02, 3.2007040146469941e-02,
          3.8219019665162658e-03, 2.5199838601896566e-02,
          1.1062167106667942e-01, -6.5934568805411140e-02,
          8.2347830063435497e-03, 3.1406891488754439e-02,
          -1.4411955781102148e-01, 1.5522851665099931e-02,
          -5.7884347350888245e-02, 4.0074696457718098e-03,
          -1.0330712542428885e-02, -6.5934568805411126e-02,
          5.5403965941825846e-02, -6.7308999892620180e-03,
          -1.4416538844630780e-02, 1.0533182133308044e-01,
          -4.8011123693732565e-03, 3.3014354983946240e-02,
          -1.8249806365547894e-02, -1.3021582698654027e-03,
          8.2347830063435549e-03, -6.7308999892620189e-03,
          1.6515820611442947e-01, 9.5396513884611518e-03,
          -1.0049536619626928e-01, -2.0388609544688262e-02,
          -6.7698287073325938e-02, 3.4951935788162837e-02,
          4.0384920607276199e-02, 3.1406891488754432e-02,
          -1.4416538844630780e-02, 9.5396513884611518e-03,
          1.0401151350802521e-01, -8.0539293621738395e-02,
          7.2465105058187457e-03, -2.4065607785156217e-02,
          5.8612606237764070e-02, -2.5170156498892936e-02,
          -1.4411955781102148e-01, 1.0533182133308044e-01,
          -1.0049536619626928e-01, -8.0539293621738409e-02,
          6.7040872407914087e-01, 7.6990131370741274e-03,
          2.1718182349225371e-01, 4.3324257629180830e-02,
          2.4234173551338143e-02, 1.5522851665099931e-02,
          -4.8011123693732557e-03, -2.0388609544688262e-02,
          7.2465105058187465e-03, 7.6990131370741283e-03,
          2.1190932819131364e-01, 6.0323912974365256e-02,
          7.3384026573983463e-02, 3.2007040146469941e-02,
          -5.7884347350888245e-02, 3.3014354983946240e-02,
          -6.7698287073325938e-02, -2.4065607785156214e-02,
          2.1718182349225371e-01, 6.0323912974365256e-02,
          4.4527002008183048e-01 ]
   - !!opencv-matrix
      rows: 9
      cols: 9
      dt: d
      data: [ 2.6959574385603019e-01, 1.8735741712995227e-01,
          -2.9904866009340888e-02, 4.8582474532636172e-02,
          -6.3210366675121160e-04, 4.2751592571916325e-02,
          4.0203642962173920e-03, 1.2833359087673132e-02,
          1.7115364097136741e-02, 1.8735741712995227e-01,
          3.6251945657287221e-01, -2.7252816619423279e-02,
          8.0244165571074361e-02, 2.9936685325452291e-02,
          6.2718492710153909e-02, 2.3002648956641121e-02,
          2.0862092115016714e-02, 2.7753118473061611e-02,
          -2.9904866009340895e-02, -2.7252816619423286e-02,
          7.9767149572632312e-02, -3.4973272867826567e-02,
          -1.0332569701337693e-02, -1.1353261609828408e-02,
          -8.7028842555047572e-03, -1.1054449453825877e-03,
          -2.3653298708077408e-03, 4.8582474532636165e-02,
          8.0244165571074361e-02, -3.4973272867826567e-02,
          4.4056980529820079e-02, 1.0810432472293140e-02,
          1.7871004942864383e-02, 8.1092395433861302e-03,
          5.2370679964976645e-03, 2.8327181977857571e-03,
          -6.3210366675121171e-04, 2.9936685325452295e-02,
          -1.0332569701337693e-02, 1.0810432472293137e-02,
          7.7741347079441248e-02, 5.8844420735147769e-03,
          2.1346913494450667e-02, 4.6008037477548542e-03,
          1.0007062455003305e-02, 4.2751592571916325e-02,
          6.2718492710153909e-02, -1.1353261609828405e-02,
          1.7871004942864383e-02, 5.8844420735147751e-03,
          6.2317681955910031e-02, 4.9120369505766736e-03,
          7.0465732001072324e-03, 1.0058051033907049e-02,
          4.0203642962173929e-03, 2.3002648956641124e-02,
          -8.7028842555047555e-03, 8.1092395433861302e-03,
          2.1346913494450667e-02, 4.9120369505766745e-03,
          2.3853260057332949e-02, 1.8433376169302018e-03,
          6.2170606569558109e-03, 1.2833359087673128e-02,
          2.0862092115016703e-02, -1.1054449453825874e-03,
          5.2370679964976645e-03, 4.6008037477548560e-03,
          7.0465732001072298e-03, 1.8433376169302018e-03,
          9.3603538551703003e-02, 8.0303096638156875e-03,
          1.7115364097136741e-02, 2.7753118473061607e-02,
          -2.3653298708077421e-03, 2.8327181977857567e-03,
          1.0007062455003305e-02, 1.0058051033907049e-02,
          6.2170606569558109e-03, 8.0303096638156875e-03,
          6.6131308253538107e-02 ]
   - !!opencv-matrix
      rows: 9
      cols: 9
      dt: d
      data: [ 4.4731897015176728e-02, 7.5763851977060249e-03,
          -1.5422811134774556e-02, 9.7083328163580455e-03,
          5.9111192399430258e-03, 1.0879589704762318e-02,
          1.0123698395355155e-02, 1.3236899091918514e-03,
          -7.6163961306388549e-03, 7.5763851977060249e-03,
          7.2783865495290026e-03, -5.4655228704233363e-03,
          4.2350710113231204e-03, 2.6509546161948986e-03,
          8.2402751580968187e-03, 6.3093906526864203e-03,
          6.2599259320297970e-04, -6.4859553805887782e-03,
          -1.5422811134774556e-02, -5.4655228704233363e-03,
          3.4023594063098642e-02, -1.7158918597647680e-02,
          -9.8441764630826638e-03, -8.5265755936130786e-03,
          -8.1222150037792411e-03, -2.0495903741383969e-04,
          5.9853017918083612e-03, 9.7083328163580455e-03,
          4.2350710113231195e-03, -1.7158918597647680e-02,
          1.8856192349436647e-02, 5.5886064073307692e-03,
          6.5464929603511234e-03, 5.4642267551265585e-03,
          9.3830579244820217e-04, -6.2588863345010041e-03,
          5.9111192399430241e-03, 2.6509546161948986e-03,
          -9.8441764630826638e-03, 5.5886064073307692e-03,
          2.2332634274273608e-02, -2.5505217282369073e-05,
