%YAML:1.0
---
groups:
   - intact
   - CD19
intactGmmnames:
   - "intact.689.0"
   - "intact.689.1"
   - "intact.689.2"
   - "intact.689.3"
   - "intact.689.4"
intactLabels:
   - FSC-A
   - SSC-A
   - SY41
   - CD19
   - CD10
   - CD20
   - CD45
   - CD34
   - CD38
intactMu: !!opencv-matrix
   rows: 5
   cols: 9
   dt: d
   data: [ 1.0412471711739222e+00, 3.0990033631820157e-01,
       2.9084062447754180e+00, 1.3003835697061188e+00,
       9.2415710487896119e-01, 1.0718670654299092e+00,
       3.7604007818370033e+00, 1.1186592271136389e+00,
       1.9891193094728126e+00, 2.8834108474285087e+00,
       2.6906227113920065e+00, 3.0159248658380755e+00,
       1.7462032892890056e+00, 1.2045559805578852e+00,
       1.4649761593745740e+00, 3.1407151945025822e+00,
       1.1361968071257456e+00, 2.5761118422972471e+00,
       5.0771586823396497e-01, 2.7321284869421536e-01,
       3.4223444387797772e+00, 7.9514874743902375e-01,
       9.3313538756463710e-01, 9.9677633905227980e-01,
       1.2449270772410881e+00, 1.0956166708481805e+00,
       1.4945110280469738e+00, 1.7678722693516644e+00,
       1.0968676870526592e+00, 2.8234220067650964e+00,
       1.3739816510824385e+00, 1.3268353672350230e+00,
       1.4555976116741656e+00, 2.6206844229596800e+00,
       1.7840322977845284e+00, 2.6189116991433004e+00,
       2.2942893387527148e+00, 3.0581037838801870e+00,
       2.9992996525798583e+00, 1.7842525816175154e+00,
       2.1424519863198017e+00, 1.3015993282432263e+00,
       3.1569908140986556e+00, 1.1698362948785082e+00,
       1.8963428669740732e+00 ]
intactSigma:
   - !!opencv-matrix
      rows: 9
      cols: 9
      dt: d
      data: [ 1.9195950896921704e-01, 2.4507920230274451e-02,
          -9.8472851174915346e-02, 1.2299770972664117e-02,
          7.5462908533940089e-03, 2.2064454767254462e-02,
          5.6638691674837309e-02, 1.5325486457877019e-03,
          -1.6932485260555550e-02, 2.4507920230274451e-02,
          1.5534847485956666e-02, -1.9965495925928251e-02,
          1.1186832472012841e-02, 7.5372921779618390e-03,
          1.2205387354054490e-02, 1.1133721784402455e-02,
          3.2877253841876240e-03, 1.1919315768375949e-02,
          -9.8472851174915346e-02, -1.9965495925928251e-02,
          1.0459498116063731e-01, -2.2687567216676592e-02,
          -5.6651472976157599e-03, -1.1127894901354275e-02,
          -3.9232889072574967e-02, 8.3065562726023878e-04,
          -4.4176165103449799e-03, 1.2299770972664117e-02,
          1.1186832472012843e-02, -2.2687567216676596e-02,
          7.5755767471167731e-02, 6.0171598851095466e-03,
          1.1406650172504171e-02, 1.1680675382782743e-02,
          4.1160477607788785e-03, 8.2121764500042000e-04,
          7.5462908533940106e-03, 7.5372921779618407e-03,
          -5.6651472976157581e-03, 6.0171598851095484e-03,
          7.1862034393764582e-02, 2.9427959895708790e-03,
          4.1326985251934891e-03, -5.5150142047147976e-03,
          -1.2278303599399013e-03, 2.2064454767254459e-02,
          1.2205387354054489e-02, -1.1127894901354275e-02,
          1.1406650172504171e-02, 2.9427959895708782e-03,
          1.0345926615925805e-01, 1.2429441178568534e-02,
          2.7027685747519872e-03, -1.4741901169989831e-02,
          5.6638691674837309e-02, 1.1133721784402455e-02,
          -3.9232889072574967e-02, 1.1680675382782743e-02,
          4.1326985251934891e-03, 1.2429441178568534e-02,
          2.8990908643765342e-02, -6.4711013950698388e-04,
          -1.7276256525685524e-03, 1.5325486457877014e-03,
          3.2877253841876240e-03, 8.3065562726023835e-04,
          4.1160477607788785e-03, -5.5150142047147958e-03,
          2.7027685747519842e-03, -6.4711013950698442e-04,
          1.7308026183585801e-01, 1.5994724044141047e-02,
          -1.6932485260555550e-02, 1.1919315768375951e-02,
          -4.4176165103449799e-03, 8.2121764500041870e-04,
          -1.2278303599399013e-03, -1.4741901169989836e-02,
          -1.7276256525685528e-03, 1.5994724044141047e-02,
          2.8848486641090137e-01 ]
   - !!opencv-matrix
      rows: 9
      cols: 9
      dt: d
      data: [ 4.1999774747734836e-01, 2.2174117900272874e-01,
          2.2264122679316579e-02, 5.0471727851970891e-02,
          3.8524918426289662e-02, 5.3071372790018209e-02,
          2.3278170348379854e-02, 9.2184994617495689e-03,
          3.8489707210617660e-02, 2.2174117900272874e-01,
          4.9261368981798165e-01, -3.3169482635478593e-02,
          1.0894694344646887e-01, 5.7660914723474926e-02,
          6.0250478895426673e-02, 4.4612470197531964e-02,
          1.5350789929499096e-02, 4.1346111411470272e-02,
          2.2264122679316590e-02, -3.3169482635478600e-02,
          4.5677880422261043e-02, -1.0486744076684519e-02,
          7.2943350748451621e-03, 1.4049016716988017e-02,
          -7.6781065061871509e-03, 1.2502580779910281e-03,
          3.0352863260683829e-02, 5.0471727851970898e-02,
          1.0894694344646884e-01, -1.0486744076684519e-02,
          5.0633636408300611e-02, 1.3694034703034114e-02,
          1.4364700842684182e-02, 1.0390679438599450e-02,
          4.0569644361864842e-03, 8.2884864713805243e-03,
          3.8524918426289655e-02, 5.7660914723474926e-02,
          7.2943350748451621e-03, 1.3694034703034114e-02,
          8.2371735687494382e-02, 1.8630550468796414e-02,
          6.6849487604496213e-03, 2.5872319393426889e-03,
          3.8290834821808443e-02, 5.3071372790018230e-02,
          6.0250478895426673e-02, 1.4049016716988017e-02,
          1.4364700842684182e-02, 1.8630550468796414e-02,
          6.1395047758263883e-02, 6.7054607803138395e-03,
          4.7879022684534870e-03, 5.3318803321022713e-02,
          2.3278170348379850e-02, 4.4612470197531964e-02,
          -7.6781065061871509e-03, 1.0390679438599452e-02,
          6.6849487604496213e-03, 6.7054607803138395e-03,
          1.7553770956689845e-02, 4.6493537980852977e-04,
          8.2838670773532526e-03, 9.2184994617495741e-03,
          1.5350789929499096e-02, 1.2502580779910283e-03,
          4.0569644361864842e-03, 2.5872319393426897e-03,
          4.7879022684534861e-03, 4.6493537980852982e-04,
          8.6526966435824679e-02, 7.7320381529351664e-03,
          3.8489707210617660e-02, 4.1346111411470252e-02,
          3.0352863260683829e-02, 8.2884864713805278e-03,
          3.8290834821808443e-02, 5.3318803321022713e-02,
          8.2838670773532491e-03, 7.7320381529351681e-03,
          1.7369706705449572e-01 ]
   - !!opencv-matrix
      rows: 9
      cols: 9
      dt: d
      data: [ 6.1376028028893546e-02, 1.8811688414892523e-02,
          -4.6684388495028801e-04, 7.1729062680656597e-03,
          1.0065524879597958e-02, 1.8235493694992042e-02,
          1.6794677594717727e-02, 7.6819435841612462e-04,
          2.0884248929679820e-02, 1.8811688414892523e-02,
          2.5590986028189783e-02, 9.2229172541582402e-03,
          8.4762874283656180e-03, 1.6302483161837213e-02,
          2.3385315849901955e-02, 2.0693868726602650e-02,
          3.9472629796165381e-03, 2.8630656977107753e-02,
          -4.6684388495028698e-04, 9.2229172541582367e-03,
          1.1754597542937145e-01, -4.6851215104011509e-02,
          -2.9744761968835218e-03, 3.1582872160112281e-03,
          8.4513507633346384e-03, 6.6896386366831068e-03,
          2.7156432049100964e-02, 7.1729062680656623e-03,
          8.4762874283656180e-03, -4.6851215104011509e-02,
          4.7943813711180047e-02, 1.1205151856401354e-02,
          1.0610853924063855e-02, 6.9873937196147711e-03,
          -6.7123454926837887e-04, -1.8112241343899694e-03,
          1.0065524879597960e-02, 1.6302483161837213e-02,
          -2.9744761968835205e-03, 1.1205151856401354e-02,
          7.9233223320383503e-02, 1.7343804601303966e-02,
          2.2326684834397228e-02, 3.3744876626300292e-03,
