%YAML:1.0
---
groups:
   - intact
   - CD19
   - blast
intactGmmnames:
   - "intact.689.0"
   - "intact.689.1"
   - "intact.689.2"
   - "intact.689.3"
   - "intact.689.4"
intactLabels:
   - FSC-A
   - SSC-A
   - SY41
   - CD19
   - CD10
   - CD20
   - CD45
   - CD34
   - CD38
intactMu: !!opencv-matrix
   rows: 5
   cols: 9
   dt: d
   data: [ 2.4683738017224957e+00, 3.2634779716836895e+00,
       3.4800048793951444e+00, 1.6000636918769950e+00,
       2.0630192054405345e+00, 1.2392809624952303e+00,
       3.1554325756234443e+00, 1.1355271415305166e+00,
       1.7914752418085362e+00, 1.7761414483910802e+00,
       1.1989034560076872e+00, 3.7587787008586657e+00,
       1.0946676375594626e+00, 1.1403473672922273e+00,
       1.4072445414551016e+00, 2.3875104495958275e+00,
       1.3239528749512368e+00, 2.2843594269240106e+00,
       5.6443795783353023e-01, 2.9253918045077015e-01,
       3.7486523366171118e+00, 1.0129183055002728e+00,
       7.4940734132958053e-01, 1.0127222751843512e+00,
       3.5293834317107087e+00, 1.0588823541698551e+00,
       1.8051167929929186e+00, 8.6941527597752866e-01,
       4.0160437101299162e-01, 3.6674951911479639e+00,
       9.6004349165656289e-01, 7.9850148937200782e-01,
       9.2464978168489009e-01, 1.3246334073759960e+00,
       1.0205148906070367e+00, 1.5550796326162921e+00,
       1.5516913831790213e+00, 5.3746556398309031e-01,
       3.3066772072473194e+00, 1.1808580314439134e+00,
       8.6049914684774542e-01, 1.1206907452472790e+00,
       3.8040835028241533e+00, 1.0543358370237574e+00,
       2.3582654022767424e+00 ]
intactSigma:
   - !!opencv-matrix
      rows: 9
      cols: 9
      dt: d
      data: [ 6.6658236338533139e-01, 1.2469506770160155e-01,
          -6.0758639664163939e-03, 2.2130899250221697e-02,
          -2.4548083029961787e-01, 7.4242526853189758e-02,
          -4.2897592215020743e-02, 6.6226055418818694e-03,
          1.0088820872400085e-01, 1.2469506770160158e-01,
          3.9631673992207239e-01, -5.1461031255240963e-03,
          6.8974176691421585e-02, 1.1441353935755173e-01,
          4.1863095254265140e-02, 4.2768202828810560e-02,
          2.2117439078152685e-02, -4.4642676088948539e-03,
          -6.0758639664163939e-03, -5.1461031255240963e-03,
          2.9684898317311775e-02, -1.0728240251545588e-02,
          -1.4039793777445112e-02, 1.4697545046126498e-03,
          -1.0101257823041282e-02, 3.6484085204518951e-04,
          3.5706176476133283e-03, 2.2130899250221697e-02,
          6.8974176691421585e-02, -1.0728240251545585e-02,
          3.1962943380150967e-02, 2.5297133728987769e-02,
          7.9663736935804540e-03, 1.0446582650033173e-02,
          4.3405890566845717e-03, -6.0018119382418923e-03,
          -2.4548083029961787e-01, 1.1441353935755172e-01,
          -1.4039793777445114e-02, 2.5297133728987772e-02,
          5.0412781774240434e-01, -2.4142705127837460e-02,
          1.1180466663754610e-01, 2.0610149958952422e-02,
          -1.0415938208827372e-01, 7.4242526853189758e-02,
          4.1863095254265147e-02, 1.4697545046126483e-03,
          7.9663736935804523e-03, -2.4142705127837460e-02,
          6.7816962146622584e-02, -9.5630344460264835e-04,
          4.6714820083503415e-03, 2.4541038803909909e-02,
          -4.2897592215020743e-02, 4.2768202828810560e-02,
          -1.0101257823041282e-02, 1.0446582650033173e-02,
          1.1180466663754610e-01, -9.5630344460264879e-04,
          5.1327821398401578e-02, 5.3556461235298959e-03,
          -2.2985885301194914e-02, 6.6226055418818746e-03,
          2.2117439078152685e-02, 3.6484085204518951e-04,
          4.3405890566845700e-03, 2.0610149958952415e-02,
          4.6714820083503415e-03, 5.3556461235298941e-03,
          1.0548727281116423e-01, -2.5343443667776787e-04,
          1.0088820872400085e-01, -4.4642676088948521e-03,
          3.5706176476133274e-03, -6.0018119382418897e-03,
          -1.0415938208827373e-01, 2.4541038803909909e-02,
          -2.2985885301194914e-02, -2.5343443667776711e-04,
          1.1166288508563486e-01 ]
   - !!opencv-matrix
      rows: 9
      cols: 9
      dt: d
      data: [ 8.3800125242331969e-01, 3.8718692219874062e-01,
          -3.0601406071469942e-02, 9.4737918227449688e-02,
          5.6691923666132363e-02, 1.2458934067297846e-01,
          3.1575584760136816e-01, 1.2175606945166921e-01,
          1.4048674510590459e-01, 3.8718692219874062e-01,
          5.3825435297836377e-01, -3.2490636411810832e-02,
          1.4438458520688971e-01, 1.0043839841762675e-01,
          1.4434540986199970e-01, 2.6310313838076821e-01,
          7.7747236711896581e-02, 1.4129996986749516e-01,
          -3.0601406071469942e-02, -3.2490636411810832e-02,
          1.0926363731703709e-01, -8.1534536242281561e-02,
          -4.3850414965377477e-02, -2.0502417038441106e-02,
          -7.8793698047245772e-02, -3.6720844575858926e-02,
          -2.2636102050711662e-02, 9.4737918227449716e-02,
          1.4438458520688971e-01, -8.1534536242281547e-02,
          1.4483069328337145e-01, 9.8839654596809184e-02,
          9.6658455620815015e-02, 1.3561440140642309e-01,
          6.0099933733892358e-02, 5.8068331492382705e-02,
          5.6691923666132363e-02, 1.0043839841762675e-01,
          -4.3850414965377477e-02, 9.8839654596809184e-02,
          2.9158251703221499e-01, 1.4665554290126270e-01,
          5.0342717041856777e-02, 5.0652407606484845e-02,
          4.8938621669666643e-02, 1.2458934067297846e-01,
          1.4434540986199967e-01, -2.0502417038441106e-02,
          9.6658455620815015e-02, 1.4665554290126270e-01,
          2.3407220513294061e-01, 1.0066633303199328e-01,
          7.0439643739095878e-02, 6.4449153323600197e-02,
          3.1575584760136816e-01, 2.6310313838076821e-01,
          -7.8793698047245772e-02, 1.3561440140642309e-01,
          5.0342717041856784e-02, 1.0066633303199329e-01,
          7.2072811207605803e-01, 1.0207632128563979e-01,
          2.5690022885214764e-01, 1.2175606945166921e-01,
          7.7747236711896581e-02, -3.6720844575858905e-02,
          6.0099933733892351e-02, 5.0652407606484845e-02,
          7.0439643739095864e-02, 1.0207632128563975e-01,
          2.4607168228767098e-01, 4.9235036068616268e-02,
          1.4048674510590459e-01, 1.4129996986749516e-01,
          -2.2636102050711662e-02, 5.8068331492382698e-02,
          4.8938621669666643e-02, 6.4449153323600197e-02,
          2.5690022885214764e-01, 4.9235036068616268e-02,
          3.9715588088704284e-01 ]
   - !!opencv-matrix
      rows: 9
      cols: 9
      dt: d
      data: [ 4.1034012206715889e-02, 3.7575164003062086e-03,
          -1.0878367267500782e-02, 3.3214143737795719e-03,
          4.9404317421625332e-03, 8.1857868402222412e-03,
          1.2728756566452877e-02, -1.3835903661335977e-03,
          -1.0866629167191793e-02, 3.7575164003062086e-03,
          6.4006395105553199e-03, -2.4063842937510787e-04,
          1.8811942310236222e-03, 2.3834341106433038e-03,
          1.0770360303240181e-02, 4.0903316206163569e-03,
          7.3722012413339000e-04, -4.5659994801871473e-03,
          -1.0878367267500784e-02, -2.4063842937510795e-04,
          7.8933668952123510e-03, -3.5758182103637678e-03,
          -2.3784551497582464e-03, -5.7159500178425400e-04,
          -3.6790897314920483e-03, 1.1831707501786786e-03,
          2.0723390181582465e-03, 3.3214143737795715e-03,
          1.8811942310236224e-03, -3.5758182103637678e-03,
          1.5157188234056837e-02, 2.0228188891322114e-03,
          4.7295346688800968e-03, 2.3513928939557747e-03,
          1.8585421563760695e-04, -4.0125259578407922e-03,
          4.9404317421625349e-03, 2.3834341106433034e-03,
          -2.3784551497582464e-03, 2.0228188891322114e-03,
          2.8556930327527031e-02, 1.0224785044762750e-03,
          3.2528162713051081e-03, -4.3456836792481329e-03,
