%YAML:1.0
---
groups:
   - intact
   - CD19
intactGmmnames:
   - "intact.694.0"
   - "intact.694.1"
   - "intact.694.2"
   - "intact.694.3"
   - "intact.694.4"
intactLabels:
   - FSC-A
   - SSC-A
   - SY41
   - CD19
   - CD10
   - CD20
   - CD45
   - CD34
   - CD38
intactMu: !!opencv-matrix
   rows: 5
   cols: 9
   dt: d
   data: [ 1.1614499522725550e+00, 4.3590634051386390e-01,
       3.4841506296088793e+00, 1.1630808387439910e+00,
       8.4472704793289788e-01, 8.3618934375706810e-01,
       3.5319699827552840e+00, 1.0019733685944998e+00,
       1.7738447143573717e+00, 2.5751528695264025e+00,
       2.9263943818583362e+00, 3.5557250413286652e+00,
       1.4338277983403525e+00, 1.0452980340855249e+00,
       1.2797276683719612e+00, 2.6040886044267153e+00,
       1.0104614510502994e+00, 1.8145808921785533e+00,
       8.6214646310733567e-01, 4.3278797238137739e-01,
       3.7848691057902299e+00, 9.3257475293314185e-01,
       7.8332030923921536e-01, 8.4259403412899636e-01,
       1.1385147172103196e+00, 9.7370820309361639e-01,
       1.5561165988107657e+00, 1.9293699943124760e+00,
       3.3202845041166342e+00, 3.5543971088293342e+00,
       1.4543911044678295e+00, 2.1720438911575881e+00,
       1.1582775950403854e+00, 2.6789927615476783e+00,
       1.0404640753080359e+00, 1.6453211237974452e+00,
       1.6920152587904058e+00, 1.4262708771890009e+00,
       3.7678731155041456e+00, 1.1271827046857197e+00,
       1.0932737833963275e+00, 1.2592965313158693e+00,
       2.4151890535423739e+00, 1.1934588248836566e+00,
       2.1790388311271034e+00 ]
intactSigma:
   - !!opencv-matrix
      rows: 9
      cols: 9
      dt: d
      data: [ 1.2629851469751549e-01, 2.8825805519813431e-02,
          -3.6869687422392723e-02, 1.6716396703650400e-02,
          9.8112689294707067e-03, 2.1700785550905512e-02,
          3.3945284892445922e-02, -1.0642350668023592e-03,
          1.6497165550113470e-02, 2.8825805519813431e-02,
          2.9854792562170510e-02, -1.6432565471919180e-02,
          9.4674046162826573e-03, 4.9857939881093518e-03,
          1.6180566952925343e-02, 1.1909383357356935e-02,
          1.6825112750182352e-03, 2.2861850479658559e-02,
          -3.6869687422392730e-02, -1.6432565471919180e-02,
          5.6618326088106470e-02, -1.8879038763628658e-02,
          -1.0818911080913565e-02, -1.2725910415582990e-02,
          -1.6549309571576618e-02, 1.4195710497374287e-04,
          -1.1580925497809230e-02, 1.6716396703650400e-02,
          9.4674046162826573e-03, -1.8879038763628658e-02,
          1.6546720282567103e-02, 4.3666690824296188e-03,
          7.5234746413619684e-03, 8.6928357005010906e-03,
          1.6888254580135831e-03, 4.3891990181328727e-03,
          9.8112689294707067e-03, 4.9857939881093518e-03,
          -1.0818911080913565e-02, 4.3666690824296188e-03,
          1.9649554598217649e-02, 5.2020230033632297e-04,
          4.6489592082537903e-03, -5.0109414003294021e-03,
          1.8583209266588557e-03, 2.1700785550905516e-02,
          1.6180566952925347e-02, -1.2725910415582990e-02,
          7.5234746413619675e-03, 5.2020230033632308e-04,
          8.1400269856621646e-02, 9.4256463411277591e-03,
          6.0505332503691680e-04, 1.6441792025418110e-03,
          3.3945284892445922e-02, 1.1909383357356935e-02,
          -1.6549309571576614e-02, 8.6928357005010906e-03,
          4.6489592082537895e-03, 9.4256463411277608e-03,
          2.4452086795393090e-02, -1.3993806999098581e-03,
          1.4754928067824673e-03, -1.0642350668023572e-03,
          1.6825112750182361e-03, 1.4195710497374292e-04,
          1.6888254580135836e-03, -5.0109414003294030e-03,
          6.0505332503691734e-04, -1.3993806999098579e-03,
          1.7178456149704649e-01, 4.7949765515655721e-03,
          1.6497165550113470e-02, 2.2861850479658555e-02,
          -1.1580925497809230e-02, 4.3891990181328710e-03,
          1.8583209266588557e-03, 1.6441792025418116e-03,
          1.4754928067824673e-03, 4.7949765515655687e-03,
          1.1033069063035587e-01 ]
   - !!opencv-matrix
      rows: 9
      cols: 9
      dt: d
      data: [ 3.9930566542387036e-01, 1.6929090684553458e-01,
          4.7978963130977964e-02, 1.2036123990863895e-02,
          1.7317925223275351e-02, 7.3437403841887863e-02,
          2.0504661482658646e-02, 6.3533701813481827e-03,
          5.6374482401406384e-02, 1.6929090684553458e-01,
          5.4223533933896539e-01, -4.9931959703209622e-03,
          7.4011042278589165e-02, 4.3551091583077288e-02,
          7.4301044412533199e-02, 4.3658773955432932e-02,
          1.1211132083658308e-02, 2.7145998019541925e-02,
          4.7978963130977964e-02, -4.9931959703209605e-03,
          5.0970720027744693e-02, -1.6060496242060282e-02,
          -5.2666775579925619e-03, 1.2373687417943880e-02,
          -1.9201910769312586e-03, 1.0716611172789409e-03,
          1.6650889910113282e-02, 1.2036123990863895e-02,
          7.4011042278589165e-02, -1.6060496242060279e-02,
          2.5868465860535379e-02, 7.5106918263785610e-03,
          7.1518456511945024e-03, 6.3796117447389999e-03,
          1.3244553569884436e-03, -3.6004189845574557e-03,
          1.7317925223275348e-02, 4.3551091583077288e-02,
          -5.2666775579925619e-03, 7.5106918263785627e-03,
          3.3088929367840261e-02, 6.7041573076548925e-03,
          5.4184213801150641e-03, -1.1284242052104861e-04,
          4.1491553797142382e-03, 7.3437403841887849e-02,
          7.4301044412533213e-02, 1.2373687417943880e-02,
          7.1518456511945024e-03, 6.7041573076548925e-03,
          6.5784139217149831e-02, 8.0725856792265346e-03,
          2.8949253452990151e-03, 2.7279543199097478e-02,
          2.0504661482658646e-02, 4.3658773955432939e-02,
          -1.9201910769312599e-03, 6.3796117447389999e-03,
          5.4184213801150641e-03, 8.0725856792265346e-03,
          3.2023299871910188e-02, -2.2522915259908095e-03,
          6.5808646101996361e-03, 6.3533701813481835e-03,
          1.1211132083658312e-02, 1.0716611172789411e-03,
          1.3244553569884438e-03, -1.1284242052104843e-04,
          2.8949253452990160e-03, -2.2522915259908095e-03,
          5.2162584674462970e-02, 1.2814976923122144e-03,
          5.6374482401406384e-02, 2.7145998019541925e-02,
          1.6650889910113285e-02, -3.6004189845574557e-03,
          4.1491553797142373e-03, 2.7279543199097478e-02,
          6.5808646101996344e-03, 1.2814976923122136e-03,
          5.4642904690554175e-02 ]
   - !!opencv-matrix
      rows: 9
      cols: 9
      dt: d
      data: [ 1.4434728951591330e-01, 3.1829461644387401e-02,
          -2.0725998671039823e-02, 1.1634854679576546e-02,
          1.0939498077979191e-02, 3.0819355138501911e-02,
          1.3412773090179591e-02, 9.7069272845108352e-04,
          1.5790590289895855e-03, 3.1829461644387401e-02,
          4.1285350430250216e-02, 4.1994921027047553e-03,
          2.5993551222296776e-03, 6.2253572539314314e-03,
          2.9080166450793039e-02, 1.3403204099200724e-02,
          1.7252622524528975e-03, 3.9242285588947014e-03,
          -2.0725998671039823e-02, 4.1994921027047553e-03,
          1.4161746095418240e-01, -6.7340223729613236e-02,
          -4.1941702202409760e-02, -1.8948483841415748e-02,
          -2.1106305859053726e-02, 3.1244935560054620e-03,
          1.1340412367913706e-02, 1.1634854679576543e-02,
          2.5993551222296771e-03, -6.7340223729613236e-02,
          3.9715985294749179e-02, 2.4633422517567186e-02,
          1.4598730458899284e-02, 1.3459540325577444e-02,
          -1.6389535129448280e-03, -6.3453786446022210e-03,
          1.0939498077979191e-02, 6.2253572539314314e-03,
          -4.1941702202409739e-02, 2.4633422517567179e-02,
          3.5781311631320332e-02, 1.1337465011869177e-02,
          1.3990481307752562e-02, -9.6500176224504903e-04,
