%YAML:1.0
---
groups:
   - intact
   - CD19
intactGmmnames:
   - "intact.697.0"
   - "intact.697.1"
   - "intact.697.2"
   - "intact.697.3"
   - "intact.697.4"
intactLabels:
   - FSC-A
   - SSC-A
   - SY41
   - CD19
   - CD10
   - CD20
   - CD45
   - CD34
   - CD38
intactMu: !!opencv-matrix
   rows: 5
   cols: 9
   dt: d
   data: [ 1.5890961178248768e+00, 2.3884062711473053e-01,
       2.8985655440161220e+00, 1.2055410922564520e+00,
       8.7585074270057450e-01, 1.0176215328798726e+00,
       3.7605594315850999e+00, 1.0824778816121012e+00,
       1.9947863219153885e+00, 3.3373163846210221e+00,
       2.5426917379374259e+00, 2.6865475503617415e+00,
       1.8036449313801024e+00, 1.1455255980393930e+00,
       1.2993538813680758e+00, 3.0305052308211642e+00,
       1.1312582707750785e+00, 2.2217944495899262e+00,
       1.1540857228513639e+00, 3.0271163414016106e-01,
       2.8782215148672150e+00, 1.0763565143672733e+00,
       9.3067965863778368e-01, 1.0781190307658162e+00,
       1.3999184957972293e+00, 1.0693216773682248e+00,
       1.5095537823965566e+00, 3.1141709210102433e+00,
       2.8757142766641675e+00, 2.6339166748880221e+00,
       1.8776082319984437e+00, 2.5473731353020748e+00,
       1.2570249874399968e+00, 3.1969938475602877e+00,
       1.2464667131557319e+00, 1.8600093269333025e+00,
       2.2733979483105067e+00, 1.1989873458002125e+00,
       2.8683450332102449e+00, 1.4402074703774357e+00,
       1.2741441998351519e+00, 1.3519590245237185e+00,
       2.7910182605032210e+00, 1.4706749594989486e+00,
       2.4801024684162520e+00 ]
intactSigma:
   - !!opencv-matrix
      rows: 9
      cols: 9
      dt: d
      data: [ 1.6551401341227168e-01, 9.5242349547171971e-03,
          -4.4704523972109417e-02, 6.3431787638062792e-03,
          6.5108662492443029e-03, 1.5694380257814701e-02,
          2.0761371585155553e-02, 6.6002395413730370e-04,
          -1.8108278402507987e-02, 9.5242349547171971e-03,
          7.0806115740217161e-03, -8.6694345611689969e-03,
          5.5934357373762260e-03, 4.2347959751990391e-03,
          8.8845785798227356e-03, 5.5024071674662925e-03,
          1.1220260375541828e-03, -2.8533479284573713e-03,
          -4.4704523972109417e-02, -8.6694345611689951e-03,
          6.4836500649699508e-02, -1.3964406563149755e-02,
          -6.9764357510059610e-03, -9.0567179381778901e-03,
          -1.4136434619393201e-02, 1.5192455259442253e-03,
          9.3635616345320478e-03, 6.3431787638062792e-03,
          5.5934357373762260e-03, -1.3964406563149755e-02,
          4.1345207411347902e-02, 3.7745750080215154e-03,
          8.0726572167529563e-03, 5.6999410413528353e-03,
          3.2387412143167062e-03, -7.1887746548309752e-03,
          6.5108662492443029e-03, 4.2347959751990391e-03,
          -6.9764357510059610e-03, 3.7745750080215158e-03,
          5.4487393022345960e-02, -1.7427077740890539e-03,
          3.4117391460641686e-03, -7.3160441586304853e-03,
          -4.3935679903610754e-03, 1.5694380257814698e-02,
          8.8845785798227356e-03, -9.0567179381778901e-03,
          8.0726572167529563e-03, -1.7427077740890535e-03,
          9.7393462745315920e-02, 7.4939838962393632e-03,
          1.1171538409064229e-03, -1.2663744547870396e-02,
          2.0761371585155553e-02, 5.5024071674662925e-03,
          -1.4136434619393200e-02, 5.6999410413528353e-03,
          3.4117391460641686e-03, 7.4939838962393649e-03,
          1.2102064007304165e-02, -1.1927526559252532e-03,
          -3.7889233675717946e-03, 6.6002395413730446e-04,
          1.1220260375541834e-03, 1.5192455259442250e-03,
          3.2387412143167049e-03, -7.3160441586304819e-03,
          1.1171538409064246e-03, -1.1927526559252532e-03,
          1.7536203128406064e-01, 4.8603094295157833e-03,
          -1.8108278402507987e-02, -2.8533479284573704e-03,
          9.3635616345320461e-03, -7.1887746548309752e-03,
          -4.3935679903610754e-03, -1.2663744547870398e-02,
          -3.7889233675717955e-03, 4.8603094295157807e-03,
          1.2360740042521881e-01 ]
   - !!opencv-matrix
      rows: 9
      cols: 9
      dt: d
      data: [ 3.8296518001098429e-01, 1.4575696894106618e-01,
          3.9612457210341422e-02, 3.3569106465963498e-02,
          2.7550212400701400e-02, 5.1037801113190021e-02,
          8.6961537837196932e-03, 5.7423471635454585e-03,
          6.3639464027867687e-02, 1.4575696894106621e-01,
          4.1679711756324050e-01, -3.9092109452263917e-03,
          9.3917082383536868e-02, 5.8557807174900979e-02,
          6.6752773509205943e-02, 3.3154944661645855e-02,
          1.6427036825840041e-02, 5.1797684889147967e-02,
          3.9612457210341422e-02, -3.9092109452263935e-03,
          6.8891869117644264e-02, -4.9607170890624769e-03,
          2.6758066068190726e-03, 1.7575058212754881e-02,
          -3.7623195214937632e-03, 6.3281572955731496e-04,
          4.3007356388227704e-02, 3.3569106465963498e-02,
          9.3917082383536826e-02, -4.9607170890624769e-03,
          3.8608558503250907e-02, 1.2775592618141936e-02,
          1.5190789342675537e-02, 7.1931810412906158e-03,
          4.4317309142130976e-03, 6.7969305044985415e-03,
          2.7550212400701407e-02, 5.8557807174900979e-02,
          2.6758066068190709e-03, 1.2775592618141936e-02,
          8.1287905907139912e-02, 7.7458755620062802e-03,
          8.7874570304142599e-03, 2.8345752607507294e-03,
          7.5653142266390756e-03, 5.1037801113190021e-02,
          6.6752773509205943e-02, 1.7575058212754877e-02,
          1.5190789342675535e-02, 7.7458755620062819e-03,
          7.0152579324209596e-02, 3.4869842186644332e-03,
          3.9931796065836222e-03, 4.2318356408983404e-02,
          8.6961537837196932e-03, 3.3154944661645855e-02,
          -3.7623195214937632e-03, 7.1931810412906158e-03,
          8.7874570304142599e-03, 3.4869842186644349e-03,
          1.7928051707548333e-02, 7.7636847279576309e-04,
          -2.9775526722237277e-03, 5.7423471635454568e-03,
          1.6427036825840041e-02, 6.3281572955731431e-04,
          4.4317309142130968e-03, 2.8345752607507294e-03,
          3.9931796065836222e-03, 7.7636847279576341e-04,
          7.3594937620174092e-02, -5.3445846189748101e-04,
          6.3639464027867715e-02, 5.1797684889147967e-02,
          4.3007356388227704e-02, 6.7969305044985415e-03,
          7.5653142266390756e-03, 4.2318356408983404e-02,
          -2.9775526722237273e-03, -5.3445846189748079e-04,
          1.5141443517669934e-01 ]
   - !!opencv-matrix
      rows: 9
      cols: 9
      dt: d
      data: [ 1.1970024532303773e-01, 1.5754906170778227e-02,
          -2.1122418281412946e-03, 5.9576621137503432e-03,
          9.1668747349913059e-03, 2.1598606106547437e-02,
          1.2659652617918940e-02, 2.8802063170129742e-03,
          5.3381395789252432e-03, 1.5754906170778231e-02,
          1.4885351977073673e-02, 4.7220544421022340e-03,
          6.0487007762326178e-03, 9.2185908370161964e-03,
          1.6933601661435531e-02, 9.6545476936622902e-03,
          2.6228547330913285e-03, 4.4959548427284746e-03,
          -2.1122418281412946e-03, 4.7220544421022323e-03,
          2.3564427816097475e-01, -3.0603919755343413e-02,
          -4.5620865995860743e-03, 2.4026008541999735e-02,
          -1.5566351306172800e-03, 3.4747071763431767e-03,
          6.3778305630690854e-03, 5.9576621137503406e-03,
          6.0487007762326178e-03, -3.0603919755343413e-02,
          1.9365661342982614e-02, 6.8928217204199801e-03,
          5.8848734769896193e-03, 4.6728151147044572e-03,
          8.3723944960212857e-04, -1.0335986469787283e-03,
          9.1668747349913024e-03, 9.2185908370161947e-03,
          -4.5620865995860726e-03, 6.8928217204199801e-03,
          6.3346479622856097e-02, 8.6205540391974429e-03,
          1.1261410573380221e-02, 1.7803581175454284e-03,
