%YAML:1.0
---
groups:
   - intact
   - CD19
intactGmmnames:
   - "intact.704.0"
   - "intact.704.1"
   - "intact.704.2"
   - "intact.704.3"
   - "intact.704.4"
intactLabels:
   - FSC-A
   - SSC-A
   - SY41
   - CD19
   - CD10
   - CD20
   - CD45
   - CD34
   - CD38
intactMu: !!opencv-matrix
   rows: 5
   cols: 9
   dt: d
   data: [ 1.2498926734060620e+00, 9.1199839588514764e-01,
       3.3336849095271384e+00, 1.1737613165145364e+00,
       1.2274646325976362e+00, 1.2787657662977279e+00,
       2.5079977949585093e+00, 1.4468322449278850e+00,
       1.7754602770547203e+00, 6.0427120830391368e-01,
       3.9109889608952031e-01, 3.5051528983915974e+00,
       1.0209363100836177e+00, 1.0512186001231263e+00,
       1.0483956261030531e+00, 1.3885106413124588e+00,
       1.0971888592412553e+00, 1.7226983080351406e+00,
       1.1073024714462341e+00, 3.1829829402966564e-01,
       3.4139042222710883e+00, 1.1051570412470646e+00,
       1.0479111729593447e+00, 1.0940171713188387e+00,
       3.6512929839281099e+00, 1.0813465169545600e+00,
       1.7353080360045712e+00, 2.4171510729680934e+00,
       3.4530023187807126e+00, 3.3475980375135812e+00,
       1.6331250236620054e+00, 1.8241300024177216e+00,
       1.3531785975044588e+00, 3.0148453011092404e+00,
       1.1678855559499897e+00, 1.7381739612208709e+00,
       2.0160333281198715e+00, 2.2902485512913691e+00,
       3.4960202696735352e+00, 1.4911092662148653e+00,
       1.3393248731081964e+00, 1.6281223470216455e+00,
       3.0061903616930419e+00, 1.5205136746501358e+00,
       2.3385904923649070e+00 ]
intactSigma:
   - !!opencv-matrix
      rows: 9
      cols: 9
      dt: d
      data: [ 3.8916919910583020e-01, 1.0211591776424046e-01,
          -5.1583482092480704e-03, 2.1077885657696752e-02,
          -1.0193011399300980e-02, 3.3166027900400477e-02,
          1.0415925790086215e-01, -1.6223488740220213e-02,
          -9.3022371025597850e-03, 1.0211591776424046e-01,
          2.3364198277939963e-01, -7.7891527169807930e-03,
          5.0557696306108582e-02, -4.1364079443239141e-03,
          5.7096014916327265e-02, -4.4214250043676691e-02,
          6.0680991269547346e-02, 4.9600934699801308e-03,
          -5.1583482092480704e-03, -7.7891527169807913e-03,
          2.0223955148369060e-01, -5.9044279175100210e-02,
          -3.4313119806355231e-03, 4.7549244608398558e-02,
          1.3268558945236392e-01, -3.3822004760394576e-02,
          1.3610633504898747e-02, 2.1077885657696742e-02,
          5.0557696306108582e-02, -5.9044279175100210e-02,
          4.8750176406664084e-02, 6.2952525824963943e-03,
          3.9657102401542844e-03, -2.6851450750897270e-02,
          3.6585550825231114e-02, -3.4853023993327006e-03,
          -1.0193011399300976e-02, -4.1364079443239141e-03,
          -3.4313119806355214e-03, 6.2952525824963943e-03,
          8.3408295259568693e-02, 3.2014903096429263e-03,
          1.5192920368999297e-02, -5.5333244581932334e-03,
          -1.6181389427135007e-03, 3.3166027900400477e-02,
          5.7096014916327265e-02, 4.7549244608398558e-02,
          3.9657102401542852e-03, 3.2014903096429263e-03,
          1.1154894219227987e-01, 2.8052627605416752e-02,
          3.1450467466057293e-02, 9.5351527820879325e-03,
          1.0415925790086214e-01, -4.4214250043676719e-02,
          1.3268558945236394e-01, -2.6851450750897270e-02,
          1.5192920368999297e-02, 2.8052627605416752e-02,
          7.9063439871075181e-01, -5.8908701251999526e-02,
          -5.8282879008003012e-03, -1.6223488740220206e-02,
          6.0680991269547346e-02, -3.3822004760394576e-02,
          3.6585550825231121e-02, -5.5333244581932369e-03,
          3.1450467466057293e-02, -5.8908701251999540e-02,
          2.6859045251737151e-01, 4.6799345543589487e-03,
          -9.3022371025597850e-03, 4.9600934699801326e-03,
          1.3610633504898747e-02, -3.4853023993327006e-03,
          -1.6181389427135007e-03, 9.5351527820879325e-03,
          -5.8282879008003012e-03, 4.6799345543589469e-03,
          1.1269911969749904e-02 ]
   - !!opencv-matrix
      rows: 9
      cols: 9
      dt: d
      data: [ 4.8674642765372235e-02, 1.3816872199459826e-02,
          -1.8288982281439069e-02, 8.6666600924217643e-03,
          3.2147476461830034e-03, 1.6812471328964365e-02,
          1.5378481189287755e-02, -1.6849649121367295e-04,
          5.4749202823147012e-04, 1.3816872199459826e-02,
          2.6739275285045772e-02, 3.2164848152112253e-03,
          5.1576106126119169e-03, 5.5039310799804919e-03,
          2.5143768001381687e-02, 1.6241158058811562e-02,
          3.5144371871073691e-03, 2.2329927680822810e-03,
          -1.8288982281439069e-02, 3.2164848152112244e-03,
          8.8044119698335963e-02, -3.1273471822122215e-02,
          -7.6535311189476398e-03, 2.0867959960861856e-03,
          -1.1064361560949622e-02, 3.7515971387711753e-03,
          2.8783143464786950e-03, 8.6666600924217626e-03,
          5.1576106126119169e-03, -3.1273471822122215e-02,
          2.0383101649675939e-02, 4.8740918095434354e-03,
          5.9557600334937868e-03, 8.1237794834665023e-03,
          -6.9957445578682344e-04, -1.3525439952198027e-03,
          3.2147476461830038e-03, 5.5039310799804919e-03,
          -7.6535311189476398e-03, 4.8740918095434354e-03,
          1.5562140836981537e-02, 2.5872714988565883e-03,
          7.9176793272523124e-03, 1.0271418562179321e-06,
          4.4061422862293919e-04, 1.6812471328964362e-02,
          2.5143768001381683e-02, 2.0867959960861843e-03,
          5.9557600334937868e-03, 2.5872714988565892e-03,
          8.6068136188248906e-02, 1.9758902003538900e-02,
          2.9617829975627061e-03, 2.3858939545697154e-03,
          1.5378481189287755e-02, 1.6241158058811562e-02,
          -1.1064361560949622e-02, 8.1237794834665023e-03,
          7.9176793272523107e-03, 1.9758902003538900e-02,
          1.4477744695271133e-01, 9.0409863608713228e-04,
          2.0942804046935088e-03, -1.6849649121367289e-04,
          3.5144371871073700e-03, 3.7515971387711740e-03,
          -6.9957445578682376e-04, 1.0271418562180685e-06,
          2.9617829975627048e-03, 9.0409863608713261e-04,
          3.5714671130619650e-02, 6.0733405968155327e-04,
          5.4749202823147001e-04, 2.2329927680822806e-03,
          2.8783143464786950e-03, -1.3525439952198019e-03,
          4.4061422862293935e-04, 2.3858939545697154e-03,
          2.0942804046935083e-03, 6.0733405968155338e-04,
          1.9373224299204569e-03 ]
   - !!opencv-matrix
      rows: 9
      cols: 9
      dt: d
      data: [ 1.0859206901887736e-01, 5.9975661306536860e-03,
          -2.4476972201971332e-02, 4.4088166684143554e-03,
          2.4344939773428692e-03, 1.3264533211447624e-02,
          1.8925958063203262e-02, -3.4324334269868481e-03,
          -7.8887381505160191e-03, 5.9975661306536860e-03,
          1.4360515215212588e-02, -2.0467899879074315e-03,
          4.9983323544342036e-03, 3.4380910839018667e-03,
          1.2526023461826524e-02, 5.4902822060368889e-03,
          1.6911048289028144e-03, -1.4059350334703362e-03,
          -2.4476972201971332e-02, -2.0467899879074315e-03,
          2.4205889766257281e-02, -4.5343813092839341e-03,
          -2.1398896008778504e-03, -3.3006509119396406e-03,
          -7.4226486593454251e-03, 4.2016130452645160e-03,
          4.5168153561260709e-03, 4.4088166684143554e-03,
          4.9983323544342036e-03, -4.5343813092839341e-03,
          2.0020362281986521e-02, 1.5646761683686292e-03,
          5.5180613768635520e-03, 2.6498411535700677e-03,
          1.9634370073108886e-03, -2.2309771114077752e-03,
          2.4344939773428696e-03, 3.4380910839018662e-03,
          -2.1398896008778504e-03, 1.5646761683686295e-03,
          1.4288241305915965e-02, 1.3549325189022936e-04,
          1.5094165888705408e-03, -2.8480643571749927e-03,
