%YAML:1.0
---
groups:
   - intact
   - CD19
   - blast
intactGmmnames:
   - "intact.705.0"
   - "intact.705.1"
   - "intact.705.2"
   - "intact.705.3"
   - "intact.705.4"
intactLabels:
   - FSC-A
   - SSC-A
   - SY41
   - CD19
   - CD10
   - CD20
   - CD45
   - CD34
   - CD38
intactMu: !!opencv-matrix
   rows: 5
   cols: 9
   dt: d
   data: [ 1.6363706000268063e+00, 5.8422651638798329e-01,
       2.8938130893803602e+00, 8.6476602352912546e-01,
       8.8992637449365131e-01, 9.2706200106863490e-01,
       3.7007808978998220e+00, 1.0345568739656756e+00,
       2.0873060780828077e+00, 2.6080360316687368e+00,
       2.9422080544498033e+00, 3.1300103349074351e+00,
       1.4156650024808322e+00, 1.7272048949363925e+00,
       1.3289159065060310e+00, 2.6347504455751216e+00,
       1.1362167491014152e+00, 1.7064266349851382e+00,
       1.0251315161743066e+00, 4.2832620443267555e-01,
       2.9670119468879994e+00, 8.8077937650263682e-01,
       1.2103473599833339e+00, 9.4422026389111124e-01,
       1.4851774325892377e+00, 1.0647063089763427e+00,
       1.4896196697874409e+00, 1.4283040132008993e+00,
       4.7228349669226083e-01, 2.9444470293339222e+00,
       7.2422478200855600e-01, 9.0030460898173703e-01,
       9.5398566773218374e-01, 3.6771409761777787e+00,
       1.0194699836779055e+00, 1.1839632874405186e+00,
       1.2572654422330298e+00, 3.0251567961554160e-01,
       3.1277865513708520e+00, 7.3578220447721210e-01,
       8.6477617408647045e-01, 8.7319085140559582e-01,
       3.5648614934507385e+00, 1.0109912466796906e+00,
       1.5443646563484339e+00 ]
intactSigma:
   - !!opencv-matrix
      rows: 9
      cols: 9
      dt: d
      data: [ 1.4732665598951619e-01, 1.3418815870929733e-02,
          -1.6988688675245292e-02, 2.8203531797923065e-02,
          2.7480781277681660e-03, 6.7390956755811436e-03,
          1.3166221914879995e-02, -6.9823041275946830e-03,
          9.5657418326390350e-03, 1.3418815870929733e-02,
          3.0370046865900262e-02, -2.0890895226609963e-02,
          -1.7153769608157453e-03, 3.8948805582894944e-03,
          8.9608229083493578e-03, 4.6722796670569623e-03,
          2.5099482440168377e-03, 3.3002432168937453e-02,
          -1.6988688675245289e-02, -2.0890895226609963e-02,
          1.3107183101777833e-01, -2.2424209234049964e-02,
          -9.2239184927640234e-03, -1.1021467329195267e-03,
          -8.6981511620053704e-03, 2.5461507865154050e-03,
          -5.8217619809103047e-02, 2.8203531797923068e-02,
          -1.7153769608157458e-03, -2.2424209234049964e-02,
          6.9727112050378598e-02, 3.0609997494653899e-03,
          2.2055581122176955e-03, 1.1498793671786687e-05,
          -1.8239246792738772e-03, -3.5744991923267002e-03,
          2.7480781277681664e-03, 3.8948805582894948e-03,
          -9.2239184927640234e-03, 3.0609997494653899e-03,
          2.8048108512761946e-02, -3.1393276286972673e-03,
          7.4262295090282650e-04, -5.0115452417526535e-03,
          3.0960718842170617e-03, 6.7390956755811436e-03,
          8.9608229083493578e-03, -1.1021467329195259e-03,
          2.2055581122176955e-03, -3.1393276286972673e-03,
          6.1375969407657202e-02, 1.9898764060035717e-03,
          -2.5948308235779530e-04, -3.5737692515505556e-03,
          1.3166221914879999e-02, 4.6722796670569623e-03,
          -8.6981511620053686e-03, 1.1498793671786626e-05,
          7.4262295090282661e-04, 1.9898764060035721e-03,
          1.5505077723048648e-02, -4.2070793625951387e-03,
          -1.2453633376806189e-02, -6.9823041275946865e-03,
          2.5099482440168377e-03, 2.5461507865154058e-03,
          -1.8239246792738767e-03, -5.0115452417526544e-03,
          -2.5948308235779584e-04, -4.2070793625951395e-03,
          1.4901074125603259e-01, 2.0276337385866549e-02,
          9.5657418326390350e-03, 3.3002432168937453e-02,
          -5.8217619809103047e-02, -3.5744991923267015e-03,
          3.0960718842170608e-03, -3.5737692515505552e-03,
          -1.2453633376806193e-02, 2.0276337385866556e-02,
          3.9241492278625550e-01 ]
   - !!opencv-matrix
      rows: 9
      cols: 9
      dt: d
      data: [ 7.9850830073008128e-01, 8.3323220034403556e-01,
          3.9361150597959457e-02, 1.8020659285344745e-01,
          9.1514707640812543e-02, -6.1286702809473098e-02,
          3.4947882118534918e-02, -3.7568184413249842e-02,
          -6.9209468322845982e-02, 8.3323220034403556e-01,
          1.7176119588884773e+00, 5.6617381455585328e-02,
          2.8695801327187337e-01, 2.5222984643906621e-01,
          -1.3453764304737983e-01, 5.3830536687423512e-02,
          -8.1293533529637321e-02, -2.2182120733683489e-01,
          3.9361150597959457e-02, 5.6617381455585307e-02,
          1.0182747577709259e-01, -1.1420115164475008e-02,
          1.9215117082340426e-02, 6.2459019366298653e-04,
          4.3306638261649969e-03, -3.3864134616713409e-03,
          1.8341836983854535e-03, 1.8020659285344745e-01,
          2.8695801327187337e-01, -1.1420115164475008e-02,
          1.5217274433615294e-01, 4.2793462344538284e-02,
          3.9407452538634181e-02, 3.6834241245446889e-02,
          -1.4074366842862165e-02, -4.1256816253330386e-02,
          9.1514707640812543e-02, 2.5222984643906626e-01,
          1.9215117082340426e-02, 4.2793462344538270e-02,
          1.9796099453520388e-01, -9.8435624704380845e-03,
          1.1168578624970334e-02, -1.0497264469640359e-02,
          -3.5465802849204885e-02, -6.1286702809473098e-02,
          -1.3453764304737983e-01, 6.2459019366298686e-04,
          3.9407452538634181e-02, -9.8435624704380845e-03,
          1.7174579620839939e-01, 4.2826238771633648e-02,
          1.4873477644622842e-02, 2.7846526159448041e-02,
          3.4947882118534924e-02, 5.3830536687423512e-02,
          4.3306638261649951e-03, 3.6834241245446896e-02,
          1.1168578624970334e-02, 4.2826238771633648e-02,
          1.9109772180899837e-01, -1.3487374768813567e-04,
          1.6919331783164158e-02, -3.7568184413249842e-02,
          -8.1293533529637321e-02, -3.3864134616713409e-03,
          -1.4074366842862169e-02, -1.0497264469640359e-02,
          1.4873477644622839e-02, -1.3487374768813602e-04,
          7.6583928581935620e-02, 3.7940626913140180e-02,
          -6.9209468322845968e-02, -2.2182120733683489e-01,
          1.8341836983854546e-03, -4.1256816253330386e-02,
          -3.5465802849204892e-02, 2.7846526159448035e-02,
          1.6919331783164165e-02, 3.7940626913140180e-02,
          1.9631642728347035e-01 ]
   - !!opencv-matrix
      rows: 9
      cols: 9
      dt: d
      data: [ 1.0330675790568904e-01, 2.3770200415109150e-02,
          -1.9359550461297510e-02, 7.3111260074845462e-03,
          1.4930616071874913e-02, 1.6939655775780625e-02,
          1.0793680878351482e-02, 1.1159193325371262e-03,
          4.0550504098864522e-03, 2.3770200415109150e-02,
          2.2890258424027959e-02, -8.3319255079384955e-03,
          3.5408617318950747e-03, 1.2443298074646154e-02,
          1.3797811201021625e-02, 1.2429706877995396e-02,
          1.3839390706904069e-03, 3.8355456018562173e-03,
          -1.9359550461297510e-02, -8.3319255079384955e-03,
          2.4134176420642611e-01, -5.5649546072784793e-02,
          2.9577145506539351e-02, 7.9363060923087082e-03,
          3.0889842445140918e-04, -1.5308879343092240e-03,
          1.6104604015550684e-02, 7.3111260074845462e-03,
          3.5408617318950747e-03, -5.5649546072784793e-02,
          2.4128905185937344e-02, -4.8059142855943881e-03,
          6.7309133836290400e-04, -3.7674673425564751e-04,
          4.8681327989000338e-04, -5.1402749014777980e-03,
          1.4930616071874913e-02, 1.2443298074646152e-02,
          2.9577145506539351e-02, -4.8059142855943864e-03,
          1.4756579338254475e-01, 7.8269733448519986e-03,
