%YAML:1.0
---
groups:
   - intact
   - CD19
intactGmmnames:
   - "intact.705.0"
   - "intact.705.1"
   - "intact.705.2"
   - "intact.705.3"
   - "intact.705.4"
intactLabels:
   - FSC-A
   - SSC-A
   - SY41
   - CD19
   - CD10
   - CD20
   - CD45
   - CD34
   - CD38
intactMu: !!opencv-matrix
   rows: 5
   cols: 9
   dt: d
   data: [ 1.2119005500912428e+00, 2.9811921779544892e-01,
       3.2399005277576496e+00, 1.1186236720277156e+00,
       8.3725700681365689e-01, 8.8220358711945912e-01,
       3.5520441024491811e+00, 1.0802252655098930e+00,
       1.8526229330147863e+00, 9.2678983917526481e-01,
       3.2981527766995311e-01, 3.3698344368049677e+00,
       8.5945824986515451e-01, 8.8425548275081634e-01,
       9.0448698144656436e-01, 1.1785497820474942e+00,
       1.0801145494527842e+00, 1.5688657105810904e+00,
       2.1529966014415267e+00, 1.2046367912756109e+00,
       3.5062833757073069e+00, 1.1067712389918125e+00,
       1.2608059947399786e+00, 1.3246937049261305e+00,
       2.4915952117127547e+00, 1.5665564992805012e+00,
       2.8306247051276388e+00, 1.8851783460113636e+00,
       5.6503906236079271e-01, 2.8139401093303786e+00,
       1.2718623204576223e+00, 9.1935230044636662e-01,
       9.9755213430833090e-01, 3.7073440130121718e+00,
       1.1195872610086899e+00, 1.9931961175327064e+00,
       2.2262302195017396e+00, 1.9466408888059830e+00,
       2.5099249203202185e+00, 1.5227340917768257e+00,
       1.3230626334592004e+00, 1.3732510394313564e+00,
       2.4880021052525736e+00, 1.7614301395643348e+00,
       2.1171906190274852e+00 ]
intactSigma:
   - !!opencv-matrix
      rows: 9
      cols: 9
      dt: d
      data: [ 1.8375435198540485e-01, 1.1683630848526446e-02,
          -6.2657704214780910e-02, 1.4461106506689329e-02,
          5.0980426803245802e-03, 1.3572083446988143e-02,
          3.6150281975354429e-02, -2.6247111921620997e-03,
          -7.3498769465619286e-03, 1.1683630848526446e-02,
          7.3371267792011440e-03, -5.7637769004084344e-03,
          4.4154309323418310e-03, 3.1157688173986918e-03,
          6.8602196535004637e-03, 4.3829371866581611e-03,
          5.2931229221601223e-04, -2.7537659584970587e-03,
          -6.2657704214780910e-02, -5.7637769004084344e-03,
          3.4974783140348811e-02, -1.0424610447047282e-02,
          -3.0534872301378573e-03, -4.8622807234030745e-03,
          -1.5204957650103568e-02, 1.0266614985578071e-03,
          3.7156636318632225e-03, 1.4461106506689329e-02,
          4.4154309323418319e-03, -1.0424610447047285e-02,
          3.7656513766081215e-02, 2.1636814614970981e-03,
          5.1879147130826017e-03, 5.8400536256914722e-03,
          1.7180020883922837e-03, -5.4753347271800810e-03,
          5.0980426803245793e-03, 3.1157688173986918e-03,
          -3.0534872301378573e-03, 2.1636814614970981e-03,
          3.9761531438523838e-02, -2.5046545727583683e-03,
          2.0645830558038403e-03, -4.7143613841222525e-03,
          -1.8908982575279738e-03, 1.3572083446988143e-02,
          6.8602196535004637e-03, -4.8622807234030754e-03,
          5.1879147130826026e-03, -2.5046545727583683e-03,
          6.5990624232069306e-02, 4.6251071685093764e-03,
          4.0569530423543955e-04, -5.1273668822443743e-03,
          3.6150281975354429e-02, 4.3829371866581620e-03,
          -1.5204957650103568e-02, 5.8400536256914722e-03,
          2.0645830558038403e-03, 4.6251071685093764e-03,
          1.4401874233119481e-02, -2.1911231483103446e-03,
          -2.6698975739741972e-03, -2.6247111921621005e-03,
          5.2931229221601201e-04, 1.0266614985578073e-03,
          1.7180020883922848e-03, -4.7143613841222525e-03,
          4.0569530423543982e-04, -2.1911231483103450e-03,
          1.1521158249899320e-01, 2.2831770921231676e-03,
          -7.3498769465619330e-03, -2.7537659584970582e-03,
          3.7156636318632225e-03, -5.4753347271800827e-03,
          -1.8908982575279744e-03, -5.1273668822443752e-03,
          -2.6698975739741972e-03, 2.2831770921231684e-03,
          4.9950621917358926e-02 ]
   - !!opencv-matrix
      rows: 9
      cols: 9
      dt: d
      data: [ 2.1928823577602483e-01, 4.3994830257304746e-02,
          -1.1250161437905083e-01, 3.6499218129573387e-02,
          1.4469236999709959e-02, 1.0799973128108018e-02,
          8.8658590973665075e-03, -2.7929706673002277e-03,
          -5.4067801339044885e-04, 4.3994830257304753e-02,
          3.4987318713301192e-02, -2.8562841759205083e-02,
          1.4997264380556843e-02, 1.2174601858242411e-02,
          1.5282642144190462e-02, 1.0485012424968880e-02,
          1.0257661014444284e-03, 2.9088468842762660e-03,
          -1.1250161437905085e-01, -2.8562841759205083e-02,
          2.4192574742301295e-01, -7.2707163102451816e-02,
          -1.7491000973278648e-02, 9.6248142483913914e-03,
          -5.3185542594845481e-04, 6.0031332431172727e-03,
          9.2228038250768887e-03, 3.6499218129573387e-02,
          1.4997264380556839e-02, -7.2707163102451816e-02,
          3.8864214825562446e-02, 1.2748808351241836e-02,
          6.4155171299258434e-03, 4.7447388208547749e-03,
          -1.3812264635410930e-03, -3.0123293919672636e-03,
          1.4469236999709959e-02, 1.2174601858242411e-02,
          -1.7491000973278645e-02, 1.2748808351241836e-02,
          5.4301883202635515e-02, 1.2723625051058696e-02,
          1.2857305605589399e-02, 8.0777606148918729e-04,
          2.1963580125228667e-03, 1.0799973128108018e-02,
          1.5282642144190462e-02, 9.6248142483913897e-03,
          6.4155171299258434e-03, 1.2723625051058696e-02,
          8.8981942417257071e-02, 1.3250706810753925e-02,
          2.6676410046284015e-03, 3.8149732628948102e-03,
          8.8658590973665075e-03, 1.0485012424968878e-02,
          -5.3185542594845437e-04, 4.7447388208547740e-03,
          1.2857305605589399e-02, 1.3250706810753925e-02,
          5.3907119023685536e-02, 5.9120190141278488e-04,
          3.5682441930892186e-03, -2.7929706673002277e-03,
          1.0257661014444284e-03, 6.0031332431172701e-03,
          -1.3812264635410941e-03, 8.0777606148918751e-04,
          2.6676410046284019e-03, 5.9120190141278509e-04,
          2.1489390228529085e-02, 7.9575611244757122e-04,
          -5.4067801339044896e-04, 2.9088468842762660e-03,
          9.2228038250768887e-03, -3.0123293919672631e-03,
          2.1963580125228671e-03, 3.8149732628948102e-03,
          3.5682441930892199e-03, 7.9575611244757101e-04,
          4.9736158635399833e-03 ]
   - !!opencv-matrix
      rows: 9
      cols: 9
      dt: d
      data: [ 9.8934178273395079e-01, 3.4110157824561349e-01,
          -1.4044158050813361e-02, 8.5046188618305651e-02,
          5.5239794533129612e-02, 1.1166101705323521e-01,
          2.4187437401085332e-01, 1.2533228076648764e-01,
          3.3361687714311195e-01, 3.4110157824561343e-01,
          3.0921261524875321e-01, 1.5732379198354469e-02,
          7.1020542477513104e-02, 6.0309393462742389e-02,
          1.1380634097962160e-01, 9.4305778810123170e-02,
          -1.1775808022582431e-02, 1.9568075659475423e-01,
          -1.4044158050813374e-02, 1.5732379198354469e-02,
          6.4843768503674404e-02, -2.6061731222858792e-02,
          1.4805145109948951e-02, 2.3202907393331137e-02,
          -6.4668740657051749e-02, -3.3793437406920639e-02,
          -7.2257060555551395e-02, 8.5046188618305651e-02,
          7.1020542477513104e-02, -2.6061731222858792e-02,
          6.3455164598391428e-02, 1.1382281339506648e-02,
          1.9564639988642489e-02, 6.4734037097714581e-02,
          1.7220961645962995e-02, 8.9939687329020482e-02,
          5.5239794533129612e-02, 6.0309393462742389e-02,
          1.4805145109948951e-02, 1.1382281339506650e-02,
          1.5272816858341146e-01, 3.6358135009976693e-02,
          -3.0207463866276695e-03, -5.1073879907432042e-02,
