%YAML:1.0
---
groups:
   - intact
   - CD19
   - blast
intactGmmnames:
   - "intact.724.0"
   - "intact.724.1"
   - "intact.724.2"
   - "intact.724.3"
   - "intact.724.4"
intactLabels:
   - FSC-A
   - SSC-A
   - SY41
   - CD19
   - CD10
   - CD20
   - CD45
   - CD34
   - CD38
intactMu: !!opencv-matrix
   rows: 5
   cols: 9
   dt: d
   data: [ 9.3263243312104993e-01, 2.6082710093485445e-01,
       3.8056296597145747e+00, 1.0150159905541667e+00,
       7.7079121532562977e-01, 8.9779476211074216e-01,
       3.5317040969169149e+00, 1.0761121504916440e+00,
       1.8717946091455391e+00, 2.6046913843979715e+00,
       2.7109325447982484e+00, 3.5173745717277587e+00,
       1.4717811164064272e+00, 2.1504323728312142e+00,
       1.3326054522921533e+00, 2.9260875074879742e+00,
       1.3244173965912509e+00, 1.8195869263515956e+00,
       9.9020338235397742e-01, 4.5125158567092299e-01,
       3.9289364543473595e+00, 8.5543252923493496e-01,
       9.2822126598466004e-01, 9.7607670768559140e-01,
       1.2753229518490325e+00, 1.0742584371281445e+00,
       1.6297660869818349e+00, 1.5789259483931979e+00,
       5.7211459123158159e-01, 3.0260893851860886e+00,
       1.2056369742554827e+00, 1.0625058006670383e+00,
       9.9736155125586445e-01, 1.6197858397685205e+00,
       1.2980284901990407e+00, 1.5841105692771380e+00,
       1.5255296936146574e+00, 4.0232654017374547e-01,
       3.5524701065131357e+00, 1.1346656520500311e+00,
       8.8192640424818713e-01, 9.8583742537459607e-01,
       3.6454161551254947e+00, 1.0943572134722523e+00,
       1.9195682715589952e+00 ]
intactSigma:
   - !!opencv-matrix
      rows: 9
      cols: 9
      dt: d
      data: [ 6.8122680163649196e-02, 2.9833202727317623e-03,
          -1.7464619529351161e-02, 9.8406138064461995e-03,
          6.2797348959235336e-03, 6.9870034332487028e-03,
          1.3191113145734099e-02, -1.0047913466617021e-03,
          -7.2692255731962177e-03, 2.9833202727317623e-03,
          5.8599669306962244e-03, -9.6499227110163118e-04,
          1.9364455975967314e-03, 2.3274500013305017e-03,
          5.9573522341015359e-03, 2.1058425990549772e-03,
          9.7850280049712954e-04, -3.2327920790390773e-03,
          -1.7464619529351161e-02, -9.6499227110163161e-04,
          9.9674137637628581e-03, -6.1833131087499276e-03,
          -3.4248553879291364e-03, -2.0395927135147553e-03,
          -4.3919832852728161e-03, 1.0181975345385772e-03,
          2.1688175931722331e-03, 9.8406138064461995e-03,
          1.9364455975967310e-03, -6.1833131087499276e-03,
          1.2997745084585163e-02, 2.7061134882567510e-03,
          3.3033714917015027e-03, 2.9746861516018719e-03,
          8.2559025475148202e-04, -3.4208452705735085e-03,
          6.2797348959235336e-03, 2.3274500013305017e-03,
          -3.4248553879291359e-03, 2.7061134882567510e-03,
          2.9703354234881994e-02, -4.2420664634382731e-03,
          2.1311961582868482e-03, -4.0092285050657090e-03,
          -2.9407166812316821e-03, 6.9870034332487028e-03,
          5.9573522341015359e-03, -2.0395927135147553e-03,
          3.3033714917015036e-03, -4.2420664634382731e-03,
          8.2005328097768837e-02, 3.8360290232294595e-03,
          1.6280813442177318e-03, -1.0503788237822409e-02,
          1.3191113145734099e-02, 2.1058425990549772e-03,
          -4.3919832852728161e-03, 2.9746861516018715e-03,
          2.1311961582868482e-03, 3.8360290232294599e-03,
          8.3688977419698642e-03, -1.9890065179437029e-03,
          -3.6530469589306593e-03, -1.0047913466617021e-03,
          9.7850280049712997e-04, 1.0181975345385768e-03,
          8.2559025475148267e-04, -4.0092285050657090e-03,
          1.6280813442177307e-03, -1.9890065179437024e-03,
          1.2163887655663068e-01, 6.3650496752074796e-04,
          -7.2692255731962177e-03, -3.2327920790390773e-03,
          2.1688175931722331e-03, -3.4208452705735094e-03,
          -2.9407166812316829e-03, -1.0503788237822409e-02,
          -3.6530469589306593e-03, 6.3650496752074817e-04,
          5.3639109922431212e-02 ]
   - !!opencv-matrix
      rows: 9
      cols: 9
      dt: d
      data: [ 8.2225216856958105e-01, 3.7598353557303704e-01,
          -3.0655753183453382e-02, 8.5063192841460300e-02,
          -8.7174251152897078e-02, 2.8123881565688243e-02,
          7.7778098370126586e-02, 2.4550421361852598e-03,
          -2.0045745350476360e-02, 3.7598353557303704e-01,
          1.4311466357443032e+00, -1.7794217284100153e-01,
          3.1787387212572771e-01, 6.0863807544125659e-01,
          3.1810173658896306e-03, 3.3554621545868774e-01,
          -7.8956892647876281e-02, -2.1683009826233510e-01,
          -3.0655753183453375e-02, -1.7794217284100153e-01,
          1.6496427938738809e-01, -9.3015180354631036e-02,
          -1.0529569107197577e-01, 1.2176619683586284e-02,
          -6.5002022655011649e-02, 5.0797765275111635e-03,
          4.4183749785408004e-02, 8.5063192841460328e-02,
          3.1787387212572771e-01, -9.3015180354631036e-02,
          1.3708412082324098e-01, 1.4943669144471569e-01,
          2.0260906852087784e-02, 1.1621305197114050e-01,
          -8.0377843995082816e-03, -4.8336080221262644e-02,
          -8.7174251152897078e-02, 6.0863807544125659e-01,
          -1.0529569107197578e-01, 1.4943669144471569e-01,
          7.0620287995196440e-01, -3.9415227702902338e-03,
          2.0111798051101062e-01, -5.1703848323425027e-02,
          -1.7842540430272807e-01, 2.8123881565688243e-02,
          3.1810173658896328e-03, 1.2176619683586288e-02,
          2.0260906852087784e-02, -3.9415227702902346e-03,
          1.2444963726848325e-01, 2.1690285016056788e-03,
          1.4835658689770192e-02, 1.4045963386241018e-02,
          7.7778098370126586e-02, 3.3554621545868774e-01,
          -6.5002022655011649e-02, 1.1621305197114053e-01,
          2.0111798051101062e-01, 2.1690285016056797e-03,
          3.4315554177014229e-01, 1.3095810125188057e-02,
          3.2812562809976216e-03, 2.4550421361852607e-03,
          -7.8956892647876281e-02, 5.0797765275111661e-03,
          -8.0377843995082816e-03, -5.1703848323425027e-02,
          1.4835658689770192e-02, 1.3095810125188047e-02,
          1.9804450414610170e-01, 6.1715897436421731e-02,
          -2.0045745350476360e-02, -2.1683009826233510e-01,
          4.4183749785408004e-02, -4.8336080221262644e-02,
          -1.7842540430272805e-01, 1.4045963386241018e-02,
          3.2812562809976225e-03, 6.1715897436421731e-02,
          1.9112448710413221e-01 ]
   - !!opencv-matrix
      rows: 9
      cols: 9
      dt: d
      data: [ 1.2500088675195425e-01, 4.2053914804375564e-02,
          1.5033897055090936e-02, -5.6276804411226188e-03,
          2.8379232212789523e-02, 3.4870288594530237e-02,
          2.5256582601420448e-02, 4.6283394058578911e-03,
          9.5622411188398607e-03, 4.2053914804375564e-02,
          3.9439417340550703e-02, 1.6883021745712549e-02,
          -7.9160949988027370e-03, 2.1537924156741942e-02,
          2.9522225797926942e-02, 2.0857081843864492e-02,
          4.7914153993562315e-03, 8.4283895282209892e-03,
          1.5033897055090936e-02, 1.6883021745712549e-02,
          5.2105034146538311e-02, -3.8872623909472534e-02,
          -1.2819601516886197e-02, 1.0843957335991566e-02,
          -4.1383361883859451e-03, 5.0697453318613288e-03,
          8.8720427944868480e-03, -5.6276804411226197e-03,
          -7.9160949988027387e-03, -3.8872623909472534e-02,
          3.4422821677432901e-02, 1.5032723099240008e-02,
          -3.6017244313210029e-03, 6.4565761099134259e-03,
          -3.3027004869638659e-03, -6.7946515665599895e-03,
          2.8379232212789523e-02, 2.1537924156741942e-02,
          -1.2819601516886200e-02, 1.5032723099240008e-02,
          1.1592066198333656e-01, 1.1735620162908814e-02,
