%YAML:1.0
---
groups:
   - intact
   - CD19
intactGmmnames:
   - "intact.724.0"
   - "intact.724.1"
   - "intact.724.2"
   - "intact.724.3"
   - "intact.724.4"
intactLabels:
   - FSC-A
   - SSC-A
   - SY41
   - CD19
   - CD10
   - CD20
   - CD45
   - CD34
   - CD38
intactMu: !!opencv-matrix
   rows: 5
   cols: 9
   dt: d
   data: [ 6.4907447300303922e-01, 2.5229291123992120e-01,
       2.7604640585855544e+00, 1.1816268217385510e+00,
       9.0933428420252960e-01, 9.9843882967334430e-01,
       3.4527940315848280e+00, 1.0736903170384078e+00,
       1.8690972658742966e+00, 2.9443359391299104e+00,
       3.0353873031117780e+00, 2.5603352924037197e+00,
       1.9147284951011645e+00, 1.2583833015994015e+00,
       1.3758411054160016e+00, 2.8698392080630120e+00,
       1.0897762162542677e+00, 2.0345995130425121e+00,
       1.8973340555585567e+00, 1.3511439297756969e+00,
       2.7139225614310956e+00, 1.5229285294396966e+00,
       1.3827847446313901e+00, 1.4286649483740623e+00,
       2.8260363815600544e+00, 1.4372676915246445e+00,
       2.5725318250500115e+00, 2.3409442741656199e+00,
       3.3090463016684937e+00, 2.4549945547245811e+00,
       1.9893207734372254e+00, 2.8285707416783064e+00,
       1.3063815580434879e+00, 3.1519593665524397e+00,
       1.1367333808222069e+00, 1.5799872603320382e+00,
       7.4429885637236493e-01, 3.8807230723298602e-01,
       2.8553897960609724e+00, 9.6330903379863431e-01,
       1.0206409154793972e+00, 1.1006129668431510e+00,
       1.3020014255734818e+00, 1.0682815414152738e+00,
       1.3678209380386217e+00 ]
intactSigma:
   - !!opencv-matrix
      rows: 9
      cols: 9
      dt: d
      data: [ 1.5620630404356606e-01, 2.5949149340981244e-02,
          -5.6710444549095983e-02, 1.2321119177902740e-02,
          1.7735365225936555e-03, 3.1298789149291198e-02,
          5.3924004896010867e-02, -4.9250582127234772e-03,
          -4.0800064518361358e-02, 2.5949149340981244e-02,
          1.1444315530984560e-02, -8.8898958751828724e-03,
          8.4498101510462713e-03, 3.9180142920550495e-03,
          1.2159090458914836e-02, 1.1826697827320039e-02,
          2.1481759125276318e-04, -4.5333817471431993e-03,
          -5.6710444549095983e-02, -8.8898958751828724e-03,
          4.6452774840875892e-02, -5.4718868369812868e-03,
          1.6905751939879908e-03, -8.5418695363858287e-03,
          -2.0798065638430372e-02, 4.3603061895357408e-03,
          1.3075721594071688e-02, 1.2321119177902738e-02,
          8.4498101510462713e-03, -5.4718868369812851e-03,
          8.3621376785760940e-02, 3.9542084071457831e-03,
          1.1817872685208730e-02, 7.0441344421166398e-03,
          4.5417665384325824e-03, -6.6762034404665013e-03,
          1.7735365225936561e-03, 3.9180142920550495e-03,
          1.6905751939879914e-03, 3.9542084071457840e-03,
          6.9067449151456600e-02, -2.0602132544560413e-03,
          1.0087170047832221e-03, -3.6150649870063806e-03,
          -1.6516371689366382e-03, 3.1298789149291184e-02,
          1.2159090458914836e-02, -8.5418695363858269e-03,
          1.1817872685208730e-02, -2.0602132544560417e-03,
          8.9433439391083683e-02, 1.4853559796724170e-02,
          1.6044628545436336e-03, -1.7033786053022484e-02,
          5.3924004896010867e-02, 1.1826697827320039e-02,
          -2.0798065638430372e-02, 7.0441344421166407e-03,
          1.0087170047832223e-03, 1.4853559796724170e-02,
          2.9670126956428733e-02, -3.7508879681388738e-03,
          -1.4095252798091353e-02, -4.9250582127234772e-03,
          2.1481759125276302e-04, 4.3603061895357426e-03,
          4.5417665384325815e-03, -3.6150649870063832e-03,
          1.6044628545436336e-03, -3.7508879681388738e-03,
          1.3994995105150559e-01, 3.1990428536205081e-03,
          -4.0800064518361358e-02, -4.5333817471432010e-03,
          1.3075721594071688e-02, -6.6762034404665013e-03,
          -1.6516371689366382e-03, -1.7033786053022484e-02,
          -1.4095252798091353e-02, 3.1990428536205081e-03,
          1.7693743997540232e-01 ]
   - !!opencv-matrix
      rows: 9
      cols: 9
      dt: d
      data: [ 4.9049596874927454e-01, 1.2510381397136941e-01,
          3.6684055208290288e-02, 2.0233175741677507e-02,
          3.2597305825325669e-02, 6.5289308556805162e-02,
          1.4818697661352357e-02, 7.1219601629839303e-03,
          9.9052847443986472e-02, 1.2510381397136941e-01,
          4.7172748183461360e-01, -1.6446877960289635e-02,
          8.6258710579585521e-02, 6.9426481734588208e-02,
          3.7257894682014271e-02, 5.7616950043257203e-02,
          1.1932277781867924e-02, -1.9568849517573938e-02,
          3.6684055208290288e-02, -1.6446877960289635e-02,
          6.2799504210698909e-02, -5.2492017373499816e-03,
          1.7326511279895868e-03, 1.6848416767741441e-02,
          -5.4754846615444495e-03, 1.3353234169764219e-03,
          3.9769176784009035e-02, 2.0233175741677514e-02,
          8.6258710579585521e-02, -5.2492017373499799e-03,
          3.0376769677615465e-02, 1.2706815912104574e-02,
          6.8336837443842948e-03, 9.9307376320287109e-03,
          2.9500322665019884e-03, -8.8859724670529456e-03,
          3.2597305825325669e-02, 6.9426481734588208e-02,
          1.7326511279895868e-03, 1.2706815912104572e-02,
          1.0267762023026880e-01, 1.0875248375847598e-02,
          1.6233888997016797e-02, 2.1064192241661856e-03,
          8.7663985111550435e-03, 6.5289308556805148e-02,
          3.7257894682014271e-02, 1.6848416767741441e-02,
          6.8336837443842948e-03, 1.0875248375847598e-02,
          6.6212244399557987e-02, 1.9969061545910553e-03,
          3.6678143179794788e-03, 5.0398116352785273e-02,
          1.4818697661352360e-02, 5.7616950043257203e-02,
          -5.4754846615444469e-03, 9.9307376320287109e-03,
          1.6233888997016794e-02, 1.9969061545910549e-03,
          2.9760513760874838e-02, -1.9688541652793356e-04,
          -1.3420722073185240e-02, 7.1219601629839303e-03,
          1.1932277781867924e-02, 1.3353234169764219e-03,
          2.9500322665019884e-03, 2.1064192241661860e-03,
          3.6678143179794788e-03, -1.9688541652793370e-04,
          8.9047253742187207e-02, 2.6396500945864831e-03,
          9.9052847443986514e-02, -1.9568849517573941e-02,
          3.9769176784009028e-02, -8.8859724670529456e-03,
          8.7663985111550435e-03, 5.0398116352785273e-02,
          -1.3420722073185235e-02, 2.6396500945864805e-03,
          1.9879223415523184e-01 ]
   - !!opencv-matrix
      rows: 9
      cols: 9
      dt: d
      data: [ 6.4827169352242542e-01, 3.7582882381743332e-01,
          2.2541293603453999e-02, 1.2672481701301996e-01,
          7.7377529778771340e-02, 9.8904496557945212e-02,
          8.3319497424973576e-02, 3.1081499045225322e-02,
          5.7314201244847200e-02, 3.7582882381743338e-01,
          6.6731689920304316e-01, 4.3248432986017937e-02,
          2.2220192180623705e-01, 1.9496700933437638e-01,
          1.5528524567850097e-01, 6.9837971749011518e-02,
          -1.8886365730289761e-02, 3.6428477193307329e-02,
          2.2541293603453999e-02, 4.3248432986017937e-02,
          1.5430691738280120e-01, 9.0715971283139157e-03,
          4.2202624928504483e-02, 5.8461036337273745e-02,
          -1.3810457550107505e-02, 9.3418105917542835e-03,
          2.8205111344926381e-02, 1.2672481701301999e-01,
          2.2220192180623705e-01, 9.0715971283139140e-03,
          1.5421905210424797e-01, 8.4355989078672755e-02,
          8.5642452778584593e-02, 8.0575735043678334e-02,
          -1.3508207986580381e-03, 2.7940816135714898e-02,
          7.7377529778771340e-02, 1.9496700933437638e-01,
          4.2202624928504483e-02, 8.4355989078672769e-02,
          2.5515193520921642e-01, 9.0929196295177928e-02,
          -4.1851910860584759e-03, -1.3445626435481792e-02,
