%YAML:1.0
---
groups:
   - intact
   - CD19
intactGmmnames:
   - "intact.730.0"
   - "intact.730.1"
   - "intact.730.2"
   - "intact.730.3"
   - "intact.730.4"
intactLabels:
   - FSC-A
   - SSC-A
   - SY41
   - CD19
   - CD10
   - CD20
   - CD45
   - CD34
   - CD38
intactMu: !!opencv-matrix
   rows: 5
   cols: 9
   dt: d
   data: [ 1.9489987699382185e+00, 1.2536267588749646e+00,
       2.1881550285248781e+00, 1.4513452406222032e+00,
       1.2676620354589738e+00, 1.2179435713461408e+00,
       2.6017736197130850e+00, 1.4151763065305192e+00,
       2.0871366252558405e+00, 1.1859570566831910e+00,
       2.6450858489122658e-01, 1.9217933255125343e+00,
       1.2597798722080273e+00, 1.0582962870809021e+00,
       9.2860164727358463e-01, 3.3847728613526522e+00,
       9.8597179703160642e-01, 1.8895820114953459e+00,
       1.1520675253436650e+00, 3.3999275411218288e-01,
       1.9485513361074029e+00, 1.1786546582767559e+00,
       1.0625584193456283e+00, 8.4984831129755412e-01,
       1.1566431979717324e+00, 9.6616894870787107e-01,
       1.8410726369520332e+00, 3.1763929148255858e+00,
       3.3202653749007900e+00, 2.3794539320004491e+00,
       1.7300446412302026e+00, 2.0599755029873785e+00,
       1.1752816229385037e+00, 3.0419499121217051e+00,
       1.0505221349028417e+00, 1.8673408327871164e+00,
       2.2683287821319147e+00, 3.0038094016640495e+00,
       2.3292302649338290e+00, 1.7034019855826774e+00,
       2.3562146541828803e+00, 1.0988124507559516e+00,
       3.0101281845495560e+00, 1.0090719266703068e+00,
       1.8632071499391774e+00 ]
intactSigma:
   - !!opencv-matrix
      rows: 9
      cols: 9
      dt: d
      data: [ 8.1206868027736723e-01, 5.7681386900528897e-01,
          1.4516508063731542e-01, 1.1995929885043256e-01,
          4.8636589765801798e-02, 9.4507425527198888e-02,
          -6.3305892049270535e-02, 5.5883281764485537e-02,
          -3.3460387622246499e-02, 5.7681386900528897e-01,
          1.0178983039048897e+00, 2.0228311042296701e-01,
          2.0544070691039903e-01, 8.3372697561364909e-02,
          1.2170147963000817e-01, -1.9594725305101160e-01,
          9.7126861902182296e-02, -9.1845454921641451e-02,
          1.4516508063731540e-01, 2.0228311042296701e-01,
          1.0746337519481139e-01, 5.1023759520877628e-02,
          1.8585730988812870e-02, 6.5011850965053727e-02,
          -1.7583878493690242e-02, 5.4303105421227960e-02,
          -2.3527145292610531e-03, 1.1995929885043256e-01,
          2.0544070691039903e-01, 5.1023759520877628e-02,
          1.0573744164434838e-01, 2.0468741632204367e-02,
          7.5068850512681001e-02, -7.9642826534166451e-03,
          1.5385874910980469e-02, -2.9625522971911535e-02,
          4.8636589765801798e-02, 8.3372697561364922e-02,
          1.8585730988812874e-02, 2.0468741632204367e-02,
          1.3836246563134871e-01, 5.5893126500498817e-02,
          7.4203432436548977e-03, 2.6825168546377089e-03,
          -2.0251362915434848e-02, 9.4507425527198902e-02,
          1.2170147963000814e-01, 6.5011850965053727e-02,
          7.5068850512681001e-02, 5.5893126500498817e-02,
          2.4826252683378069e-01, 6.4508691977113494e-02,
          6.7741077299221367e-02, -1.2223975636521263e-02,
          -6.3305892049270548e-02, -1.9594725305101163e-01,
          -1.7583878493690239e-02, -7.9642826534166485e-03,
          7.4203432436548977e-03, 6.4508691977113508e-02,
          6.1926978276752176e-01, 1.7264402128106125e-02,
          1.0106891625970350e-01, 5.5883281764485537e-02,
          9.7126861902182296e-02, 5.4303105421227960e-02,
          1.5385874910980469e-02, 2.6825168546377111e-03,
          6.7741077299221381e-02, 1.7264402128106125e-02,
          3.9624220887657013e-01, 6.0191888779107659e-02,
          -3.3460387622246499e-02, -9.1845454921641451e-02,
          -2.3527145292610526e-03, -2.9625522971911535e-02,
          -2.0251362915434848e-02, -1.2223975636521263e-02,
          1.0106891625970350e-01, 6.0191888779107659e-02,
          1.6661978401651906e-01 ]
   - !!opencv-matrix
      rows: 9
      cols: 9
      dt: d
      data: [ 1.8123092757889417e-01, 1.2262470067830695e-02,
          5.4500782138143262e-04, -1.2667115636913551e-03,
          5.7243298483864390e-04, 1.0900626760552997e-02,
          3.6238510658983203e-02, 2.1116726670160761e-04,
          -2.5219127572705985e-03, 1.2262470067830695e-02,
          9.1021845824837740e-03, 4.3106707510683030e-03,
          3.2174228076237120e-03, 7.4407643862993281e-04,
          6.3099203391168935e-03, 8.0855864178760693e-03,
          1.0327377467109918e-03, -2.2698884423860463e-04,
          5.4500782138143327e-04, 4.3106707510683030e-03,
          3.2834240813165716e-02, 8.2509019557775202e-04,
          6.7634260328985332e-04, 3.8184726203076649e-03,
          3.1182815450104930e-03, 4.4405367701724909e-04,
          -1.3374970171108248e-04, -1.2667115636913549e-03,
          3.2174228076237116e-03, 8.2509019557775235e-04,
          1.0515512476841810e-02, 2.5295345767376677e-04,
          2.6061980466423381e-03, 3.0630120653179884e-03,
          1.3514243917188006e-03, -2.6902339913958907e-04,
          5.7243298483864368e-04, 7.4407643862993281e-04,
          6.7634260328985332e-04, 2.5295345767376682e-04,
          8.3080626428508851e-03, -2.0122990676984830e-03,
          6.3072868248952735e-04, -1.9834027836336202e-03,
          -1.4052922242801421e-04, 1.0900626760552997e-02,
          6.3099203391168918e-03, 3.8184726203076657e-03,
          2.6061980466423385e-03, -2.0122990676984830e-03,
          5.5027245617269231e-02, 6.5183557799959515e-03,
          4.0037293603834858e-04, -8.7025495160291462e-04,
          3.6238510658983210e-02, 8.0855864178760693e-03,
          3.1182815450104930e-03, 3.0630120653179884e-03,
          6.3072868248952735e-04, 6.5183557799959515e-03,
          2.2291902892235003e-02, -1.2146414804787209e-03,
          -4.8459978580646070e-04, 2.1116726670160788e-04,
          1.0327377467109914e-03, 4.4405367701724882e-04,
          1.3514243917188006e-03, -1.9834027836336202e-03,
          4.0037293603834928e-04, -1.2146414804787211e-03,
          1.3897887226787645e-01, 4.5639802749557532e-04,
          -2.5219127572705985e-03, -2.2698884423860469e-04,
          -1.3374970171108253e-04, -2.6902339913958913e-04,
          -1.4052922242801421e-04, -8.7025495160291462e-04,
          -4.8459978580646092e-04, 4.5639802749557505e-04,
          2.7838506430440178e-03 ]
   - !!opencv-matrix
      rows: 9
      cols: 9
      dt: d
      data: [ 3.2699078453001962e-01, 4.5910902671108894e-02,
          -3.4399417909431650e-02, 8.3861041642252342e-03,
          -2.0117036344379918e-03, -1.1887533740748210e-02,
          -9.5861787711283859e-03, -2.6012270648740105e-03,
          -1.3359786951239660e-03, 4.5910902671108915e-02,
          4.0863335084926733e-02, -1.3637436120662457e-04,
          7.5691367292166382e-03, 1.7294006486807685e-03,
          7.3517175957442645e-03, 7.2316863604227196e-03,
          2.6609880741373755e-03, -2.9907719007321723e-04,
          -3.4399417909431650e-02, -1.3637436120662478e-04,
          8.3984608161312452e-02, -4.4762629357162053e-04,
          7.5213497592501333e-03, 3.6441546485130365e-02,
          6.3663483417645871e-03, 9.3375002192339215e-04,
          7.5485608275201730e-04, 8.3861041642252342e-03,
          7.5691367292166365e-03, -4.4762629357162064e-04,
          3.8319661907962959e-03, 3.0933413317084732e-04,
          1.3853703822338539e-03, 1.0460521101846032e-03,
          6.1517927822180712e-04, -2.5331017343476104e-04,
          -2.0117036344379923e-03, 1.7294006486807676e-03,
          7.5213497592501333e-03, 3.0933413317084721e-04,
          1.0096159327084488e-02, 4.6346790845088262e-03,
          5.6510405613609278e-03, 5.2575032406753383e-04,
