%YAML:1.0
---
groups:
   - intact
   - CD19
intactGmmnames:
   - "intact.733.0"
   - "intact.733.1"
   - "intact.733.2"
   - "intact.733.3"
   - "intact.733.4"
intactLabels:
   - FSC-A
   - SSC-A
   - SY41
   - CD19
   - CD10
   - CD20
   - CD45
   - CD34
   - CD38
intactMu: !!opencv-matrix
   rows: 5
   cols: 9
   dt: d
   data: [ 1.8501148558514364e+00, 6.9050026008288501e-01,
       3.0365012745169193e+00, 1.2978866903673054e+00,
       8.6442968833251033e-01, 1.1043004736603224e+00,
       3.6661923285674130e+00, 1.0802631787294859e+00,
       2.2089346033056745e+00, 2.2996756360183186e+00,
       2.0594814120779561e+00, 2.8411440366148719e+00,
       1.5272884001393270e+00, 1.2960006352583795e+00,
       1.4608456346606586e+00, 2.4417726261817543e+00,
       1.2687307649231334e+00, 2.1421958424187864e+00,
       1.0106671215964844e+00, 4.5643108069768207e-01,
       3.1036740907656117e+00, 8.2968028530415872e-01,
       8.5959470055302833e-01, 1.0259008715366911e+00,
       1.4425445841711810e+00, 1.1196934926534403e+00,
       1.4787530736000281e+00, 1.3475702939996741e+00,
       3.6699219552392809e-01, 3.1653791675434584e+00,
       1.0985203627476889e+00, 8.4299114811418363e-01,
       1.0837936018928038e+00, 3.4839439805373957e+00,
       1.0598954985462423e+00, 1.5704823546737030e+00,
       3.0086551538141255e+00, 3.4544999032398445e+00,
       3.0519256944543751e+00, 1.7653577153626900e+00,
       1.9162580650201653e+00, 1.2711416291390623e+00,
       2.7903219580082896e+00, 1.0741921781174548e+00,
       2.0677706939314344e+00 ]
intactSigma:
   - !!opencv-matrix
      rows: 9
      cols: 9
      dt: d
      data: [ 2.2673305183765810e-01, 4.3940546925275601e-03,
          -3.9266639810954301e-04, -1.0562911321791582e-02,
          8.7616443851581299e-04, 7.9036961373400751e-03,
          1.7708428963814596e-02, -1.6071906552055196e-04,
          -4.7552541559045994e-02, 4.3940546925275593e-03,
          2.1111475665670922e-02, 1.2416052004380381e-03,
          8.2217745339064896e-03, 2.9325849807489684e-03,
          6.3551916966240688e-03, 2.7879799245353427e-03,
          6.7068828170910701e-04, 3.2499349568896364e-02,
          -3.9266639810954247e-04, 1.2416052004380377e-03,
          5.3693217270033899e-02, -1.0510993124428426e-02,
          -3.5790294186022233e-03, 2.5365021141924514e-03,
          2.0506952694239938e-04, -7.6663309484621518e-05,
          -1.7220784844233745e-02, -1.0562911321791584e-02,
          8.2217745339064913e-03, -1.0510993124428426e-02,
          6.1542211296989495e-02, 2.4165121521494129e-03,
          4.1526108509880987e-03, 5.7719201643186618e-03,
          3.0566514671642631e-03, 3.3781130899156698e-03,
          8.7616443851581353e-04, 2.9325849807489684e-03,
          -3.5790294186022233e-03, 2.4165121521494129e-03,
          3.9560105078848426e-02, -5.3681381266508831e-03,
          6.1130365489095754e-04, -6.2306311337551245e-03,
          3.0906985138628874e-03, 7.9036961373400751e-03,
          6.3551916966240688e-03, 2.5365021141924527e-03,
          4.1526108509880987e-03, -5.3681381266508831e-03,
          7.2170012614596823e-02, 3.1536223503678771e-03,
          -2.0464806210685580e-04, -2.8118613645668179e-02,
          1.7708428963814592e-02, 2.7879799245353427e-03,
          2.0506952694239922e-04, 5.7719201643186618e-03,
          6.1130365489095787e-04, 3.1536223503678771e-03,
          1.6093248276170535e-02, -2.4068686662713748e-03,
          -2.5832484818533057e-02, -1.6071906552055204e-04,
          6.7068828170910668e-04, -7.6663309484621545e-05,
          3.0566514671642631e-03, -6.2306311337551254e-03,
          -2.0464806210685572e-04, -2.4068686662713748e-03,
          1.6548731275291523e-01, 7.3273402411546690e-03,
          -4.7552541559045980e-02, 3.2499349568896357e-02,
          -1.7220784844233745e-02, 3.3781130899156711e-03,
          3.0906985138628852e-03, -2.8118613645668179e-02,
          -2.5832484818533057e-02, 7.3273402411546716e-03,
          5.1804972165568808e-01 ]
   - !!opencv-matrix
      rows: 9
      cols: 9
      dt: d
      data: [ 9.7592666984421328e-01, 4.1408627941971371e-01,
          6.9376021592646206e-02, 9.1945322465275203e-02,
          4.6199087915160336e-02, 7.6660381616008286e-02,
          1.4342842351481758e-01, 1.1910075793867408e-02,
          1.7615963396057438e-01, 4.1408627941971371e-01,
          8.3258093885901929e-01, 2.3060555415201835e-02,
          1.9889198345661682e-01, 1.4142220359157565e-01,
          9.9074928004537988e-02, 9.8690226248734261e-02,
          -6.1944909443970048e-02, 6.8230852812420945e-02,
          6.9376021592646192e-02, 2.3060555415201842e-02,
          2.1532479614329844e-01, -9.7228549128662370e-03,
          -2.9044350142821591e-02, 4.7095190008050590e-02,
          1.7651624637663330e-01, 3.8180481633771989e-02,
          2.3694622807471732e-01, 9.1945322465275203e-02,
          1.9889198345661682e-01, -9.7228549128662353e-03,
          1.1721077655448760e-01, 5.4468240279693388e-02,
          6.8434273761754982e-02, 7.7019230739365355e-02,
          -8.6485227428632350e-03, 1.6983800922304646e-02,
          4.6199087915160336e-02, 1.4142220359157565e-01,
          -2.9044350142821591e-02, 5.4468240279693388e-02,
          1.9271068383410009e-01, 5.4309023221289582e-02,
          2.1642453199140311e-02, -9.4671904661729860e-03,
          -4.5813266656888001e-02, 7.6660381616008300e-02,
          9.9074928004538002e-02, 4.7095190008050597e-02,
          6.8434273761754982e-02, 5.4309023221289582e-02,
          1.5368870000065693e-01, 9.1981830947200166e-02,
          1.3912256635965702e-02, 7.4126795010771573e-02,
          1.4342842351481760e-01, 9.8690226248734247e-02,
          1.7651624637663330e-01, 7.7019230739365355e-02,
          2.1642453199140311e-02, 9.1981830947200152e-02,
          5.7661635763969199e-01, 6.3718461177757771e-02,
          4.1921621228611305e-01, 1.1910075793867412e-02,
          -6.1944909443970048e-02, 3.8180481633771989e-02,
          -8.6485227428632384e-03, -9.4671904661729825e-03,
          1.3912256635965702e-02, 6.3718461177757743e-02,
          1.8115698529119875e-01, 1.1686781133244564e-01,
          1.7615963396057435e-01, 6.8230852812420945e-02,
          2.3694622807471732e-01, 1.6983800922304646e-02,
          -4.5813266656887994e-02, 7.4126795010771573e-02,
          4.1921621228611305e-01, 1.1686781133244564e-01,
          7.5226676933095327e-01 ]
   - !!opencv-matrix
      rows: 9
      cols: 9
      dt: d
      data: [ 3.8025080563954133e-01, 8.9679276849738213e-02,
          -1.5904001852045493e-01, 8.8770653252154025e-02,
          2.8828359744716120e-02, 5.4934919947679850e-02,
          1.2277550529291476e-01, 3.8994257637781658e-02,
          7.2561279190091199e-02, 8.9679276849738213e-02,
          5.6494877432983440e-02, -5.5914001111230696e-02,
          3.6611456884584732e-02, 1.3033531249670145e-02,
          3.2872489185790929e-02, 6.1180049224986606e-02,
          2.0503052371335886e-02, 4.1163812495422919e-02,
          -1.5904001852045493e-01, -5.5914001111230696e-02,
          3.5290836023189126e-01, -1.5037356253683803e-01,
          -3.2721030792204710e-02, 3.2130737490864273e-03,
          -1.4886738286050460e-01, -4.8140279826594190e-02,
          -7.2317641187674198e-02, 8.8770653252154025e-02,
          3.6611456884584732e-02, -1.5037356253683803e-01,
          9.4692600853522657e-02, 2.6085995350431365e-02,
          1.8921927272383652e-02, 6.4690960602115793e-02,
          2.0482210969032150e-02, 2.8249969271550483e-02,
          2.8828359744716120e-02, 1.3033531249670147e-02,
          -3.2721030792204710e-02, 2.6085995350431365e-02,
          5.5113335348348030e-02, 1.8250512917731020e-02,
          1.4244656123671403e-02, 1.9935343355214474e-03,
