%YAML:1.0
---
groups:
   - intact
   - CD19
   - blast
intactGmmnames:
   - "intact.734.0"
   - "intact.734.1"
   - "intact.734.2"
   - "intact.734.3"
   - "intact.734.4"
intactLabels:
   - FSC-A
   - SSC-A
   - SY41
   - CD19
   - CD10
   - CD20
   - CD45
   - CD34
   - CD38
intactMu: !!opencv-matrix
   rows: 5
   cols: 9
   dt: d
   data: [ 2.0463874169948788e+00, 3.2781438585304432e+00,
       2.9990992143790507e+00, 1.6718783197835834e+00,
       2.5819794427952272e+00, 1.2023600347608443e+00,
       3.1757850090086746e+00, 1.0913160983668511e+00,
       1.7341604556371542e+00, 2.6568334496639667e+00,
       2.7921652994953283e+00, 3.1307394659524279e+00,
       1.5409355077468581e+00, 1.1314360613345424e+00,
       1.3238412077746586e+00, 2.8657069437777012e+00,
       1.0933451677014530e+00, 2.0040873162663653e+00,
       1.2233367170436154e+00, 6.2785705834160599e-01,
       3.6334195951264956e+00, 5.6548659660621814e-01,
       8.9087838058743063e-01, 1.1229548229885702e+00,
       1.3530206734303021e+00, 1.0636933914165883e+00,
       1.4408579784206752e+00, 2.0293292077004148e+00,
       1.8617266296520549e+00, 3.5286249945217367e+00,
       1.2088173829142734e+00, 2.6487510539651673e+00,
       1.8874028298677379e+00, 3.0045190639018156e+00,
       1.5412675882458116e+00, 1.9153068222464629e+00,
       1.5902235692158035e+00, 1.5255201339025637e+00,
       3.3227300864611142e+00, 1.1771865060578763e+00,
       1.1026176895290287e+00, 1.3452417558183309e+00,
       2.8470760492099889e+00, 1.3643683847277830e+00,
       2.6403205076101375e+00 ]
intactSigma:
   - !!opencv-matrix
      rows: 9
      cols: 9
      dt: d
      data: [ 3.8327391694322333e-01, 1.6644410148864128e-01,
          -6.7508752096515599e-03, 3.2418181254408478e-02,
          8.0569372236049194e-03, 2.6644449315430408e-02,
          2.4679866637931518e-02, 4.7938153692229256e-03,
          9.4922085560284995e-03, 1.6644410148864131e-01,
          3.7467132867513603e-01, 3.8945544300420928e-03,
          6.9005216713657350e-02, 2.0115640034600490e-02,
          4.2511823920074250e-02, 7.8192611709947835e-03,
          8.0584649109289828e-03, 1.7773000470089353e-02,
          -6.7508752096515599e-03, 3.8945544300420919e-03,
          3.0226634821444814e-02, -3.3662101133778632e-03,
          9.3437347966967730e-04, 4.5796370154319157e-04,
          -1.4778401469021675e-03, 1.1956927550316903e-04,
          1.0176452688081977e-03, 3.2418181254408478e-02,
          6.9005216713657322e-02, -3.3662101133778641e-03,
          3.5594825776422340e-02, 4.7193237491625715e-03,
          9.2021647200996939e-03, 1.6274524152593915e-03,
          3.6891981447543624e-03, -1.7127002902016704e-03,
          8.0569372236049194e-03, 2.0115640034600497e-02,
          9.3437347966967611e-04, 4.7193237491625715e-03,
          1.2809744835973225e-01, 6.7194326505471283e-03,
          1.8325297450991877e-02, 7.1362585688429525e-04,
          -1.5397508280031046e-03, 2.6644449315430405e-02,
          4.2511823920074257e-02, 4.5796370154319130e-04,
          9.2021647200996974e-03, 6.7194326505471283e-03,
          5.5695973039802574e-02, 1.3847415902709574e-03,
          5.2453622131305776e-04, 3.5874251734728676e-03,
          2.4679866637931518e-02, 7.8192611709947801e-03,
          -1.4778401469021671e-03, 1.6274524152593915e-03,
          1.8325297450991873e-02, 1.3847415902709572e-03,
          2.2280118853581894e-02, -2.2098746135509419e-03,
          -2.5577747203586673e-03, 4.7938153692229299e-03,
          8.0584649109289742e-03, 1.1956927550316944e-04,
          3.6891981447543624e-03, 7.1362585688429590e-04,
          5.2453622131305787e-04, -2.2098746135509415e-03,
          9.2631023983270375e-02, 2.0324348216347447e-03,
          9.4922085560284995e-03, 1.7773000470089350e-02,
          1.0176452688081972e-03, -1.7127002902016697e-03,
          -1.5397508280031052e-03, 3.5874251734728667e-03,
          -2.5577747203586669e-03, 2.0324348216347455e-03,
          5.0772865904818339e-02 ]
   - !!opencv-matrix
      rows: 9
      cols: 9
      dt: d
      data: [ 4.8532127449532481e-01, 1.6175695506307039e-01,
          2.2369415968967712e-02, 3.2469105603503925e-02,
          2.2115506868883264e-02, 5.7196666583925852e-02,
          1.5073016982101277e-02, 5.7667531451265830e-03,
          5.9057142077588831e-02, 1.6175695506307039e-01,
          4.2239890074197672e-01, -1.1994226041809230e-02,
          9.1624453092806604e-02, 5.1375055004056792e-02,
          5.0920022355731585e-02, 4.3197838771815676e-02,
          1.2851300385611594e-02, 2.8847699782608274e-02,
          2.2369415968967712e-02, -1.1994226041809228e-02,
          4.1881471421344810e-02, -1.2255132515877910e-02,
          -3.0167947562053875e-03, 9.7458940857355850e-03,
          -6.6603193970790585e-03, 2.0789448277176356e-05,
          1.7742446211346390e-02, 3.2469105603503925e-02,
          9.1624453092806604e-02, -1.2255132515877910e-02,
          4.7435983042326206e-02, 1.2569571435960516e-02,
          9.0743528872815147e-03, 9.7431258399526353e-03,
          3.9324004477302001e-03, -1.3569925380436426e-03,
          2.2115506868883264e-02, 5.1375055004056792e-02,
          -3.0167947562053888e-03, 1.2569571435960516e-02,
          6.5053115734732048e-02, 6.2324753724855549e-03,
          8.8365579063365996e-03, -9.3280212172775187e-05,
          8.6275725434710425e-03, 5.7196666583925852e-02,
          5.0920022355731571e-02, 9.7458940857355850e-03,
          9.0743528872815147e-03, 6.2324753724855523e-03,
          5.7263713909785435e-02, 7.2159127877658466e-05,
          2.1545792790097582e-03, 3.2078089999783191e-02,
          1.5073016982101277e-02, 4.3197838771815676e-02,
          -6.6603193970790585e-03, 9.7431258399526387e-03,
          8.8365579063365996e-03, 7.2159127877658534e-05,
          2.8070873954943364e-02, -1.4415112132990140e-03,
          -5.8878487017412807e-03, 5.7667531451265804e-03,
          1.2851300385611598e-02, 2.0789448277176247e-05,
          3.9324004477301992e-03, -9.3280212172775620e-05,
          2.1545792790097582e-03, -1.4415112132990147e-03,
          6.6315792042499044e-02, 1.0289437339127939e-03,
          5.9057142077588831e-02, 2.8847699782608278e-02,
          1.7742446211346387e-02, -1.3569925380436426e-03,
          8.6275725434710460e-03, 3.2078089999783191e-02,
          -5.8878487017412807e-03, 1.0289437339127949e-03,
          1.0123474241762861e-01 ]
   - !!opencv-matrix
      rows: 9
      cols: 9
      dt: d
      data: [ 5.5037902934960081e-01, 1.7361204075961525e-01,
          2.0479341245182175e-02, 4.7485835008056705e-02,
          4.2464982315970810e-02, 1.2524735952352614e-01,
          2.7924192536957791e-02, 6.3298405098813921e-03,
          6.5447029365100339e-03, 1.7361204075961528e-01,
          1.8727610335276496e-01, -2.4569657627472114e-02,
          9.3519767558956121e-02, 5.9168749723148666e-02,
          1.2631280078744334e-01, 4.2677156430690345e-02,
          7.1110749417422009e-03, 6.5292517496307219e-03,
          2.0479341245182168e-02, -2.4569657627472114e-02,
          1.4674914499907871e-01, -1.1566934031821374e-01,
          -3.7678928872655761e-02, -1.2615224315563041e-02,
          -1.3271649423124946e-02, 3.4297946300832784e-03,
          1.3155486070060358e-02, 4.7485835008056705e-02,
          9.3519767558956149e-02, -1.1566934031821374e-01,
          1.4173160855304243e-01, 5.8524711547123048e-02,
          6.1671360337853372e-02, 2.8596721224381956e-02,
          6.1302009127405237e-04, -1.0447446978519973e-02,
          4.2464982315970810e-02, 5.9168749723148652e-02,
          -3.7678928872655774e-02, 5.8524711547123048e-02,
          9.0315794227942253e-02, 4.6262313480876546e-02,
          2.3857302288507545e-02, 3.5601217167396857e-03,
