%YAML:1.0
---
groups:
   - intact
   - CD19
   - blast
intactGmmnames:
   - "intact.735.0"
   - "intact.735.1"
   - "intact.735.2"
   - "intact.735.3"
   - "intact.735.4"
intactLabels:
   - FSC-A
   - SSC-A
   - SY41
   - CD19
   - CD10
   - CD20
   - CD45
   - CD34
   - CD38
intactMu: !!opencv-matrix
   rows: 5
   cols: 9
   dt: d
   data: [ 1.8121640925150144e+00, 1.3827338847796662e+00,
       2.2758789624641338e+00, 1.3174720878213566e+00,
       1.1945699634198697e+00, 1.2026563188474155e+00,
       1.9705838468003614e+00, 2.1355077449779256e+00,
       1.7728333049136407e+00, 5.0551497058313899e-01,
       3.5016221010609455e-01, 3.1503901816090782e+00,
       1.2267587999212912e+00, 9.3435729053948513e-01,
       9.5875487068295295e-01, 3.2768335796746646e+00,
       1.0834979941677989e+00, 1.8180016805630470e+00,
       4.4851053260930690e-01, 3.7626086727029184e-01,
       3.0545258814554863e+00, 1.0272105097394890e+00,
       9.8710270276719858e-01, 8.9454723521266699e-01,
       1.1318543263336613e+00, 1.0958933896436291e+00,
       1.7093702389656555e+00, 1.4640791610288320e+00,
       2.2268069895888418e+00, 2.9077665470583707e+00,
       1.6359985117972828e+00, 1.7086785823423518e+00,
       1.4166300277421173e+00, 2.6184444548568391e+00,
       1.4303006112358003e+00, 2.0095355603518352e+00,
       1.5188905483720352e+00, 6.6274131592822294e-01,
       2.6845733185227960e+00, 1.3302775362788462e+00,
       9.7024988439032889e-01, 1.0598972313847301e+00,
       3.6082575122707290e+00, 1.0856475839102520e+00,
       2.0013909195389177e+00 ]
intactSigma:
   - !!opencv-matrix
      rows: 9
      cols: 9
      dt: d
      data: [ 7.7098127364461044e-01, 3.2336949729338255e-01,
          9.0014366836459553e-02, 6.6452718657534493e-02,
          7.3945638700745150e-02, 1.0666671278947351e-01,
          1.5209887675459524e-01, 1.3751930651136957e-01,
          3.0649494632560354e-02, 3.2336949729338249e-01,
          6.0540383514590923e-01, 1.4920823738798367e-01,
          1.2565596427034581e-01, 1.1364909322745105e-01,
          1.6272393458413323e-01, 2.0836136541669062e-01,
          2.1863347657245075e-01, 5.5791271529321930e-02,
          9.0014366836459539e-02, 1.4920823738798367e-01,
          4.8401106843443703e-02, 3.3186026721718428e-02,
          3.1003888322896234e-02, 4.4409620370405266e-02,
          5.5500410783729796e-02, 6.0533940654815981e-02,
          1.4778733510427721e-02, 6.6452718657534507e-02,
          1.2565596427034581e-01, 3.3186026721718428e-02,
          4.6774964232597846e-02, 2.5565320408203321e-02,
          3.5271815433948292e-02, 4.1450264247291715e-02,
          4.6939400370154281e-02, 1.0209105924115449e-02,
          7.3945638700745150e-02, 1.1364909322745105e-01,
          3.1003888322896241e-02, 2.5565320408203321e-02,
          8.4416032772889588e-02, 2.7022594739590712e-02,
          4.4067526256692781e-02, 3.7977335347551239e-02,
          1.0063112892478866e-02, 1.0666671278947351e-01,
          1.6272393458413323e-01, 4.4409620370405266e-02,
          3.5271815433948292e-02, 2.7022594739590712e-02,
          9.7935867835173690e-02, 6.0438685751240569e-02,
          6.2678543571533102e-02, 1.5260458425184600e-02,
          1.5209887675459527e-01, 2.0836136541669062e-01,
          5.5500410783729796e-02, 4.1450264247291722e-02,
          4.4067526256692788e-02, 6.0438685751240562e-02,
          1.6251794114195320e-01, 8.6306064121933854e-02,
          1.9603608005463923e-02, 1.3751930651136957e-01,
          2.1863347657245075e-01, 6.0533940654815981e-02,
          4.6939400370154281e-02, 3.7977335347551239e-02,
          6.2678543571533102e-02, 8.6306064121933854e-02,
          1.5074498027074903e-01, 2.2113010387609884e-02,
          3.0649494632560354e-02, 5.5791271529321930e-02,
          1.4778733510427721e-02, 1.0209105924115449e-02,
          1.0063112892478866e-02, 1.5260458425184600e-02,
          1.9603608005463919e-02, 2.2113010387609884e-02,
          9.5982932368480784e-03 ]
   - !!opencv-matrix
      rows: 9
      cols: 9
      dt: d
      data: [ 8.1279346865985286e-02, 6.2918658225000600e-03,
          -2.6076285292213237e-02, -7.6773340820933279e-03,
          -1.6468107294007408e-03, 8.1300564091785332e-03,
          2.8712196904051981e-02, -2.7885242371228467e-03,
          -7.4386607721241534e-03, 6.2918658225000600e-03,
          2.4699078725404288e-02, -2.1133164262631975e-03,
          4.7984735323609298e-03, 1.0914335045656967e-02,
          1.3182522726981109e-02, 7.2514197790289892e-03,
          4.4399815900063207e-03, -2.0643286219008865e-03,
          -2.6076285292213237e-02, -2.1133164262631975e-03,
          1.7533685782531550e-02, 1.6165386002156997e-03,
          -1.6055140735314231e-04, -1.5641505568264962e-03,
          -1.0307460287600273e-02, 1.7644420058319449e-03,
          1.9761458024315066e-03, -7.6773340820933305e-03,
          4.7984735323609307e-03, 1.6165386002156992e-03,
          3.1918231855406244e-02, 4.1607099749495302e-03,
          3.8841848227496190e-03, -7.3529259328080753e-04,
          1.9422234551828574e-03, -7.3467740996359344e-04,
          -1.6468107294007402e-03, 1.0914335045656967e-02,
          -1.6055140735314255e-04, 4.1607099749495311e-03,
          6.3553360838651485e-02, -7.4069290677284360e-04,
          1.7058642381351965e-03, 3.6400890243060998e-04,
          -1.1652645331221945e-03, 8.1300564091785332e-03,
          1.3182522726981108e-02, -1.5641505568264958e-03,
          3.8841848227496190e-03, -7.4069290677284349e-04,
          6.8945270753289017e-02, 7.2452217121616999e-03,
          2.5098639116745477e-03, -3.3114639745606073e-03,
          2.8712196904051981e-02, 7.2514197790289892e-03,
          -1.0307460287600273e-02, -7.3529259328080742e-04,
          1.7058642381351970e-03, 7.2452217121616999e-03,
          2.5553893943240470e-02, -2.9568668917689840e-03,
          -2.9975155083882140e-03, -2.7885242371228480e-03,
          4.4399815900063163e-03, 1.7644420058319449e-03,
          1.9422234551828574e-03, 3.6400890243060987e-04,
          2.5098639116745468e-03, -2.9568668917689831e-03,
          9.9920710969112925e-02, 2.1230342222936907e-04,
          -7.4386607721241534e-03, -2.0643286219008878e-03,
          1.9761458024315066e-03, -7.3467740996359366e-04,
          -1.1652645331221938e-03, -3.3114639745606064e-03,
          -2.9975155083882140e-03, 2.1230342222936928e-04,
          1.3315718069241580e-02 ]
   - !!opencv-matrix
      rows: 9
      cols: 9
      dt: d
      data: [ 6.3921418337281710e-02, 1.9206741449337074e-02,
          -2.3687604678054818e-02, 5.4180574953323077e-03,
          9.4298677365489778e-03, 9.8209791472154712e-03,
          9.2528835121894332e-03, 6.1388989537876143e-04,
          2.4001024499535838e-03, 1.9206741449337074e-02,
          3.3801048680634035e-02, -2.2995735546040533e-03,
          6.5591863359683407e-03, 1.5268936668226072e-02,
          1.6234636966249098e-02, 8.8056642869740499e-03,
          5.1689090610136604e-03, 2.4087184254166874e-03,
          -2.3687604678054818e-02, -2.2995735546040529e-03,
          8.6474155334176961e-02, -9.6497014245597000e-03,
          -2.5148677559420135e-03, -1.8584536636907675e-04,
          -4.5573320131365820e-03, 3.4097162817058966e-03,
          1.4752653320097122e-03, 5.4180574953323086e-03,
          6.5591863359683407e-03, -9.6497014245596983e-03,
          1.6493597746528119e-02, 4.6611604014391000e-03,
          4.1620124326306879e-03, 2.3983629746997855e-03,
          1.7118485374350337e-03, -3.7937881038121524e-04,
          9.4298677365489761e-03, 1.5268936668226072e-02,
          -2.5148677559420139e-03, 4.6611604014391000e-03,
          7.3390953825001298e-02, 2.6921358368269081e-03,
          1.4746235724736391e-02, 1.3855429483682407e-03,
