%YAML:1.0
---
groups:
   - intact
   - CD19
intactGmmnames:
   - "intact.738.0"
   - "intact.738.1"
   - "intact.738.2"
   - "intact.738.3"
   - "intact.738.4"
intactLabels:
   - FSC-A
   - SSC-A
   - SY41
   - CD19
   - CD10
   - CD20
   - CD45
   - CD34
   - CD38
intactMu: !!opencv-matrix
   rows: 5
   cols: 9
   dt: d
   data: [ 4.2110459760810171e-01, 2.1254644872417838e-01,
       3.1676372935243973e+00, 7.4577131440092603e-01,
       8.6443116216084515e-01, 8.5115203361867919e-01,
       1.1252691411296132e+00, 1.0216579406780466e+00,
       1.3897908453144285e+00, 1.1457030641908974e+00,
       3.1315141288877923e-01, 2.8198963951223113e+00,
       1.1964365648946740e+00, 8.6696917923927308e-01,
       9.7645177430727903e-01, 3.5092594091727207e+00,
       1.0376093433121212e+00, 1.8039946368527711e+00,
       2.8545830849631963e+00, 3.4430110122100759e+00,
       2.7890457634130592e+00, 1.9022933578269623e+00,
       1.7539342678378553e+00, 1.4083985570588007e+00,
       2.8290038196008469e+00, 1.1138557689265043e+00,
       2.2023820808135524e+00, 3.7895986314784347e-01,
       2.2985424711322486e-01, 3.2015970935526776e+00,
       1.0506581131456652e+00, 8.1944081621635323e-01,
       9.0174084245828157e-01, 3.2562403756582632e+00,
       1.0340276310992840e+00, 1.7944972130920678e+00,
       1.6422358827230423e+00, 1.1767922720686816e+00,
       2.7248455082550338e+00, 1.3826982167875128e+00,
       1.2468084122697065e+00, 1.3260396773975802e+00,
       2.4217782768773342e+00, 1.3652700683517769e+00,
       2.1571960334349525e+00 ]
intactSigma:
   - !!opencv-matrix
      rows: 9
      cols: 9
      dt: d
      data: [ 8.1962285710055260e-02, 1.5891261260351047e-02,
          -4.3771993176966360e-02, 2.1811507540873121e-02,
          9.8672357020819761e-03, 1.3969522302603966e-02,
          7.1491363411736366e-03, 6.9594001835891327e-04,
          6.8935510895721023e-04, 1.5891261260351047e-02,
          1.1697574508254408e-02, -1.0667216210879476e-02,
          9.7291970108524077e-03, 7.1245699548580796e-03,
          1.0494035295632934e-02, 4.7191157130797587e-03,
          1.1519834012135872e-03, 1.6870061799386200e-03,
          -4.3771993176966346e-02, -1.0667216210879476e-02,
          1.4426565338116257e-01, -5.2506671701136050e-02,
          -1.2969252392072873e-02, -7.5146231755282194e-03,
          -7.1444329300874611e-03, 2.2428628307475016e-03,
          3.0157576145645026e-03, 2.1811507540873121e-02,
          9.7291970108524077e-03, -5.2506671701136043e-02,
          4.6348703517436689e-02, 1.0256819966405067e-02,
          9.6793247119658452e-03, 4.4709042970657847e-03,
          5.8180775940851041e-04, -3.6205422416581909e-03,
          9.8672357020819761e-03, 7.1245699548580805e-03,
          -1.2969252392072873e-02, 1.0256819966405071e-02,
          5.1238573634660320e-02, 2.6594225695111850e-03,
          8.8014359944691683e-03, 1.0004837231133142e-03,
          1.2337255166912163e-03, 1.3969522302603966e-02,
          1.0494035295632934e-02, -7.5146231755282185e-03,
          9.6793247119658435e-03, 2.6594225695111846e-03,
          7.0350726064923680e-02, 4.7838803003359834e-03,
          1.1937479854447124e-03, 2.0688602242706529e-03,
          7.1491363411736366e-03, 4.7191157130797587e-03,
          -7.1444329300874611e-03, 4.4709042970657847e-03,
          8.8014359944691718e-03, 4.7838803003359825e-03,
          5.3106576720179981e-02, -4.9219353979459805e-04,
          6.6687825771797628e-04, 6.9594001835891327e-04,
          1.1519834012135867e-03, 2.2428628307475020e-03,
          5.8180775940851041e-04, 1.0004837231133144e-03,
          1.1937479854447122e-03, -4.9219353979459773e-04,
          3.1247685914220148e-02, 6.2822724613116675e-04,
          6.8935510895720958e-04, 1.6870061799386200e-03,
          3.0157576145645021e-03, -3.6205422416581922e-03,
          1.2337255166912163e-03, 2.0688602242706529e-03,
          6.6687825771797650e-04, 6.2822724613116685e-04,
          7.4118439550891905e-03 ]
   - !!opencv-matrix
      rows: 9
      cols: 9
      dt: d
      data: [ 1.8538386124637302e-01, 7.2738333611562841e-03,
          -2.2044341349408234e-02, 3.8677285604688367e-03,
          2.5037892602505726e-03, 1.2131947888171186e-02,
          2.5462161848417424e-02, -1.2818604695590417e-03,
          -2.4832440354409558e-02, 7.2738333611562858e-03,
          8.2120664332834860e-03, -1.8037930537716615e-03,
          5.4157481092705290e-03, 3.4029065685190697e-03,
          5.5122158758921860e-03, 3.6403850558016202e-03,
          6.7619235318736352e-04, 2.1096714199092077e-03,
          -2.2044341349408234e-02, -1.8037930537716615e-03,
          1.8055279760734434e-02, -4.4307794186652840e-03,
          1.0604465637075267e-03, 3.5485411203097753e-03,
          -6.3897716634211078e-03, 7.1079543632281280e-04,
          -6.7682736774412880e-03, 3.8677285604688367e-03,
          5.4157481092705290e-03, -4.4307794186652840e-03,
          6.2965411024164031e-02, 1.3267926611952594e-03,
          1.9372171257578347e-03, 5.8768231594768005e-03,
          3.1855582421400296e-03, 3.9892454600939089e-03,
          2.5037892602505756e-03, 3.4029065685190702e-03,
          1.0604465637075267e-03, 1.3267926611952598e-03,
          5.4582141755287687e-02, -3.1973843660437345e-03,
          8.4819838036914974e-06, -4.7180112985714768e-03,
          -5.5190822245309527e-03, 1.2131947888171181e-02,
          5.5122158758921860e-03, 3.5485411203097753e-03,
          1.9372171257578338e-03, -3.1973843660437345e-03,
          7.4209736962669692e-02, -2.2973608729058739e-03,
          7.8661762349291971e-04, -2.7969947753153729e-02,
          2.5462161848417424e-02, 3.6403850558016210e-03,
          -6.3897716634211095e-03, 5.8768231594768013e-03,
          8.4819838036916364e-06, -2.2973608729058739e-03,
          1.4979426336274618e-02, -1.7480142629151994e-03,
          1.3086027488367232e-02, -1.2818604695590413e-03,
          6.7619235318736308e-04, 7.1079543632281291e-04,
          3.1855582421400300e-03, -4.7180112985714768e-03,
          7.8661762349291993e-04, -1.7480142629151985e-03,
          1.5104098064775090e-01, 4.6767157273677543e-03,
          -2.4832440354409565e-02, 2.1096714199092086e-03,
          -6.7682736774412862e-03, 3.9892454600939098e-03,
          -5.5190822245309518e-03, -2.7969947753153732e-02,
          1.3086027488367236e-02, 4.6767157273677517e-03,
          1.8174949353113534e-01 ]
   - !!opencv-matrix
      rows: 9
      cols: 9
      dt: d
      data: [ 7.8661196905846376e-01, 2.2373455843001477e-01,
          -7.8772541326056333e-03, 4.2121896491535110e-02,
          -6.1951957034359399e-02, 1.5694081190469309e-02,
          2.8620002559120110e-02, 7.6686604725666428e-03,
          -4.9694540532077100e-02, 2.2373455843001477e-01,
          5.3399746914852253e-01, -7.5855326323075956e-02,
          9.8292858365707378e-02, 1.9821893000625554e-01,
          -3.6465915397242289e-02, 7.3134091746884997e-02,
          -1.1138114536072188e-02, -2.3449323363433672e-01,
          -7.8772541326056367e-03, -7.5855326323075956e-02,
          6.4003339809661622e-02, -1.6754748693569542e-02,
          -5.1654389086516664e-02, 3.4835487954247159e-02,
          -1.3944661961549429e-02, 6.8130747018773181e-03,
          1.1305302290277941e-01, 4.2121896491535110e-02,
          9.8292858365707378e-02, -1.6754748693569542e-02,
          3.2729379533817438e-02, 3.7742338336008596e-02,
          -5.8252346291929550e-03, 1.4412428103650803e-02,
          -7.9179330332877871e-04, -5.0967707417913670e-02,
          -6.1951957034359399e-02, 1.9821893000625551e-01,
          -5.1654389086516643e-02, 3.7742338336008596e-02,
          3.4360518932088996e-01, -5.1724525758747510e-02,
          6.4708860220696385e-02, -5.4356715024012590e-03,
