%YAML:1.0
---
groups:
   - intact
   - CD19
intactGmmnames:
   - "intact.739.0"
   - "intact.739.1"
   - "intact.739.2"
   - "intact.739.3"
   - "intact.739.4"
intactLabels:
   - FSC-A
   - SSC-A
   - SY41
   - CD19
   - CD10
   - CD20
   - CD45
   - CD34
   - CD38
intactMu: !!opencv-matrix
   rows: 5
   cols: 9
   dt: d
   data: [ 7.1656814135043856e-01, 4.1654775043649783e-01,
       3.0468072302111286e+00, 1.0076470473117607e+00,
       9.4543798292246017e-01, 9.4573201211717539e-01,
       1.2485044585396035e+00, 1.0111557986139521e+00,
       1.4874266652384660e+00, 1.9551858343432362e+00,
       3.0475557359397420e+00, 2.7036267151215121e+00,
       1.6184027324523527e+00, 2.5581586528634608e+00,
       1.1886041826563114e+00, 3.0391887731129867e+00,
       1.0973291477720737e+00, 1.5826530021128808e+00,
       4.3256426342770460e-01, 2.2460895520360938e-01,
       3.1264015917428649e+00, 1.0925460805931946e+00,
       7.9483777454824756e-01, 8.5835216675003556e-01,
       3.3310440700404294e+00, 1.0124069795555299e+00,
       1.6278245951476364e+00, 1.9236693816887784e+00,
       1.8368330587733481e+00, 2.9675168078115415e+00,
       1.3697373340364569e+00, 1.2083988099986387e+00,
       1.2952439392567279e+00, 2.6279347123736878e+00,
       1.2027730541378860e+00, 2.2053509141243777e+00,
       1.1217379990387373e+00, 5.3807765596456325e-01,
       2.7495879734840285e+00, 1.2579581516092047e+00,
       8.7448422867971376e-01, 9.9723101601599473e-01,
       3.6302951298735762e+00, 1.0443601360890069e+00,
       2.1568758961603995e+00 ]
intactSigma:
   - !!opencv-matrix
      rows: 9
      cols: 9
      dt: d
      data: [ 1.3740489826144711e-01, 2.9488667166367527e-02,
          -3.7514301445282616e-02, 1.0973674542681980e-02,
          1.5094344313965885e-02, 1.8169736415034669e-02,
          3.1795778002780342e-02, 5.3388982204977918e-03,
          9.8337865592453694e-03, 2.9488667166367527e-02,
          4.4228955045525133e-02, 1.3488840212630858e-03,
          1.0783640151362657e-02, 2.5843404276686816e-02,
          2.7398193284287047e-02, 3.6758826887827299e-02,
          2.3097622271888072e-03, 1.6987039676786775e-02,
          -3.7514301445282616e-02, 1.3488840212630855e-03,
          1.5796968783090393e-01, -2.1640823749485037e-02,
          -3.8413488501398588e-03, 8.8413593960418157e-03,
          -3.0998502357433486e-02, -6.4160664667631479e-03,
          1.3374474330845856e-03, 1.0973674542681978e-02,
          1.0783640151362657e-02, -2.1640823749485037e-02,
          1.2949820404272437e-02, 8.3870433085465844e-03,
          6.1940073590424152e-03, 1.2219355766999965e-02,
          1.4121263183719793e-03, 2.5710717659779372e-03,
          1.5094344313965884e-02, 2.5843404276686816e-02,
          -3.8413488501398570e-03, 8.3870433085465844e-03,
          8.6198201403016539e-02, 1.1468787320862059e-02,
          3.5163453502456629e-02, 7.0932852250473605e-04,
          1.4437750409295005e-02, 1.8169736415034672e-02,
          2.7398193284287047e-02, 8.8413593960418209e-03,
          6.1940073590424144e-03, 1.1468787320862059e-02,
          7.2382405309989711e-02, 1.9805988837946157e-02,
          1.1111433223625004e-03, 1.0212347365189516e-02,
          3.1795778002780342e-02, 3.6758826887827299e-02,
          -3.0998502357433486e-02, 1.2219355766999965e-02,
          3.5163453502456629e-02, 1.9805988837946160e-02,
          2.0744687292124794e-01, 3.8243473569782699e-03,
          2.7399459913270634e-02, 5.3388982204977909e-03,
          2.3097622271888081e-03, -6.4160664667631479e-03,
          1.4121263183719790e-03, 7.0932852250473540e-04,
          1.1111433223625010e-03, 3.8243473569782712e-03,
          3.1415315530551539e-02, 1.3923998681849477e-03,
          9.8337865592453694e-03, 1.6987039676786775e-02,
          1.3374474330845867e-03, 2.5710717659779372e-03,
          1.4437750409295005e-02, 1.0212347365189512e-02,
          2.7399459913270641e-02, 1.3923998681849477e-03,
          2.0926738922370854e-02 ]
   - !!opencv-matrix
      rows: 9
      cols: 9
      dt: d
      data: [ 6.6708789450533157e-01, 2.5822636002292998e-01,
          -3.3342636203377997e-02, 4.9900465904659803e-02,
          2.2274150229754111e-02, 4.8865408380291790e-02,
          4.0623304606210449e-02, 7.5108578734446535e-03,
          1.3369663074206898e-02, 2.5822636002292998e-01,
          4.1990129089936618e-01, -1.4741549821561018e-02,
          7.4155000396135456e-02, 2.6661774581498262e-02,
          5.0221640996366071e-02, 2.8227099133333395e-02,
          1.4254980607265114e-02, 1.5655670969504147e-02,
          -3.3342636203377997e-02, -1.4741549821561018e-02,
          4.6340844970071883e-02, -6.2241861358921600e-03,
          -6.8237354597808402e-03, 3.6810004986328966e-04,
          -1.1270991985987196e-02, 1.3866654521030484e-03,
          -6.9465595743624321e-04, 4.9900465904659803e-02,
          7.4155000396135456e-02, -6.2241861358921608e-03,
          3.0238757225438576e-02, 9.1360287940961283e-03,
          1.0495015126155340e-02, 7.4858736608533951e-03,
          4.2161564188705593e-03, -6.0462315257541811e-04,
          2.2274150229754104e-02, 2.6661774581498258e-02,
          -6.8237354597808350e-03, 9.1360287940961283e-03,
          1.0814460982175932e-01, 1.4557621622539081e-02,
          3.2114681274567167e-02, 2.6510488339457142e-03,
          5.3426764856412542e-04, 4.8865408380291790e-02,
          5.0221640996366064e-02, 3.6810004986328934e-04,
          1.0495015126155341e-02, 1.4557621622539086e-02,
          6.1263995211458845e-02, 1.0293246184751326e-02,
          5.2542393638440659e-03, 3.4231332897169506e-03,
          4.0623304606210442e-02, 2.8227099133333395e-02,
          -1.1270991985987196e-02, 7.4858736608533925e-03,
          3.2114681274567160e-02, 1.0293246184751328e-02,
          3.7388176387463876e-02, -8.3199456119989695e-04,
          1.2622212812912622e-03, 7.5108578734446518e-03,
          1.4254980607265114e-02, 1.3866654521030477e-03,
          4.2161564188705593e-03, 2.6510488339457142e-03,
          5.2542393638440677e-03, -8.3199456119989739e-04,
          1.0142995044777643e-01, 2.5739400778633280e-03,
          1.3369663074206894e-02, 1.5655670969504144e-02,
          -6.9465595743624321e-04, -6.0462315257541757e-04,
          5.3426764856412531e-04, 3.4231332897169506e-03,
          1.2622212812912611e-03, 2.5739400778633276e-03,
          3.5573983515282598e-02 ]
   - !!opencv-matrix
      rows: 9
      cols: 9
      dt: d
      data: [ 3.9359560639152726e-02, 3.3575590095779929e-03,
          -1.3873164383898602e-02, 2.7398036865476498e-03,
          1.5318847638657383e-03, 2.9757782694402515e-03,
          1.7145498259072123e-02, -2.8301154587001277e-04,
          -1.4197659086158069e-03, 3.3575590095779933e-03,
          4.0241149379599255e-03, -1.2037868632525667e-03,
          1.7549230434803365e-03, 1.7931064725763353e-03,
          4.0602125358690233e-03, 3.4888656895569578e-03,
          4.3327260647421184e-04, -1.1917763576317505e-03,
          -1.3873164383898602e-02, -1.2037868632525670e-03,
          1.1774005993128535e-02, -1.8927305679680773e-03,
          -8.6916155203013224e-04, 3.3611710951846676e-04,
          -6.2145116016833479e-03, 7.1081318595951886e-04,
          9.8093620632086769e-04, 2.7398036865476502e-03,
          1.7549230434803363e-03, -1.8927305679680778e-03,
          1.7543229236489107e-02, 8.7238352502543471e-04,
          1.8915595257084652e-03, 2.1753704673087080e-03,
          1.5243129174367944e-03, -2.5723812563390445e-03,
          1.5318847638657390e-03, 1.7931064725763353e-03,
          -8.6916155203013224e-04, 8.7238352502543471e-04,
          4.6188740873986507e-02, -5.5934613788726608e-03,
          1.8398239365785894e-03, -4.4060380212306996e-03,
