%YAML:1.0
---
groups:
   - intact
   - CD19
intactGmmnames:
   - "intact.740.0"
   - "intact.740.1"
   - "intact.740.2"
   - "intact.740.3"
   - "intact.740.4"
intactLabels:
   - FSC-A
   - SSC-A
   - SY41
   - CD19
   - CD10
   - CD20
   - CD45
   - CD34
   - CD38
intactMu: !!opencv-matrix
   rows: 5
   cols: 9
   dt: d
   data: [ 3.0365528561768298e+00, 2.0593356253296737e+00,
       2.7548823400892193e+00, 1.4674408037024531e+00,
       1.1617329438945017e+00, 1.2841421808730238e+00,
       2.5860560497585467e+00, 1.0143577304105766e+00,
       2.0507989587823694e+00, 1.1980923897269737e+00,
       3.6422324533749323e-01, 2.7093315342014792e+00,
       1.1568413225793306e+00, 8.9731275166084101e-01,
       9.4884955803103155e-01, 3.3751142130206340e+00,
       9.6617167253867708e-01, 1.5731898562237510e+00,
       2.2409222818767769e+00, 1.2471718519957928e+00,
       2.4960023876882627e+00, 1.3585917130540444e+00,
       1.1317208876294291e+00, 1.1311713159037275e+00,
       2.9465066909442972e+00, 1.2677260992480637e+00,
       2.2323401458899421e+00, 6.8129546395268759e-01,
       2.8295426809848584e-01, 2.9188356668153679e+00,
       9.5500151072574380e-01, 9.7153260283821041e-01,
       8.4928039860439763e-01, 1.2596618845799936e+00,
       1.0184066262948535e+00, 1.4142535085293100e+00,
       3.1440329765674915e+00, 2.7703793835978248e+00,
       2.6608790150267869e+00, 1.6166947122371946e+00,
       1.8266622638691885e+00, 1.1226821391727597e+00,
       2.9260480687071673e+00, 1.0265935165006124e+00,
       1.5068911009541281e+00 ]
intactSigma:
   - !!opencv-matrix
      rows: 9
      cols: 9
      dt: d
      data: [ 8.8913457397387774e-01, 2.4400305683850265e-01,
          -1.5564254875969350e-02, 5.6229929973105226e-02,
          2.4360627279105050e-03, 1.0937143298263808e-02,
          5.9608925939923757e-02, 9.7461980199848083e-03,
          -1.0037220895146715e-01, 2.4400305683850265e-01,
          3.4588181323250200e-01, 6.4696877205308780e-03,
          8.1019726760468910e-02, 5.6257632050475549e-02,
          6.6279560513703484e-02, 4.8508885556892645e-02,
          1.3909756798068608e-02, 5.5431324893454065e-02,
          -1.5564254875969350e-02, 6.4696877205308763e-03,
          1.9890047129523820e-02, 1.3252292993621208e-03,
          6.9441966491872783e-03, 6.6250970729001182e-03,
          -6.7289572858758324e-03, 1.4724727724099932e-03,
          1.3760534730111083e-05, 5.6229929973105226e-02,
          8.1019726760468910e-02, 1.3252292993621208e-03,
          4.0913409820308798e-02, 1.5052888452673835e-02,
          1.7243075597046111e-02, 1.0461622035021699e-02,
          4.5252686067237344e-03, 1.5902803049525783e-02,
          2.4360627279105028e-03, 5.6257632050475549e-02,
          6.9441966491872783e-03, 1.5052888452673835e-02,
          7.1717412954807158e-02, 2.0512916610842376e-02,
          7.5543348217902264e-03, 1.9895767483569522e-03,
          4.1895269903775394e-02, 1.0937143298263808e-02,
          6.6279560513703484e-02, 6.6250970729001182e-03,
          1.7243075597046111e-02, 2.0512916610842376e-02,
          6.3441885372354845e-02, 1.0510127033715832e-02,
          6.1265976314755916e-03, 5.6146096707091503e-02,
          5.9608925939923757e-02, 4.8508885556892645e-02,
          -6.7289572858758324e-03, 1.0461622035021699e-02,
          7.5543348217902264e-03, 1.0510127033715835e-02,
          5.0614654185123585e-02, -2.4338062265800006e-03,
          2.1065317197184970e-02, 9.7461980199848135e-03,
          1.3909756798068608e-02, 1.4724727724099932e-03,
          4.5252686067237344e-03, 1.9895767483569518e-03,
          6.1265976314755916e-03, -2.4338062265799997e-03,
          6.1060029240072311e-02, 6.6359393469278029e-03,
          -1.0037220895146713e-01, 5.5431324893454058e-02,
          1.3760534730111067e-05, 1.5902803049525783e-02,
          4.1895269903775394e-02, 5.6146096707091503e-02,
          2.1065317197184970e-02, 6.6359393469278046e-03,
          2.0013450854107834e-01 ]
   - !!opencv-matrix
      rows: 9
      cols: 9
      dt: d
      data: [ 6.1739518082346345e-01, 6.1648508112892138e-02,
          -1.5808855567706598e-01, 2.9541850649164009e-02,
          -1.7464925258225752e-03, 5.3673200961461484e-02,
          1.1241705303359918e-01, -4.4821063825106694e-03,
          -1.2611123854763814e-02, 6.1648508112892138e-02,
          1.7823549104289071e-02, -1.8713473560171393e-02,
          9.5624964525814343e-03, 3.2653537184542552e-03,
          1.4127031963512412e-02, 2.0028135318558311e-02,
          -4.1678182967557197e-04, -1.6030798434561711e-03,
          -1.5808855567706595e-01, -1.8713473560171393e-02,
          6.9834348448308187e-02, -1.0673816837219140e-02,
          4.1596277044789517e-03, -1.1264094043002045e-02,
          -3.5393424379177911e-02, 2.7310560439464796e-03,
          3.0202545546566518e-03, 2.9541850649164009e-02,
          9.5624964525814343e-03, -1.0673816837219137e-02,
          3.8035648540872130e-02, 1.7241610717103812e-03,
          8.0570268771788106e-03, 1.1870880300050282e-02,
          1.3904608839060159e-03, -2.8588055179358542e-03,
          -1.7464925258225748e-03, 3.2653537184542561e-03,
          4.1596277044789517e-03, 1.7241610717103817e-03,
          6.4209938850368284e-02, -2.3227404612580190e-03,
          -6.7837051645356543e-04, -4.6823179569231528e-03,
          -1.2418819537588870e-03, 5.3673200961461498e-02,
          1.4127031963512412e-02, -1.1264094043002045e-02,
          8.0570268771788089e-03, -2.3227404612580194e-03,
          7.0124953213116598e-02, 1.6006027844649048e-02,
          1.5574999383373867e-03, -4.1136008559545688e-03,
          1.1241705303359918e-01, 2.0028135318558311e-02,
          -3.5393424379177911e-02, 1.1870880300050282e-02,
          -6.7837051645356500e-04, 1.6006027844649044e-02,
          4.6762316888690307e-02, -4.6787929974662140e-03,
          -2.6910547226567487e-03, -4.4821063825106694e-03,
          -4.1678182967557224e-04, 2.7310560439464792e-03,
          1.3904608839060164e-03, -4.6823179569231510e-03,
          1.5574999383373860e-03, -4.6787929974662157e-03,
          1.3171567831187209e-01, 1.7469613986375704e-03,
          -1.2611123854763812e-02, -1.6030798434561713e-03,
          3.0202545546566526e-03, -2.8588055179358533e-03,
          -1.2418819537588863e-03, -4.1136008559545696e-03,
          -2.6910547226567478e-03, 1.7469613986375704e-03,
          4.5335827598365859e-02 ]
   - !!opencv-matrix
      rows: 9
      cols: 9
      dt: d
      data: [ 1.0626618922180127e+00, 2.3164945987735025e-01,
          -1.0292922283900302e-01, 7.9385339367575747e-02,
          2.7337178365545719e-02, 4.2751746086287748e-02,
          2.6860916681390778e-01, -4.0061599334815838e-02,
          4.1124274391133919e-02, 2.3164945987735019e-01,
          3.0642292900641133e-01, -1.4639522868715667e-02,
          7.6032871171099803e-02, 6.1237779106791033e-02,
          4.8864037890677038e-02, 6.6610466214693562e-02,
          -3.5362473556050211e-02, -1.6837196702881398e-02,
          -1.0292922283900305e-01, -1.4639522868715671e-02,
          1.0668696360720915e-01, -1.3584779486328571e-02,
          1.1246346307516652e-02, 1.5456573860085547e-02,
          -5.9217179686790161e-02, 3.3550988944522103e-02,
          3.1157988381342381e-03, 7.9385339367575747e-02,
          7.6032871171099803e-02, -1.3584779486328571e-02,
          6.3631928672409604e-02, 2.4134593125392432e-02,
          2.7731141579271711e-02, 5.0908928418999730e-02,
          -1.6024070610968947e-02, -5.0852021115338156e-03,
          2.7337178365545719e-02, 6.1237779106791033e-02,
          1.1246346307516652e-02, 2.4134593125392428e-02,
          1.3246850235127444e-01, 3.6681779293485567e-02,
          -2.1880110262423376e-02, -7.2951416425902065e-03,
