%YAML:1.0
---
groups:
   - intact
   - CD19
   - blast
intactGmmnames:
   - "intact.740.0"
   - "intact.740.1"
   - "intact.740.2"
   - "intact.740.3"
   - "intact.740.4"
intactLabels:
   - FSC-A
   - SSC-A
   - SY41
   - CD19
   - CD10
   - CD20
   - CD45
   - CD34
   - CD38
intactMu: !!opencv-matrix
   rows: 5
   cols: 9
   dt: d
   data: [ 1.8897350079697959e+00, 2.4311013565159163e+00,
       3.2631824960105407e+00, 1.3397667107015165e+00,
       1.5293303614631764e+00, 1.3302735230962752e+00,
       2.8012208425684513e+00, 1.2639921392443838e+00,
       1.9212940372021874e+00, 7.1830769918454052e-01,
       3.2230808061908717e-01, 3.6278533434491020e+00,
       8.6764386373361091e-01, 7.8936089192256531e-01,
       9.8728693976338788e-01, 3.4599438854834688e+00,
       1.1201837954807969e+00, 1.7340202380059990e+00,
       6.0507584076229026e-01, 5.1111109700174906e-01,
       3.2495357124511117e+00, 9.0168371531141911e-01,
       9.6635862389664751e-01, 9.7319859264784891e-01,
       1.6318685842428378e+00, 1.1024570556033721e+00,
       1.6444350272767094e+00, 1.4802079744681302e+00,
       3.4672977372892304e+00, 3.1797371891988813e+00,
       1.5192745835371058e+00, 2.5319895678059825e+00,
       1.1462303950365171e+00, 3.1668809403766662e+00,
       1.1374416988889933e+00, 1.6462220704593609e+00,
       1.2508062999955700e+00, 6.5867120944722313e-01,
       3.1620015934209271e+00, 1.1495090704842317e+00,
       8.8341408520950593e-01, 1.0411310042465747e+00,
       3.7485847854438363e+00, 1.1822767923880826e+00,
       2.1985119192305786e+00 ]
intactSigma:
   - !!opencv-matrix
      rows: 9
      cols: 9
      dt: d
      data: [ 1.0969948290682656e+00, 6.5005180587142752e-01,
          7.9324210820292083e-03, 1.0154599845047471e-01,
          5.8403106220351754e-02, 1.5991778880681460e-02,
          1.8509740062935476e-01, -4.3603183186580907e-02,
          -1.2975115723150478e-02, 6.5005180587142741e-01,
          1.4089503941277461e+00, 2.5067206140541403e-02,
          1.9528969662314552e-01, 2.1501225428340678e-01,
          -6.2711475590376098e-02, 1.2221979640003229e-01,
          -1.2509538389554206e-01, -1.2475995567689638e-01,
          7.9324210820292083e-03, 2.5067206140541403e-02,
          2.5477547084919744e-01, -7.9443142830068467e-02,
          -1.0472321172183456e-02, 3.9094623060014551e-02,
          4.5874262287049931e-02, 1.1348974464318594e-02,
          6.1429364803573451e-02, 1.0154599845047470e-01,
          1.9528969662314552e-01, -7.9443142830068467e-02,
          1.4298462092625341e-01, 4.1543573757321525e-02,
          5.8011606241608123e-02, 5.0962866645541602e-02,
          -2.3548902614161635e-02, -4.0392638520420750e-02,
          5.8403106220351754e-02, 2.1501225428340684e-01,
          -1.0472321172183456e-02, 4.1543573757321525e-02,
          3.1599080870208829e-01, 7.0574997754842472e-03,
          7.9074703825991396e-03, -3.5687301038440165e-02,
          -7.0771805437313512e-02, 1.5991778880681460e-02,
          -6.2711475590376098e-02, 3.9094623060014551e-02,
          5.8011606241608109e-02, 7.0574997754842411e-03,
          2.1879548683365807e-01, 7.5952386596405810e-02,
          1.6862111002757613e-02, 4.6023842469480027e-02,
          1.8509740062935476e-01, 1.2221979640003229e-01,
          4.5874262287049931e-02, 5.0962866645541602e-02,
          7.9074703825991362e-03, 7.5952386596405810e-02,
          3.0209053093864918e-01, 5.6180770609233653e-03,
          7.4882852832745900e-02, -4.3603183186580914e-02,
          -1.2509538389554209e-01, 1.1348974464318599e-02,
          -2.3548902614161635e-02, -3.5687301038440165e-02,
          1.6862111002757609e-02, 5.6180770609233679e-03,
          2.0791790812814961e-01, 9.5771212491913948e-02,
          -1.2975115723150478e-02, -1.2475995567689638e-01,
          6.1429364803573451e-02, -4.0392638520420750e-02,
          -7.0771805437313512e-02, 4.6023842469480034e-02,
          7.4882852832745900e-02, 9.5771212491913948e-02,
          2.8116513629952783e-01 ]
   - !!opencv-matrix
      rows: 9
      cols: 9
      dt: d
      data: [ 1.0852630249412554e-01, 1.1527012957984611e-02,
          -3.0679197412920783e-02, 2.5801983615401314e-02,
          1.1376288828103279e-02, 1.7951897666640543e-02,
          3.3694898333250657e-02, -2.2117716091437853e-03,
          -3.2729426038741885e-03, 1.1527012957984613e-02,
          7.1906477842398021e-03, -4.7921522524939668e-03,
          5.2009941714835483e-03, 3.4135197360499361e-03,
          7.2005683988001440e-03, 6.6718147958913232e-03,
          7.7581455473680217e-04, -3.5157473664391538e-03,
          -3.0679197412920783e-02, -4.7921522524939676e-03,
          3.7897185595055650e-02, -2.5943352383645413e-02,
          -1.0774644263752454e-02, -4.8309771019050115e-03,
          -1.3489671623849399e-02, 1.7889736425849233e-03,
          4.2589754130941916e-03, 2.5801983615401314e-02,
          5.2009941714835483e-03, -2.5943352383645420e-02,
          3.7027329402857273e-02, 8.5057188376369188e-03,
          5.5559205422678311e-03, 1.1672977956366464e-02,
          4.5096888646861260e-04, -5.8366103672099039e-03,
          1.1376288828103279e-02, 3.4135197360499361e-03,
          -1.0774644263752454e-02, 8.5057188376369188e-03,
          4.0514570918896660e-02, -4.1700610363976862e-03,
          5.8452877855438385e-03, -5.0130470231365565e-03,
          -3.5103071380249333e-03, 1.7951897666640543e-02,
          7.2005683988001440e-03, -4.8309771019050115e-03,
          5.5559205422678311e-03, -4.1700610363976844e-03,
          8.0868545059897948e-02, 7.8697014437040993e-03,
          9.2051172906966656e-04, -8.5932619378557337e-03,
          3.3694898333250657e-02, 6.6718147958913232e-03,
          -1.3489671623849401e-02, 1.1672977956366464e-02,
          5.8452877855438385e-03, 7.8697014437040975e-03,
          2.1794242590367739e-02, -1.9173932394875961e-03,
          -5.2157218534339212e-03, -2.2117716091437853e-03,
          7.7581455473680239e-04, 1.7889736425849238e-03,
          4.5096888646861281e-04, -5.0130470231365583e-03,
          9.2051172906966634e-04, -1.9173932394875969e-03,
          1.2038905176556819e-01, 1.0487838983051232e-03,
          -3.2729426038741898e-03, -3.5157473664391542e-03,
          4.2589754130941916e-03, -5.8366103672099047e-03,
          -3.5103071380249338e-03, -8.5932619378557354e-03,
          -5.2157218534339212e-03, 1.0487838983051232e-03,
          6.0964550387145836e-02 ]
   - !!opencv-matrix
      rows: 9
      cols: 9
      dt: d
      data: [ 8.4477771085468958e-02, 2.1146087890126692e-02,
          -7.3183705798975401e-02, 2.3262684786123002e-02,
          7.8954369925363591e-03, 9.2422294721940090e-03,
          2.9592256324774090e-02, 1.3398476207761415e-02,
          -8.1766373754313935e-04, 2.1146087890126692e-02,
          3.5550991367699299e-02, 6.3176313101364085e-03,
          3.0477498197267359e-03, 1.2237348881829901e-02,
          2.4473859634042434e-02, 3.1407646037682688e-02,
          5.7678910945701311e-03, 1.3204615374216175e-02,
          -7.3183705798975401e-02, 6.3176313101364085e-03,
          3.0124398797564755e-01, -1.0597074287298512e-01,
          -2.4143430166258893e-02, 1.8157880841272827e-02,
          -1.8889582718673064e-02, -1.9455108674096014e-02,
          3.7445214679873065e-02, 2.3262684786123002e-02,
          3.0477498197267372e-03, -1.0597074287298512e-01,
          5.4817412220522665e-02, 1.7962371313336854e-02,
          1.9303919815356031e-03, 9.8039899914406752e-03,
          5.1433851712223326e-03, -1.3706158159567862e-02,
          7.8954369925363591e-03, 1.2237348881829901e-02,
          -2.4143430166258893e-02, 1.7962371313336858e-02,
          7.0068360205870248e-02, 5.9453111233933077e-03,
