%YAML:1.0
---
groups:
   - intact
   - CD19
   - blast
intactGmmnames:
   - "intact.740.0"
   - "intact.740.1"
   - "intact.740.2"
   - "intact.740.3"
   - "intact.740.4"
intactLabels:
   - FSC-A
   - SSC-A
   - SY41
   - CD19
   - CD10
   - CD20
   - CD45
   - CD34
   - CD38
intactMu: !!opencv-matrix
   rows: 5
   cols: 9
   dt: d
   data: [ 1.8897350079697959e+00, 2.4311013565159163e+00,
       3.2631824960105407e+00, 1.3397667107015165e+00,
       1.5293303614631764e+00, 1.3302735230962752e+00,
       2.8012208425684513e+00, 1.2639921392443838e+00,
       1.9212940372021874e+00, 7.1830769918454052e-01,
       3.2230808061908717e-01, 3.6278533434491020e+00,
       8.6764386373361091e-01, 7.8936089192256531e-01,
       9.8728693976338788e-01, 3.4599438854834688e+00,
       1.1201837954807969e+00, 1.7340202380059990e+00,
       6.0507584076229026e-01, 5.1111109700174906e-01,
       3.2495357124511117e+00, 9.0168371531141911e-01,
       9.6635862389664751e-01, 9.7319859264784891e-01,
       1.6318685842428378e+00, 1.1024570556033721e+00,
       1.6444350272767094e+00, 1.4802079744681302e+00,
       3.4672977372892304e+00, 3.1797371891988813e+00,
       1.5192745835371058e+00, 2.5319895678059825e+00,
       1.1462303950365171e+00, 3.1668809403766662e+00,
       1.1374416988889933e+00, 1.6462220704593609e+00,
       1.2508062999955700e+00, 6.5867120944722313e-01,
       3.1620015934209271e+00, 1.1495090704842317e+00,
       8.8341408520950593e-01, 1.0411310042465747e+00,
       3.7485847854438363e+00, 1.1822767923880826e+00,
       2.1985119192305786e+00 ]
intactSigma:
   - !!opencv-matrix
      rows: 9
      cols: 9
      dt: d
      data: [ 1.0969948290682656e+00, 6.5005180587142752e-01,
          7.9324210820292083e-03, 1.0154599845047471e-01,
          5.8403106220351754e-02, 1.5991778880681460e-02,
          1.8509740062935476e-01, -4.3603183186580907e-02,
          -1.2975115723150478e-02, 6.5005180587142741e-01,
          1.4089503941277461e+00, 2.5067206140541403e-02,
          1.9528969662314552e-01, 2.1501225428340678e-01,
          -6.2711475590376098e-02, 1.2221979640003229e-01,
          -1.2509538389554206e-01, -1.2475995567689638e-01,
          7.9324210820292083e-03, 2.5067206140541403e-02,
          2.5477547084919744e-01, -7.9443142830068467e-02,
          -1.0472321172183456e-02, 3.9094623060014551e-02,
          4.5874262287049931e-02, 1.1348974464318594e-02,
          6.1429364803573451e-02, 1.0154599845047470e-01,
          1.9528969662314552e-01, -7.9443142830068467e-02,
          1.4298462092625341e-01, 4.1543573757321525e-02,
          5.8011606241608123e-02, 5.0962866645541602e-02,
          -2.3548902614161635e-02, -4.0392638520420750e-02,
          5.8403106220351754e-02, 2.1501225428340684e-01,
          -1.0472321172183456e-02, 4.1543573757321525e-02,
          3.1599080870208829e-01, 7.0574997754842472e-03,
          7.9074703825991396e-03, -3.5687301038440165e-02,
          -7.0771805437313512e-02, 1.5991778880681460e-02,
          -6.2711475590376098e-02, 3.9094623060014551e-02,
          5.8011606241608109e-02, 7.0574997754842411e-03,
          2.1879548683365807e-01, 7.5952386596405810e-02,
          1.6862111002757613e-02, 4.6023842469480027e-02,
          1.8509740062935476e-01, 1.2221979640003229e-01,
          4.5874262287049931e-02, 5.0962866645541602e-02,
          7.9074703825991362e-03, 7.5952386596405810e-02,
          3.0209053093864918e-01, 5.6180770609233653e-03,
          7.4882852832745900e-02, -4.3603183186580914e-02,
          -1.2509538389554209e-01, 1.1348974464318599e-02,
          -2.3548902614161635e-02, -3.5687301038440165e-02,
          1.6862111002757609e-02, 5.6180770609233679e-03,
          2.0791790812814961e-01, 9.5771212491913948e-02,
          -1.2975115723150478e-02, -1.2475995567689638e-01,
          6.1429364803573451e-02, -4.0392638520420750e-02,
          -7.0771805437313512e-02, 4.6023842469480034e-02,
          7.4882852832745900e-02, 9.5771212491913948e-02,
          2.8116513629952783e-01 ]
   - !!opencv-matrix
      rows: 9
      cols: 9
      dt: d
      data: [ 1.0852630249412554e-01, 1.1527012957984611e-02,
          -3.0679197412920783e-02, 2.5801983615401314e-02,
          1.1376288828103279e-02, 1.7951897666640543e-02,
          3.3694898333250657e-02, -2.2117716091437853e-03,
          -3.2729426038741885e-03, 1.1527012957984613e-02,
          7.1906477842398021e-03, -4.7921522524939668e-03,
          5.2009941714835483e-03, 3.4135197360499361e-03,
          7.2005683988001440e-03, 6.6718147958913232e-03,
          7.7581455473680217e-04, -3.5157473664391538e-03,
          -3.0679197412920783e-02, -4.7921522524939676e-03,
          3.7897185595055650e-02, -2.5943352383645413e-02,
          -1.0774644263752454e-02, -4.8309771019050115e-03,
          -1.3489671623849399e-02, 1.7889736425849233e-03,
          4.2589754130941916e-03, 2.5801983615401314e-02,
          5.2009941714835483e-03, -2.5943352383645420e-02,
          3.7027329402857273e-02, 8.5057188376369188e-03,
          5.5559205422678311e-03, 1.1672977956366464e-02,
          4.5096888646861260e-04, -5.8366103672099039e-03,
          1.1376288828103279e-02, 3.4135197360499361e-03,
          -1.0774644263752454e-02, 8.5057188376369188e-03,
          4.0514570918896660e-02, -4.1700610363976862e-03,
          5.8452877855438385e-03, -5.0130470231365565e-03,
          -3.5103071380249333e-03, 1.7951897666640543e-02,
          7.2005683988001440e-03, -4.8309771019050115e-03,
          5.5559205422678311e-03, -4.1700610363976844e-03,
          8.0868545059897948e-02, 7.8697014437040993e-03,
          9.2051172906966656e-04, -8.5932619378557337e-03,
          3.3694898333250657e-02, 6.6718147958913232e-03,
          -1.3489671623849401e-02, 1.1672977956366464e-02,
          5.8452877855438385e-03, 7.8697014437040975e-03,
          2.1794242590367739e-02, -1.9173932394875961e-03,
          -5.2157218534339212e-03, -2.2117716091437853e-03,
          7.7581455473680239e-04, 1.7889736425849238e-03,
          4.5096888646861281e-04, -5.0130470231365583e-03,
          9.2051172906966634e-04, -1.9173932394875969e-03,
          1.2038905176556819e-01, 1.0487838983051232e-03,
          -3.2729426038741898e-03, -3.5157473664391542e-03,
          4.2589754130941916e-03, -5.8366103672099047e-03,
          -3.5103071380249338e-03, -8.5932619378557354e-03,
          -5.2157218534339212e-03, 1.0487838983051232e-03,
          6.0964550387145836e-02 ]
   - !!opencv-matrix
      rows: 9
      cols: 9
      dt: d
      data: [ 8.4477771085468958e-02, 2.1146087890126692e-02,
          -7.3183705798975401e-02, 2.3262684786123002e-02,
          7.8954369925363591e-03, 9.2422294721940090e-03,
          2.9592256324774090e-02, 1.3398476207761415e-02,
          -8.1766373754313935e-04, 2.1146087890126692e-02,
          3.5550991367699299e-02, 6.3176313101364085e-03,
          3.0477498197267359e-03, 1.2237348881829901e-02,
          2.4473859634042434e-02, 3.1407646037682688e-02,
          5.7678910945701311e-03, 1.3204615374216175e-02,
          -7.3183705798975401e-02, 6.3176313101364085e-03,
          3.0124398797564755e-01, -1.0597074287298512e-01,
          -2.4143430166258893e-02, 1.8157880841272827e-02,
          -1.8889582718673064e-02, -1.9455108674096014e-02,
          3.7445214679873065e-02, 2.3262684786123002e-02,
          3.0477498197267372e-03, -1.0597074287298512e-01,
          5.4817412220522665e-02, 1.7962371313336854e-02,
          1.9303919815356031e-03, 9.8039899914406752e-03,
          5.1433851712223326e-03, -1.3706158159567862e-02,
          7.8954369925363591e-03, 1.2237348881829901e-02,
          -2.4143430166258893e-02, 1.7962371313336858e-02,
          7.0068360205870248e-02, 5.9453111233933077e-03,
          2.6576950828922141e-02, -6.7665246957482859e-04,
          6.0664392595717572e-03, 9.2422294721940107e-03,
          2.4473859634042434e-02, 1.8157880841272834e-02,
          1.9303919815356044e-03, 5.9453111233933086e-03,
          9.4739511315843766e-02, 1.4935512606005260e-02,
          -7.2128544929213551e-04, 9.7125767925574057e-03,
          2.9592256324774090e-02, 3.1407646037682674e-02,
          -1.8889582718673064e-02, 9.8039899914406734e-03,
          2.6576950828922141e-02, 1.4935512606005265e-02,
          2.0141154570277414e-01, 1.7766201705115114e-02,
          4.0179937788935256e-02, 1.3398476207761419e-02,
          5.7678910945701311e-03, -1.9455108674096014e-02,
          5.1433851712223326e-03, -6.7665246957482827e-04,
          -7.2128544929213562e-04, 1.7766201705115121e-02,
          4.6773459150701122e-02, 2.3555222051634284e-03,
          -8.1766373754313935e-04, 1.3204615374216175e-02,
          3.7445214679873072e-02, -1.3706158159567862e-02,
          6.0664392595717554e-03, 9.7125767925574057e-03,
          4.0179937788935249e-02, 2.3555222051634284e-03,
          3.2754226387400394e-02 ]
   - !!opencv-matrix
      rows: 9
      cols: 9
      dt: d
      data: [ 2.9625966232281220e-01, 1.4723216415331311e-01,
          8.0102327124573994e-03, 3.2090325857078807e-02,
          -9.2379004608636531e-03, 2.9199740360846462e-02,
          1.6292774923485093e-02, 8.9991999939821859e-04,
          4.5563901338729592e-03, 1.4723216415331311e-01,
          3.5304486241288091e-01, -4.8647496816055076e-02,
          7.7557622683175037e-02, 3.0091312475504294e-02,
          4.1674129020780389e-02, 3.5669709875534465e-02,
          8.1002923519035066e-03, 5.1175003563633022e-03,
          8.0102327124574012e-03, -4.8647496816055083e-02,
          1.4555727122402645e-01, -4.8651031042704108e-02,
          -2.3170939375091432e-02, -4.4090806379934117e-03,
          -1.9563802505033423e-02, 2.9323529859137605e-04,
          1.4984331785482649e-03, 3.2090325857078807e-02,
          7.7557622683175037e-02, -4.8651031042704108e-02,
          5.2323032698985375e-02, 1.4197410781776214e-02,
          1.0235919333804681e-02, 1.4059082244917455e-02,
          2.3738337319376833e-03, -2.5737277179056464e-03,
          -9.2379004608636496e-03, 3.0091312475504294e-02,
          -2.3170939375091432e-02, 1.4197410781776214e-02,
          8.8819340871907737e-02, 3.1245514917557066e-03,
          2.3306396998080563e-02, 2.6517255959225996e-03,
          2.0459235502373308e-03, 2.9199740360846462e-02,
          4.1674129020780395e-02, -4.4090806379934100e-03,
          1.0235919333804683e-02, 3.1245514917557071e-03,
          6.7995244675488883e-02, 3.2772291367695961e-03,
          1.3465964685180621e-03, 3.2779633787155099e-04,
          1.6292774923485093e-02, 3.5669709875534465e-02,
          -1.9563802505033423e-02, 1.4059082244917453e-02,
          2.3306396998080563e-02, 3.2772291367695974e-03,
          3.2424381550095818e-02, 3.1653876052875683e-04,
          1.8902770658121037e-03, 8.9991999939821891e-04,
          8.1002923519035101e-03, 2.9323529859137692e-04,
          2.3738337319376837e-03, 2.6517255959225988e-03,
          1.3465964685180608e-03, 3.1653876052875656e-04,
          9.4299005519015752e-02, 1.5826059753654702e-03,
          4.5563901338729609e-03, 5.1175003563633031e-03,
          1.4984331785482649e-03, -2.5737277179056464e-03,
          2.0459235502373299e-03, 3.2779633787155099e-04,
          1.8902770658121037e-03, 1.5826059753654698e-03,
          2.3623985689195971e-02 ]
   - !!opencv-matrix
      rows: 9
      cols: 9
      dt: d
      data: [ 1.8586136739863626e-01, 5.5118244245796312e-03,
          -8.1216492292380104e-03, 1.8657694690194016e-03,
          -2.2072692979191710e-04, 3.7294914224808074e-03,
          8.5539600207134459e-03, -4.6957648037089912e-04,
          5.7546488829448787e-02, 5.5118244245796312e-03,
          2.3418536411443640e-02, -1.2563520881723089e-02,
          7.8807155022950007e-03, 3.4556568458975023e-03,
          3.4744013818988435e-03, 1.9508052485411687e-03,
          5.3095956630900658e-03, 4.2931906389792232e-02,
          -8.1216492292380104e-03, -1.2563520881723089e-02,
          1.2756029497495944e-01, -4.0479203413810616e-02,
          -1.7766561706575708e-02, -4.7882180014817638e-03,
          -5.4511571697004411e-03, -2.0246838228134151e-04,
          -1.2178779410086197e-02, 1.8657694690194029e-03,
          7.8807155022950007e-03, -4.0479203413810616e-02,
          4.9645044454347143e-02, 7.8248613529984801e-03,
          3.6543573028520724e-03, 4.6906866945996334e-03,
          4.4735429289804174e-03, -3.4009595109155940e-03,
          -2.2072692979191740e-04, 3.4556568458975023e-03,
          -1.7766561706575711e-02, 7.8248613529984801e-03,
          4.1932726217173436e-02, -5.2364485019691792e-03,
          1.9841486371895115e-03, -8.0731141798026755e-03,
          -7.7222886694418742e-03, 3.7294914224808074e-03,
          3.4744013818988435e-03, -4.7882180014817621e-03,
          3.6543573028520724e-03, -5.2364485019691809e-03,
          7.4386549564313398e-02, 3.7602766695635607e-03,
          -1.3219927525390152e-03, -3.4765666500738153e-02,
          8.5539600207134459e-03, 1.9508052485411684e-03,
          -5.4511571697004411e-03, 4.6906866945996334e-03,
          1.9841486371895115e-03, 3.7602766695635620e-03,
          1.4647474448198132e-02, -2.4192198114251972e-03,
          -3.6733567457728433e-02, -4.6957648037089961e-04,
          5.3095956630900666e-03, -2.0246838228134100e-04,
          4.4735429289804174e-03, -8.0731141798026755e-03,
          -1.3219927525390143e-03, -2.4192198114251972e-03,
          2.0026835996136916e-01, 3.5131386483198981e-02,
          5.7546488829448787e-02, 4.2931906389792225e-02,
          -1.2178779410086197e-02, -3.4009595109155966e-03,
          -7.7222886694418794e-03, -3.4765666500738153e-02,
          -3.6733567457728433e-02, 3.5131386483198988e-02,
          5.3580158941399869e-01 ]
intactC: !!opencv-matrix
   rows: 1
   cols: 5
   dt: d
   data: [ 1.0631680582323072e-01, 1.2763050814775029e-01,
       9.4405644512731035e-02, 3.3672324631096806e-01,
       1.8242879362686840e-01 ]
intactNumEvents: 201346.
intactMaxVals: !!opencv-matrix
   rows: 1
   cols: 9
   dt: d
   data: [ 4.5000000000000000e+00, 4.5000000000000000e+00,
       4.5000000000000000e+00, 4.5000000000000000e+00,
       4.5000000000000000e+00, 4.5000000000000000e+00,
       4.5000000000000000e+00, 4.5000000000000000e+00,
       4.5000000000000000e+00 ]
CD19Gmmnames:
   - "CD19.740.0"
   - "CD19.740.1"
CD19Labels:
   - FSC-A
   - SSC-A
   - SY41
   - CD19
   - CD10
   - CD20
   - CD45
   - CD34
   - CD38
CD19Mu: !!opencv-matrix
   rows: 2
   cols: 9
   dt: d
   data: [ 1.2057721144333571e+00, 4.1558356250490236e-01,
       3.2175254559726105e+00, 2.6917449903851782e+00,
       1.2750598112175449e+00, 3.0597285115939150e+00,
       3.6700838975714745e+00, 1.1438743242036249e+00,
       1.6840885724479837e+00, 7.6468146315061092e-01,
       3.0042784867958700e-01, 3.4546522631589260e+00,
       2.5672108764710835e+00, 1.1712866375598099e+00,
       2.9650395960755360e+00, 3.5741397493650688e+00,
       1.1244576332816834e+00, 1.6791950504264264e+00 ]
CD19Sigma:
   - !!opencv-matrix
      rows: 9
      cols: 9
      dt: d
      data: [ 1.4092890802500782e-01, -4.0626083127107294e-03,
          -2.1554138578570858e-02, 4.8724253576471806e-03,
          -4.0265279783074344e-03, 4.9696172558167111e-04,
          1.6302229135761105e-02, -7.0091168915681077e-03,
          -4.4880985480771218e-04, -4.0626083127107294e-03,
          1.8550028276117639e-02, -7.6586698568141759e-04,
          1.1547940647958650e-02, 1.2480854453519053e-02,
          8.5670928757215613e-03, 2.6118851776556814e-03,
          4.5354425099623161e-03, 1.7737709818988531e-03,
          -2.1554138578570858e-02, -7.6586698568141792e-04,
          1.4906094646677076e-01, -1.7619081952422306e-02,
          -2.8665832069329163e-02, -1.4689192919018752e-02,
          -6.8091997448221867e-03, 3.7806939751560890e-03,
          7.2550888072553934e-03, 4.8724253576471824e-03,
          1.1547940647958652e-02, -1.7619081952422306e-02,
          6.5579926332769961e-02, 2.0106460789061809e-02,
          2.5473912247646301e-02, 4.2813732702457015e-03,
          4.6089083749991360e-03, -8.4637673609590427e-03,
          -4.0265279783074344e-03, 1.2480854453519053e-02,
          -2.8665832069329163e-02, 2.0106460789061812e-02,
          1.4980084884767578e-01, 2.9146046594221472e-02,
          3.1391627820424825e-03, 4.9800566440936134e-04,
          4.2851857504519909e-03, 4.9696172558167122e-04,
          8.5670928757215613e-03, -1.4689192919018747e-02,
          2.5473912247646308e-02, 2.9146046594221472e-02,
          4.7208481030946062e-02, 8.6357452380372429e-03,
          4.4100123424412564e-03, -2.3467249508110559e-03,
          1.6302229135761105e-02, 2.6118851776556814e-03,
          -6.8091997448221893e-03, 4.2813732702457015e-03,
          3.1391627820424825e-03, 8.6357452380372412e-03,
          1.4889619425177282e-02, -2.4743544478931768e-03,
          -3.5908779261728839e-04, -7.0091168915681051e-03,
          4.5354425099623161e-03, 3.7806939751560873e-03,
          4.6089083749991360e-03, 4.9800566440935949e-04,
          4.4100123424412573e-03, -2.4743544478931755e-03,
          2.0009386791483086e-01, 5.2132509968247209e-03,
          -4.4880985480771218e-04, 1.7737709818988524e-03,
          7.2550888072553934e-03, -8.4637673609590427e-03,
          4.2851857504519891e-03, -2.3467249508110563e-03,
          -3.5908779261728839e-04, 5.2132509968247217e-03,
          9.1483160007534731e-02 ]
   - !!opencv-matrix
      rows: 9
      cols: 9
      dt: d
      data: [ 4.6692473353611944e-02, 3.0570159649694405e-03,
          -2.0707063495586257e-02, 1.4220560585592713e-02,
          4.2886558922592575e-03, 9.1710105016293876e-03,
          1.6647633590702180e-02, 1.1203022379286531e-04,
          2.7028222355240973e-03, 3.0570159649694405e-03,
          3.7259487160521748e-03, -4.2246881290304772e-03,
          3.4175243973830868e-03, 3.5582456797852457e-03,
          3.0317207189976617e-03, 2.5288671227726685e-03,
          3.9754329089682300e-04, 8.7509895686102546e-04,
          -2.0707063495586257e-02, -4.2246881290304763e-03,
          5.2462075102474345e-02, -1.3015277695612091e-02,
          -1.4595638655052470e-02, -9.4334578162447325e-03,
          -1.1726346963804979e-02, 5.9099872991666706e-05,
          -2.6389793111104018e-04, 1.4220560585592712e-02,
          3.4175243973830868e-03, -1.3015277695612091e-02,
          5.6116096846558182e-02, 1.0078677411584542e-02,
          1.5001510311359965e-02, 8.6479317074304035e-03,
          1.1478294742619578e-03, -1.2303331007230116e-03,
          4.2886558922592558e-03, 3.5582456797852457e-03,
          -1.4595638655052466e-02, 1.0078677411584538e-02,
          1.1238416216408738e-01, 1.4936177763891416e-02,
          5.4230593460137533e-03, -5.2697456903473550e-03,
          4.4120533141977034e-03, 9.1710105016293876e-03,
          3.0317207189976617e-03, -9.4334578162447325e-03,
          1.5001510311359965e-02, 1.4936177763891417e-02,
          2.2961140007667736e-02, 7.2392495339723278e-03,
          9.3584586493748007e-04, 4.5665579094969688e-03,
          1.6647633590702180e-02, 2.5288671227726681e-03,
          -1.1726346963804979e-02, 8.6479317074304018e-03,
          5.4230593460137533e-03, 7.2392495339723278e-03,
          1.3295959783613845e-02, -1.5608419256981530e-03,
          2.3230227403917506e-03, 1.1203022379286527e-04,
          3.9754329089682322e-04, 5.9099872991666083e-05,
          1.1478294742619571e-03, -5.2697456903473550e-03,
          9.3584586493747975e-04, -1.5608419256981532e-03,
          1.4870313245332886e-01, 2.8106372270776370e-03,
          2.7028222355240977e-03, 8.7509895686102514e-04,
          -2.6389793111104007e-04, -1.2303331007230116e-03,
          4.4120533141977008e-03, 4.5665579094969671e-03,
          2.3230227403917506e-03, 2.8106372270776383e-03,
          5.2097806860101112e-02 ]
CD19C: !!opencv-matrix
   rows: 1
   cols: 2
   dt: d
   data: [ 4.4780640305074899e-02, 1.0747864623601994e-01 ]
CD19NumEvents: 36173.
CD19MaxVals: !!opencv-matrix
   rows: 1
   cols: 9
   dt: d
   data: [ 4.5000000000000000e+00, 4.5000000000000000e+00,
       4.5000000000000000e+00, 4.5000000000000000e+00,
       4.5000000000000000e+00, 4.5000000000000000e+00,
       4.5000000000000000e+00, 4.5000000000000000e+00,
       4.5000000000000000e+00 ]
blastGmmnames:
   - "blast.740.0"
blastLabels:
   - FSC-A
   - SSC-A
   - SY41
   - CD19
   - CD10
   - CD20
   - CD45
   - CD34
   - CD38
blastMu: !!opencv-matrix
   rows: 1
   cols: 9
   dt: d
   data: [ 5.5603042590831009e-01, 3.6683439303721699e-01,
       3.6980089332376207e+00, 2.8856747235570634e+00,
       3.5731597798211232e+00, 2.2196942722158770e+00,
       2.9212865978479385e+00, 1.6502839731318608e+00,
       2.2372920236417224e+00 ]
blastSigma:
   - !!opencv-matrix
      rows: 9
      cols: 9
      dt: d
      data: [ 7.1022952911852413e-02, 1.0249616646475829e-02,
          -2.4678279842202215e-02, 1.7901179551064635e-02,
          -1.1840866735671503e-02, 1.0816400808161312e-02,
          1.8787085672466574e-02, -1.9102305312621722e-03,
          -2.4857562631182089e-02, 1.0249616646475829e-02,
          7.8315670610714060e-03, -5.0858102408173041e-03,
          1.2657983466796377e-02, 1.2087038444198695e-03,
          -1.2721131364369510e-03, 8.7590075845783936e-03,
          -4.9871579292720368e-03, 1.9353808138898106e-03,
          -2.4678279842202215e-02, -5.0858102408173041e-03,
          3.1404994536723199e-02, -7.3081260934134609e-03,
          7.5488841880550148e-03, -2.1198287838165564e-02,
          -7.7912789922728806e-03, 1.2504984272445716e-02,
          9.2870490618758572e-03, 1.7901179551064635e-02,
          1.2657983466796377e-02, -7.3081260934134609e-03,
          5.4760979533830662e-02, 8.3007012588957527e-03,
          -2.0510087719521869e-02, 2.2556451452003322e-02,
          4.3730483455982185e-03, 2.9537126902756970e-02,
          -1.1840866735671503e-02, 1.2087038444198695e-03,
          7.5488841880550148e-03, 8.3007012588957527e-03,
          3.7331734076331002e-02, -1.5065499524039325e-02,
          -1.1507599142897514e-02, 3.9905076548616157e-02,
          1.6444463080360319e-02, 1.0816400808161312e-02,
          -1.2721131364369510e-03, -2.1198287838165564e-02,
          -2.0510087719521869e-02, -1.5065499524039325e-02,
          4.1427528614287645e-01, 6.0636720075230369e-02,
          -3.3276645269223429e-02, 3.1106308154753612e-02,
          1.8787085672466574e-02, 8.7590075845783936e-03,
          -7.7912789922728806e-03, 2.2556451452003322e-02,
          -1.1507599142897514e-02, 6.0636720075230369e-02,
          6.1341667622863416e-02, -5.3162445963087369e-02,
          6.5446952334342924e-03, -1.9102305312621722e-03,
          -4.9871579292720368e-03, 1.2504984272445716e-02,
          4.3730483455982185e-03, 3.9905076548616157e-02,
          -3.3276645269223429e-02, -5.3162445963087369e-02,
          3.1890152862478921e-01, 3.2081741427423739e-02,
          -2.4857562631182089e-02, 1.9353808138898106e-03,
          9.2870490618758572e-03, 2.9537126902756970e-02,
          1.6444463080360319e-02, 3.1106308154753612e-02,
          6.5446952334342924e-03, 3.2081741427423739e-02,
          1.7605521101133650e-01 ]
blastC: !!opencv-matrix
   rows: 1
   cols: 1
   dt: d
   data: [ 2.3571503735662650e-04 ]
blastNumEvents: 56.
blastMaxVals: !!opencv-matrix
   rows: 1
   cols: 9
   dt: d
   data: [ 4.5000000000000000e+00, 4.5000000000000000e+00,
       4.5000000000000000e+00, 4.5000000000000000e+00,
       4.5000000000000000e+00, 4.5000000000000000e+00,
       4.5000000000000000e+00, 4.5000000000000000e+00,
       4.5000000000000000e+00 ]
