%YAML:1.0
---
groups:
   - intact
   - CD19
intactGmmnames:
   - "intact.742.0"
   - "intact.742.1"
   - "intact.742.2"
   - "intact.742.3"
   - "intact.742.4"
intactLabels:
   - FSC-A
   - SSC-A
   - SY41
   - CD19
   - CD10
   - CD20
   - CD45
   - CD34
   - CD38
intactMu: !!opencv-matrix
   rows: 5
   cols: 9
   dt: d
   data: [ 1.1232124720187142e+00, 3.2255386778161799e-01,
       3.0009583429921367e+00, 1.0206129149992675e+00,
       1.1983882531098282e+00, 1.0493052119192801e+00,
       1.2559096933603344e+00, 1.0402405661975682e+00,
       1.7110757427587038e+00, 1.0108427044343269e+00,
       3.2462653044947548e-01, 2.9332293567027898e+00,
       1.3387572285916258e+00, 1.2279479394749744e+00,
       1.1085439422075010e+00, 3.5257619554441213e+00,
       1.1843423974214404e+00, 1.8297678636687302e+00,
       2.9562479153877113e+00, 3.0550943671497852e+00,
       2.8815488111854415e+00, 1.7565030361861764e+00,
       1.9085966201584823e+00, 1.3567683911597415e+00,
       3.0178050205460880e+00, 1.2399909755524263e+00,
       2.1096388493570655e+00, 1.7040719118779866e+00,
       8.8796984932270018e-01, 2.9564501127438070e+00,
       1.3507186613488726e+00, 1.3201210393505545e+00,
       1.2140372608219969e+00, 2.8322044314148447e+00,
       1.4900493825069330e+00, 2.6607168364516931e+00,
       1.8688397995540325e+00, 1.3385389887553427e+00,
       2.7720676506856954e+00, 1.5012072150624529e+00,
       1.5838586529431651e+00, 1.4291137037503270e+00,
       2.5009454179933943e+00, 1.3744949204875443e+00,
       1.9885560193618883e+00 ]
intactSigma:
   - !!opencv-matrix
      rows: 9
      cols: 9
      dt: d
      data: [ 4.1203702414936311e-01, 2.8516454355414209e-02,
          -5.4566790665197977e-02, 1.2611429521307407e-02,
          2.1629212605938091e-03, 1.0187932630791062e-02,
          6.5829200543323883e-03, -1.1213160276627256e-03,
          -1.0747532631254731e-03, 2.8516454355414202e-02,
          2.7161147562565546e-02, -6.7657332997917595e-03,
          1.0550632592181725e-02, 5.5983817314434079e-03,
          1.0545050698117181e-02, 1.3027725670100160e-02,
          3.9213517161926312e-03, 2.8202403980279404e-03,
          -5.4566790665197977e-02, -6.7657332997917595e-03,
          1.2293390722585978e-01, -1.7794379159938901e-02,
          -1.6828186333757850e-03, -9.2170104306947087e-04,
          -4.5466579379804450e-03, 1.1023719116915788e-03,
          9.4101844593179275e-04, 1.2611429521307409e-02,
          1.0550632592181721e-02, -1.7794379159938901e-02,
          1.6977494709909394e-02, 2.8911091337179948e-03,
          4.9487000229449631e-03, 5.3623115739615959e-03,
          2.3203110686618360e-03, 2.7976380126062695e-04,
          2.1629212605938099e-03, 5.5983817314434079e-03,
          -1.6828186333757850e-03, 2.8911091337179952e-03,
          8.0019122546777510e-03, 1.9914291492304555e-03,
          5.4561210394844361e-03, 7.3231202286982912e-04,
          9.6732903332800394e-04, 1.0187932630791062e-02,
          1.0545050698117181e-02, -9.2170104306947109e-04,
          4.9487000229449631e-03, 1.9914291492304555e-03,
          2.0066625175784513e-02, 5.4177792964395823e-03,
          1.7028611081969151e-03, 9.0328351289989341e-04,
          6.5829200543323883e-03, 1.3027725670100158e-02,
          -4.5466579379804476e-03, 5.3623115739615959e-03,
          5.4561210394844361e-03, 5.4177792964395840e-03,
          7.5277801761660712e-02, 3.0103162075214798e-04,
          4.3671484214355214e-03, -1.1213160276627243e-03,
          3.9213517161926304e-03, 1.1023719116915783e-03,
          2.3203110686618364e-03, 7.3231202286982934e-04,
          1.7028611081969151e-03, 3.0103162075214820e-04,
          4.4656601315611798e-02, 3.9943694048101119e-04,
          -1.0747532631254729e-03, 2.8202403980279404e-03,
          9.4101844593179253e-04, 2.7976380126062690e-04,
          9.6732903332800394e-04, 9.0328351289989330e-04,
          4.3671484214355197e-03, 3.9943694048101119e-04,
          2.5354323940340786e-03 ]
   - !!opencv-matrix
      rows: 9
      cols: 9
      dt: d
      data: [ 3.6793746848705972e-01, 4.9617374821139565e-02,
          -8.9665476053433363e-02, 3.4680238860688710e-02,
          9.5356165861187614e-03, 2.6820995011927837e-02,
          9.0803650581711096e-02, 1.5169828732315701e-02,
          -7.5942145825710493e-04, 4.9617374821139572e-02,
          2.1156432698821080e-02, -1.7963775869543397e-02,
          1.3975234733111366e-02, 4.2472028917664934e-03,
          9.4715329490684119e-03, 1.8802984026678470e-02,
          7.5042199762089317e-03, 1.3945395905468382e-03,
          -8.9665476053433363e-02, -1.7963775869543397e-02,
          4.4189197052091740e-02, -1.6394558915710254e-02,
          -3.3517858925773106e-03, -8.0634013386030757e-03,
          -2.8836618116883164e-02, -7.3663407412851330e-03,
          -2.3847877668217560e-03, 3.4680238860688710e-02,
          1.3975234733111368e-02, -1.6394558915710254e-02,
          4.1480373985245879e-02, 3.5076107149694773e-03,
          8.0928672790378329e-03, 1.7016266968650554e-02,
          9.5402791815317033e-03, 4.3536751937071856e-04,
          9.5356165861187614e-03, 4.2472028917664916e-03,
          -3.3517858925773106e-03, 3.5076107149694777e-03,
          7.3246340378486097e-03, 1.3114099074435135e-03,
          4.5566551183980801e-03, -1.3480953689256657e-04,
          3.0368704400731398e-04, 2.6820995011927837e-02,
          9.4715329490684119e-03, -8.0634013386030740e-03,
          8.0928672790378329e-03, 1.3114099074435139e-03,
          2.3454886382516971e-02, 1.1749882313788403e-02,
          3.5747140730755761e-03, -2.8972296268782677e-04,
          9.0803650581711096e-02, 1.8802984026678470e-02,
          -2.8836618116883164e-02, 1.7016266968650554e-02,
          4.5566551183980801e-03, 1.1749882313788403e-02,
          3.7479897423186803e-02, 6.0875800161126637e-03,
          1.2840187852466841e-03, 1.5169828732315704e-02,
          7.5042199762089309e-03, -7.3663407412851347e-03,
          9.5402791815317033e-03, -1.3480953689256657e-04,
          3.5747140730755756e-03, 6.0875800161126637e-03,
          1.6652535728362278e-01, 2.2025299386403043e-03,
          -7.5942145825710460e-04, 1.3945395905468386e-03,
          -2.3847877668217560e-03, 4.3536751937071856e-04,
          3.0368704400731382e-04, -2.8972296268782671e-04,
          1.2840187852466846e-03, 2.2025299386403052e-03,
          1.2833848549063241e-02 ]
   - !!opencv-matrix
      rows: 9
      cols: 9
      dt: d
      data: [ 9.3528391185787663e-01, 1.9839185350853075e-01,
          -4.8265227890045889e-03, 1.8642077727256335e-02,
          -5.6444205197382580e-02, 1.7105413944002987e-02,
          4.3759494707117645e-02, 4.4921882799452244e-03,
          -4.7946936709872476e-02, 1.9839185350853075e-01,
          6.6696049934509161e-01, -1.0751563829296683e-01,
          1.4252976479720844e-01, 3.0249743966424342e-01,
          -2.2694710712989834e-02, 1.6410568657370220e-01,
          5.2541970543137480e-02, -1.7055819186132454e-01,
          -4.8265227890045871e-03, -1.0751563829296683e-01,
          6.8220605572978502e-02, -2.7724602476413163e-02,
          -7.6985512810256493e-02, 2.7543021470542807e-02,
          -4.3207418375764819e-02, -7.9427780813567366e-03,
          7.0379345319940043e-02, 1.8642077727256342e-02,
          1.4252976479720844e-01, -2.7724602476413163e-02,
          4.9265303728560750e-02, 7.9311923530922493e-02,
          -6.0004098583176244e-03, 3.9795685566446769e-02,
          1.3909393774809389e-02, -4.2663700550606747e-02,
          -5.6444205197382559e-02, 3.0249743966424342e-01,
          -7.6985512810256493e-02, 7.9311923530922493e-02,
          3.7027245905094031e-01, -2.5298090541174986e-02,
          1.2941106031849922e-01, 4.0156152804756526e-02,
