%YAML:1.0
---
groups:
   - intact
   - CD19
   - blast
intactGmmnames:
   - "intact.743.0"
   - "intact.743.1"
   - "intact.743.2"
   - "intact.743.3"
   - "intact.743.4"
intactLabels:
   - FSC-A
   - SSC-A
   - SY41
   - CD19
   - CD10
   - CD20
   - CD45
   - CD34
   - CD38
intactMu: !!opencv-matrix
   rows: 5
   cols: 9
   dt: d
   data: [ 1.7292393917605950e+00, 1.2416248146592652e+00,
       3.1280369149048579e+00, 1.4119532922953257e+00,
       1.6376168170130116e+00, 1.4939497527738532e+00,
       2.4740445517315113e+00, 1.3430141274968830e+00,
       2.0502800603790772e+00, 1.3076108320145527e+00,
       4.1023522642539229e-01, 2.9696538969573627e+00,
       1.2883508602470741e+00, 9.0624341525706287e-01,
       1.0238060148593877e+00, 3.6858807910669480e+00,
       1.1541856510494808e+00, 2.0265709302905641e+00,
       2.0179352281158578e+00, 3.3339389590809452e+00,
       2.8068861509188734e+00, 1.8763293958788541e+00,
       1.9842558595960638e+00, 1.3215144787099780e+00,
       3.3530699869557647e+00, 1.4330780835729371e+00,
       1.8600075761886901e+00, 9.0881412319970778e-01,
       3.4735773254146884e-01, 2.8477546232890836e+00,
       9.7237051764084492e-01, 1.0634480012168726e+00,
       9.5104277777876522e-01, 1.2008474659601613e+00,
       1.0401208683184959e+00, 1.4857971339190568e+00,
       6.7997154551657779e-01, 2.4160521344519875e-01,
       3.1957429778292785e+00, 1.1931293280579798e+00,
       8.5471718396588436e-01, 9.4433276182456893e-01,
       3.4941011959565196e+00, 1.1303354668452339e+00,
       1.8521714219620597e+00 ]
intactSigma:
   - !!opencv-matrix
      rows: 9
      cols: 9
      dt: d
      data: [ 7.9212031962535934e-01, 4.2012148454276521e-01,
          6.4079056519300265e-02, 1.3917508339705759e-01,
          8.5654633072561395e-02, 1.2973307183055685e-01,
          1.6583412748480841e-01, 6.4430505156052975e-02,
          8.4180363231112804e-02, 4.2012148454276521e-01,
          8.5697698439892267e-01, 1.9795777648284933e-02,
          3.4494468183722421e-01, 1.8298437512632248e-01,
          2.2556153954782970e-01, 3.6493882137508526e-01,
          1.2133634678058064e-01, 1.4949285357041478e-01,
          6.4079056519300265e-02, 1.9795777648284919e-02,
          2.2955762334031524e-01, -3.9463058593688670e-02,
          5.0063112731378180e-02, 4.8519674950617472e-02,
          9.9264156232730539e-03, -6.7911645733791520e-03,
          1.6734955501490182e-02, 1.3917508339705759e-01,
          3.4494468183722421e-01, -3.9463058593688670e-02,
          3.1111754356806692e-01, 1.3134171123634827e-01,
          1.8098303642387670e-01, 2.7824201651688052e-01,
          1.0299271171753609e-01, 1.2623910297520580e-01,
          8.5654633072561395e-02, 1.8298437512632251e-01,
          5.0063112731378180e-02, 1.3134171123634827e-01,
          3.3416544869801784e-01, 1.6120760662006858e-01,
          1.0405574787885953e-01, 6.5984121269927976e-02,
          2.7094044572347278e-02, 1.2973307183055685e-01,
          2.2556153954782970e-01, 4.8519674950617472e-02,
          1.8098303642387670e-01, 1.6120760662006858e-01,
          3.0204454632898514e-01, 1.7491931702900679e-01,
          8.0552923423099138e-02, 4.2713800710287041e-02,
          1.6583412748480841e-01, 3.6493882137508526e-01,
          9.9264156232730608e-03, 2.7824201651688052e-01,
          1.0405574787885950e-01, 1.7491931702900676e-01,
          8.0869221294192695e-01, 1.4323043569102276e-01,
          2.5821074528934079e-01, 6.4430505156052975e-02,
          1.2133634678058064e-01, -6.7911645733791520e-03,
          1.0299271171753609e-01, 6.5984121269927976e-02,
          8.0552923423099124e-02, 1.4323043569102276e-01,
          2.4314670775438807e-01, 8.2378736150479331e-02,
          8.4180363231112804e-02, 1.4949285357041478e-01,
          1.6734955501490175e-02, 1.2623910297520580e-01,
          2.7094044572347285e-02, 4.2713800710287041e-02,
          2.5821074528934079e-01, 8.2378736150479345e-02,
          3.2322247034670454e-01 ]
   - !!opencv-matrix
      rows: 9
      cols: 9
      dt: d
      data: [ 3.0939139444965003e-01, 3.3236352499278428e-02,
          -6.8112873244042263e-02, 2.0141891888272645e-02,
          1.1842547835263357e-02, 1.8482917262933690e-02,
          5.4172240438126879e-02, -3.6759618029711459e-03,
          -1.6878502892673387e-02, 3.3236352499278428e-02,
          2.9375236911896651e-02, -1.8558689457899721e-02,
          2.0383240416687459e-02, 1.1259634943926298e-02,
          1.3029417246496953e-02, 1.5547296048579825e-02,
          7.1673178031103988e-03, 3.4602132317360208e-02,
          -6.8112873244042263e-02, -1.8558689457899725e-02,
          1.3910399420675842e-01, -4.0609423694275046e-02,
          -5.2037661819687745e-03, 9.4211724999200639e-03,
          -2.3906733331535989e-02, 3.2716294275288898e-03,
          -3.2877980870264209e-02, 2.0141891888272642e-02,
          2.0383240416687459e-02, -4.0609423694275053e-02,
          8.7476800146371103e-02, 9.9508306176066888e-03,
          8.6750012286786384e-03, 1.7104707937104266e-02,
          1.0509352445288615e-02, 3.3727575783536280e-02,
          1.1842547835263357e-02, 1.1259634943926298e-02,
          -5.2037661819687763e-03, 9.9508306176066871e-03,
          6.8504607976289336e-02, 3.1291714704835267e-03,
          5.6021046032418880e-03, -4.9461730017509612e-03,
          -6.3460757663051648e-04, 1.8482917262933690e-02,
          1.3029417246496953e-02, 9.4211724999200639e-03,
          8.6750012286786384e-03, 3.1291714704835263e-03,
          8.8065190712440067e-02, 9.4813857143728527e-03,
          2.4142962792028087e-03, -2.0321494688252090e-02,
          5.4172240438126879e-02, 1.5547296048579825e-02,
          -2.3906733331535989e-02, 1.7104707937104266e-02,
          5.6021046032418888e-03, 9.4813857143728527e-03,
          2.8762985676530801e-02, 1.5815093350493234e-03,
          1.7134558631279615e-03, -3.6759618029711476e-03,
          7.1673178031104005e-03, 3.2716294275288906e-03,
          1.0509352445288615e-02, -4.9461730017509612e-03,
          2.4142962792028082e-03, 1.5815093350493238e-03,
          1.9519579523175598e-01, 2.3881609846133668e-02,
          -1.6878502892673383e-02, 3.4602132317360201e-02,
          -3.2877980870264223e-02, 3.3727575783536280e-02,
          -6.3460757663051767e-04, -2.0321494688252083e-02,
          1.7134558631279626e-03, 2.3881609846133668e-02,
          3.3756560909572947e-01 ]
   - !!opencv-matrix
      rows: 9
      cols: 9
      dt: d
      data: [ 4.8041165859049462e-01, 1.8206867952532493e-01,
          9.9112443065692314e-03, 1.1688681404949650e-02,
          -1.9169684221893548e-02, 5.0037325804544508e-02,
          2.5985402270286919e-02, 1.7561186294251289e-02,
          1.7014431119359685e-02, 1.8206867952532496e-01,
          4.2177799504683233e-01, 6.1272064515059399e-03,
          6.5150590906717681e-02, 8.3294468538306521e-02,
          3.7550312959784081e-02, 3.3051222948910094e-02,
          3.4966724100428469e-02, 6.4325946679046351e-03,
          9.9112443065692332e-03, 6.1272064515059390e-03,
          6.1238705180171174e-02, -1.4013041150266624e-03,
          3.3433645163321664e-03, 1.1969478558246210e-02,
          3.0611128023424333e-03, 4.3366383411687481e-03,
          2.3730592720846502e-03, 1.1688681404949648e-02,
          6.5150590906717668e-02, -1.4013041150266626e-03,
          3.3071924055260639e-02, 2.5506421272061718e-02,
          1.2589301652315948e-02, 9.0827059561012016e-03,
          1.3591221492677028e-02, 2.6761777056223267e-03,
          -1.9169684221893548e-02, 8.3294468538306507e-02,
          3.3433645163321673e-03, 2.5506421272061718e-02,
          2.1472236743253345e-01, 1.7412487675759741e-02,
          2.4400418808303743e-02, 2.0083574360576707e-02,
