%YAML:1.0
---
groups:
   - intact
   - CD19
intactGmmnames:
   - "intact.747.0"
   - "intact.747.1"
   - "intact.747.2"
   - "intact.747.3"
   - "intact.747.4"
intactLabels:
   - FSC-A
   - SSC-A
   - SY41
   - CD19
   - CD10
   - CD20
   - CD45
   - CD34
   - CD38
intactMu: !!opencv-matrix
   rows: 5
   cols: 9
   dt: d
   data: [ 1.5343016187626373e+00, 1.5947432788632052e+00,
       2.2074305828132723e+00, 1.3713120529408303e+00,
       1.0838578619848942e+00, 1.1322517940697694e+00,
       2.3647569747583734e+00, 1.1448377792618594e+00,
       2.0986523099952574e+00, 7.3690427827608296e-01,
       3.1768884188588670e-01, 2.1565805927962720e+00,
       7.7830336716748816e-01, 8.2273524180266244e-01,
       7.9949429500255220e-01, 1.1768499096241150e+00,
       9.3474357124470087e-01, 1.4633925679650213e+00,
       1.0955958542705817e+00, 4.4806290422627926e-01,
       2.1101768422052163e+00, 1.0385100768906472e+00,
       8.4491776766036164e-01, 9.2476641761613720e-01,
       3.2422394738987350e+00, 9.3761641439399801e-01,
       1.9625698059821903e+00, 2.6345553942982720e+00,
       3.1065024260286638e+00, 2.3610446969760432e+00,
       1.7232440631153125e+00, 1.1345660713526762e+00,
       1.1914228740118011e+00, 2.1900146951088164e+00,
       9.4440570404261537e-01, 1.5990757175672667e+00,
       2.1569118279010984e+00, 3.2780064407724261e+00,
       2.4162236577654164e+00, 1.7336863169188996e+00,
       2.0765776651912784e+00, 1.1790823986399555e+00,
       2.2317945261857668e+00, 9.6019277558790828e-01,
       1.4856676531181940e+00 ]
intactSigma:
   - !!opencv-matrix
      rows: 9
      cols: 9
      dt: d
      data: [ 6.8383603416121941e-01, 3.1272556066572088e-01,
          7.4865901722740325e-02, 1.0895985202149099e-01,
          8.8546243580587200e-02, 9.5933591747716304e-02,
          1.0149490503972411e-01, 1.8131202460151770e-02,
          1.0624433767218246e-02, 3.1272556066572088e-01,
          6.9425623477946230e-01, 6.1432122196309530e-02,
          1.9826415827778202e-01, 9.2168428825539481e-02,
          7.8245692065553277e-02, 5.5020112276268685e-02,
          -1.7148890817285455e-02, -7.7383733901670337e-04,
          7.4865901722740325e-02, 6.1432122196309523e-02,
          9.9068204645947427e-02, 2.4481588891452057e-02,
          6.7147415562156601e-02, 7.0635951633589669e-02,
          1.0371670101561489e-01, 2.5638189247471046e-02,
          5.1405296698202894e-02, 1.0895985202149100e-01,
          1.9826415827778202e-01, 2.4481588891452057e-02,
          1.2874115787811330e-01, 4.7683942407470342e-02,
          6.3622711815842822e-02, 4.1681337859438276e-02,
          5.4239596258100486e-03, -6.4694206819183760e-03,
          8.8546243580587200e-02, 9.2168428825539481e-02,
          6.7147415562156587e-02, 4.7683942407470342e-02,
          1.7208561316943272e-01, 9.2331990653178764e-02,
          7.7020413870418455e-02, 3.0092615325141427e-02,
          3.0542471392973447e-02, 9.5933591747716276e-02,
          7.8245692065553277e-02, 7.0635951633589655e-02,
          6.3622711815842808e-02, 9.2331990653178764e-02,
          1.6396420800728134e-01, 1.0755467348166703e-01,
          4.0432294117179954e-02, 4.3322281569186445e-02,
          1.0149490503972408e-01, 5.5020112276268685e-02,
          1.0371670101561489e-01, 4.1681337859438276e-02,
          7.7020413870418455e-02, 1.0755467348166703e-01,
          5.7825882730730160e-01, 5.5823354521948844e-02,
          2.6557797975954156e-01, 1.8131202460151773e-02,
          -1.7148890817285455e-02, 2.5638189247471053e-02,
          5.4239596258100460e-03, 3.0092615325141438e-02,
          4.0432294117179954e-02, 5.5823354521948851e-02,
          1.6134681804768436e-01, 5.1643351271999309e-02,
          1.0624433767218243e-02, -7.7383733901670109e-04,
          5.1405296698202894e-02, -6.4694206819183760e-03,
          3.0542471392973447e-02, 4.3322281569186445e-02,
          2.6557797975954156e-01, 5.1643351271999309e-02,
          3.3296510787330580e-01 ]
   - !!opencv-matrix
      rows: 9
      cols: 9
      dt: d
      data: [ 1.6058514108318719e-01, 1.2716274262580825e-02,
          -8.2512241973146608e-03, 7.5873071478678045e-03,
          1.7082648830443433e-03, 4.9736682797186524e-03,
          2.5594076475989208e-03, -8.2110825799861095e-05,
          8.0474854039025564e-05, 1.2716274262580825e-02,
          3.7847853720724391e-02, -2.0338948066787446e-02,
          2.0426043345735591e-02, 4.0268703448883445e-03,
          1.3843841965259871e-02, 2.0166172202610969e-02,
          7.7246816876201004e-03, 2.1057425970230290e-03,
          -8.2512241973146591e-03, -2.0338948066787446e-02,
          1.3743120346730017e-01, -1.9056747918413379e-02,
          1.7206623822353814e-02, 1.4089790802106881e-02,
          -1.4050122466496062e-02, -6.4398249914307589e-03,
          -2.3796097823314516e-04, 7.5873071478678028e-03,
          2.0426043345735594e-02, -1.9056747918413379e-02,
          3.5289115625077951e-02, 1.5768965140583349e-03,
          7.1741318914501848e-03, 9.7954349446506828e-03,
          4.3799749790682102e-03, -6.0633095980837848e-04,
          1.7082648830443426e-03, 4.0268703448883445e-03,
          1.7206623822353811e-02, 1.5768965140583349e-03,
          4.2701171237243776e-02, 2.2475525080334173e-03,
          6.0978614690453906e-03, -3.9514101276723768e-04,
          4.9590006034451808e-04, 4.9736682797186524e-03,
          1.3843841965259871e-02, 1.4089790802106875e-02,
          7.1741318914501848e-03, 2.2475525080334182e-03,
          5.1251618996186271e-02, 7.6687425923599242e-03,
          2.7045019471495777e-03, 1.3177950350744773e-03,
          2.5594076475989208e-03, 2.0166172202610969e-02,
          -1.4050122466496062e-02, 9.7954349446506810e-03,
          6.0978614690453906e-03, 7.6687425923599260e-03,
          5.4356669933287499e-02, 6.1675516464061598e-03,
          1.7704361758980613e-03, -8.2110825799861244e-05,
          7.7246816876201004e-03, -6.4398249914307589e-03,
          4.3799749790682102e-03, -3.9514101276723795e-04,
          2.7045019471495769e-03, 6.1675516464061615e-03,
          2.9073103414685358e-02, 8.5609713524047821e-04,
          8.0474854039025564e-05, 2.1057425970230290e-03,
          -2.3796097823314524e-04, -6.0633095980837837e-04,
          4.9590006034451841e-04, 1.3177950350744768e-03,
          1.7704361758980609e-03, 8.5609713524047832e-04,
          1.7320172787553645e-03 ]
   - !!opencv-matrix
      rows: 9
      cols: 9
      dt: d
      data: [ 1.9113646976534429e-01, 3.1853522165108859e-02,
          -2.3591016977937453e-02, 2.0122668084109722e-02,
          1.0846756523154844e-03, 1.5783957225465765e-02,
          5.2305543295870012e-02, 3.1324712559034846e-03,
          2.7510487611026438e-02, 3.1853522165108859e-02,
          2.8512300058460911e-02, -6.7483650518986946e-03,
          1.4909105230649479e-02, 1.7981224727341475e-03,
          8.3485559410268959e-03, 1.3335359515833310e-02,
          2.3298051030902389e-03, 5.5780592272504585e-02,
          -2.3591016977937453e-02, -6.7483650518986946e-03,
          2.4866121251008996e-02, -4.6672612704437262e-03,
          1.0677409354176084e-03, -7.1699940121901554e-04,
          -9.7263501178300720e-03, 3.8709059543514616e-04,
          -1.8570225166835364e-02, 2.0122668084109726e-02,
          1.4909105230649478e-02, -4.6672612704437262e-03,
          8.3739544391029055e-02, 1.1217393041979835e-03,
          5.9783292432064282e-03, 1.0527701584263251e-02,
          3.9484366912251176e-03, 1.9018469407178232e-02,
          1.0846756523154851e-03, 1.7981224727341477e-03,
          1.0677409354176079e-03, 1.1217393041979841e-03,
          4.3227001161970771e-02, -4.1323813911185708e-03,
          1.4130779402295244e-03, -4.8845232785191452e-03,
