%YAML:1.0
---
groups:
   - intact
   - CD19
intactGmmnames:
   - "intact.748.0"
   - "intact.748.1"
   - "intact.748.2"
   - "intact.748.3"
   - "intact.748.4"
intactLabels:
   - FSC-A
   - SSC-A
   - SY41
   - CD19
   - CD10
   - CD20
   - CD45
   - CD34
   - CD38
intactMu: !!opencv-matrix
   rows: 5
   cols: 9
   dt: d
   data: [ 1.8262571770007332e+00, 1.2418335481244451e+00,
       3.3021771625372023e+00, 1.2005194163576847e+00,
       1.1801855264022871e+00, 1.4237555183613790e+00,
       2.6373131276543176e+00, 1.6881872542680263e+00,
       2.2943329469055946e+00, 1.0978212943831953e+00,
       3.5959190704650335e-01, 3.3035035292996078e+00,
       1.1469490445589512e+00, 8.6792361809730278e-01,
       1.0217701399376808e+00, 3.5821423274128410e+00,
       1.0638265070059396e+00, 1.7716882951587771e+00,
       2.4958646009366192e+00, 3.0406656904075224e+00,
       3.1286705538849904e+00, 1.5155057198574133e+00,
       1.6115033141792878e+00, 1.5327235998983153e+00,
       3.1040628969479811e+00, 1.1219792389950844e+00,
       2.1749107451665002e+00, 5.6838813668195420e-01,
       2.7476098518910386e-01, 3.4589171746977700e+00,
       8.8457671285082562e-01, 8.3829786248750360e-01,
       9.6593980992026085e-01, 1.1083761923913034e+00,
       1.0856882109838684e+00, 1.4439115027135825e+00,
       3.6347615568107544e-01, 2.1285986138507601e-01,
       3.6397727386232113e+00, 9.6959177972576116e-01,
       7.5551896071757230e-01, 8.7853089957769714e-01,
       3.3016636120954987e+00, 1.0507200764642046e+00,
       1.6897943405476041e+00 ]
intactSigma:
   - !!opencv-matrix
      rows: 9
      cols: 9
      dt: d
      data: [ 1.0220256076080660e+00, 3.6020164086558487e-01,
          -2.5623690994833578e-02, 5.1811424280971290e-02,
          -5.1138357925201577e-02, 2.1259121276194622e-02,
          9.5185886297984121e-02, 1.3898953032067762e-01,
          9.9485100369772483e-02, 3.6020164086558493e-01,
          5.7615103649778732e-01, 6.7949841164709358e-03,
          8.9391597748032833e-02, 2.7465098318376915e-02,
          9.1040888272969342e-02, 1.0609311163586650e-01,
          5.2311469220019051e-02, 1.1894154406666656e-01,
          -2.5623690994833581e-02, 6.7949841164709401e-03,
          1.9069184095781458e-01, -4.9615787598992420e-02,
          -2.0144928614847558e-02, 2.6884506387270607e-02,
          6.1150115969908922e-02, 4.6079221247476113e-02,
          6.7212919090635093e-02, 5.1811424280971283e-02,
          8.9391597748032833e-02, -4.9615787598992420e-02,
          7.6799224073956326e-02, 3.6815022820789987e-02,
          5.2235385075095987e-02, 4.8119249680690361e-02,
          -6.1234863911227714e-03, -7.9450952582833611e-05,
          -5.1138357925201557e-02, 2.7465098318376929e-02,
          -2.0144928614847558e-02, 3.6815022820789980e-02,
          2.3576872101385318e-01, 5.6106816740533444e-02,
          3.0820625858991344e-02, -5.2486931720035129e-02,
          -4.7103146253892711e-02, 2.1259121276194632e-02,
          9.1040888272969328e-02, 2.6884506387270607e-02,
          5.2235385075095987e-02, 5.6106816740533444e-02,
          2.1315021255928168e-01, 3.9542759936408940e-02,
          1.6480675262711747e-03, -2.2655271581804975e-04,
          9.5185886297984107e-02, 1.0609311163586650e-01,
          6.1150115969908922e-02, 4.8119249680690361e-02,
          3.0820625858991337e-02, 3.9542759936408940e-02,
          6.2313438880783090e-01, 1.0668013680958632e-01,
          2.7543456777162800e-01, 1.3898953032067760e-01,
          5.2311469220019051e-02, 4.6079221247476113e-02,
          -6.1234863911227722e-03, -5.2486931720035122e-02,
          1.6480675262711764e-03, 1.0668013680958632e-01,
          5.8605257627740315e-01, 3.2149105920280208e-01,
          9.9485100369772456e-02, 1.1894154406666656e-01,
          6.7212919090635093e-02, -7.9450952582834153e-05,
          -4.7103146253892725e-02, -2.2655271581804989e-04,
          2.7543456777162800e-01, 3.2149105920280197e-01,
          7.1171535235093408e-01 ]
   - !!opencv-matrix
      rows: 9
      cols: 9
      dt: d
      data: [ 2.6171321798171970e-01, 2.3277730744376810e-02,
          -4.1350151750104043e-02, 1.8122122134434406e-02,
          3.3224891334765667e-04, 1.4395833350954807e-02,
          5.3322655625001936e-02, -4.7635547082291460e-03,
          1.5263340142536984e-02, 2.3277730744376810e-02,
          2.0956846212819145e-02, -1.2875660920534658e-02,
          9.2829946342866069e-03, 3.5937466590539339e-03,
          1.0937258712492279e-02, 1.2118579754155466e-02,
          2.8751105196593639e-03, 3.2431362792099440e-02,
          -4.1350151750104043e-02, -1.2875660920534658e-02,
          5.3211972617641892e-02, -1.9095683164353661e-02,
          -2.8724641223975269e-03, 4.8484491438618326e-04,
          -1.6259629085148247e-02, 9.0355666562796715e-04,
          -3.5147325253070121e-02, 1.8122122134434402e-02,
          9.2829946342866069e-03, -1.9095683164353658e-02,
          2.7393310928258790e-02, 2.0699972496338527e-03,
          3.3402355806758368e-03, 9.4711693241330223e-03,
          2.3473835329699995e-03, 1.8262274243918741e-02,
          3.3224891334765716e-04, 3.5937466590539348e-03,
          -2.8724641223975282e-03, 2.0699972496338527e-03,
          4.9956248829477877e-02, -4.7975411592512457e-03,
          1.5949262702816360e-03, -6.3552029651416358e-03,
          1.3541490142044621e-03, 1.4395833350954804e-02,
          1.0937258712492282e-02, 4.8484491438618310e-04,
          3.3402355806758368e-03, -4.7975411592512457e-03,
          7.8988427837929129e-02, 6.5215296157390638e-03,
          1.0204306628044597e-03, -4.4574851843137914e-04,
          5.3322655625001936e-02, 1.2118579754155468e-02,
          -1.6259629085148244e-02, 9.4711693241330240e-03,
          1.5949262702816352e-03, 6.5215296157390638e-03,
          2.4839542899815433e-02, -1.2943880821996276e-03,
          1.7517046444553642e-02, -4.7635547082291486e-03,
          2.8751105196593648e-03, 9.0355666562796683e-04,
          2.3473835329699995e-03, -6.3552029651416358e-03,
          1.0204306628044594e-03, -1.2943880821996276e-03,
          1.6432249852869002e-01, 1.4696043674436892e-02,
          1.5263340142536986e-02, 3.2431362792099440e-02,
          -3.5147325253070121e-02, 1.8262274243918741e-02,
          1.3541490142044623e-03, -4.4574851843137925e-04,
          1.7517046444553642e-02, 1.4696043674436887e-02,
          2.2008947696505435e-01 ]
   - !!opencv-matrix
      rows: 9
      cols: 9
      dt: d
      data: [ 8.2596622378349482e-01, 2.2399442855819504e-01,
          6.0308439758940791e-02, 2.0514178254619795e-02,
          -1.5155144351709027e-01, 7.1839394590444416e-02,
          1.4209546022233205e-02, -1.6692340474650010e-03,
          6.9157087093287772e-02, 2.2399442855819504e-01,
          6.4286720663431385e-01, -1.0045537877703679e-01,
          1.2979874213723525e-01, 2.3768372575654112e-01,
          3.7031711073303307e-03, 1.1748134718183295e-01,
          3.9235332387003137e-03, -2.0492226984559989e-01,
          6.0308439758940798e-02, -1.0045537877703679e-01,
          1.0447225479998928e-01, -3.9726873933130610e-02,
          -8.3639400602226716e-02, 3.5237082580513550e-02,
          -4.1241349621619405e-02, 5.5938593195394883e-03,
          1.2677924717492942e-01, 2.0514178254619802e-02,
          1.2979874213723522e-01, -3.9726873933130624e-02,
          4.7080789744109626e-02, 6.3365004836401992e-02,
          -6.7831332472016222e-03, 3.1178437809446180e-02,
          1.1756818924132724e-03, -6.9549973016614641e-02,
          -1.5155144351709027e-01, 2.3768372575654112e-01,
          -8.3639400602226729e-02, 6.3365004836401964e-02,
          4.2101543517897189e-01, -2.9632479736007682e-02,
          9.1544190702348580e-02, 8.3271900885242261e-03,
