%YAML:1.0
---
groups:
   - intact
   - CD19
   - blast
intactGmmnames:
   - "intact.760.0"
   - "intact.760.1"
   - "intact.760.2"
   - "intact.760.3"
   - "intact.760.4"
intactLabels:
   - FSC-A
   - SSC-A
   - SY41
   - CD19
   - CD10
   - CD20
   - CD45
   - CD34
   - CD38
intactMu: !!opencv-matrix
   rows: 5
   cols: 9
   dt: d
   data: [ 1.5907290343095217e+00, 4.9199794395704299e-01,
       3.0859071492488739e+00, 1.2264876488519600e+00,
       1.0599269727986145e+00, 1.2563889069654803e+00,
       3.7670953182381273e+00, 1.1920133289039350e+00,
       1.5949255113106293e+00, 2.3403629873308871e+00,
       2.7092202225163202e+00, 3.2224757798649017e+00,
       1.6210880229540185e+00, 2.3574023332351248e+00,
       1.5340152615182174e+00, 3.2727603114196340e+00,
       1.4422028834603307e+00, 1.8473744373894210e+00,
       1.1046554300738325e+00, 6.3301210432855382e-01,
       3.2309475065259927e+00, 9.4722858974391810e-01,
       1.0415603806048224e+00, 1.1757384981378083e+00,
       1.5382923060976232e+00, 1.2650146986118902e+00,
       1.5296704670870016e+00, 1.1848213583343821e+00,
       2.9432293239562352e-01, 3.3463020968536821e+00,
       1.0531314961942619e+00, 9.2937861041984449e-01,
       1.0412363885760549e+00, 3.6155811216652927e+00,
       1.1747377289977130e+00, 2.0118224156645117e+00,
       1.7514319398625131e+00, 5.9426208270843628e-01,
       3.0180556065036224e+00, 1.2878284437110006e+00,
       1.0543332968674310e+00, 1.0904521477269520e+00,
       3.8014027386365292e+00, 1.2227416960530351e+00,
       2.3007859242702602e+00 ]
intactSigma:
   - !!opencv-matrix
      rows: 9
      cols: 9
      dt: d
      data: [ 1.3096819119967876e-01, 1.4414429266676798e-02,
          -2.7925590531789724e-02, 7.7616736415939769e-03,
          3.3889140691477759e-03, 2.5705304132726471e-03,
          1.4520419580354946e-02, -1.5523899030959701e-03,
          -2.0812039998381236e-02, 1.4414429266676798e-02,
          1.8334549897103973e-02, -1.0804576117431068e-02,
          9.5440727936418300e-03, 3.5727530227312267e-03,
          7.3098800908807972e-03, 8.6746827585545434e-03,
          2.1613754960961521e-03, -2.6320973995253003e-03,
          -2.7925590531789720e-02, -1.0804576117431068e-02,
          5.5517991140573965e-02, -1.6758497010983787e-02,
          -6.9852761106637693e-03, -2.0162908645573847e-04,
          -1.0148230687502046e-02, 6.4163860275004620e-04,
          9.0352179169102837e-03, 7.7616736415939743e-03,
          9.5440727936418317e-03, -1.6758497010983787e-02,
          4.7320416695442749e-02, 5.4232075561521592e-03,
          4.2921114552620428e-03, 7.3421346824706184e-03,
          5.2910825645033875e-03, -9.2775540754085617e-03,
          3.3889140691477750e-03, 3.5727530227312272e-03,
          -6.9852761106637667e-03, 5.4232075561521584e-03,
          6.7095407564197462e-02, -3.6986803213826568e-03,
          5.8447790872188758e-03, -8.6406291082790684e-03,
          -6.2999551386848226e-03, 2.5705304132726471e-03,
          7.3098800908807972e-03, -2.0162908645573842e-04,
          4.2921114552620437e-03, -3.6986803213826590e-03,
          3.9386541335359251e-02, 4.0556967795964925e-03,
          2.0637528862047041e-03, 8.5433923963242400e-04,
          1.4520419580354946e-02, 8.6746827585545434e-03,
          -1.0148230687502048e-02, 7.3421346824706201e-03,
          5.8447790872188776e-03, 4.0556967795964917e-03,
          1.3460263939739297e-02, -3.4075276714892142e-04,
          -5.0605574460284592e-03, -1.5523899030959712e-03,
          2.1613754960961521e-03, 6.4163860275004566e-04,
          5.2910825645033892e-03, -8.6406291082790684e-03,
          2.0637528862047054e-03, -3.4075276714892180e-04,
          1.6846740114576500e-01, 5.5184294180397548e-03,
          -2.0812039998381236e-02, -2.6320973995252995e-03,
          9.0352179169102802e-03, -9.2775540754085600e-03,
          -6.2999551386848226e-03, 8.5433923963242455e-04,
          -5.0605574460284592e-03, 5.5184294180397548e-03,
          6.1937668859284256e-02 ]
   - !!opencv-matrix
      rows: 9
      cols: 9
      dt: d
      data: [ 7.5463580655107709e-01, 2.9910479476041540e-01,
          -5.6819550740157820e-02, 6.6619669651111227e-02,
          8.5291239581612862e-04, 4.7186687780630121e-02,
          4.1965622212990814e-02, 3.4593481325105126e-02,
          1.1885884222222960e-02, 2.9910479476041540e-01,
          1.2062911685878512e+00, -2.0771482407184128e-02,
          2.2219633684030052e-01, 4.7807456801263748e-01,
          5.8545582220302206e-02, 5.5430186338707173e-02,
          -4.4118282759755587e-02, -9.3333640845730870e-02,
          -5.6819550740157820e-02, -2.0771482407184128e-02,
          1.1647863010020466e-01, -2.5368609469951502e-02,
          6.0826634585149737e-03, 4.1683271122566401e-03,
          3.9283665312147976e-02, -2.0028720511467386e-02,
          2.9994114701954781e-02, 6.6619669651111227e-02,
          2.2219633684030046e-01, -2.5368609469951505e-02,
          1.1281930445280279e-01, 1.0844659128517643e-01,
          4.8339228104431836e-02, 4.0284148285138835e-02,
          -4.0582749686090457e-04, -1.3728786833361191e-02,
          8.5291239581612927e-04, 4.7807456801263748e-01,
          6.0826634585149737e-03, 1.0844659128517643e-01,
          5.1106700526423476e-01, 3.2872616501304193e-02,
          7.9871160552498877e-02, -4.9406696629489578e-02,
          -6.3076992445243757e-02, 4.7186687780630114e-02,
          5.8545582220302206e-02, 4.1683271122566383e-03,
          4.8339228104431836e-02, 3.2872616501304186e-02,
          1.0630129455838395e-01, 1.5376954160889295e-02,
          2.7449410243520923e-02, 1.9112786982203058e-02,
          4.1965622212990814e-02, 5.5430186338707173e-02,
          3.9283665312147976e-02, 4.0284148285138835e-02,
          7.9871160552498877e-02, 1.5376954160889295e-02,
          2.6061775440731538e-01, -3.5353211218922327e-02,
          4.2305988355567273e-02, 3.4593481325105126e-02,
          -4.4118282759755580e-02, -2.0028720511467389e-02,
          -4.0582749686090544e-04, -4.9406696629489578e-02,
          2.7449410243520930e-02, -3.5353211218922313e-02,
          2.1360059549335247e-01, 3.1831131605884258e-02,
          1.1885884222222960e-02, -9.3333640845730884e-02,
          2.9994114701954781e-02, -1.3728786833361191e-02,
          -6.3076992445243757e-02, 1.9112786982203058e-02,
          4.2305988355567266e-02, 3.1831131605884265e-02,
          1.7563126244234820e-01 ]
   - !!opencv-matrix
      rows: 9
      cols: 9
      dt: d
      data: [ 3.1710330305209422e-01, 1.3965173747239903e-01,
          -1.6938237709344603e-01, 7.5414757300631907e-02,
          4.9428597320251073e-02, 6.5923744742004284e-02,
          1.4043130147994873e-01, 9.9815815693534399e-02,
          1.8287274608600759e-02, 1.3965173747239903e-01,
          1.2326308789859049e-01, -9.7976932598196689e-02,
          4.9609276539064544e-02, 4.0723226773547005e-02,
          5.5861804780835002e-02, 1.0843243063213540e-01,
          7.9763668289651840e-02, 1.6614708451257502e-02,
          -1.6938237709344603e-01, -9.7976932598196689e-02,
          3.0396864156460340e-01, -1.1891468375207931e-01,
          -3.3949123350915475e-02, -2.5194529396196413e-02,
          -1.4178091237689580e-01, -1.0916621691630364e-01,
          2.4071452944302370e-03, 7.5414757300631907e-02,
          4.9609276539064544e-02, -1.1891468375207931e-01,
          6.6911623598981979e-02, 2.3476609210522879e-02,
          1.9227513437918429e-02, 5.8221144980603157e-02,
          4.3737987185973014e-02, -1.3197388738276378e-03,
          4.9428597320251080e-02, 4.0723226773547019e-02,
          -3.3949123350915475e-02, 2.3476609210522879e-02,
          1.1668516286724884e-01, 2.2854588619479234e-02,
