%YAML:1.0
---
groups:
   - intact
   - CD19
intactGmmnames:
   - "intact.760.0"
   - "intact.760.1"
   - "intact.760.2"
   - "intact.760.3"
   - "intact.760.4"
intactLabels:
   - FSC-A
   - SSC-A
   - SY41
   - CD19
   - CD10
   - CD20
   - CD45
   - CD34
   - CD38
intactMu: !!opencv-matrix
   rows: 5
   cols: 9
   dt: d
   data: [ 7.1553804200651028e-01, 3.0803724003043442e-01,
       4.0073395187289105e+00, 7.9275362188255216e-01,
       8.0203078163936181e-01, 9.5111139776263620e-01,
       1.2362055290857665e+00, 1.0763473298403350e+00,
       1.5592979714711803e+00, 1.4791004708808679e+00,
       3.6807148597931971e-01, 3.3836508308485054e+00,
       1.1412654582873105e+00, 1.0090046913524449e+00,
       1.0931205896145924e+00, 3.6292254710293954e+00,
       1.1116246973102732e+00, 1.7177106266489552e+00,
       5.5019929034753945e-01, 2.4367573288110900e-01,
       3.9491436473819261e+00, 9.0900486313075790e-01,
       8.2924765397732925e-01, 1.0503852228965207e+00,
       3.3765478740192725e+00, 1.1155485983725610e+00,
       1.7261419041126207e+00, 1.3345969754539668e+00,
       5.3971403681840302e-01, 2.9231093045450582e+00,
       1.1983300553464471e+00, 1.0422141962833069e+00,
       1.0972160458322575e+00, 1.6018283123055588e+00,
       1.1501229443059309e+00, 1.5564401278774791e+00,
       2.5014448863073002e+00, 1.9895040340804651e+00,
       3.5014637702879794e+00, 1.2431819378239197e+00,
       1.4375585843829701e+00, 1.5721854536627458e+00,
       2.7030478905898079e+00, 1.5057830821788802e+00,
       2.4689882379677259e+00 ]
intactSigma:
   - !!opencv-matrix
      rows: 9
      cols: 9
      dt: d
      data: [ 1.3051698714482102e-01, 1.9371420023040088e-02,
          -2.5114870346622992e-02, 2.2613760317092817e-02,
          1.3895435741746271e-02, 2.0304520259818621e-02,
          9.5498089852113100e-03, -2.7801257589841737e-03,
          -1.4405749790627302e-03, 1.9371420023040091e-02,
          2.2558869716944135e-02, -3.0420179524309637e-03,
          4.9104000942551589e-03, 9.2556889155807169e-03,
          2.2937167168522003e-02, 8.0339410096352381e-03,
          1.9250146064564131e-03, 2.3544751164964253e-03,
          -2.5114870346622992e-02, -3.0420179524309645e-03,
          4.8668607725299552e-02, -4.1293771291982695e-02,
          -2.4031273708369227e-02, -8.3792224894105490e-03,
          -9.7107285909423125e-03, 4.7976110207979851e-03,
          8.2483707684617730e-03, 2.2613760317092817e-02,
          4.9104000942551598e-03, -4.1293771291982695e-02,
          3.8479152474678723e-02, 2.2670756437623844e-02,
          1.0859486232970526e-02, 9.4698796734733887e-03,
          -3.6607254524800761e-03, -7.6932844445508066e-03,
          1.3895435741746271e-02, 9.2556889155807169e-03,
          -2.4031273708369227e-02, 2.2670756437623844e-02,
          5.4015895635314087e-02, 9.3924763975763367e-03,
          1.2781867787639262e-02, -1.4400325813892262e-03,
          -2.8143007701190454e-03, 2.0304520259818628e-02,
          2.2937167168522003e-02, -8.3792224894105490e-03,
          1.0859486232970526e-02, 9.3924763975763367e-03,
          1.0688319383941182e-01, 1.2048742744650167e-02,
          2.3920392289019377e-03, 1.6993517348873378e-03,
          9.5498089852113083e-03, 8.0339410096352364e-03,
          -9.7107285909423125e-03, 9.4698796734733887e-03,
          1.2781867787639262e-02, 1.2048742744650167e-02,
          4.7046931049603294e-02, -9.8035528699428188e-04,
          -3.8753051756859792e-04, -2.7801257589841763e-03,
          1.9250146064564121e-03, 4.7976110207979842e-03,
          -3.6607254524800748e-03, -1.4400325813892256e-03,
          2.3920392289019381e-03, -9.8035528699428145e-04,
          3.9543659438802073e-02, 1.5252941256197210e-03,
          -1.4405749790627296e-03, 2.3544751164964258e-03,
          8.2483707684617730e-03, -7.6932844445508066e-03,
          -2.8143007701190441e-03, 1.6993517348873378e-03,
          -3.8753051756859803e-04, 1.5252941256197212e-03,
          6.4720944633468620e-03 ]
   - !!opencv-matrix
      rows: 9
      cols: 9
      dt: d
      data: [ 4.1475747387788742e-01, 2.8158500663059544e-02,
          -1.1968896974817655e-01, 4.2680472057954326e-02,
          1.2913081227577655e-02, 2.7272063854471725e-02,
          5.1432595499157414e-02, -1.1363461870379371e-02,
          -3.1524195639688758e-02, 2.8158500663059544e-02,
          2.2325637548421276e-02, -2.2692878832072192e-02,
          7.2590453469482154e-03, 5.0699726664005032e-03,
          1.3571553714062119e-02, 8.8551393761459388e-03,
          1.7064880769691493e-03, -1.5011491396566196e-03,
          -1.1968896974817655e-01, -2.2692878832072189e-02,
          1.7954230796485876e-01, -5.1545503038326335e-02,
          -1.8107682811224927e-02, -1.1391201915196223e-02,
          -2.1775279207465848e-02, 8.3586516640923453e-03,
          2.0951066538481521e-02, 4.2680472057954333e-02,
          7.2590453469482154e-03, -5.1545503038326335e-02,
          2.8227355628840042e-02, 6.7040013012763964e-03,
          5.2469217950724114e-03, 7.8035864856925916e-03,
          -9.9910534448998528e-04, -8.9701805647066715e-03,
          1.2913081227577653e-02, 5.0699726664005041e-03,
          -1.8107682811224927e-02, 6.7040013012763973e-03,
          5.4086875539852093e-02, -2.8317491071683837e-03,
          4.1146640969664180e-03, -5.2871334323107986e-03,
          -5.7119990729546316e-03, 2.7272063854471725e-02,
          1.3571553714062119e-02, -1.1391201915196223e-02,
          5.2469217950724114e-03, -2.8317491071683841e-03,
          9.0310900297412525e-02, 8.4454023194931536e-03,
          2.0496209558791504e-03, -1.0063625017313345e-02,
          5.1432595499157414e-02, 8.8551393761459388e-03,
          -2.1775279207465848e-02, 7.8035864856925916e-03,
          4.1146640969664180e-03, 8.4454023194931570e-03,
          1.8801659986004304e-02, -2.1922716216377595e-03,
          -5.2394893078969891e-03, -1.1363461870379371e-02,
          1.7064880769691493e-03, 8.3586516640923470e-03,
          -9.9910534448998615e-04, -5.2871334323107951e-03,
          2.0496209558791500e-03, -2.1922716216377595e-03,
          1.8507255950330090e-01, 6.2278482234582140e-03,
          -3.1524195639688758e-02, -1.5011491396566190e-03,
          2.0951066538481517e-02, -8.9701805647066733e-03,
          -5.7119990729546342e-03, -1.0063625017313343e-02,
          -5.2394893078969882e-03, 6.2278482234582166e-03,
          1.2390634390771557e-01 ]
   - !!opencv-matrix
      rows: 9
      cols: 9
      dt: d
      data: [ 5.8654983756469388e-02, 4.4897750098584037e-03,
          -2.3879948060754674e-02, 1.5817927145528873e-02,
          8.2297525651164535e-03, 1.0417086320768615e-03,
          3.2480731788107599e-02, -2.5442220904363976e-03,
          2.9659773413703485e-03, 4.4897750098584037e-03,
          5.9170912205475457e-03, -3.1271306715677526e-04,
          2.6232295396458032e-03, 3.2105578427597862e-03,
          9.7623689381908622e-03, 2.7519733820091335e-03,
          1.2268169327207289e-03, -1.4112661324836391e-03,
          -2.3879948060754674e-02, -3.1271306715677526e-04,
          2.8534240699356804e-02, -1.9974824101360599e-02,
          -1.1173778389277952e-02, 4.2183195741172380e-03,
          -1.8289749327340413e-02, 2.6437138029905467e-03,
          -8.9619391126936909e-04, 1.5817927145528873e-02,
          2.6232295396458032e-03, -1.9974824101360596e-02,
          4.7129931961788059e-02, 2.0554721993127179e-02,
          5.9308146095326406e-02, 7.8515009421673415e-03,
          -1.5419003886846076e-04, -4.9845662452486401e-03,
          8.2297525651164535e-03, 3.2105578427597857e-03,
          -1.1173778389277954e-02, 2.0554721993127179e-02,
          4.1261963548091342e-02, 2.4612707726432415e-02,
