%YAML:1.0
---
groups:
   - intact
   - CD19
   - blast
intactGmmnames:
   - "intact.762.0"
   - "intact.762.1"
   - "intact.762.2"
   - "intact.762.3"
   - "intact.762.4"
intactLabels:
   - FSC-A
   - SSC-A
   - SY41
   - CD19
   - CD10
   - CD20
   - CD45
   - CD34
   - CD38
intactMu: !!opencv-matrix
   rows: 5
   cols: 9
   dt: d
   data: [ 2.8169777522403403e+00, 1.9996810746232823e+00,
       2.3768671982277234e+00, 1.3591482250524627e+00,
       1.1580858125522853e+00, 1.2654758147811553e+00,
       2.3469968488103010e+00, 1.8046807358009112e+00,
       1.6757551433160265e+00, 2.2999108803362858e+00,
       6.1619747961447757e-01, 2.9425524986565104e+00,
       1.1197180473977257e+00, 8.7349206904203391e-01,
       1.0924987954205003e+00, 3.7628693214769613e+00,
       1.1683190462938262e+00, 1.8565191780379138e+00,
       2.8427883383622503e+00, 3.4960368125407837e+00,
       2.9721673731351617e+00, 1.6525618244090685e+00,
       1.7748790830674932e+00, 1.3087851443067706e+00,
       3.1881214007754428e+00, 1.4725391319124590e+00,
       1.7087362715657635e+00, 1.3340242824572262e+00,
       3.8307686865495211e-01, 3.0730424690914697e+00,
       9.2428759603911692e-01, 1.0217383495210663e+00,
       1.0188957043283242e+00, 1.6219038562616943e+00,
       1.1011468174391994e+00, 1.6758371265346734e+00,
       2.4402392767705563e+00, 2.2170918295641489e+00,
       3.1042870262307369e+00, 1.4702118569182150e+00,
       1.4519215206246960e+00, 1.6143572541788880e+00,
       3.0471060963151277e+00, 1.7033133793226767e+00,
       2.3036748734594070e+00 ]
intactSigma:
   - !!opencv-matrix
      rows: 9
      cols: 9
      dt: d
      data: [ 7.9370602720626493e-01, 1.1208262414181437e-01,
          3.4343575645550808e-02, 2.3057091205442536e-02,
          -2.3836901761508107e-02, 6.7190390247102119e-02,
          2.8266025138012282e-02, 1.0087302878118705e-01,
          8.3615985001827917e-02, 1.1208262414181437e-01,
          7.4201479288710248e-01, 1.0445079295404391e-01,
          1.4928968670695295e-01, 1.6025236427280987e-01,
          4.4302845057154275e-02, 7.8838376014869777e-03,
          -2.0503401780388569e-01, -1.3005684320089747e-01,
          3.4343575645550808e-02, 1.0445079295404391e-01,
          2.7276196032984722e-02, 2.1774501144289519e-02,
          2.5339097087676891e-02, 1.8455206503576807e-02,
          2.3087499563888444e-02, 7.5426547405124591e-04,
          8.2687716473558298e-03, 2.3057091205442536e-02,
          1.4928968670695295e-01, 2.1774501144289519e-02,
          4.7758020584316108e-02, 3.3762720754946872e-02,
          1.0077698772972475e-02, 3.0256068452447268e-03,
          -3.8893968167438030e-02, -2.9614443225724377e-02,
          -2.3836901761508118e-02, 1.6025236427280987e-01,
          2.5339097087676885e-02, 3.3762720754946872e-02,
          1.1004839181668663e-01, 2.3546037462306925e-03,
          3.3701793859527596e-02, -5.3812692095466366e-02,
          -2.7315537267853837e-02, 6.7190390247102105e-02,
          4.4302845057154268e-02, 1.8455206503576811e-02,
          1.0077698772972475e-02, 2.3546037462306929e-03,
          7.2531761399782069e-02, 4.4221350506698100e-02,
          5.7345023595331029e-02, 5.1517128837445997e-02,
          2.8266025138012282e-02, 7.8838376014869725e-03,
          2.3087499563888444e-02, 3.0256068452447268e-03,
          3.3701793859527603e-02, 4.4221350506698100e-02,
          1.7360610098580301e-01, 1.3628253131089205e-01,
          1.1998103051170737e-01, 1.0087302878118704e-01,
          -2.0503401780388569e-01, 7.5426547405124558e-04,
          -3.8893968167438023e-02, -5.3812692095466366e-02,
          5.7345023595331043e-02, 1.3628253131089205e-01,
          3.2430747857131120e-01, 2.1903921313311336e-01,
          8.3615985001827917e-02, -1.3005684320089744e-01,
          8.2687716473558298e-03, -2.9614443225724377e-02,
          -2.7315537267853837e-02, 5.1517128837446004e-02,
          1.1998103051170737e-01, 2.1903921313311336e-01,
          2.1740479083262820e-01 ]
   - !!opencv-matrix
      rows: 9
      cols: 9
      dt: d
      data: [ 3.5012320546385645e-01, 2.8580115205858909e-02,
          -3.0541526868560622e-02, 1.0980007372839287e-02,
          -1.4002044153783716e-03, -1.1583670778202272e-02,
          1.3932528134693279e-02, 6.0605655515514716e-03,
          2.7248179016945338e-02, 2.8580115205858909e-02,
          3.2537764653336500e-02, -6.7123279687896185e-03,
          1.0516654290417754e-02, 3.4754001907258839e-03,
          4.9761158729233115e-03, 8.8613633261034469e-03,
          8.9714983278163449e-03, 4.8970112269752716e-02,
          -3.0541526868560619e-02, -6.7123279687896168e-03,
          3.0857509890899529e-02, -5.3902249089021678e-03,
          1.9679170765977223e-06, 7.7924142763423397e-03,
          -2.7438327806043323e-03, -1.3280236627696662e-03,
          -2.6318798142347711e-02, 1.0980007372839287e-02,
          1.0516654290417754e-02, -5.3902249089021687e-03,
          4.9753027103808439e-02, 1.2177539445922564e-03,
          8.1516431411007427e-04, 4.1914702466076467e-03,
          7.6862847441087987e-03, 6.4659547798044262e-03,
          -1.4002044153783710e-03, 3.4754001907258843e-03,
          1.9679170765977435e-06, 1.2177539445922566e-03,
          4.4430106682186679e-02, -3.5125036667981772e-03,
          1.4522328276486503e-03, -9.5786954549026918e-03,
          -1.0192394439068310e-02, -1.1583670778202272e-02,
          4.9761158729233115e-03, 7.7924142763423397e-03,
          8.1516431411007427e-04, -3.5125036667981763e-03,
          8.7274806582778849e-02, 2.0393154402322720e-03,
          -5.5881583445386467e-04, -4.1767402746468923e-02,
          1.3932528134693282e-02, 8.8613633261034469e-03,
          -2.7438327806043323e-03, 4.1914702466076467e-03,
          1.4522328276486501e-03, 2.0393154402322720e-03,
          1.3132357773296084e-02, 2.3127164347773940e-03,
          -1.1016748153571128e-02, 6.0605655515514698e-03,
          8.9714983278163449e-03, -1.3280236627696651e-03,
          7.6862847441087987e-03, -9.5786954549026901e-03,
          -5.5881583445386489e-04, 2.3127164347773940e-03,
          1.9597143127385358e-01, 2.1915386591682837e-02,
          2.7248179016945338e-02, 4.8970112269752716e-02,
          -2.6318798142347711e-02, 6.4659547798044262e-03,
          -1.0192394439068306e-02, -4.1767402746468917e-02,
          -1.1016748153571126e-02, 2.1915386591682833e-02,
          6.4525588747524232e-01 ]
   - !!opencv-matrix
      rows: 9
      cols: 9
      dt: d
      data: [ 6.6069607976369815e-01, 1.2296367800773909e-01,
          -1.3792644735806041e-02, 2.2563506866880249e-02,
          -4.0210016226292375e-02, 1.5326048167556913e-02,
          -1.1992549269924300e-02, 7.0337167869844817e-03,
          3.2354989584311399e-02, 1.2296367800773909e-01,
          3.3545070778896957e-01, 2.3279694852762147e-03,
          5.7750545427594703e-02, 2.9546870035404911e-02,
          2.7898484556475370e-02, 1.1565817373461358e-02,
          1.5626869664399093e-02, 2.6913831558929770e-02,
          -1.3792644735806036e-02, 2.3279694852762151e-03,
          2.1752628898390566e-02, -1.5400850165218935e-03,
          3.5691795533059165e-04, 2.6680240195527498e-03,
          -5.7971685933841171e-04, 2.7762693780186377e-03,
          2.2536466826463060e-03, 2.2563506866880249e-02,
          5.7750545427594703e-02, -1.5400850165218924e-03,
          3.1774431732975457e-02, 8.9837329476182559e-03,
          9.3970489818463055e-03, 5.3278977630987351e-03,
          4.3535574789509875e-03, -5.8354889355839148e-03,
          -4.0210016226292375e-02, 2.9546870035404911e-02,
          3.5691795533059170e-04, 8.9837329476182524e-03,
          1.6902932806307772e-01, 2.0150652851138151e-02,
          2.7438960679841293e-02, 1.3074658573425013e-03,
          -2.6891010652241028e-02, 1.5326048167556911e-02,
          2.7898484556475367e-02, 2.6680240195527494e-03,
          9.3970489818463055e-03, 2.0150652851138151e-02,
          7.6933252386390691e-02, 1.9369875283903441e-02,
          9.6185477637488730e-03, -6.0187428412425874e-03,
          -1.1992549269924300e-02, 1.1565817373461358e-02,
          -5.7971685933841204e-04, 5.3278977630987351e-03,
          2.7438960679841289e-02, 1.9369875283903444e-02,
          2.9884512012703195e-02, 3.1462890911575503e-03,
          -1.3316028624904332e-02, 7.0337167869844782e-03,
          1.5626869664399100e-02, 2.7762693780186394e-03,
          4.3535574789509892e-03, 1.3074658573425030e-03,
          9.6185477637488748e-03, 3.1462890911575499e-03,
          1.2868593871574624e-01, 1.7523066707250581e-02,
          3.2354989584311399e-02, 2.6913831558929770e-02,
          2.2536466826463043e-03, -5.8354889355839122e-03,
          -2.6891010652241028e-02, -6.0187428412425874e-03,
          -1.3316028624904332e-02, 1.7523066707250578e-02,
          1.3940104020717159e-01 ]
   - !!opencv-matrix
      rows: 9
      cols: 9
      dt: d
      data: [ 1.8470740270308228e-01, 1.9709020059133792e-02,
          -1.3571665612018122e-02, 4.9302860850071904e-03,
          5.0978606854005922e-03, 2.4283369655116759e-03,
          1.1882406534036844e-02, 2.6507996575629417e-03,
          1.7424408302521580e-02, 1.9709020059133796e-02,
          2.1529473085133612e-02, 7.4513843696119800e-03,
          3.7385908204364839e-03, 1.3422966963674671e-02,
          2.0833384054922806e-02, 1.5322919627428202e-02,
          4.5177045832741217e-03, 1.9378795512072763e-02,
          -1.3571665612018117e-02, 7.4513843696119783e-03,
          6.4604807350269577e-02, -1.2401475549909311e-02,
          8.0124958986340020e-03, 1.7900736129878414e-02,
          3.7919059029419555e-03, 3.4311902405212771e-03,
          1.3060984991130724e-02, 4.9302860850071904e-03,
          3.7385908204364839e-03, -1.2401475549909311e-02,
          1.6243914780366447e-02, 2.8597533199860733e-03,
          5.1412177588947136e-03, 3.1720985065311334e-03,
          8.8569453674321717e-04, 2.3568032076597920e-04,
          5.0978606854005931e-03, 1.3422966963674671e-02,
          8.0124958986339985e-03, 2.8597533199860728e-03,
          9.8516819162156169e-02, 2.0557305316376003e-02,
          3.0471837382728288e-02, 7.6371775392818585e-04,
          3.4611442996263835e-02, 2.4283369655116785e-03,
          2.0833384054922806e-02, 1.7900736129878411e-02,
          5.1412177588947127e-03, 2.0557305316375996e-02,
          1.3152719455201656e-01, 1.0345610695880395e-02,
          6.0273211900442256e-03, 6.3288077782030459e-03,
          1.1882406534036848e-02, 1.5322919627428202e-02,
          3.7919059029419577e-03, 3.1720985065311334e-03,
          3.0471837382728288e-02, 1.0345610695880402e-02,
          1.7047707984574681e-01, 4.2582531893451629e-03,
          1.2868158798476334e-01, 2.6507996575629422e-03,
          4.5177045832741208e-03, 3.4311902405212797e-03,
          8.8569453674321738e-04, 7.6371775392818466e-04,
          6.0273211900442238e-03, 4.2582531893451620e-03,
          4.2346654699490609e-02, 6.8773199312693904e-03,
          1.7424408302521576e-02, 1.9378795512072763e-02,
          1.3060984991130722e-02, 2.3568032076597950e-04,
          3.4611442996263828e-02, 6.3288077782030442e-03,
          1.2868158798476334e-01, 6.8773199312693904e-03,
          1.9086698598528992e-01 ]
   - !!opencv-matrix
      rows: 9
      cols: 9
      dt: d
      data: [ 7.9739478121472096e-01, 2.3770041710833989e-01,
          3.5203133189038602e-02, 4.1392598028976019e-02,
          -3.7461917065289632e-02, 3.4702773942031202e-02,
          2.3718563989224675e-01, 1.1308199951164594e-01,
          2.8234458149843306e-01, 2.3770041710833986e-01,
          9.2280000872412171e-01, 2.0097348556810495e-02,
          1.5806635358468327e-01, 1.2219048203132067e-01,
          3.7282553874966338e-02, 2.6464133487103048e-01,
          9.1992725136454123e-02, 9.0905956609885610e-02,
          3.5203133189038602e-02, 2.0097348556810488e-02,
          1.0011670375184281e-01, -1.1681992103069897e-02,
          7.9844289075323982e-03, 4.1649857375830678e-02,
          -2.9896273263784946e-02, -2.2349145788034181e-03,
          2.7031190446782909e-02, 4.1392598028976019e-02,
          1.5806635358468327e-01, -1.1681992103069899e-02,
          1.3791445839792701e-01, 4.4901325248475184e-02,
          8.0223300060880937e-02, 9.5430787671415759e-02,
          1.9855996177194503e-02, 1.1528024586417905e-02,
          -3.7461917065289618e-02, 1.2219048203132067e-01,
          7.9844289075323982e-03, 4.4901325248475191e-02,
          2.1513384202328831e-01, 8.5610892510236250e-02,
          -2.5086429360316929e-02, -2.2464308210416055e-02,
          -1.1142498412910649e-01, 3.4702773942031181e-02,
          3.7282553874966338e-02, 4.1649857375830678e-02,
          8.0223300060880923e-02, 8.5610892510236250e-02,
          2.2133262912213925e-01, 2.2110650933739120e-02,
          8.8554819061658439e-03, -6.9063690184551886e-03,
          2.3718563989224684e-01, 2.6464133487103048e-01,
          -2.9896273263784946e-02, 9.5430787671415759e-02,
          -2.5086429360316922e-02, 2.2110650933739120e-02,
          5.3632406366939900e-01, 1.5072752944342402e-01,
          2.9366626831200393e-01, 1.1308199951164594e-01,
          9.1992725136454137e-02, -2.2349145788034177e-03,
          1.9855996177194506e-02, -2.2464308210416055e-02,
          8.8554819061658491e-03, 1.5072752944342399e-01,
          3.0297692855960390e-01, 1.8512427878290047e-01,
          2.8234458149843300e-01, 9.0905956609885610e-02,
          2.7031190446782902e-02, 1.1528024586417902e-02,
          -1.1142498412910649e-01, -6.9063690184551834e-03,
          2.9366626831200393e-01, 1.8512427878290047e-01,
          6.5937220313684408e-01 ]
intactC: !!opencv-matrix
   rows: 1
   cols: 5
   dt: d
   data: [ 7.9212707038018415e-02, 2.1071523748942686e-01,
       4.4778168978107863e-01, 3.6358995479768813e-02,
       4.4569086512813612e-02 ]
intactNumEvents: 178260.
intactMaxVals: !!opencv-matrix
   rows: 1
   cols: 9
   dt: d
   data: [ 4.5000000000000000e+00, 4.5000000000000000e+00,
       4.5000000000000000e+00, 4.5000000000000000e+00,
       4.5000000000000000e+00, 4.5000000000000000e+00,
       4.5000000000000000e+00, 4.5000000000000000e+00,
       4.5000000000000000e+00 ]
CD19Gmmnames:
   - "CD19.762.0"
   - "CD19.762.1"
CD19Labels:
   - FSC-A
   - SSC-A
   - SY41
   - CD19
   - CD10
   - CD20
   - CD45
   - CD34
   - CD38
CD19Mu: !!opencv-matrix
   rows: 2
   cols: 9
   dt: d
   data: [ 2.0170148805858341e+00, 5.1370388773522180e-01,
       2.9119350326105007e+00, 2.9364457489563716e+00,
       1.5260963310410061e+00, 3.1993712955480715e+00,
       3.6464372523932740e+00, 1.1677339059359770e+00,
       1.4086873156555431e+00, 1.9683727972922864e+00,
       3.2863102043886100e-01, 2.8618427998856322e+00,
       2.9343285714946581e+00, 1.2703385906426399e+00,
       3.0357505300615153e+00, 3.6237523079801353e+00,
       1.1088399628383037e+00, 1.6530234744721826e+00 ]
CD19Sigma:
   - !!opencv-matrix
      rows: 9
      cols: 9
      dt: d
      data: [ 2.6225923512633809e-01, 7.7335059919164343e-03,
          -1.0755138466905402e-02, 5.3025838869695105e-03,
          -1.1907649894723510e-03, 6.4551908676974514e-04,
          1.3690544558370724e-02, 4.1678347863160683e-03,
          -1.2593943543005106e-02, 7.7335059919164378e-03,
          3.6697752405319806e-02, 4.5942239341577630e-03,
          4.5985750313333372e-02, 3.3430957180982046e-02,
          3.3206691360725897e-02, 1.2369302681879114e-02,
          4.8657777884671622e-03, -1.7663148925763865e-02,
          -1.0755138466905399e-02, 4.5942239341577621e-03,
          3.5432805401279681e-02, 5.5092860265182082e-03,
          3.2832596496840919e-03, 1.9085741197429366e-03,
          3.1745779318516723e-04, -2.8438027830935894e-04,
          9.9327997702761944e-03, 5.3025838869695105e-03,
          4.5985750313333372e-02, 5.5092860265182064e-03,
          1.2328466863784386e-01, 7.6668559565827382e-02,
          7.7737554234965242e-02, 1.6976757508685034e-02,
          9.7482212847280324e-03, -7.6550906933803037e-02,
          -1.1907649894723515e-03, 3.3430957180982039e-02,
          3.2832596496840919e-03, 7.6668559565827368e-02,
          1.5660743723640100e-01, 8.3655363839312769e-02,
          1.4973978754189262e-02, 2.6640879822788140e-04,
          -3.1325370427215803e-02, 6.4551908676974720e-04,
          3.3206691360725897e-02, 1.9085741197429366e-03,
          7.7737554234965242e-02, 8.3655363839312769e-02,
          1.0095515843447830e-01, 1.7864030350918124e-02,
          7.1060651684674838e-03, -5.3960539984075906e-02,
          1.3690544558370720e-02, 1.2369302681879116e-02,
          3.1745779318516723e-04, 1.6976757508685034e-02,
          1.4973978754189262e-02, 1.7864030350918124e-02,
          2.2462790513460413e-02, 6.8002560296938927e-04,
          -1.1810167123848360e-02, 4.1678347863160726e-03,
          4.8657777884671613e-03, -2.8438027830935883e-04,
          9.7482212847280324e-03, 2.6640879822788178e-04,
          7.1060651684674821e-03, 6.8002560296938851e-04,
          1.9467621566543364e-01, 4.7217494514042732e-03,
          -1.2593943543005106e-02, -1.7663148925763861e-02,
          9.9327997702761944e-03, -7.6550906933803037e-02,
          -3.1325370427215810e-02, -5.3960539984075906e-02,
          -1.1810167123848359e-02, 4.7217494514042767e-03,
          4.8088264409421100e-01 ]
   - !!opencv-matrix
      rows: 9
      cols: 9
      dt: d
      data: [ 1.6169822151955385e-01, 4.8316330184520733e-03,
          -1.4957801525801668e-02, 1.3612791327329325e-03,
          4.9578847048861461e-03, 3.7030088544559876e-03,
          7.8939364009485650e-03, -2.0302272912063350e-03,
          2.6231377424702951e-03, 4.8316330184520716e-03,
          7.1362174546824820e-03, -5.8580103417519137e-04,
          3.0955822152819016e-03, 3.8048691075467230e-03,
          4.1536742339204789e-03, 2.9356369122863907e-03,
          8.7488306112421378e-04, 3.8147540772710139e-03,
          -1.4957801525801668e-02, -5.8580103417519170e-04,
          2.8717367452577795e-02, 3.0579376596106906e-05,
          -2.8128540911448521e-03, -1.2152870051534053e-03,
          -1.6192003444430792e-03, -1.8020358297269579e-04,
          1.5244939407535886e-03, 1.3612791327329322e-03,
          3.0955822152819003e-03, 3.0579376596106743e-05,
          2.1847686123472796e-02, 3.7887875158078639e-03,
          5.4236469800731423e-03, 2.3193623765477593e-03,
          1.1837578062277210e-03, -6.5560858439072771e-03,
          4.9578847048861478e-03, 3.8048691075467222e-03,
          -2.8128540911448530e-03, 3.7887875158078631e-03,
          1.3314463802990961e-01, 1.4265107480045745e-02,
          3.5370384850003859e-03, -4.9311568430509354e-03,
          1.8728533381266260e-02, 3.7030088544559858e-03,
          4.1536742339204789e-03, -1.2152870051534055e-03,
          5.4236469800731423e-03, 1.4265107480045749e-02,
          1.9966864962523298e-02, 3.5777892116083325e-03,
          1.1473818987109096e-03, 1.0474634435780015e-02,
          7.8939364009485685e-03, 2.9356369122863907e-03,
          -1.6192003444430792e-03, 2.3193623765477588e-03,
          3.5370384850003864e-03, 3.5777892116083316e-03,
          7.3884893947765515e-03, -8.9314107279201056e-04,
          2.4587576518642477e-03, -2.0302272912063380e-03,
          8.7488306112421443e-04, -1.8020358297269620e-04,
          1.1837578062277208e-03, -4.9311568430509337e-03,
          1.1473818987109096e-03, -8.9314107279201099e-04,
          1.5455421900098823e-01, 4.8438326887606997e-03,
          2.6231377424702960e-03, 3.8147540772710139e-03,
          1.5244939407535890e-03, -6.5560858439072771e-03,
          1.8728533381266260e-02, 1.0474634435780015e-02,
          2.4587576518642486e-03, 4.8438326887606980e-03,
          3.1814832377562274e-01 ]
CD19C: !!opencv-matrix
   rows: 1
   cols: 2
   dt: d
   data: [ 3.5495393778714211e-02, 1.4550409187469659e-01 ]
CD19NumEvents: 39413.
CD19MaxVals: !!opencv-matrix
   rows: 1
   cols: 9
   dt: d
   data: [ 4.5000000000000000e+00, 4.5000000000000000e+00,
       4.5000000000000000e+00, 4.5000000000000000e+00,
       4.5000000000000000e+00, 4.5000000000000000e+00,
       4.5000000000000000e+00, 4.5000000000000000e+00,
       4.5000000000000000e+00 ]
blastGmmnames:
   - "blast.762.0"
blastLabels:
   - FSC-A
   - SSC-A
   - SY41
   - CD19
   - CD10
   - CD20
   - CD45
   - CD34
   - CD38
blastMu: !!opencv-matrix
   rows: 1
   cols: 9
   dt: d
   data: [ 2.5282622832286208e+00, 6.3642942094350163e-01,
       2.9901215426529508e+00, 3.0685714437991756e+00,
       3.2755014443699317e+00, 1.6784612872178042e+00,
       3.1850790132450153e+00, 1.7377192687384690e+00,
       2.0184396735475034e+00 ]
blastSigma:
   - !!opencv-matrix
      rows: 9
      cols: 9
      dt: d
      data: [ 4.6929918114893093e-01, 6.5997945549154851e-03,
          -7.0734134241034101e-03, 1.1505317018136518e-02,
          2.5800573183225949e-02, 1.7569416343960278e-02,
          2.5444069108933199e-03, 5.6810130300319360e-02,
          -4.2592475741910059e-02, 6.5997945549154851e-03,
          5.6810462526503978e-02, 6.2822950332670205e-03,
          3.7447098607999593e-02, 1.0189008093418538e-02,
          6.2799172275228424e-02, 3.9626288569654847e-02,
          -3.2630442172274843e-02, 5.6830758200935090e-02,
          -7.0734134241034101e-03, 6.2822950332670205e-03,
          1.4982748873205144e-02, -3.2486527840868162e-05,
          -3.7895895021035891e-03, -8.5775834471135399e-04,
          -1.2557377061098049e-04, -4.1642942655792364e-03,
          9.8886803259826891e-03, 1.1505317018136518e-02,
          3.7447098607999593e-02, -3.2486527840868162e-05,
          6.1226185671489845e-02, 5.8852339202884974e-03,
          8.4029572648142384e-02, 4.6256529414776697e-02,
          -2.0997022091133105e-02, 4.9702619033299714e-02,
          2.5800573183225949e-02, 1.0189008093418538e-02,
          -3.7895895021035891e-03, 5.8852339202884974e-03,
          5.8821929769784564e-02, 6.5019832816936513e-03,
          2.5287753093870039e-03, 3.2707985163663342e-02,
          1.6900360991303827e-02, 1.7569416343960278e-02,
          6.2799172275228424e-02, -8.5775834471135399e-04,
          8.4029572648142384e-02, 6.5019832816936513e-03,
          2.5870797855932659e-01, 6.6641061530262141e-02,
          -1.6220105955033509e-02, 1.2044142964654544e-01,
          2.5444069108933199e-03, 3.9626288569654847e-02,
          -1.2557377061098049e-04, 4.6256529414776697e-02,
          2.5287753093870039e-03, 6.6641061530262141e-02,
          5.2271076104162498e-02, -3.0570898853159480e-02,
          4.7541864695240722e-02, 5.6810130300319360e-02,
          -3.2630442172274843e-02, -4.1642942655792364e-03,
          -2.0997022091133105e-02, 3.2707985163663342e-02,
          -1.6220105955033509e-02, -3.0570898853159480e-02,
          4.8786614540401274e-01, -8.0642788461039500e-04,
          -4.2592475741910059e-02, 5.6830758200935090e-02,
          9.8886803259826891e-03, 4.9702619033299714e-02,
          1.6900360991303827e-02, 1.2044142964654544e-01,
          4.7541864695240722e-02, -8.0642788461039500e-04,
          4.1185176710837745e-01 ]
blastC: !!opencv-matrix
   rows: 1
   cols: 1
   dt: d
   data: [ 3.6279804548294587e-04 ]
blastNumEvents: 79.
blastMaxVals: !!opencv-matrix
   rows: 1
   cols: 9
   dt: d
   data: [ 4.5000000000000000e+00, 4.5000000000000000e+00,
       4.5000000000000000e+00, 4.5000000000000000e+00,
       4.5000000000000000e+00, 4.5000000000000000e+00,
       4.5000000000000000e+00, 4.5000000000000000e+00,
       4.5000000000000000e+00 ]
