%YAML:1.0
---
groups:
   - intact
   - CD19
   - blast
intactGmmnames:
   - "intact.762.0"
   - "intact.762.1"
   - "intact.762.2"
   - "intact.762.3"
   - "intact.762.4"
intactLabels:
   - FSC-A
   - SSC-A
   - SY41
   - CD19
   - CD10
   - CD20
   - CD45
   - CD34
   - CD38
intactMu: !!opencv-matrix
   rows: 5
   cols: 9
   dt: d
   data: [ 2.8169777522403403e+00, 1.9996810746232823e+00,
       2.3768671982277234e+00, 1.3591482250524627e+00,
       1.1580858125522853e+00, 1.2654758147811553e+00,
       2.3469968488103010e+00, 1.8046807358009112e+00,
       1.6757551433160265e+00, 2.2999108803362858e+00,
       6.1619747961447757e-01, 2.9425524986565104e+00,
       1.1197180473977257e+00, 8.7349206904203391e-01,
       1.0924987954205003e+00, 3.7628693214769613e+00,
       1.1683190462938262e+00, 1.8565191780379138e+00,
       2.8427883383622503e+00, 3.4960368125407837e+00,
       2.9721673731351617e+00, 1.6525618244090685e+00,
       1.7748790830674932e+00, 1.3087851443067706e+00,
       3.1881214007754428e+00, 1.4725391319124590e+00,
       1.7087362715657635e+00, 1.3340242824572262e+00,
       3.8307686865495211e-01, 3.0730424690914697e+00,
       9.2428759603911692e-01, 1.0217383495210663e+00,
       1.0188957043283242e+00, 1.6219038562616943e+00,
       1.1011468174391994e+00, 1.6758371265346734e+00,
       2.4402392767705563e+00, 2.2170918295641489e+00,
       3.1042870262307369e+00, 1.4702118569182150e+00,
       1.4519215206246960e+00, 1.6143572541788880e+00,
       3.0471060963151277e+00, 1.7033133793226767e+00,
       2.3036748734594070e+00 ]
intactSigma:
   - !!opencv-matrix
      rows: 9
      cols: 9
      dt: d
      data: [ 7.9370602720626493e-01, 1.1208262414181437e-01,
          3.4343575645550808e-02, 2.3057091205442536e-02,
          -2.3836901761508107e-02, 6.7190390247102119e-02,
          2.8266025138012282e-02, 1.0087302878118705e-01,
          8.3615985001827917e-02, 1.1208262414181437e-01,
          7.4201479288710248e-01, 1.0445079295404391e-01,
          1.4928968670695295e-01, 1.6025236427280987e-01,
          4.4302845057154275e-02, 7.8838376014869777e-03,
          -2.0503401780388569e-01, -1.3005684320089747e-01,
          3.4343575645550808e-02, 1.0445079295404391e-01,
          2.7276196032984722e-02, 2.1774501144289519e-02,
          2.5339097087676891e-02, 1.8455206503576807e-02,
          2.3087499563888444e-02, 7.5426547405124591e-04,
          8.2687716473558298e-03, 2.3057091205442536e-02,
          1.4928968670695295e-01, 2.1774501144289519e-02,
          4.7758020584316108e-02, 3.3762720754946872e-02,
          1.0077698772972475e-02, 3.0256068452447268e-03,
          -3.8893968167438030e-02, -2.9614443225724377e-02,
          -2.3836901761508118e-02, 1.6025236427280987e-01,
          2.5339097087676885e-02, 3.3762720754946872e-02,
          1.1004839181668663e-01, 2.3546037462306925e-03,
          3.3701793859527596e-02, -5.3812692095466366e-02,
          -2.7315537267853837e-02, 6.7190390247102105e-02,
          4.4302845057154268e-02, 1.8455206503576811e-02,
          1.0077698772972475e-02, 2.3546037462306929e-03,
          7.2531761399782069e-02, 4.4221350506698100e-02,
          5.7345023595331029e-02, 5.1517128837445997e-02,
          2.8266025138012282e-02, 7.8838376014869725e-03,
          2.3087499563888444e-02, 3.0256068452447268e-03,
          3.3701793859527603e-02, 4.4221350506698100e-02,
          1.7360610098580301e-01, 1.3628253131089205e-01,
          1.1998103051170737e-01, 1.0087302878118704e-01,
          -2.0503401780388569e-01, 7.5426547405124558e-04,
          -3.8893968167438023e-02, -5.3812692095466366e-02,
          5.7345023595331043e-02, 1.3628253131089205e-01,
          3.2430747857131120e-01, 2.1903921313311336e-01,
          8.3615985001827917e-02, -1.3005684320089744e-01,
          8.2687716473558298e-03, -2.9614443225724377e-02,
          -2.7315537267853837e-02, 5.1517128837446004e-02,
          1.1998103051170737e-01, 2.1903921313311336e-01,
          2.1740479083262820e-01 ]
   - !!opencv-matrix
      rows: 9
      cols: 9
      dt: d
      data: [ 3.5012320546385645e-01, 2.8580115205858909e-02,
          -3.0541526868560622e-02, 1.0980007372839287e-02,
          -1.4002044153783716e-03, -1.1583670778202272e-02,
          1.3932528134693279e-02, 6.0605655515514716e-03,
          2.7248179016945338e-02, 2.8580115205858909e-02,
          3.2537764653336500e-02, -6.7123279687896185e-03,
          1.0516654290417754e-02, 3.4754001907258839e-03,
          4.9761158729233115e-03, 8.8613633261034469e-03,
          8.9714983278163449e-03, 4.8970112269752716e-02,
          -3.0541526868560619e-02, -6.7123279687896168e-03,
          3.0857509890899529e-02, -5.3902249089021678e-03,
          1.9679170765977223e-06, 7.7924142763423397e-03,
          -2.7438327806043323e-03, -1.3280236627696662e-03,
          -2.6318798142347711e-02, 1.0980007372839287e-02,
          1.0516654290417754e-02, -5.3902249089021687e-03,
          4.9753027103808439e-02, 1.2177539445922564e-03,
          8.1516431411007427e-04, 4.1914702466076467e-03,
          7.6862847441087987e-03, 6.4659547798044262e-03,
          -1.4002044153783710e-03, 3.4754001907258843e-03,
          1.9679170765977435e-06, 1.2177539445922566e-03,
          4.4430106682186679e-02, -3.5125036667981772e-03,
          1.4522328276486503e-03, -9.5786954549026918e-03,
          -1.0192394439068310e-02, -1.1583670778202272e-02,
          4.9761158729233115e-03, 7.7924142763423397e-03,
          8.1516431411007427e-04, -3.5125036667981763e-03,
          8.7274806582778849e-02, 2.0393154402322720e-03,
          -5.5881583445386467e-04, -4.1767402746468923e-02,
          1.3932528134693282e-02, 8.8613633261034469e-03,
          -2.7438327806043323e-03, 4.1914702466076467e-03,
          1.4522328276486501e-03, 2.0393154402322720e-03,
          1.3132357773296084e-02, 2.3127164347773940e-03,
          -1.1016748153571128e-02, 6.0605655515514698e-03,
          8.9714983278163449e-03, -1.3280236627696651e-03,
          7.6862847441087987e-03, -9.5786954549026901e-03,
          -5.5881583445386489e-04, 2.3127164347773940e-03,
          1.9597143127385358e-01, 2.1915386591682837e-02,
          2.7248179016945338e-02, 4.8970112269752716e-02,
          -2.6318798142347711e-02, 6.4659547798044262e-03,
          -1.0192394439068306e-02, -4.1767402746468917e-02,
          -1.1016748153571126e-02, 2.1915386591682833e-02,
          6.4525588747524232e-01 ]
   - !!opencv-matrix
      rows: 9
      cols: 9
      dt: d
      data: [ 6.6069607976369815e-01, 1.2296367800773909e-01,
          -1.3792644735806041e-02, 2.2563506866880249e-02,
          -4.0210016226292375e-02, 1.5326048167556913e-02,
          -1.1992549269924300e-02, 7.0337167869844817e-03,
          3.2354989584311399e-02, 1.2296367800773909e-01,
          3.3545070778896957e-01, 2.3279694852762147e-03,
          5.7750545427594703e-02, 2.9546870035404911e-02,
          2.7898484556475370e-02, 1.1565817373461358e-02,
          1.5626869664399093e-02, 2.6913831558929770e-02,
          -1.3792644735806036e-02, 2.3279694852762151e-03,
          2.1752628898390566e-02, -1.5400850165218935e-03,
          3.5691795533059165e-04, 2.6680240195527498e-03,
          -5.7971685933841171e-04, 2.7762693780186377e-03,
          2.2536466826463060e-03, 2.2563506866880249e-02,
          5.7750545427594703e-02, -1.5400850165218924e-03,
          3.1774431732975457e-02, 8.9837329476182559e-03,
          9.3970489818463055e-03, 5.3278977630987351e-03,
          4.3535574789509875e-03, -5.8354889355839148e-03,
          -4.0210016226292375e-02, 2.9546870035404911e-02,
          3.5691795533059170e-04, 8.9837329476182524e-03,
          1.6902932806307772e-01, 2.0150652851138151e-02,
          2.7438960679841293e-02, 1.3074658573425013e-03,
