%YAML:1.0
---
groups:
   - intact
   - CD19
intactGmmnames:
   - "intact.769.0"
   - "intact.769.1"
   - "intact.769.2"
   - "intact.769.3"
   - "intact.769.4"
intactLabels:
   - FSC-A
   - SSC-A
   - SY41
   - CD19
   - CD10
   - CD20
   - CD45
   - CD34
   - CD38
intactMu: !!opencv-matrix
   rows: 5
   cols: 9
   dt: d
   data: [ 1.7883842611575456e+00, 1.8186213156344766e+00,
       3.1364247732602473e+00, 1.2342309671956553e+00,
       1.0893361739073926e+00, 1.2424810199141076e+00,
       2.5125864659730985e+00, 1.4438838340518871e+00,
       2.0952146187325940e+00, 7.7342162606463993e-01,
       3.6481400947362957e-01, 3.1774353361299177e+00,
       9.5419222312607610e-01, 8.6699139833629335e-01,
       8.6495584638187606e-01, 1.5184717761755075e+00,
       1.0318637699078463e+00, 1.5308683828586407e+00,
       1.1885518721739146e+00, 6.1994442499160018e-01,
       3.2979643555917151e+00, 1.2518868009386772e+00,
       8.6810607706783804e-01, 1.0440342956062618e+00,
       3.6062796853657582e+00, 1.1211178376639206e+00,
       2.5946078121311866e+00, 2.1940505689601935e+00,
       3.6217119183624722e+00, 3.2812999054881451e+00,
       1.5823144221104710e+00, 1.7318453071746267e+00,
       1.2321713201908573e+00, 2.6803683994504519e+00,
       1.0813854351544692e+00, 1.6021309996392237e+00,
       1.0428389682147545e+00, 3.4725035051190239e-01,
       3.4331222145510512e+00, 1.0434616816781301e+00,
       8.0580645657558936e-01, 9.1180955273917863e-01,
       3.5840593215303254e+00, 1.0339985591401708e+00,
       1.8357315933234939e+00 ]
intactSigma:
   - !!opencv-matrix
      rows: 9
      cols: 9
      dt: d
      data: [ 7.1277502913368662e-01, 4.6419594218030225e-01,
          9.1427214693003356e-02, 6.9247214097586982e-02,
          4.6693587085253389e-02, 1.0134790913793966e-01,
          1.1157696468887636e-01, 2.6519441824559675e-02,
          5.2806350564728904e-02, 4.6419594218030225e-01,
          1.1070592118715095e+00, 2.3367585770218385e-01,
          1.2699837743006387e-01, 1.5497043212885361e-01,
          1.6264950687647306e-01, 2.4853710462449635e-01,
          -8.4021736202312177e-03, 1.4412988706385324e-01,
          9.1427214693003356e-02, 2.3367585770218385e-01,
          3.5962754623268012e-01, -1.0462190940651458e-01,
          2.3656468326651095e-02, 6.7541341624589760e-02,
          3.1410375901687028e-02, -6.1197969725245126e-02,
          1.4971797837040793e-01, 6.9247214097586982e-02,
          1.2699837743006387e-01, -1.0462190940651454e-01,
          1.2137327075523677e-01, 3.5463298750993640e-02,
          3.7032573848142937e-02, 6.2902553822777860e-02,
          3.4376857677750158e-02, 1.2971462583903964e-03,
          4.6693587085253396e-02, 1.5497043212885361e-01,
          2.3656468326651102e-02, 3.5463298750993640e-02,
          1.2187544025290842e-01, 4.4009812967005839e-02,
          4.1995391114326180e-02, -1.2469869695472655e-02,
          1.6125634266322863e-02, 1.0134790913793966e-01,
          1.6264950687647306e-01, 6.7541341624589760e-02,
          3.7032573848142930e-02, 4.4009812967005839e-02,
          1.3176277515251919e-01, 5.5957691174245358e-02,
          8.2366192395671566e-03, 7.9567842909377018e-02,
          1.1157696468887636e-01, 2.4853710462449635e-01,
          3.1410375901687035e-02, 6.2902553822777860e-02,
          4.1995391114326180e-02, 5.5957691174245358e-02,
          3.4494535001496679e-01, 2.9566944923639038e-02,
          2.4427712226687340e-01, 2.6519441824559675e-02,
          -8.4021736202312212e-03, -6.1197969725245126e-02,
          3.4376857677750158e-02, -1.2469869695472655e-02,
          8.2366192395671514e-03, 2.9566944923639042e-02,
          1.9711264206017456e-01, -5.7113874432814047e-03,
          5.2806350564728904e-02, 1.4412988706385330e-01,
          1.4971797837040793e-01, 1.2971462583903984e-03,
          1.6125634266322866e-02, 7.9567842909377018e-02,
          2.4427712226687340e-01, -5.7113874432813995e-03,
          4.3592702418303519e-01 ]
   - !!opencv-matrix
      rows: 9
      cols: 9
      dt: d
      data: [ 6.3272757121381321e-02, 1.6049107730753936e-02,
          -4.3535505525119617e-02, 1.3031446064902351e-02,
          7.2981070217624181e-03, 9.4114117071048501e-03,
          1.3159267457937210e-02, 5.3629500553943341e-03,
          -7.9485097905960167e-04, 1.6049107730753936e-02,
          1.9489477330216432e-02, -1.4785414744897741e-02,
          5.2017854430393704e-03, 5.3969937235706783e-03,
          9.8813949223250774e-03, 2.1960107573457635e-02,
          5.8897248971293871e-03, 9.8102909510875552e-03,
          -4.3535505525119617e-02, -1.4785414744897744e-02,
          3.4706559758789374e-01, -1.0265789233953407e-01,
          -3.7373128509336391e-02, 8.8340052588134141e-03,
          -4.0630959127274359e-02, -1.4239953325041937e-02,
          5.9365596627590854e-02, 1.3031446064902351e-02,
          5.2017854430393704e-03, -1.0265789233953408e-01,
          4.2083202746011371e-02, 1.6730738203609735e-02,
          3.2631544011640869e-04, 1.8258045727223216e-02,
          2.8421661072170023e-03, -1.7010573020771112e-02,
          7.2981070217624181e-03, 5.3969937235706766e-03,
          -3.7373128509336391e-02, 1.6730738203609732e-02,
          5.0064664604956850e-02, -2.0050694716437513e-03,
          1.6775444642777873e-02, -5.9025471257302040e-05,
          -3.9312765318848247e-04, 9.4114117071048484e-03,
          9.8813949223250774e-03, 8.8340052588134141e-03,
          3.2631544011640890e-04, -2.0050694716437526e-03,
          7.5520860040224069e-02, 7.6811433754248436e-03,
          -3.8045237381334858e-04, 1.0227142569402995e-02,
          1.3159267457937206e-02, 2.1960107573457635e-02,
          -4.0630959127274359e-02, 1.8258045727223213e-02,
          1.6775444642777870e-02, 7.6811433754248410e-03,
          2.0313648829901429e-01, 3.0928199501777682e-03,
          4.4125870780150803e-02, 5.3629500553943324e-03,
          5.8897248971293871e-03, -1.4239953325041932e-02,
          2.8421661072170019e-03, -5.9025471257302277e-05,
          -3.8045237381334864e-04, 3.0928199501777682e-03,
          3.3117357265188614e-02, -2.0138919664572487e-03,
          -7.9485097905960167e-04, 9.8102909510875552e-03,
          5.9365596627590854e-02, -1.7010573020771112e-02,
          -3.9312765318848269e-04, 1.0227142569402995e-02,
          4.4125870780150789e-02, -2.0138919664572487e-03,
          7.9030089923706290e-02 ]
   - !!opencv-matrix
      rows: 9
      cols: 9
      dt: d
      data: [ 1.2709270657621716e-01, 1.4611144340168030e-02,
          -1.5904663349047304e-02, 1.2453680573252598e-02,
          2.0815222613106668e-03, 1.9867527943416563e-02,
          7.9887946219471854e-04, 7.7395551249119076e-03,
          -2.8708136853798472e-02, 1.4611144340168030e-02,
          5.2334228471748845e-02, -8.8150124284213788e-03,
          7.0322794587511117e-02, 4.2386053179950117e-03,
          1.5748932344684288e-02, -2.8750939379973074e-03,
          7.4111296786275108e-03, 7.8172391188389326e-02,
          -1.5904663349047301e-02, -8.8150124284213788e-03,
          1.9770291399238768e-01, -3.9143645445261388e-02,
          -4.4786279307488394e-02, 8.8608211980792662e-03,
          -1.9188976349389396e-02, 1.6674929422878675e-02,
          -5.0255015794826441e-02, 1.2453680573252596e-02,
          7.0322794587511117e-02, -3.9143645445261395e-02,
          2.6129969315506302e-01, 3.7355892951684448e-02,
          8.8710124413265395e-02, -1.9618775811599765e-02,
          8.5571498320312946e-03, 1.6075908420235438e-01,
          2.0815222613106673e-03, 4.2386053179950109e-03,
          -4.4786279307488394e-02, 3.7355892951684448e-02,
          9.2550005001597296e-02, 1.8205385216866900e-02,
          1.1822218308203594e-03, -8.9061744222313482e-03,
