%YAML:1.0
---
groups:
   - intact
   - CD19
intactGmmnames:
   - "intact.769.0"
   - "intact.769.1"
   - "intact.769.2"
   - "intact.769.3"
   - "intact.769.4"
intactLabels:
   - FSC-A
   - SSC-A
   - SY41
   - CD19
   - CD10
   - CD20
   - CD45
   - CD34
   - CD38
intactMu: !!opencv-matrix
   rows: 5
   cols: 9
   dt: d
   data: [ 3.1905627981285729e+00, 3.0590693558708408e+00,
       3.4132778897013245e+00, 1.4514904942741156e+00,
       1.4153638415442602e+00, 1.0501548023348855e+00,
       2.5221941778944026e+00, 1.0201964328525672e+00,
       1.5610229267605553e+00, 1.4373009657774671e+00,
       3.7517404924800979e-01, 3.3147051365201206e+00,
       9.7466989745898303e-01, 8.2881570048550968e-01,
       8.7134070151003773e-01, 3.4804690163865968e+00,
       1.0114146272179878e+00, 1.5615753227473734e+00,
       2.1525085063230223e+00, 1.4904751779059653e+00,
       3.2915514062479976e+00, 1.2369124170543022e+00,
       1.0574271100200705e+00, 1.2039579170047681e+00,
       2.6375128161812675e+00, 1.2376133868584607e+00,
       2.3508184055617072e+00, 3.5725026051479394e+00,
       2.9235700499943320e+00, 3.3787388966196010e+00,
       1.4650356476883730e+00, 9.9829929231479986e-01,
       1.1168519481392736e+00, 2.5902593552769173e+00,
       1.0269198199045224e+00, 1.9829538888656473e+00,
       8.3882776000011916e-01, 3.8206811030175286e-01,
       3.5294098410298194e+00, 7.6303626834720939e-01,
       7.8228724246032000e-01, 8.8355709334108989e-01,
       1.1349491999372998e+00, 9.9003736250730567e-01,
       1.4365379580117774e+00 ]
intactSigma:
   - !!opencv-matrix
      rows: 9
      cols: 9
      dt: d
      data: [ 4.4213480795261884e-01, 2.0727993032262751e-01,
          -2.5960994299021066e-02, 5.3149794389728146e-02,
          1.0073162879516350e-02, 3.0430412952561072e-02,
          -7.9588515647336586e-03, 4.5708901347636015e-03,
          1.4695265780665758e-02, 2.0727993032262751e-01,
          4.7294217502297237e-01, -4.2499840388605561e-02,
          1.0804651184092824e-01, 8.5545822661877893e-02,
          5.0510358273562629e-02, 2.9561028654859694e-02,
          8.9725230473541046e-03, 1.8042432903529478e-02,
          -2.5960994299021063e-02, -4.2499840388605561e-02,
          2.8643615411168610e-02, -1.9064957833348443e-02,
          -1.4123120240212795e-02, -4.7134255835010186e-03,
          -6.6128531145641821e-03, -6.6654039059595215e-04,
          -4.3446601336716781e-03, 5.3149794389728160e-02,
          1.0804651184092824e-01, -1.9064957833348446e-02,
          4.9062261860932189e-02, 2.2422028828959557e-02,
          1.2972249482218770e-02, 7.9717787272953304e-03,
          2.6241396214281790e-03, -3.4160347050533123e-03,
          1.0073162879516350e-02, 8.5545822661877893e-02,
          -1.4123120240212792e-02, 2.2422028828959557e-02,
          1.3920550558577477e-01, 2.0053014476342588e-03,
          2.8363627227125838e-02, 1.2468642441591439e-03,
          1.3854935917474652e-04, 3.0430412952561076e-02,
          5.0510358273562622e-02, -4.7134255835010186e-03,
          1.2972249482218770e-02, 2.0053014476342592e-03,
          6.4706270373703828e-02, 2.6049104636874888e-03,
          5.0192274081727810e-04, 1.6847770779904877e-03,
          -7.9588515647336551e-03, 2.9561028654859694e-02,
          -6.6128531145641838e-03, 7.9717787272953287e-03,
          2.8363627227125834e-02, 2.6049104636874888e-03,
          4.5526999057236915e-02, -2.4026596296146574e-03,
          -4.8855091361152030e-03, 4.5708901347636050e-03,
          8.9725230473541046e-03, -6.6654039059595171e-04,
          2.6241396214281808e-03, 1.2468642441591448e-03,
          5.0192274081727788e-04, -2.4026596296146565e-03,
          5.5459774953389378e-02, 3.5990217441511023e-04,
          1.4695265780665758e-02, 1.8042432903529481e-02,
          -4.3446601336716763e-03, -3.4160347050533114e-03,
          1.3854935917474652e-04, 1.6847770779904881e-03,
          -4.8855091361152039e-03, 3.5990217441510936e-04,
          6.3331120341754824e-02 ]
   - !!opencv-matrix
      rows: 9
      cols: 9
      dt: d
      data: [ 2.5729316288901177e-01, 2.0766781078849744e-02,
          -5.3695825171940562e-02, 3.0579502118428289e-02,
          1.1217900184048687e-02, 2.0604995240474547e-02,
          2.8637705558228081e-02, -2.6556984444526930e-04,
          -3.6719212246782464e-02, 2.0766781078849744e-02,
          9.8133393682467932e-03, -1.0263994825191497e-02,
          7.0512748592382593e-03, 2.6786166547122761e-03,
          7.7494677601118818e-03, 7.9541313192517983e-03,
          5.2409763009261064e-04, -1.0992752596976955e-02,
          -5.3695825171940555e-02, -1.0263994825191497e-02,
          3.7215910203913585e-02, -1.7724970176142881e-02,
          -6.3439794864636008e-03, -8.2960425544381187e-03,
          -1.2411128983143777e-02, -9.4797785399351079e-06,
          1.5409861471442422e-02, 3.0579502118428296e-02,
          7.0512748592382593e-03, -1.7724970176142881e-02,
          3.0913576356785887e-02, 3.5853593390665615e-03,
          6.6670711072411622e-03, 7.5743277535589484e-03,
          2.4428934699331968e-03, -1.4599800357135397e-02,
          1.1217900184048687e-02, 2.6786166547122761e-03,
          -6.3439794864635990e-03, 3.5853593390665615e-03,
          4.3091320370841749e-02, -3.4325685801970375e-03,
          3.0474133258846618e-03, -6.1790063108517384e-03,
          -5.7897384234436413e-03, 2.0604995240474547e-02,
          7.7494677601118844e-03, -8.2960425544381204e-03,
          6.6670711072411622e-03, -3.4325685801970367e-03,
          7.4819791885855469e-02, 7.0676638369821833e-03,
          5.1900926897364540e-04, -1.3775344298089886e-02,
          2.8637705558228081e-02, 7.9541313192517983e-03,
          -1.2411128983143777e-02, 7.5743277535589484e-03,
          3.0474133258846610e-03, 7.0676638369821833e-03,
          1.5877026651126346e-02, -1.2985363917172557e-03,
          -1.2628687026172293e-02, -2.6556984444526974e-04,
          5.2409763009261053e-04, -9.4797785399354670e-06,
          2.4428934699331959e-03, -6.1790063108517384e-03,
          5.1900926897364584e-04, -1.2985363917172557e-03,
          1.6643003244619450e-01, 2.6400679514638680e-03,
          -3.6719212246782464e-02, -1.0992752596976955e-02,
          1.5409861471442422e-02, -1.4599800357135397e-02,
          -5.7897384234436395e-03, -1.3775344298089883e-02,
          -1.2628687026172293e-02, 2.6400679514638680e-03,
          1.6577796140572040e-01 ]
   - !!opencv-matrix
      rows: 9
      cols: 9
      dt: d
      data: [ 7.8119636109377910e-01, 2.8630759364710018e-01,
          -5.9135337060901398e-03, 8.4635832937341671e-02,
          2.3751250523676087e-02, -9.8314168966909471e-04,
          2.0959808926825921e-02, -8.6254706020939508e-03,
          -1.0179175081056342e-01, 2.8630759364710012e-01,
          7.2528979440065855e-01, 8.8843738054388915e-02,
          1.2647640125258541e-01, 6.8507987944907603e-02,
          8.7661489451427488e-02, 8.4850301190685942e-02,
          -1.0121051065792128e-02, 7.6922555925876948e-02,
          -5.9135337060901389e-03, 8.8843738054388929e-02,
          1.4557750577971279e-01, -4.1201295391852744e-02,
          -1.6724694345363594e-02, 2.7629744519339430e-02,
          1.3839094923791418e-02, -3.3923269222154409e-03,
          5.3074800123491361e-02, 8.4635832937341685e-02,
          1.2647640125258541e-01, -4.1201295391852744e-02,
          1.4053309794405722e-01, 5.5723631826204559e-02,
          8.7715037285927083e-02, 5.2451629591275667e-02,
          1.7303850903056719e-02, -1.2046503910946192e-02,
          2.3751250523676094e-02, 6.8507987944907603e-02,
          -1.6724694345363597e-02, 5.5723631826204559e-02,
          1.6261700889620170e-01, 8.3861732555759974e-02,
          -5.9479251646174583e-03, 3.5713785246487044e-02,
