%YAML:1.0
---
groups:
   - intact
   - CD19
intactGmmnames:
   - "intact.770.0"
   - "intact.770.1"
   - "intact.770.2"
   - "intact.770.3"
   - "intact.770.4"
intactLabels:
   - FSC-A
   - SSC-A
   - SY41
   - CD19
   - CD10
   - CD20
   - CD45
   - CD34
   - CD38
intactMu: !!opencv-matrix
   rows: 5
   cols: 9
   dt: d
   data: [ 1.4931997224445133e+00, 5.6002831144589738e-01,
       3.0052652075506705e+00, 1.1790743185366213e+00,
       1.5649213465239900e+00, 1.1524881449599420e+00,
       3.3293204313139690e+00, 1.2709822939933992e+00,
       1.5059787896179389e+00, 1.4889950318758567e+00,
       4.7567184243006178e-01, 3.2794013078205353e+00,
       1.1374051363892304e+00, 1.5593427071164356e+00,
       1.1324168760058522e+00, 3.2934951760838778e+00,
       1.2274933650286022e+00, 1.5834232837619369e+00,
       1.0279209719921161e+00, 3.8058794189381212e-01,
       2.9616435049756435e+00, 1.1196268089506025e+00,
       1.5983527308750087e+00, 1.1821739733247814e+00,
       1.7096613893499297e+00, 1.6188578146552430e+00,
       1.7081215343122174e+00, 1.9590329489133016e+00,
       6.7645936600787826e-01, 3.0395506997669650e+00,
       1.1983079411318305e+00, 1.5718281164272472e+00,
       1.1745577166741377e+00, 3.0452637556210691e+00,
       1.6319788118519589e+00, 2.8330701266389089e+00,
       2.2734708189381099e+00, 1.7032670831797143e+00,
       3.2584006785796791e+00, 1.4832454924383636e+00,
       1.6411419603408304e+00, 1.4976722451427200e+00,
       2.7323859580460983e+00, 1.4816963523529709e+00,
       2.0988374083922126e+00 ]
intactSigma:
   - !!opencv-matrix
      rows: 9
      cols: 9
      dt: d
      data: [ 9.4882410884122123e-02, -5.4896477458116330e-04,
          3.1522295464824525e-02, -3.4213688791312814e-03,
          1.0109623522018579e-04, 1.6795802177312332e-03,
          4.2932365041987329e-03, 5.3949580424649249e-03,
          -3.0205396271284165e-03, -5.4896477458116287e-04,
          2.5559474351559121e-02, 2.1381175041825122e-02,
          2.9137845439498708e-03, 3.4209721539807554e-04,
          1.9001251798572000e-03, 2.0890755048287839e-03,
          9.4197438496171880e-04, -1.6529132316926807e-04,
          3.1522295464824518e-02, 2.1381175041825122e-02,
          1.0169174848340110e-01, -8.7016091086906926e-03,
          -7.6354951235677765e-06, 4.0176902811107943e-03,
          5.2272097477471394e-03, 7.9737732172646385e-03,
          -6.1301899198276154e-03, -3.4213688791312801e-03,
          2.9137845439498708e-03, -8.7016091086906926e-03,
          2.1428591918010519e-02, 1.3834894420110410e-04,
          1.7414296909491043e-04, 5.2844402604715118e-04,
          6.4824005508007842e-04, -5.7751763610439542e-03,
          1.0109623522018588e-04, 3.4209721539807571e-04,
          -7.6354951235677850e-06, 1.3834894420110410e-04,
          1.1911017999680928e-03, -2.7681350857544813e-04,
          1.1690636144962488e-04, -4.2894949213154480e-04,
          1.1474022518792232e-06, 1.6795802177312332e-03,
          1.9001251798572004e-03, 4.0176902811107943e-03,
          1.7414296909491018e-04, -2.7681350857544819e-04,
          9.3505638286465430e-03, 8.1548342057287805e-04,
          4.8781899366163751e-04, -6.3522005085271021e-04,
          4.2932365041987320e-03, 2.0890755048287839e-03,
          5.2272097477471411e-03, 5.2844402604715118e-04,
          1.1690636144962488e-04, 8.1548342057287805e-04,
          2.0744515486894363e-02, -1.0365894263482138e-03,
          -4.9232825276074163e-03, 5.3949580424649266e-03,
          9.4197438496171847e-04, 7.9737732172646403e-03,
          6.4824005508007842e-04, -4.2894949213154480e-04,
          4.8781899366163767e-04, -1.0365894263482133e-03,
          8.6459021946861031e-02, 2.0996677862895156e-03,
          -3.0205396271284143e-03, -1.6529132316926826e-04,
          -6.1301899198276154e-03, -5.7751763610439542e-03,
          1.1474022518791893e-06, -6.3522005085271021e-04,
          -4.9232825276074163e-03, 2.0996677862895156e-03,
          4.9715016567171262e-02 ]
   - !!opencv-matrix
      rows: 9
      cols: 9
      dt: d
      data: [ 5.2442067933784330e-02, -1.8955760186007389e-03,
          1.1530322481611914e-02, -2.9016537069006436e-03,
          -5.0030344151678042e-05, 6.4346890899969888e-04,
          3.5364126060100508e-03, 7.5267330345236342e-04,
          -4.7321840396463569e-03, -1.8955760186007383e-03,
          8.5227800288348657e-03, 1.7904245913234014e-03,
          1.2321319719212607e-03, 1.8128599237878946e-04,
          1.1327331257954020e-03, 1.8090348661798719e-03,
          3.8944587266452943e-04, -8.2364420729804115e-04,
          1.1530322481611913e-02, 1.7904245913234022e-03,
          4.2709217244641960e-02, -1.0527820200509882e-02,
          -5.0812389465621931e-04, 9.5032213861304864e-04,
          3.4554056512907205e-03, 1.0973800300467745e-03,
          -4.3528193590425786e-03, -2.9016537069006436e-03,
          1.2321319719212603e-03, -1.0527820200509882e-02,
          2.2297391161555557e-02, 2.3808818847603162e-04,
          2.7312582166561379e-04, -2.9458397514490754e-05,
          5.2133890702420356e-04, -4.7919505992072252e-03,
          -5.0030344151678049e-05, 1.8128599237878952e-04,
          -5.0812389465621931e-04, 2.3808818847603183e-04,
          1.0961540878496570e-03, -3.8205668261419155e-04,
          8.0067424439714824e-05, -4.6300643203430386e-04,
          -4.8477496482651740e-05, 6.4346890899969888e-04,
          1.1327331257954022e-03, 9.5032213861304864e-04,
          2.7312582166561395e-04, -3.8205668261419155e-04,
          8.1344508195599109e-03, 2.6624354719028738e-04,
          7.0111548452279487e-06, -8.4094940016934060e-04,
          3.5364126060100478e-03, 1.8090348661798723e-03,
          3.4554056512907205e-03, -2.9458397514490805e-05,
          8.0067424439714851e-05, 2.6624354719028748e-04,
          1.9286549500467272e-02, -1.0561131107908730e-03,
          -2.3001949967708228e-03, 7.5267330345236288e-04,
          3.8944587266452954e-04, 1.0973800300467741e-03,
          5.2133890702420356e-04, -4.6300643203430402e-04,
          7.0111548452278971e-06, -1.0561131107908737e-03,
          7.2441450425311277e-02, 1.5768028179488991e-03,
          -4.7321840396463569e-03, -8.2364420729804147e-04,
          -4.3528193590425795e-03, -4.7919505992072235e-03,
          -4.8477496482651788e-05, -8.4094940016934060e-04,
          -2.3001949967708228e-03, 1.5768028179488998e-03,
          6.2164370071530438e-02 ]
   - !!opencv-matrix
      rows: 9
      cols: 9
      dt: d
      data: [ 4.0928385625012449e-02, 8.7210778845382125e-03,
          6.0296829918750974e-03, 2.0314020138022248e-03,
          1.3024099350675835e-03, 2.8176736496171488e-03,
          1.0480706803042788e-02, 1.4462455985806030e-02,
          9.3267567288879364e-03, 8.7210778845382125e-03,
          2.8652079049639283e-02, 3.9301154909044934e-02,
          -7.4328970290078925e-05, 2.2521583149377601e-03,
          8.4272628018159136e-03, 8.4927522285251234e-03,
          1.7138821405616022e-02, 5.5833861309413030e-03,
          6.0296829918750983e-03, 3.9301154909044934e-02,
          1.9070917561464679e-01, -2.7134697663888947e-02,
          2.8090201435526600e-03, 1.6550732218385770e-02,
          5.4784645527085679e-03, 2.7438067264739401e-02,
          1.3624115132738300e-02, 2.0314020138022253e-03,
          -7.4328970290078858e-05, -2.7134697663888947e-02,
          2.2979670946108803e-02, 7.9751048041370846e-04,
          1.1266346957234826e-03, 3.4324797138704554e-03,
          5.8771576402340015e-04, -1.5194438290714691e-03,
          1.3024099350675835e-03, 2.2521583149377601e-03,
          2.8090201435526591e-03, 7.9751048041370835e-04,
          2.3455149424521388e-03, 1.6567882701554965e-03,
          3.3308182077855285e-03, 1.6505802192242651e-03,
