%YAML:1.0
---
groups:
   - intact
   - CD19
intactGmmnames:
   - "intact.774.0"
   - "intact.774.1"
   - "intact.774.2"
   - "intact.774.3"
   - "intact.774.4"
intactLabels:
   - FSC-A
   - SSC-A
   - SY41
   - CD19
   - CD10
   - CD20
   - CD45
   - CD34
   - CD38
intactMu: !!opencv-matrix
   rows: 5
   cols: 9
   dt: d
   data: [ 2.8002126705566979e+00, 3.7868551475148613e+00,
       3.4841001410513734e+00, 1.5131742060835747e+00,
       2.2739802769430599e+00, 1.3964816784336285e+00,
       2.9655639480575342e+00, 1.0983418239082443e+00,
       1.5963681643070187e+00, 3.1506152639100122e+00,
       3.2203452566955924e+00, 3.5777954285353020e+00,
       1.4049835906466281e+00, 1.1408381684080564e+00,
       1.4902115190638054e+00, 2.5031917048332586e+00,
       1.0722081024413828e+00, 1.8660409806045897e+00,
       7.7120869949162241e-01, 5.4566198582302461e-01,
       3.8725925083954889e+00, 8.5264263094692783e-01,
       8.4822226752014140e-01, 1.0627259354442136e+00,
       1.3127864346717018e+00, 1.0145067185221390e+00,
       1.6214043121831285e+00, 1.1291091239435502e+00,
       5.1953580493235463e-01, 3.7201294052149145e+00,
       1.0471286174732761e+00, 9.4317388273687452e-01,
       1.1548718856901923e+00, 3.4896953532504029e+00,
       1.0754925019273751e+00, 1.7890331873399834e+00,
       1.9477632363466717e+00, 2.3766079078483870e+00,
       3.6239714888275221e+00, 1.2553946464278736e+00,
       1.3309861139558872e+00, 1.5773510483359752e+00,
       2.3651509650467535e+00, 1.2404410136472865e+00,
       2.0520621460979069e+00 ]
intactSigma:
   - !!opencv-matrix
      rows: 9
      cols: 9
      dt: d
      data: [ 4.9622896798454402e-01, 1.0663646155155568e-01,
          -2.9904781185798233e-02, 2.5131437450787365e-02,
          -1.5591206171654366e-03, 1.6604143839178197e-02,
          1.9549715351091373e-03, 4.7479659156181480e-03,
          1.4569481483927291e-03, 1.0663646155155568e-01,
          2.3183624882930720e-01, -1.1896127888387597e-02,
          3.5307118709644925e-02, 1.5534197763382511e-02,
          2.6111319844019550e-02, 1.0327177514299882e-02,
          6.7159682405658347e-03, -1.2664256110731763e-03,
          -2.9904781185798236e-02, -1.1896127888387602e-02,
          8.1898384250946421e-02, -2.8566279767025294e-02,
          -3.1458271542286554e-03, -7.2736562664071800e-03,
          -8.2620306050129838e-04, 1.5367924358552941e-03,
          3.5135548537474142e-03, 2.5131437450787358e-02,
          3.5307118709644918e-02, -2.8566279767025294e-02,
          2.7669101917100303e-02, 6.3279016532731113e-03,
          7.3398950557794574e-03, 3.1975104006766700e-03,
          1.3635783723829975e-03, -4.5083700042644033e-03,
          -1.5591206171654357e-03, 1.5534197763382511e-02,
          -3.1458271542286567e-03, 6.3279016532731096e-03,
          1.0091797472977822e-01, 6.2944890303607863e-03,
          2.2761713239091933e-02, 2.8640540965898728e-03,
          -2.3785400524368840e-03, 1.6604143839178197e-02,
          2.6111319844019550e-02, -7.2736562664071800e-03,
          7.3398950557794574e-03, 6.2944890303607889e-03,
          4.4434421412864612e-02, 3.9919239794542118e-03,
          3.2497539406992687e-03, -3.2982051837423504e-05,
          1.9549715351091373e-03, 1.0327177514299882e-02,
          -8.2620306050129838e-04, 3.1975104006766700e-03,
          2.2761713239091937e-02, 3.9919239794542118e-03,
          2.4091522641654144e-02, -1.3267806089211354e-03,
          -2.5169858854719087e-03, 4.7479659156181514e-03,
          6.7159682405658330e-03, 1.5367924358552945e-03,
          1.3635783723829980e-03, 2.8640540965898715e-03,
          3.2497539406992682e-03, -1.3267806089211354e-03,
          1.1933669710996994e-01, 1.0651915307298800e-03,
          1.4569481483927285e-03, -1.2664256110731761e-03,
          3.5135548537474134e-03, -4.5083700042644033e-03,
          -2.3785400524368840e-03, -3.2982051837423518e-05,
          -2.5169858854719087e-03, 1.0651915307298802e-03,
          1.0415786679246227e-02 ]
   - !!opencv-matrix
      rows: 9
      cols: 9
      dt: d
      data: [ 4.6199214918257225e-01, 1.7464805166540895e-01,
          -2.0303084260846302e-02, 3.0885418492597790e-02,
          2.2169480249229677e-02, 3.0262168822349538e-02,
          1.4755647940104139e-02, 1.3785285354981736e-02,
          2.2583664161936558e-02, 1.7464805166540889e-01,
          5.2109139085782330e-01, -7.1956495319725422e-02,
          9.2392470232440169e-02, 4.0414540108381157e-02,
          2.1428680594170829e-02, 5.3590164918268096e-02,
          9.4643130230577556e-03, -3.5909523067289471e-02,
          -2.0303084260846302e-02, -7.1956495319725422e-02,
          8.5080645917891912e-02, -4.0177361756719911e-02,
          -1.7921258792259993e-02, 6.6744400482911742e-03,
          -1.4641963315543245e-02, 2.4520860793306553e-03,
          2.9114778846403344e-02, 3.0885418492597797e-02,
          9.2392470232440196e-02, -4.0177361756719897e-02,
          3.7405688295555461e-02, 1.2417704335937436e-02,
          -1.6344048379992728e-04, 1.1047892434649898e-02,
          7.4933202694587502e-04, -1.8140525077646578e-02,
          2.2169480249229677e-02, 4.0414540108381157e-02,
          -1.7921258792259993e-02, 1.2417704335937436e-02,
          3.9775793097156578e-02, 2.2825861065101914e-03,
          1.0141687518191042e-02, -7.1016241305046370e-04,
          -1.1808442935812981e-03, 3.0262168822349542e-02,
          2.1428680594170829e-02, 6.6744400482911742e-03,
          -1.6344048379992706e-04, 2.2825861065101905e-03,
          3.9126904224708145e-02, 1.0830024045676745e-03,
          3.6925082658752274e-03, 2.2415960919970772e-02,
          1.4755647940104139e-02, 5.3590164918268103e-02,
          -1.4641963315543247e-02, 1.1047892434649896e-02,
          1.0141687518191040e-02, 1.0830024045676749e-03,
          4.2439761006138207e-02, -1.5228209324445803e-03,
          -6.4145905727583507e-03, 1.3785285354981741e-02,
          9.4643130230577556e-03, 2.4520860793306562e-03,
          7.4933202694587512e-04, -7.1016241305046413e-04,
          3.6925082658752265e-03, -1.5228209324445808e-03,
          7.9929889409281543e-02, 8.4220518228189764e-04,
          2.2583664161936558e-02, -3.5909523067289464e-02,
          2.9114778846403337e-02, -1.8140525077646581e-02,
          -1.1808442935812974e-03, 2.2415960919970772e-02,
          -6.4145905727583507e-03, 8.4220518228189753e-04,
          6.3868231312811316e-02 ]
   - !!opencv-matrix
      rows: 9
      cols: 9
      dt: d
      data: [ 2.3571739450717444e-01, 6.8486378253777458e-02,
          -3.2330648353996877e-02, 3.6148988015510405e-02,
          3.5501791979704100e-02, 8.2142633178757016e-02,
          3.3064275599326953e-02, -4.4030509718370936e-05,
          -3.2209006944006966e-04, 6.8486378253777458e-02,
          8.4956906465824739e-02, 1.1338791661242189e-02,
          4.3024350804414142e-03, 1.8266026757591206e-02,
          7.7987773992330395e-02, 2.5724039950132928e-02,
          5.1001611038766180e-03, 5.5716885558270805e-03,
          -3.2330648353996877e-02, 1.1338791661242189e-02,
          1.4209184465506147e-01, -9.3697295478176901e-02,
          -5.3222704204775269e-02, -1.9915423824490464e-02,
          -1.9065361390981389e-02, 5.9958734979889249e-03,
          1.3766782133003762e-02, 3.6148988015510405e-02,
          4.3024350804414125e-03, -9.3697295478176901e-02,
          7.2706567120798996e-02, 4.3510142416021129e-02,
          2.9980168275974634e-02, 1.8469992688490370e-02,
          -4.5339156716808953e-03, -1.0010922613834097e-02,
          3.5501791979704100e-02, 1.8266026757591213e-02,
          -5.3222704204775269e-02, 4.3510142416021136e-02,
          5.1790052061665780e-02, 3.2480744711976699e-02,
          1.8830901274654543e-02, -1.4394618898874846e-03,
