%YAML:1.0
---
groups:
   - intact
   - CD19
intactGmmnames:
   - "intact.782.0"
   - "intact.782.1"
   - "intact.782.2"
   - "intact.782.3"
   - "intact.782.4"
intactLabels:
   - FSC-A
   - SSC-A
   - SY41
   - CD19
   - CD10
   - CD20
   - CD45
   - CD34
   - CD38
intactMu: !!opencv-matrix
   rows: 5
   cols: 9
   dt: d
   data: [ 5.1314801999229542e-01, 7.0975943761426796e-01,
       2.9460538716610483e+00, 1.0239509168525480e+00,
       8.5386833898452896e-01, 1.0422230915187161e+00,
       1.2628728790554451e+00, 9.3035098370912295e-01,
       1.5095464441326194e+00, 3.3316047959820088e+00,
       3.3766289151766689e+00, 2.6829805538142071e+00,
       1.5673608948843623e+00, 1.2316190824473030e+00,
       1.2923807656689108e+00, 2.7259954544317631e+00,
       1.0049430592990785e+00, 1.7744853281456516e+00,
       9.3161768867872508e-01, 4.4191891372021408e-01,
       2.6169445200784702e+00, 1.0467494319990658e+00,
       8.7364728211083043e-01, 9.2339210143961847e-01,
       3.4418650936192647e+00, 9.6849365879064253e-01,
       1.6026997437800987e+00, 1.5908413951147891e+00,
       2.4096087141808238e+00, 2.6687537690045513e+00,
       1.4522107717135644e+00, 1.2605559584661461e+00,
       1.4446858826321467e+00, 3.0955685790591221e+00,
       1.2690991232706492e+00, 2.8206488427184544e+00,
       1.3697413860205101e+00, 2.0161231957928702e+00,
       2.9787436619579757e+00, 1.3426364529947761e+00,
       1.1816565968422288e+00, 1.4401015317291423e+00,
       2.2495734903267137e+00, 1.0878104367260661e+00,
       1.8383828647427114e+00 ]
intactSigma:
   - !!opencv-matrix
      rows: 9
      cols: 9
      dt: d
      data: [ 6.9825612699362827e-02, 4.3680170771375613e-02,
          -1.6205302916319473e-02, 1.3399240731839261e-02,
          1.0024365375844026e-02, 2.7159842478361115e-02,
          1.8754055432298525e-02, -7.9928174615401305e-05,
          3.2060355662624379e-03, 4.3680170771375613e-02,
          7.7312836697808307e-02, 1.0052041163281148e-02,
          1.6947135033172505e-02, 1.4751631951281659e-02,
          4.5916172625720529e-02, 3.1090413610269634e-02,
          8.7650575726398977e-04, 5.4692675622009732e-03,
          -1.6205302916319470e-02, 1.0052041163281152e-02,
          4.8585996426243533e-02, -5.9235559861304183e-03,
          -4.4681963143810454e-04, 8.0444560472813648e-03,
          8.9252618804722995e-04, 1.3113192669524283e-03,
          5.4546811256949974e-04, 1.3399240731839261e-02,
          1.6947135033172502e-02, -5.9235559861304174e-03,
          1.8545199749411708e-02, 4.0499262658194261e-03,
          1.0699245758788093e-02, 6.3625984988996296e-03,
          1.5283271617486436e-04, -4.4920923446376069e-04,
          1.0024365375844028e-02, 1.4751631951281661e-02,
          -4.4681963143810422e-04, 4.0499262658194252e-03,
          4.8180573237565708e-02, 4.3005168938867865e-03,
          1.1256840390978684e-02, -8.8624866567590314e-04,
          1.2272832944630323e-03, 2.7159842478361122e-02,
          4.5916172625720543e-02, 8.0444560472813648e-03,
          1.0699245758788093e-02, 4.3005168938867857e-03,
          7.6426584053683744e-02, 1.9506114055302212e-02,
          6.3003438575360020e-04, 3.4440853077496864e-03,
          1.8754055432298525e-02, 3.1090413610269634e-02,
          8.9252618804723060e-04, 6.3625984988996296e-03,
          1.1256840390978684e-02, 1.9506114055302212e-02,
          9.0254925361937993e-02, -2.2649270707337009e-03,
          3.1893061721966144e-03, -7.9928174615401468e-05,
          8.7650575726398998e-04, 1.3113192669524283e-03,
          1.5283271617486457e-04, -8.8624866567590390e-04,
          6.3003438575360106e-04, -2.2649270707337005e-03,
          2.2826376398076907e-02, 1.3887218117746087e-04,
          3.2060355662624379e-03, 5.4692675622009732e-03,
          5.4546811256949953e-04, -4.4920923446376069e-04,
          1.2272832944630323e-03, 3.4440853077496864e-03,
          3.1893061721966144e-03, 1.3887218117746076e-04,
          3.5504855377701092e-03 ]
   - !!opencv-matrix
      rows: 9
      cols: 9
      dt: d
      data: [ 4.9867660729013169e-01, 4.9874617660295932e-02,
          7.3131614109194897e-03, 1.0510770864607312e-02,
          -4.0860273236150609e-02, 2.5796612558082740e-02,
          -1.1781939706105372e-02, 2.2627279841978664e-03,
          1.9876129865287945e-02, 4.9874617660295932e-02,
          4.2716272799407362e-01, 4.2869652618122457e-03,
          6.3013404504361950e-02, 8.6204028890640216e-02,
          2.9136280977398024e-02, 4.0995741538791333e-02,
          9.9196507673179977e-03, 4.2987267582095604e-03,
          7.3131614109194897e-03, 4.2869652618122474e-03,
          1.2050157742171630e-02, 1.4294765196973553e-03,
          -3.0054992850404573e-04, 9.9098974675065586e-03,
          -2.6007272963579314e-03, 6.2821122484174434e-04,
          8.8013880722930971e-03, 1.0510770864607312e-02,
          6.3013404504361964e-02, 1.4294765196973549e-03,
          2.9982483191577133e-02, 1.0204730857442102e-02,
          7.4067403442604042e-03, 4.7038406423460539e-03,
          2.0926105340117666e-03, 4.3591875318309872e-04,
          -4.0860273236150609e-02, 8.6204028890640189e-02,
          -3.0054992850404578e-04, 1.0204730857442100e-02,
          1.4952047162238236e-01, -2.3474426189687286e-03,
          3.0065705450086529e-02, 3.9820255630885733e-03,
          -7.4054820359087739e-03, 2.5796612558082740e-02,
          2.9136280977398031e-02, 9.9098974675065569e-03,
          7.4067403442604034e-03, -2.3474426189687278e-03,
          5.5051597570031210e-02, -2.7594812167160300e-04,
          1.7436453521206545e-03, 2.6869286517637411e-02,
          -1.1781939706105372e-02, 4.0995741538791319e-02,
          -2.6007272963579323e-03, 4.7038406423460539e-03,
          3.0065705450086529e-02, -2.7594812167160252e-04,
          2.6917054177425737e-02, -1.5390279655174938e-03,
          -3.2907705651913236e-03, 2.2627279841978677e-03,
          9.9196507673179959e-03, 6.2821122484174390e-04,
          2.0926105340117662e-03, 3.9820255630885716e-03,
          1.7436453521206552e-03, -1.5390279655174933e-03,
          8.3335212544421250e-02, 1.2148293256585849e-03,
          1.9876129865287945e-02, 4.2987267582095612e-03,
          8.8013880722930971e-03, 4.3591875318309872e-04,
          -7.4054820359087739e-03, 2.6869286517637411e-02,
          -3.2907705651913236e-03, 1.2148293256585856e-03,
          5.5954940334708048e-02 ]
   - !!opencv-matrix
      rows: 9
      cols: 9
      dt: d
      data: [ 3.1658840453609421e-01, 2.8572434581754600e-02,
          -7.2610656275361826e-02, 1.7243136928611905e-02,
          1.0097162957821870e-02, 1.2867589104251004e-02,
          2.1003216280531277e-02, -4.7553988361150983e-03,
          -1.3852533935408617e-02, 2.8572434581754600e-02,
          1.5089266688959064e-02, -6.5113009417040769e-03,
          5.5270432187760421e-03, 3.4927483601011706e-03,
          9.7891682028637805e-03, 8.5866941927302265e-03,
          1.1175597771173908e-03, -5.3320154100504015e-03,
          -7.2610656275361840e-02, -6.5113009417040769e-03,
          3.7703424844422094e-02, -6.2685434417765404e-03,
          -2.7581907697832833e-03, -1.2087128452482583e-03,
          -4.9014087910188818e-03, 1.0705700043145401e-03,
          1.3404956213480730e-03, 1.7243136928611905e-02,
          5.5270432187760421e-03, -6.2685434417765386e-03,
          3.3109819229221946e-02, 1.3450869588090949e-03,
          4.6345511923831482e-03, 3.8612262377939279e-03,
          2.5091124770650107e-03, -6.0946209948501452e-03,
          1.0097162957821870e-02, 3.4927483601011728e-03,
          -2.7581907697832829e-03, 1.3450869588090954e-03,
          4.5328508882152466e-02, -3.1030357199038016e-03,
          3.5174727345685455e-03, -6.2060223442229499e-03,
