%YAML:1.0
---
groups:
   - intact
   - CD19
   - blast
intactGmmnames:
   - "intact.787.0"
   - "intact.787.1"
   - "intact.787.2"
   - "intact.787.3"
   - "intact.787.4"
intactLabels:
   - FSC-A
   - SSC-A
   - SY41
   - CD19
   - CD10
   - CD20
   - CD45
   - CD34
   - CD38
intactMu: !!opencv-matrix
   rows: 5
   cols: 9
   dt: d
   data: [ 1.9778985094022088e+00, 1.4335785373733372e+00,
       3.1604286196473619e+00, 1.3351905672699951e+00,
       1.4875725863694169e+00, 1.5252314915333265e+00,
       2.4825759898191779e+00, 1.4495734660416661e+00,
       1.9708121052466931e+00, 9.8984050480155272e-01,
       2.7369548676215943e-01, 3.2336292100891559e+00,
       1.0241083568787670e+00, 8.9801347182016300e-01,
       9.5138178729917233e-01, 3.6500567125517156e+00,
       1.1262342822776374e+00, 1.6824497587590952e+00,
       2.7026099231702925e+00, 2.7385049878804288e+00,
       3.0781071228597101e+00, 1.6417175016841627e+00,
       2.3697836673000419e+00, 1.2650446136002937e+00,
       3.4011684146046579e+00, 1.2371469959629551e+00,
       1.6581745671267605e+00, 1.1957929921519377e+00,
       5.8464780310606168e-01, 3.2333373708979232e+00,
       9.4977603137177236e-01, 1.0609684903978134e+00,
       1.1898489725154484e+00, 1.3968795325095011e+00,
       1.1208000773500113e+00, 1.5505297529528701e+00,
       1.8271863736379674e+00, 4.7845517828987311e-01,
       3.1033976606927025e+00, 1.2299008812442351e+00,
       9.2380989840686445e-01, 1.0541479310655113e+00,
       3.8352278254272751e+00, 1.1580374646487253e+00,
       1.8043137590151639e+00 ]
intactSigma:
   - !!opencv-matrix
      rows: 9
      cols: 9
      dt: d
      data: [ 9.8885837269308996e-01, 2.3186080633580056e-01,
          -1.0325384465834888e-02, 7.2278470586030430e-02,
          -1.9505022871131181e-02, 4.3645535699076067e-02,
          7.2700827881349753e-02, 6.5137389341637597e-02,
          4.2050422938985713e-02, 2.3186080633580056e-01,
          5.8061022686095531e-01, 5.1000768689635795e-02,
          1.5314292093337670e-01, 1.2304174615489091e-01,
          8.8899684521887581e-02, 1.2352626262997241e-01,
          -1.1692572171829549e-02, 3.3119559723574964e-02,
          -1.0325384465834895e-02, 5.1000768689635802e-02,
          2.3156050829545308e-01, -4.5748457614968874e-02,
          1.2614377185548229e-02, 6.8716315810086470e-02,
          7.4803152114535226e-02, -9.8652656528244072e-03,
          8.0349917517889530e-02, 7.2278470586030430e-02,
          1.5314292093337670e-01, -4.5748457614968874e-02,
          2.0006595740977334e-01, 7.6833244560216604e-02,
          8.1526356394546792e-02, 7.8997154028882605e-02,
          2.5197827700322931e-02, -3.9458165781121029e-03,
          -1.9505022871131181e-02, 1.2304174615489091e-01,
          1.2614377185548226e-02, 7.6833244560216604e-02,
          2.4548179447482715e-01, 8.0221539516517976e-02,
          7.8453660767226568e-02, -2.6246918613932049e-02,
          -2.3791881272181178e-02, 4.3645535699076081e-02,
          8.8899684521887581e-02, 6.8716315810086470e-02,
          8.1526356394546792e-02, 8.0221539516517990e-02,
          2.0082286365944049e-01, 4.2146573773939232e-02,
          1.4031975024712848e-02, 2.9127028201469365e-02,
          7.2700827881349725e-02, 1.2352626262997243e-01,
          7.4803152114535226e-02, 7.8997154028882591e-02,
          7.8453660767226582e-02, 4.2146573773939232e-02,
          6.0841068734718495e-01, 6.6428039531848379e-02,
          1.5769462200046663e-01, 6.5137389341637583e-02,
          -1.1692572171829538e-02, -9.8652656528244072e-03,
          2.5197827700322924e-02, -2.6246918613932042e-02,
          1.4031975024712848e-02, 6.6428039531848379e-02,
          2.9474071955518005e-01, 7.7719736509593407e-02,
          4.2050422938985699e-02, 3.3119559723574964e-02,
          8.0349917517889530e-02, -3.9458165781121055e-03,
          -2.3791881272181178e-02, 2.9127028201469361e-02,
          1.5769462200046663e-01, 7.7719736509593407e-02,
          3.2537370639190910e-01 ]
   - !!opencv-matrix
      rows: 9
      cols: 9
      dt: d
      data: [ 1.4529342854477365e-01, 2.8360517985107072e-03,
          -2.5368160864252282e-02, 8.4718766309940154e-03,
          1.8949768263781983e-03, 3.3082767655824947e-03,
          1.0413513239103838e-02, -4.1350503842230444e-03,
          -1.4608080456381272e-02, 2.8360517985107072e-03,
          6.6602778569898238e-03, -8.7929173596029947e-04,
          4.4687235596506001e-03, 2.4540845977237247e-03,
          5.5796117715798833e-03, 3.2551783722583371e-03,
          9.0605832050412189e-04, -3.3437177140006112e-03,
          -2.5368160864252282e-02, -8.7929173596029979e-04,
          1.3215406016674711e-02, -4.8883748925256177e-03,
          -5.8471911276863930e-04, 5.7848650409033624e-05,
          -2.8468685792817348e-03, 1.3997071984628671e-03,
          3.7965307694752710e-03, 8.4718766309940172e-03,
          4.4687235596506001e-03, -4.8883748925256177e-03,
          7.7701288640003696e-02, 1.4871916026192929e-03,
          5.1888843994660830e-03, 4.3260559950414612e-03,
          4.1334123666588504e-03, -1.0334176687576316e-02,
          1.8949768263781979e-03, 2.4540845977237247e-03,
          -5.8471911276863941e-04, 1.4871916026192936e-03,
          5.7079769461203980e-02, -8.9935864434830624e-03,
          1.8535933461709142e-03, -5.2585753361746399e-03,
          -2.6548759196253916e-03, 3.3082767655824965e-03,
          5.5796117715798850e-03, 5.7848650409033400e-05,
          5.1888843994660856e-03, -8.9935864434830606e-03,
          8.2769948440588145e-02, 4.2212923711082463e-03,
          1.9574622543795414e-03, -5.8316413126635160e-03,
          1.0413513239103840e-02, 3.2551783722583362e-03,
          -2.8468685792817348e-03, 4.3260559950414621e-03,
          1.8535933461709148e-03, 4.2212923711082463e-03,
          9.0404296445030872e-03, -2.0107721349338068e-03,
          -5.5605353907122275e-03, -4.1350503842230461e-03,
          9.0605832050412265e-04, 1.3997071984628664e-03,
          4.1334123666588486e-03, -5.2585753361746382e-03,
          1.9574622543795423e-03, -2.0107721349338077e-03,
          1.3765097875406029e-01, 2.0851170555904251e-03,
          -1.4608080456381272e-02, -3.3437177140006112e-03,
          3.7965307694752697e-03, -1.0334176687576316e-02,
          -2.6548759196253911e-03, -5.8316413126635160e-03,
          -5.5605353907122275e-03, 2.0851170555904255e-03,
          6.1010339831483525e-02 ]
   - !!opencv-matrix
      rows: 9
      cols: 9
      dt: d
      data: [ 7.4268768247149564e-01, 1.6710856153674439e-01,
          -1.0149777589126576e-02, 2.9830286724553120e-02,
          -1.4435609591861018e-01, 1.5639092263633331e-02,
          -6.1599878789828149e-03, -5.3768239675230922e-04,
          2.9420430918150140e-02, 1.6710856153674439e-01,
          3.8098900544055886e-01, -7.7654952317679207e-03,
          7.7562682648127712e-02, 8.3280232793831802e-02,
          3.2412628071283950e-02, 3.4594080935255289e-02,
          1.3696370084937726e-02, 5.3008103611462938e-03,
          -1.0149777589126573e-02, -7.7654952317679216e-03,
          2.7138132069015400e-02, -6.2617946169551027e-03,
          -1.5161707687558781e-02, 4.2588509871461762e-03,
          -8.3540986695693330e-03, 4.5595661646852248e-04,
          1.8545479908949241e-03, 2.9830286724553127e-02,
          7.7562682648127712e-02, -6.2617946169551009e-03,
          5.4518534533426193e-02, 3.3106292015741792e-02,
          1.4684694932015376e-02, 1.4106691975882726e-02,
          5.9341530740395594e-03, -7.2097091629592944e-03,
          -1.4435609591861018e-01, 8.3280232793831802e-02,
          -1.5161707687558781e-02, 3.3106292015741792e-02,
          3.4760999124517966e-01, 3.1999325548100616e-02,
          7.1696324888564852e-02, 1.5093891152626123e-02,
