%YAML:1.0
---
groups:
   - intact
   - CD19
intactGmmnames:
   - "intact.794.0"
   - "intact.794.1"
   - "intact.794.2"
   - "intact.794.3"
   - "intact.794.4"
intactLabels:
   - FSC-A
   - SSC-A
   - SY41
   - CD19
   - CD10
   - CD20
   - CD45
   - CD34
   - CD38
intactMu: !!opencv-matrix
   rows: 5
   cols: 9
   dt: d
   data: [ 2.1709658925592810e+00, 3.0290950280937063e+00,
       3.0923436810559433e+00, 1.6294514663981250e+00,
       1.1640624416855732e+00, 1.3338776565532113e+00,
       2.9802650086743272e+00, 1.0594598051576549e+00,
       2.8346903856146661e+00, 7.4405039204947221e-01,
       4.6819331703206241e-01, 3.1052922121470203e+00,
       9.4830390531901232e-01, 9.7295444976262668e-01,
       1.0819010518754153e+00, 1.5004853274436185e+00,
       1.0288338734877651e+00, 1.3958983442734922e+00,
       2.1237217335677454e+00, 3.3695636381788066e+00,
       2.9033661231450552e+00, 1.7725972821165601e+00,
       1.7687410314672734e+00, 1.4021694302762531e+00,
       3.2332043064292768e+00, 1.1525907123836707e+00,
       1.9726289573133828e+00, 6.0733738192708020e-01,
       2.9165595048622878e-01, 3.1248262215304661e+00,
       1.0327329101298468e+00, 8.8062696988345712e-01,
       9.9011273226330743e-01, 3.4601008877002579e+00,
       1.0398889020056883e+00, 1.4522076105264825e+00,
       1.7050006667272843e+00, 1.5593526501652861e+00,
       3.0932007311502483e+00, 1.3496829262290870e+00,
       1.2014781201136175e+00, 1.3422585150082973e+00,
       2.8889338162064817e+00, 1.4585058944337277e+00,
       2.2820373661579598e+00 ]
intactSigma:
   - !!opencv-matrix
      rows: 9
      cols: 9
      dt: d
      data: [ 4.6561373863235112e-01, 2.2334321881171118e-01,
          2.6051260223622873e-02, 4.0815465141678997e-02,
          1.7037987180792375e-02, 2.0037474897789100e-02,
          1.5310568747350482e-02, 5.8905094946484742e-05,
          -8.9921180400094284e-03, 2.2334321881171118e-01,
          5.2084142203753947e-01, 2.8635909056664743e-02,
          1.0393581716752005e-01, 4.3940088922878241e-02,
          5.0482044503534940e-02, 1.6414269234968221e-02,
          4.6087078751361425e-03, 9.4425552917044245e-03,
          2.6051260223622870e-02, 2.8635909056664754e-02,
          2.9072844179661370e-02, -1.6264559164375726e-04,
          2.1460151400288285e-02, 3.4673556785969742e-02,
          -3.7223696162082512e-03, 6.4551374072860934e-03,
          6.7679482410941363e-02, 4.0815465141678990e-02,
          1.0393581716752004e-01, -1.6264559164375731e-04,
          4.4171496420084944e-02, 4.7201814290770798e-03,
          2.2710570986276585e-03, 4.4371645644222489e-03,
          -5.9732124020455259e-04, -1.5636986257388130e-02,
          1.7037987180792375e-02, 4.3940088922878241e-02,
          2.1460151400288285e-02, 4.7201814290770807e-03,
          8.0718328535017453e-02, 2.5753306421453404e-02,
          -1.9980381748265714e-04, 3.7204855221516695e-03,
          6.3878785478850328e-02, 2.0037474897789100e-02,
          5.0482044503534940e-02, 3.4673556785969742e-02,
          2.2710570986276568e-03, 2.5753306421453404e-02,
          1.1520903727952327e-01, -4.1240521637600164e-03,
          9.4265681654587315e-03, 1.0509903224782512e-01,
          1.5310568747350482e-02, 1.6414269234968217e-02,
          -3.7223696162082499e-03, 4.4371645644222489e-03,
          -1.9980381748265725e-04, -4.1240521637600155e-03,
          2.0111565864308106e-02, -3.8428981917251782e-03,
          -9.5131517445804278e-03, 5.8905094946483407e-05,
          4.6087078751361425e-03, 6.4551374072860934e-03,
          -5.9732124020455280e-04, 3.7204855221516665e-03,
          9.4265681654587315e-03, -3.8428981917251782e-03,
          8.3430914537652195e-02, 2.0144845829408883e-02,
          -8.9921180400094215e-03, 9.4425552917044245e-03,
          6.7679482410941363e-02, -1.5636986257388130e-02,
          6.3878785478850314e-02, 1.0509903224782513e-01,
          -9.5131517445804278e-03, 2.0144845829408883e-02,
          2.4893505459530854e-01 ]
   - !!opencv-matrix
      rows: 9
      cols: 9
      dt: d
      data: [ 1.2339398423551112e-01, 1.1753053706585024e-02,
          6.5062733738261783e-03, 1.2112763060182724e-03,
          3.1590060283380704e-03, 7.9800855369176558e-03,
          -7.1563692364655703e-03, 1.7452418316241676e-03,
          1.7656959318807679e-03, 1.1753053706585024e-02,
          5.6741729717545923e-02, 1.2155454402670565e-02,
          1.4545644336078977e-02, 1.8523996475545076e-02,
          2.9493318197450939e-02, 5.8564794000390170e-02,
          4.4732267042307443e-03, 1.6432870794300673e-02,
          6.5062733738261791e-03, 1.2155454402670567e-02,
          6.8826017523148611e-02, -1.5298343984588229e-02,
          3.8148441807164281e-04, 9.8990044834153124e-03,
          8.6326717053518080e-03, 3.5232187833116723e-03,
          5.3804868703099598e-03, 1.2112763060182720e-03,
          1.4545644336078979e-02, -1.5298343984588229e-02,
          2.1608273233258250e-02, 7.0553381096637117e-03,
          8.2376028341025875e-03, 1.4961975932537095e-02,
          6.5860174629417216e-04, 7.5590678137488611e-04,
          3.1590060283380713e-03, 1.8523996475545073e-02,
          3.8148441807164335e-04, 7.0553381096637125e-03,
          7.4527203051135027e-02, -1.6007649953340560e-03,
          3.1928186992149651e-02, 8.5940146905493842e-04,
          7.7465498728554174e-03, 7.9800855369176540e-03,
          2.9493318197450935e-02, 9.8990044834153124e-03,
          8.2376028341025875e-03, -1.6007649953340560e-03,
          9.1920665689220749e-02, 3.2512498329850391e-02,
          3.4113337626692367e-03, 8.6418921832482690e-03,
          -7.1563692364655755e-03, 5.8564794000390170e-02,
          8.6326717053518114e-03, 1.4961975932537095e-02,
          3.1928186992149651e-02, 3.2512498329850398e-02,
          2.3757002521438914e-01, 7.0450871799718846e-04,
          2.2022135738347784e-02, 1.7452418316241676e-03,
          4.4732267042307452e-03, 3.5232187833116714e-03,
          6.5860174629417238e-04, 8.5940146905493842e-04,
          3.4113337626692367e-03, 7.0450871799718857e-04,
          3.1050497393070794e-02, 1.6466399976182323e-03,
          1.7656959318807679e-03, 1.6432870794300673e-02,
          5.3804868703099572e-03, 7.5590678137488589e-04,
          7.7465498728554174e-03, 8.6418921832482690e-03,
          2.2022135738347784e-02, 1.6466399976182316e-03,
          2.3302717866949891e-02 ]
   - !!opencv-matrix
      rows: 9
      cols: 9
      dt: d
      data: [ 7.1083743990500969e-01, 9.1054707493202741e-02,
          1.5241703324063917e-02, 2.0225926663093668e-02,
          7.2424555132900817e-02, 7.6553447656376006e-02,
          2.2760495204991973e-02, 2.9368937138543591e-02,
          -1.7194650135007962e-02, 9.1054707493202727e-02,
          3.9574911348257596e-01, 1.5933633695305472e-02,
          6.9537929191765421e-02, 2.0711627606292048e-02,
          2.1110416678148454e-02, 9.7682015538332369e-03,
          4.2360338779954482e-03, 6.1437868490263527e-03,
          1.5241703324063920e-02, 1.5933633695305472e-02,
          2.9725365619985792e-02, 5.6680498254330202e-03,
          4.4267173694362699e-02, 2.8706214178068495e-02,
          1.1102015501551533e-02, 8.1188952152095456e-03,
          -2.9325746379115839e-02, 2.0225926663093665e-02,
          6.9537929191765421e-02, 5.6680498254330228e-03,
          3.3695648228882921e-02, 1.3052960164825768e-02,
          1.5302458345147908e-02, 4.8618818093737011e-03,
          6.2455213309677952e-03, -6.0592033606406389e-03,
          7.2424555132900817e-02, 2.0711627606292048e-02,
          4.4267173694362699e-02, 1.3052960164825768e-02,
          2.4342313188675924e-01, 6.4148414295427586e-02,
          4.5037592943792906e-02, 1.7464457021544016e-02,
