%YAML:1.0
---
groups:
   - intact
   - CD19
   - blast
intactGmmnames:
   - "intact.796.0"
   - "intact.796.1"
   - "intact.796.2"
   - "intact.796.3"
   - "intact.796.4"
intactLabels:
   - FSC-A
   - SSC-A
   - SY41
   - CD19
   - CD10
   - CD20
   - CD45
   - CD34
   - CD38
intactMu: !!opencv-matrix
   rows: 5
   cols: 9
   dt: d
   data: [ 2.5090871068833915e+00, 3.0911863464170803e+00,
       2.9592633608638379e+00, 1.7225138624165595e+00,
       1.2115391811050069e+00, 1.0377896034197931e+00,
       2.6004691355279395e+00, 1.1570339161760805e+00,
       1.7732275957718791e+00, 7.7366398847532791e-01,
       4.9276080230094077e-01, 3.2081050634117787e+00,
       9.6948180033172215e-01, 1.0384021245334525e+00,
       8.9984897617724313e-01, 1.2775216127428368e+00,
       1.0779829421221785e+00, 1.6089300307041996e+00,
       1.2251990231448497e+00, 2.9767793216503496e-01,
       3.0018378888983070e+00, 1.5028502687740952e+00,
       9.2994138245091107e-01, 9.2490007643013883e-01,
       3.2399688183567208e+00, 1.0240215146331659e+00,
       2.0832547642723180e+00, 1.7865599800218652e+00,
       1.8033747274416811e+00, 2.9921125191182885e+00,
       1.6356847606398943e+00, 1.2874958665955720e+00,
       1.1785078525619053e+00, 2.5688070175316220e+00,
       1.2879625419393865e+00, 2.2360077391001045e+00,
       1.9804412597497076e+00, 3.5326484320110709e+00,
       2.9090678254103364e+00, 1.8962951699394985e+00,
       1.7012024615114889e+00, 1.0552218593171065e+00,
       2.7901394720857802e+00, 1.2008503361239509e+00,
       1.7187043874566654e+00 ]
intactSigma:
   - !!opencv-matrix
      rows: 9
      cols: 9
      dt: d
      data: [ 8.4637140085757601e-01, 1.0249634789306630e-01,
          -3.9494040371239681e-03, 3.1474154939519258e-02,
          -4.9555881310634882e-02, 1.4867770117324708e-02,
          -2.8829174026803159e-02, -1.6051985185580965e-02,
          3.2615688326000966e-02, 1.0249634789306633e-01,
          4.7140846072341491e-01, -1.8992634776032927e-02,
          9.4028541374892985e-02, 5.0403631875349929e-02,
          1.8892096978976591e-02, 5.1904280270705948e-02,
          2.3806683253775322e-02, 4.2637386647442297e-03,
          -3.9494040371239698e-03, -1.8992634776032930e-02,
          1.6910930304866942e-02, -6.1298338578564615e-03,
          -3.9043039217204539e-03, -2.0814226902927720e-03,
          -3.2372559212732938e-03, -1.0409178761654622e-03,
          5.1186814890128657e-03, 3.1474154939519258e-02,
          9.4028541374892985e-02, -6.1298338578564624e-03,
          4.6178307543090893e-02, 7.7470388198474785e-03,
          4.2824687991221801e-03, 1.0228773261285733e-02,
          5.5870301016973517e-03, -7.2472252926454360e-03,
          -4.9555881310634882e-02, 5.0403631875349929e-02,
          -3.9043039217204539e-03, 7.7470388198474785e-03,
          4.5112886516795833e-02, -2.5074296415069442e-03,
          1.4295929425714790e-02, 6.5202000643791577e-03,
          -1.0323692306025589e-02, 1.4867770117324713e-02,
          1.8892096978976595e-02, -2.0814226902927720e-03,
          4.2824687991221784e-03, -2.5074296415069450e-03,
          1.1918915211691859e-02, -4.3711731935187090e-05,
          2.4319381496059689e-04, 6.1652577294043429e-03,
          -2.8829174026803159e-02, 5.1904280270705948e-02,
          -3.2372559212732930e-03, 1.0228773261285731e-02,
          1.4295929425714790e-02, -4.3711731935187192e-05,
          3.0026223405445609e-02, 9.4254060087013026e-03,
          -1.0523356514861757e-03, -1.6051985185580962e-02,
          2.3806683253775322e-02, -1.0409178761654624e-03,
          5.5870301016973508e-03, 6.5202000643791577e-03,
          2.4319381496059730e-04, 9.4254060087013026e-03,
          7.6149325861902317e-02, -1.3695495574921406e-03,
          3.2615688326000966e-02, 4.2637386647442271e-03,
          5.1186814890128657e-03, -7.2472252926454343e-03,
          -1.0323692306025589e-02, 6.1652577294043429e-03,
          -1.0523356514861766e-03, -1.3695495574921406e-03,
          9.1084624749444676e-02 ]
   - !!opencv-matrix
      rows: 9
      cols: 9
      dt: d
      data: [ 1.3911677375598941e-01, 4.4959938090696906e-02,
          -1.1040738719711510e-02, 2.0442221091734502e-02,
          2.2696736709767386e-02, 1.6758532349119219e-02,
          4.1383681543032555e-02, -4.3501994361817560e-04,
          4.2402510757363863e-02, 4.4959938090696906e-02,
          5.6329738049869092e-02, 1.1798626493928510e-02,
          1.5923956472324016e-02, 2.0153716339464896e-02,
          1.1177583797754419e-02, 4.3405154634046088e-02,
          4.9930885365411307e-03, 5.5808902676243576e-02,
          -1.1040738719711512e-02, 1.1798626493928510e-02,
          8.0412749589316129e-02, -2.3561388527411943e-02,
          -1.9888992427343578e-02, -2.0757839784418006e-02,
          -3.3056722139865827e-03, 1.2729292434785157e-02,
          2.1913931003040964e-02, 2.0442221091734502e-02,
          1.5923956472324020e-02, -2.3561388527411943e-02,
          4.1264582025240241e-02, 1.9167047809177277e-02,
          1.3536654854105037e-02, 2.1738031921108281e-02,
          -2.5629071476199706e-03, 1.1806171806268194e-02,
          2.2696736709767386e-02, 2.0153716339464899e-02,
          -1.9888992427343575e-02, 1.9167047809177277e-02,
          5.7728725394076329e-02, 1.2458533661744023e-02,
          4.1472866453132827e-02, -2.8596351018194501e-03,
          3.5491232748256517e-02, 1.6758532349119226e-02,
          1.1177583797754418e-02, -2.0757839784418003e-02,
          1.3536654854105037e-02, 1.2458533661744023e-02,
          2.0011761432447320e-02, 1.6405314048642317e-02,
          -2.9590060766700355e-03, 1.0821587281939434e-02,
          4.1383681543032548e-02, 4.3405154634046088e-02,
          -3.3056722139865853e-03, 2.1738031921108285e-02,
          4.1472866453132827e-02, 1.6405314048642317e-02,
          1.5217243910089157e-01, 7.4652784881540056e-03,
          9.4268812766256524e-02, -4.3501994361817560e-04,
          4.9930885365411307e-03, 1.2729292434785162e-02,
          -2.5629071476199715e-03, -2.8596351018194501e-03,
          -2.9590060766700346e-03, 7.4652784881540039e-03,
          3.9628330957563386e-02, 9.1945559412886842e-03,
          4.2402510757363870e-02, 5.5808902676243576e-02,
          2.1913931003040957e-02, 1.1806171806268194e-02,
          3.5491232748256517e-02, 1.0821587281939434e-02,
          9.4268812766256524e-02, 9.1945559412886877e-03,
          1.4838336943318090e-01 ]
   - !!opencv-matrix
      rows: 9
      cols: 9
      dt: d
      data: [ 2.0304624729859358e-01, 1.2394814673829267e-02,
          -3.1233150320804370e-02, 2.6558242887340041e-02,
          8.5134745482860416e-03, 8.3120850635397692e-03,
          2.2928669593039800e-02, -4.9273590395499996e-03,
          1.3024954143149175e-02, 1.2394814673829269e-02,
          1.3026878172589176e-02, -5.4265970760158013e-03,
          1.1483384855929639e-02, 3.2681473343954548e-03,
          3.6812715776836360e-03, 7.5314556200896761e-03,
          -4.4165111105031656e-04, 5.2094866235398987e-03,
          -3.1233150320804370e-02, -5.4265970760158013e-03,
          1.6021512823595561e-02, -1.1192392045381201e-02,
          -3.9650204918397231e-03, -3.5814690280268793e-03,
          -8.0304807270255921e-03, 1.6130002129701208e-03,
          -6.2176521382444842e-03, 2.6558242887340041e-02,
          1.1483384855929639e-02, -1.1192392045381201e-02,
          5.3363473195607365e-02, 5.1366930623028073e-03,
          4.6784311599146989e-03, 1.5655277808833086e-02,
          -1.1464026417828156e-03, 4.5460121043864278e-03,
          8.5134745482860468e-03, 3.2681473343954548e-03,
          -3.9650204918397231e-03, 5.1366930623028065e-03,
          1.6143063692330983e-02, -4.2879143154383781e-04,
