%YAML:1.0
---
groups:
   - intact
   - CD19
intactGmmnames:
   - "intact.799.0"
   - "intact.799.1"
   - "intact.799.2"
   - "intact.799.3"
   - "intact.799.4"
intactLabels:
   - FSC-A
   - SSC-A
   - SY41
   - CD19
   - CD10
   - CD20
   - CD45
   - CD34
   - CD38
intactMu: !!opencv-matrix
   rows: 5
   cols: 9
   dt: d
   data: [ 1.7591766294976148e+00, 1.5133926202391179e+00,
       3.3162098298005560e+00, 1.2213316449225120e+00,
       1.2388114305413334e+00, 1.4241053088564493e+00,
       2.1733326424115904e+00, 1.2755375478064601e+00,
       1.7665466255846722e+00, 4.4520417020685599e-01,
       3.3939474395841041e-01, 3.5856647944599573e+00,
       9.0510926649558276e-01, 8.1408372071315771e-01,
       9.5824485209812893e-01, 1.2453164132738093e+00,
       9.7928818367235126e-01, 1.3349214228422492e+00,
       6.6507164464680280e-01, 3.1719863586531055e-01,
       3.2249985207338194e+00, 1.0581921169276809e+00,
       8.5193556586934216e-01, 9.5339686324538919e-01,
       3.4673671506019317e+00, 9.9729501170149104e-01,
       1.2785846125836851e+00, 1.2499311931477699e+00,
       1.6111737383434284e+00, 3.1350716443873354e+00,
       1.2587654866703388e+00, 1.2166859225587809e+00,
       1.4382197673815891e+00, 2.6573656191553203e+00,
       1.4549581945254426e+00, 2.7614928266906551e+00,
       2.3948425396287800e+00, 2.8364831874078340e+00,
       3.1613600635112307e+00, 1.4540193296730117e+00,
       1.3615923484162158e+00, 1.3390159655056670e+00,
       2.6925366640731436e+00, 1.0394777331804732e+00,
       1.8978701490751901e+00 ]
intactSigma:
   - !!opencv-matrix
      rows: 9
      cols: 9
      dt: d
      data: [ 1.1467058751368293e+00, 6.3896014080628982e-01,
          -6.6563396964789426e-02, 1.6341048723493043e-01,
          1.2968929831763898e-01, 1.0309343807405869e-01,
          3.6865757393005683e-01, 1.2010350875485817e-01,
          1.7610833718557739e-01, 6.3896014080628982e-01,
          1.0044539158041965e+00, -9.9842881990627429e-03,
          2.0740522959596980e-01, 2.0188628307117829e-01,
          1.6126994456879873e-01, 4.0363322213689024e-01,
          1.7162898568878210e-01, 2.0732850949075890e-01,
          -6.6563396964789426e-02, -9.9842881990627377e-03,
          1.9087935799863973e-01, -7.7594444374256166e-02,
          -4.6103118534569963e-02, -1.6678685766028798e-02,
          -3.8388232483068670e-02, -2.0622822023444929e-02,
          -3.6574245967545905e-03, 1.6341048723493043e-01,
          2.0740522959596980e-01, -7.7594444374256166e-02,
          1.1413376379687792e-01, 8.7537527544225988e-02,
          7.2218719550174434e-02, 1.2932140781260917e-01,
          6.5927775968553592e-02, 5.4212323012637120e-02,
          1.2968929831763901e-01, 2.0188628307117829e-01,
          -4.6103118534569963e-02, 8.7537527544225974e-02,
          2.3219980453455374e-01, 1.1906068774905824e-01,
          1.4404312997132618e-01, 1.0482026776150422e-01,
          8.4780482630029533e-02, 1.0309343807405871e-01,
          1.6126994456879881e-01, -1.6678685766028802e-02,
          7.2218719550174421e-02, 1.1906068774905823e-01,
          1.9518729380452979e-01, 1.1427768198074238e-01,
          9.5794014428879568e-02, 8.8576562444668064e-02,
          3.6865757393005683e-01, 4.0363322213689024e-01,
          -3.8388232483068684e-02, 1.2932140781260917e-01,
          1.4404312997132618e-01, 1.1427768198074238e-01,
          6.9029953300729407e-01, 1.1293948907269592e-01,
          2.0064750759945746e-01, 1.2010350875485817e-01,
          1.7162898568878218e-01, -2.0622822023444929e-02,
          6.5927775968553592e-02, 1.0482026776150420e-01,
          9.5794014428879568e-02, 1.1293948907269595e-01,
          2.4268714847259670e-01, 9.9587076790542864e-02,
          1.7610833718557739e-01, 2.0732850949075890e-01,
          -3.6574245967545892e-03, 5.4212323012637113e-02,
          8.4780482630029533e-02, 8.8576562444668092e-02,
          2.0064750759945746e-01, 9.9587076790542864e-02,
          2.7697403019749617e-01 ]
   - !!opencv-matrix
      rows: 9
      cols: 9
      dt: d
      data: [ 5.0760564979569510e-02, 1.5550156732898071e-02,
          -1.0218034217110872e-02, 6.4307831272527429e-03,
          7.5279084600168387e-03, 1.5930353716479592e-02,
          9.0168656355571562e-03, 4.1341925944710259e-05,
          4.9758902362066646e-03, 1.5550156732898071e-02,
          1.6183557293948086e-02, 5.8028074353130088e-03,
          -8.8213844252269490e-04, 4.5176449593228628e-03,
          1.4296533836548112e-02, 6.2464385964082882e-03,
          1.3040701886937046e-03, 5.5792856323965785e-03,
          -1.0218034217110872e-02, 5.8028074353130088e-03,
          3.9746862994355779e-02, -1.7953109906680538e-02,
          -6.3937602231049027e-03, 4.7877638137946172e-03,
          -1.6510762242382434e-03, 1.8148105228500135e-03,
          6.0807768661761668e-03, 6.4307831272527429e-03,
          -8.8213844252269511e-04, -1.7953109906680538e-02,
          1.2829438414084666e-02, 4.1541094627366090e-03,
          -3.7239187635380541e-04, 9.3760265841174803e-04,
          -7.6621291839908720e-04, -4.2817079635560067e-03,
          7.5279084600168369e-03, 4.5176449593228628e-03,
          -6.3937602231049009e-03, 4.1541094627366090e-03,
          4.9229358683550328e-02, -5.4498779629096597e-03,
          7.8010963609646067e-03, 3.5565399369556517e-04,
          1.0659544056819633e-03, 1.5930353716479585e-02,
          1.4296533836548109e-02, 4.7877638137946172e-03,
          -3.7239187635380546e-04, -5.4498779629096605e-03,
          8.3884102128680277e-02, 6.2679831303496872e-03,
          6.5907985220937178e-04, 4.5853345026784674e-03,
          9.0168656355571527e-03, 6.2464385964082873e-03,
          -1.6510762242382441e-03, 9.3760265841174846e-04,
          7.8010963609646084e-03, 6.2679831303496854e-03,
          1.0613378355557175e-01, -3.3195675626679234e-03,
          1.6206518580250755e-03, 4.1341925944710300e-05,
          1.3040701886937042e-03, 1.8148105228500135e-03,
          -7.6621291839908720e-04, 3.5565399369556495e-04,
          6.5907985220937200e-04, -3.3195675626679234e-03,
          3.6647558237538222e-02, 9.7485175179369565e-04,
          4.9758902362066646e-03, 5.5792856323965776e-03,
          6.0807768661761651e-03, -4.2817079635560059e-03,
          1.0659544056819638e-03, 4.5853345026784674e-03,
          1.6206518580250760e-03, 9.7485175179369565e-04,
          2.0571563953798205e-02 ]
   - !!opencv-matrix
      rows: 9
      cols: 9
      dt: d
      data: [ 1.6677699516481453e-01, 2.2147492354432721e-02,
          -7.2160054789803516e-02, 2.4861139059392690e-02,
          1.0257104319874137e-02, 1.6332102646024325e-02,
          2.9675635657492327e-02, -1.7020767342751455e-03,
          -1.8658465161820816e-02, 2.2147492354432717e-02,
          1.0703246932049625e-02, -1.1499717283188946e-02,
          5.2181643128568229e-03, 4.1711585889659033e-03,
          9.0796659372448449e-03, 7.5978156910628553e-03,
          4.7318588814047630e-04, -5.7428103745628140e-03,
          -7.2160054789803488e-02, -1.1499717283188946e-02,
          5.5180262803994878e-02, -1.6417089797462744e-02,
          -7.1717823169053811e-03, -8.4386517924080508e-03,
          -1.6163085263959934e-02, 5.6343705133446778e-04,
          9.8373715061300798e-03, 2.4861139059392690e-02,
          5.2181643128568229e-03, -1.6417089797462744e-02,
          1.7639457851106963e-02, 3.2296145378940214e-03,
          4.5955185843851503e-03, 5.9954378723167364e-03,
          1.4940139441643923e-03, -9.2048462525419986e-03,
          1.0257104319874141e-02, 4.1711585889659024e-03,
          -7.1717823169053794e-03, 3.2296145378940219e-03,
          4.7889881374501064e-02, -5.8985114082295825e-03,
          3.6588402802385546e-03, -1.9846582019523128e-03,
