%YAML:1.0
---
groups:
   - intact
   - CD19
   - blast
intactGmmnames:
   - "intact.805.0"
   - "intact.805.1"
   - "intact.805.2"
   - "intact.805.3"
   - "intact.805.4"
intactLabels:
   - FSC-A
   - SSC-A
   - SY41
   - CD19
   - CD10
   - CD20
   - CD45
   - CD34
   - CD38
intactMu: !!opencv-matrix
   rows: 5
   cols: 9
   dt: d
   data: [ 1.0741483497172546e+00, 4.0683949195050689e-01,
       2.4148087653542616e+00, 1.5437287327564286e+00,
       9.7490732354880560e-01, 8.3909032051140375e-01,
       3.1833302449637553e+00, 1.0128241200717820e+00,
       1.8827771586436697e+00, 7.4333357824946233e-01,
       2.2838989856888228e-01, 2.6510438303449191e+00,
       1.3717836683114191e+00, 8.0628779741858070e-01,
       7.3425463883441155e-01, 2.9697707718389150e+00,
       9.8371024045177669e-01, 1.8825999817175885e+00,
       1.3731934386390352e+00, 1.7124457822576356e+00,
       2.5064198019611195e+00, 1.4901299271312671e+00,
       1.2576735929370209e+00, 1.0566876829524974e+00,
       2.1069461837059085e+00, 1.1813327928143040e+00,
       1.7458353334909942e+00, 8.3444706616880515e-01,
       2.8319979590135147e-01, 2.4459749399592505e+00,
       1.4244946627571164e+00, 8.5932933206654505e-01,
       7.9927479323934114e-01, 3.0276908654569703e+00,
       9.9508581379595562e-01, 1.8697927162945249e+00,
       1.0505281919666998e+00, 5.8453675620299539e-01,
       2.4222423304597900e+00, 1.5979944300160971e+00,
       1.0525763224495039e+00, 8.2716788175702149e-01,
       3.1882528119643059e+00, 1.0074761958285752e+00,
       2.5230433895555340e+00 ]
intactSigma:
   - !!opencv-matrix
      rows: 9
      cols: 9
      dt: d
      data: [ 1.0689857134005457e-01, -8.7762977577711247e-04,
          -9.7427372322816900e-03, -2.3200678825981121e-03,
          -1.1204912879811789e-02, 6.0900613358913340e-04,
          -1.7400924121993378e-03, -3.0146218411191664e-03,
          -9.5093091911516835e-03, -8.7762977577711214e-04,
          1.3929427179403190e-02, -4.4701277390472400e-03,
          6.8399087997452444e-03, 7.9989437494669348e-04,
          5.4086619811686181e-03, 6.6493832739181096e-03,
          -1.5086133155519342e-03, 3.5761878031741082e-03,
          -9.7427372322816883e-03, -4.4701277390472400e-03,
          4.2319007983484543e-02, -7.1207817112309002e-03,
          -6.1347540195051441e-03, -3.5306043147059984e-03,
          -6.3478523052495238e-03, 1.6556742044757501e-03,
          -1.6566146404638931e-03, -2.3200678825981125e-03,
          6.8399087997452427e-03, -7.1207817112309002e-03,
          3.2403892546767198e-02, 9.1441340571451687e-03,
          2.3715905427064694e-03, 1.2784515734481378e-02,
          -1.6517499129078321e-03, 5.3980028454313801e-03,
          -1.1204912879811789e-02, 7.9989437494669359e-04,
          -6.1347540195051432e-03, 9.1441340571451687e-03,
          6.7430692404535503e-02, -4.2956854023881068e-03,
          9.6073953431256784e-03, -5.8994634947690285e-03,
          9.8132563706348781e-03, 6.0900613358913361e-04,
          5.4086619811686189e-03, -3.5306043147059979e-03,
          2.3715905427064694e-03, -4.2956854023881051e-03,
          2.8351358836626088e-02, 1.6349056856768268e-03,
          -1.6798164139911450e-03, -2.3409044086105018e-03,
          -1.7400924121993378e-03, 6.6493832739181104e-03,
          -6.3478523052495212e-03, 1.2784515734481378e-02,
          9.6073953431256767e-03, 1.6349056856768268e-03,
          1.6157146340789269e-02, -1.4240811795211538e-03,
          1.5154712612493598e-02, -3.0146218411191668e-03,
          -1.5086133155519342e-03, 1.6556742044757501e-03,
          -1.6517499129078319e-03, -5.8994634947690276e-03,
          -1.6798164139911456e-03, -1.4240811795211529e-03,
          1.2729308995587177e-01, 5.2118881759819829e-03,
          -9.5093091911516801e-03, 3.5761878031741095e-03,
          -1.6566146404638933e-03, 5.3980028454313793e-03,
          9.8132563706348815e-03, -2.3409044086105000e-03,
          1.5154712612493598e-02, 5.2118881759819829e-03,
          8.5937933577138290e-02 ]
   - !!opencv-matrix
      rows: 9
      cols: 9
      dt: d
      data: [ 6.1296951422539124e-02, 1.9133901797198064e-03,
          -2.1582029738159588e-02, 6.3696747175002802e-03,
          6.0984506144488434e-03, 5.8553392254816830e-03,
          1.2443351483729159e-02, -3.9979871613438495e-03,
          1.0728881601983757e-02, 1.9133901797198064e-03,
          3.7097237696917243e-03, -5.1083314878705888e-04,
          1.5496764677262675e-03, 1.1057404418878794e-03,
          1.5955396952001147e-03, 1.9078720678189142e-03,
          -2.9110888697047319e-04, -9.4309021367261535e-04,
          -2.1582029738159588e-02, -5.1083314878705888e-04,
          1.2001704517113252e-02, -3.0649419890168691e-03,
          -3.4690115315214407e-03, -2.4001916182567434e-03,
          -5.4098508102679698e-03, 1.8102100109643790e-03,
          -5.3987944929850748e-03, 6.3696747175002802e-03,
          1.5496764677262673e-03, -3.0649419890168691e-03,
          2.1473580676380659e-02, 2.1138471538931060e-03,
          1.7446019270293662e-03, 5.1513341338228673e-03,
          -7.8090298842685109e-04, -2.0851721099357482e-03,
          6.0984506144488426e-03, 1.1057404418878798e-03,
          -3.4690115315214412e-03, 2.1138471538931065e-03,
          4.9996138642721635e-02, -3.8787086711118014e-03,
          3.5745341647134298e-03, -4.4125123200152100e-03,
          7.2694303122022332e-03, 5.8553392254816821e-03,
          1.5955396952001147e-03, -2.4001916182567434e-03,
          1.7446019270293662e-03, -3.8787086711118014e-03,
          1.9449244587756990e-02, 2.4113423402535332e-03,
          -9.2215216727105332e-04, -1.5659800191234288e-03,
          1.2443351483729159e-02, 1.9078720678189145e-03,
          -5.4098508102679698e-03, 5.1513341338228673e-03,
          3.5745341647134298e-03, 2.4113423402535336e-03,
          1.3058549652295533e-02, -6.4343318515930337e-04,
          3.9825877255684431e-03, -3.9979871613438477e-03,
          -2.9110888697047335e-04, 1.8102100109643790e-03,
          -7.8090298842685077e-04, -4.4125123200152109e-03,
          -9.2215216727105278e-04, -6.4343318515930358e-04,
          8.2256066929010455e-02, 3.0324157980291012e-03,
          1.0728881601983757e-02, -9.4309021367261535e-04,
          -5.3987944929850748e-03, -2.0851721099357473e-03,
          7.2694303122022332e-03, -1.5659800191234281e-03,
          3.9825877255684431e-03, 3.0324157980291021e-03,
          7.1618514278956116e-02 ]
   - !!opencv-matrix
      rows: 9
      cols: 9
      dt: d
      data: [ 5.6665652487368290e-01, 4.3034543530475999e-01,
          3.0175209233248079e-02, 7.9045306101188539e-02,
          7.4484541489468176e-02, 4.8620806302297356e-02,
          9.8598028848321612e-02, -1.0778820409708641e-05,
          9.2900065385456129e-02, 4.3034543530475999e-01,
          1.1966976915155880e+00, 1.1949701886937814e-01,
          1.9795060141455675e-01, 2.7361873251570440e-01,
          7.1335917068203747e-02, 1.7179565582814818e-01,
          -4.2954975987629748e-02, 5.2338957835826871e-02,
          3.0175209233248079e-02, 1.1949701886937814e-01,
          1.9050289318720526e-01, 2.8308275408213977e-02,
          3.2241446979507288e-02, 2.3307640599070485e-02,
          7.4904028382493354e-02, 2.3879176792462223e-02,
          8.1373205204992693e-02, 7.9045306101188539e-02,
          1.9795060141455675e-01, 2.8308275408213981e-02,
          1.2649023626525382e-01, 8.7155246884640367e-02,
          8.7308654826399643e-02, 1.2967851915557255e-01,
          1.6636896124812083e-02, 6.8515416308816385e-02,
          7.4484541489468176e-02, 2.7361873251570440e-01,
          3.2241446979507288e-02, 8.7155246884640367e-02,
          2.9343285915364609e-01, 8.9779755800330499e-02,
