%YAML:1.0
---
groups:
   - intact
   - CD19
intactGmmnames:
   - "intact.809.0"
   - "intact.809.1"
   - "intact.809.2"
   - "intact.809.3"
   - "intact.809.4"
intactLabels:
   - FSC-A
   - SSC-A
   - SY41
   - CD19
   - CD10
   - CD20
   - CD45
   - CD34
   - CD38
intactMu: !!opencv-matrix
   rows: 5
   cols: 9
   dt: d
   data: [ 1.9418765743298578e+00, 4.9848998626532626e-01,
       3.3053236901952419e+00, 7.9163999515956907e-01,
       1.0971581695692432e+00, 1.0617378181699693e+00,
       1.1743905739458169e+00, 1.0582047283703255e+00,
       1.4107759127370327e+00, 2.9850347772247781e+00,
       7.6607678216804898e-01, 3.1545198224019972e+00,
       1.0320188441034970e+00, 9.5161196274914706e-01,
       9.8725122954830535e-01, 3.4337669279443155e+00,
       1.0505488742023299e+00, 1.7286894803471713e+00,
       2.8022567150407989e+00, 1.7521562976418981e+00,
       3.1976228185074986e+00, 1.2807775852205958e+00,
       1.3674127515581542e+00, 1.4778489258809113e+00,
       2.5050534313603996e+00, 1.3186454904384948e+00,
       2.0188834456264422e+00, 2.8471857618401675e+00,
       4.2145262111937437e-01, 3.2127983919332874e+00,
       8.5259305580291678e-01, 8.4948820266885239e-01,
       8.9559017868217583e-01, 3.3865555031369747e+00,
       1.0017941114307856e+00, 1.4777355031277177e+00,
       1.6205058174907823e+00, 3.9052308833436494e-01,
       3.0961230205598183e+00, 9.1219947055791062e-01,
       8.9305847711632624e-01, 9.0912880337012347e-01,
       3.3881806524321485e+00, 1.0164886563213760e+00,
       1.4659723795591326e+00 ]
intactSigma:
   - !!opencv-matrix
      rows: 9
      cols: 9
      dt: d
      data: [ 3.5000766198961364e-01, 5.2489697649564810e-03,
          1.7663288963937242e-02, -3.0724970651824024e-03,
          4.5773922762960247e-03, 7.5047775662400026e-03,
          1.4190847308420723e-03, 1.0141488804146905e-03,
          3.2975458302016977e-04, 5.2489697649564827e-03,
          2.2335333185080769e-02, 1.0151403152691807e-02,
          5.2619693889369018e-03, 1.2348719986198835e-02,
          1.3191311342484505e-02, 6.7658925174838881e-03,
          4.1895555787951119e-03, 1.4174903226782871e-03,
          1.7663288963937238e-02, 1.0151403152691805e-02,
          2.0745914483031695e-02, -5.1184150289353587e-03,
          6.0897353778174455e-03, 7.7246690307958069e-03,
          2.7688685412983974e-03, 3.0693136076071952e-03,
          1.3411569302795513e-03, -3.0724970651824024e-03,
          5.2619693889369009e-03, -5.1184150289353587e-03,
          5.0486900877023864e-02, 8.2203033411519938e-03,
          4.5833355332395385e-03, -1.0491845334835614e-04,
          2.3855538213559892e-03, -5.7771708846975876e-03,
          4.5773922762960230e-03, 1.2348719986198835e-02,
          6.0897353778174438e-03, 8.2203033411519921e-03,
          7.8019397559486101e-02, 8.8258189419724766e-03,
          1.5710719609609302e-02, 5.5865036903185086e-03,
          1.5461484615783415e-03, 7.5047775662400026e-03,
          1.3191311342484505e-02, 7.7246690307958069e-03,
          4.5833355332395393e-03, 8.8258189419724731e-03,
          6.2117948812902002e-02, 9.4406269646049971e-03,
          4.1353344443490455e-03, 1.6975429179086614e-03,
          1.4190847308420728e-03, 6.7658925174838881e-03,
          2.7688685412983987e-03, -1.0491845334835564e-04,
          1.5710719609609302e-02, 9.4406269646049971e-03,
          1.9486237643221924e-01, -2.2606580713016734e-03,
          -4.4953093219620918e-04, 1.0141488804146915e-03,
          4.1895555787951119e-03, 3.0693136076071952e-03,
          2.3855538213559892e-03, 5.5865036903185086e-03,
          4.1353344443490472e-03, -2.2606580713016742e-03,
          9.8640327924375146e-02, 4.0502841594198586e-04,
          3.2975458302016961e-04, 1.4174903226782871e-03,
          1.3411569302795513e-03, -5.7771708846975885e-03,
          1.5461484615783422e-03, 1.6975429179086614e-03,
          -4.4953093219620891e-04, 4.0502841594198619e-04,
          8.6625877633138577e-03 ]
   - !!opencv-matrix
      rows: 9
      cols: 9
      dt: d
      data: [ 5.7294238668155195e-01, 3.7504486432516878e-04,
          -1.2519721210171456e-02, -5.2565799703050060e-04,
          -8.7779244580785468e-04, 1.0997537136965127e-02,
          9.8470136418374859e-03, 7.5861694196419855e-03,
          -1.7131782744263475e-02, 3.7504486432516910e-04,
          9.2871911778164520e-02, 2.3042641415071494e-02,
          2.4878505628901048e-02, 6.1081450681554983e-03,
          5.3245910014487604e-03, -2.9009199187756312e-03,
          1.3378869090158209e-03, -3.8576813286061842e-02,
          -1.2519721210171461e-02, 2.3042641415071497e-02,
          8.0730939833441748e-02, -1.8917804662657460e-02,
          2.3032913356461934e-03, 6.2430895138667888e-03,
          -1.8243494727770470e-03, 3.9840934102977977e-03,
          -2.1136580110911331e-02, -5.2565799703050179e-04,
          2.4878505628901048e-02, -1.8917804662657467e-02,
          9.8874763533416302e-02, 6.3444054079391451e-03,
          2.8597689530079754e-03, 1.4947058406860703e-03,
          2.6041899516441257e-03, -1.4839452667079830e-02,
          -8.7779244580785468e-04, 6.1081450681554983e-03,
          2.3032913356461930e-03, 6.3444054079391443e-03,
          9.2320167780325771e-02, 4.0589247225320717e-03,
          8.9537465256137418e-04, 6.2756462212349455e-03,
          -4.8177020757751146e-03, 1.0997537136965130e-02,
          5.3245910014487604e-03, 6.2430895138667879e-03,
          2.8597689530079746e-03, 4.0589247225320743e-03,
          7.0161809510103076e-02, 4.5309851822144809e-03,
          5.3077758503836938e-03, -5.1580008959177899e-03,
          9.8470136418374876e-03, -2.9009199187756312e-03,
          -1.8243494727770470e-03, 1.4947058406860705e-03,
          8.9537465256137462e-04, 4.5309851822144817e-03,
          1.6672320265714125e-02, -3.5363727406140938e-03,
          8.2802372126501798e-03, 7.5861694196419855e-03,
          1.3378869090158202e-03, 3.9840934102978003e-03,
          2.6041899516441270e-03, 6.2756462212349515e-03,
          5.3077758503836930e-03, -3.5363727406140947e-03,
          2.1551027662797670e-01, -1.3779805276923416e-03,
          -1.7131782744263475e-02, -3.8576813286061842e-02,
          -2.1136580110911331e-02, -1.4839452667079830e-02,
          -4.8177020757751128e-03, -5.1580008959177890e-03,
          8.2802372126501798e-03, -1.3779805276923410e-03,
          2.2915861127831771e-01 ]
   - !!opencv-matrix
      rows: 9
      cols: 9
      dt: d
      data: [ 1.1593229391259985e+00, 2.0841577380315490e-01,
          2.7812389186438986e-02, 4.2440503530500759e-02,
          2.3843070221907865e-03, 4.4278676424523593e-02,
          3.1504691155552422e-01, 6.3106499903462843e-02,
          1.6599460810025851e-01, 2.0841577380315490e-01,
          1.2044858881401379e+00, 1.1643136210255385e-01,
          2.9828439810794782e-01, 1.8612573810486197e-01,
          1.9361259089323338e-01, 3.7561113452392297e-01,
          -6.0547897812797236e-02, 2.6136225151106147e-02,
          2.7812389186438986e-02, 1.1643136210255385e-01,
          1.2298726893798977e-01, -6.9922801464153226e-03,
          3.2380983851540646e-02, 3.8442114938550695e-02,
          -1.8961014277946185e-02, -2.4280655914299825e-02,
          -2.5259271774219130e-02, 4.2440503530500759e-02,
          2.9828439810794788e-01, -6.9922801464153235e-03,
          1.9890070488862094e-01, 8.5559733122563791e-02,
          1.2257800350033342e-01, 1.6909701090195239e-01,
          -4.8240626389959938e-03, 4.3934611486988106e-03,
          2.3843070221907852e-03, 1.8612573810486197e-01,
          3.2380983851540646e-02, 8.5559733122563791e-02,
          2.0049269426897506e-01, 1.1935952948799325e-01,
          8.7311019070312496e-02, 3.1473335584769370e-02,
