%YAML:1.0
---
groups:
   - intact
   - CD19
intactGmmnames:
   - "intact.812.0"
   - "intact.812.1"
   - "intact.812.2"
   - "intact.812.3"
   - "intact.812.4"
intactLabels:
   - FSC-A
   - SSC-A
   - SY41
   - CD19
   - CD10
   - CD20
   - CD45
   - CD34
   - CD38
intactMu: !!opencv-matrix
   rows: 5
   cols: 9
   dt: d
   data: [ 2.1621881783453811e+00, 3.2721823537242818e+00,
       2.3909366948724884e+00, 1.5970138355593411e+00,
       2.4877865216228989e+00, 1.2588081142407932e+00,
       3.1881257912291900e+00, 1.0907038590843714e+00,
       1.4834872549019384e+00, 1.0344943840088736e+00,
       2.9180753806122001e-01, 2.6562955226326461e+00,
       9.0472436702643300e-01, 9.2101373320721691e-01,
       9.0873484865015342e-01, 3.6050701424764950e+00,
       1.0343299705344078e+00, 1.2787474716236840e+00,
       2.1845334920184576e+00, 2.1746532421040148e+00,
       2.4905528769420413e+00, 1.4199457084894458e+00,
       1.4411946270535614e+00, 1.4238866062209858e+00,
       3.1921092519862384e+00, 1.3050607717328153e+00,
       1.9959162252888596e+00, 2.0638971658192666e+00,
       1.2597604965377276e+00, 1.5519418623666832e+00,
       1.2354205054872709e+00, 8.6016338046094309e-01,
       7.2429018920863331e-01, 1.3650634375735584e+00,
       1.0248990412235941e+00, 1.1314270579990624e+00,
       2.7620572627454005e+00, 3.4443767933530811e+00,
       2.4330763353911022e+00, 1.6626803162559249e+00,
       1.3033735761677381e+00, 1.3400456555995197e+00,
       3.0463701050727341e+00, 1.0785062755414268e+00,
       1.6244516509926132e+00 ]
intactSigma:
   - !!opencv-matrix
      rows: 9
      cols: 9
      dt: d
      data: [ 3.3661349005082464e-01, 1.2064169629960129e-01,
          -1.5491561446914321e-02, 2.4284132722752705e-02,
          -2.4436620736602976e-02, 1.8435194467432241e-02,
          -4.0929097080759031e-03, -1.2761780194663975e-04,
          6.3786301732056492e-03, 1.2064169629960127e-01,
          3.7480342505535502e-01, 1.7133355428513176e-02,
          6.6090778529990082e-02, -3.8823342378242693e-03,
          3.2146913392038567e-02, 2.8052823729116296e-03,
          4.7567741103165286e-03, 1.4946002123221987e-03,
          -1.5491561446914315e-02, 1.7133355428513176e-02,
          5.7405006108903374e-02, 1.0870297229941155e-03,
          -3.8518563789187183e-04, 4.5086998249136579e-03,
          -1.1674733113080816e-03, -6.6993923888284291e-05,
          -2.7574892359752633e-03, 2.4284132722752705e-02,
          6.6090778529990082e-02, 1.0870297229941153e-03,
          4.3897594917788017e-02, 2.9719721645944368e-03,
          8.2129764937621582e-03, 2.2031705288022983e-03,
          1.7677106257559042e-03, -1.1147395711307552e-02,
          -2.4436620736602976e-02, -3.8823342378242710e-03,
          -3.8518563789187183e-04, 2.9719721645944355e-03,
          1.1687142918181803e-01, 1.1335044361341305e-02,
          1.7706055415224218e-02, 1.3475038444900702e-03,
          1.5321918948650796e-03, 1.8435194467432237e-02,
          3.2146913392038567e-02, 4.5086998249136536e-03,
          8.2129764937621565e-03, 1.1335044361341303e-02,
          5.4746147015691554e-02, 4.8281294416907955e-03,
          7.9808282427303967e-04, 6.0035979854661389e-04,
          -4.0929097080759031e-03, 2.8052823729116296e-03,
          -1.1674733113080816e-03, 2.2031705288022983e-03,
          1.7706055415224218e-02, 4.8281294416907955e-03,
          1.8686685013585835e-02, -1.8391311979795639e-03,
          -3.5416312897042358e-03, -1.2761780194663969e-04,
          4.7567741103165251e-03, -6.6993923888284345e-05,
          1.7677106257559046e-03, 1.3475038444900687e-03,
          7.9808282427303999e-04, -1.8391311979795650e-03,
          1.1394337608624387e-01, 2.8289952804689254e-03,
          6.3786301732056492e-03, 1.4946002123221993e-03,
          -2.7574892359752633e-03, -1.1147395711307554e-02,
          1.5321918948650790e-03, 6.0035979854661367e-04,
          -3.5416312897042358e-03, 2.8289952804689232e-03,
          9.8442674637198871e-02 ]
   - !!opencv-matrix
      rows: 9
      cols: 9
      dt: d
      data: [ 1.3197823429399116e-01, 1.0845185697918534e-02,
          -5.8416054965383962e-02, 1.8424737102879826e-02,
          -1.7842277039613423e-03, 1.1185771872528850e-02,
          1.4107414026895068e-02, -1.0383434829993540e-03,
          -1.4926066837767402e-02, 1.0845185697918534e-02,
          7.7783266124852417e-03, -7.4122258502815636e-03,
          4.2702796404801759e-03, 1.9042198183261019e-03,
          5.5100392427963243e-03, 3.8864155936380400e-03,
          6.1276013735862614e-05, -5.2541286211564156e-03,
          -5.8416054965383962e-02, -7.4122258502815636e-03,
          6.5932523187978542e-02, -1.3413275131498825e-02,
          -2.8641580641301215e-04, -4.0375549658290743e-03,
          -1.0137989228022093e-02, 1.5040962292663155e-03,
          1.0764402002704194e-02, 1.8424737102879819e-02,
          4.2702796404801742e-03, -1.3413275131498830e-02,
          8.3495385855313589e-02, 2.0329310656045201e-03,
          3.1585022220739743e-03, 2.3537081017100236e-03,
          4.9199162401792999e-03, -1.3679560908665919e-02,
          -1.7842277039613423e-03, 1.9042198183261019e-03,
          -2.8641580641301247e-04, 2.0329310656045214e-03,
          6.2991484734990180e-02, -5.9193211775387927e-03,
          2.8466476989842807e-05, -3.1610473529738274e-03,
          -1.5411702364737491e-03, 1.1185771872528852e-02,
          5.5100392427963243e-03, -4.0375549658290743e-03,
          3.1585022220739735e-03, -5.9193211775387927e-03,
          6.6418901412743897e-02, 3.6190823078310441e-03,
          3.8325782097825767e-04, -9.5897241128970728e-03,
          1.4107414026895068e-02, 3.8864155936380400e-03,
          -1.0137989228022093e-02, 2.3537081017100240e-03,
          2.8466476989842709e-05, 3.6190823078310450e-03,
          8.5113270722227095e-03, -1.6653525145289183e-03,
          -7.5981521768849402e-03, -1.0383434829993547e-03,
          6.1276013735862614e-05, 1.5040962292663153e-03,
          4.9199162401792991e-03, -3.1610473529738278e-03,
          3.8325782097825702e-04, -1.6653525145289170e-03,
          1.7305039730060032e-01, 4.8647189683583298e-03,
          -1.4926066837767397e-02, -5.2541286211564156e-03,
          1.0764402002704194e-02, -1.3679560908665924e-02,
          -1.5411702364737491e-03, -9.5897241128970728e-03,
          -7.5981521768849402e-03, 4.8647189683583315e-03,
          1.5672992268207744e-01 ]
   - !!opencv-matrix
      rows: 9
      cols: 9
      dt: d
      data: [ 8.4611479551740687e-01, 5.6167419488081416e-01,
          6.8490988242196973e-02, 1.3549271350903738e-01,
          1.1585386723935086e-01, 1.4753656803804374e-01,
          9.4630391134994121e-02, 1.0215263701973712e-02,
          9.7356306375587343e-02, 5.6167419488081416e-01,
          1.0510137698590150e+00, 1.7145561197246617e-01,
          2.1111154893309150e-01, 1.9449448608529027e-01,
          1.8878172434402632e-01, 8.0454724794856464e-02,
          -3.7066176049124482e-02, 8.5889965789220965e-02,
          6.8490988242196973e-02, 1.7145561197246617e-01,
          2.1759063195133607e-01, 1.1145335013562168e-02,
          6.4008111528099959e-02, 5.1173004911368926e-02,
          -1.9165330170782861e-02, 1.1560713019792687e-03,
          3.6019085129360397e-02, 1.3549271350903738e-01,
          2.1111154893309150e-01, 1.1145335013562168e-02,
          1.2747198357305708e-01, 5.2545804017207057e-02,
          7.0169452949246328e-02, 4.8341948005231630e-02,
          4.1922534180741308e-03, 2.3198898438499725e-02,
          1.1585386723935084e-01, 1.9449448608529032e-01,
          6.4008111528099959e-02, 5.2545804017207057e-02,
          2.5318881052100400e-01, 7.2594466670725846e-02,
          2.2762484611275328e-02, -9.3192127869584189e-03,
