%YAML:1.0
---
groups:
   - intact
   - CD19
   - blast
intactGmmnames:
   - "intact.815.0"
   - "intact.815.1"
   - "intact.815.2"
   - "intact.815.3"
   - "intact.815.4"
intactLabels:
   - FSC-A
   - SSC-A
   - SY41
   - CD19
   - CD10
   - CD20
   - CD45
   - CD34
   - CD38
intactMu: !!opencv-matrix
   rows: 5
   cols: 9
   dt: d
   data: [ 2.1282731209454879e+00, 1.4104180057363918e+00,
       3.0815708420523196e+00, 1.8518569453312737e+00,
       1.0922340151353971e+00, 1.1476474679933508e+00,
       3.0899339181820560e+00, 1.3660597732145692e+00,
       2.2795919956984276e+00, 7.7688823382384686e-01,
       3.0385568243787392e-01, 3.1572504773649928e+00,
       1.5825287300717041e+00, 8.0200502795040096e-01,
       8.5197888202006034e-01, 3.3569598586878011e+00,
       1.0835097490654664e+00, 1.9044209863573038e+00,
       9.3037695345291616e-01, 4.5404873494849235e-01,
       3.1108338264325512e+00, 1.0841796143112716e+00,
       1.0733899768767183e+00, 8.9972338234827076e-01,
       1.4609649789016506e+00, 1.1842421332637594e+00,
       1.6323254215523766e+00, 2.2033060819144978e+00,
       3.0945301305572621e+00, 2.8998825882991421e+00,
       1.8492073526280659e+00, 1.7680197613923934e+00,
       1.0056220413633057e+00, 2.7375698508259356e+00,
       1.1806079237666316e+00, 1.6872880471728060e+00,
       1.5305853528082569e+00, 5.1828386481128974e-01,
       2.7934309007221287e+00, 1.8943432677112308e+00,
       8.9390262479981897e-01, 9.4283992565854413e-01,
       3.5720701672031101e+00, 1.0492510298465032e+00,
       2.4348592194359289e+00 ]
intactSigma:
   - !!opencv-matrix
      rows: 9
      cols: 9
      dt: d
      data: [ 9.9648090399363276e-01, 3.8363940575035177e-01,
          1.0237019927067711e-03, 1.4502963999727697e-01,
          1.5758548326362407e-02, 4.2917960138931413e-02,
          1.3635990242252657e-01, 5.5622306721223369e-02,
          2.0979889302589264e-01, 3.8363940575035177e-01,
          7.5100174983849877e-01, -2.7105322052306865e-03,
          1.2598883004781603e-01, 1.1606243393830920e-01,
          1.3168185631288401e-01, -6.0132232835990632e-02,
          8.6856821772052201e-02, 2.2946256737161493e-02,
          1.0237019927067698e-03, -2.7105322052306882e-03,
          1.3668805562296729e-01, 5.1086374875357159e-03,
          -4.5929980771445875e-02, -3.4583133122098590e-02,
          6.9054875922722900e-02, -2.6891474342313520e-02,
          4.0740726140478620e-02, 1.4502963999727697e-01,
          1.2598883004781603e-01, 5.1086374875357159e-03,
          1.9309388469020375e-01, 3.9680368151671530e-02,
          9.2930108716999499e-02, 1.5832947230969421e-01,
          -2.7807746095062254e-02, 7.7330099942605118e-02,
          1.5758548326362410e-02, 1.1606243393830920e-01,
          -4.5929980771445875e-02, 3.9680368151671530e-02,
          2.2556595289681430e-01, 9.7565213906324666e-02,
          -1.0543179518141799e-01, 3.4437305348987972e-02,
          -9.2500996323197551e-03, 4.2917960138931413e-02,
          1.3168185631288401e-01, -3.4583133122098590e-02,
          9.2930108716999499e-02, 9.7565213906324666e-02,
          2.2439143680853738e-01, -5.7076983024375423e-02,
          2.2150259194369810e-02, -1.5536040771295207e-02,
          1.3635990242252657e-01, -6.0132232835990618e-02,
          6.9054875922722900e-02, 1.5832947230969419e-01,
          -1.0543179518141797e-01, -5.7076983024375423e-02,
          5.1626387057902345e-01, -1.1737436580709480e-01,
          1.8238846758251340e-01, 5.5622306721223355e-02,
          8.6856821772052215e-02, -2.6891474342313506e-02,
          -2.7807746095062254e-02, 3.4437305348987979e-02,
          2.2150259194369807e-02, -1.1737436580709480e-01,
          2.8425188849860206e-01, -2.3695507156353803e-02,
          2.0979889302589264e-01, 2.2946256737161486e-02,
          4.0740726140478620e-02, 7.7330099942605132e-02,
          -9.2500996323197551e-03, -1.5536040771295207e-02,
          1.8238846758251340e-01, -2.3695507156353803e-02,
          3.4061788689174372e-01 ]
   - !!opencv-matrix
      rows: 9
      cols: 9
      dt: d
      data: [ 4.9799625107757942e-02, 2.3562391519802201e-03,
          -1.5473376389999861e-02, 5.3744205376366691e-03,
          5.2118099711124227e-03, 4.3121444258809758e-03,
          2.5007756330899813e-03, -1.0930047008783340e-03,
          -9.3910018904014129e-04, 2.3562391519802201e-03,
          1.4326396234125160e-02, 1.3772749521646509e-03,
          4.9630795745833692e-03, 6.9812200725714109e-04,
          1.6889595239839388e-03, 2.0993781968056640e-03,
          8.9787258755857891e-04, -1.0762304680610269e-03,
          -1.5473376389999861e-02, 1.3772749521646511e-03,
          1.3519489748431405e-02, -2.6722703966871506e-03,
          -4.1958095177813395e-03, -3.0023100242019115e-03,
          -5.5628189057617384e-04, 1.4865901928442676e-03,
          1.3905799723132716e-04, 5.3744205376366691e-03,
          4.9630795745833674e-03, -2.6722703966871497e-03,
          3.5517930733393370e-02, 2.1745906165312719e-03,
          2.8514069574004774e-03, 7.0663019264317435e-03,
          4.1685045473162586e-04, -2.5850384215918062e-03,
          5.2118099711124227e-03, 6.9812200725714087e-04,
          -4.1958095177813404e-03, 2.1745906165312715e-03,
          1.3454483955569476e-02, 4.7841940480226799e-04,
          8.2695157334753333e-04, -2.4703018180382876e-03,
          -6.9143984125960665e-04, 4.3121444258809758e-03,
          1.6889595239839388e-03, -3.0023100242019115e-03,
          2.8514069574004778e-03, 4.7841940480226766e-04,
          6.4464865880064660e-03, 1.5642337231352070e-03,
          -5.1132456041557827e-04, -1.2162996853984018e-03,
          2.5007756330899813e-03, 2.0993781968056640e-03,
          -5.5628189057617373e-04, 7.0663019264317435e-03,
          8.2695157334753322e-04, 1.5642337231352070e-03,
          7.5195218428596618e-03, 3.8656192804701944e-04,
          1.6586747657921057e-03, -1.0930047008783340e-03,
          8.9787258755857891e-04, 1.4865901928442667e-03,
          4.1685045473162700e-04, -2.4703018180382876e-03,
          -5.1132456041557838e-04, 3.8656192804701955e-04,
          9.2466121884311372e-02, 2.7248692670716053e-03,
          -9.3910018904014129e-04, -1.0762304680610271e-03,
          1.3905799723132710e-04, -2.5850384215918070e-03,
          -6.9143984125960665e-04, -1.2162996853984020e-03,
          1.6586747657921057e-03, 2.7248692670716053e-03,
          2.9289700625133162e-02 ]
   - !!opencv-matrix
      rows: 9
      cols: 9
      dt: d
      data: [ 1.1341503717046975e-01, 3.6204661869364087e-02,
          2.1434770765955519e-03, 1.0927243791656584e-02,
          1.3223089575794645e-02, 9.4522862102159166e-03,
          2.1890304815498314e-02, 6.2542157380969503e-03,
          1.6540908744184908e-02, 3.6204661869364087e-02,
          3.6575987710803864e-02, 1.1010126032803392e-02,
          8.8477427578460190e-03, 6.1816357394964038e-03,
          4.4180674265998600e-03, 1.5971802726313714e-02,
          5.5170610582405783e-03, 1.2947630561739183e-02,
          2.1434770765955515e-03, 1.1010126032803392e-02,
          1.0434427519489053e-01, -1.4578593705847158e-02,
          -1.0270061028389859e-02, -2.1951211392707011e-02,
          7.1410125476738459e-03, 1.2544664869510811e-02,
          1.5672017035449435e-02, 1.0927243791656579e-02,
          8.8477427578460173e-03, -1.4578593705847158e-02,
          9.0397713370691482e-02, 8.6190635379132366e-02,
          8.1265356835756829e-03, -7.5137715468355385e-03,
          3.8736836048572192e-02, 1.6198275626744193e-02,
          1.3223089575794648e-02, 6.1816357394964038e-03,
          -1.0270061028389862e-02, 8.6190635379132366e-02,
          1.6872870865120487e-01, 5.8881799247950785e-03,
          -4.5852033754197252e-03, 4.5299363383884184e-02,
