%YAML:1.0
---
groups:
   - intact
   - CD19
intactGmmnames:
   - "intact.815.0"
   - "intact.815.1"
   - "intact.815.2"
   - "intact.815.3"
   - "intact.815.4"
intactLabels:
   - FSC-A
   - SSC-A
   - SY41
   - CD19
   - CD10
   - CD20
   - CD45
   - CD34
   - CD38
intactMu: !!opencv-matrix
   rows: 5
   cols: 9
   dt: d
   data: [ 2.6348094533929070e+00, 2.9952419069214020e+00,
       3.0906245281343971e+00, 1.5992753492167258e+00,
       2.4013894914064737e+00, 1.3263059535835067e+00,
       2.7611429479012366e+00, 1.1009667540032360e+00,
       1.4924420089080450e+00, 9.7310763601300043e-01,
       2.9981047640520569e-01, 3.0284552509604383e+00,
       9.6037950984390541e-01, 8.2531529294805273e-01,
       8.8433890203571441e-01, 3.7242349917917110e+00,
       1.0409751535167857e+00, 1.4805792239735847e+00,
       3.0555108325877538e+00, 2.4187941240084001e+00,
       3.1845681209767176e+00, 1.4944049794091878e+00,
       1.1693765325005820e+00, 1.3158701678001212e+00,
       2.6749360157405744e+00, 1.0575773133170583e+00,
       1.5845696726473317e+00, 3.4321122647872460e+00,
       3.1781670581345440e+00, 3.1125404475993479e+00,
       1.6970938218961427e+00, 1.3052018293568033e+00,
       1.5288097105964515e+00, 2.7793988991421710e+00,
       1.1679023217703259e+00, 1.7523416091807771e+00,
       1.8289979866469650e+00, 1.2872171898398974e+00,
       2.9386133965476939e+00, 1.1719170146226545e+00,
       1.1872569829867852e+00, 1.1691735234838199e+00,
       2.7378470997298470e+00, 1.2805280834906561e+00,
       1.9852245766578849e+00 ]
intactSigma:
   - !!opencv-matrix
      rows: 9
      cols: 9
      dt: d
      data: [ 3.3533667790012961e-01, 1.6033936626790901e-01,
          -9.6396565931876309e-03, 4.1686178274978225e-02,
          -5.6682223085331933e-02, 2.9384831682096539e-02,
          -1.6049010558661106e-02, 7.6422052413280912e-03,
          3.9439672360917690e-03, 1.6033936626790901e-01,
          3.5009806121425874e-01, -4.2729278371292555e-02,
          8.7292403701609969e-02, 2.1412597557293488e-02,
          5.3265037935036064e-02, 1.7051992886388062e-02,
          1.1325228722325560e-02, 2.8703117751595468e-03,
          -9.6396565931876326e-03, -4.2729278371292562e-02,
          8.0282642597235082e-02, -2.6861344683669047e-02,
          -1.1094137042784910e-02, -4.8978077665188819e-03,
          -1.1763748993481772e-02, -5.9519988136977787e-06,
          1.2625912051510159e-03, 4.1686178274978225e-02,
          8.7292403701609969e-02, -2.6861344683669047e-02,
          5.0964956568583679e-02, 9.5057796560414423e-03,
          1.4225894880542572e-02, 6.7473468104491778e-03,
          3.1473142949972189e-03, -5.7360154455636568e-03,
          -5.6682223085331947e-02, 2.1412597557293488e-02,
          -1.1094137042784910e-02, 9.5057796560414423e-03,
          1.4329239560821028e-01, 9.4279724588175098e-03,
          4.1297928287060498e-02, 1.3420497341742736e-03,
          -4.0292442947646619e-03, 2.9384831682096536e-02,
          5.3265037935036064e-02, -4.8978077665188828e-03,
          1.4225894880542572e-02, 9.4279724588175098e-03,
          4.8205853077510082e-02, 4.0201814838546459e-03,
          3.0038338391547171e-03, 6.9020732294589667e-04,
          -1.6049010558661109e-02, 1.7051992886388055e-02,
          -1.1763748993481772e-02, 6.7473468104491778e-03,
          4.1297928287060512e-02, 4.0201814838546459e-03,
          3.9580712150082659e-02, -1.4100837509102874e-03,
          -3.4723074120160372e-03, 7.6422052413280921e-03,
          1.1325228722325560e-02, -5.9519988136977830e-06,
          3.1473142949972189e-03, 1.3420497341742744e-03,
          3.0038338391547180e-03, -1.4100837509102881e-03,
          7.3069915787909362e-02, 8.1280525143053405e-04,
          3.9439672360917707e-03, 2.8703117751595468e-03,
          1.2625912051510166e-03, -5.7360154455636568e-03,
          -4.0292442947646627e-03, 6.9020732294589699e-04,
          -3.4723074120160372e-03, 8.1280525143053405e-04,
          1.9768213380724556e-02 ]
   - !!opencv-matrix
      rows: 9
      cols: 9
      dt: d
      data: [ 6.1340392986832380e-02, 1.3517363234223177e-02,
          -4.7412524778079577e-02, 1.9797859458814803e-02,
          7.1835434973226992e-03, 1.4094861463362749e-02,
          1.1340007350996058e-02, 1.0298557785113753e-03,
          -3.3814346328553809e-03, 1.3517363234223180e-02,
          1.1002829288358435e-02, -1.8723843768055453e-02,
          8.7735510838604820e-03, 4.2999243548704855e-03,
          9.9579757730660148e-03, 6.9170948744797858e-03,
          8.3462900616417738e-04, -3.8429164810367851e-03,
          -4.7412524778079577e-02, -1.8723843768055453e-02,
          1.1771734935338270e-01, -3.6863864081405379e-02,
          -1.3527724386840394e-02, -1.8236249584975384e-02,
          -1.8168473214597188e-02, 5.5644121910948562e-04,
          9.8991914964112280e-03, 1.9797859458814803e-02,
          8.7735510838604820e-03, -3.6863864081405379e-02,
          6.8921080405460189e-02, 5.2208630865770928e-03,
          9.6707954206830225e-03, 7.1201689112456888e-03,
          4.4931568753278171e-03, -8.9981973699511265e-03,
          7.1835434973227018e-03, 4.2999243548704864e-03,
          -1.3527724386840393e-02, 5.2208630865770937e-03,
          5.6819360627627706e-02, -5.4261287650612363e-03,
          2.7482996352362144e-03, -6.4579870611804844e-03,
          -2.0813424228713472e-03, 1.4094861463362751e-02,
          9.9579757730660183e-03, -1.8236249584975384e-02,
          9.6707954206830225e-03, -5.4261287650612371e-03,
          8.5885591354908961e-02, 6.6173633290557464e-03,
          1.2330009812871862e-03, -6.3511816999763954e-03,
          1.1340007350996058e-02, 6.9170948744797858e-03,
          -1.8168473214597188e-02, 7.1201689112456888e-03,
          2.7482996352362152e-03, 6.6173633290557473e-03,
          1.0314917086874575e-02, -1.3521269048299110e-03,
          -3.9375943924535792e-03, 1.0298557785113746e-03,
          8.3462900616417771e-04, 5.5644121910948573e-04,
          4.4931568753278145e-03, -6.4579870611804861e-03,
          1.2330009812871847e-03, -1.3521269048299099e-03,
          2.0491016569350728e-01, 1.8943739549180216e-03,
          -3.3814346328553809e-03, -3.8429164810367842e-03,
          9.8991914964112280e-03, -8.9981973699511282e-03,
          -2.0813424228713481e-03, -6.3511816999763946e-03,
          -3.9375943924535792e-03, 1.8943739549180227e-03,
          7.9432273976702841e-02 ]
   - !!opencv-matrix
      rows: 9
      cols: 9
      dt: d
      data: [ 2.8638642334101860e-01, 1.4637142597672231e-01,
          -6.7869372065566995e-03, 4.2109101282255194e-02,
          2.3550342896806058e-02, 3.8327867254827661e-02,
          3.1233608735308383e-03, 2.2482191627356475e-03,
          6.6028587981545751e-03, 1.4637142597672231e-01,
          3.1383187771201315e-01, -3.4254833122589784e-02,
          7.7336085190846393e-02, 5.3883684103696095e-02,
          3.4770371813914125e-02, 1.5628170893375953e-02,
          -1.6381527399764374e-04, -3.2521260780992486e-03,
          -6.7869372065566978e-03, -3.4254833122589784e-02,
          3.4997150597437250e-02, -1.7577735731004414e-02,
          -1.1639043750018370e-02, -2.4778451352346644e-03,
          -4.4846627045786250e-03, 8.9219200878608697e-04,
          1.0467206842693707e-03, 4.2109101282255194e-02,
          7.7336085190846421e-02, -1.7577735731004421e-02,
          5.0608089711507188e-02, 1.5389763249489225e-02,
          1.1104005665345727e-02, 3.8242351240168151e-03,
          -1.2974573202499396e-04, -5.6684314670998881e-03,
          2.3550342896806055e-02, 5.3883684103696095e-02,
          -1.1639043750018370e-02, 1.5389763249489220e-02,
          7.8279582714969681e-02, -1.2915166577420212e-03,
          5.3417935747492621e-03, -1.7856255143511674e-03,
