%YAML:1.0
---
groups:
   - intact
   - CD19
   - blast
intactGmmnames:
   - "intact.Bln007.0"
   - "intact.Bln007.1"
   - "intact.Bln007.2"
   - "intact.Bln007.3"
   - "intact.Bln007.4"
intactLabels:
   - FSC-A
   - SSC-A
   - SY41
   - CD19
   - CD10
   - CD20
   - CD45
   - CD34
   - CD38
   - CD58
intactMu: !!opencv-matrix
   rows: 5
   cols: 10
   dt: d
   data: [ 9.8128927539135991e-01, 2.7623060595863846e-01,
       2.4493074342698429e+00, 5.7344562617971417e-01,
       7.9809041764247335e-01, 8.1768532257045068e-01,
       2.3105690950838529e+00, 6.8884685947942215e-01,
       1.7228054499215690e+00, 8.8477400937553063e-01,
       3.1313068137561029e+00, 3.4542829987838655e+00,
       2.3910428043579706e+00, 7.0115058130267227e-01,
       2.1240181884055236e+00, 8.7423035998235465e-01,
       2.0047869252364610e+00, 7.5841654140646453e-01,
       1.8052481920562586e+00, 1.8121849822609140e+00,
       1.1623555251234854e+00, 5.0189221217013269e-01,
       2.5355024573822100e+00, 5.5685867620189577e-01,
       8.3919136208883138e-01, 8.2148898040851914e-01,
       6.5864045242438518e-01, 7.4984216678278170e-01,
       1.3918758675369645e+00, 2.0811723983230874e+00,
       2.3098814277032891e+00, 1.4845960533066926e+00,
       2.6220073933865549e+00, 6.8893316108084757e-01,
       1.1785657206050082e+00, 9.1272193614531194e-01,
       1.9377100849757205e+00, 9.0765552155604257e-01,
       2.1156581066395468e+00, 1.8002605078354588e+00,
       1.3582024755407782e+00, 4.4241768729024217e-01,
       2.3904650835199481e+00, 5.6756359839103854e-01,
       7.8600383267342622e-01, 8.1415357343673445e-01,
       2.3727751944690709e+00, 6.8270316913210161e-01,
       1.7303184517559744e+00, 1.3358780360061324e+00 ]
intactSigma:
   - !!opencv-matrix
      rows: 10
      cols: 10
      dt: d
      data: [ 4.2693105436585312e-02, 1.6734824064545688e-03,
          -8.1566491325400555e-03, -5.5270074683666656e-04,
          2.5114856945799489e-04, -4.9403936241279437e-04,
          2.3148274944629764e-03, -2.0848284512578847e-03,
          -7.3186708813564941e-03, -8.3771761712703456e-04,
          1.6734824064545688e-03, 2.3725152290536245e-03,
          8.6388307578003052e-05, 1.7404070791937168e-04,
          3.5752659317391417e-04, 1.1586901210188033e-04,
          2.2037306208348736e-03, 2.7559165158389426e-04,
          -5.0223357459106260e-03, 1.3030915620207903e-03,
          -8.1566491325400538e-03, 8.6388307578003079e-05,
          6.6314062514253296e-03, 3.4588603182413887e-04,
          1.5734577200705050e-04, 3.0135371517741168e-04,
          -7.7502889244041213e-05, 1.0798934685059057e-03,
          -1.8252352540846376e-03, 1.0152464738339029e-03,
          -5.5270074683666688e-04, 1.7404070791937168e-04,
          3.4588603182413887e-04, 2.9780214025373944e-03,
          7.5563964358535824e-05, -1.9002733761612142e-05,
          1.3845311436733583e-04, -1.4211728259109165e-04,
          -3.6874100343559731e-04, 2.7686408113266307e-04,
          2.5114856945799479e-04, 3.5752659317391417e-04,
          1.5734577200705047e-04, 7.5563964358535770e-05,
          1.1834412228929271e-03, 4.3265269553220931e-05,
          7.0272119482642800e-04, 3.8969601891343060e-05,
          -1.3420689343578824e-03, -6.1219419904234076e-05,
          -4.9403936241279426e-04, 1.1586901210188035e-04,
          3.0135371517741178e-04, -1.9002733761612155e-05,
          4.3265269553220931e-05, 5.9679148781608489e-04,
          1.1136601904070504e-04, 9.6268147383242269e-05,
          -1.8101422039411075e-03, 1.3617161646033331e-04,
          2.3148274944629760e-03, 2.2037306208348732e-03,
          -7.7502889244041186e-05, 1.3845311436733572e-04,
          7.0272119482642779e-04, 1.1136601904070507e-04,
          6.8585629430685906e-03, 2.6377911646402528e-04,
          -5.7671922194529731e-03, 6.2471583830386813e-04,
          -2.0848284512578843e-03, 2.7559165158389431e-04,
          1.0798934685059057e-03, -1.4211728259109162e-04,
          3.8969601891343067e-05, 9.6268147383242269e-05,
          2.6377911646402528e-04, 1.3508691799524995e-03,
          -1.3131893288494227e-03, 5.6266490605927702e-04,
          -7.3186708813564897e-03, -5.0223357459106260e-03,
          -1.8252352540846365e-03, -3.6874100343559731e-04,
          -1.3420689343578828e-03, -1.8101422039411075e-03,
          -5.7671922194529723e-03, -1.3131893288494223e-03,
          1.3709247935126129e-01, -4.3450510484723788e-03,
          -8.3771761712703456e-04, 1.3030915620207903e-03,
          1.0152464738339029e-03, 2.7686408113266307e-04,
          -6.1219419904234076e-05, 1.3617161646033325e-04,
          6.2471583830386813e-04, 5.6266490605927702e-04,
          -4.3450510484723788e-03, 5.1932496793676156e-03 ]
   - !!opencv-matrix
      rows: 10
      cols: 10
      dt: d
      data: [ 2.5955099167845469e-01, 1.4295499932983816e-01,
          4.1417511089102540e-03, 4.1298425669053325e-03,
          -3.0316956006827766e-03, 4.7760121945541181e-03,
          1.4657684730225210e-03, 1.0285885953115109e-02,
          2.3234025860913554e-02, 1.3397757566135734e-02,
          1.4295499932983816e-01, 2.9060680294398006e-01,
          6.5454484188863394e-03, 7.7340044981157197e-03,
          2.1389958142909171e-02, 5.1396318925367168e-03,
          7.1007530158849804e-03, 1.1132671554094286e-02,
          3.2515465440339446e-02, 1.6550684154193942e-02,
          4.1417511089102540e-03, 6.5454484188863394e-03,
          4.3822334487312858e-03, 5.9725712946537084e-04,
          8.4249448791206411e-04, 4.7928763007483395e-04,
          5.0460324105935104e-04, 1.1111362533749406e-03,
          1.4969411467751371e-03, 1.0602577699448418e-03,
          4.1298425669053333e-03, 7.7340044981157180e-03,
          5.9725712946537084e-04, 1.3200949108608034e-02,
          1.5714967609648346e-02, 7.7564862528886993e-04,
          4.4395502239944233e-03, -1.1822142213004101e-03,
          3.2706633238613588e-03, 4.2343072867944975e-03,
          -3.0316956006827744e-03, 2.1389958142909182e-02,
          8.4249448791206367e-04, 1.5714967609648342e-02,
          1.1683416392748863e-01, 1.5718125605060633e-03,
          2.3172055054418904e-02, -6.8635947873990103e-03,
          -1.8297169194914469e-03, 1.1403652799076918e-02,
          4.7760121945541181e-03, 5.1396318925367168e-03,
          4.7928763007483395e-04, 7.7564862528886993e-04,
          1.5718125605060636e-03, 1.5536139912467519e-03,
          8.0701629167230970e-04, 9.9592303129773926e-04,
          1.1029353101324421e-03, 1.3609280167508266e-03,
          1.4657684730225210e-03, 7.1007530158849804e-03,
          5.0460324105935104e-04, 4.4395502239944233e-03,
          2.3172055054418904e-02, 8.0701629167230981e-04,
          1.3787689930133559e-02, -8.3784922165512079e-05,
          -1.1499939321089970e-03, 4.6131621279535042e-03,
          1.0285885953115109e-02, 1.1132671554094286e-02,
          1.1111362533749408e-03, -1.1822142213004101e-03,
          -6.8635947873990086e-03, 9.9592303129773926e-04,
          -8.3784922165512066e-05, 9.4596889994642552e-03,
          3.3186027700514726e-03, 3.0182439876020400e-03,
          2.3234025860913547e-02, 3.2515465440339446e-02,
          1.4969411467751362e-03, 3.2706633238613575e-03,
          -1.8297169194914477e-03, 1.1029353101324421e-03,
          -1.1499939321089972e-03, 3.3186027700514726e-03,
          3.5007126243518337e-02, 1.0437833371790384e-02,
          1.3397757566135730e-02, 1.6550684154193942e-02,
          1.0602577699448416e-03, 4.2343072867944975e-03,
          1.1403652799076914e-02, 1.3609280167508266e-03,
          4.6131621279535042e-03, 3.0182439876020400e-03,
          1.0437833371790384e-02, 2.4846747101927226e-02 ]
   - !!opencv-matrix
      rows: 10
      cols: 10
      dt: d
