%YAML:1.0
---
groups:
   - intact
   - CD19
   - blast
intactGmmnames:
   - "intact.Bln056.0"
   - "intact.Bln056.1"
   - "intact.Bln056.2"
   - "intact.Bln056.3"
   - "intact.Bln056.4"
intactLabels:
   - FSC-A
   - SSC-A
   - SY41
   - CD19
   - CD10
   - CD20
   - CD45
   - CD34
   - CD38
   - CD58
intactMu: !!opencv-matrix
   rows: 5
   cols: 10
   dt: d
   data: [ 3.1027020624492287e+00, 2.7296326576927599e+00,
       2.5249219649709880e+00, 1.0885167030795955e+00,
       1.0158003376613076e+00, 1.3205056668597051e+00,
       1.8785929117857070e+00, 1.4494797775615305e+00,
       2.7533081969785762e+00, 2.2278946110061075e+00,
       1.2154657882272017e+00, 4.0441276998977455e-01,
       2.3507262949827425e+00, 8.9844015802683974e-01,
       8.9934936766642704e-01, 9.9366802528613418e-01,
       2.7062878050148500e+00, 9.7920723617320171e-01,
       2.4239389958195705e+00, 1.4063746692075922e+00,
       2.4891100371834209e+00, 2.2623435950008948e+00,
       2.4934019559115934e+00, 1.0514224812610113e+00,
       9.4358805292593362e-01, 1.1804590176954233e+00,
       2.1337464257992984e+00, 1.4161404900395429e+00,
       3.1298941527836925e+00, 2.2148519121499946e+00,
       3.1212843578873795e+00, 3.1653778298061841e+00,
       2.4998101498797594e+00, 1.1724664217683847e+00,
       2.3373862575211963e+00, 1.2605197739743004e+00,
       2.1827112558960549e+00, 1.4029145692614740e+00,
       2.4981980532539132e+00, 2.3375772508695443e+00,
       1.6400930447124635e+00, 9.3909555526777444e-01,
       2.5638634537117477e+00, 1.0689639892874612e+00,
       1.1973713484449886e+00, 1.2320036878816216e+00,
       1.5011830306369061e+00, 1.3491760172859681e+00,
       2.7170100180518912e+00, 2.2068365231530769e+00 ]
intactSigma:
   - !!opencv-matrix
      rows: 10
      cols: 10
      dt: d
      data: [ 2.6923910587250738e-01, 2.4522887033261598e-01,
          5.5332613601650612e-03, 1.5562981371921004e-02,
          2.5304296353486085e-02, 2.3099309481004505e-02,
          2.0505945909585557e-02, 2.4009143331865032e-02,
          2.3435628082371943e-02, 2.4457619383604218e-02,
          2.4522887033261598e-01, 4.6146475174952784e-01,
          8.7549172719802396e-03, 2.5877442236284666e-02,
          4.2147532793340430e-02, 3.2304116931215050e-02,
          3.4738738190827373e-02, 3.7136097131316013e-02,
          4.4487309376543147e-02, 4.2290669096431102e-02,
          5.5332613601650595e-03, 8.7549172719802396e-03,
          6.1443359427967026e-03, 3.0325715033935833e-03,
          3.0765322221134580e-04, 4.7018852735158387e-03,
          -1.1752457553827066e-03, 4.8847389859409422e-03,
          6.0441924013024308e-03, 1.2496579388091309e-03,
          1.5562981371921010e-02, 2.5877442236284662e-02,
          3.0325715033935829e-03, 9.7496200357637480e-02,
          3.0611027644583391e-03, 6.9176465153925407e-03,
          1.9151855964177021e-03, 5.3822418848826232e-03,
          5.0693700743133238e-03, 5.0777468606010264e-03,
          2.5304296353486085e-02, 4.2147532793340430e-02,
          3.0765322221134559e-04, 3.0611027644583400e-03,
          4.2855066450873114e-02, 2.1486465449760414e-03,
          1.0562197501274217e-02, 2.9004014286653692e-03,
          -1.7583990883584524e-03, 7.2546213796975487e-03,
          2.3099309481004509e-02, 3.2304116931215050e-02,
          4.7018852735158387e-03, 6.9176465153925389e-03,
          2.1486465449760406e-03, 2.7280368382151730e-02,
          9.0010181755116939e-04, 1.5557781008254537e-02,
          7.3025209435409050e-03, 5.7576093732667867e-03,
          2.0505945909585557e-02, 3.4738738190827373e-02,
          -1.1752457553827066e-03, 1.9151855964177024e-03,
          1.0562197501274217e-02, 9.0010181755116961e-04,
          1.3573190506714149e-02, 2.3147290648513601e-03,
          -4.6313431951050177e-03, 8.1525174036505450e-03,
          2.4009143331865029e-02, 3.7136097131316013e-02,
          4.8847389859409422e-03, 5.3822418848826232e-03,
          2.9004014286653692e-03, 1.5557781008254537e-02,
          2.3147290648513601e-03, 2.5171583513645911e-02,
          6.7598272431271993e-03, 7.9616814749637211e-03,
          2.3435628082371950e-02, 4.4487309376543147e-02,
          6.0441924013024308e-03, 5.0693700743133221e-03,
          -1.7583990883584520e-03, 7.3025209435409032e-03,
          -4.6313431951050177e-03, 6.7598272431271984e-03,
          3.5944956673876809e-02, -5.5976027983255437e-05,
          2.4457619383604218e-02, 4.2290669096431102e-02,
          1.2496579388091309e-03, 5.0777468606010264e-03,
          7.2546213796975479e-03, 5.7576093732667867e-03,
          8.1525174036505450e-03, 7.9616814749637211e-03,
          -5.5976027983255477e-05, 1.4680007177288776e-02 ]
   - !!opencv-matrix
      rows: 10
      cols: 10
      dt: d
      data: [ 4.1614058424456785e-02, 5.2644596359578688e-03,
          5.1487993080962776e-03, 1.0784304686940903e-03,
          -1.0818104202595393e-03, 6.8005764878580814e-04,
          5.5651258806862147e-03, -3.6929857711283186e-04,
          -4.3953300156992095e-03, 2.4820240624644923e-02,
          5.2644596359578697e-03, 8.7503223457158826e-03,
          2.7172840063460295e-03, 1.0240118867693979e-03,
          -1.0567890522446830e-03, 8.8152209600127402e-04,
          4.7149965303406819e-03, 7.8983596691500782e-04,
          -4.7202775236521825e-03, 2.6393871511180621e-02,
          5.1487993080962767e-03, 2.7172840063460295e-03,
          2.0837732626815226e-02, 1.8510330016082456e-03,
          5.4406248000504927e-04, 7.8268963324731584e-04,
          4.3656470453510947e-03, 1.7667894302242995e-03,
          -3.2137567559968956e-03, 1.1961969773301549e-02,
          1.0784304686940903e-03, 1.0240118867693977e-03,
          1.8510330016082454e-03, 5.7537164603581770e-02,
          5.4130123661524953e-04, -1.3038600858951391e-03,
          1.0899138983363240e-03, -1.1442508094971068e-03,
          1.2244495498082983e-03, 2.0745344057824765e-03,
          -1.0818104202595393e-03, -1.0567890522446826e-03,
          5.4406248000504927e-04, 5.4130123661524975e-04,
          1.2055358302857646e-02, 3.4229614701178476e-04,
          1.8554099659742916e-03, -5.5421560584617048e-04,
          4.9605707313304789e-03, -1.3251757414244149e-02,
          6.8005764878580793e-04, 8.8152209600127381e-04,
          7.8268963324731606e-04, -1.3038600858951389e-03,
          3.4229614701178476e-04, 1.8454145936665778e-02,
          1.5932593535010631e-03, 4.9367905413045502e-04,
          1.3249298675894035e-04, 3.9739264255757301e-03,
          5.5651258806862147e-03, 4.7149965303406828e-03,
          4.3656470453510947e-03, 1.0899138983363232e-03,
          1.8554099659742918e-03, 1.5932593535010631e-03,
          1.4885120099347176e-02, 1.4028976271886258e-04,
          1.4936587357552852e-03, 1.4518982405592651e-02,
          -3.6929857711283197e-04, 7.8983596691500793e-04,
          1.7667894302243008e-03, -1.1442508094971072e-03,
          -5.5421560584617059e-04, 4.9367905413045512e-04,
          1.4028976271886258e-04, 4.5823031818406409e-03,
          4.5911844538210596e-03, 3.8428509494391008e-03,
          -4.3953300156992078e-03, -4.7202775236521825e-03,
          -3.2137567559968965e-03, 1.2244495498082990e-03,
          4.9605707313304789e-03, 1.3249298675894051e-04,
          1.4936587357552852e-03, 4.5911844538210596e-03,
          6.8906502201229203e-01, -9.4928032753008221e-02,
          2.4820240624644926e-02, 2.6393871511180628e-02,
          1.1961969773301549e-02, 2.0745344057824752e-03,
          -1.3251757414244149e-02, 3.9739264255757283e-03,
          1.4518982405592649e-02, 3.8428509494391008e-03,
          -9.4928032753008249e-02, 1.7084424851844149e-01 ]
   - !!opencv-matrix
      rows: 10
      cols: 10
      dt: d
