%YAML:1.0
---
groups:
   - intact
   - CD19
   - blast
intactGmmnames:
   - "intact.Bln032.0"
   - "intact.Bln032.1"
   - "intact.Bln032.2"
   - "intact.Bln032.3"
   - "intact.Bln032.4"
intactLabels:
   - FSC-A
   - SSC-A
   - SY41
   - CD19
   - CD10
   - CD20
   - CD45
   - CD34
   - CD38
   - CD58
intactMu: !!opencv-matrix
   rows: 5
   cols: 10
   dt: d
   data: [ 1.4548050770232692e+00, 4.9877530400873593e-01,
       3.0900659165695981e+00, 6.4659719875185462e-01,
       9.3331975670648315e-01, 9.9895179507993515e-01,
       2.4283186596833293e+00, 9.3993364615976149e-01,
       2.7280488228617177e+00, 2.0746052990557304e+00,
       1.0024923415105989e+00, 2.4278217360220572e-01,
       3.2442011544545868e+00, 6.6688132577375714e-01,
       9.8156248715149697e-01, 9.8757846565423257e-01,
       2.1489302961020980e+00, 9.2598908000824420e-01,
       2.2723602221179990e+00, 1.2212311593077954e+00,
       2.8321412713543022e+00, 1.8504956191879498e+00,
       3.2944541350990257e+00, 9.3498804328597296e-01,
       1.7524197211226307e+00, 1.2354066386547489e+00,
       1.8461875197292030e+00, 1.3967892814564504e+00,
       2.6742378618405844e+00, 2.3207059353053467e+00,
       1.2081608599983538e+00, 5.7996564900316172e-01,
       3.3458027453144927e+00, 7.0267465954066288e-01,
       1.2933071939359919e+00, 1.0038520337710175e+00,
       1.2247030033014745e+00, 1.2190007779198841e+00,
       2.3558431642195297e+00, 2.5755240667545349e+00,
       1.3929139718525005e+00, 3.8685404700308523e-01,
       3.0303910458349734e+00, 6.4159638929412377e-01,
       9.5263773022015585e-01, 9.7416648476519907e-01,
       2.0113808822612844e+00, 9.1053506442254162e-01,
       1.6943366850209118e+00, 1.8206750022202849e+00 ]
intactSigma:
   - !!opencv-matrix
      rows: 10
      cols: 10
      dt: d
      data: [ 4.4219003255563688e-02, -1.1813996454212315e-03,
          4.2668165137291648e-03, 8.0875467051992351e-04,
          1.3948308204563714e-03, -1.3659821113903502e-03,
          3.6254262325518126e-03, -2.9504208277123201e-04,
          -1.1638059890176168e-02, 1.8791628195992697e-03,
          -1.1813996454212315e-03, 7.9168972438696320e-03,
          5.9906316792875699e-04, 2.6224372246906597e-04,
          1.2990760162187819e-03, 1.1053272616765495e-03,
          2.1956701089251873e-03, 3.6120641913844863e-03,
          2.0048762979757929e-02, -1.1021174953119992e-04,
          4.2668165137291648e-03, 5.9906316792875699e-04,
          1.0621779105791072e-02, 9.7866171475015579e-04,
          1.3647736239437015e-03, 5.2301557855649356e-04,
          2.9201987635201466e-03, 9.9266901380341615e-04,
          -1.1226169158249238e-02, 3.9349795587117825e-03,
          8.0875467051992351e-04, 2.6224372246906575e-04,
          9.7866171475015536e-04, 4.2460132526385176e-02,
          1.5792923157841668e-03, -1.6073822653441742e-04,
          1.0319091809971545e-03, -4.3881077553342748e-03,
          -5.5901891037752035e-03, 5.4263874428537955e-04,
          1.3948308204563714e-03, 1.2990760162187819e-03,
          1.3647736239437015e-03, 1.5792923157841661e-03,
          1.9660562148105298e-02, 1.4753569477417299e-03,
          1.1551132377609860e-03, 5.7932825609230260e-05,
          5.6766500011589558e-03, -9.8312153731654802e-03,
          -1.3659821113903505e-03, 1.1053272616765497e-03,
          5.2301557855649334e-04, -1.6073822653441726e-04,
          1.4753569477417299e-03, 2.1190357076263419e-02,
          -1.8131544821026861e-03, 3.4291110303843594e-03,
          1.3420392523923519e-02, -3.5589739309832328e-03,
          3.6254262325518130e-03, 2.1956701089251877e-03,
          2.9201987635201466e-03, 1.0319091809971545e-03,
          1.1551132377609860e-03, -1.8131544821026861e-03,
          1.9248260059089240e-02, -1.3916565095231693e-03,
          -1.8352729343755349e-02, 1.1768025184945602e-02,
          -2.9504208277123184e-04, 3.6120641913844876e-03,
          9.9266901380341572e-04, -4.3881077553342756e-03,
          5.7932825609230159e-05, 3.4291110303843590e-03,
          -1.3916565095231687e-03, 2.3199122799915633e-02,
          3.9856738644590939e-02, 4.4248210231699120e-03,
          -1.1638059890176168e-02, 2.0048762979757929e-02,
          -1.1226169158249236e-02, -5.5901891037752069e-03,
          5.6766500011589558e-03, 1.3420392523923519e-02,
          -1.8352729343755349e-02, 3.9856738644590939e-02,
          4.4174837558987379e-01, -4.3693240230256405e-02,
          1.8791628195992686e-03, -1.1021174953119974e-04,
          3.9349795587117833e-03, 5.4263874428537966e-04,
          -9.8312153731654802e-03, -3.5589739309832328e-03,
          1.1768025184945602e-02, 4.4248210231699120e-03,
          -4.3693240230256405e-02, 6.3583196249126853e-02 ]
   - !!opencv-matrix
      rows: 10
      cols: 10
      dt: d
      data: [ 5.4253910337957699e-02, 2.0757201465940013e-03,
          -1.8183300469551456e-02, -1.3323888921817043e-03,
          6.8475158758402402e-04, -1.6003677714437087e-03,
          4.3675205589655871e-03, -8.0216784324976132e-03,
          4.5226006565146566e-04, -1.9212357074967427e-03,
          2.0757201465940009e-03, 2.5584279201639332e-03,
          1.2045852360203950e-04, 8.9580312293593652e-04,
          1.6061964633955544e-03, 3.4935971408233708e-04,
          2.8083551872210397e-03, 1.9459238351988387e-03,
          -6.6523894362807900e-03, 5.4280046235441999e-03,
          -1.8183300469551456e-02, 1.2045852360203951e-04,
          2.6801909681938511e-02, 2.6957340983675740e-03,
          2.7755318872640460e-03, 2.1132042956433887e-03,
          2.9604411309445996e-03, 1.0767840422725397e-02,
          2.0117105116388722e-03, 9.0286639695316851e-03,
          -1.3323888921817043e-03, 8.9580312293593642e-04,
          2.6957340983675745e-03, 4.3587453042366629e-02,
          1.2875738632430556e-03, -2.7326677953870310e-04,
          1.2659767540184723e-03, -1.9890786508065953e-03,
          -2.6730660054741784e-03, 3.6856168703678430e-03,
          6.8475158758402434e-04, 1.6061964633955551e-03,
          2.7755318872640464e-03, 1.2875738632430556e-03,
          1.0277257257101024e-02, 6.0475810229682102e-04,
          2.7317368652068799e-03, 3.2134835524762657e-03,
          -8.7041057390855429e-03, 4.8630826883872720e-03,
          -1.6003677714437087e-03, 3.4935971408233708e-04,
          2.1132042956433887e-03, -2.7326677953870321e-04,
          6.0475810229682102e-04, 7.3465558285246398e-03,
          5.3027243873271502e-04, 1.2045903607855932e-03,
          -1.4149624121727808e-03, 1.5655174963012156e-03,
          4.3675205589655871e-03, 2.8083551872210397e-03,
          2.9604411309446001e-03, 1.2659767540184727e-03,
          2.7317368652068799e-03, 5.3027243873271502e-04,
          1.2024290662762031e-02, 2.7340128235725748e-03,
          -6.2418008199214611e-03, 7.0939996858222628e-03,
          -8.0216784324976132e-03, 1.9459238351988387e-03,
          1.0767840422725401e-02, -1.9890786508065948e-03,
          3.2134835524762657e-03, 1.2045903607855932e-03,
          2.7340128235725744e-03, 2.1857928603216420e-02,
          -4.7175160905806972e-03, 1.3269560389663272e-02,
          4.5226006565146550e-04, -6.6523894362807891e-03,
          2.0117105116388722e-03, -2.6730660054741793e-03,
          -8.7041057390855412e-03, -1.4149624121727812e-03,
          -6.2418008199214611e-03, -4.7175160905806972e-03,
          2.0196130348301061e-01, -2.1900142054401682e-02,
          -1.9212357074967421e-03, 5.4280046235441999e-03,
          9.0286639695316851e-03, 3.6856168703678430e-03,
          4.8630826883872720e-03, 1.5655174963012154e-03,
          7.0939996858222646e-03, 1.3269560389663272e-02,
          -2.1900142054401685e-02, 6.8220181297761306e-02 ]
   - !!opencv-matrix
      rows: 10
      cols: 10
      dt: d
