%YAML:1.0
---
groups:
   - intact
   - CD19
   - blast
intactGmmnames:
   - "intact.Bln027.0"
   - "intact.Bln027.1"
   - "intact.Bln027.2"
   - "intact.Bln027.3"
   - "intact.Bln027.4"
intactLabels:
   - FSC-A
   - SSC-A
   - SY41
   - CD19
   - CD10
   - CD20
   - CD45
   - CD34
   - CD38
   - CD58
intactMu: !!opencv-matrix
   rows: 5
   cols: 10
   dt: d
   data: [ 8.6466093795375987e-01, 2.8329634409369381e-01,
       3.1405509567166097e+00, 5.7180991911139389e-01,
       7.9924604676109134e-01, 8.8894345015153131e-01,
       2.3759771225637962e+00, 6.9504257028538119e-01,
       1.6167157954699312e+00, 8.9298197263546952e-01,
       1.2822033086199227e+00, 4.8526300801339628e-01,
       3.1067675287799528e+00, 5.6255477292946776e-01,
       7.8220636288940359e-01, 8.8299743012402687e-01,
       2.4934579715833052e+00, 6.7380212773832793e-01,
       1.5846284898213996e+00, 1.4129105503504071e+00,
       2.2693057462731208e+00, 2.4549502714374882e+00,
       3.1607163511674239e+00, 6.5863307751183575e-01,
       1.4482956281262263e+00, 9.8414613073216828e-01,
       2.1038165043508719e+00, 8.1175970750664761e-01,
       1.6542608922156561e+00, 1.6731267767434441e+00,
       1.6216479944397446e+00, 5.6983310626960237e-01,
       3.1340901111562567e+00, 5.7356314237992234e-01,
       7.8960751704889975e-01, 8.9053933160873266e-01,
       2.5279865052931560e+00, 7.1783274427501909e-01,
       2.3688325544602953e+00, 1.4353435587155610e+00,
       8.4369288891011218e-01, 4.8499242173071022e-01,
       3.4420598779980138e+00, 5.6294809259495471e-01,
       6.9834334127188069e-01, 8.9287271823142933e-01,
       9.2847320735810668e-01, 7.4199734385534688e-01,
       1.0784094241180164e+00, 1.9685932580580132e+00 ]
intactSigma:
   - !!opencv-matrix
      rows: 10
      cols: 10
      dt: d
      data: [ 5.8484921698443007e-02, 2.2636977054065022e-03,
          -3.4620654940597004e-02, -3.8859348507168704e-04,
          1.9046513184967708e-04, -5.0839474668380052e-04,
          2.3604652365867874e-03, -3.7153261698511806e-03,
          5.1042676827384274e-03, -1.8706169908588122e-03,
          2.2636977054065022e-03, 2.8761785015632550e-03,
          -3.8685716007632676e-04, 2.0818593492821338e-04,
          3.6727259052708104e-04, 1.1916358867821961e-04,
          1.8312312317702772e-03, 3.5703612070687643e-04,
          -7.4277615655720690e-03, 1.0340464964361063e-03,
          -3.4620654940596997e-02, -3.8685716007632681e-04,
          5.1684839284338702e-02, 9.6272000135502766e-04,
          5.0844084626407442e-04, 5.3947057557850338e-04,
          2.3294400621525482e-03, 4.2408695800858990e-03,
          -6.1179803469179096e-03, 3.1327888921547017e-03,
          -3.8859348507168688e-04, 2.0818593492821338e-04,
          9.6272000135502766e-04, 2.8807853901371967e-03,
          2.0186432203437915e-05, 8.3782483609708706e-07,
          1.6966023835148904e-04, -1.6217644500195931e-04,
          -6.6364836406613073e-04, 2.0938721239440589e-04,
          1.9046513184967713e-04, 3.6727259052708115e-04,
          5.0844084626407464e-04, 2.0186432203437922e-05,
          1.1969372428197733e-03, 3.7889793589794373e-05,
          7.8815145069338947e-04, 7.3874312500844881e-05,
          -1.2207407552263586e-03, -4.4619715685595564e-04,
          -5.0839474668380041e-04, 1.1916358867821961e-04,
          5.3947057557850338e-04, 8.3782483609709140e-07,
          3.7889793589794366e-05, 3.3324935175689735e-04,
          9.8808259157561737e-05, 8.8991359824983275e-05,
          -1.7873738010073499e-03, 1.2202952546907782e-04,
          2.3604652365867874e-03, 1.8312312317702772e-03,
          2.3294400621525482e-03, 1.6966023835148904e-04,
          7.8815145069338947e-04, 9.8808259157561764e-05,
          7.8558316950039977e-03, 3.9801192638268793e-04,
          -3.4142653782682714e-03, 3.9151736740407713e-04,
          -3.7153261698511797e-03, 3.5703612070687643e-04,
          4.2408695800858990e-03, -1.6217644500195931e-04,
          7.3874312500844881e-05, 8.8991359824983261e-05,
          3.9801192638268799e-04, 1.6745029929781682e-03,
          -1.3477409930947523e-03, 7.8809593558410134e-04,
          5.1042676827384274e-03, -7.4277615655720681e-03,
          -6.1179803469179096e-03, -6.6364836406613030e-04,
          -1.2207407552263581e-03, -1.7873738010073499e-03,
          -3.4142653782682710e-03, -1.3477409930947527e-03,
          1.8024535062850633e-01, -4.5437385793063462e-03,
          -1.8706169908588122e-03, 1.0340464964361063e-03,
          3.1327888921547022e-03, 2.0938721239440578e-04,
          -4.4619715685595564e-04, 1.2202952546907786e-04,
          3.9151736740407719e-04, 7.8809593558410134e-04,
          -4.5437385793063471e-03, 8.2800768101791954e-03 ]
   - !!opencv-matrix
      rows: 10
      cols: 10
      dt: d
      data: [ 8.3083558475978050e-02, 1.2768243750858570e-02,
          4.2893090003247990e-03, -9.0994677803699577e-05,
          8.6695466792968505e-04, -4.8322882351376542e-04,
          1.7871032249333917e-02, -1.0350302975492261e-03,
          2.1082933070788575e-02, 1.7072157295979780e-02,
          1.2768243750858567e-02, 1.8219600917022138e-02,
          1.1111324526913505e-02, 5.2313518219654640e-05,
          4.4851173993627237e-04, -5.1084999056087894e-04,
          1.5091725244661945e-02, -2.0958258975978545e-05,
          3.1532623386869872e-02, 1.7047014924897311e-02,
          4.2893090003247982e-03, 1.1111324526913505e-02,
          5.5274313419778370e-02, 2.1034922008498865e-04,
          5.2250674004822371e-04, -1.5245811374818891e-04,
          1.8452238678110851e-02, 8.0698629184210136e-04,
          1.7872898340435286e-02, 2.2458802820609376e-02,
          -9.0994677803699509e-05, 5.2313518219654640e-05,
          2.1034922008498865e-04, 1.9067164066156139e-03,
          8.8630970171215835e-05, -1.0233308266730236e-05,
          9.9876610415657410e-05, -1.8277792966919532e-04,
          -9.8319927825244011e-04, -3.4918768404860093e-05,
          8.6695466792968505e-04, 4.4851173993627226e-04,
          5.2250674004822371e-04, 8.8630970171215862e-05,
          3.2948315978671757e-03, 5.3283769306576546e-06,
          2.1199575926623810e-03, -1.8801079760706754e-04,
          1.9677656722461366e-03, -4.6057008106294125e-03,
          -4.8322882351376531e-04, -5.1084999056087894e-04,
          -1.5245811374818894e-04, -1.0233308266730227e-05,
          5.3283769306576546e-06, 3.6712504569766304e-04,
          -6.4703711616451956e-04, 5.3852128891661804e-06,
          -6.3406730276718004e-03, -3.1046565383897369e-04,
          1.7871032249333920e-02, 1.5091725244661945e-02,
          1.8452238678110851e-02, 9.9876610415657464e-05,
          2.1199575926623810e-03, -6.4703711616451946e-04,
          3.2920103914472525e-02, 6.1039974125445190e-07,
          4.6683257123818579e-02, 1.7845567592301426e-02,
          -1.0350302975492256e-03, -2.0958258975978569e-05,
          8.0698629184210136e-04, -1.8277792966919527e-04,
          -1.8801079760706754e-04, 5.3852128891661838e-06,
          6.1039974125440701e-07, 8.3700559214101801e-04,
          6.3042892704793141e-04, 1.6021700500119156e-03,
          2.1082933070788568e-02, 3.1532623386869879e-02,
          1.7872898340435293e-02, -9.8319927825244033e-04,
          1.9677656722461366e-03, -6.3406730276718004e-03,
          4.6683257123818579e-02, 6.3042892704793141e-04,
          4.1016071990503450e-01, 1.1932811940952151e-02,
          1.7072157295979780e-02, 1.7047014924897307e-02,
          2.2458802820609376e-02, -3.4918768404860133e-05,
          -4.6057008106294142e-03, -3.1046565383897369e-04,
          1.7845567592301419e-02, 1.6021700500119158e-03,
          1.1932811940952158e-02, 7.4342387012530750e-02 ]
   - !!opencv-matrix
      rows: 10
      cols: 10
      dt: d
