%YAML:1.0
---
groups:
   - intact
   - CD19
intactGmmnames:
   - "intact.Bln043.0"
   - "intact.Bln043.1"
   - "intact.Bln043.2"
   - "intact.Bln043.3"
   - "intact.Bln043.4"
intactLabels:
   - FSC-A
   - SSC-A
   - SY41
   - CD19
   - CD10
   - CD20
   - CD45
   - CD34
   - CD38
   - CD58
intactMu: !!opencv-matrix
   rows: 5
   cols: 10
   dt: d
   data: [ 1.1300087550705213e+00, 5.2081309080694360e-01,
       2.2318030108263160e+00, 9.9013145205022801e-01,
       1.0055862614926880e+00, 1.1947221395871244e+00,
       1.3132479979264431e+00, 1.2280843815665763e+00,
       2.3694198123910368e+00, 2.1871989364482447e+00,
       1.2120703930285464e+00, 3.2760725628543236e-01,
       1.9140742000113298e+00, 8.8070585799164502e-01,
       8.5535202494020190e-01, 9.6710546963927169e-01,
       2.1150282342451314e+00, 9.8819599788713297e-01,
       2.3558425433936856e+00, 1.4282276156361722e+00,
       2.5306159991024373e+00, 2.4764948466841763e+00,
       2.1651186812878032e+00, 1.0712111685404007e+00,
       1.5967594741009352e+00, 1.1947237932341703e+00,
       1.7315181899030492e+00, 1.3329789907883853e+00,
       2.3142928854359552e+00, 2.0714548553867336e+00,
       1.1019300128266727e+00, 2.6884553565041197e-01,
       1.8557290505492465e+00, 8.8570906125288307e-01,
       8.6865334307004671e-01, 9.6659024957449746e-01,
       1.9965420045492368e+00, 1.0074164646834196e+00,
       2.7142642631888627e+00, 1.0798999774467248e+00,
       2.4899343289469029e+00, 4.5124175921987270e-01,
       2.0500606740770242e+00, 8.9659448421314070e-01,
       8.1910305056672350e-01, 9.6452945078360253e-01,
       2.1267908785071139e+00, 9.9355008792361477e-01,
       2.7328181168409333e+00, 1.7622204815139091e+00 ]
intactSigma:
   - !!opencv-matrix
      rows: 10
      cols: 10
      dt: d
      data: [ 1.2376491104239891e-01, 4.3074967549231881e-02,
          1.2108136066321514e-02, 8.4002491752099562e-03,
          3.0777171123537464e-02, 4.7332390091486126e-03,
          5.0314079798019898e-02, 1.0473954853940971e-02,
          6.6366651342684227e-02, 2.2322932153674317e-02,
          4.3074967549231881e-02, 5.2614226952465724e-02,
          4.1887461702031045e-02, -1.3428106403232807e-02,
          1.0411896872311935e-02, -2.8149558045529922e-02,
          -4.6137336427831688e-02, 2.2515238744488190e-02,
          3.7251376585165683e-02, 8.7224207260767017e-02,
          1.2108136066321513e-02, 4.1887461702031052e-02,
          1.3987576355816858e-01, -2.9624610416717767e-02,
          -1.5902430736857140e-02, -4.2758807713056249e-02,
          -1.3735712589447313e-01, 2.0203926718093245e-02,
          -2.9861512673227644e-02, 1.4379087802320809e-01,
          8.4002491752099544e-03, -1.3428106403232807e-02,
          -2.9624610416717767e-02, 1.4712510331113068e-01,
          1.0197720982485696e-02, 1.0484756024046260e-01,
          8.7710678606927467e-02, -1.2874554535056719e-02,
          2.1220705514048147e-02, -8.3401853287764463e-02,
          3.0777171123537464e-02, 1.0411896872311937e-02,
          -1.5902430736857143e-02, 1.0197720982485697e-02,
          1.7547748107127747e-01, -1.1381277234270239e-02,
          6.6625105879338661e-02, 4.1692463930860617e-03,
          6.7338646866726318e-02, -2.6567357538976856e-02,
          4.7332390091486109e-03, -2.8149558045529918e-02,
          -4.2758807713056249e-02, 1.0484756024046260e-01,
          -1.1381277234270237e-02, 2.1849654878810051e-01,
          1.2249289461682471e-01, -2.1988697516526257e-02,
          1.1414026903695132e-02, -1.4157727461514480e-01,
          5.0314079798019884e-02, -4.6137336427831709e-02,
          -1.3735712589447313e-01, 8.7710678606927467e-02,
          6.6625105879338661e-02, 1.2249289461682469e-01,
          4.5040988435138585e-01, -2.9163858032625299e-02,
          1.5104971895229108e-01, -3.1360579082526374e-01,
          1.0473954853940974e-02, 2.2515238744488193e-02,
          2.0203926718093245e-02, -1.2874554535056723e-02,
          4.1692463930860634e-03, -2.1988697516526257e-02,
          -2.9163858032625303e-02, 3.4416786342517616e-02,
          2.0799053335396837e-02, 5.2860376477865179e-02,
          6.6366651342684227e-02, 3.7251376585165689e-02,
          -2.9861512673227637e-02, 2.1220705514048144e-02,
          6.7338646866726290e-02, 1.1414026903695128e-02,
          1.5104971895229108e-01, 2.0799053335396837e-02,
          3.2459141364614663e-01, -2.2538300318615465e-02,
          2.2322932153674317e-02, 8.7224207260767017e-02,
          1.4379087802320809e-01, -8.3401853287764477e-02,
          -2.6567357538976856e-02, -1.4157727461514477e-01,
          -3.1360579082526374e-01, 5.2860376477865172e-02,
          -2.2538300318615451e-02, 3.4685077116394269e-01 ]
   - !!opencv-matrix
      rows: 10
      cols: 10
      dt: d
      data: [ 5.3203146952337639e-02, 4.4208198036670664e-03,
          9.8751084981591221e-03, -2.9054077972891332e-04,
          1.3227322227289738e-03, -1.0532768323454978e-03,
          5.8714147740734079e-03, -3.8762291324274181e-03,
          -1.7131045978884644e-02, 6.2910654313178202e-03,
          4.4208198036670664e-03, 6.4705835924931043e-03,
          1.1567449433125326e-02, 2.3470308162736503e-04,
          -5.4618776254334504e-04, 1.8507274208734887e-04,
          -8.8704088312420827e-04, -9.2276626611432821e-05,
          -8.8211568547684506e-03, 1.4724609792757779e-02,
          9.8751084981591221e-03, 1.1567449433125326e-02,
          9.5050615335036781e-02, 7.1630863292763234e-05,
          -5.0472083393802237e-03, 3.0338688627667309e-04,
          -1.4435495339195567e-02, -5.7052948853602843e-04,
          -2.8873169364508202e-02, 4.3015493590326657e-02,
          -2.9054077972891348e-04, 2.3470308162736495e-04,
          7.1630863292763492e-05, 5.6006026972308401e-02,
          9.5923387477103912e-04, -1.3539353673153219e-03,
          3.2945635590586153e-03, -1.1591959299655291e-03,
          5.7376235433299260e-03, -1.1734291697736491e-03,
          1.3227322227289731e-03, -5.4618776254334483e-04,
          -5.0472083393802254e-03, 9.5923387477103890e-04,
          1.4111881102012015e-02, 3.4111766108831538e-04,
          1.0239198323211946e-02, 3.3290426264728269e-04,
          4.9129630282906261e-03, -1.3064168649222866e-02,
          -1.0532768323454978e-03, 1.8507274208734895e-04,
          3.0338688627667282e-04, -1.3539353673153219e-03,
          3.4111766108831549e-04, 8.4189244747517392e-03,
          5.3311794954450113e-04, 7.3242809779322092e-04,
          -8.8982303593613376e-03, 1.5500871004855777e-03,
          5.8714147740734045e-03, -8.8704088312420827e-04,
          -1.4435495339195567e-02, 3.2945635590586170e-03,
          1.0239198323211946e-02, 5.3311794954450091e-04,
          8.4786700382424585e-02, 3.1807559983580034e-03,
          4.0952686072943882e-02, -1.1895906680992255e-02,
          -3.8762291324274181e-03, -9.2276626611432916e-05,
          -5.7052948853602821e-04, -1.1591959299655293e-03,
          3.3290426264728264e-04, 7.3242809779322082e-04,
          3.1807559983580034e-03, 5.6297570464537827e-03,
          -4.7563456663269265e-04, 2.2757823946219437e-03,
          -1.7131045978884648e-02, -8.8211568547684506e-03,
          -2.8873169364508202e-02, 5.7376235433299243e-03,
          4.9129630282906279e-03, -8.8982303593613376e-03,
          4.0952686072943882e-02, -4.7563456663269238e-04,
          4.1062749070636240e-01, -5.4996197372572941e-02,
          6.2910654313178211e-03, 1.4724609792757783e-02,
          4.3015493590326657e-02, -1.1734291697736493e-03,
          -1.3064168649222864e-02, 1.5500871004855781e-03,
          -1.1895906680992253e-02, 2.2757823946219437e-03,
          -5.4996197372572941e-02, 1.1788983779773515e-01 ]
   - !!opencv-matrix
      rows: 10
      cols: 10
      dt: d
