%YAML:1.0
---
groups:
   - intact
   - CD19
   - blast
intactGmmnames:
   - "intact.Bln022.0"
   - "intact.Bln022.1"
   - "intact.Bln022.2"
   - "intact.Bln022.3"
   - "intact.Bln022.4"
intactLabels:
   - FSC-A
   - SSC-A
   - SY41
   - CD19
   - CD10
   - CD20
   - CD45
   - CD34
   - CD38
   - CD58
intactMu: !!opencv-matrix
   rows: 5
   cols: 10
   dt: d
   data: [ 1.4766770433947836e+00, 5.5682398560771418e-01,
       2.6066150101539125e+00, 6.0349006344862199e-01,
       7.9830650376632373e-01, 5.6824393780109961e-01,
       2.2120576059769688e+00, 7.1581551527776177e-01,
       2.1386659026710029e+00, 1.3151952965385580e+00,
       2.8505999957936279e+00, 3.7192039935604302e+00,
       2.5719126822848422e+00, 6.5311612124637164e-01,
       1.8037812676576932e+00, 6.5938291919395020e-01,
       1.7274825693410019e+00, 8.0150980880035916e-01,
       1.8983127004729916e+00, 1.7112875590797312e+00,
       1.2088880258638635e+00, 4.0740176755442015e-01,
       2.4868074033544447e+00, 5.8743732817169225e-01,
       7.6432941432089141e-01, 5.5962834984333876e-01,
       2.1147423179022335e+00, 6.6998156439429102e-01,
       1.5066982635244832e+00, 1.2198591884449057e+00,
       1.0302824620678550e+00, 2.6906455757337883e-01,
       2.5544320749846507e+00, 5.9494271167340729e-01,
       7.8141575583314637e-01, 5.6161269404558256e-01,
       2.0702774060596107e+00, 6.8409672241302444e-01,
       1.8887253609538428e+00, 8.8267148573126442e-01,
       2.1011108157500096e+00, 1.5653654585298631e+00,
       2.5919297587164118e+00, 7.6638838741072401e-01,
       1.1686738428274470e+00, 8.3707625351910941e-01,
       1.7805678549584969e+00, 8.9789842826226351e-01,
       1.9389542924503118e+00, 1.5977526760368082e+00 ]
intactSigma:
   - !!opencv-matrix
      rows: 10
      cols: 10
      dt: d
      data: [ 3.4085929337861898e-01, 5.1507912694160621e-02,
          4.7122790430467021e-02, 7.8986448713081283e-04,
          3.7789160208443768e-03, 4.7315473682508317e-03,
          4.2754917456054121e-02, 8.6572192805092210e-04,
          -4.5798797331789425e-02, 9.7702579945286132e-03,
          5.1507912694160628e-02, 4.1627549295806296e-02,
          9.9810707445254707e-03, -4.7493591522054470e-04,
          -1.7637628458768337e-03, -4.9511894742058603e-03,
          1.6725569996066038e-02, 1.3567066183665202e-03,
          5.6947435240215644e-02, 2.4328669289259777e-02,
          4.7122790430467021e-02, 9.9810707445254707e-03,
          3.7010949834882699e-02, 1.4027246387365204e-03,
          2.1179373143298068e-03, 3.6693796619688794e-03,
          1.5990254034375529e-02, 4.4308714550947165e-03,
          -8.3031153294619992e-03, -3.5701170151912045e-03,
          7.8986448713081337e-04, -4.7493591522054503e-04,
          1.4027246387365204e-03, 5.8934561641391641e-03,
          5.8092587962956614e-05, 3.7211179112034914e-04,
          7.3329508189687558e-04, -2.5611031040308294e-04,
          -3.9520225684997936e-03, -9.2340932548973286e-04,
          3.7789160208443777e-03, -1.7637628458768337e-03,
          2.1179373143298064e-03, 5.8092587962956573e-05,
          7.5539540957353423e-03, 1.1876923527768231e-03,
          1.1310739168396658e-03, -3.1552038950144440e-04,
          -1.7203539435349812e-02, -6.3434364283779512e-03,
          4.7315473682508309e-03, -4.9511894742058603e-03,
          3.6693796619688803e-03, 3.7211179112034930e-04,
          1.1876923527768233e-03, 1.9158069218489782e-02,
          4.1273465532840867e-04, 1.1806939493087005e-04,
          -4.3321239334824069e-02, -6.9428166904667568e-03,
          4.2754917456054121e-02, 1.6725569996066038e-02,
          1.5990254034375529e-02, 7.3329508189687537e-04,
          1.1310739168396658e-03, 4.1273465532840888e-04,
          4.3493297738653028e-02, 1.2763462736897755e-03,
          2.0224249362264517e-02, 1.0282055246109428e-02,
          8.6572192805092210e-04, 1.3567066183665204e-03,
          4.4308714550947165e-03, -2.5611031040308289e-04,
          -3.1552038950144440e-04, 1.1806939493086999e-04,
          1.2763462736897753e-03, 3.4112730845220476e-03,
          6.5024095776589569e-03, -6.9320621182113738e-04,
          -4.5798797331789425e-02, 5.6947435240215630e-02,
          -8.3031153294619992e-03, -3.9520225684997927e-03,
          -1.7203539435349809e-02, -4.3321239334824069e-02,
          2.0224249362264513e-02, 6.5024095776589569e-03,
          5.0054204946980196e-01, 3.5287102803856857e-02,
          9.7702579945286132e-03, 2.4328669289259777e-02,
          -3.5701170151912058e-03, -9.2340932548973253e-04,
          -6.3434364283779512e-03, -6.9428166904667568e-03,
          1.0282055246109428e-02, -6.9320621182113738e-04,
          3.5287102803856850e-02, 6.7731501273996700e-02 ]
   - !!opencv-matrix
      rows: 10
      cols: 10
      dt: d
      data: [ 2.6569087631810467e-01, 1.0328654982269141e-01,
          1.1343334619131284e-03, 2.8437531065996451e-04,
          -1.2489135695240662e-02, 5.2428928545078133e-03,
          4.2624792993665490e-04, 6.8019203797962634e-03,
          1.8766374342886905e-02, 5.7104542388694253e-03,
          1.0328654982269142e-01, 2.2457796994724127e-01,
          4.9383956203455240e-03, 3.1570635220645928e-03,
          2.1741840398159101e-02, 5.3766926942501320e-03,
          8.6326103064868990e-03, 7.4407877115257072e-03,
          3.0612717679851444e-02, 1.4218770176243690e-02,
          1.1343334619131290e-03, 4.9383956203455240e-03,
          1.8527077283501499e-02, 1.0989371591482557e-03,
          6.0701992181173793e-03, 2.4017563789834628e-03,
          4.9594331292827929e-03, 3.6814305269424852e-03,
          8.3774557343979789e-03, 8.4119483778236272e-03,
          2.8437531065996451e-04, 3.1570635220645915e-03,
          1.0989371591482557e-03, 1.0222526100657077e-02,
          1.0440387688335950e-02, 2.4403221762849041e-04,
          3.9185238192939150e-03, -3.6323048006676670e-04,
          2.4625391802142438e-03, 2.5055842137272437e-03,
          -1.2489135695240662e-02, 2.1741840398159101e-02,
          6.0701992181173784e-03, 1.0440387688335951e-02,
          1.4579409226951232e-01, 3.1393456982203951e-03,
          3.5735695385383084e-02, 2.2749190977788937e-03,
          8.0565100055231108e-03, 1.3659611738127757e-02,
          5.2428928545078133e-03, 5.3766926942501320e-03,
          2.4017563789834628e-03, 2.4403221762849057e-04,
          3.1393456982203947e-03, 6.7605822453187768e-03,
          2.0758426531705242e-03, 1.3661040937931008e-03,
          1.4916986144673469e-03, 2.4547075979032443e-03,
          4.2624792993665512e-04, 8.6326103064868990e-03,
          4.9594331292827920e-03, 3.9185238192939141e-03,
          3.5735695385383091e-02, 2.0758426531705242e-03,
          2.6473577921800127e-02, 2.4614269643752577e-03,
          4.2818345613414126e-03, 9.0227625133025759e-03,
          6.8019203797962634e-03, 7.4407877115257107e-03,
          3.6814305269424852e-03, -3.6323048006676648e-04,
          2.2749190977788929e-03, 1.3661040937931006e-03,
          2.4614269643752577e-03, 6.0151370762083212e-03,
          4.1065225116148317e-03, 3.9995502365132987e-03,
          1.8766374342886902e-02, 3.0612717679851444e-02,
          8.3774557343979789e-03, 2.4625391802142456e-03,
          8.0565100055231091e-03, 1.4916986144673464e-03,
          4.2818345613414126e-03, 4.1065225116148317e-03,
          5.3066310143459076e-02, 1.4337699158345625e-02,
          5.7104542388694279e-03, 1.4218770176243688e-02,
          8.4119483778236290e-03, 2.5055842137272424e-03,
          1.3659611738127754e-02, 2.4547075979032438e-03,
          9.0227625133025759e-03, 3.9995502365132987e-03,
          1.4337699158345625e-02, 2.5165150596550705e-02 ]
   - !!opencv-matrix
      rows: 10
      cols: 10
      dt: d
