%YAML:1.0
---
groups:
   - intact
   - CD19
   - blast
intactGmmnames:
   - "intact.Bln089.0"
   - "intact.Bln089.1"
   - "intact.Bln089.2"
   - "intact.Bln089.3"
   - "intact.Bln089.4"
intactLabels:
   - FSC-A
   - SSC-A
   - SY41
   - CD19
   - CD10
   - CD20
   - CD45
   - CD34
   - CD38
   - CD58
intactMu: !!opencv-matrix
   rows: 5
   cols: 10
   dt: d
   data: [ 1.5146812159976348e+00, 5.4882641277090527e-01,
       2.4327781232316927e+00, 7.8955037997056976e-01,
       8.3093559446158383e-01, 1.1512885285808188e+00,
       2.6045822313511748e+00, 1.0236963995365738e+00,
       3.6675186534638997e+00, 1.9017270600452341e+00,
       1.4363136300576995e+00, 4.0855685895026828e-01,
       2.4870161863653015e+00, 7.4577807928876338e-01,
       8.1050290451628715e-01, 9.8578912414490660e-01,
       2.5429517939676303e+00, 9.8926008291566103e-01,
       1.9897705880907195e+00, 1.9630258924037907e+00,
       1.3876812104387470e+00, 5.0419674781585289e-01,
       2.6141911956260544e+00, 7.7699019931507884e-01,
       7.8555949421540994e-01, 1.0457327337919089e+00,
       1.0778739807919051e+00, 1.2348166214282241e+00,
       2.0877299632883446e+00, 2.3327740439758777e+00,
       2.6888778217361908e+00, 1.8179902382986579e+00,
       2.6706220901266171e+00, 1.1426056468431027e+00,
       1.6581172509979452e+00, 1.3665378318921806e+00,
       2.2388419997892415e+00, 1.4680022520723937e+00,
       2.6417548910968174e+00, 1.9576366944391896e+00,
       9.4435173002726480e-01, 2.3052671075950892e-01,
       2.6324870500048685e+00, 7.7568129390660423e-01,
       8.9417651466528358e-01, 9.9869985918254234e-01,
       2.4008582668827145e+00, 1.0156603699457132e+00,
       1.9548328035272695e+00, 1.1554657556702264e+00 ]
intactSigma:
   - !!opencv-matrix
      rows: 10
      cols: 10
      dt: d
      data: [ 9.5746306563247757e-02, -3.1204694842083521e-03,
          -5.8114791004430710e-03, -2.8075107582116384e-04,
          1.0826836832165526e-03, -3.3689391317606645e-04,
          2.2831667257503080e-03, 1.7384012037263135e-03,
          1.3245652580371524e-03, 9.9314481337082539e-04,
          -3.1204694842083521e-03, 1.1054622506559725e-02,
          3.8925313367646056e-03, 1.9101836469120124e-03,
          8.4710785413502534e-04, 6.0069494471353783e-03,
          6.2699878673287386e-03, 3.0973406803421638e-03,
          1.1422758437867107e-02, 9.6670267794520415e-03,
          -5.8114791004430745e-03, 3.8925313367646056e-03,
          3.3190314712690142e-02, 1.7418964571963523e-03,
          9.9075220304662977e-04, 4.0391433742363444e-03,
          3.8172997084540564e-03, 2.1354327305975365e-03,
          4.7574949360562301e-03, 6.4703105448201629e-03,
          -2.8075107582116384e-04, 1.9101836469120120e-03,
          1.7418964571963517e-03, 6.0743517404274736e-02,
          6.0635114848468178e-04, 2.0923683222288129e-03,
          2.3957150543229798e-03, -2.0429760012665786e-03,
          5.6891165175480913e-03, 2.8722779639325713e-03,
          1.0826836832165526e-03, 8.4710785413502502e-04,
          9.9075220304662977e-04, 6.0635114848468211e-04,
          1.5104964147642008e-02, 2.0666345914265374e-03,
          1.6582850988912353e-03, 1.0484448508228864e-04,
          1.5551035663985055e-03, -4.2850112709711032e-03,
          -3.3689391317606688e-04, 6.0069494471353783e-03,
          4.0391433742363436e-03, 2.0923683222288125e-03,
          2.0666345914265379e-03, 5.1266010275524118e-02,
          5.7165530757616514e-03, 4.7310832249835618e-03,
          1.9269157748140628e-02, 9.7749890146132806e-03,
          2.2831667257503080e-03, 6.2699878673287378e-03,
          3.8172997084540564e-03, 2.3957150543229794e-03,
          1.6582850988912357e-03, 5.7165530757616496e-03,
          1.4271762333397366e-02, 2.5935135809576990e-03,
          1.1620904516389849e-02, 1.2500908020427347e-02,
          1.7384012037263130e-03, 3.0973406803421642e-03,
          2.1354327305975361e-03, -2.0429760012665786e-03,
          1.0484448508228887e-04, 4.7310832249835618e-03,
          2.5935135809576999e-03, 8.7943130237129671e-03,
          8.2706638860608212e-03, 6.8789416269383844e-03,
          1.3245652580371520e-03, 1.1422758437867105e-02,
          4.7574949360562309e-03, 5.6891165175480887e-03,
          1.5551035663985055e-03, 1.9269157748140628e-02,
          1.1620904516389854e-02, 8.2706638860608195e-03,
          4.8327976899969483e-02, 1.8248832496090394e-02,
          9.9314481337082518e-04, 9.6670267794520415e-03,
          6.4703105448201638e-03, 2.8722779639325713e-03,
          -4.2850112709711024e-03, 9.7749890146132806e-03,
          1.2500908020427344e-02, 6.8789416269383827e-03,
          1.8248832496090394e-02, 4.8805768246099751e-02 ]
   - !!opencv-matrix
      rows: 10
      cols: 10
      dt: d
      data: [ 1.4381386838921223e-01, 1.2444241131720172e-03,
          -1.6125179073384257e-02, -8.2597080195870841e-04,
          3.2700707101649979e-03, -2.2556409792425774e-03,
          9.0844311038922477e-03, -4.3659167084495864e-03,
          -2.0103035030218336e-03, -9.7287565527020784e-03,
          1.2444241131720176e-03, 1.6034429994024584e-02,
          2.9365821105866801e-03, 6.4212288106223604e-04,
          6.2214867869995387e-04, -3.1632855703090697e-04,
          1.6715453104226789e-02, 1.1934578395132676e-04,
          4.2677751117683550e-02, 1.5416059148080389e-02,
          -1.6125179073384257e-02, 2.9365821105866792e-03,
          4.0529092367943408e-02, 3.3109544463472986e-03,
          2.5515934933213894e-03, 2.1143697207506567e-03,
          4.0911505954504008e-03, 5.4825260869145430e-03,
          -1.1380260910793154e-03, 7.3089682501396303e-03,
          -8.2597080195870841e-04, 6.4212288106223626e-04,
          3.3109544463472986e-03, 4.8827175670165292e-02,
          1.6766658414697360e-03, -1.1697804221344975e-04,
          6.5319189983658341e-04, -6.3030416365844133e-04,
          2.5823931628013714e-03, -7.6777774757447583e-04,
          3.2700707101649966e-03, 6.2214867869995387e-04,
          2.5515934933213907e-03, 1.6766658414697360e-03,
          2.0698538809325800e-02, 4.9948999839744392e-04,
          1.6459269656199245e-03, -8.7126593691927272e-04,
          7.6868289360938254e-03, -1.7530204830605019e-02,
          -2.2556409792425778e-03, -3.1632855703090718e-04,
          2.1143697207506571e-03, -1.1697804221344985e-04,
          4.9948999839744413e-04, 7.6591727457298291e-03,
          -5.1690338163158992e-04, 9.0298190537647298e-04,
          -6.0407684209065008e-04, -3.3562634033832724e-04,
          9.0844311038922477e-03, 1.6715453104226789e-02,
          4.0911505954504008e-03, 6.5319189983658319e-04,
          1.6459269656199250e-03, -5.1690338163158992e-04,
          3.6517399188677635e-02, -3.1510681888342071e-04,
          6.2003560445249246e-02, 2.7764815120796451e-02,
          -4.3659167084495873e-03, 1.1934578395132676e-04,
          5.4825260869145430e-03, -6.3030416365844133e-04,
          -8.7126593691927272e-04, 9.0298190537647319e-04,
          -3.1510681888342044e-04, 5.9475092362848330e-03,
          -1.1728850681126694e-04, 5.5209377025317499e-03,
          -2.0103035030218370e-03, 4.2677751117683550e-02,
          -1.1380260910793154e-03, 2.5823931628013723e-03,
          7.6868289360938272e-03, -6.0407684209065030e-04,
          6.2003560445249246e-02, -1.1728850681126706e-04,
          5.7439868821864726e-01, 2.4967135168654305e-03,
          -9.7287565527020784e-03, 1.5416059148080389e-02,
          7.3089682501396268e-03, -7.6777774757447604e-04,
          -1.7530204830605019e-02, -3.3562634033832756e-04,
          2.7764815120796444e-02, 5.5209377025317507e-03,
          2.4967135168654339e-03, 1.2232615024427884e-01 ]
   - !!opencv-matrix
      rows: 10
      cols: 10
      dt: d
