%YAML:1.0
---
groups:
   - intact
   - CD19
   - blast
intactGmmnames:
   - "intact.Bln067.0"
   - "intact.Bln067.1"
   - "intact.Bln067.2"
   - "intact.Bln067.3"
   - "intact.Bln067.4"
intactLabels:
   - FSC-A
   - SSC-A
   - SY41
   - CD19
   - CD10
   - CD20
   - CD45
   - CD34
   - CD38
   - CD58
intactMu: !!opencv-matrix
   rows: 5
   cols: 10
   dt: d
   data: [ 1.2598596724276958e+00, 3.0433408969707182e-01,
       1.7881031031749468e+00, 7.2571271706206808e-01,
       8.7230717167959237e-01, 9.6779357138455679e-01,
       2.4042063842034951e+00, 9.4536939318636048e-01,
       2.1832356401354769e+00, 1.0544418978511068e+00,
       3.2949824742085503e+00, 2.9851567615196442e+00,
       2.2244354538157070e+00, 8.3759461616357145e-01,
       1.5900673684181676e+00, 1.0945812055704702e+00,
       1.7018119101462630e+00, 1.1798230390700108e+00,
       2.5197414609820168e+00, 2.2710798626411135e+00,
       3.3038304530290699e+00, 2.5629192986263907e+00,
       2.0222865927768168e+00, 7.6427715254303108e-01,
       1.4329494897862209e+00, 1.0310529060443863e+00,
       1.6471214674143195e+00, 1.0472988687305769e+00,
       2.3140130357992947e+00, 2.0359300656320136e+00,
       1.2753477429267266e+00, 3.8373565457749964e-01,
       1.9216511707527173e+00, 7.1475199767069952e-01,
       8.4033512700932733e-01, 9.6839085031848504e-01,
       2.1126830419465930e+00, 9.5411543332082027e-01,
       1.1985683023534219e+00, 1.6553638205979433e+00,
       1.9853970038074891e+00, 9.2372128838954726e-01,
       2.0087526750977758e+00, 9.6648437797855702e-01,
       1.1360639022690708e+00, 1.3459125135161694e+00,
       1.9743910800576556e+00, 1.2465280621241619e+00,
       2.7288494410980175e+00, 1.8911141818646904e+00 ]
intactSigma:
   - !!opencv-matrix
      rows: 10
      cols: 10
      dt: d
      data: [ 3.8234417798944577e-02, 3.9289306503040309e-03,
          -1.8878322361853331e-03, 3.2764377539426482e-04,
          -3.9363862421815625e-05, 3.6622174775384895e-05,
          1.6856351830070381e-03, -6.9514243369342952e-04,
          -3.9276259467266143e-03, 8.4101106400665798e-03,
          3.9289306503040317e-03, 1.0105424526309983e-02,
          1.5951515399990296e-03, 5.5532028626119302e-04,
          -7.1047162313150317e-04, 6.8674674480832809e-04,
          5.1433698145729343e-03, 3.2645542207023620e-04,
          3.6079978148045064e-03, 2.3607858749220167e-02,
          -1.8878322361853329e-03, 1.5951515399990296e-03,
          4.2807791790441592e-02, 2.6848276066379077e-03,
          3.6333378573127206e-04, 6.7070621480794050e-04,
          5.0788176357184135e-04, 1.8885607852486884e-03,
          -1.6913502076905688e-03, 6.9963743625916256e-03,
          3.2764377539426466e-04, 5.5532028626119302e-04,
          2.6848276066379086e-03, 4.1342904438427579e-02,
          2.9191985636959955e-04, -8.0885559990575705e-04,
          8.4924636110867368e-04, -9.9009550848507227e-04,
          -3.9032947114030561e-04, 8.0982042358681010e-04,
          -3.9363862421815828e-05, -7.1047162313150284e-04,
          3.6333378573127179e-04, 2.9191985636959960e-04,
          6.3747800363084849e-03, -7.6809781794684237e-05,
          9.8859269754167454e-04, -3.4811890224551542e-05,
          -1.9320839541108760e-03, -5.0674364482703850e-03,
          3.6622174775384923e-05, 6.8674674480832809e-04,
          6.7070621480794050e-04, -8.0885559990575705e-04,
          -7.6809781794684155e-05, 6.3063033390087413e-03,
          3.4270784979979475e-04, 1.7657514398181684e-04,
          -3.9653104257874163e-04, 2.1683914152486462e-03,
          1.6856351830070381e-03, 5.1433698145729343e-03,
          5.0788176357184146e-04, 8.4924636110867389e-04,
          9.8859269754167475e-04, 3.4270784979979475e-04,
          1.1461281550377475e-02, 4.8669207897366837e-04,
          4.9863730453211267e-03, 1.0531014997767861e-02,
          -6.9514243369342985e-04, 3.2645542207023631e-04,
          1.8885607852486884e-03, -9.9009550848507205e-04,
          -3.4811890224551535e-05, 1.7657514398181684e-04,
          4.8669207897366837e-04, 2.9750752186130354e-03,
          2.5071185159650684e-03, 1.3273765261446278e-03,
          -3.9276259467266152e-03, 3.6079978148045051e-03,
          -1.6913502076905695e-03, -3.9032947114030507e-04,
          -1.9320839541108765e-03, -3.9653104257874163e-04,
          4.9863730453211267e-03, 2.5071185159650689e-03,
          3.2208165104409553e-01, 9.2125743300034962e-03,
          8.4101106400665780e-03, 2.3607858749220167e-02,
          6.9963743625916256e-03, 8.0982042358681075e-04,
          -5.0674364482703850e-03, 2.1683914152486453e-03,
          1.0531014997767861e-02, 1.3273765261446276e-03,
          9.2125743300034962e-03, 8.3979581714525561e-02 ]
   - !!opencv-matrix
      rows: 10
      cols: 10
      dt: d
      data: [ 3.2120894612649731e-01, 1.5307365111505217e-01,
          1.3292872699955350e-03, 4.1320623064148342e-03,
          -3.9688640335782833e-03, 8.2250689378183181e-03,
          1.6065210779837886e-03, 1.1420271157853568e-02,
          1.4499480686658080e-02, 8.1905141637459572e-03,
          1.5307365111505220e-01, 4.1914437162995838e-01,
          -2.3159535109069061e-03, 1.2629799120839990e-02,
          4.3638616653721728e-02, 1.1729097162484218e-02,
          1.7458834191927109e-02, 2.0146741154453942e-02,
          3.9386688893041290e-02, 2.2865831376055679e-02,
          1.3292872699955361e-03, -2.3159535109069079e-03,
          1.0300334452760461e-02, 1.4137962554372676e-03,
          -1.0434239744154684e-03, 1.3397542439939245e-03,
          -3.3265020132086069e-05, 1.4194759909027289e-03,
          -1.3869353791015650e-04, 1.4743192578877160e-04,
          4.1320623064148325e-03, 1.2629799120839988e-02,
          1.4137962554372676e-03, 7.7546298830178773e-02,
          1.1646988836841400e-02, 4.2137428727479116e-04,
          5.1457589931539960e-03, -9.7689749770827933e-04,
          2.4825810662118066e-03, 2.1412846290903243e-03,
          -3.9688640335782841e-03, 4.3638616653721728e-02,
          -1.0434239744154690e-03, 1.1646988836841400e-02,
          1.3214052695373532e-01, 2.1965126257747908e-03,
          2.7298333864727527e-02, 4.5328475017450322e-03,
          2.0848648115158564e-04, 2.2156541712915856e-03,
          8.2250689378183181e-03, 1.1729097162484216e-02,
          1.3397542439939245e-03, 4.2137428727479154e-04,
          2.1965126257747908e-03, 1.1615905614512874e-02,
          1.8727930884951522e-03, 3.2612681159384922e-03,
          8.8397391977546719e-04, 1.7580958693275829e-03,
          1.6065210779837881e-03, 1.7458834191927109e-02,
          -3.3265020132085913e-05, 5.1457589931539968e-03,
          2.7298333864727527e-02, 1.8727930884951519e-03,
          1.9677861596441616e-02, 3.8808300260119470e-03,
          -7.6519227843545269e-04, 6.3579694352214756e-04,
          1.1420271157853570e-02, 2.0146741154453945e-02,
          1.4194759909027291e-03, -9.7689749770827933e-04,
          4.5328475017450322e-03, 3.2612681159384926e-03,
          3.8808300260119461e-03, 1.4322711030623717e-02,
          3.0134676536952886e-03, 4.2228467178792046e-03,
          1.4499480686658083e-02, 3.9386688893041290e-02,
          -1.3869353791015650e-04, 2.4825810662118079e-03,
          2.0848648115158602e-04, 8.8397391977546686e-04,
          -7.6519227843545269e-04, 3.0134676536952886e-03,
          2.7549647626500969e-02, 5.4649046842690082e-03,
          8.1905141637459555e-03, 2.2865831376055679e-02,
          1.4743192578877166e-04, 2.1412846290903239e-03,
          2.2156541712915864e-03, 1.7580958693275829e-03,
          6.3579694352214756e-04, 4.2228467178792037e-03,
          5.4649046842690082e-03, 9.2678117585613048e-03 ]
   - !!opencv-matrix
      rows: 10
      cols: 10
      dt: d
