%YAML:1.0
---
groups:
   - intact
   - CD19
   - blast
intactGmmnames:
   - "intact.Bln070.0"
   - "intact.Bln070.1"
   - "intact.Bln070.2"
   - "intact.Bln070.3"
   - "intact.Bln070.4"
intactLabels:
   - FSC-A
   - SSC-A
   - SY41
   - CD19
   - CD10
   - CD20
   - CD45
   - CD34
   - CD38
   - CD58
intactMu: !!opencv-matrix
   rows: 5
   cols: 10
   dt: d
   data: [ 1.3059048062913177e+00, 2.4396542996192602e-01,
       2.6762164205891690e+00, 8.2089029866811070e-01,
       9.0280494457718452e-01, 9.6989933273149653e-01,
       2.3758877851150522e+00, 9.4622707666303629e-01,
       2.6825122604274902e+00, 9.5355868919898223e-01,
       3.4351814361919986e+00, 2.4791718541224372e+00,
       2.7517839579995260e+00, 1.4183429211888254e+00,
       1.9206015668841911e+00, 1.3401454289196679e+00,
       2.1073629892560990e+00, 1.2699868973337034e+00,
       2.6511247951386125e+00, 2.2918887839214848e+00,
       1.7348760108265018e+00, 8.3413197323782795e-01,
       3.0863848358809141e+00, 1.0679033109502598e+00,
       1.0587959738820654e+00, 1.1588809019631594e+00,
       1.2389512956703763e+00, 1.2358392427439022e+00,
       2.5622109241594258e+00, 2.6211899585465512e+00,
       1.4733770963587594e+00, 3.4653588784801809e-01,
       2.6776628245743894e+00, 8.9906721918194676e-01,
       9.0507432182509395e-01, 1.0406034045751327e+00,
       2.4590877331370691e+00, 9.5506475339060970e-01,
       2.4854660635031882e+00, 1.6582583710679324e+00,
       2.2700936675279606e+00, 1.1547178950474055e+00,
       2.8772439077411862e+00, 1.5333496740002799e+00,
       1.5362208320144044e+00, 1.6670772811494614e+00,
       1.9351944882163601e+00, 1.3264533902856503e+00,
       2.8639869351344909e+00, 1.9713339566748205e+00 ]
intactSigma:
   - !!opencv-matrix
      rows: 10
      cols: 10
      dt: d
      data: [ 4.6200812504124875e-02, 2.2300016540256918e-03,
          -5.7069685445785582e-03, 1.4989603035480073e-04,
          1.0290722944348450e-03, -7.3827017276685667e-04,
          6.3593851245211845e-03, -2.7185199294423963e-03,
          2.8047680977696127e-03, -2.6583867411769690e-04,
          2.2300016540256918e-03, 2.1553942168906046e-03,
          -6.0176957199101449e-04, 8.3781369659171223e-04,
          8.5210338812812978e-04, 2.3885488387197365e-04,
          2.8748363858603293e-03, 7.4141326595993068e-05,
          -1.8402296340867117e-04, 1.2981451254964972e-03,
          -5.7069685445785600e-03, -6.0176957199101471e-04,
          1.4631425686741271e-02, 1.4297955285596010e-03,
          7.0986376321068782e-04, 9.2593961097537465e-04,
          1.9382984450537653e-03, 2.2121959976699568e-03,
          3.5724440366617905e-03, 1.6127739784344329e-03,
          1.4989603035480098e-04, 8.3781369659171191e-04,
          1.4297955285596006e-03, 5.2543959080304160e-02,
          9.7261362983512513e-04, 1.4116137062195188e-04,
          1.7494024764831493e-03, -1.0873066149392459e-03,
          2.2564527648356284e-03, 1.6483765123288918e-03,
          1.0290722944348454e-03, 8.5210338812812968e-04,
          7.0986376321068804e-04, 9.7261362983512567e-04,
          6.8243877807155576e-03, 6.1228116089632697e-04,
          2.3434573612891355e-03, -2.4158634016911706e-05,
          -1.3383857403398449e-04, -1.2464376553672379e-04,
          -7.3827017276685667e-04, 2.3885488387197373e-04,
          9.2593961097537487e-04, 1.4116137062195194e-04,
          6.1228116089632708e-04, 1.0027114504393236e-02,
          6.1207091679363096e-04, 2.5073047190849590e-04,
          -1.0726333543150158e-03, 5.7461253187503117e-04,
          6.3593851245211845e-03, 2.8748363858603293e-03,
          1.9382984450537653e-03, 1.7494024764831493e-03,
          2.3434573612891355e-03, 6.1207091679363118e-04,
          1.2841628891498076e-02, 3.7596256816294055e-04,
          1.4489317625792013e-03, 1.5930714361057972e-03,
          -2.7185199294423963e-03, 7.4141326595993109e-05,
          2.2121959976699568e-03, -1.0873066149392463e-03,
          -2.4158634016911710e-05, 2.5073047190849590e-04,
          3.7596256816294061e-04, 3.5621727186962745e-03,
          -1.3063070686316206e-03, 7.7497761955065551e-04,
          2.8047680977696123e-03, -1.8402296340867138e-04,
          3.5724440366617892e-03, 2.2564527648356288e-03,
          -1.3383857403398446e-04, -1.0726333543150163e-03,
          1.4489317625792008e-03, -1.3063070686316202e-03,
          1.0972013793277231e-01, -3.0471080885560464e-03,
          -2.6583867411769690e-04, 1.2981451254964972e-03,
          1.6127739784344329e-03, 1.6483765123288916e-03,
          -1.2464376553672390e-04, 5.7461253187503106e-04,
          1.5930714361057970e-03, 7.7497761955065561e-04,
          -3.0471080885560464e-03, 1.0770931918135990e-02 ]
   - !!opencv-matrix
      rows: 10
      cols: 10
      dt: d
      data: [ 2.8475713151548537e-01, 1.6477139560967699e-01,
          3.8419400759448696e-03, 4.8652983799777595e-02,
          6.1572845359615096e-02, 3.0228786352288272e-02,
          3.4463530332920794e-02, 2.1563280219232126e-02,
          6.1605854965460548e-03, 8.6384732565890320e-03,
          1.6477139560967699e-01, 3.4468716437746888e-01,
          9.2297803795611463e-03, 6.4773472091973275e-02,
          1.3367697445856785e-01, 3.7235547010366618e-02,
          5.6195271849596218e-02, 3.1080612605986203e-02,
          3.6498551224845237e-02, 4.5324491195021112e-02,
          3.8419400759448705e-03, 9.2297803795611429e-03,
          1.5526646539686677e-02, -2.1542852485461885e-03,
          -1.9188221211312799e-02, 3.7028709031091340e-03,
          -4.8122401381153852e-03, 7.5733238467973300e-03,
          1.5326295141427275e-02, 6.9248755207271815e-03,
          4.8652983799777595e-02, 6.4773472091973303e-02,
          -2.1542852485461872e-03, 1.9690132415858422e-01,
          1.7996188152886042e-01, 7.0929263483985483e-02,
          6.5704895131198510e-02, 1.3313850751290435e-02,
          -2.2759846327862928e-02, 7.1382522529616623e-03,
          6.1572845359615096e-02, 1.3367697445856785e-01,
          -1.9188221211312795e-02, 1.7996188152886042e-01,
          5.0359250729099492e-01, 5.9853596457028473e-02,
          1.5270111956571880e-01, -6.1022655944710069e-04,
          -9.4692784785859616e-02, 1.4524932666849432e-02,
          3.0228786352288265e-02, 3.7235547010366611e-02,
          3.7028709031091335e-03, 7.0929263483985483e-02,
          5.9853596457028480e-02, 6.3138717465273803e-02,
          2.2486436936366806e-02, 1.4903061663785744e-02,
          2.8279883947022930e-03, 7.2309177809113936e-03,
          3.4463530332920801e-02, 5.6195271849596197e-02,
          -4.8122401381153843e-03, 6.5704895131198510e-02,
          1.5270111956571883e-01, 2.2486436936366806e-02,
          6.4888939384500202e-02, 6.2430960544592375e-03,
          -3.2296301050200552e-02, 6.3700763568728617e-03,
          2.1563280219232126e-02, 3.1080612605986203e-02,
          7.5733238467973300e-03, 1.3313850751290440e-02,
          -6.1022655944710145e-04, 1.4903061663785744e-02,
          6.2430960544592367e-03, 3.3688430628528172e-02,
          7.8809545239232424e-03, 1.0156311400875610e-02,
          6.1605854965460548e-03, 3.6498551224845244e-02,
          1.5326295141427276e-02, -2.2759846327862928e-02,
          -9.4692784785859588e-02, 2.8279883947022930e-03,
          -3.2296301050200552e-02, 7.8809545239232389e-03,
          9.5679355878096020e-02, 2.2891340155372461e-02,
          8.6384732565890302e-03, 4.5324491195021112e-02,
          6.9248755207271815e-03, 7.1382522529616632e-03,
          1.4524932666849432e-02, 7.2309177809113927e-03,
          6.3700763568728625e-03, 1.0156311400875608e-02,
          2.2891340155372461e-02, 2.6498081967869666e-02 ]
   - !!opencv-matrix
      rows: 10
      cols: 10
      dt: d
