%YAML:1.0
---
groups:
   - intact
   - CD19
intactGmmnames:
   - "intact.Bln024.0"
   - "intact.Bln024.1"
   - "intact.Bln024.2"
   - "intact.Bln024.3"
   - "intact.Bln024.4"
intactLabels:
   - FSC-A
   - SSC-A
   - SY41
   - CD19
   - CD10
   - CD20
   - CD45
   - CD34
   - CD38
   - CD58
intactMu: !!opencv-matrix
   rows: 5
   cols: 10
   dt: d
   data: [ 2.2152505784967595e+00, 1.5256585396925253e+00,
       3.0508019614192676e+00, 6.5105779224250016e-01,
       1.1900840319828443e+00, 6.9026110842361588e-01,
       1.9741393760508215e+00, 9.6426452132427243e-01,
       2.0648277596371800e+00, 1.7371611892312266e+00,
       8.3594408047516133e-01, 2.7391118426482547e-01,
       3.0254772834458068e+00, 5.7314277127515156e-01,
       9.4795793470696832e-01, 5.6798908181884444e-01,
       2.2043769918724818e+00, 7.9136966042529944e-01,
       1.8753924325288485e+00, 9.2221080870501659e-01,
       1.0029641762000303e+00, 4.0708733622921078e-01,
       2.9253542912980235e+00, 5.5916475249436148e-01,
       8.1833510878772442e-01, 5.7740457257427114e-01,
       7.5078318881724349e-01, 7.9571967360104423e-01,
       1.0164308927188614e+00, 1.9000305004945748e+00,
       1.3214233698129372e+00, 5.0395385819816729e-01,
       2.7280992920092260e+00, 5.5908883543736387e-01,
       8.5489592727570629e-01, 5.6294883931661110e-01,
       2.2952387984310705e+00, 7.2914661174544027e-01,
       1.7429591113032283e+00, 1.4040307429454748e+00,
       3.1349186846124031e+00, 3.4788403890530146e+00,
       2.9380081185831277e+00, 6.2702272229423139e-01,
       1.7774419212222812e+00, 6.3853055406576609e-01,
       1.7850752422304055e+00, 8.5554571112082467e-01,
       1.6575479993132134e+00, 1.7765018183161374e+00 ]
intactSigma:
   - !!opencv-matrix
      rows: 10
      cols: 10
      dt: d
      data: [ 9.6290838436230075e-01, 7.8579505180507514e-01,
          -5.1348317854810081e-02, 4.7558708017938399e-02,
          3.1161139138080926e-02, 5.5345227694201339e-02,
          9.3912017713995072e-02, 5.5449167419401063e-02,
          1.4313705802055465e-01, 1.1782132073091164e-01,
          7.8579505180507514e-01, 1.1601262334209130e+00,
          -4.2337774184644496e-02, 6.2463541035999624e-02,
          1.2846662477812723e-01, 7.0545716844340023e-02,
          1.1460993261768014e-02, 7.3071758815163215e-02,
          1.4517868266581116e-01, 1.0241089206771256e-01,
          -5.1348317854810081e-02, -4.2337774184644489e-02,
          1.2960304254955862e-01, 6.9048852871427175e-04,
          5.2822546308708536e-02, -5.2176435878265714e-03,
          7.0481042690746197e-03, 1.0030554713773636e-02,
          -1.1568429475001430e-03, -2.5001415647375100e-02,
          4.7558708017938399e-02, 6.2463541035999624e-02,
          6.9048852871427219e-04, 6.8411993127768855e-02,
          1.8890067909319040e-02, 5.7422215082860953e-02,
          1.7294823483594814e-02, 1.2233371238447217e-02,
          7.0515061662768152e-03, 5.7271608822993441e-03,
          3.1161139138080919e-02, 1.2846662477812723e-01,
          5.2822546308708536e-02, 1.8890067909319040e-02,
          1.4646446126271878e-01, 1.2496962572706992e-02,
          -1.3679291643434753e-02, 8.9049659467071891e-03,
          -2.0444837057313831e-02, -1.6432371028857504e-02,
          5.5345227694201339e-02, 7.0545716844340023e-02,
          -5.2176435878265722e-03, 5.7422215082860953e-02,
          1.2496962572706992e-02, 9.1890446183602190e-02,
          1.6137537667904385e-02, 2.5075166735112859e-02,
          1.5513199540548899e-02, 1.0724371422667233e-02,
          9.3912017713995100e-02, 1.1460993261768023e-02,
          7.0481042690746145e-03, 1.7294823483594818e-02,
          -1.3679291643434750e-02, 1.6137537667904385e-02,
          3.5412471020126685e-01, -7.4754176861459797e-04,
          1.6955308527736121e-01, -5.3631301535133853e-02,
          5.5449167419401077e-02, 7.3071758815163201e-02,
          1.0030554713773635e-02, 1.2233371238447217e-02,
          8.9049659467071891e-03, 2.5075166735112859e-02,
          -7.4754176861459819e-04, 4.8415093785243911e-02,
          1.5511177582876045e-02, 3.0173382048565584e-02,
          1.4313705802055468e-01, 1.4517868266581113e-01,
          -1.1568429475001410e-03, 7.0515061662768160e-03,
          -2.0444837057313828e-02, 1.5513199540548894e-02,
          1.6955308527736115e-01, 1.5511177582876051e-02,
          3.8690868659728145e-01, 4.2251279759823908e-02,
          1.1782132073091163e-01, 1.0241089206771256e-01,
          -2.5001415647375100e-02, 5.7271608822993449e-03,
          -1.6432371028857504e-02, 1.0724371422667233e-02,
          -5.3631301535133853e-02, 3.0173382048565588e-02,
          4.2251279759823908e-02, 2.0727036948419478e-01 ]
   - !!opencv-matrix
      rows: 10
      cols: 10
      dt: d
      data: [ 5.4987863714824094e-02, 1.4172364543561464e-05,
          -3.2801993362646137e-02, -6.9855736993624270e-04,
          -1.0064881605819129e-02, -1.4081698918661035e-03,
          1.7842528627634228e-03, -8.8659229554045871e-03,
          1.0992942821152214e-02, -3.5887103763136007e-03,
          1.4172364543561447e-05, 3.2914540702630320e-03,
          1.7244132408940384e-03, 2.8536196231060575e-04,
          7.9253225540025008e-04, 4.4899824225453993e-04,
          1.8529893530603932e-03, 1.1167361612825647e-03,
          -8.6446841082303428e-03, 2.9843857218868953e-03,
          -3.2801993362646130e-02, 1.7244132408940384e-03,
          4.4513390255468015e-02, 1.3530765098767319e-03,
          1.2429942416034408e-02, 1.7086294369382663e-03,
          4.2502835434550064e-03, 1.1130724731032091e-02,
          -9.2683767734276171e-03, 6.3794443435020425e-03,
          -6.9855736993624292e-04, 2.8536196231060569e-04,
          1.3530765098767323e-03, 5.0041608172696362e-03,
          4.5500632092524405e-04, -2.0961868581212913e-04,
          2.8121578919303332e-04, -1.4708283232637675e-04,
          -3.4172382424883091e-04, 4.4866406926047690e-04,
          -1.0064881605819129e-02, 7.9253225540025008e-04,
          1.2429942416034408e-02, 4.5500632092524389e-04,
          6.6547506171064658e-03, 6.1408117960834896e-04,
          1.5723218020181721e-03, 4.2212304825416033e-03,
          -4.5974242693844264e-03, 1.7939192894600130e-03,
          -1.4081698918661035e-03, 4.4899824225453998e-04,
          1.7086294369382657e-03, -2.0961868581212899e-04,
          6.1408117960834896e-04, 4.1877164982920085e-03,
          2.5451072879367255e-04, 5.9648229047695191e-04,
          -2.8913086849571071e-03, 5.8659160726242114e-04,
          1.7842528627634228e-03, 1.8529893530603936e-03,
          4.2502835434550055e-03, 2.8121578919303321e-04,
          1.5723218020181721e-03, 2.5451072879367255e-04,
          1.2411016261062661e-02, 1.0861913465269142e-03,
          -2.5751274141233914e-03, 6.3381404936625979e-04,
          -8.8659229554045871e-03, 1.1167361612825647e-03,
          1.1130724731032091e-02, -1.4708283232637675e-04,
          4.2212304825416033e-03, 5.9648229047695191e-04,
          1.0861913465269140e-03, 6.0833042328012100e-03,
          -4.2667215884770139e-03, 2.6233003343559104e-03,
          1.0992942821152218e-02, -8.6446841082303445e-03,
          -9.2683767734276171e-03, -3.4172382424883075e-04,
          -4.5974242693844255e-03, -2.8913086849571075e-03,
          -2.5751274141233914e-03, -4.2667215884770130e-03,
          2.0339614906094539e-01, -8.9407131613970757e-03,
          -3.5887103763136007e-03, 2.9843857218868953e-03,
          6.3794443435020425e-03, 4.4866406926047722e-04,
          1.7939192894600123e-03, 5.8659160726242136e-04,
          6.3381404936625947e-04, 2.6233003343559104e-03,
          -8.9407131613970774e-03, 1.1429559182003597e-02 ]
   - !!opencv-matrix
      rows: 10
      cols: 10
      dt: d
