%YAML:1.0
---
groups:
   - intact
   - CD19
   - blast
intactGmmnames:
   - "intact.Bln036.0"
   - "intact.Bln036.1"
   - "intact.Bln036.2"
   - "intact.Bln036.3"
   - "intact.Bln036.4"
intactLabels:
   - FSC-A
   - SSC-A
   - SY41
   - CD19
   - CD10
   - CD20
   - CD45
   - CD34
   - CD38
   - CD58
intactMu: !!opencv-matrix
   rows: 5
   cols: 10
   dt: d
   data: [ 1.1306329399053263e+00, 3.2265972461870024e-01,
       2.3852852921801500e+00, 8.1089962340104726e-01,
       1.0384985669978946e+00, 1.0019166811218116e+00,
       2.3402027087628281e+00, 8.6853402707838345e-01,
       2.1114126435733391e+00, 1.5011480302367899e+00,
       2.8318537779293012e+00, 3.0414421387198480e+00,
       2.4833586439540722e+00, 1.0187566505922498e+00,
       1.5793631582510634e+00, 1.1281673548972988e+00,
       2.1258912000212282e+00, 1.3513723778541458e+00,
       2.5261929167368899e+00, 2.2768622626851189e+00,
       8.4140864408577265e-01, 4.0430805168038769e-01,
       2.6452396353521785e+00, 7.9572869948747593e-01,
       9.9095776423662030e-01, 1.0108566179832794e+00,
       8.3428954159141633e-01, 1.1418147640783476e+00,
       1.6879904362771785e+00, 2.3990095250532453e+00,
       2.0100642114370459e+00, 1.1723734122445837e+00,
       2.6971683435480625e+00, 1.0525250903756493e+00,
       1.2614283703913507e+00, 1.2861756578483341e+00,
       1.7352569067515080e+00, 1.4654716979869875e+00,
       2.4521100809174983e+00, 2.1470013016528573e+00,
       9.8149173720619054e-01, 2.3342045491323168e-01,
       2.4723149552198249e+00, 8.0799733243133942e-01,
       1.0463689875511679e+00, 9.8760817973480630e-01,
       2.3774375331207338e+00, 8.6353947003962206e-01,
       2.6248989812693631e+00, 1.1033428955520834e+00 ]
intactSigma:
   - !!opencv-matrix
      rows: 10
      cols: 10
      dt: d
      data: [ 5.9533830924031854e-02, 1.0038849164113258e-02,
          1.2289895786190944e-02, 2.9911919417844929e-04,
          -2.8940738531522237e-04, 2.4605222318750401e-03,
          1.1970296949985597e-02, 1.4410267419593939e-03,
          -1.8132300127876079e-03, 2.1432919605325104e-02,
          1.0038849164113258e-02, 1.0861640944051301e-02,
          8.0593400653850376e-03, 1.4686899023367479e-03,
          -4.9966422919132437e-04, 1.7573252783701231e-03,
          8.5752806655334385e-03, 3.4818987135821588e-03,
          1.4550976181693960e-02, 2.2680081678647605e-02,
          1.2289895786190944e-02, 8.0593400653850358e-03,
          3.7113042132792873e-02, 3.8434703201479501e-03,
          1.0735223410343027e-03, 2.7280327872795211e-03,
          1.8223211230637488e-02, 1.0983181384147320e-02,
          -2.5628031579331724e-03, 3.0238626353949864e-02,
          2.9911919417844907e-04, 1.4686899023367483e-03,
          3.8434703201479501e-03, 5.3123791053383163e-02,
          6.0810166002706002e-04, -8.7891970981648134e-04,
          2.4926062142349185e-03, -1.1793600872299797e-03,
          7.5679856350559689e-03, 2.2999380740554133e-03,
          -2.8940738531522237e-04, -4.9966422919132437e-04,
          1.0735223410343025e-03, 6.0810166002706013e-04,
          3.4642171546618366e-03, -1.2574335079160953e-05,
          1.0766619433274062e-03, -6.0964486847898287e-05,
          -6.6862143319501837e-04, -7.1911293784291189e-03,
          2.4605222318750401e-03, 1.7573252783701231e-03,
          2.7280327872795211e-03, -8.7891970981648091e-04,
          -1.2574335079160960e-05, 1.1432505539685811e-02,
          1.2713360400267999e-03, 1.1418873145902834e-03,
          2.9236465615737235e-03, 4.0268049266401519e-03,
          1.1970296949985597e-02, 8.5752806655334367e-03,
          1.8223211230637488e-02, 2.4926062142349194e-03,
          1.0766619433274058e-03, 1.2713360400267999e-03,
          3.4446183490260046e-02, 6.2666967617125936e-03,
          1.9487387464108587e-02, 2.7385128695382739e-02,
          1.4410267419593934e-03, 3.4818987135821588e-03,
          1.0983181384147320e-02, -1.1793600872299797e-03,
          -6.0964486847898246e-05, 1.1418873145902829e-03,
          6.2666967617125910e-03, 2.0539970837944663e-02,
          1.8769058527351619e-02, 1.2835323281968828e-02,
          -1.8132300127876109e-03, 1.4550976181693964e-02,
          -2.5628031579331720e-03, 7.5679856350559672e-03,
          -6.6862143319501837e-04, 2.9236465615737235e-03,
          1.9487387464108587e-02, 1.8769058527351619e-02,
          5.9748157875917662e-01, -2.8737832745810983e-03,
          2.1432919605325108e-02, 2.2680081678647605e-02,
          3.0238626353949860e-02, 2.2999380740554116e-03,
          -7.1911293784291180e-03, 4.0268049266401528e-03,
          2.7385128695382736e-02, 1.2835323281968831e-02,
          -2.8737832745810979e-03, 1.6470112841625537e-01 ]
   - !!opencv-matrix
      rows: 10
      cols: 10
      dt: d
      data: [ 2.7148157469930057e-01, 1.7390074049906995e-01,
          1.3742767354491835e-02, 5.1705821284467515e-03,
          -3.0293359633512779e-02, 9.9859912062956954e-03,
          -2.5306334156344210e-03, 2.2326903609490977e-02,
          3.6461435437460159e-02, 9.5949610348904039e-03,
          1.7390074049907001e-01, 3.8591763407959284e-01,
          1.4557629221715664e-02, 1.8114884346886715e-02,
          3.7808370786838422e-02, 1.4619340064286921e-02,
          2.4335327611130241e-02, 4.4560670637008581e-02,
          4.5526408322087840e-02, 2.9457423079223905e-02,
          1.3742767354491833e-02, 1.4557629221715664e-02,
          1.5286831921616565e-02, 3.1807354827554733e-03,
          -7.9018465683346681e-03, 3.7298859775544493e-03,
          2.0662122790927823e-03, 7.6731852788852768e-03,
          1.1811273246075990e-02, 6.7070300745427506e-03,
          5.1705821284467515e-03, 1.8114884346886715e-02,
          3.1807354827554741e-03, 9.7426568361146867e-02,
          2.8867083703584338e-02, 4.0950382825856299e-03,
          1.4602480765903579e-02, 6.2860376693275374e-03,
          3.6050486517048667e-03, 6.5158592796722764e-03,
          -3.0293359633512779e-02, 3.7808370786838422e-02,
          -7.9018465683346664e-03, 2.8867083703584328e-02,
          2.8168860637820126e-01, 1.1034138582438082e-03,
          5.7528853005646918e-02, 2.5401650806289696e-02,
          -4.8590981953095864e-02, 1.9165254000548049e-03,
          9.9859912062956902e-03, 1.4619340064286921e-02,
          3.7298859775544489e-03, 4.0950382825856299e-03,
          1.1034138582438080e-03, 1.5462174822328055e-02,
          2.6461157238657964e-03, 7.5616653425114285e-03,
          5.4818772570123190e-03, 4.1441993532687453e-03,
          -2.5306334156344206e-03, 2.4335327611130241e-02,
          2.0662122790927814e-03, 1.4602480765903579e-02,
          5.7528853005646911e-02, 2.6461157238657968e-03,
          3.8899850801008405e-02, 1.3331979280600448e-02,
          -9.5051402330562588e-03, 7.0301958622506801e-03,
          2.2326903609490977e-02, 4.4560670637008581e-02,
          7.6731852788852776e-03, 6.2860376693275348e-03,
          2.5401650806289696e-02, 7.5616653425114311e-03,
          1.3331979280600448e-02, 3.6635598325360924e-02,
          6.5791107469151599e-03, 1.0215854652209108e-02,
          3.6461435437460152e-02, 4.5526408322087840e-02,
          1.1811273246075990e-02, 3.6050486517048659e-03,
          -4.8590981953095864e-02, 5.4818772570123190e-03,
          -9.5051402330562605e-03, 6.5791107469151599e-03,
          6.7125151222328788e-02, 1.1464276169172302e-02,
          9.5949610348904021e-03, 2.9457423079223905e-02,
          6.7070300745427506e-03, 6.5158592796722781e-03,
          1.9165254000548064e-03, 4.1441993532687453e-03,
          7.0301958622506801e-03, 1.0215854652209106e-02,
          1.1464276169172305e-02, 1.6680243689820715e-02 ]
   - !!opencv-matrix
      rows: 10
      cols: 10
      dt: d
