%YAML:1.0
---
groups:
   - intact
   - CD19
   - blast
intactGmmnames:
   - "intact.Bln022.0"
   - "intact.Bln022.1"
   - "intact.Bln022.2"
   - "intact.Bln022.3"
   - "intact.Bln022.4"
intactLabels:
   - FSC-A
   - SSC-A
   - SY41
   - CD19
   - CD10
   - CD20
   - CD45
   - CD34
   - CD38
   - CD58
intactMu: !!opencv-matrix
   rows: 5
   cols: 10
   dt: d
   data: [ 1.4766770433947836e+00, 5.5682398560771418e-01,
       2.6066150101539125e+00, 6.0349006344862199e-01,
       7.9830650376632373e-01, 5.6824393780109961e-01,
       2.2120576059769688e+00, 7.1581551527776177e-01,
       2.1386659026710029e+00, 1.3151952965385580e+00,
       2.8505999957936279e+00, 3.7192039935604302e+00,
       2.5719126822848422e+00, 6.5311612124637164e-01,
       1.8037812676576932e+00, 6.5938291919395020e-01,
       1.7274825693410019e+00, 8.0150980880035916e-01,
       1.8983127004729916e+00, 1.7112875590797312e+00,
       1.2088880258638635e+00, 4.0740176755442015e-01,
       2.4868074033544447e+00, 5.8743732817169225e-01,
       7.6432941432089141e-01, 5.5962834984333876e-01,
       2.1147423179022335e+00, 6.6998156439429102e-01,
       1.5066982635244832e+00, 1.2198591884449057e+00,
       1.0302824620678550e+00, 2.6906455757337883e-01,
       2.5544320749846507e+00, 5.9494271167340729e-01,
       7.8141575583314637e-01, 5.6161269404558256e-01,
       2.0702774060596107e+00, 6.8409672241302444e-01,
       1.8887253609538428e+00, 8.8267148573126442e-01,
       2.1011108157500096e+00, 1.5653654585298631e+00,
       2.5919297587164118e+00, 7.6638838741072401e-01,
       1.1686738428274470e+00, 8.3707625351910941e-01,
       1.7805678549584969e+00, 8.9789842826226351e-01,
       1.9389542924503118e+00, 1.5977526760368082e+00 ]
intactSigma:
   - !!opencv-matrix
      rows: 10
      cols: 10
      dt: d
      data: [ 3.4085929337861898e-01, 5.1507912694160621e-02,
          4.7122790430467021e-02, 7.8986448713081283e-04,
          3.7789160208443768e-03, 4.7315473682508317e-03,
          4.2754917456054121e-02, 8.6572192805092210e-04,
          -4.5798797331789425e-02, 9.7702579945286132e-03,
          5.1507912694160628e-02, 4.1627549295806296e-02,
          9.9810707445254707e-03, -4.7493591522054470e-04,
          -1.7637628458768337e-03, -4.9511894742058603e-03,
          1.6725569996066038e-02, 1.3567066183665202e-03,
          5.6947435240215644e-02, 2.4328669289259777e-02,
          4.7122790430467021e-02, 9.9810707445254707e-03,
          3.7010949834882699e-02, 1.4027246387365204e-03,
          2.1179373143298068e-03, 3.6693796619688794e-03,
          1.5990254034375529e-02, 4.4308714550947165e-03,
          -8.3031153294619992e-03, -3.5701170151912045e-03,
          7.8986448713081337e-04, -4.7493591522054503e-04,
          1.4027246387365204e-03, 5.8934561641391641e-03,
          5.8092587962956614e-05, 3.7211179112034914e-04,
          7.3329508189687558e-04, -2.5611031040308294e-04,
          -3.9520225684997936e-03, -9.2340932548973286e-04,
          3.7789160208443777e-03, -1.7637628458768337e-03,
          2.1179373143298064e-03, 5.8092587962956573e-05,
          7.5539540957353423e-03, 1.1876923527768231e-03,
          1.1310739168396658e-03, -3.1552038950144440e-04,
          -1.7203539435349812e-02, -6.3434364283779512e-03,
          4.7315473682508309e-03, -4.9511894742058603e-03,
          3.6693796619688803e-03, 3.7211179112034930e-04,
          1.1876923527768233e-03, 1.9158069218489782e-02,
          4.1273465532840867e-04, 1.1806939493087005e-04,
          -4.3321239334824069e-02, -6.9428166904667568e-03,
          4.2754917456054121e-02, 1.6725569996066038e-02,
          1.5990254034375529e-02, 7.3329508189687537e-04,
          1.1310739168396658e-03, 4.1273465532840888e-04,
          4.3493297738653028e-02, 1.2763462736897755e-03,
          2.0224249362264517e-02, 1.0282055246109428e-02,
          8.6572192805092210e-04, 1.3567066183665204e-03,
          4.4308714550947165e-03, -2.5611031040308289e-04,
          -3.1552038950144440e-04, 1.1806939493086999e-04,
          1.2763462736897753e-03, 3.4112730845220476e-03,
          6.5024095776589569e-03, -6.9320621182113738e-04,
          -4.5798797331789425e-02, 5.6947435240215630e-02,
          -8.3031153294619992e-03, -3.9520225684997927e-03,
          -1.7203539435349809e-02, -4.3321239334824069e-02,
          2.0224249362264513e-02, 6.5024095776589569e-03,
          5.0054204946980196e-01, 3.5287102803856857e-02,
          9.7702579945286132e-03, 2.4328669289259777e-02,
          -3.5701170151912058e-03, -9.2340932548973253e-04,
          -6.3434364283779512e-03, -6.9428166904667568e-03,
          1.0282055246109428e-02, -6.9320621182113738e-04,
          3.5287102803856850e-02, 6.7731501273996700e-02 ]
   - !!opencv-matrix
      rows: 10
      cols: 10
      dt: d
      data: [ 2.6569087631810467e-01, 1.0328654982269141e-01,
          1.1343334619131284e-03, 2.8437531065996451e-04,
          -1.2489135695240662e-02, 5.2428928545078133e-03,
          4.2624792993665490e-04, 6.8019203797962634e-03,
          1.8766374342886905e-02, 5.7104542388694253e-03,
          1.0328654982269142e-01, 2.2457796994724127e-01,
          4.9383956203455240e-03, 3.1570635220645928e-03,
          2.1741840398159101e-02, 5.3766926942501320e-03,
          8.6326103064868990e-03, 7.4407877115257072e-03,
          3.0612717679851444e-02, 1.4218770176243690e-02,
          1.1343334619131290e-03, 4.9383956203455240e-03,
          1.8527077283501499e-02, 1.0989371591482557e-03,
          6.0701992181173793e-03, 2.4017563789834628e-03,
          4.9594331292827929e-03, 3.6814305269424852e-03,
          8.3774557343979789e-03, 8.4119483778236272e-03,
          2.8437531065996451e-04, 3.1570635220645915e-03,
          1.0989371591482557e-03, 1.0222526100657077e-02,
          1.0440387688335950e-02, 2.4403221762849041e-04,
          3.9185238192939150e-03, -3.6323048006676670e-04,
          2.4625391802142438e-03, 2.5055842137272437e-03,
          -1.2489135695240662e-02, 2.1741840398159101e-02,
          6.0701992181173784e-03, 1.0440387688335951e-02,
          1.4579409226951232e-01, 3.1393456982203951e-03,
          3.5735695385383084e-02, 2.2749190977788937e-03,
          8.0565100055231108e-03, 1.3659611738127757e-02,
          5.2428928545078133e-03, 5.3766926942501320e-03,
          2.4017563789834628e-03, 2.4403221762849057e-04,
          3.1393456982203947e-03, 6.7605822453187768e-03,
          2.0758426531705242e-03, 1.3661040937931008e-03,
          1.4916986144673469e-03, 2.4547075979032443e-03,
          4.2624792993665512e-04, 8.6326103064868990e-03,
          4.9594331292827920e-03, 3.9185238192939141e-03,
          3.5735695385383091e-02, 2.0758426531705242e-03,
          2.6473577921800127e-02, 2.4614269643752577e-03,
          4.2818345613414126e-03, 9.0227625133025759e-03,
          6.8019203797962634e-03, 7.4407877115257107e-03,
          3.6814305269424852e-03, -3.6323048006676648e-04,
          2.2749190977788929e-03, 1.3661040937931006e-03,
          2.4614269643752577e-03, 6.0151370762083212e-03,
          4.1065225116148317e-03, 3.9995502365132987e-03,
          1.8766374342886902e-02, 3.0612717679851444e-02,
          8.3774557343979789e-03, 2.4625391802142456e-03,
          8.0565100055231091e-03, 1.4916986144673464e-03,
          4.2818345613414126e-03, 4.1065225116148317e-03,
          5.3066310143459076e-02, 1.4337699158345625e-02,
          5.7104542388694279e-03, 1.4218770176243688e-02,
          8.4119483778236290e-03, 2.5055842137272424e-03,
          1.3659611738127754e-02, 2.4547075979032438e-03,
          9.0227625133025759e-03, 3.9995502365132987e-03,
          1.4337699158345625e-02, 2.5165150596550705e-02 ]
   - !!opencv-matrix
      rows: 10
      cols: 10
      dt: d
      data: [ 7.1618032069878518e-02, 5.4619322314179691e-03,
          4.6248028010334001e-03, -1.5386683876426194e-04,
          -9.3052707932129154e-05, 6.0733360040218819e-04,
          -2.0519356850302313e-03, -1.0274982039180647e-03,
          -4.3266925047999887e-02, 9.6477036670276975e-03,
          5.4619322314179699e-03, 1.6444813361819622e-02,
          7.1977303253756815e-03, -4.9228338314606910e-05,
          -6.5046475281752415e-04, -6.5549946865249326e-04,
          1.0002335588932161e-02, -1.1283380070665970e-04,
          2.6273606095239418e-03, 2.0826712481691299e-02,
          4.6248028010334001e-03, 7.1977303253756798e-03,
          2.9780299926718459e-02, 4.4721222181592397e-04,
          3.8516529773176923e-04, 3.9236862319554729e-04,
          1.6712732541589465e-02, 1.0789348006385023e-03,
          1.0896086320658094e-03, 1.6692602526820265e-02,
          -1.5386683876426183e-04, -4.9228338314606924e-05,
          4.4721222181592397e-04, 3.4853337463686463e-03,
          2.1984434803304934e-05, -2.0344717555295107e-04,
          2.7817321143272180e-04, -1.6337856587611579e-04,
          -3.8398201070345960e-04, -7.3506619062681323e-05,
          -9.3052707932129167e-05, -6.5046475281752415e-04,
          3.8516529773176928e-04, 2.1984434803304948e-05,
          2.3400594908507218e-03, 1.7950100017055502e-04,
          9.6561519326440737e-04, -9.9445464692957976e-05,
          -1.7312541476332587e-03, -3.8491500260762531e-03,
          6.0733360040218841e-04, -6.5549946865249326e-04,
          3.9236862319554718e-04, -2.0344717555295113e-04,
          1.7950100017055505e-04, 3.1304305787809013e-03,
          -8.8337551616181136e-04, 2.4625791213828507e-05,
          -1.2074885294646271e-02, -1.1999564107241386e-03,
          -2.0519356850302313e-03, 1.0002335588932163e-02,
          1.6712732541589465e-02, 2.7817321143272159e-04,
          9.6561519326440737e-04, -8.8337551616181180e-04,
          3.9211184323558683e-02, 4.7773403643840677e-04,
          2.2440843338915474e-02, 1.5237645906979586e-02,
          -1.0274982039180647e-03, -1.1283380070665976e-04,
          1.0789348006385023e-03, -1.6337856587611579e-04,
          -9.9445464692957949e-05, 2.4625791213828496e-05,
          4.7773403643840677e-04, 8.5075970559453384e-04,
          2.0485886955633808e-03, 6.8585225253140402e-04,
          -4.3266925047999887e-02, 2.6273606095239426e-03,
          1.0896086320658098e-03, -3.8398201070345987e-04,
          -1.7312541476332585e-03, -1.2074885294646271e-02,
          2.2440843338915467e-02, 2.0485886955633804e-03,
          3.0986612654182627e-01, 6.4490462124625180e-03,
          9.6477036670276975e-03, 2.0826712481691299e-02,
          1.6692602526820262e-02, -7.3506619062681377e-05,
          -3.8491500260762540e-03, -1.1999564107241386e-03,
          1.5237645906979586e-02, 6.8585225253140402e-04,
          6.4490462124625180e-03, 6.1625845986081750e-02 ]
   - !!opencv-matrix
      rows: 10
      cols: 10
      dt: d
      data: [ 3.3843752005152668e-02, 1.0044443922106463e-03,
          -7.0171191391764261e-03, -2.5580521701917835e-04,
          -5.8283949464423320e-05, -1.6050792943356886e-03,
          2.9037676026653458e-03, -2.1121342388551547e-03,
          -4.0509564227254680e-03, -2.6141580682335300e-04,
          1.0044443922106463e-03, 2.2873435041126998e-03,
          1.1249099874049821e-03, 1.9331605384308059e-04,
          2.4713349921606656e-04, 4.7907631931945027e-04,
          1.9375486739942414e-03, 3.2929277376719660e-04,
          -5.3193055596861792e-03, 1.2400068149112258e-03,
          -7.0171191391764261e-03, 1.1249099874049821e-03,
          1.0020643588613334e-02, 4.5891519815796254e-04,
          4.7111806637063178e-04, 1.8187541894921565e-03,
          1.0664843851330053e-03, 1.6201038260082094e-03,
          -9.6411965446795873e-03, 1.4891065067025829e-03,
          -2.5580521701917841e-04, 1.9331605384308048e-04,
          4.5891519815796227e-04, 4.4368602738688182e-03,
          1.3579398428490243e-05, -1.7074148648847041e-04,
          1.7452643238408333e-04, -2.0310014861352177e-04,
          -1.1634338319150160e-03, 1.9846278946764577e-04,
          -5.8283949464423286e-05, 2.4713349921606662e-04,
          4.7111806637063183e-04, 1.3579398428490211e-05,
          1.1284937998101406e-03, 1.7458508818752016e-04,
          5.4671012531694243e-04, 5.4052158570871240e-05,
          -1.5423279909876654e-03, -1.1511665847207903e-04,
          -1.6050792943356890e-03, 4.7907631931945027e-04,
          1.8187541894921567e-03, -1.7074148648847038e-04,
          1.7458508818752016e-04, 4.9648150800117039e-03,
          4.4187437218174813e-04, 3.6984056472290648e-04,
          -7.9126290353737517e-03, 5.6220533500428362e-04,
          2.9037676026653463e-03, 1.9375486739942414e-03,
          1.0664843851330051e-03, 1.7452643238408344e-04,
          5.4671012531694243e-04, 4.4187437218174802e-04,
          9.0886958282458269e-03, 9.2771063313901143e-05,
          -8.1174916150471756e-03, 4.3797001315260681e-04,
          -2.1121342388551543e-03, 3.2929277376719660e-04,
          1.6201038260082092e-03, -2.0310014861352186e-04,
          5.4052158570871227e-05, 3.6984056472290648e-04,
          9.2771063313901116e-05, 1.4330709881896918e-03,
          -8.6191109497872262e-04, 4.4737302321551646e-04,
          -4.0509564227254680e-03, -5.3193055596861792e-03,
          -9.6411965446795856e-03, -1.1634338319150167e-03,
          -1.5423279909876650e-03, -7.9126290353737517e-03,
          -8.1174916150471722e-03, -8.6191109497872251e-04,
          1.6001776016048633e-01, -5.8447852349471302e-03,
          -2.6141580682335322e-04, 1.2400068149112258e-03,
          1.4891065067025829e-03, 1.9846278946764582e-04,
          -1.1511665847207908e-04, 5.6220533500428340e-04,
          4.3797001315260681e-04, 4.4737302321551646e-04,
          -5.8447852349471302e-03, 3.3737228660019789e-03 ]
   - !!opencv-matrix
      rows: 10
      cols: 10
      dt: d
      data: [ 1.1271388087687257e+00, 9.4331181721523671e-01,
          1.0759024808120631e-01, 1.2627627903841021e-01,
          1.2985685256488641e-01, 1.5696020749975728e-01,
          3.4051743171984661e-01, 7.5526066531470523e-02,
          2.2083256697722317e-01, 3.3786934930791497e-02,
          9.4331181721523671e-01, 1.3922626710440813e+00,
          8.3927608338599330e-02, 9.8319189735582277e-02,
          2.0900955026228044e-01, 9.6537979361135909e-02,
          2.4577455703426734e-01, 4.8898561305258950e-02,
          2.6276959100295150e-01, 4.0249343860363850e-02,
          1.0759024808120629e-01, 8.3927608338599330e-02,
          1.1260652502406716e-01, 1.6087775504156427e-02,
          2.5916128480748670e-02, 1.4859446748724638e-02,
          6.9276417732375500e-02, 6.2849837211139273e-03,
          8.9332333416922149e-02, 5.2324686128241177e-02,
          1.2627627903841021e-01, 9.8319189735582277e-02,
          1.6087775504156427e-02, 1.7172546200130917e-01,
          4.5150534992748924e-02, 2.0081948261530375e-01,
          8.4975584768740509e-02, 6.3017109387249789e-02,
          6.2371337395097100e-02, 3.1120875539968271e-02,
          1.2985685256488641e-01, 2.0900955026228035e-01,
          2.5916128480748677e-02, 4.5150534992748931e-02,
          1.9749391746318590e-01, 3.7249244358898932e-02,
          8.6314641256773544e-02, 2.7629469927847445e-02,
          6.6075597385978860e-02, 2.7876205019835665e-02,
          1.5696020749975728e-01, 9.6537979361135909e-02,
          1.4859446748724638e-02, 2.0081948261530375e-01,
          3.7249244358898939e-02, 3.2450424825816232e-01,
          1.0686752299303386e-01, 1.1140625268887445e-01,
          6.2148935134018209e-02, 4.9618589969313696e-02,
          3.4051743171984661e-01, 2.4577455703426734e-01,
          6.9276417732375500e-02, 8.4975584768740509e-02,
          8.6314641256773544e-02, 1.0686752299303388e-01,
          3.7989365559333071e-01, 5.8013737155597551e-02,
          2.1430193879959672e-01, 5.2197540395160905e-02,
          7.5526066531470495e-02, 4.8898561305258950e-02,
          6.2849837211139299e-03, 6.3017109387249789e-02,
          2.7629469927847455e-02, 1.1140625268887445e-01,
          5.8013737155597551e-02, 1.0887540080892132e-01,
          5.8749869285727327e-02, 5.4595676570332860e-02,
          2.2083256697722317e-01, 2.6276959100295144e-01,
          8.9332333416922149e-02, 6.2371337395097093e-02,
          6.6075597385978860e-02, 6.2148935134018209e-02,
          2.1430193879959669e-01, 5.8749869285727327e-02,
          4.7390724220431224e-01, 1.7004526571814765e-01,
          3.3786934930791490e-02, 4.0249343860363850e-02,
          5.2324686128241177e-02, 3.1120875539968271e-02,
          2.7876205019835665e-02, 4.9618589969313696e-02,
          5.2197540395160905e-02, 5.4595676570332860e-02,
          1.7004526571814771e-01, 2.3851059847954831e-01 ]
intactC: !!opencv-matrix
   rows: 1
   cols: 5
   dt: d
   data: [ 8.7441855422429549e-02, 1.2563865436532093e-01,
       2.9706099729535201e-01, 2.8838088852902583e-01,
       2.9420137438352326e-02 ]
intactNumEvents: 284515.
intactMaxVals: !!opencv-matrix
   rows: 1
   cols: 10
   dt: d
   data: [ 4.5000000000000000e+00, 4.5000000000000000e+00,
       4.5000000000000000e+00, 4.5000000000000000e+00,
       4.5000000000000000e+00, 4.5000000000000000e+00,
       4.5000000000000000e+00, 4.5000000000000000e+00,
       4.5000000000000000e+00, 4.5000000000000000e+00 ]
CD19Gmmnames:
   - "CD19.Bln022.0"
   - "CD19.Bln022.1"
CD19Labels:
   - FSC-A
   - SSC-A
   - SY41
   - CD19
   - CD10
   - CD20
   - CD45
   - CD34
   - CD38
   - CD58
CD19Mu: !!opencv-matrix
   rows: 2
   cols: 10
   dt: d
   data: [ 1.4311698106602360e+00, 5.4426151441515613e-01,
       2.5946198000077549e+00, 2.4650653172596599e+00,
       9.0799924213604755e-01, 2.6366583387473139e+00,
       2.3359073053016104e+00, 7.3877246073007163e-01,
       1.8536187278235294e+00, 1.1191970173989556e+00,
       1.0148397013335833e+00, 3.5670984558504493e-01,
       2.4607456134506482e+00, 2.4141066798315203e+00,
       8.2507740285921050e-01, 2.5739278066069295e+00,
       2.2367638621094890e+00, 6.9621969062252076e-01,
       1.6948846526718129e+00, 8.6802861134310527e-01 ]
CD19Sigma:
   - !!opencv-matrix
      rows: 10
      cols: 10
      dt: d
      data: [ 4.0844095188590063e-01, 1.0269150443114279e-01,
          9.0137998935553021e-02, 1.5362584257356296e-02,
          7.5815174140110315e-03, 1.2795698357429823e-02,
          6.9295270485674049e-02, 1.3484545370261437e-02,
          9.0268689439858510e-02, 1.9217295704416371e-02,
          1.0269150443114279e-01, 4.4349990827513418e-02,
          3.0279153690780651e-02, 1.2960960428701396e-02,
          2.4408610220826607e-03, 1.2756150483709249e-02,
          2.3695561034705638e-02, 5.4722985659378777e-03,
          2.8774589074690653e-02, 1.4948165039507161e-02,
          9.0137998935553021e-02, 3.0279153690780651e-02,
          4.7714656935431671e-02, 1.4777210219809401e-02,
          1.9103812925377170e-03, 1.3294563472753755e-02,
          2.6260706527404191e-02, 5.3698688842119674e-03,
          3.1461094105887065e-02, 5.7151413894281069e-03,
          1.5362584257356296e-02, 1.2960960428701396e-02,
          1.4777210219809401e-02, 5.4834146275469800e-02,
          3.7301070456019565e-03, 3.6247227546953940e-02,
          1.6617334896777837e-02, 3.6850039658594112e-03,
          1.3554087160715218e-02, -2.4686714206342613e-03,
          7.5815174140110341e-03, 2.4408610220826607e-03,
          1.9103812925377163e-03, 3.7301070456019565e-03,
          4.4109036177222435e-02, 3.2722800529138719e-03,
          3.8895595054427457e-03, 1.5058703704035436e-03,
          1.7924939345111152e-02, -8.1974261141100121e-03,
          1.2795698357429823e-02, 1.2756150483709249e-02,
          1.3294563472753750e-02, 3.6247227546953940e-02,
          3.2722800529138706e-03, 7.6172345764526139e-02,
          2.4999651767153810e-02, 5.0647479892522154e-03,
          1.1347357945464716e-02, -5.9017313963309857e-03,
          6.9295270485674049e-02, 2.3695561034705638e-02,
          2.6260706527404191e-02, 1.6617334896777837e-02,
          3.8895595054427457e-03, 2.4999651767153810e-02,
          4.0167102347260238e-02, 3.9222347257681324e-03,
          2.6540675246991569e-02, 2.6494429999703601e-03,
          1.3484545370261435e-02, 5.4722985659378769e-03,
          5.3698688842119674e-03, 3.6850039658594103e-03,
          1.5058703704035436e-03, 5.0647479892522145e-03,
          3.9222347257681324e-03, 1.0379180172710329e-02,
          1.0134548603210532e-02, 3.0957810360980419e-04,
          9.0268689439858510e-02, 2.8774589074690660e-02,
          3.1461094105887065e-02, 1.3554087160715220e-02,
          1.7924939345111152e-02, 1.1347357945464716e-02,
          2.6540675246991569e-02, 1.0134548603210532e-02,
          1.5938045836540507e-01, -1.8722934538089051e-03,
          1.9217295704416368e-02, 1.4948165039507161e-02,
          5.7151413894281061e-03, -2.4686714206342605e-03,
          -8.1974261141100121e-03, -5.9017313963309857e-03,
          2.6494429999703601e-03, 3.0957810360980430e-04,
          -1.8722934538089051e-03, 4.5386199780557017e-02 ]
   - !!opencv-matrix
      rows: 10
      cols: 10
      dt: d
      data: [ 1.1125543594756622e-02, 5.3239454127004392e-04,
          1.1053169051615499e-03, 1.2878140710422827e-04,
          3.0096662552435075e-04, -1.1839001205702561e-04,
          1.9044378497134473e-03, 4.9725162677576361e-05,
          -5.9753779199462275e-04, 9.7199397099574799e-04,
          5.3239454127004392e-04, 4.2744519738919916e-03,
          3.0679318311015546e-03, 4.3878587799635639e-03,
          6.2066212119920282e-04, 4.8392438271199984e-03,
          3.5237648619424623e-03, 5.1273318552879418e-04,
          2.7867850271083429e-03, 1.6431479354538990e-03,
          1.1053169051615495e-03, 3.0679318311015533e-03,
          2.5224211295867355e-02, 1.2372733415194103e-02,
          1.4696554555321888e-03, 1.1583907057402585e-02,
          1.0721696853211194e-02, 1.2495700512234376e-03,
          1.1165739633349511e-02, 1.7419598389732138e-03,
          1.2878140710422827e-04, 4.3878587799635639e-03,
          1.2372733415194103e-02, 3.4035823264718795e-02,
          2.3133646658948931e-03, 1.6667251036967971e-02,
          1.1442569265104070e-02, 2.3692292804197972e-03,
          1.4377285188649131e-02, 1.5432163721516921e-03,
          3.0096662552435075e-04, 6.2066212119920260e-04,
          1.4696554555321888e-03, 2.3133646658948931e-03,
          3.2156352562280597e-03, 1.8700703077056801e-03,
          2.1616480051052638e-03, 8.2470786337455681e-05,
          2.9474923756538994e-03, -3.1659268260339286e-05,
          -1.1839001205702557e-04, 4.8392438271199984e-03,
          1.1583907057402589e-02, 1.6667251036967971e-02,
          1.8700703077056801e-03, 3.7578659933804284e-02,
          1.1026359831493122e-02, 2.2222584271865131e-03,
          1.2900798861437171e-02, 6.2063674470718973e-04,
          1.9044378497134480e-03, 3.5237648619424623e-03,
          1.0721696853211194e-02, 1.1442569265104069e-02,
          2.1616480051052634e-03, 1.1026359831493122e-02,
          1.9355281915859644e-02, 1.0853217515106421e-03,
          1.3958590007391572e-02, 5.7022357029349604e-04,
          4.9725162677576382e-05, 5.1273318552879418e-04,
          1.2495700512234376e-03, 2.3692292804197972e-03,
          8.2470786337455654e-05, 2.2222584271865131e-03,
          1.0853217515106421e-03, 1.4573137482247873e-03,
          1.5445287498247566e-03, 2.0817871289308999e-04,
          -5.9753779199462275e-04, 2.7867850271083433e-03,
          1.1165739633349511e-02, 1.4377285188649131e-02,
          2.9474923756538994e-03, 1.2900798861437168e-02,
          1.3958590007391572e-02, 1.5445287498247564e-03,
          8.9878826730341504e-02, -1.5388304323738829e-03,
          9.7199397099574799e-04, 1.6431479354538990e-03,
          1.7419598389732142e-03, 1.5432163721516921e-03,
          -3.1659268260339279e-05, 6.2063674470719005e-04,
          5.7022357029349626e-04, 2.0817871289308991e-04,
          -1.5388304323738829e-03, 3.4452655966930087e-03 ]
CD19C: !!opencv-matrix
   rows: 1
   cols: 2
   dt: d
   data: [ 3.4212454378997850e-02, 1.3762385153327636e-01 ]
CD19NumEvents: 59050.
CD19MaxVals: !!opencv-matrix
   rows: 1
   cols: 10
   dt: d
   data: [ 4.5000000000000000e+00, 4.5000000000000000e+00,
       4.5000000000000000e+00, 4.5000000000000000e+00,
       4.5000000000000000e+00, 4.5000000000000000e+00,
       4.5000000000000000e+00, 4.5000000000000000e+00,
       4.5000000000000000e+00, 4.5000000000000000e+00 ]
blastGmmnames:
   - "blast.Bln022.0"
blastLabels:
   - FSC-A
   - SSC-A
   - SY41
   - CD19
   - CD10
   - CD20
   - CD45
   - CD34
   - CD38
   - CD58
blastMu: !!opencv-matrix
   rows: 1
   cols: 10
   dt: d
   data: [ 1.4825778760408099e+00, 4.1807151468176590e-01,
       2.4796259042463804e+00, 2.4107090752375750e+00,
       3.0955423085313094e+00, 2.1199409797003392e+00,
       1.0877561890765239e+00, 7.4726259002560058e-01,
       2.8056459050429492e+00, 1.3347448926222951e+00 ]
blastSigma:
   - !!opencv-matrix
      rows: 10
      cols: 10
      dt: d
      data: [ 4.6407102885598017e-02, 5.2784963064591269e-03,
          3.3221125946690899e-03, 6.5744588441349833e-03,
          8.1372568309799158e-03, -5.9196296865566128e-03,
          -1.0258122712602019e-03, 1.7990074370230493e-03,
          -5.0677277384159353e-03, 5.3540986303292539e-03,
          5.2784963064591269e-03, 6.6861077751899090e-03,
          1.2306531625854782e-03, 6.0352816863200043e-03,
          4.3185363929431541e-03, 5.1656211745304470e-03,
          2.4720049599162349e-03, -2.2369741770098653e-04,
          6.9006672692370572e-03, 4.3550015274941125e-03,
          3.3221125946690899e-03, 1.2306531625854782e-03,
          2.5961614440187637e-02, 1.1540578895506051e-02,
          1.6391996919905692e-02, 1.7844028206552197e-02,
          2.6755551754681917e-03, 1.8535514786424151e-03,
          1.0557910669758684e-02, 1.0834471118431853e-02,
          6.5744588441349833e-03, 6.0352816863200043e-03,
          1.1540578895506051e-02, 4.3150992937027920e-02,
          8.8367703145286278e-03, 3.8998502482736015e-02,
          1.0579333881043896e-02, 4.8202966498780099e-03,
          1.8236148986140756e-02, 6.2279088952351125e-03,
          8.1372568309799158e-03, 4.3185363929431541e-03,
          1.6391996919905692e-02, 8.8367703145286278e-03,
          3.7924110924086103e-02, 1.4260379469040452e-03,
          5.5887102533689632e-03, -5.2045709531523187e-03,
          6.4139139208385281e-03, -9.6881196288882746e-04,
          -5.9196296865566128e-03, 5.1656211745304470e-03,
          1.7844028206552197e-02, 3.8998502482736015e-02,
          1.4260379469040452e-03, 1.0580931012658745e-01,
          1.2165092566621478e-02, 6.8545195382108603e-03,
          3.8309900440078211e-02, -1.6288063761451404e-03,
          -1.0258122712602019e-03, 2.4720049599162349e-03,
          2.6755551754681917e-03, 1.0579333881043896e-02,
          5.5887102533689632e-03, 1.2165092566621478e-02,
          3.0575871433799952e-02, -1.7079147260178906e-03,
          -2.7106885734087894e-03, -1.7117572714571083e-03,
          1.7990074370230493e-03, -2.2369741770098653e-04,
          1.8535514786424151e-03, 4.8202966498780099e-03,
          -5.2045709531523187e-03, 6.8545195382108603e-03,
          -1.7079147260178906e-03, 2.3711378428366646e-02,
          1.1509688060838751e-02, -3.1224655092922547e-03,
          -5.0677277384159353e-03, 6.9006672692370572e-03,
          1.0557910669758684e-02, 1.8236148986140756e-02,
          6.4139139208385281e-03, 3.8309900440078211e-02,
          -2.7106885734087894e-03, 1.1509688060838751e-02,
          7.4890383675614583e-02, -3.9998240548778053e-03,
          5.3540986303292539e-03, 4.3550015274941125e-03,
          1.0834471118431853e-02, 6.2279088952351125e-03,
          -9.6881196288882746e-04, -1.6288063761451404e-03,
          -1.7117572714571083e-03, -3.1224655092922547e-03,
          -3.9998240548778053e-03, 3.9789328463005827e-02 ]
blastC: !!opencv-matrix
   rows: 1
   cols: 1
   dt: d
   data: [ 2.2116103724526546e-04 ]
blastNumEvents: 76.
blastMaxVals: !!opencv-matrix
   rows: 1
   cols: 10
   dt: d
   data: [ 4.5000000000000000e+00, 4.5000000000000000e+00,
       4.5000000000000000e+00, 4.5000000000000000e+00,
       4.5000000000000000e+00, 4.5000000000000000e+00,
       4.5000000000000000e+00, 4.5000000000000000e+00,
       4.5000000000000000e+00, 4.5000000000000000e+00 ]
