%YAML:1.0
---
groups:
   - intact
   - CD19
   - blast
intactGmmnames:
   - "intact.Bue077.0"
   - "intact.Bue077.1"
   - "intact.Bue077.2"
   - "intact.Bue077.3"
   - "intact.Bue077.4"
intactLabels:
   - FSC-A
   - SSC-A
   - SY41
   - CD19
   - CD10
   - CD20
   - CD45
   - CD34
   - CD38
   - CD58
intactMu: !!opencv-matrix
   rows: 5
   cols: 10
   dt: d
   data: [ 8.4221337001552088e-01, 3.1835503301720008e-01,
       2.7927791836560631e+00, 8.7272098273398113e-01,
       7.6297356303933384e-01, 1.0125086755976189e+00,
       1.5307353697748212e+00, 1.4813458112095148e+00,
       1.2065607431674352e+00, 2.7401681483412075e+00,
       2.0508921062136136e+00, 2.2120472247347385e+00,
       2.8808806662772524e+00, 1.1004785108142348e+00,
       1.1198493526799691e+00, 1.3199574877040658e+00,
       2.9953572149908849e+00, 1.7739834244404813e+00,
       2.9304191509599811e+00, 2.8563914120088487e+00,
       1.3652511722178160e+00, 7.1728086465682417e-01,
       2.7053698333937448e+00, 9.9627573485710097e-01,
       8.6858262496745875e-01, 1.1770720259529754e+00,
       2.0081650534195563e+00, 1.6537237236711593e+00,
       1.8327822509681451e+00, 2.4680641481092782e+00,
       1.7987395755803144e+00, 6.2243370281178256e-01,
       2.6350441227050978e+00, 1.0095323679310948e+00,
       8.6946527498082238e-01, 1.1094821099096535e+00,
       3.5920142342656280e+00, 1.2101476349964209e+00,
       3.3062212427795408e+00, 2.6421203362550552e+00,
       1.1176069617998756e+00, 2.7188360445143139e-01,
       2.6468219631905390e+00, 9.0600065440972566e-01,
       8.0304436335448393e-01, 1.0801719804296592e+00,
       3.5272785484523275e+00, 1.2500296522878174e+00,
       2.2651336836565883e+00, 1.8134734306419023e+00 ]
intactSigma:
   - !!opencv-matrix
      rows: 10
      cols: 10
      dt: d
      data: [ 8.2282248446062925e-02, 2.4771480918842091e-02,
          3.1200712201940685e-02, 2.8224927585313473e-03,
          6.8325730835312746e-03, 8.0176357736120221e-03,
          4.1094922576053079e-02, 1.5464851681409788e-02,
          2.0880148458364337e-02, 4.2936807370445383e-02,
          2.4771480918842091e-02, 1.5117916810431082e-02,
          1.1098694353850483e-02, 8.4056877879554962e-04,
          3.9852883117936794e-03, 4.1764633947481014e-03,
          2.0181724574259631e-02, 1.2987052505893232e-02,
          1.1657478119798942e-02, 2.1446948977362195e-02,
          3.1200712201940685e-02, 1.1098694353850483e-02,
          2.2543476133099240e-02, 6.7532490315447800e-04,
          2.6010420829040955e-03, 3.7199637358054480e-03,
          1.5182538475945953e-02, 9.9026168578466127e-03,
          7.8318500226044509e-03, 1.9164476754496486e-02,
          2.8224927585313482e-03, 8.4056877879554962e-04,
          6.7532490315447746e-04, 5.5360241890870389e-02,
          5.9944068305961377e-04, -1.2858240648461153e-03,
          1.6890259559555782e-03, -1.6111982959637863e-02,
          2.4797216387347277e-03, 1.7419685166655413e-03,
          6.8325730835312780e-03, 3.9852883117936786e-03,
          2.6010420829040955e-03, 5.9944068305961323e-04,
          4.5015854677110716e-02, 1.1389429796884233e-03,
          7.2237517074999957e-03, -1.1187840315763143e-03,
          3.8059073257342931e-03, 4.0812563875361717e-03,
          8.0176357736120221e-03, 4.1764633947481014e-03,
          3.7199637358054480e-03, -1.2858240648461166e-03,
          1.1389429796884220e-03, 5.2860556963483678e-02,
          7.2428123308950747e-03, 6.5755655318229861e-03,
          7.9552980547814242e-04, 6.3242647961022766e-03,
          4.1094922576053072e-02, 2.0181724574259631e-02,
          1.5182538475945953e-02, 1.6890259559555777e-03,
          7.2237517074999966e-03, 7.2428123308950747e-03,
          8.8347609185425599e-02, 1.8831739311409353e-02,
          1.7581526748884749e-02, 3.0633634526776473e-02,
          1.5464851681409788e-02, 1.2987052505893229e-02,
          9.9026168578466110e-03, -1.6111982959637859e-02,
          -1.1187840315763135e-03, 6.5755655318229869e-03,
          1.8831739311409353e-02, 8.9674648180121427e-02,
          1.8736925632121003e-02, 1.8064794188426794e-02,
          2.0880148458364337e-02, 1.1657478119798942e-02,
          7.8318500226044509e-03, 2.4797216387347277e-03,
          3.8059073257342923e-03, 7.9552980547814220e-04,
          1.7581526748884749e-02, 1.8736925632120999e-02,
          4.4242024872800843e-02, 1.7651192693632450e-02,
          4.2936807370445383e-02, 2.1446948977362195e-02,
          1.9164476754496486e-02, 1.7419685166655413e-03,
          4.0812563875361717e-03, 6.3242647961022766e-03,
          3.0633634526776473e-02, 1.8064794188426794e-02,
          1.7651192693632450e-02, 4.3105240441161131e-02 ]
   - !!opencv-matrix
      rows: 10
      cols: 10
      dt: d
      data: [ 1.4615054956375401e-01, 1.6365383061405434e-01,
          3.2778473351871514e-02, 9.7418790986455537e-03,
          1.8146950771124406e-02, 1.3822921138655974e-02,
          1.7693965977882538e-02, 1.5339647705419211e-02,
          3.3404618396187913e-02, 2.1265093165425433e-02,
          1.6365383061405434e-01, 3.4041439853267302e-01,
          4.2694197932895521e-02, 1.2477122499035513e-02,
          3.3394138696444184e-02, 6.2723039335493376e-03,
          3.1442800885809280e-02, 3.9827922937799741e-03,
          5.3634173168873978e-02, 3.0084551162643209e-02,
          3.2778473351871514e-02, 4.2694197932895521e-02,
          1.9907204095295016e-02, -6.5989400880046263e-03,
          -7.5513644412664649e-03, -8.6832188181253534e-03,
          -6.2658747848054839e-03, -1.0492228908493205e-02,
          2.5048052022760201e-02, 5.9411460355000070e-03,
          9.7418790986455485e-03, 1.2477122499035513e-02,
          -6.5989400880046263e-03, 1.5303706088236968e-01,
          5.0051895727574493e-02, 4.0356698081548743e-02,
          2.4078630814351586e-02, 2.4971883952362699e-02,
          -7.2084402532627415e-03, 5.9402335629266754e-03,
          1.8146950771124406e-02, 3.3394138696444184e-02,
          -7.5513644412664605e-03, 5.0051895727574486e-02,
          1.2554253809080096e-01, 4.1636809848518995e-02,
          3.2571890336076326e-02, 4.0883445927564759e-02,
          -1.1038561220033008e-02, 5.9944302563934501e-03,
          1.3822921138655969e-02, 6.2723039335493393e-03,
          -8.6832188181253534e-03, 4.0356698081548757e-02,
          4.1636809848518995e-02, 1.6779453673340369e-01,
          2.2853878044636865e-02, 6.4571359908054321e-02,
          -2.5253770697750241e-02, 3.9206175863474701e-03,
          1.7693965977882538e-02, 3.1442800885809280e-02,
          -6.2658747848054813e-03, 2.4078630814351583e-02,
          3.2571890336076326e-02, 2.2853878044636865e-02,
          3.2240552668103134e-02, 2.6320062942776015e-02,
          -1.4190074235930182e-02, 5.7208190159328933e-03,
          1.5339647705419211e-02, 3.9827922937799741e-03,
          -1.0492228908493205e-02, 2.4971883952362703e-02,
          4.0883445927564759e-02, 6.4571359908054321e-02,
          2.6320062942776019e-02, 1.3198333767564099e-01,
          -3.5278002328275507e-02, 3.2535491528242386e-03,
          3.3404618396187913e-02, 5.3634173168873964e-02,
          2.5048052022760201e-02, -7.2084402532627441e-03,
          -1.1038561220033010e-02, -2.5253770697750234e-02,
          -1.4190074235930179e-02, -3.5278002328275500e-02,
          8.6932339058819336e-02, 1.3129793983765103e-02,
          2.1265093165425433e-02, 3.0084551162643209e-02,
          5.9411460355000070e-03, 5.9402335629266754e-03,
          5.9944302563934493e-03, 3.9206175863474701e-03,
          5.7208190159328933e-03, 3.2535491528242386e-03,
          1.3129793983765101e-02, 1.0190028308561271e-02 ]
   - !!opencv-matrix
      rows: 10
      cols: 10
      dt: d
