%YAML:1.0
---
groups:
   - intact
   - CD19
   - blast
intactGmmnames:
   - "intact.Bue071.0"
   - "intact.Bue071.1"
   - "intact.Bue071.2"
   - "intact.Bue071.3"
   - "intact.Bue071.4"
intactLabels:
   - FSC-A
   - SSC-A
   - SY41
   - CD19
   - CD10
   - CD20
   - CD45
   - CD34
   - CD38
   - CD58
intactMu: !!opencv-matrix
   rows: 5
   cols: 10
   dt: d
   data: [ 2.4803486771859755e+00, 2.0501255536502061e+00,
       2.5808531121657206e+00, 1.1953480978790065e+00,
       1.8325485611456116e+00, 1.4857237983057832e+00,
       2.6550178679773064e+00, 1.8754646726145450e+00,
       2.0479344318618167e+00, 2.5733473581103432e+00,
       1.9704909835607389e+00, 5.5503687712105232e-01,
       2.8511932152049559e+00, 1.1320264554384116e+00,
       8.4300888900259940e-01, 1.0303829358198340e+00,
       2.4957910675623349e+00, 1.3807365417910773e+00,
       2.6662266411418480e+00, 2.2608858291817611e+00,
       1.4011466793774023e+00, 3.0962105661274969e-01,
       2.7748553213729057e+00, 1.1115942207207610e+00,
       8.1495998789143598e-01, 9.6661399897266831e-01,
       1.5840404512143860e+00, 1.3141907018294692e+00,
       1.4810517961654808e+00, 2.6581201243552695e+00,
       1.4201439323592335e+00, 2.6112985385119891e-01,
       2.5966482571417098e+00, 1.1129118320965947e+00,
       8.0409003951066471e-01, 9.5725099693905502e-01,
       3.1006449448561910e+00, 1.1630407784076080e+00,
       2.5806184761765185e+00, 1.3013051986108519e+00,
       2.3726998602487726e+00, 1.3429766158788741e+00,
       2.8455677048848300e+00, 1.2233024572341447e+00,
       1.2105890669532364e+00, 1.3673853612835505e+00,
       2.3354300308818505e+00, 2.0561852445464588e+00,
       2.7722549353782697e+00, 2.4093492291461391e+00 ]
intactSigma:
   - !!opencv-matrix
      rows: 10
      cols: 10
      dt: d
      data: [ 9.5096810157657669e-02, 1.3020308678138590e-01,
          7.9701659215463717e-03, 7.9341529631778967e-03,
          6.0297313785025574e-03, 4.6087132874818949e-02,
          1.5869887186406664e-02, 4.2430716751577495e-02,
          2.7337248744396945e-02, 1.9694285258158882e-02,
          1.3020308678138590e-01, 3.1130395417381668e-01,
          4.3032343898949952e-03, 1.3482391637577680e-02,
          9.1456167576862007e-02, 6.6573199606234312e-02,
          5.7686161574329806e-02, 6.1401698544217731e-02,
          4.1153666168054243e-02, 3.2783319518380205e-02,
          7.9701659215463700e-03, 4.3032343898949934e-03,
          6.5346359163882088e-03, -1.1888201215890980e-04,
          -6.3488467524195199e-03, 2.3287583607515838e-03,
          -1.0783167723029629e-03, 2.3630257984051171e-03,
          2.7300365162351275e-03, 1.3511312746983578e-03,
          7.9341529631778932e-03, 1.3482391637577683e-02,
          -1.1888201215890980e-04, 3.1852984765593333e-02,
          5.6068833823624195e-03, 6.2736200898388063e-03,
          3.4961642495652322e-03, -2.4053260755369796e-03,
          2.8184538922534788e-03, 2.7402239214516419e-03,
          6.0297313785025583e-03, 9.1456167576861980e-02,
          -6.3488467524195199e-03, 5.6068833823624178e-03,
          1.6565004915162812e-01, 1.1652022246523740e-02,
          5.2793225582033802e-02, 9.8275972623436247e-03,
          -4.2155333264103168e-03, 5.4407481620449049e-03,
          4.6087132874818949e-02, 6.6573199606234312e-02,
          2.3287583607515838e-03, 6.2736200898388097e-03,
          1.1652022246523740e-02, 1.0863842127456562e-01,
          1.3035168539383322e-02, 4.0278993851569390e-02,
          8.7755016172184220e-03, 1.3746994403565712e-02,
          1.5869887186406664e-02, 5.7686161574329792e-02,
          -1.0783167723029629e-03, 3.4961642495652322e-03,
          5.2793225582033802e-02, 1.3035168539383322e-02,
          3.7159018114857778e-02, 1.1858222417473210e-02,
          8.1991405432891250e-04, 5.7376955463044827e-03,
          4.2430716751577495e-02, 6.1401698544217731e-02,
          2.3630257984051171e-03, -2.4053260755369805e-03,
          9.8275972623436247e-03, 4.0278993851569390e-02,
          1.1858222417473210e-02, 7.8771471833042145e-02,
          1.0686372045191279e-02, 1.2228329959996571e-02,
          2.7337248744396945e-02, 4.1153666168054243e-02,
          2.7300365162351284e-03, 2.8184538922534784e-03,
          -4.2155333264103151e-03, 8.7755016172184220e-03,
          8.1991405432891272e-04, 1.0686372045191279e-02,
          4.6054791745058034e-02, 8.0365382797567761e-03,
          1.9694285258158882e-02, 3.2783319518380205e-02,
          1.3511312746983582e-03, 2.7402239214516419e-03,
          5.4407481620449049e-03, 1.3746994403565712e-02,
          5.7376955463044818e-03, 1.2228329959996571e-02,
          8.0365382797567761e-03, 1.4742095316205515e-02 ]
   - !!opencv-matrix
      rows: 10
      cols: 10
      dt: d
      data: [ 2.8867793939681663e-01, 8.5882769356846037e-02,
          5.8990429543026267e-02, -2.6951719382160848e-03,
          4.4182319640212230e-03, 1.2475303635722053e-02,
          6.8264055774960905e-02, 3.4919651351969831e-02,
          1.5536606435075528e-01, 1.2843861982607691e-01,
          8.5882769356846037e-02, 5.4130632825125299e-02,
          1.7642855379401013e-02, -5.9575977163651549e-04,
          3.8579559882712978e-03, 6.1339743854696158e-03,
          1.6770851357065283e-02, 1.5901397563468627e-02,
          5.5412343351475657e-02, 7.0986067324777774e-02,
          5.8990429543026267e-02, 1.7642855379401013e-02,
          5.2047340871285430e-02, -1.3331200839557472e-03,
          1.0641052317063846e-03, 7.0316415918421221e-03,
          -3.6628707122916673e-02, 3.3131800634959033e-02,
          -2.0751593558539803e-02, 4.8619871139713326e-02,
          -2.6951719382160848e-03, -5.9575977163651593e-04,
          -1.3331200839557477e-03, 1.2687581757264733e-02,
          -6.0711267834723999e-05, -1.2576388234871809e-03,
          3.5387725288662333e-03, -7.9311915660894260e-03,
          2.6741068088770373e-03, -1.2583290351955237e-03,
          4.4182319640212239e-03, 3.8579559882712987e-03,
          1.0641052317063842e-03, -6.0711267834723714e-05,
          2.5888203881901200e-02, 3.3016810532834986e-03,
          -1.1871315953844513e-04, 2.6384831080302202e-03,
          9.4464012005090290e-05, 2.1259372151412491e-03,
          1.2475303635722053e-02, 6.1339743854696158e-03,
          7.0316415918421221e-03, -1.2576388234871803e-03,
          3.3016810532834986e-03, 1.5484767670593580e-01,
          -8.0931196189879071e-03, 1.7861623579714565e-02,
          -1.5207226990251858e-04, 1.2418573679964781e-02,
          6.8264055774960905e-02, 1.6770851357065290e-02,
          -3.6628707122916666e-02, 3.5387725288662328e-03,
          -1.1871315953844493e-04, -8.0931196189879071e-03,
          3.7746651169947304e-01, -8.3491544145226609e-02,
          2.6159013013344523e-01, -1.0421831839015449e-03,
          3.4919651351969831e-02, 1.5901397563468627e-02,
          3.3131800634959033e-02, -7.9311915660894260e-03,
          2.6384831080302202e-03, 1.7861623579714565e-02,
          -8.3491544145226609e-02, 1.2343506987146084e-01,
          -6.7062322920601256e-02, 5.9793111579980567e-02,
          1.5536606435075528e-01, 5.5412343351475657e-02,
          -2.0751593558539803e-02, 2.6741068088770364e-03,
          9.4464012005090629e-05, -1.5207226990251730e-04,
          2.6159013013344523e-01, -6.7062322920601256e-02,
          6.3456817010638822e-01, 3.1792735688217235e-03,
          1.2843861982607691e-01, 7.0986067324777774e-02,
          4.8619871139713326e-02, -1.2583290351955235e-03,
          2.1259372151412499e-03, 1.2418573679964785e-02,
          -1.0421831839015447e-03, 5.9793111579980567e-02,
          3.1792735688217222e-03, 2.7415719777845377e-01 ]
   - !!opencv-matrix
      rows: 10
      cols: 10
      dt: d
