%YAML:1.0
---
groups:
   - intact
   - CD19
   - blast
intactGmmnames:
   - "intact.Bue022.0"
   - "intact.Bue022.1"
   - "intact.Bue022.2"
   - "intact.Bue022.3"
   - "intact.Bue022.4"
intactLabels:
   - FSC-A
   - SSC-A
   - SY41
   - CD19
   - CD10
   - CD20
   - CD45
   - CD34
   - CD38
   - CD58
intactMu: !!opencv-matrix
   rows: 5
   cols: 10
   dt: d
   data: [ 1.7472713517159444e+00, 4.2721886755016797e-01,
       2.4561198959020576e+00, 1.1401435505299171e+00,
       9.9614520593359612e-01, 1.0661863424125111e+00,
       3.5096449576035416e+00, 1.0719600451502116e+00,
       2.3133261971706043e+00, 2.1889207774989470e+00,
       9.8206285535922899e-01, 2.7749742211937917e-01,
       2.6156638090161248e+00, 1.1274801221504522e+00,
       9.5329722973119679e-01, 1.0355390259524797e+00,
       1.4674837188253211e+00, 1.2552147013422206e+00,
       1.2182344189429621e+00, 2.6768724267331607e+00,
       1.4863397139197296e+00, 4.2326900693714403e-01,
       2.8584913587066745e+00, 1.1392987877990259e+00,
       9.8471005992357352e-01, 1.0516837728456379e+00,
       1.6523555457003518e+00, 1.3242590516165094e+00,
       1.2694414825531133e+00, 2.5310800856657840e+00,
       1.5104229978799197e+00, 2.8061492280220790e-01,
       2.5760535384410779e+00, 1.1390583305523132e+00,
       9.7988943204566137e-01, 1.0503956333136699e+00,
       3.2814319337632822e+00, 1.1094148118671221e+00,
       1.3977483307338556e+00, 1.5163521911689144e+00,
       2.1620793745319249e+00, 1.6414434130885049e+00,
       2.7468121478275047e+00, 1.2437861617411037e+00,
       1.6009839940385042e+00, 1.2508298828553812e+00,
       2.9081362712689285e+00, 1.6900152417782772e+00,
       1.8868516665886597e+00, 2.5115120282401393e+00 ]
intactSigma:
   - !!opencv-matrix
      rows: 10
      cols: 10
      dt: d
      data: [ 3.7315898718336370e-02, 8.2615900191269527e-03,
          4.3453721757366996e-03, 2.9343781511660406e-05,
          1.5206169551795783e-03, -3.6701154781713465e-03,
          1.1847047207970760e-02, -1.4932157798168417e-03,
          2.0779671862055725e-02, 1.4204935576683564e-02,
          8.2615900191269527e-03, 9.6164739137838563e-03,
          4.0203243932963357e-04, 2.7216450741176574e-04,
          1.1325446845734956e-03, -1.7641344509264692e-03,
          5.5752126550324471e-03, 2.4948169178574905e-03,
          5.6889345365733314e-03, 1.1566989390847437e-02,
          4.3453721757366996e-03, 4.0203243932963357e-04,
          1.1625491338592048e-02, -1.5134914670914744e-04,
          -2.1935364472208384e-04, 3.4754563337866125e-04,
          -2.7202199566455244e-03, 2.7498248705072880e-04,
          -7.3170513549782176e-03, -3.1067415605152249e-04,
          2.9343781511660463e-05, 2.7216450741176569e-04,
          -1.5134914670914749e-04, 7.0512993384472377e-03,
          1.5696330564403811e-04, -7.4666283372142213e-04,
          -5.5297233498296405e-05, -9.0075316085130603e-03,
          2.2109105699109565e-03, 3.4609297660115118e-04,
          1.5206169551795783e-03, 1.1325446845734956e-03,
          -2.1935364472208389e-04, 1.5696330564403805e-04,
          2.0282164473745073e-02, 2.1218865611249185e-04,
          1.4164840431664233e-03, -5.2068525890684942e-03,
          -1.8901515154272422e-03, 4.1132643931341556e-04,
          -3.6701154781713465e-03, -1.7641344509264692e-03,
          3.4754563337866142e-04, -7.4666283372142191e-04,
          2.1218865611249212e-04, 5.1555461968411764e-02,
          -1.1458848126973120e-03, -2.2533573010909609e-03,
          -3.3583505801154601e-02, -3.5638033996148563e-03,
          1.1847047207970760e-02, 5.5752126550324471e-03,
          -2.7202199566455244e-03, -5.5297233498296418e-05,
          1.4164840431664229e-03, -1.1458848126973122e-03,
          1.3622380392217175e-02, -3.3769981838709914e-04,
          -1.1466534768449479e-03, 1.1144379482811476e-02,
          -1.4932157798168409e-03, 2.4948169178574896e-03,
          2.7498248705072891e-04, -9.0075316085130620e-03,
          -5.2068525890684942e-03, -2.2533573010909609e-03,
          -3.3769981838709914e-04, 1.1846866384973770e-01,
          -6.3095050540419636e-03, 4.6947641492218152e-03,
          2.0779671862055728e-02, 5.6889345365733297e-03,
          -7.3170513549782176e-03, 2.2109105699109556e-03,
          -1.8901515154272426e-03, -3.3583505801154601e-02,
          -1.1466534768449475e-03, -6.3095050540419645e-03,
          3.9978478399859069e-01, 1.8980266648566547e-03,
          1.4204935576683564e-02, 1.1566989390847437e-02,
          -3.1067415605152239e-04, 3.4609297660115091e-04,
          4.1132643931341496e-04, -3.5638033996148572e-03,
          1.1144379482811476e-02, 4.6947641492218160e-03,
          1.8980266648566545e-03, 4.5259122128927666e-02 ]
   - !!opencv-matrix
      rows: 10
      cols: 10
      dt: d
      data: [ 1.9539672235547131e-02, 4.4849351160986062e-03,
          4.4104453015971683e-04, -4.7430513922838278e-05,
          5.0669856226491776e-04, -1.0194155845347570e-04,
          3.7880491640122104e-03, 2.0471589905834450e-03,
          7.6101093668520239e-04, 6.9449109212641903e-03,
          4.4849351160986071e-03, 5.1692166185437483e-03,
          2.2985008882891369e-03, -2.4165482007045493e-05,
          6.1732861199447679e-04, 3.5006310274964396e-05,
          3.5539325873055949e-03, 2.6047521967581338e-03,
          7.8744312881605296e-04, 5.3973987460612851e-03,
          4.4104453015971667e-04, 2.2985008882891369e-03,
          8.5536315733195593e-03, 1.5856616980238450e-05,
          4.0229678657813602e-04, -1.3051672544024025e-04,
          2.4214271928652185e-03, 1.0969857256205810e-03,
          5.9655533858248250e-04, 3.4896965674085507e-03,
          -4.7430513922838372e-05, -2.4165482007045500e-05,
          1.5856616980238450e-05, 7.0060362792659907e-03,
          1.7093180524354199e-04, -2.5530684347872557e-04,
          2.1558662354944247e-04, -1.0197189539994796e-02,
          6.1648433957695072e-05, 3.8792618337773722e-05,
          5.0669856226491744e-04, 6.1732861199447679e-04,
          4.0229678657813602e-04, 1.7093180524354191e-04,
          2.5393086395802945e-02, 1.0600686464246521e-04,
          1.4400716126624351e-03, -5.7719345582645850e-03,
          2.3254964241853699e-04, -7.4525200875014824e-04,
          -1.0194155845347576e-04, 3.5006310274964321e-05,
          -1.3051672544024030e-04, -2.5530684347872562e-04,
          1.0600686464246521e-04, 1.6078602777954039e-02,
          3.5083252918462578e-04, -2.8591188759622458e-03,
          -1.0228149953245209e-03, -6.5748787211470626e-07,
          3.7880491640122113e-03, 3.5539325873055949e-03,
          2.4214271928652180e-03, 2.1558662354944247e-04,
          1.4400716126624351e-03, 3.5083252918462557e-04,
          2.7038628236731928e-02, 2.0089187823713042e-03,
          7.4090039001828444e-04, 3.9198129320076680e-03,
          2.0471589905834450e-03, 2.6047521967581333e-03,
          1.0969857256205807e-03, -1.0197189539994796e-02,
          -5.7719345582645850e-03, -2.8591188759622462e-03,
          2.0089187823713055e-03, 1.2008457801304213e-01,
          2.4787785865801516e-04, 3.5302368890631399e-03,
          7.6101093668520261e-04, 7.8744312881605296e-04,
          5.9655533858248260e-04, 6.1648433957695045e-05,
          2.3254964241853701e-04, -1.0228149953245211e-03,
          7.4090039001828477e-04, 2.4787785865801510e-04,
          2.3501920290411515e-03, 1.1117032184200259e-03,
          6.9449109212641903e-03, 5.3973987460612851e-03,
          3.4896965674085507e-03, 3.8792618337773667e-05,
          -7.4525200875014813e-04, -6.5748787211463480e-07,
          3.9198129320076689e-03, 3.5302368890631399e-03,
          1.1117032184200259e-03, 1.5840569446798087e-02 ]
   - !!opencv-matrix
      rows: 10
      cols: 10
      dt: d
