%YAML:1.0
---
groups:
   - intact
   - CD19
intactGmmnames:
   - "intact.Bue017.0"
   - "intact.Bue017.1"
   - "intact.Bue017.2"
   - "intact.Bue017.3"
   - "intact.Bue017.4"
intactLabels:
   - FSC-A
   - SSC-A
   - SY41
   - CD19
   - CD10
   - CD20
   - CD45
   - CD34
   - CD38
   - CD58
intactMu: !!opencv-matrix
   rows: 5
   cols: 10
   dt: d
   data: [ 2.6027699024726108e+00, 2.3777363273721575e+00,
       2.7470270256229976e+00, 1.1203472618899943e+00,
       2.4592418721924636e+00, 1.2270792047371897e+00,
       2.7998718365996931e+00, 1.8373416060150354e+00,
       1.8909174780352338e+00, 2.7538390786694871e+00,
       1.2905386669327514e+00, 2.8888311678338752e-01,
       2.6028873024072854e+00, 9.8335088981975183e-01,
       9.6942589777674781e-01, 1.0376428907670368e+00,
       3.2303096561620541e+00, 1.0897017482458611e+00,
       1.8438606944965159e+00, 1.4310353971833041e+00,
       1.2007479966174883e+00, 3.2052693262410548e-01,
       2.8567163181028570e+00, 9.7983471352450924e-01,
       9.6310375479637889e-01, 1.0318537396963534e+00,
       1.4929451494389478e+00, 1.2178075001373754e+00,
       1.2541861885085710e+00, 2.7987461459516179e+00,
       2.7532166902395159e+00, 2.1324423214289192e+00,
       2.8709684391020542e+00, 1.0744559509135603e+00,
       1.1840247366806893e+00, 1.2336455784875013e+00,
       2.3557978276412341e+00, 1.8545479625994554e+00,
       2.2502046572821768e+00, 2.6353832584899348e+00,
       1.9515420399082206e+00, 9.2637465284162235e-01,
       2.8476557490242000e+00, 1.1096861829093678e+00,
       1.1992411014113651e+00, 1.2491670775485850e+00,
       2.6293257535656891e+00, 1.6802054207142867e+00,
       2.3346180280844964e+00, 2.5065783759617961e+00 ]
intactSigma:
   - !!opencv-matrix
      rows: 10
      cols: 10
      dt: d
      data: [ 8.5412449283473996e-02, 1.1165120080080829e-01,
          9.2598930755736497e-03, 6.0474111722012280e-03,
          -7.8958908939342574e-03, 1.5228761610715404e-02,
          -5.1038989012539178e-04, 3.9959955522457548e-02,
          2.3602929435987744e-02, 1.0316029720978052e-02,
          1.1165120080080829e-01, 2.6222360686169865e-01,
          1.6126916975566046e-02, 1.0271213954758903e-02,
          1.0406595683905624e-02, 2.1428959212306722e-02,
          1.0364540537464079e-02, 5.6314193137269174e-02,
          5.0179472972289266e-02, 1.7553908049600810e-02,
          9.2598930755736514e-03, 1.6126916975566046e-02,
          7.4722630488547664e-03, 1.0874282732844145e-03,
          -6.0504020013899609e-03, 2.8075635141195593e-03,
          -2.3990413924903178e-03, 6.9102381178972484e-03,
          3.8902150484618212e-03, 1.0526440230927937e-03,
          6.0474111722012280e-03, 1.0271213954758903e-02,
          1.0874282732844149e-03, 7.5884021843055940e-02,
          6.4022486635555188e-03, 3.3539940302293567e-03,
          3.3762772676586292e-03, -2.0306922602342528e-02,
          3.4205636165172758e-03, 1.8209951524098052e-03,
          -7.8958908939342574e-03, 1.0406595683905626e-02,
          -6.0504020013899601e-03, 6.4022486635555188e-03,
          9.9832872533394262e-02, 2.3485386815845183e-03,
          3.1536082626846117e-02, -1.5524708676674557e-03,
          -8.3698210144349024e-03, 2.2388660381824771e-03,
          1.5228761610715404e-02, 2.1428959212306722e-02,
          2.8075635141195593e-03, 3.3539940302293580e-03,
          2.3485386815845165e-03, 4.2138262959959413e-02,
          2.5538763323575586e-03, 1.1303608345571273e-02,
          1.5719896566626162e-03, 2.9520730117022346e-03,
          -5.1038989012539178e-04, 1.0364540537464082e-02,
          -2.3990413924903178e-03, 3.3762772676586292e-03,
          3.1536082626846117e-02, 2.5538763323575586e-03,
          2.2109306694339224e-02, 3.8247269146294833e-03,
          -3.3703093259053844e-03, 1.6179452748038166e-03,
          3.9959955522457541e-02, 5.6314193137269188e-02,
          6.9102381178972510e-03, -2.0306922602342532e-02,
          -1.5524708676674548e-03, 1.1303608345571271e-02,
          3.8247269146294825e-03, 1.5178054682940251e-01,
          1.2494843921770223e-02, 7.2896158723910198e-03,
          2.3602929435987744e-02, 5.0179472972289266e-02,
          3.8902150484618216e-03, 3.4205636165172749e-03,
          -8.3698210144349024e-03, 1.5719896566626162e-03,
          -3.3703093259053831e-03, 1.2494843921770226e-02,
          4.4032283179343941e-02, 4.8789614763760127e-03,
          1.0316029720978051e-02, 1.7553908049600810e-02,
          1.0526440230927937e-03, 1.8209951524098052e-03,
          2.2388660381824767e-03, 2.9520730117022346e-03,
          1.6179452748038166e-03, 7.2896158723910198e-03,
          4.8789614763760109e-03, 6.2814087805862368e-03 ]
   - !!opencv-matrix
      rows: 10
      cols: 10
      dt: d
      data: [ 4.5300531957652129e-02, 1.0508187829054336e-02,
          4.9016970808231797e-03, -4.8470150589562664e-04,
          1.8542166730820897e-03, -7.2724793507031489e-04,
          1.2907259120437636e-02, -1.8629458498652792e-03,
          -1.1029238531604106e-02, 4.3106885919410892e-02,
          1.0508187829054336e-02, 5.3725119755593511e-03,
          1.0425781787803433e-03, 6.8558710772345131e-05,
          8.6068151539023957e-04, 2.3417906140532274e-04,
          5.0192710608429076e-03, 1.1184946333884945e-03,
          -2.4169748453525398e-03, 1.9117963504033077e-02,
          4.9016970808231806e-03, 1.0425781787803433e-03,
          1.0534971348405867e-02, -1.9090860919948445e-05,
          3.1742890432566857e-04, -1.6417179694289615e-04,
          -2.3064406078415861e-04, 1.7352785119318641e-05,
          -1.2131227521750399e-02, 3.2677974088327218e-03,
          -4.8470150589562669e-04, 6.8558710772345199e-05,
          -1.9090860919948468e-05, 1.6430619039380819e-02,
          2.7248109445929166e-04, -4.8662713743280515e-04,
          -1.0981239212982743e-04, -7.9950805310652559e-03,
          4.1633271116734214e-04, 3.9701469599614321e-04,
          1.8542166730820904e-03, 8.6068151539023935e-04,
          3.1742890432566857e-04, 2.7248109445929161e-04,
          1.4597387897292582e-02, 4.2248243629128122e-04,
          9.1825745186498511e-04, -2.6716243141556980e-03,
          -2.6309491124277594e-03, 1.4703392666471074e-03,
          -7.2724793507031424e-04, 2.3417906140532253e-04,
          -1.6417179694289607e-04, -4.8662713743280543e-04,
          4.2248243629128143e-04, 2.7013940199716282e-02,
          -3.7327245860128500e-04, -7.1936922307831730e-04,
          -4.1377226024480376e-03, 2.2347970106222892e-03,
          1.2907259120437636e-02, 5.0192710608429076e-03,
          -2.3064406078415859e-04, -1.0981239212982737e-04,
          9.1825745186498533e-04, -3.7327245860128489e-04,
          1.4022964628789051e-02, -8.6380301394112322e-04,
          2.0606380576129383e-03, 1.9202073289175687e-02,
          -1.8629458498652786e-03, 1.1184946333884949e-03,
          1.7352785119318607e-05, -7.9950805310652559e-03,
          -2.6716243141556972e-03, -7.1936922307831740e-04,
          -8.6380301394112311e-04, 6.1663125089042294e-02,
          -1.9882296523918079e-04, 8.0112272279720918e-03,
          -1.1029238531604106e-02, -2.4169748453525403e-03,
          -1.2131227521750399e-02, 4.1633271116734214e-04,
          -2.6309491124277607e-03, -4.1377226024480376e-03,
          2.0606380576129383e-03, -1.9882296523918088e-04,
          2.4930235934618003e-01, -2.0303695893808392e-02,
          4.3106885919410892e-02, 1.9117963504033077e-02,
          3.2677974088327227e-03, 3.9701469599614261e-04,
          1.4703392666471065e-03, 2.2347970106222888e-03,
          1.9202073289175690e-02, 8.0112272279720901e-03,
          -2.0303695893808392e-02, 1.8710177449138554e-01 ]
   - !!opencv-matrix
      rows: 10
      cols: 10
      dt: d
