%YAML:1.0
---
groups:
   - intact
   - CD19
intactGmmnames:
   - "intact.Bue093D15.0"
   - "intact.Bue093D15.1"
   - "intact.Bue093D15.2"
   - "intact.Bue093D15.3"
   - "intact.Bue093D15.4"
intactLabels:
   - FSC-A
   - SSC-A
   - SY41
   - CD19
   - CD10
   - CD20
   - CD45
   - CD34
   - CD38
   - CD58
intactMu: !!opencv-matrix
   rows: 5
   cols: 10
   dt: d
   data: [ 1.8488771170067011e+00, 7.6896051254916042e-01,
       2.4330635566899708e+00, 1.2682418784960938e+00,
       9.8154237644329012e-01, 1.1756844403812579e+00,
       2.7265844156333503e+00, 1.9193007575394561e+00,
       2.8041010618629283e+00, 2.5057095832416745e+00,
       7.9202096968719815e-01, 2.4449073192851573e-01,
       2.2531716653591967e+00, 1.0230098675068673e+00,
       8.7280116669230456e-01, 9.7160250423634409e-01,
       1.3265473510716532e+00, 1.3114455327683032e+00,
       1.2909060081550823e+00, 2.6903588010121959e+00,
       2.4911226293124944e+00, 2.8297217124275988e+00,
       2.3127220750529438e+00, 1.2572188161113338e+00,
       1.4792445152481248e+00, 1.2591051514078528e+00,
       2.7481947691857207e+00, 2.1101963052589072e+00,
       2.1409528019477624e+00, 2.8010548859592683e+00,
       1.2850536913725510e+00, 3.2665901422317700e-01,
       2.1761775835338493e+00, 1.0753879277630933e+00,
       8.9787264856245097e-01, 9.9636376002322780e-01,
       3.1972246137547122e+00, 1.2366336376199296e+00,
       2.3213395657256304e+00, 1.7800386944365298e+00,
       1.1145929931400678e+00, 3.6306108243334267e-01,
       2.4895920174986856e+00, 1.0604151052348703e+00,
       8.9050401349906050e-01, 9.8722240357372948e-01,
       1.4050498761748165e+00, 1.4722164591813944e+00,
       1.3591775268116340e+00, 2.7302540120092713e+00 ]
intactSigma:
   - !!opencv-matrix
      rows: 10
      cols: 10
      dt: d
      data: [ 4.3834223534276406e-01, 1.2898497252246738e-01,
          5.0495832998430988e-02, 1.9495607502176444e-02,
          6.6433944778149755e-03, -4.4514484551385111e-02,
          1.9961984561637330e-01, 1.9464421008825172e-02,
          2.6051949487968740e-01, 1.3163994936879894e-01,
          1.2898497252246738e-01, 2.4768078377986341e-01,
          2.1127177567018554e-02, 5.5823148253086680e-02,
          4.4867956394756013e-02, 6.6224860655211409e-02,
          4.7758770233672664e-02, 1.0412142641509381e-01,
          3.4440779270192484e-02, 1.1909936427163266e-01,
          5.0495832998430974e-02, 2.1127177567018554e-02,
          6.3854440515312930e-02, 1.0666408943839786e-02,
          5.2140180158625985e-03, 2.0363776982136272e-02,
          -1.1311518992057523e-02, 2.9695527654560641e-02,
          -6.8886790126986789e-03, 2.0135254926661492e-02,
          1.9495607502176437e-02, 5.5823148253086680e-02,
          1.0666408943839786e-02, 1.3248777851769364e-01,
          2.5416971496881720e-02, 7.5833513402771280e-02,
          2.6527279401347310e-02, 7.2430711405015127e-02,
          -6.9126761914401038e-03, 4.1869862810845267e-02,
          6.6433944778149755e-03, 4.4867956394756020e-02,
          5.2140180158625985e-03, 2.5416971496881720e-02,
          4.9352413074215097e-02, 4.2529418856582700e-02,
          1.0150703614861315e-02, 4.3432462151258698e-02,
          -2.3247644619234509e-02, 2.0004204047976912e-02,
          -4.4514484551385118e-02, 6.6224860655211409e-02,
          2.0363776982136272e-02, 7.5833513402771280e-02,
          4.2529418856582700e-02, 2.7433866307527677e-01,
          -2.3414312084273164e-02, 1.5926824180228477e-01,
          -1.3688623043745909e-01, 4.8795811039170037e-02,
          1.9961984561637330e-01, 4.7758770233672664e-02,
          -1.1311518992057526e-02, 2.6527279401347314e-02,
          1.0150703614861313e-02, -2.3414312084273161e-02,
          4.7435061403121076e-01, -5.4229853217392092e-02,
          3.4862414430840694e-01, 9.4417031626397863e-02,
          1.9464421008825172e-02, 1.0412142641509381e-01,
          2.9695527654560634e-02, 7.2430711405015127e-02,
          4.3432462151258698e-02, 1.5926824180228480e-01,
          -5.4229853217392071e-02, 4.6288253892173081e-01,
          -7.9322588125525048e-02, 1.2144117671496706e-01,
          2.6051949487968740e-01, 3.4440779270192491e-02,
          -6.8886790126986806e-03, -6.9126761914400994e-03,
          -2.3247644619234516e-02, -1.3688623043745912e-01,
          3.4862414430840694e-01, -7.9322588125525076e-02,
          7.3015728794389467e-01, 7.4047140237063172e-02,
          1.3163994936879891e-01, 1.1909936427163267e-01,
          2.0135254926661492e-02, 4.1869862810845267e-02,
          2.0004204047976912e-02, 4.8795811039170023e-02,
          9.4417031626397849e-02, 1.2144117671496706e-01,
          7.4047140237063200e-02, 2.2948772007315060e-01 ]
   - !!opencv-matrix
      rows: 10
      cols: 10
      dt: d
      data: [ 1.2720369879117155e-02, 3.0159761562017547e-03,
          -1.3467142599592446e-03, 2.1502003216009391e-04,
          2.0740382975952210e-04, -6.7360813197048645e-05,
          1.3730395510549763e-03, 6.6484268551348280e-04,
          4.4578013201731413e-04, 4.3233072191490281e-03,
          3.0159761562017552e-03, 2.3963654907928700e-03,
          3.3933315857876507e-04, 1.4410494501260890e-04,
          2.0292548156971107e-04, 5.7874563372373087e-05,
          8.1031471649744191e-04, 1.2597155147132777e-03,
          2.9224329283656470e-04, 3.0162693404789621e-03,
          -1.3467142599592446e-03, 3.3933315857876501e-04,
          7.2501434809047506e-03, 6.9225409025795630e-05,
          7.7078257813738751e-05, 7.5874563769404125e-05,
          -4.1975759531134225e-04, 1.0110934735329952e-03,
          1.6744630610201282e-04, 1.2563030829499647e-03,
          2.1502003216009385e-04, 1.4410494501260890e-04,
          6.9225409025795576e-05, 1.7027535678728261e-02,
          -1.2335063913976713e-05, -6.6249830981626712e-04,
          5.6687276118765447e-05, -1.1633340854808076e-02,
          1.8405418218329448e-04, 6.9100684298513274e-04,
          2.0740382975952221e-04, 2.0292548156971107e-04,
          7.7078257813738751e-05, -1.2335063913976723e-05,
          1.6201428367030306e-02, 3.5337471205631684e-04,
          3.9515555649191142e-04, -4.0288002643933942e-03,
          -1.8631338375245976e-05, -8.9013363115866622e-04,
          -6.7360813197048659e-05, 5.7874563372373073e-05,
          7.5874563769404071e-05, -6.6249830981626691e-04,
          3.5337471205631706e-04, 1.6670581208296096e-02,
          2.7831527446180003e-04, -2.3707150946121174e-03,
          -9.1389651530851448e-04, 1.4763932033213126e-04,
          1.3730395510549763e-03, 8.1031471649744180e-04,
          -4.1975759531134225e-04, 5.6687276118765393e-05,
          3.9515555649191142e-04, 2.7831527446180035e-04,
          1.2490399808259242e-02, 3.2777309919553179e-04,
          3.3314834054896166e-05, 1.1337236846763166e-03,
          6.6484268551348302e-04, 1.2597155147132777e-03,
          1.0110934735329954e-03, -1.1633340854808077e-02,
          -4.0288002643933960e-03, -2.3707150946121170e-03,
          3.2777309919553222e-04, 8.8118882415072639e-02,
          4.8170139708957871e-05, 1.8966964258565003e-03,
          4.4578013201731419e-04, 2.9224329283656476e-04,
          1.6744630610201274e-04, 1.8405418218329445e-04,
          -1.8631338375246031e-05, -9.1389651530851459e-04,
          3.3314834054896166e-05, 4.8170139708957857e-05,
          1.8900878237353555e-03, 1.1528352800444952e-03,
          4.3233072191490281e-03, 3.0162693404789621e-03,
          1.2563030829499649e-03, 6.9100684298513252e-04,
          -8.9013363115866600e-04, 1.4763932033213121e-04,
          1.1337236846763166e-03, 1.8966964258564998e-03,
          1.1528352800444955e-03, 1.5957780598471655e-02 ]
   - !!opencv-matrix
      rows: 10
      cols: 10
      dt: d
