%YAML:1.0
---
groups:
   - intact
   - CD19
   - blast
intactGmmnames:
   - "intact.Bue077.0"
   - "intact.Bue077.1"
   - "intact.Bue077.2"
   - "intact.Bue077.3"
   - "intact.Bue077.4"
intactLabels:
   - FSC-A
   - SSC-A
   - SY41
   - CD19
   - CD10
   - CD20
   - CD45
   - CD34
   - CD38
   - CD58
intactMu: !!opencv-matrix
   rows: 5
   cols: 10
   dt: d
   data: [ 8.4221337001552088e-01, 3.1835503301720008e-01,
       2.7927791836560631e+00, 8.7272098273398113e-01,
       7.6297356303933384e-01, 1.0125086755976189e+00,
       1.5307353697748212e+00, 1.4813458112095148e+00,
       1.2065607431674352e+00, 2.7401681483412075e+00,
       2.0508921062136136e+00, 2.2120472247347385e+00,
       2.8808806662772524e+00, 1.1004785108142348e+00,
       1.1198493526799691e+00, 1.3199574877040658e+00,
       2.9953572149908849e+00, 1.7739834244404813e+00,
       2.9304191509599811e+00, 2.8563914120088487e+00,
       1.3652511722178160e+00, 7.1728086465682417e-01,
       2.7053698333937448e+00, 9.9627573485710097e-01,
       8.6858262496745875e-01, 1.1770720259529754e+00,
       2.0081650534195563e+00, 1.6537237236711593e+00,
       1.8327822509681451e+00, 2.4680641481092782e+00,
       1.7987395755803144e+00, 6.2243370281178256e-01,
       2.6350441227050978e+00, 1.0095323679310948e+00,
       8.6946527498082238e-01, 1.1094821099096535e+00,
       3.5920142342656280e+00, 1.2101476349964209e+00,
       3.3062212427795408e+00, 2.6421203362550552e+00,
       1.1176069617998756e+00, 2.7188360445143139e-01,
       2.6468219631905390e+00, 9.0600065440972566e-01,
       8.0304436335448393e-01, 1.0801719804296592e+00,
       3.5272785484523275e+00, 1.2500296522878174e+00,
       2.2651336836565883e+00, 1.8134734306419023e+00 ]
intactSigma:
   - !!opencv-matrix
      rows: 10
      cols: 10
      dt: d
      data: [ 8.2282248446062925e-02, 2.4771480918842091e-02,
          3.1200712201940685e-02, 2.8224927585313473e-03,
          6.8325730835312746e-03, 8.0176357736120221e-03,
          4.1094922576053079e-02, 1.5464851681409788e-02,
          2.0880148458364337e-02, 4.2936807370445383e-02,
          2.4771480918842091e-02, 1.5117916810431082e-02,
          1.1098694353850483e-02, 8.4056877879554962e-04,
          3.9852883117936794e-03, 4.1764633947481014e-03,
          2.0181724574259631e-02, 1.2987052505893232e-02,
          1.1657478119798942e-02, 2.1446948977362195e-02,
          3.1200712201940685e-02, 1.1098694353850483e-02,
          2.2543476133099240e-02, 6.7532490315447800e-04,
          2.6010420829040955e-03, 3.7199637358054480e-03,
          1.5182538475945953e-02, 9.9026168578466127e-03,
          7.8318500226044509e-03, 1.9164476754496486e-02,
          2.8224927585313482e-03, 8.4056877879554962e-04,
          6.7532490315447746e-04, 5.5360241890870389e-02,
          5.9944068305961377e-04, -1.2858240648461153e-03,
          1.6890259559555782e-03, -1.6111982959637863e-02,
          2.4797216387347277e-03, 1.7419685166655413e-03,
          6.8325730835312780e-03, 3.9852883117936786e-03,
          2.6010420829040955e-03, 5.9944068305961323e-04,
          4.5015854677110716e-02, 1.1389429796884233e-03,
          7.2237517074999957e-03, -1.1187840315763143e-03,
          3.8059073257342931e-03, 4.0812563875361717e-03,
          8.0176357736120221e-03, 4.1764633947481014e-03,
          3.7199637358054480e-03, -1.2858240648461166e-03,
          1.1389429796884220e-03, 5.2860556963483678e-02,
          7.2428123308950747e-03, 6.5755655318229861e-03,
          7.9552980547814242e-04, 6.3242647961022766e-03,
          4.1094922576053072e-02, 2.0181724574259631e-02,
          1.5182538475945953e-02, 1.6890259559555777e-03,
          7.2237517074999966e-03, 7.2428123308950747e-03,
          8.8347609185425599e-02, 1.8831739311409353e-02,
          1.7581526748884749e-02, 3.0633634526776473e-02,
          1.5464851681409788e-02, 1.2987052505893229e-02,
          9.9026168578466110e-03, -1.6111982959637859e-02,
          -1.1187840315763135e-03, 6.5755655318229869e-03,
          1.8831739311409353e-02, 8.9674648180121427e-02,
          1.8736925632121003e-02, 1.8064794188426794e-02,
          2.0880148458364337e-02, 1.1657478119798942e-02,
          7.8318500226044509e-03, 2.4797216387347277e-03,
          3.8059073257342923e-03, 7.9552980547814220e-04,
          1.7581526748884749e-02, 1.8736925632120999e-02,
          4.4242024872800843e-02, 1.7651192693632450e-02,
          4.2936807370445383e-02, 2.1446948977362195e-02,
          1.9164476754496486e-02, 1.7419685166655413e-03,
          4.0812563875361717e-03, 6.3242647961022766e-03,
          3.0633634526776473e-02, 1.8064794188426794e-02,
          1.7651192693632450e-02, 4.3105240441161131e-02 ]
   - !!opencv-matrix
      rows: 10
      cols: 10
      dt: d
      data: [ 1.4615054956375401e-01, 1.6365383061405434e-01,
          3.2778473351871514e-02, 9.7418790986455537e-03,
          1.8146950771124406e-02, 1.3822921138655974e-02,
          1.7693965977882538e-02, 1.5339647705419211e-02,
          3.3404618396187913e-02, 2.1265093165425433e-02,
          1.6365383061405434e-01, 3.4041439853267302e-01,
          4.2694197932895521e-02, 1.2477122499035513e-02,
          3.3394138696444184e-02, 6.2723039335493376e-03,
          3.1442800885809280e-02, 3.9827922937799741e-03,
          5.3634173168873978e-02, 3.0084551162643209e-02,
          3.2778473351871514e-02, 4.2694197932895521e-02,
          1.9907204095295016e-02, -6.5989400880046263e-03,
          -7.5513644412664649e-03, -8.6832188181253534e-03,
          -6.2658747848054839e-03, -1.0492228908493205e-02,
          2.5048052022760201e-02, 5.9411460355000070e-03,
          9.7418790986455485e-03, 1.2477122499035513e-02,
          -6.5989400880046263e-03, 1.5303706088236968e-01,
          5.0051895727574493e-02, 4.0356698081548743e-02,
          2.4078630814351586e-02, 2.4971883952362699e-02,
          -7.2084402532627415e-03, 5.9402335629266754e-03,
          1.8146950771124406e-02, 3.3394138696444184e-02,
          -7.5513644412664605e-03, 5.0051895727574486e-02,
          1.2554253809080096e-01, 4.1636809848518995e-02,
          3.2571890336076326e-02, 4.0883445927564759e-02,
          -1.1038561220033008e-02, 5.9944302563934501e-03,
          1.3822921138655969e-02, 6.2723039335493393e-03,
          -8.6832188181253534e-03, 4.0356698081548757e-02,
          4.1636809848518995e-02, 1.6779453673340369e-01,
          2.2853878044636865e-02, 6.4571359908054321e-02,
          -2.5253770697750241e-02, 3.9206175863474701e-03,
          1.7693965977882538e-02, 3.1442800885809280e-02,
          -6.2658747848054813e-03, 2.4078630814351583e-02,
          3.2571890336076326e-02, 2.2853878044636865e-02,
          3.2240552668103134e-02, 2.6320062942776015e-02,
          -1.4190074235930182e-02, 5.7208190159328933e-03,
          1.5339647705419211e-02, 3.9827922937799741e-03,
          -1.0492228908493205e-02, 2.4971883952362703e-02,
          4.0883445927564759e-02, 6.4571359908054321e-02,
          2.6320062942776019e-02, 1.3198333767564099e-01,
          -3.5278002328275507e-02, 3.2535491528242386e-03,
          3.3404618396187913e-02, 5.3634173168873964e-02,
          2.5048052022760201e-02, -7.2084402532627441e-03,
          -1.1038561220033010e-02, -2.5253770697750234e-02,
          -1.4190074235930179e-02, -3.5278002328275500e-02,
          8.6932339058819336e-02, 1.3129793983765103e-02,
          2.1265093165425433e-02, 3.0084551162643209e-02,
          5.9411460355000070e-03, 5.9402335629266754e-03,
          5.9944302563934493e-03, 3.9206175863474701e-03,
          5.7208190159328933e-03, 3.2535491528242386e-03,
          1.3129793983765101e-02, 1.0190028308561271e-02 ]
   - !!opencv-matrix
      rows: 10
      cols: 10
      dt: d
      data: [ 4.2304094975640510e-01, 1.0141044947576160e-01,
          1.0102599093080694e-02, 8.8333769697999769e-03,
          3.6766881723280305e-02, -2.9103184354360013e-03,
          1.0898260529596017e-01, 2.3111393993092842e-02,
          7.3123015103247813e-02, 1.3602200237085785e-01,
          1.0141044947576157e-01, 2.4327732107757238e-01,
          1.1209954091186282e-02, 2.0061399229701786e-02,
          4.7386609552614492e-02, 1.6914725074223879e-02,
          1.6996294474907359e-01, 3.6409315717995765e-02,
          2.2154283513964074e-01, 1.4721749596295849e-01,
          1.0102599093080698e-02, 1.1209954091186282e-02,
          9.6729472227028004e-02, 1.5008732929967556e-02,
          5.1575676815153069e-03, 2.7561115323188848e-02,
          1.8460746453094548e-02, 6.2483798963303042e-02,
          2.0936223611168214e-02, 3.1326592090210770e-02,
          8.8333769697999769e-03, 2.0061399229701786e-02,
          1.5008732929967558e-02, 1.3272728544086199e-01,
          1.7529832139575898e-02, 6.2653455240359798e-02,
          6.9584402967260900e-02, 3.0489641942885018e-02,
          6.8103215393985644e-02, 1.1361053519515841e-02,
          3.6766881723280298e-02, 4.7386609552614478e-02,
          5.1575676815153069e-03, 1.7529832139575891e-02,
          8.1019467526645128e-02, 2.6557401493921245e-02,
          7.0709867082969766e-02, 2.7815314649884557e-02,
          5.4081996688972137e-02, 4.4338205510786717e-02,
          -2.9103184354360035e-03, 1.6914725074223879e-02,
          2.7561115323188848e-02, 6.2653455240359798e-02,
          2.6557401493921245e-02, 1.9637613073421517e-01,
          8.5373238721751052e-02, 9.5519307517625926e-02,
          4.2952259731135881e-02, 2.4561714070174417e-02,
          1.0898260529596017e-01, 1.6996294474907356e-01,
          1.8460746453094548e-02, 6.9584402967260900e-02,
          7.0709867082969766e-02, 8.5373238721751052e-02,
          3.8682714035161686e-01, 7.8795616493198078e-02,
          3.2306187839941936e-01, 1.3182866734297580e-01,
          2.3111393993092842e-02, 3.6409315717995765e-02,
          6.2483798963303042e-02, 3.0489641942885018e-02,
          2.7815314649884557e-02, 9.5519307517625926e-02,
          7.8795616493198078e-02, 2.3546406150454580e-01,
          4.4565069041638872e-02, 1.3393081942434015e-01,
          7.3123015103247785e-02, 2.2154283513964074e-01,
          2.0936223611168214e-02, 6.8103215393985644e-02,
          5.4081996688972143e-02, 4.2952259731135881e-02,
          3.2306187839941936e-01, 4.4565069041638886e-02,
          6.1486528989611722e-01, 8.9156729123316111e-02,
          1.3602200237085785e-01, 1.4721749596295849e-01,
          3.1326592090210770e-02, 1.1361053519515841e-02,
          4.4338205510786717e-02, 2.4561714070174417e-02,
          1.3182866734297580e-01, 1.3393081942434013e-01,
          8.9156729123316111e-02, 4.1479188881116286e-01 ]
   - !!opencv-matrix
      rows: 10
      cols: 10
      dt: d
      data: [ 2.3707612404334377e-01, 1.1540396390890681e-02,
          -2.2627670696800505e-02, 6.9691224243407972e-03,
          1.8758089642330594e-02, 6.6774878533237634e-03,
          1.7910557606850834e-02, 6.1199531495315651e-02,
          -1.2887004046941374e-03, 4.7380393616582459e-02,
          1.1540396390890681e-02, 9.5190179799276048e-02,
          2.7646325079390719e-02, 1.4437298405142131e-02,
          1.5629871576111325e-02, 1.1956606979540091e-02,
          -1.9714966645660196e-02, 7.7442458106233736e-02,
          -1.3836903521240432e-02, 7.3936723464002138e-02,
          -2.2627670696800505e-02, 2.7646325079390719e-02,
          5.8549355687262217e-02, 4.2569727204458119e-03,
          9.4706096909278714e-04, 8.1201703653313393e-03,
          -4.4018320113869526e-03, 2.5256207681031859e-02,
          -5.7171210717316973e-03, 2.1123293731821709e-02,
          6.9691224243407998e-03, 1.4437298405142126e-02,
          4.2569727204458110e-03, 8.4003328601588073e-02,
          9.6096302574518698e-03, 1.2409612497634713e-02,
          1.7954689244419992e-03, 1.5224485984017152e-02,
          -3.7074037630047693e-03, 1.6327447166864743e-02,
          1.8758089642330594e-02, 1.5629871576111325e-02,
          9.4706096909278779e-04, 9.6096302574518698e-03,
          5.4091828904401819e-02, 1.0814244645717792e-02,
          3.7415844207456380e-03, 2.7012110220285147e-02,
          -8.0454994362731212e-03, 1.6080119679516676e-02,
          6.6774878533237651e-03, 1.1956606979540091e-02,
          8.1201703653313376e-03, 1.2409612497634713e-02,
          1.0814244645717792e-02, 2.0941840463712397e-01,
          8.3252357413051183e-03, 4.4597200460159310e-02,
          -1.5645677498115160e-02, 1.4998654492945447e-02,
          1.7910557606850838e-02, -1.9714966645660192e-02,
          -4.4018320113869535e-03, 1.7954689244419999e-03,
          3.7415844207456380e-03, 8.3252357413051165e-03,
          3.0179595838348630e-02, 6.3944902445976157e-03,
          -6.0423357180078487e-03, -1.2567933233276391e-02,
          6.1199531495315651e-02, 7.7442458106233736e-02,
          2.5256207681031859e-02, 1.5224485984017155e-02,
          2.7012110220285147e-02, 4.4597200460159310e-02,
          6.3944902445976157e-03, 2.4974209722335822e-01,
          -7.5303337072237783e-02, 9.1347436177428049e-02,
          -1.2887004046941372e-03, -1.3836903521240432e-02,
          -5.7171210717316956e-03, -3.7074037630047715e-03,
          -8.0454994362731212e-03, -1.5645677498115160e-02,
          -6.0423357180078505e-03, -7.5303337072237783e-02,
          9.8843783280985684e-02, -2.0525156631290748e-02,
          4.7380393616582459e-02, 7.3936723464002152e-02,
          2.1123293731821709e-02, 1.6327447166864743e-02,
          1.6080119679516669e-02, 1.4998654492945452e-02,
          -1.2567933233276388e-02, 9.1347436177428049e-02,
          -2.0525156631290745e-02, 8.6603531807756984e-02 ]
   - !!opencv-matrix
      rows: 10
      cols: 10
      dt: d
      data: [ 7.8765784958800017e-02, 1.3583174464126532e-02,
          7.6698225371188396e-03, -7.1084102764509783e-04,
          6.3883086888717336e-03, -6.4017248502776817e-03,
          3.1696131262519918e-02, -5.0844598838340992e-02,
          1.6916813790182110e-02, 7.9321174159816848e-02,
          1.3583174464126532e-02, 7.3878634023314379e-03,
          2.0862467295146535e-03, 3.7004945156875147e-04,
          2.0478417867804324e-03, -6.9131884063080087e-04,
          1.0835525839054975e-02, -1.1913483782008622e-02,
          1.1682985874853117e-02, 2.7207487208437849e-02,
          7.6698225371188396e-03, 2.0862467295146535e-03,
          1.3584101119459246e-02, 3.3562357990797056e-04,
          5.3533928501625356e-04, 2.6413142825722636e-04,
          3.9602025712977542e-03, 2.3627338563147185e-03,
          -5.8650629005429266e-03, 7.7708732963384574e-03,
          -7.1084102764509783e-04, 3.7004945156875126e-04,
          3.3562357990797034e-04, 4.8859140336706415e-02,
          5.1836516880113205e-04, 4.4537398795731868e-03,
          -9.3280083874441205e-04, -8.1161171974821738e-03,
          7.8931576911092840e-03, -1.1487043943764337e-04,
          6.3883086888717345e-03, 2.0478417867804324e-03,
          5.3533928501625378e-04, 5.1836516880113227e-04,
          3.1238730447338735e-02, 1.2102092636659815e-04,
          6.5580665883936814e-03, -7.2405167453703199e-03,
          -9.4106410254777718e-03, 8.3092866643607270e-03,
          -6.4017248502776817e-03, -6.9131884063080066e-04,
          2.6413142825722642e-04, 4.4537398795731886e-03,
          1.2102092636659838e-04, 1.1923064567000111e-01,
          -2.7128491577684179e-03, 1.3898337075888707e-02,
          -1.8752950667521157e-02, -7.7341773523149542e-03,
          3.1696131262519918e-02, 1.0835525839054975e-02,
          3.9602025712977542e-03, -9.3280083874441291e-04,
          6.5580665883936805e-03, -2.7128491577684192e-03,
          3.9058027423000630e-02, -2.3015776800196553e-02,
          3.0049856349325079e-02, 5.6629137623895452e-02,
          -5.0844598838340992e-02, -1.1913483782008622e-02,
          2.3627338563147180e-03, -8.1161171974821738e-03,
          -7.2405167453703225e-03, 1.3898337075888707e-02,
          -2.3015776800196546e-02, 1.4708345981938975e-01,
          -5.4177039715066141e-02, -8.2400426205381613e-02,
          1.6916813790182110e-02, 1.1682985874853115e-02,
          -5.8650629005429248e-03, 7.8931576911092857e-03,
          -9.4106410254777718e-03, -1.8752950667521157e-02,
          3.0049856349325079e-02, -5.4177039715066135e-02,
          8.5102932008915333e-01, 8.7970560760523037e-02,
          7.9321174159816835e-02, 2.7207487208437849e-02,
          7.7708732963384574e-03, -1.1487043943764426e-04,
          8.3092866643607252e-03, -7.7341773523149585e-03,
          5.6629137623895452e-02, -8.2400426205381613e-02,
          8.7970560760523064e-02, 2.2137703230852443e-01 ]
intactC: !!opencv-matrix
   rows: 1
   cols: 5
   dt: d
   data: [ 3.4464416348150190e-01, 2.0837671806823216e-01,
       1.6880372138840849e-01, 5.5694979296784013e-02,
       1.2730648341916442e-01 ]
intactNumEvents: 44322.
intactMaxVals: !!opencv-matrix
   rows: 1
   cols: 10
   dt: d
   data: [ 4.5000000000000000e+00, 4.5000000000000000e+00,
       4.5000000000000000e+00, 4.5000000000000000e+00,
       4.5000000000000000e+00, 4.5000000000000000e+00,
       4.5000000000000000e+00, 4.5000000000000000e+00,
       4.5000000000000000e+00, 4.5000000000000000e+00 ]
CD19Gmmnames:
   - "CD19.Bue077.0"
   - "CD19.Bue077.1"
CD19Labels:
   - FSC-A
   - SSC-A
   - SY41
   - CD19
   - CD10
   - CD20
   - CD45
   - CD34
   - CD38
   - CD58
CD19Mu: !!opencv-matrix
   rows: 2
   cols: 10
   dt: d
   data: [ 1.3123865255828688e+00, 5.3195728925943020e-01,
       2.7183566854543786e+00, 2.8091208245713220e+00,
       1.0431663310328603e+00, 2.8442628573684452e+00,
       3.1360709648659228e+00, 1.7061808848498683e+00,
       2.4157401162591694e+00, 2.2524578996021596e+00,
       9.9803510707786880e-01, 2.0882221700695849e-01,
       2.5210255513266082e+00, 3.1015475429758270e+00,
       8.9474576558486141e-01, 3.7123796933617785e+00,
       3.3885748918832723e+00, 1.0634516143717749e+00,
       8.9081914872864076e-01, 1.5491634972879635e+00 ]
CD19Sigma:
   - !!opencv-matrix
      rows: 10
      cols: 10
      dt: d
      data: [ 3.3280645060604891e-01, 5.7531511776553884e-02,
          4.4562649600489800e-02, 3.3553082681888433e-02,
          3.2915455440111125e-03, -1.1710594784516558e-01,
          7.1032031325582751e-02, -3.4828641318868390e-02,
          2.1378828705205816e-01, 8.4279788160227603e-02,
          5.7531511776553884e-02, 7.0278037633047102e-02,
          2.8638150570724750e-02, 1.1825466746190429e-02,
          7.5488685732101549e-03, -9.9436318491163939e-02,
          4.5345165971428181e-02, 7.2893990654766122e-02,
          1.9304485993360160e-01, 9.3284539200317582e-02,
          4.4562649600489786e-02, 2.8638150570724750e-02,
          7.1616269685719283e-02, -2.4786690137648195e-02,
          -1.3708158418678893e-02, -1.6022661251633921e-01,
          -8.2751038222580123e-03, 9.8143915632626116e-02,
          1.9054010186984940e-01, 4.5941822952278617e-02,
          3.3553082681888433e-02, 1.1825466746190429e-02,
          -2.4786690137648195e-02, 1.2741825412935343e-01,
          1.7225881565590528e-02, 1.5898693472849931e-01,
          7.7351095260712557e-02, -1.1211580999133675e-01,
          -1.0851188836814959e-01, 8.2661052016433853e-03,
          3.2915455440111130e-03, 7.5488685732101549e-03,
          -1.3708158418678893e-02, 1.7225881565590528e-02,
          1.7361617095998250e-01, 6.2249069667260876e-02,
          2.0596283685960733e-02, 7.7666774807037695e-02,
          -3.7215966084382969e-04, 7.9434238489559147e-02,
          -1.1710594784516558e-01, -9.9436318491163939e-02,
          -1.6022661251633921e-01, 1.5898693472849931e-01,
          6.2249069667260876e-02, 1.1410937564558583e+00,
          7.0826148474776918e-02, -2.3401889638670448e-01,
          -1.1087482543182947e+00, -1.5198175329902558e-01,
          7.1032031325582751e-02, 4.5345165971428188e-02,
          -8.2751038222580123e-03, 7.7351095260712585e-02,
          2.0596283685960733e-02, 7.0826148474776918e-02,
          2.1129505738318299e-01, -3.9259798880549139e-02,
          7.6483054636070760e-02, 1.0653629517391987e-01,
          -3.4828641318868390e-02, 7.2893990654766122e-02,
          9.8143915632626103e-02, -1.1211580999133675e-01,
          7.7666774807037695e-02, -2.3401889638670448e-01,
          -3.9259798880549132e-02, 6.8517277254911324e-01,
          3.5509812071977853e-01, 2.4213185603593629e-01,
          2.1378828705205816e-01, 1.9304485993360160e-01,
          1.9054010186984940e-01, -1.0851188836814959e-01,
          -3.7215966084382741e-04, -1.1087482543182949e+00,
          7.6483054636070774e-02, 3.5509812071977859e-01,
          1.9745653514235733e+00, 3.7481746088502377e-01,
          8.4279788160227603e-02, 9.3284539200317582e-02,
          4.5941822952278617e-02, 8.2661052016433853e-03,
          7.9434238489559147e-02, -1.5198175329902558e-01,
          1.0653629517391987e-01, 2.4213185603593629e-01,
          3.7481746088502377e-01, 3.2488850501479904e-01 ]
   - !!opencv-matrix
      rows: 10
      cols: 10
      dt: d
      data: [ 3.9548693863494189e-02, 8.2886225970667787e-03,
          6.6983386806999069e-03, 1.9212594149055042e-02,
          1.3895929584587581e-02, 2.8300632572690911e-02,
          2.9874024628560321e-02, -2.3425238123892252e-02,
          -5.5857948164263128e-02, 4.1692345193308229e-02,
          8.2886225970667787e-03, 4.1321673250777997e-03,
          4.3507860657736254e-04, 7.2949546993803177e-03,
          3.8754388752060497e-03, 9.8521501506233320e-03,
          9.0774100169931284e-03, -5.6522421200749691e-03,
          -1.6373715283780437e-02, 1.6276507928217176e-02,
          6.6983386806999069e-03, 4.3507860657736238e-04,
          2.5017786711668360e-02, -4.4436175170962039e-03,
          8.8051612899355696e-04, -4.9051410462365441e-03,
          -3.9134818355163789e-04, 1.9109120050934854e-03,
          -1.2961889637111864e-03, 4.7307333398249477e-03,
          1.9212594149055042e-02, 7.2949546993803177e-03,
          -4.4436175170962039e-03, 5.1465199503822487e-02,
          4.9256073589918920e-03, 3.7321211980446529e-02,
          3.2616625678015099e-02, -2.4252266100814820e-02,
          -4.1265072384618448e-02, 2.9313775713969589e-02,
          1.3895929584587581e-02, 3.8754388752060497e-03,
          8.8051612899355696e-04, 4.9256073589918912e-03,
          7.1478620713005675e-02, 1.6038282850459686e-02,
          1.2884831336518446e-02, -9.7403792242612940e-03,
          -1.5236989824713627e-02, 2.1150822331163669e-02,
          2.8300632572690911e-02, 9.8521501506233320e-03,
          -4.9051410462365441e-03, 3.7321211980446536e-02,
          1.6038282850459686e-02, 5.2962101320065576e-02,
          3.6757729204622107e-02, -2.4467766998585435e-02,
          -6.8364250347708586e-02, 4.1587846812714137e-02,
          2.9874024628560317e-02, 9.0774100169931284e-03,
          -3.9134818355163745e-04, 3.2616625678015099e-02,
          1.2884831336518444e-02, 3.6757729204622107e-02,
          5.5443612050456385e-02, -1.8937090124656917e-02,
          -5.0742108245824188e-02, 4.7130816955704133e-02,
          -2.3425238123892252e-02, -5.6522421200749674e-03,
          1.9109120050934849e-03, -2.4252266100814823e-02,
          -9.7403792242612905e-03, -2.4467766998585435e-02,
          -1.8937090124656917e-02, 1.8618753039303065e-01,
          5.5121186064380129e-02, -2.3696117086570840e-02,
          -5.5857948164263115e-02, -1.6373715283780437e-02,
          -1.2961889637111879e-03, -4.1265072384618448e-02,
          -1.5236989824713625e-02, -6.8364250347708586e-02,
          -5.0742108245824175e-02, 5.5121186064380129e-02,
          6.0000149160035132e-01, -8.1522750260845572e-02,
          4.1692345193308229e-02, 1.6276507928217179e-02,
          4.7307333398249477e-03, 2.9313775713969585e-02,
          2.1150822331163673e-02, 4.1587846812714137e-02,
          4.7130816955704133e-02, -2.3696117086570847e-02,
          -8.1522750260845572e-02, 1.3561105265915796e-01 ]
CD19C: !!opencv-matrix
   rows: 1
   cols: 2
   dt: d
   data: [ 1.1862915601700229e-02, 8.2045299325623114e-02 ]
CD19NumEvents: 4600.
CD19MaxVals: !!opencv-matrix
   rows: 1
   cols: 10
   dt: d
   data: [ 4.5000000000000000e+00, 4.5000000000000000e+00,
       4.5000000000000000e+00, 4.5000000000000000e+00,
       4.5000000000000000e+00, 4.5000000000000000e+00,
       4.5000000000000000e+00, 4.5000000000000000e+00,
       4.5000000000000000e+00, 4.5000000000000000e+00 ]
blastGmmnames:
   - "blast.Bue077.0"
blastLabels:
   - FSC-A
   - SSC-A
   - SY41
   - CD19
   - CD10
   - CD20
   - CD45
   - CD34
   - CD38
   - CD58
blastMu: !!opencv-matrix
   rows: 1
   cols: 10
   dt: d
   data: [ 1.2150707619805490e+00, 3.6874942493534857e-01,
       2.5792452096939087e+00, 3.4719073234065885e+00,
       3.2072900802858415e+00, 3.3060747385025024e+00,
       2.6094637666979144e+00, 1.6681418818301490e+00,
       2.7770364380651902e+00, 2.2353318256716572e+00 ]
blastSigma:
   - !!opencv-matrix
      rows: 10
      cols: 10
      dt: d
      data: [ 1.6498898300178180e-01, 3.4383910606066409e-02,
          -3.2820180277410155e-03, 2.2617076045138303e-02,
          4.0810340332474368e-02, 1.6205295211809270e-02,
          3.1600810828807037e-02, -2.2103677985818065e-02,
          6.0657932793879807e-02, 6.7552949420058531e-02,
          3.4383910606066409e-02, 3.5173737821522409e-02,
          3.4737998720366214e-03, 8.3335961004308672e-03,
          1.9029274469223010e-02, 1.7156835471438259e-02,
          2.6219666771075695e-02, 1.9157417073274285e-02,
          3.6875229756962606e-02, 2.7680170514660447e-02,
          -3.2820180277410155e-03, 3.4737998720366214e-03,
          2.2384536367351503e-02, -6.1156981262091709e-03,
          -1.7774519448085272e-03, -4.6906553708157063e-04,
          6.5653329461758022e-05, 2.7593529268906215e-02,
          -6.1140310819416104e-03, 3.9752086397710270e-03,
          2.2617076045138303e-02, 8.3335961004308672e-03,
          -6.1156981262091709e-03, 5.9160007221019835e-02,
          3.0973165823078172e-02, 7.2112562272700825e-02,
          5.4478160564668095e-02, -3.9893722347530761e-02,
          7.1008673506365694e-02, 2.0379380315321275e-02,
          4.0810340332474368e-02, 1.9029274469223010e-02,
          -1.7774519448085272e-03, 3.0973165823078172e-02,
          1.2128726198586931e-01, 6.8721744989869285e-02,
          1.6228917449548141e-02, -5.6067497910258640e-02,
          5.7530057897369459e-02, 3.7912201875911232e-02,
          1.6205295211809270e-02, 1.7156835471438259e-02,
          -4.6906553708157063e-04, 7.2112562272700825e-02,
          6.8721744989869285e-02, 4.0658132597166780e-01,
          1.5203813429508020e-01, -1.9660269655564352e-01,
          1.9772556095414770e-01, -2.7778668447090180e-02,
          3.1600810828807037e-02, 2.6219666771075695e-02,
          6.5653329461758022e-05, 5.4478160564668095e-02,
          1.6228917449548141e-02, 1.5203813429508020e-01,
          1.5683642943920839e-01, -7.9445214011526058e-02,
          1.3772419300273739e-01, 2.0685605689615222e-02,
          -2.2103677985818065e-02, 1.9157417073274285e-02,
          2.7593529268906215e-02, -3.9893722347530761e-02,
          -5.6067497910258640e-02, -1.9660269655564352e-01,
          -7.9445214011526058e-02, 1.1233800908326743e+00,
          -2.3667268004612219e-01, 5.9198103196194896e-02,
          6.0657932793879807e-02, 3.6875229756962606e-02,
          -6.1140310819416104e-03, 7.1008673506365694e-02,
          5.7530057897369459e-02, 1.9772556095414770e-01,
          1.3772419300273739e-01, -2.3667268004612219e-01,
          4.4329138634122223e-01, 1.0014200822575792e-01,
          6.7552949420058531e-02, 2.7680170514660447e-02,
          3.9752086397710270e-03, 2.0379380315321275e-02,
          3.7912201875911232e-02, -2.7778668447090180e-02,
          2.0685605689615222e-02, 5.9198103196194896e-02,
          1.0014200822575792e-01, 1.2925129277156486e-01 ]
blastC: !!opencv-matrix
   rows: 1
   cols: 1
   dt: d
   data: [ 1.2657194185856588e-03 ]
blastNumEvents: 62.
blastMaxVals: !!opencv-matrix
   rows: 1
   cols: 10
   dt: d
   data: [ 4.5000000000000000e+00, 4.5000000000000000e+00,
       4.5000000000000000e+00, 4.5000000000000000e+00,
       4.5000000000000000e+00, 4.5000000000000000e+00,
       4.5000000000000000e+00, 4.5000000000000000e+00,
       4.5000000000000000e+00, 4.5000000000000000e+00 ]
