%YAML:1.0
---
groups:
   - intact
   - CD19
   - blast
intactGmmnames:
   - "intact.Bue061.0"
   - "intact.Bue061.1"
   - "intact.Bue061.2"
   - "intact.Bue061.3"
   - "intact.Bue061.4"
intactLabels:
   - FSC-A
   - SSC-A
   - SY41
   - CD19
   - CD10
   - CD20
   - CD45
   - CD34
   - CD38
   - CD58
intactMu: !!opencv-matrix
   rows: 5
   cols: 10
   dt: d
   data: [ 9.9421297940862741e-01, 1.7397127114538755e-01,
       3.6825922208136785e+00, 1.1758124498617157e+00,
       8.9494128553425500e-01, 1.0287081035774444e+00,
       3.1179089243282174e+00, 1.1203469824253840e+00,
       1.8764625625436300e+00, 7.7011201893897663e-01,
       1.4314749300237131e+00, 3.6440002820054229e-01,
       3.5930081342050344e+00, 1.1812905223352199e+00,
       9.0939042240156676e-01, 1.0145540499733285e+00,
       3.4268811731233506e+00, 1.1011500815604098e+00,
       3.2651737503566665e+00, 1.9190472091878075e+00,
       1.1991075731669061e+00, 2.7142160168578555e-01,
       3.7125891390260559e+00, 1.1740833899047918e+00,
       9.1003794888298439e-01, 9.8760726897542095e-01,
       1.3970441544571548e+00, 1.1954235087905012e+00,
       1.2350542883880697e+00, 2.4348514993378800e+00,
       2.1041177491143119e+00, 1.3403208425183397e+00,
       3.7205634440373712e+00, 1.2731648425716016e+00,
       1.4015410513409423e+00, 1.2964722024695998e+00,
       2.9125210790320275e+00, 1.5986637849558101e+00,
       2.0919861824051122e+00, 2.2862517474970212e+00,
       1.2473276559288942e+00, 2.7337551515350478e-01,
       3.6329756873261365e+00, 1.1729413867600706e+00,
       9.1155616358595426e-01, 1.0289950038183904e+00,
       3.2260300949510925e+00, 1.1112202188142852e+00,
       1.7308194377263564e+00, 1.6479720006979979e+00 ]
intactSigma:
   - !!opencv-matrix
      rows: 10
      cols: 10
      dt: d
      data: [ 1.5627848938948866e-02, 2.3224922405977681e-03,
          -3.7692832827128115e-03, -6.2749095315851408e-05,
          4.1580037996644353e-04, 4.2745719652040781e-04,
          5.6064646174157585e-03, -2.4967756362380940e-03,
          -4.0359298029387309e-03, 5.4025488918430647e-03,
          2.3224922405977681e-03, 1.3023297755571312e-03,
          -3.6502042950324078e-04, 5.9843262105938559e-05,
          1.8954144711373278e-04, 2.7320486452299663e-04,
          1.0490094320098117e-03, -1.0570212176749153e-04,
          -2.1717977420564112e-03, 1.9929971119786332e-03,
          -3.7692832827128115e-03, -3.6502042950324062e-04,
          8.4647303767127879e-03, 2.2053042791270498e-04,
          4.7630657435687362e-06, 5.8538585610154047e-04,
          1.1241901041055022e-03, 3.5168770958653051e-03,
          -5.7101791613384870e-03, -7.6376773043466987e-03,
          -6.2749095315851381e-05, 5.9843262105938559e-05,
          2.2053042791270503e-04, 4.7859324174570443e-03,
          4.0394119423896411e-04, 1.2162810235068898e-03,
          2.0129354878412617e-04, -2.3148848588289460e-03,
          4.2196469056686279e-04, 3.4720665418476834e-04,
          4.1580037996644337e-04, 1.8954144711373272e-04,
          4.7630657435687031e-06, 4.0394119423896400e-04,
          7.9200337095038029e-03, 1.2699668009239693e-03,
          1.4388782357254283e-03, -1.6918181469814291e-03,
          -3.2873085330617361e-04, -2.8793103626372149e-05,
          4.2745719652040803e-04, 2.7320486452299668e-04,
          5.8538585610154047e-04, 1.2162810235068898e-03,
          1.2699668009239693e-03, 6.3586926952081790e-02,
          6.6570723850769885e-03, -4.6608521897261341e-04,
          -1.5483957745105637e-03, 1.8587808886006952e-03,
          5.6064646174157585e-03, 1.0490094320098117e-03,
          1.1241901041055024e-03, 2.0129354878412625e-04,
          1.4388782357254292e-03, 6.6570723850769868e-03,
          1.2075462243977929e-01, 2.2406651553808009e-03,
          -1.1325890690871502e-02, 6.4393748446892555e-03,
          -2.4967756362380940e-03, -1.0570212176749150e-04,
          3.5168770958653051e-03, -2.3148848588289456e-03,
          -1.6918181469814293e-03, -4.6608521897261357e-04,
          2.2406651553808000e-03, 2.2921225562440962e-02,
          -5.0098692379968541e-03, -2.4940777048527152e-03,
          -4.0359298029387300e-03, -2.1717977420564107e-03,
          -5.7101791613384870e-03, 4.2196469056686247e-04,
          -3.2873085330617361e-04, -1.5483957745105622e-03,
          -1.1325890690871499e-02, -5.0098692379968533e-03,
          1.9123270581815913e-01, 2.4269697199382377e-03,
          5.4025488918430647e-03, 1.9929971119786332e-03,
          -7.6376773043466987e-03, 3.4720665418476817e-04,
          -2.8793103626372183e-05, 1.8587808886006952e-03,
          6.4393748446892529e-03, -2.4940777048527152e-03,
          2.4269697199382377e-03, 2.5104400749549581e-02 ]
   - !!opencv-matrix
      rows: 10
      cols: 10
      dt: d
      data: [ 1.7577331298781404e-02, 1.7643221026078335e-03,
          2.8956650011091752e-03, 1.2929737078618228e-04,
          4.9359437045778530e-04, 3.7198419730310843e-04,
          9.3694190518881296e-03, 3.3264479313783308e-04,
          6.3218955713925402e-03, 3.4556414937808605e-04,
          1.7643221026078333e-03, 3.5193847804546202e-03,
          2.5276813693767507e-04, 3.7636825366020785e-05,
          9.8216159288210981e-05, -1.0877761925758907e-04,
          -1.6713947121641327e-03, 2.6663435825489734e-04,
          4.2040031974819323e-03, 4.6463375962960563e-03,
          2.8956650011091743e-03, 2.5276813693767512e-04,
          7.3232091342423306e-03, 8.9103923081485100e-05,
          -8.2507880675614656e-05, -2.3989649180728589e-04,
          8.3135410915497442e-04, -3.9950205779172370e-04,
          1.1118096738164883e-03, -4.4936126185507828e-03,
          1.2929737078618228e-04, 3.7636825366020779e-05,
          8.9103923081485127e-05, 5.6197015707455224e-03,
          1.3029339399682179e-04, -1.1217052408255021e-03,
          5.2720400722881952e-04, -5.0357611221077030e-03,
          8.2312476769937223e-04, 5.3555390030706818e-04,
          4.9359437045778530e-04, 9.8216159288210981e-05,
          -8.2507880675614656e-05, 1.3029339399682184e-04,
          1.0524126707328623e-02, 1.0143068604961572e-03,
          2.1827310643203184e-03, -2.1880705528353399e-03,
          6.0890148072783397e-04, -5.8435287276290178e-04,
          3.7198419730310854e-04, -1.0877761925758917e-04,
          -2.3989649180728589e-04, -1.1217052408255027e-03,
          1.0143068604961565e-03, 1.7537261523609921e-01,
          5.6055304094261181e-03, -1.9592211727801540e-03,
          -1.6881940430424848e-03, 2.9573012421952338e-03,
          9.3694190518881296e-03, -1.6713947121641331e-03,
          8.3135410915497463e-04, 5.2720400722881973e-04,
          2.1827310643203180e-03, 5.6055304094261207e-03,
          8.2187146426727475e-02, 2.3062991229058799e-03,
          1.1244027854339603e-02, 1.7426476600193593e-02,
          3.3264479313783280e-04, 2.6663435825489712e-04,
          -3.9950205779172359e-04, -5.0357611221077030e-03,
          -2.1880705528353394e-03, -1.9592211727801536e-03,
          2.3062991229058786e-03, 4.6049767735430000e-02,
          -5.2475932284301271e-04, 3.0904443681577650e-03,
          6.3218955713925428e-03, 4.2040031974819323e-03,
          1.1118096738164881e-03, 8.2312476769937244e-04,
          6.0890148072783364e-04, -1.6881940430424852e-03,
          1.1244027854339601e-02, -5.2475932284301292e-04,
          4.4534458519452362e-02, 1.1798703755461397e-02,
          3.4556414937808599e-04, 4.6463375962960555e-03,
          -4.4936126185507819e-03, 5.3555390030706807e-04,
          -5.8435287276290091e-04, 2.9573012421952338e-03,
          1.7426476600193593e-02, 3.0904443681577659e-03,
          1.1798703755461397e-02, 9.3312749540357481e-02 ]
   - !!opencv-matrix
      rows: 10
      cols: 10
      dt: d
