%YAML:1.0
---
groups:
   - intact
   - CD19
   - blast
intactGmmnames:
   - "intact.Bue043.0"
   - "intact.Bue043.1"
   - "intact.Bue043.2"
   - "intact.Bue043.3"
   - "intact.Bue043.4"
intactLabels:
   - FSC-A
   - SSC-A
   - SY41
   - CD19
   - CD10
   - CD20
   - CD45
   - CD34
   - CD38
   - CD58
intactMu: !!opencv-matrix
   rows: 5
   cols: 10
   dt: d
   data: [ 9.7850918924101737e-01, 2.4005605670973318e-01,
       3.0656000952948563e+00, 1.0384929334165927e+00,
       9.6433197056282749e-01, 1.0519800480512780e+00,
       3.2538882094133590e+00, 1.1152200497179336e+00,
       1.5472278578753473e+00, 1.4248934241361391e+00,
       1.2229556389902168e+00, 3.9763804039045691e-01,
       3.3722684355116677e+00, 1.0627051063894515e+00,
       1.0477847813331991e+00, 1.0792411741419405e+00,
       1.4998920615282809e+00, 1.2670612022925509e+00,
       1.3042362276720207e+00, 2.5546466709865556e+00,
       2.0231534856651274e+00, 1.9960334935722890e+00,
       3.2969306472950515e+00, 1.1430832432438589e+00,
       1.5731135376064500e+00, 1.3156572395960289e+00,
       2.8358259589128796e+00, 1.8845839698094451e+00,
       1.9901174650086124e+00, 2.7523509207661205e+00,
       1.1878879981121566e+00, 3.2393065303853880e-01,
       3.1566474660650901e+00, 1.0548111162732383e+00,
       1.0202239915419624e+00, 1.1592327746440423e+00,
       3.4020069596123892e+00, 1.2094085283170528e+00,
       2.0448259687234382e+00, 2.2320377690102302e+00,
       9.3626771825189503e-01, 2.6764433021095307e-01,
       3.3107723234796125e+00, 1.0399810516506294e+00,
       9.4813294477793553e-01, 1.0543012739211883e+00,
       1.3066626426476657e+00, 1.2102094393446017e+00,
       1.1622540892017550e+00, 2.8603415987090441e+00 ]
intactSigma:
   - !!opencv-matrix
      rows: 10
      cols: 10
      dt: d
      data: [ 1.6402351087456937e-02, 4.0366663432529386e-03,
          3.3182755030575490e-03, 5.6586668999852589e-05,
          3.5146747537756105e-04, 2.6775851565687527e-04,
          7.3688763960716268e-03, -1.9866682753266017e-04,
          -9.0556798900971007e-03, 3.2000797390615843e-02,
          4.0366663432529386e-03, 2.4420083951480270e-03,
          8.0107100423428609e-04, 5.6170167019309637e-05,
          1.5091644264257802e-04, 1.2197981602720884e-04,
          3.3678052071706506e-03, -2.6037734370002321e-05,
          -3.6814099184404089e-03, 1.2530728784567088e-02,
          3.3182755030575490e-03, 8.0107100423428609e-04,
          4.1139693867178716e-03, 2.8205746915169895e-06,
          3.3220801061715080e-05, -9.1293028745185927e-05,
          1.2803143348847203e-03, 2.3745373125959969e-04,
          -4.0300232221174822e-03, 8.0321111179161211e-03,
          5.6586668999852549e-05, 5.6170167019309664e-05,
          2.8205746915169992e-06, 2.7274771209038757e-03,
          1.4381229018346159e-04, -3.0795394977920046e-04,
          5.3669362360013012e-05, -1.6776377318260748e-03,
          -4.3904129920263374e-04, 4.3987888781280872e-04,
          3.5146747537756094e-04, 1.5091644264257796e-04,
          3.3220801061715066e-05, 1.4381229018346162e-04,
          6.2667375009812501e-03, 2.8471614071416576e-04,
          4.0874678949825733e-04, -1.2941061020658551e-03,
          -8.4493633909563516e-04, 5.0050161858188015e-04,
          2.6775851565687532e-04, 1.2197981602720886e-04,
          -9.1293028745185833e-05, -3.0795394977920057e-04,
          2.8471614071416592e-04, 1.6292105945555399e-02,
          7.8790036259338356e-05, -5.0483625923551277e-04,
          -1.4220072158152857e-03, 7.4827230670558489e-04,
          7.3688763960716268e-03, 3.3678052071706511e-03,
          1.2803143348847205e-03, 5.3669362360012978e-05,
          4.0874678949825733e-04, 7.8790036259338491e-05,
          1.3790864433002339e-02, 1.3219328664732994e-04,
          -4.6735448792700916e-03, 2.5124973517753037e-02,
          -1.9866682753266017e-04, -2.6037734370002338e-05,
          2.3745373125959966e-04, -1.6776377318260753e-03,
          -1.2941061020658551e-03, -5.0483625923551287e-04,
          1.3219328664732991e-04, 1.3167188703109772e-02,
          3.1371569612745746e-03, 9.2563197404532378e-04,
          -9.0556798900971007e-03, -3.6814099184404102e-03,
          -4.0300232221174822e-03, -4.3904129920263363e-04,
          -8.4493633909563516e-04, -1.4220072158152857e-03,
          -4.6735448792700925e-03, 3.1371569612745755e-03,
          1.3377325540222690e-01, -4.7247557150719113e-02,
          3.2000797390615843e-02, 1.2530728784567088e-02,
          8.0321111179161211e-03, 4.3987888781280883e-04,
          5.0050161858187960e-04, 7.4827230670558478e-04,
          2.5124973517753044e-02, 9.2563197404532324e-04,
          -4.7247557150719113e-02, 2.3377841051492196e-01 ]
   - !!opencv-matrix
      rows: 10
      cols: 10
      dt: d
      data: [ 2.5509631929414445e-01, 9.5242842212719656e-02,
          8.1737230878041342e-02, -1.1220906090597580e-03,
          -1.0032054586156015e-02, -1.9187430959561368e-03,
          8.0982948244482780e-02, 1.8648829265877950e-02,
          5.0663686820582809e-02, 1.7959417043518086e-01,
          9.5242842212719656e-02, 5.6935467872278309e-02,
          3.4324859036217646e-02, -3.1624506776290720e-04,
          -3.9546703789254071e-03, -7.3789747352299615e-04,
          4.9698514878507807e-02, 1.1426047597982290e-02,
          3.4124548394424775e-02, 1.0721086079500311e-01,
          8.1737230878041342e-02, 3.4324859036217646e-02,
          4.3979739776276609e-02, 1.4721615644832495e-04,
          -2.1387583365206609e-03, 2.8053839530927050e-04,
          2.9165514645180027e-02, 1.2664499167545440e-02,
          1.7070606087466578e-02, 7.8678689679130456e-02,
          -1.1220906090597576e-03, -3.1624506776290747e-04,
          1.4721615644832503e-04, 8.1314013412918870e-03,
          5.3079863328497076e-03, 4.3351896945735454e-04,
          9.9820280086799227e-04, -2.2556306212368929e-03,
          7.0488624612007549e-05, 3.9289568543669200e-03,
          -1.0032054586156015e-02, -3.9546703789254071e-03,
          -2.1387583365206604e-03, 5.3079863328497076e-03,
          5.4977050163075622e-02, 4.8221886221570505e-03,
          5.1934565950597228e-03, 8.6848474557069989e-03,
          1.3301801138798056e-04, 3.7088638695457875e-03,
          -1.9187430959561370e-03, -7.3789747352299637e-04,
          2.8053839530927039e-04, 4.3351896945735481e-04,
          4.8221886221570505e-03, 1.9419187217301077e-02,
          2.0954542650752834e-03, 2.7484672092243550e-03,
          -8.8630627978283547e-04, 1.8096261956489562e-03,
          8.0982948244482766e-02, 4.9698514878507807e-02,
          2.9165514645180024e-02, 9.9820280086799183e-04,
          5.1934565950597219e-03, 2.0954542650752838e-03,
          1.2895672527455551e-01, 1.9166253766275992e-02,
          3.9382319974251082e-02, 1.0101805884101066e-01,
          1.8648829265877947e-02, 1.1426047597982290e-02,
          1.2664499167545440e-02, -2.2556306212368924e-03,
          8.6848474557069989e-03, 2.7484672092243550e-03,
          1.9166253766275992e-02, 5.2867255693256149e-02,
          8.3595540217751736e-03, 3.6801114492901126e-02,
          5.0663686820582809e-02, 3.4124548394424775e-02,
          1.7070606087466574e-02, 7.0488624612007427e-05,
          1.3301801138798045e-04, -8.8630627978283547e-04,
          3.9382319974251082e-02, 8.3595540217751771e-03,
          4.8696646216681516e-02, 6.5856810058834980e-02,
          1.7959417043518086e-01, 1.0721086079500311e-01,
          7.8678689679130456e-02, 3.9289568543669200e-03,
          3.7088638695457875e-03, 1.8096261956489566e-03,
          1.0101805884101066e-01, 3.6801114492901126e-02,
          6.5856810058834980e-02, 4.3976458256277046e-01 ]
   - !!opencv-matrix
      rows: 10
      cols: 10
      dt: d
