%YAML:1.0
---
groups:
   - intact
   - CD19
   - blast
intactGmmnames:
   - "intact.Bue051.0"
   - "intact.Bue051.1"
   - "intact.Bue051.2"
   - "intact.Bue051.3"
   - "intact.Bue051.4"
intactLabels:
   - FSC-A
   - SSC-A
   - SY41
   - CD19
   - CD10
   - CD20
   - CD45
   - CD34
   - CD38
   - CD58
intactMu: !!opencv-matrix
   rows: 5
   cols: 10
   dt: d
   data: [ 1.5618521554918943e+00, 2.6322005399943510e-01,
       2.0834180374073621e+00, 1.0652846571967978e+00,
       8.5018354442959809e-01, 1.1179103496530969e+00,
       3.4999954888344624e+00, 1.2480121824835775e+00,
       1.4799606954169278e+00, 1.7477886955697379e+00,
       2.2819606591423982e+00, 1.7512001682071916e+00,
       2.4640046105511328e+00, 1.2183584076155813e+00,
       2.3720546938908686e+00, 1.4045671953533150e+00,
       3.1639310745536715e+00, 1.8818828788211590e+00,
       1.8631164587535494e+00, 2.5693128007836044e+00,
       1.4188219218244262e+00, 4.1594021568559525e-01,
       2.7574768639580887e+00, 1.1046966034654211e+00,
       9.6896741600437863e-01, 1.1713343615837575e+00,
       1.7991705985902291e+00, 1.5204498650267104e+00,
       1.3199852881345933e+00, 2.5262174919162774e+00,
       1.7438469743821547e+00, 1.0185834607180315e+00,
       2.6105048485533944e+00, 1.5022419438731500e+00,
       1.8412033374220285e+00, 2.3955434158393074e+00,
       2.9943750795190098e+00, 2.5772071216587094e+00,
       1.6909084424625858e+00, 2.3751193659502343e+00,
       2.4921864080042599e+00, 1.5619525545272510e+00,
       2.4035377244443432e+00, 1.1945449384612350e+00,
       1.1920819384033732e+00, 1.3592830989461908e+00,
       2.8602540124021143e+00, 1.8714110014741558e+00,
       2.2846047975105241e+00, 2.4682404200021493e+00 ]
intactSigma:
   - !!opencv-matrix
      rows: 10
      cols: 10
      dt: d
      data: [ 9.6039791751999462e-02, 6.9845759724766242e-03,
          3.4179722411983374e-03, -2.5917932087235257e-04,
          -1.3807530125842943e-03, 2.0359017333458347e-03,
          2.0168171108856728e-02, -5.4678812899206543e-03,
          -2.0327692365986319e-02, 6.0454236871307666e-02,
          6.9845759724766225e-03, 5.5512519021423861e-03,
          2.7830016745155899e-03, 1.1809375169238899e-04,
          4.5803946508265228e-04, 9.7356485824048368e-04,
          7.3364768381882781e-03, 1.1973354219924398e-03,
          -1.6409322614686964e-03, 1.8937111051391658e-02,
          3.4179722411983348e-03, 2.7830016745155903e-03,
          1.0475175189888106e-01, 8.6494031700737740e-04,
          2.3062953413772362e-03, 2.6806899247647179e-03,
          -9.3999532696088708e-03, 4.7367249112555999e-03,
          -9.2820885332084400e-03, 2.3403170974639623e-02,
          -2.5917932087235246e-04, 1.1809375169238914e-04,
          8.6494031700737708e-04, 1.3030514456520042e-02,
          1.7408126704675461e-03, -3.0634697569065629e-04,
          -3.8384489574595501e-05, -5.2732083841821892e-03,
          1.4786060415441914e-03, 6.9834922705185769e-04,
          -1.3807530125842934e-03, 4.5803946508265228e-04,
          2.3062953413772362e-03, 1.7408126704675459e-03,
          3.3359800813271404e-02, 3.5397449634100454e-03,
          -3.0540439985732122e-05, -1.1302529769201698e-03,
          -1.0230788276829081e-04, 3.4239039727011742e-05,
          2.0359017333458347e-03, 9.7356485824048389e-04,
          2.6806899247647188e-03, -3.0634697569065645e-04,
          3.5397449634100441e-03, 4.1394898423464006e-02,
          2.8696691533388291e-03, -5.8414403655064910e-04,
          -1.0457781366350508e-02, 5.8998630134069960e-03,
          2.0168171108856728e-02, 7.3364768381882781e-03,
          -9.3999532696088690e-03, -3.8384489574595508e-05,
          -3.0540439985732143e-05, 2.8696691533388295e-03,
          3.2468361603445843e-02, -1.0267672880751814e-03,
          -1.3893129327876810e-02, 2.9276464673899601e-02,
          -5.4678812899206534e-03, 1.1973354219924402e-03,
          4.7367249112555999e-03, -5.2732083841821892e-03,
          -1.1302529769201698e-03, -5.8414403655064910e-04,
          -1.0267672880751812e-03, 3.7518649742177265e-02,
          6.7703924806099356e-04, 3.4762626125150915e-03,
          -2.0327692365986319e-02, -1.6409322614686964e-03,
          -9.2820885332084400e-03, 1.4786060415441914e-03,
          -1.0230788276829119e-04, -1.0457781366350510e-02,
          -1.3893129327876813e-02, 6.7703924806099421e-04,
          2.0492570074997105e-01, -2.4652311417100552e-02,
          6.0454236871307666e-02, 1.8937111051391658e-02,
          2.3403170974639623e-02, 6.9834922705185726e-04,
          3.4239039727011850e-05, 5.8998630134069960e-03,
          2.9276464673899601e-02, 3.4762626125150915e-03,
          -2.4652311417100559e-02, 1.7527611812759883e-01 ]
   - !!opencv-matrix
      rows: 10
      cols: 10
      dt: d
      data: [ 2.1451375652118257e-01, 8.1537759381915820e-02,
          -4.6496521119071071e-02, 1.1219532514974180e-02,
          4.6009967952096798e-03, 2.0922057922477404e-02,
          8.2709463480834591e-03, 3.0656080898879591e-02,
          3.1334098090511964e-02, 3.2800215917026143e-02,
          8.1537759381915806e-02, 1.4383579729608961e-01,
          1.0504156530388303e-02, 9.5880785066298200e-04,
          1.3628569938026322e-02, 1.3901953137237447e-02,
          3.2534494097593222e-03, 2.6450162180897310e-02,
          2.4578871725094781e-02, 1.2386749576149478e-02,
          -4.6496521119071085e-02, 1.0504156530388302e-02,
          8.0528447186001662e-02, -8.8104290405446369e-03,
          -1.8439710335281658e-02, 4.5619316296416877e-03,
          -1.9350911630294385e-02, 9.6952135628579593e-03,
          -7.1718257591703530e-03, -1.8136577212051901e-02,
          1.1219532514974180e-02, 9.5880785066298178e-04,
          -8.8104290405446387e-03, 5.9063874775980144e-02,
          9.4050864947236752e-03, 1.0383502019659400e-02,
          6.5351395221902838e-03, -5.2661100852576474e-03,
          1.0192377023629988e-02, 1.0360783465523670e-02,
          4.6009967952096833e-03, 1.3628569938026325e-02,
          -1.8439710335281658e-02, 9.4050864947236752e-03,
          8.6611101247799985e-02, 7.2761026176997737e-03,
          2.2142924624634689e-02, -1.2761624872521713e-03,
          1.5731155163650431e-03, 9.8470106057020855e-03,
          2.0922057922477401e-02, 1.3901953137237444e-02,
          4.5619316296416877e-03, 1.0383502019659400e-02,
          7.2761026176997720e-03, 6.5542423033964070e-02,
          5.1279517962330417e-03, 2.2099222149925227e-02,
          8.2637831898367507e-03, 1.0537138724029810e-02,
          8.2709463480834591e-03, 3.2534494097593214e-03,
          -1.9350911630294385e-02, 6.5351395221902838e-03,
          2.2142924624634689e-02, 5.1279517962330408e-03,
          2.4065230500972756e-02, 2.4652078010299642e-03,
          3.7207506231366877e-03, 1.0254182657095009e-02,
          3.0656080898879588e-02, 2.6450162180897310e-02,
          9.6952135628579593e-03, -5.2661100852576465e-03,
          -1.2761624872521706e-03, 2.2099222149925227e-02,
          2.4652078010299651e-03, 1.1240591753846788e-01,
          1.5377475321259281e-02, 1.3338098934960785e-02,
          3.1334098090511964e-02, 2.4578871725094785e-02,
          -7.1718257591703539e-03, 1.0192377023629988e-02,
          1.5731155163650440e-03, 8.2637831898367507e-03,
          3.7207506231366869e-03, 1.5377475321259281e-02,
          4.2477626133063350e-02, 1.5511698310647576e-02,
          3.2800215917026143e-02, 1.2386749576149478e-02,
          -1.8136577212051894e-02, 1.0360783465523672e-02,
          9.8470106057020855e-03, 1.0537138724029810e-02,
          1.0254182657095011e-02, 1.3338098934960785e-02,
          1.5511698310647576e-02, 2.6333817809565563e-02 ]
   - !!opencv-matrix
      rows: 10
      cols: 10
      dt: d
