%YAML:1.0
---
groups:
   - intact
   - CD19
   - blast
intactGmmnames:
   - "intact.Bue103.0"
   - "intact.Bue103.1"
   - "intact.Bue103.2"
   - "intact.Bue103.3"
   - "intact.Bue103.4"
intactLabels:
   - FSC-A
   - SSC-A
   - SY41
   - CD19
   - CD10
   - CD20
   - CD45
   - CD34
   - CD38
   - CD58
intactMu: !!opencv-matrix
   rows: 5
   cols: 10
   dt: d
   data: [ 1.6616431841164692e+00, 6.7115504436880113e-01,
       3.6834210388582651e+00, 1.2612956056474571e+00,
       9.3109863831743056e-01, 1.0898175140520483e+00,
       2.3055541418276437e+00, 1.5219306095256826e+00,
       2.3671821396439925e+00, 2.7107216330769064e+00,
       7.8683345642445790e-01, 2.2805250735056143e-01,
       3.5354808501954658e+00, 1.0251640670728386e+00,
       7.6407207542492950e-01, 8.5475456789997828e-01,
       1.5093231306136039e+00, 1.1579633559695317e+00,
       1.0664326807904960e+00, 2.8057332719695025e+00,
       1.2251167532543701e+00, 3.6073848754115517e-01,
       3.7186007440003226e+00, 1.0419833144416013e+00,
       7.8297755262214053e-01, 8.8267392428777580e-01,
       1.5848245811073940e+00, 1.1865651775506190e+00,
       1.1924702600700550e+00, 2.7797974387041546e+00,
       2.0061823843596396e+00, 1.7330174743595306e+00,
       3.5839376174865110e+00, 1.2432317267711872e+00,
       1.9038966098740446e+00, 1.2786956385218446e+00,
       2.3753571937418156e+00, 1.7900557936650761e+00,
       2.2927919324688131e+00, 2.7474474379026721e+00,
       1.1510973971459957e+00, 2.6543084645828124e-01,
       3.5266265804821795e+00, 1.0375026387360147e+00,
       7.7377285341464086e-01, 9.0959690143818650e-01,
       2.9498321194733217e+00, 1.0710292318963239e+00,
       1.8686122051133778e+00, 1.7095573832466011e+00 ]
intactSigma:
   - !!opencv-matrix
      rows: 10
      cols: 10
      dt: d
      data: [ 2.7214472889717772e-01, 1.0830144475208071e-01,
          3.5235930905301707e-02, -3.1740404846138819e-02,
          1.6054163525434716e-02, -3.7551964597586557e-02,
          9.3862258501041157e-02, 3.7207634495127907e-02,
          1.4921256182471757e-01, 6.6696927907220732e-02,
          1.0830144475208071e-01, 1.3119152961512057e-01,
          1.8960550173490506e-02, -6.4179687662450731e-03,
          3.7610437042783842e-02, 1.3879394409795571e-03,
          4.2780440324823164e-02, 4.7293089044419742e-02,
          1.2856489636297000e-01, 4.7390066946556668e-02,
          3.5235930905301707e-02, 1.8960550173490506e-02,
          2.9766110502943331e-02, -4.7324324131022034e-03,
          5.4857081516701003e-04, 5.3978352681657953e-03,
          -1.7469993454685109e-02, 1.3248866307041775e-02,
          -8.3871679728778070e-03, 1.9415253061770298e-02,
          -3.1740404846138819e-02, -6.4179687662450739e-03,
          -4.7324324131022034e-03, 1.5666325669779391e-01,
          2.0318024641538104e-02, 4.5739293750321180e-02,
          5.8974328220994547e-03, 1.8838819623728641e-02,
          -2.9726602456886939e-02, -5.5506381897900171e-03,
          1.6054163525434716e-02, 3.7610437042783842e-02,
          5.4857081516700992e-04, 2.0318024641538104e-02,
          1.1647433547157485e-01, 3.0591865790665057e-02,
          2.4939249549022591e-02, 3.5132140430645602e-02,
          1.0671126897690517e-02, 9.3776705736692677e-03,
          -3.7551964597586557e-02, 1.3879394409795584e-03,
          5.3978352681657935e-03, 4.5739293750321180e-02,
          3.0591865790665057e-02, 2.6102518988573081e-01,
          -7.5283776692802668e-03, 6.1266952808717370e-02,
          -8.6360269448116658e-02, -2.7136233514600011e-02,
          9.3862258501041157e-02, 4.2780440324823164e-02,
          -1.7469993454685109e-02, 5.8974328220994512e-03,
          2.4939249549022588e-02, -7.5283776692802703e-03,
          3.5726853896128286e-01, 2.9662296576435990e-02,
          2.4365490912605714e-01, -3.1251104860423137e-02,
          3.7207634495127907e-02, 4.7293089044419742e-02,
          1.3248866307041775e-02, 1.8838819623728641e-02,
          3.5132140430645602e-02, 6.1266952808717356e-02,
          2.9662296576435990e-02, 2.3762712016147847e-01,
          7.9696381443632586e-02, 1.2685883321846071e-02,
          1.4921256182471757e-01, 1.2856489636297000e-01,
          -8.3871679728778070e-03, -2.9726602456886936e-02,
          1.0671126897690519e-02, -8.6360269448116700e-02,
          2.4365490912605714e-01, 7.9696381443632600e-02,
          7.9985400891568204e-01, 1.3364228746305299e-02,
          6.6696927907220732e-02, 4.7390066946556675e-02,
          1.9415253061770298e-02, -5.5506381897900180e-03,
          9.3776705736692660e-03, -2.7136233514600018e-02,
          -3.1251104860423137e-02, 1.2685883321846066e-02,
          1.3364228746305299e-02, 1.3167859878184937e-01 ]
   - !!opencv-matrix
      rows: 10
      cols: 10
      dt: d
      data: [ 5.4048905252241167e-03, 1.6699572436564827e-03,
          6.2316745019750210e-04, 8.6558948544787309e-06,
          4.4470501636158661e-04, -7.2380161170887652e-05,
          1.1089145839829823e-03, 2.0395116030020170e-04,
          7.8889323374040207e-04, 2.4952947707455528e-03,
          1.6699572436564827e-03, 2.1163603824208592e-03,
          8.9821637658732780e-04, 5.9402195781998393e-05,
          3.1658467341738974e-04, 1.6426302067176239e-05,
          9.1096728586998886e-04, 4.8558286740520157e-04,
          7.3846128455748970e-04, 2.0892245949551465e-03,
          6.2316745019750210e-04, 8.9821637658732780e-04,
          4.1614529682295343e-03, -9.5506590644812333e-05,
          -2.8193914996849646e-05, -3.7970321401359612e-05,
          4.4209672616764891e-04, 1.5784943365330909e-04,
          1.4685389462300861e-04, 2.1065533820265531e-05,
          8.6558948544787529e-06, 5.9402195781998393e-05,
          -9.5506590644812346e-05, 1.6430387663800779e-02,
          2.5443056620878541e-04, -1.1402520648415202e-03,
          -1.6493617176838538e-05, -6.8655493436517020e-03,
          1.4892114207009185e-04, 1.4421945390546748e-04,
          4.4470501636158661e-04, 3.1658467341738985e-04,
          -2.8193914996849622e-05, 2.5443056620878568e-04,
          3.8471014536948442e-02, 7.4249115093571148e-04,
          5.9296144534072765e-04, -5.0070105116571135e-03,
          4.6993473104313486e-04, -8.2880794508731319e-04,
          -7.2380161170887720e-05, 1.6426302067176209e-05,
          -3.7970321401359639e-05, -1.1402520648415202e-03,
          7.4249115093571181e-04, 3.3989752828894743e-02,
          9.8456534919806672e-05, -2.7025962748389145e-03,
          -3.0324571908574294e-03, -1.2446978712630117e-05,
          1.1089145839829823e-03, 9.1096728586998908e-04,
          4.4209672616764891e-04, -1.6493617176838643e-05,
          5.9296144534072787e-04, 9.8456534919806469e-05,
          2.2148674103988335e-02, 1.1617026388796158e-04,
          -1.6343120235724319e-03, 1.0258431476032205e-03,
          2.0395116030020175e-04, 4.8558286740520168e-04,
          1.5784943365330909e-04, -6.8655493436517038e-03,
          -5.0070105116571144e-03, -2.7025962748389136e-03,
          1.1617026388796155e-04, 3.9071737227621917e-02,
          4.8847047622073238e-05, 1.2168927641593586e-03,
          7.8889323374040207e-04, 7.3846128455748970e-04,
          1.4685389462300863e-04, 1.4892114207009190e-04,
          4.6993473104313540e-04, -3.0324571908574294e-03,
          -1.6343120235724315e-03, 4.8847047622073170e-05,
          9.5081388147136327e-03, 1.0297367807517428e-03,
          2.4952947707455532e-03, 2.0892245949551465e-03,
          2.1065533820265514e-05, 1.4421945390546742e-04,
          -8.2880794508731340e-04, -1.2446978712630048e-05,
          1.0258431476032205e-03, 1.2168927641593589e-03,
          1.0297367807517428e-03, 9.1836445456899059e-03 ]
   - !!opencv-matrix
      rows: 10
      cols: 10
      dt: d
