%YAML:1.0
---
groups:
   - intact
   - CD19
   - blast
intactGmmnames:
   - "intact.Bue107.0"
   - "intact.Bue107.1"
   - "intact.Bue107.2"
   - "intact.Bue107.3"
   - "intact.Bue107.4"
intactLabels:
   - FSC-A
   - SSC-A
   - SY41
   - CD19
   - CD10
   - CD20
   - CD45
   - CD34
   - CD38
   - CD58
intactMu: !!opencv-matrix
   rows: 5
   cols: 10
   dt: d
   data: [ 1.1393834608437756e+00, 2.5520126462666981e-01,
       2.2499632021765916e+00, 1.0839877471186872e+00,
       7.9889252245510367e-01, 9.6461090883075573e-01,
       3.0528416641873735e+00, 1.0140820007622229e+00,
       1.9977627610615678e+00, 1.4679007861835001e+00,
       2.0858519571613399e+00, 1.9666234686465991e+00,
       2.3591289290968196e+00, 1.2876855599736552e+00,
       2.5392396450903827e+00, 1.3134715660451413e+00,
       2.7420967762204485e+00, 2.0856847217140126e+00,
       1.8353717079536920e+00, 2.8096123243476172e+00,
       1.7224015181437811e+00, 1.2301452118370269e+00,
       2.4266902157755634e+00, 1.1940150486630130e+00,
       1.3744173509338542e+00, 1.1689265329672922e+00,
       2.1050948833156036e+00, 1.6097082336327080e+00,
       1.8257894983002694e+00, 2.7266986654542604e+00,
       1.4114119355293897e+00, 4.5182340981399410e-01,
       2.2781169780820671e+00, 1.1668433668223175e+00,
       8.3551174830354280e-01, 1.0262232771911164e+00,
       2.6904945417986506e+00, 1.3916756780536275e+00,
       2.8029798556392169e+00, 2.2294093433776907e+00,
       8.8688261504620480e-01, 2.4624959493990728e-01,
       2.2552801904343327e+00, 1.0819885289048456e+00,
       7.8271731434543523e-01, 9.4416222541619377e-01,
       1.4582959278351479e+00, 1.1279891045874095e+00,
       1.3090779909714612e+00, 2.5714336225617154e+00 ]
intactSigma:
   - !!opencv-matrix
      rows: 10
      cols: 10
      dt: d
      data: [ 2.6588112905415903e-02, 6.2429319479714394e-03,
          -2.2379621023309385e-03, -2.7393210576384360e-05,
          1.4270159077547620e-03, 1.4835371490673529e-04,
          9.9430787501414014e-03, -2.3455733617339411e-05,
          -1.2701332422198560e-02, 2.3887549098446783e-02,
          6.2429319479714394e-03, 3.7055654733422309e-03,
          -1.4099784279431894e-03, -1.0503061553986674e-05,
          5.6692789413311212e-04, 1.4346877471256006e-04,
          4.4209670807281434e-03, 9.1356338706844375e-04,
          -2.7757182026101595e-03, 1.2323691186237273e-02,
          -2.2379621023309385e-03, -1.4099784279431894e-03,
          1.1506763902106164e-02, 9.9145412459024753e-05,
          5.0872741448077370e-05, 4.1310604581059853e-05,
          -4.8643817574558689e-03, 8.2014823950358464e-04,
          -1.0695249284936534e-03, -5.4429153975017767e-03,
          -2.7393210576384306e-05, -1.0503061553986666e-05,
          9.9145412459024644e-05, 4.8328082670668791e-03,
          1.6444734456773924e-04, -3.8850385575281231e-04,
          -5.1255847793412963e-05, -6.2203162933184069e-03,
          -1.9748709148092515e-04, -3.6962927587430175e-05,
          1.4270159077547620e-03, 5.6692789413311233e-04,
          5.0872741448077336e-05, 1.6444734456773930e-04,
          2.3744058556626084e-02, 2.8938488985603533e-04,
          9.6667080875353082e-04, -5.3635570430384111e-03,
          -3.0937948190010302e-03, -2.0071301573180804e-05,
          1.4835371490673515e-04, 1.4346877471256006e-04,
          4.1310604581059826e-05, -3.8850385575281242e-04,
          2.8938488985603543e-04, 2.8736834161501735e-02,
          3.2729983344683913e-04, -1.8528454240638891e-03,
          -1.8088145460694730e-03, 1.3809379487957566e-03,
          9.9430787501414014e-03, 4.4209670807281434e-03,
          -4.8643817574558681e-03, -5.1255847793413011e-05,
          9.6667080875353104e-04, 3.2729983344683886e-04,
          1.7080318462687531e-02, 7.1436488472500863e-04,
          8.0476870092699611e-04, 1.3672331229663439e-02,
          -2.3455733617339499e-05, 9.1356338706844386e-04,
          8.2014823950358410e-04, -6.2203162933184069e-03,
          -5.3635570430384119e-03, -1.8528454240638883e-03,
          7.1436488472500896e-04, 7.7599479960337253e-02,
          3.1872457155147746e-03, 9.3696842768763219e-03,
          -1.2701332422198562e-02, -2.7757182026101595e-03,
          -1.0695249284936531e-03, -1.9748709148092528e-04,
          -3.0937948190010323e-03, -1.8088145460694721e-03,
          8.0476870092699643e-04, 3.1872457155147737e-03,
          2.6029452846388479e-01, -4.0250334839584047e-02,
          2.3887549098446776e-02, 1.2323691186237272e-02,
          -5.4429153975017758e-03, -3.6962927587430263e-05,
          -2.0071301573180932e-05, 1.3809379487957566e-03,
          1.3672331229663442e-02, 9.3696842768763184e-03,
          -4.0250334839584040e-02, 1.6793188291093858e-01 ]
   - !!opencv-matrix
      rows: 10
      cols: 10
      dt: d
      data: [ 8.3418261708150254e-02, 9.3535499004083103e-02,
          -2.8384917750732502e-03, 7.5398475288878438e-03,
          -2.3963374515707800e-03, 2.6056917430205776e-02,
          7.7155478829859776e-04, 3.5564868553794635e-02,
          1.6164051217600797e-02, 1.3205645335912324e-02,
          9.3535499004083089e-02, 1.9539919144964632e-01,
          7.6620336628097042e-04, 9.6219984719815126e-03,
          1.9214552232773876e-02, 2.7073925144368176e-02,
          1.4984714181665108e-02, 3.8879756811292118e-02,
          3.3783380955780394e-02, 1.6086160750419753e-02,
          -2.8384917750732502e-03, 7.6620336628097064e-04,
          1.2685207954295886e-02, -9.2171091432808228e-04,
          -6.3340798030507694e-03, 3.1883938236966367e-04,
          -4.5104223129781122e-03, 1.2884105876192638e-03,
          1.6193168356930542e-03, -1.0530197889797044e-03,
          7.5398475288878438e-03, 9.6219984719815091e-03,
          -9.2171091432808228e-04, 5.2891312576637851e-02,
          1.0894948159010766e-02, 6.0157556675518682e-03,
          8.3356351288519526e-03, -3.6418128153213603e-03,
          3.3122190396301186e-03, 3.9800161665848963e-03,
          -2.3963374515707809e-03, 1.9214552232773876e-02,
          -6.3340798030507694e-03, 1.0894948159010768e-02,
          1.0804566318047773e-01, 4.4534247934584726e-03,
          4.5434652977965014e-02, -5.3709304881795054e-04,
          3.5071976281093176e-04, 4.9844024966880099e-03,
          2.6056917430205776e-02, 2.7073925144368172e-02,
          3.1883938236966367e-04, 6.0157556675518673e-03,
          4.4534247934584752e-03, 5.8094675047333531e-02,
          4.6721385371678989e-03, 2.0728183337485270e-02,
          1.9450773867214605e-03, 7.2272235565936241e-03,
          7.7155478829859733e-04, 1.4984714181665111e-02,
          -4.5104223129781140e-03, 8.3356351288519544e-03,
          4.5434652977965014e-02, 4.6721385371678997e-03,
          3.9048766540460619e-02, 3.5930839617464754e-03,
          -2.3788025939060401e-04, 3.9385276574073775e-03,
          3.5564868553794628e-02, 3.8879756811292111e-02,
          1.2884105876192638e-03, -3.6418128153213611e-03,
          -5.3709304881794978e-04, 2.0728183337485266e-02,
          3.5930839617464736e-03, 7.7108885324858267e-02,
          6.1529246112254502e-03, 8.7854362814010559e-03,
          1.6164051217600797e-02, 3.3783380955780408e-02,
          1.6193168356930538e-03, 3.3122190396301199e-03,
          3.5071976281093187e-04, 1.9450773867214614e-03,
          -2.3788025939060415e-04, 6.1529246112254502e-03,
          4.9051201554700136e-02, 5.4327625427568150e-03,
          1.3205645335912326e-02, 1.6086160750419753e-02,
          -1.0530197889797048e-03, 3.9800161665848963e-03,
          4.9844024966880108e-03, 7.2272235565936241e-03,
          3.9385276574073775e-03, 8.7854362814010559e-03,
          5.4327625427568150e-03, 8.4697725423682774e-03 ]
   - !!opencv-matrix
      rows: 10
      cols: 10
      dt: d
