%YAML:1.0
---
groups:
   - intact
   - CD19
   - blast
intactGmmnames:
   - "intact.2014-4564.0"
   - "intact.2014-4564.1"
   - "intact.2014-4564.2"
   - "intact.2014-4564.3"
   - "intact.2014-4564.4"
intactLabels:
   - FSC-A
   - SSC-A
   - SY41
   - CD19
   - CD10
   - CD20
   - CD45
   - CD34
   - CD38
   - CD58
intactMu: !!opencv-matrix
   rows: 5
   cols: 10
   dt: d
   data: [ 1.5255594485154274e+00, 3.4881138968724268e-01,
       2.2660844851066280e+00, 1.4950568897546213e+00,
       8.8382607191280615e-01, 1.1725250649508552e+00,
       3.4629155546310511e+00, 1.2079156859935158e+00,
       2.2118248590435625e+00, 9.3712310362678941e-01,
       3.3231476511975564e+00, 3.4453715877088569e+00,
       2.4486545149962389e+00, 1.6774151226646328e+00,
       1.6707311169071946e+00, 1.1978542665497400e+00,
       2.5108015465642235e+00, 1.2533743229385315e+00,
       1.6401788141532130e+00, 2.1258207448524518e+00,
       2.1146807755175216e+00, 1.3004273405123736e+00,
       2.2830090549666537e+00, 1.7733086934445561e+00,
       1.1978710020013326e+00, 1.3458224920072663e+00,
       3.2756043002486135e+00, 1.2822804080247667e+00,
       2.4049126122706310e+00, 1.5386004732756806e+00,
       1.7043519846180162e+00, 1.2868464144284109e+00,
       1.5274441825788110e+00, 1.3677279381704748e+00,
       9.2870299211695262e-01, 1.2018080342126418e+00,
       1.3970971804214438e+00, 1.2444804018165920e+00,
       1.2009379202525914e+00, 1.3178243953471516e+00,
       1.9687956902427592e+00, 5.5734771477847522e-01,
       2.0845476917606982e+00, 1.5934642638250636e+00,
       9.0634593166160304e-01, 1.1704129090165802e+00,
       3.5559817536196041e+00, 1.2082171317567598e+00,
       2.2536515136318402e+00, 1.2075822239330405e+00 ]
intactSigma:
   - !!opencv-matrix
      rows: 10
      cols: 10
      dt: d
      data: [ 6.6173119441548023e-02, 7.5974651878859935e-03,
          -2.2429057302116556e-02, 4.7284500674565459e-03,
          6.9849626279089533e-04, -7.6996778327955188e-04,
          7.2087348573339257e-03, -8.8128013283074978e-04,
          4.6007761175055244e-03, -1.1718513890250505e-03,
          7.5974651878859935e-03, 9.8885065730471011e-03,
          -3.5434806907024071e-03, 2.8910644318186998e-03,
          1.3758579297318179e-03, -1.6137047769248128e-04,
          3.2191765814570121e-03, -3.1947082164380917e-04,
          2.8346022039446204e-04, 2.3412078228300135e-02,
          -2.2429057302116553e-02, -3.5434806907024066e-03,
          6.6228962426719287e-02, -3.2706366954680976e-03,
          5.8307255002654624e-04, 6.3872190231998346e-04,
          -5.2096766694778290e-03, 1.6670355573156754e-04,
          -4.9633433606346283e-03, 2.9729574449676999e-03,
          4.7284500674565451e-03, 2.8910644318186998e-03,
          -3.2706366954680962e-03, 2.5503576912865648e-02,
          7.4060642136388475e-04, -1.8905757839186451e-03,
          3.4846975609944737e-03, -3.2727828406390588e-04,
          -6.0733854746034314e-04, 3.4355719868312986e-03,
          6.9849626279089609e-04, 1.3758579297318179e-03,
          5.8307255002654635e-04, 7.4060642136388507e-04,
          4.1067590143696271e-02, 1.2323555762011525e-04,
          3.3205608731388204e-04, -4.3561180323276229e-04,
          1.5482561377379051e-04, 5.2608161338091597e-03,
          -7.6996778327955188e-04, -1.6137047769248136e-04,
          6.3872190231998346e-04, -1.8905757839186457e-03,
          1.2323555762011522e-04, 1.5012458372980543e-02,
          -3.2497944194344314e-04, -3.5797220677494163e-03,
          -7.3605765632747929e-03, 3.9527739051921240e-05,
          7.2087348573339257e-03, 3.2191765814570121e-03,
          -5.2096766694778290e-03, 3.4846975609944745e-03,
          3.3205608731388183e-04, -3.2497944194344303e-04,
          7.6460719005956501e-03, -2.4334246160840004e-04,
          4.3981295750578058e-03, 9.1571330224120544e-04,
          -8.8128013283075000e-04, -3.1947082164380890e-04,
          1.6670355573156708e-04, -3.2727828406390621e-04,
          -4.3561180323276202e-04, -3.5797220677494168e-03,
          -2.4334246160839979e-04, 4.1469280778507998e-02,
          4.3513875131244197e-03, -2.8929942535948323e-04,
          4.6007761175055253e-03, 2.8346022039446204e-04,
          -4.9633433606346292e-03, -6.0733854746034346e-04,
          1.5482561377379027e-04, -7.3605765632747911e-03,
          4.3981295750578058e-03, 4.3513875131244205e-03,
          5.9895724868170658e-02, -3.0557553599279267e-03,
          -1.1718513890250507e-03, 2.3412078228300135e-02,
          2.9729574449676990e-03, 3.4355719868313004e-03,
          5.2608161338091571e-03, 3.9527739051921240e-05,
          9.1571330224120490e-04, -2.8929942535948366e-04,
          -3.0557553599279258e-03, 1.4181151786174001e-01 ]
   - !!opencv-matrix
      rows: 10
      cols: 10
      dt: d
      data: [ 3.3743921122486631e-01, 9.6263000406050764e-02,
          -1.9266063230110157e-02, 1.1363218534319300e-02,
          -1.4291882555461271e-03, 1.8757172164733382e-03,
          -1.3360698813452322e-02, -9.0273622343984899e-04,
          4.1622909189999932e-03, 6.2224510532702376e-03,
          9.6263000406050764e-02, 2.8782761738413482e-01,
          -2.1051414814645873e-02, 3.6635796629182212e-02,
          3.3001879761966606e-02, 4.1371230420951744e-04,
          1.1438041597037096e-02, 1.9541336257912672e-03,
          9.7381798307245825e-03, 1.8349194493833081e-02,
          -1.9266063230110153e-02, -2.1051414814645873e-02,
          1.1277068635084939e-01, -2.5217288392206496e-03,
          -4.8746166828974383e-03, 8.6069502353950614e-04,
          -1.8905233287727235e-03, -6.4335626951725604e-04,
          -3.4986849404775693e-03, -1.0366637175030062e-03,
          1.1363218534319298e-02, 3.6635796629182212e-02,
          -2.5217288392206491e-03, 2.0923434288955111e-02,
          9.0482992932392758e-03, -1.0153180496814754e-03,
          3.9581409880274070e-03, 1.6396184053314717e-05,
          -2.6560437357211193e-03, 2.2738121063217553e-03,
          -1.4291882555461271e-03, 3.3001879761966606e-02,
          -4.8746166828974383e-03, 9.0482992932392741e-03,
          1.6252180316693651e-01, 9.6355374180741825e-04,
          2.7805915885232905e-02, 1.6901817202110550e-05,
          4.5893134731965265e-03, 1.0471578779826426e-02,
          1.8757172164733393e-03, 4.1371230420951766e-04,
          8.6069502353950669e-04, -1.0153180496814754e-03,
          9.6355374180741825e-04, 1.1853591953760307e-02,
          -7.7022639215265824e-06, -1.8143953821251166e-03,
          -7.2799551058077786e-03, 4.6374094072379132e-04,
          -1.3360698813452322e-02, 1.1438041597037096e-02,
          -1.8905233287727231e-03, 3.9581409880274053e-03,
          2.7805915885232912e-02, -7.7022639215262487e-06,
          4.5683615064585320e-02, 1.2084605002921794e-03,
          7.9839421803971026e-03, 4.1397159401655725e-03,
          -9.0273622343984932e-04, 1.9541336257912672e-03,
          -6.4335626951725626e-04, 1.6396184053314504e-05,
          1.6901817202110573e-05, -1.8143953821251166e-03,
          1.2084605002921787e-03, 1.7372106106890030e-02,
          3.3251803844030281e-03, 1.9862319810168053e-04,
          4.1622909189999941e-03, 9.7381798307245842e-03,
          -3.4986849404775684e-03, -2.6560437357211189e-03,
          4.5893134731965273e-03, -7.2799551058077778e-03,
          7.9839421803971026e-03, 3.3251803844030281e-03,
          4.6385857169905086e-02, 4.0337433706549115e-03,
          6.2224510532702376e-03, 1.8349194493833081e-02,
          -1.0366637175030066e-03, 2.2738121063217553e-03,
          1.0471578779826426e-02, 4.6374094072379132e-04,
          4.1397159401655734e-03, 1.9862319810168047e-04,
          4.0337433706549106e-03, 2.4598215323645159e-02 ]
   - !!opencv-matrix
      rows: 10
      cols: 10
