%YAML:1.0
---
groups:
   - intact
   - CD19
intactGmmnames:
   - "intact.2014-1585.0"
   - "intact.2014-1585.1"
   - "intact.2014-1585.2"
   - "intact.2014-1585.3"
   - "intact.2014-1585.4"
intactLabels:
   - FSC-A
   - SSC-A
   - SY41
   - CD19
   - CD10
   - CD20
   - CD45
   - CD34
   - CD38
   - CD58
intactMu: !!opencv-matrix
   rows: 5
   cols: 10
   dt: d
   data: [ 1.1949482949460892e+00, 3.3687451323456413e-01,
       3.4036311228103444e+00, 1.1433964031026451e+00,
       1.0312172718794781e+00, 1.0483503171301780e+00,
       3.4940915772306389e+00, 1.1106138538970047e+00,
       2.0994514015555961e+00, 1.4383386445282083e+00,
       3.1159495577536593e+00, 3.1503169854750603e+00,
       3.2406164257807379e+00, 1.7177209324560851e+00,
       1.2479421579988348e+00, 1.0870727648062024e+00,
       2.9584778315026230e+00, 1.1880256289604341e+00,
       2.0454488732242933e+00, 2.0934859107749948e+00,
       1.1366905283861704e+00, 5.7269726714039060e-01,
       3.2265251166253099e+00, 1.2484822523891894e+00,
       1.2213680571828982e+00, 1.0852548134236046e+00,
       1.4002491241435138e+00, 1.1183514909078134e+00,
       1.5856268215155305e+00, 2.4790334079836294e+00,
       2.5441952939631656e+00, 3.2823451475384871e+00,
       3.2319346540700540e+00, 1.7587042631263332e+00,
       2.4595487047665672e+00, 1.0993182809704833e+00,
       3.1764809533708993e+00, 1.2172028749348585e+00,
       1.8993486621111750e+00, 2.2090998744552404e+00,
       1.8010563405803672e+00, 1.3031893069438589e+00,
       3.1920042539065476e+00, 1.3730210900349118e+00,
       1.2302086190223227e+00, 1.1793889150067356e+00,
       3.1770175941011782e+00, 1.3085867266740474e+00,
       2.4815814713280453e+00, 1.9678028721111192e+00 ]
intactSigma:
   - !!opencv-matrix
      rows: 10
      cols: 10
      dt: d
      data: [ 1.0104114412056134e-01, 1.3057637485484132e-02,
          -1.8718086224837956e-02, 3.1933624705046340e-04,
          1.1476673702070753e-03, -4.8305184688237810e-04,
          1.3691814005819661e-02, -7.0307920211736170e-04,
          -2.9571024427012239e-03, 2.7836401378071900e-02,
          1.3057637485484132e-02, 1.0512065238925908e-02,
          -2.8117193745656136e-03, 1.7250635215198514e-03,
          1.1576041952211888e-03, 1.2804262222881673e-04,
          6.0557651804021909e-03, 3.5194259642192086e-04,
          7.6003360224926740e-04, 2.4614853878538852e-02,
          -1.8718086224837956e-02, -2.8117193745656136e-03,
          1.0809624761836310e-02, 4.0103486150289028e-04,
          2.9557731582833096e-05, 5.7206125030846613e-04,
          -3.8313288909897847e-03, 9.0711596591729927e-04,
          1.6707558192418889e-04, -6.7629098088640071e-03,
          3.1933624705046297e-04, 1.7250635215198514e-03,
          4.0103486150289055e-04, 5.1533802964664442e-02,
          4.4351084500765092e-04, -3.7252718603238660e-03,
          -8.2504225264249276e-04, -1.0500370289985904e-03,
          -4.4664579406329423e-03, 4.3410302935911853e-03,
          1.1476673702070753e-03, 1.1576041952211884e-03,
          2.9557731582833110e-05, 4.4351084500765075e-04,
          1.6696728583717350e-02, 4.5463020764511110e-04,
          5.4399921922353817e-04, -5.5611485722679521e-04,
          -4.8168325080501191e-04, 4.0888597009155585e-03,
          -4.8305184688237810e-04, 1.2804262222881671e-04,
          5.7206125030846602e-04, -3.7252718603238652e-03,
          4.5463020764511120e-04, 4.4574472446017664e-02,
          -6.0212175290413135e-04, -1.0149642665024841e-02,
          -8.8580388000713620e-03, 2.7171436471934689e-04,
          1.3691814005819661e-02, 6.0557651804021909e-03,
          -3.8313288909897847e-03, -8.2504225264249276e-04,
          5.4399921922353807e-04, -6.0212175290413135e-04,
          1.0558210872913825e-02, 2.2156819689987515e-04,
          2.3752894448798184e-03, 1.2874568125968398e-02,
          -7.0307920211736062e-04, 3.5194259642192102e-04,
          9.0711596591729949e-04, -1.0500370289985906e-03,
          -5.5611485722679510e-04, -1.0149642665024841e-02,
          2.2156819689987523e-04, 1.2804181201737827e-01,
          5.7125351192509827e-03, 4.4350082686689585e-04,
          -2.9571024427012256e-03, 7.6003360224926740e-04,
          1.6707558192418894e-04, -4.4664579406329423e-03,
          -4.8168325080501196e-04, -8.8580388000713602e-03,
          2.3752894448798184e-03, 5.7125351192509870e-03,
          3.0892915766915871e-02, 1.3024151962738166e-03,
          2.7836401378071907e-02, 2.4614853878538855e-02,
          -6.7629098088640141e-03, 4.3410302935911861e-03,
          4.0888597009155576e-03, 2.7171436471934749e-04,
          1.2874568125968398e-02, 4.4350082686689661e-04,
          1.3024151962738166e-03, 1.6501426260535951e-01 ]
   - !!opencv-matrix
      rows: 10
      cols: 10
      dt: d
      data: [ 3.7466736685217555e-01, 1.3978332248595202e-01,
          1.9875156308135213e-02, 2.5337022982575268e-02,
          4.3975170834966923e-03, 1.0014097943216620e-03,
          -3.3063358448787452e-03, 5.9349027940311895e-03,
          2.8678982344911261e-02, 3.6880563598856923e-03,
          1.3978332248595202e-01, 3.6821417063315043e-01,
          5.6762878522212783e-03, 6.1469517058836728e-02,
          2.2921730367851154e-02, 3.9160541490579478e-03,
          2.5320180636443847e-02, 1.4181979257128942e-02,
          3.9085141491605163e-02, 3.3552015526782233e-02,
          1.9875156308135213e-02, 5.6762878522212757e-03,
          3.2693889806991019e-02, 9.4898807398929852e-04,
          -1.9452397679459578e-03, 5.3495569811633684e-05,
          -3.2281242506970037e-03, 9.5275339420794903e-04,
          1.5309979918354800e-02, -1.5373983859567949e-03,
          2.5337022982575268e-02, 6.1469517058836735e-02,
          9.4898807398929820e-04, 3.6342842752066847e-02,
          4.7712741752550516e-03, -2.3920571583776547e-03,
          3.4449463777506658e-03, 2.6742033307046590e-03,
          3.7629107346345602e-03, 5.9127031419693339e-03,
          4.3975170834966906e-03, 2.2921730367851154e-02,
          -1.9452397679459571e-03, 4.7712741752550508e-03,
          4.1803700081723877e-02, -6.6884855787238443e-05,
          5.3370469314480608e-03, 8.1495093675976876e-04,
          -2.0036601677185777e-03, 7.2517475320590967e-03,
          1.0014097943216625e-03, 3.9160541490579443e-03,
          5.3495569811633555e-05, -2.3920571583776547e-03,
          -6.6884855787238321e-05, 4.7243053740068472e-02,
          2.8586039890051931e-04, -5.5402657213749163e-03,
          -8.3406481306043875e-03, 1.1301496949009395e-03,
          -3.3063358448787465e-03, 2.5320180636443847e-02,
          -3.2281242506970024e-03, 3.4449463777506666e-03,
          5.3370469314480608e-03, 2.8586039890051936e-04,
          1.9010357866155153e-02, 2.5436843852084967e-03,
          1.8764667205211493e-03, 7.0883726234914598e-03,
          5.9349027940311938e-03, 1.4181979257128942e-02,
          9.5275339420794870e-04, 2.6742033307046590e-03,
          8.1495093675976876e-04, -5.5402657213749172e-03,
          2.5436843852084958e-03, 6.5390831698673296e-02,
          6.3285134608921517e-03, 3.6435293514754876e-03,
          2.8678982344911261e-02, 3.9085141491605163e-02,
          1.5309979918354800e-02, 3.7629107346345593e-03,
          -2.0036601677185777e-03, -8.3406481306043841e-03,
          1.8764667205211486e-03, 6.3285134608921517e-03,
          5.6921180188749886e-02, 8.6244271068597095e-04,
          3.6880563598856923e-03, 3.3552015526782233e-02,
          -1.5373983859567955e-03, 5.9127031419693348e-03,
          7.2517475320590967e-03, 1.1301496949009402e-03,
          7.0883726234914598e-03, 3.6435293514754876e-03,
          8.6244271068597084e-04, 2.6493229228839194e-02 ]
   - !!opencv-matrix
      rows: 10
      cols: 10
      dt: d
