%YAML:1.0
---
groups:
   - intact
   - CD19
   - blast
intactGmmnames:
   - "intact.2014-4021.0"
   - "intact.2014-4021.1"
   - "intact.2014-4021.2"
   - "intact.2014-4021.3"
   - "intact.2014-4021.4"
intactLabels:
   - FSC-A
   - SSC-A
   - SY41
   - CD19
   - CD10
   - CD20
   - CD45
   - CD34
   - CD38
   - CD58
intactMu: !!opencv-matrix
   rows: 5
   cols: 10
   dt: d
   data: [ 1.4792034396984524e+00, 4.5018669012016127e-01,
       3.0428860630650849e+00, 1.4541129688068248e+00,
       9.4147545804555766e-01, 1.0034903247567879e+00,
       3.4096776567959730e+00, 1.1672800050421932e+00,
       1.9811328918428066e+00, 1.2751769444251317e+00,
       2.6149677044702062e+00, 3.4629986097169096e+00,
       2.9125677803761714e+00, 1.6648167141502135e+00,
       2.0069719893377145e+00, 1.0230047378307567e+00,
       2.7126877134419249e+00, 1.2298728270230301e+00,
       1.6470543189948224e+00, 1.8841828840370483e+00,
       2.0206931225031801e+00, 7.4142681730509974e-01,
       2.6945856262270667e+00, 1.5459507905615355e+00,
       9.4220623243408064e-01, 9.9887368030732859e-01,
       3.5278624587307510e+00, 1.1757019101116233e+00,
       2.2851223969018859e+00, 1.4556382151433409e+00,
       1.8911238782993942e+00, 9.0638984271307088e-01,
       2.7838245127991561e+00, 1.3646557002077084e+00,
       1.2035691422064423e+00, 1.1574550360242619e+00,
       1.6539333624009516e+00, 1.2827847012130236e+00,
       1.6054852424844268e+00, 2.1821736016905842e+00,
       1.0963387670735756e+00, 3.2526344604683188e-01,
       3.1576015670570943e+00, 1.4013782692597669e+00,
       9.0456855811107706e-01, 1.0156070606223426e+00,
       3.3369394831808465e+00, 1.1677384281737659e+00,
       1.9969560285603061e+00, 1.0569144582816923e+00 ]
intactSigma:
   - !!opencv-matrix
      rows: 10
      cols: 10
      dt: d
      data: [ 1.2593353940254079e-01, -6.2746112113819469e-03,
          -2.4901303637412511e-02, -1.2223851578673209e-03,
          -3.4740397599616066e-03, -1.7914878705573378e-03,
          5.0600638231614124e-03, -2.8276169328247604e-03,
          -4.7391080608945296e-03, 2.1399057798280994e-04,
          -6.2746112113819469e-03, 2.0963762872664882e-02,
          4.9985495769730376e-03, 5.3649783439730829e-03,
          1.6558161445667367e-03, 1.4311540530034342e-04,
          7.5709071104412343e-03, -9.8233926172751210e-05,
          4.7426282175440223e-03, 3.7300985049270277e-02,
          -2.4901303637412511e-02, 4.9985495769730376e-03,
          2.2801508564123538e-02, 1.3362478211858943e-03,
          2.5063433900620593e-03, 1.0325834803300057e-03,
          -1.2477404757142813e-03, 7.3362350253547111e-04,
          -2.6704475937210002e-03, 2.6852162613138684e-03,
          -1.2223851578673209e-03, 5.3649783439730829e-03,
          1.3362478211858943e-03, 2.1456214983758923e-02,
          1.5589920649106777e-03, -2.5468232013110314e-03,
          7.0283519272897662e-03, -3.0646009783805498e-04,
          8.5375337631141146e-04, 9.9416767641429763e-03,
          -3.4740397599616053e-03, 1.6558161445667365e-03,
          2.5063433900620585e-03, 1.5589920649106777e-03,
          6.0625471879513178e-02, -5.0748020316676546e-05,
          1.0815011649117398e-03, -8.0905790700014130e-04,
          -8.4142164159702786e-04, 8.5098367376726762e-03,
          -1.7914878705573378e-03, 1.4311540530034369e-04,
          1.0325834803300050e-03, -2.5468232013110314e-03,
          -5.0748020316676336e-05, 3.7204416915453974e-02,
          -1.0698176187760788e-03, -7.5020014968817219e-03,
          -1.4785910138098577e-02, 6.0961493767547749e-04,
          5.0600638231614124e-03, 7.5709071104412343e-03,
          -1.2477404757142813e-03, 7.0283519272897662e-03,
          1.0815011649117391e-03, -1.0698176187760792e-03,
          1.8288185848346322e-02, -7.0513263049931345e-05,
          1.2316677334015137e-02, 1.4288543541923028e-02,
          -2.8276169328247595e-03, -9.8233926172751522e-05,
          7.3362350253547133e-04, -3.0646009783805508e-04,
          -8.0905790700014130e-04, -7.5020014968817236e-03,
          -7.0513263049931440e-05, 6.5078350715304281e-02,
          6.0125493422031797e-03, -7.9839438346479129e-04,
          -4.7391080608945313e-03, 4.7426282175440223e-03,
          -2.6704475937209997e-03, 8.5375337631141113e-04,
          -8.4142164159702786e-04, -1.4785910138098581e-02,
          1.2316677334015137e-02, 6.0125493422031814e-03,
          6.3653275854095082e-02, 6.7236030159255333e-03,
          2.1399057798281049e-04, 3.7300985049270270e-02,
          2.6852162613138684e-03, 9.9416767641429746e-03,
          8.5098367376726727e-03, 6.0961493767547760e-04,
          1.4288543541923028e-02, -7.9839438346479194e-04,
          6.7236030159255290e-03, 1.7324029072386449e-01 ]
   - !!opencv-matrix
      rows: 10
      cols: 10
      dt: d
      data: [ 3.4423274122879133e-01, 1.6153928084412422e-01,
          -1.7860044069415423e-02, 1.5536299676999141e-02,
          2.8845528145507126e-02, 7.5920719912292206e-04,
          -3.1054571313983141e-02, 4.3291983798657251e-03,
          -7.4390084375849548e-03, 2.0424017157710077e-02,
          1.6153928084412422e-01, 4.2144883757478568e-01,
          -3.4658169444328049e-02, 3.5936057326997305e-02,
          8.8531713445909863e-02, -5.4997544780163494e-05,
          -4.0196900021538098e-02, 6.9889089146599765e-03,
          -1.2049712595659075e-02, 4.9214563838541357e-02,
          -1.7860044069415423e-02, -3.4658169444328042e-02,
          5.2012399054366408e-02, -2.1155430446434158e-03,
          -1.0341884018912440e-02, -1.9303343367121190e-04,
          1.1383305906741617e-02, -7.4587551312847548e-04,
          4.7939464025926089e-03, 1.3149316440550944e-04,
          1.5536299676999141e-02, 3.5936057326997305e-02,
          -2.1155430446434158e-03, 2.0355194454369910e-02,
          8.1086994072510441e-03, -2.4212245937360569e-03,
          5.6835165296871886e-03, -1.6469930498425617e-04,
          -7.8082845652095419e-04, 5.1686920381136406e-03,
          2.8845528145507119e-02, 8.8531713445909863e-02,
          -1.0341884018912440e-02, 8.1086994072510458e-03,
          2.2694344800242311e-01, 9.6952475574369401e-04,
          1.4769582067984349e-02, 1.9073939761161719e-03,
          -2.9339659061230873e-03, 4.2401176295766507e-02,
          7.5920719912292304e-04, -5.4997544780163779e-05,
          -1.9303343367121209e-04, -2.4212245937360569e-03,
          9.6952475574369444e-04, 3.8393735360616084e-02,
          -1.9543399136110460e-03, -3.7860883361153790e-03,
          -1.5843506533357882e-02, 8.2428639440795739e-04,
          -3.1054571313983134e-02, -4.0196900021538105e-02,
          1.1383305906741617e-02, 5.6835165296871886e-03,
          1.4769582067984347e-02, -1.9543399136110477e-03,
          8.8848246765115102e-02, 2.6239127365357138e-04,
          3.7601625892183833e-02, 8.1048176109712999e-03,
          4.3291983798657242e-03, 6.9889089146599765e-03,
          -7.4587551312847527e-04, -1.6469930498425620e-04,
          1.9073939761161719e-03, -3.7860883361153790e-03,
          2.6239127365357067e-04, 4.0571316440576523e-02,
          6.2266163927513513e-03, 4.6508390472845135e-03,
          -7.4390084375849531e-03, -1.2049712595659075e-02,
          4.7939464025926106e-03, -7.8082845652095430e-04,
          -2.9339659061230891e-03, -1.5843506533357882e-02,
          3.7601625892183833e-02, 6.2266163927513496e-03,
          9.5348626319748470e-02, 8.4669986271993878e-03,
          2.0424017157710077e-02, 4.9214563838541357e-02,
          1.3149316440550933e-04, 5.1686920381136406e-03,
          4.2401176295766507e-02, 8.2428639440795760e-04,
          8.1048176109712999e-03, 4.6508390472845135e-03,
          8.4669986271993878e-03, 8.3167226891503715e-02 ]
   - !!opencv-matrix
      rows: 10
      cols: 10
