%YAML:1.0
---
groups:
   - intact
   - CD19
intactGmmnames:
   - "intact.2014-1921.0"
   - "intact.2014-1921.1"
   - "intact.2014-1921.2"
   - "intact.2014-1921.3"
   - "intact.2014-1921.4"
intactLabels:
   - FSC-A
   - SSC-A
   - SY41
   - CD19
   - CD10
   - CD20
   - CD45
   - CD34
   - CD38
   - CD58
intactMu: !!opencv-matrix
   rows: 5
   cols: 10
   dt: d
   data: [ 1.3781386157403337e+00, 4.7968516288548257e-01,
       3.4560799093940902e+00, 1.3502377857419237e+00,
       1.1464113673896150e+00, 1.0877678027410702e+00,
       3.2471835255420269e+00, 9.4065139682612986e-01,
       2.0938413915611815e+00, 1.5500978420678080e+00,
       2.5903751514842424e+00, 2.7813216678355430e+00,
       3.4727342881301095e+00, 1.7444021787868815e+00,
       1.7931773298364992e+00, 1.1300569152631799e+00,
       2.1034311864718829e+00, 1.0364833445886192e+00,
       1.6872206535550360e+00, 1.9803688114218183e+00,
       2.1404272603981584e+00, 1.4857872206031608e+00,
       3.6423212361197805e+00, 1.5853324173682353e+00,
       1.3635898607860726e+00, 1.3336820870911597e+00,
       2.6878850091906519e+00, 1.2026901557062168e+00,
       2.2555528612673781e+00, 1.9191333565349966e+00,
       1.0289272119014115e+00, 2.8599998820836559e-01,
       3.8426170897991336e+00, 1.2291512554694750e+00,
       1.1245565938297402e+00, 1.0844046162131771e+00,
       3.1695077717752747e+00, 1.0293869610683646e+00,
       1.9167446558169834e+00, 1.0889160904326978e+00,
       1.5988974641252813e+00, 9.5221921370005691e-01,
       3.1818438028419926e+00, 1.2600768908967011e+00,
       1.2614643253116509e+00, 1.1314846275871184e+00,
       1.7299210384176793e+00, 1.1779989931929604e+00,
       1.7219018862356397e+00, 2.2302501238765253e+00 ]
intactSigma:
   - !!opencv-matrix
      rows: 10
      cols: 10
      dt: d
      data: [ 9.9029187655946718e-02, 1.1642281041037688e-02,
          -1.3868971919751675e-02, 2.7120706251960373e-03,
          -1.0370634111776897e-03, 1.4303133609538273e-03,
          -1.0643126686638285e-03, -3.1851171853070947e-03,
          4.7133305188675088e-03, 1.1175635146276831e-02,
          1.1642281041037688e-02, 1.9323209894921083e-02,
          -4.0012793077319579e-03, 7.3831632538730162e-03,
          2.5363202949549047e-04, 8.1602619626376237e-04,
          1.6838867974622751e-03, -3.2165489110475721e-03,
          1.2103278141505087e-02, 2.5911451507862841e-02,
          -1.3868971919751675e-02, -4.0012793077319571e-03,
          1.3437945308701785e-01, -5.4372265028434707e-03,
          2.3127581197668846e-03, 8.0798715899786156e-04,
          -1.6198048156929911e-03, 2.1173864642456963e-02,
          -2.2840065486217257e-02, -1.7489305982563534e-02,
          2.7120706251960373e-03, 7.3831632538730162e-03,
          -5.4372265028434690e-03, 5.9924156625739917e-02,
          4.7430008127359660e-03, -4.4126525167044097e-03,
          6.1240808644487379e-03, -5.4791095014939751e-03,
          3.8018188815223514e-03, 1.1590008836383139e-02,
          -1.0370634111776897e-03, 2.5363202949549096e-04,
          2.3127581197668837e-03, 4.7430008127359660e-03,
          2.2820908481913166e-01, -1.6443738436635648e-03,
          -3.2381187063125088e-03, -6.2274985006670845e-04,
          -2.8025144084062726e-03, 2.8463056014233360e-03,
          1.4303133609538268e-03, 8.1602619626376259e-04,
          8.0798715899786091e-04, -4.4126525167044088e-03,
          -1.6443738436635656e-03, 3.5046306461437332e-02,
          -1.0448291976623325e-04, -9.2210218824081980e-03,
          -6.7111738753973570e-03, 1.1653752555311123e-03,
          -1.0643126686638287e-03, 1.6838867974622751e-03,
          -1.6198048156929911e-03, 6.1240808644487370e-03,
          -3.2381187063125084e-03, -1.0448291976623314e-04,
          1.9747497732022432e-02, -3.4051038415510220e-03,
          -1.3122193327548862e-03, 6.0717785065038249e-03,
          -3.1851171853070942e-03, -3.2165489110475725e-03,
          2.1173864642456963e-02, -5.4791095014939751e-03,
          -6.2274985006670791e-04, -9.2210218824081980e-03,
          -3.4051038415510225e-03, 1.1947049892150505e-01,
          -2.8580417074150696e-03, -1.0906990274566396e-02,
          4.7133305188675123e-03, 1.2103278141505091e-02,
          -2.2840065486217257e-02, 3.8018188815223532e-03,
          -2.8025144084062735e-03, -6.7111738753973561e-03,
          -1.3122193327548858e-03, -2.8580417074150709e-03,
          1.1246577588059856e-01, 1.5084912760324342e-02,
          1.1175635146276831e-02, 2.5911451507862841e-02,
          -1.7489305982563534e-02, 1.1590008836383135e-02,
          2.8463056014233377e-03, 1.1653752555311119e-03,
          6.0717785065038258e-03, -1.0906990274566392e-02,
          1.5084912760324346e-02, 1.1416111679893327e-01 ]
   - !!opencv-matrix
      rows: 10
      cols: 10
      dt: d
      data: [ 4.1529748448687243e-01, 2.2852596074186435e-01,
          -3.4045800973752968e-02, 4.7939598999290949e-02,
          -1.2736924298065640e-02, 7.5148832962672564e-03,
          2.7835896090387469e-03, 9.2451631768181320e-03,
          4.5478989842386375e-03, 2.8631136970991310e-02,
          2.2852596074186435e-01, 4.5160323209077202e-01,
          -7.6761196834335244e-02, 9.3823226920714875e-02,
          5.0261688829074481e-02, 7.4921372693925996e-03,
          2.5631363297579354e-02, 4.0829564560584874e-03,
          3.3568131500977816e-03, 4.5468134307657879e-02,
          -3.4045800973752968e-02, -7.6761196834335244e-02,
          1.0118369263133556e-01, -1.6294697545828234e-02,
          -6.0003265017220218e-03, 3.0693490338784936e-04,
          3.1348434861099821e-03, 3.3902832410010904e-05,
          2.5287269053077385e-04, 1.6445124709064441e-03,
          4.7939598999290949e-02, 9.3823226920714889e-02,
          -1.6294697545828227e-02, 4.2615418382081806e-02,
          1.4614040022039193e-02, -1.2129713553303917e-04,
          5.3119821555423618e-03, 5.5961259632431786e-04,
          -1.2325009349434311e-03, 1.0051250661899129e-02,
          -1.2736924298065645e-02, 5.0261688829074481e-02,
          -6.0003265017220236e-03, 1.4614040022039186e-02,
          1.6466002324489962e-01, 1.4558902518261583e-03,
          3.4014080229413192e-02, -1.2855272323658393e-03,
          2.1712204262088037e-03, 1.9279173702949085e-02,
          7.5148832962672555e-03, 7.4921372693925979e-03,
          3.0693490338784947e-04, -1.2129713553303894e-04,
          1.4558902518261587e-03, 2.1900788997089148e-02,
          2.1983045714301652e-03, -2.3680900741152523e-03,
          -2.2028148703426959e-03, 2.7264431577554778e-03,
          2.7835896090387469e-03, 2.5631363297579354e-02,
          3.1348434861099821e-03, 5.3119821555423609e-03,
          3.4014080229413192e-02, 2.1983045714301652e-03,
          1.0295650300000780e-01, 2.8368235608330350e-03,
          4.0691265118612202e-03, 2.0104713545225632e-02,
          9.2451631768181285e-03, 4.0829564560584900e-03,
          3.3902832410010639e-05, 5.5961259632431818e-04,
          -1.2855272323658400e-03, -2.3680900741152515e-03,
          2.8368235608330359e-03, 4.4864458669249645e-02,
          1.2574477947364228e-03, 2.5934847036124484e-05,
          4.5478989842386375e-03, 3.3568131500977816e-03,
          2.5287269053077380e-04, -1.2325009349434316e-03,
          2.1712204262088037e-03, -2.2028148703426959e-03,
          4.0691265118612202e-03, 1.2574477947364230e-03,
          3.5403180592547142e-03, 2.1196625382429693e-03,
          2.8631136970991317e-02, 4.5468134307657879e-02,
          1.6445124709064437e-03, 1.0051250661899129e-02,
          1.9279173702949081e-02, 2.7264431577554769e-03,
          2.0104713545225632e-02, 2.5934847036124352e-05,
          2.1196625382429697e-03, 4.1791079148901206e-02 ]
   - !!opencv-matrix
      rows: 10
      cols: 10
      dt: d
