%YAML:1.0
---
groups:
   - intact
   - CD19
   - blast
intactGmmnames:
   - "intact.2015-0769.0"
   - "intact.2015-0769.1"
   - "intact.2015-0769.2"
   - "intact.2015-0769.3"
   - "intact.2015-0769.4"
intactLabels:
   - FSC-A
   - SSC-A
   - SY41
   - CD19
   - CD10
   - CD20
   - CD45
   - CD34
   - CD38
   - CD58
intactMu: !!opencv-matrix
   rows: 5
   cols: 10
   dt: d
   data: [ 1.3617507191307316e+00, 7.1094674163013782e-01,
       3.5002502225364469e+00, 1.0477736203505619e+00,
       1.0760008377317816e+00, 1.1237252259228816e+00,
       3.7397047941014079e+00, 1.1386116482638626e+00,
       1.8195208341742302e+00, 1.4064273569991761e+00,
       1.0202181232830332e+00, 4.9011779496876556e-01,
       3.7371119182845600e+00, 1.0411260114052776e+00,
       1.1447157085356354e+00, 1.0944098160854943e+00,
       1.3179294262909411e+00, 1.0788355395304225e+00,
       1.4212746346366540e+00, 2.0512168336640855e+00,
       1.3375796053113498e+00, 6.9165262182613740e-01,
       3.8976268886213434e+00, 1.1143823647206093e+00,
       1.2169337330917702e+00, 1.0951854587589391e+00,
       1.5545753223915009e+00, 1.1935339637114342e+00,
       1.4396427493172075e+00, 2.2144875479056347e+00,
       1.2593838442832241e+00, 5.0320176706507569e-01,
       3.4565077247627611e+00, 9.3504054453572472e-01,
       1.0661361276567676e+00, 1.0860992944205614e+00,
       3.7286287507450950e+00, 1.1208666045485329e+00,
       1.4417916199002683e+00, 1.1301126287843581e+00,
       1.9495744394487111e+00, 1.6210676652868048e+00,
       3.7561811781885273e+00, 1.3795372969686508e+00,
       1.4071273625036984e+00, 1.1252474850061871e+00,
       2.3334475343055230e+00, 1.2313202497474582e+00,
       1.5561646810152505e+00, 2.0011004143672357e+00 ]
intactSigma:
   - !!opencv-matrix
      rows: 10
      cols: 10
      dt: d
      data: [ 5.8136432944379764e-02, 1.5141065187154357e-02,
          4.7603906611650782e-03, 7.3606648528506098e-03,
          2.9893730167690319e-03, 1.6080545563256930e-03,
          6.2440596098000747e-03, 2.2890639476562356e-03,
          6.7399168069897679e-03, 2.2183379387341471e-02,
          1.5141065187154355e-02, 3.4241239869745727e-02,
          3.2422324758529151e-03, 8.3052089500094597e-03,
          3.0504486945349446e-03, -3.4403860156138957e-03,
          8.4285233119150982e-03, 4.5035970331327732e-03,
          2.2490684315882713e-02, 3.6720424428777529e-02,
          4.7603906611650790e-03, 3.2422324758529159e-03,
          9.2985246613532142e-03, 1.9696971436618236e-03,
          6.6635608214000075e-04, -7.9406821432629617e-05,
          3.6476931807185456e-03, 1.7394016170014797e-03,
          1.7831851854465833e-03, 5.2862965043954033e-03,
          7.3606648528506116e-03, 8.3052089500094597e-03,
          1.9696971436618236e-03, 1.2791339362233800e-01,
          9.8657943516803487e-04, -2.7064349231474957e-03,
          -5.8262303401704070e-04, 1.0855825976241962e-02,
          6.8546750591774452e-03, 5.6973191165208374e-03,
          2.9893730167690311e-03, 3.0504486945349446e-03,
          6.6635608214000086e-04, 9.8657943516803443e-04,
          2.4812105111828887e-02, -7.2032181500484085e-04,
          3.6805189605191143e-04, 4.3103172846421973e-04,
          2.6786339855019770e-03, 4.7517928281542643e-03,
          1.6080545563256926e-03, -3.4403860156138949e-03,
          -7.9406821432629753e-05, -2.7064349231474944e-03,
          -7.2032181500484053e-04, 5.3282515366957620e-02,
          2.4837567825823931e-03, -7.7246313219216942e-03,
          -2.3105258820397233e-02, -3.3825539378954787e-03,
          6.2440596098000765e-03, 8.4285233119150982e-03,
          3.6476931807185456e-03, -5.8262303401704092e-04,
          3.6805189605191105e-04, 2.4837567825823927e-03,
          2.7405503095793336e-02, -1.8787149477438657e-03,
          3.5289881170887036e-03, 1.6563904208620278e-02,
          2.2890639476562356e-03, 4.5035970331327758e-03,
          1.7394016170014794e-03, 1.0855825976241960e-02,
          4.3103172846421946e-04, -7.7246313219216959e-03,
          -1.8787149477438657e-03, 1.9817679485712772e-01,
          1.0315211861303518e-02, 3.2925278156290005e-03,
          6.7399168069897653e-03, 2.2490684315882716e-02,
          1.7831851854465822e-03, 6.8546750591774452e-03,
          2.6786339855019779e-03, -2.3105258820397236e-02,
          3.5289881170887027e-03, 1.0315211861303516e-02,
          1.4111605239479685e-01, 2.8476305616137152e-02,
          2.2183379387341471e-02, 3.6720424428777529e-02,
          5.2862965043954033e-03, 5.6973191165208392e-03,
          4.7517928281542634e-03, -3.3825539378954774e-03,
          1.6563904208620278e-02, 3.2925278156290009e-03,
          2.8476305616137152e-02, 9.9513971637210305e-02 ]
   - !!opencv-matrix
      rows: 10
      cols: 10
      dt: d
      data: [ 2.0516919467249713e-02, 5.7767202958201019e-03,
          2.4285943312316854e-03, 1.9280705724896170e-03,
          9.5769149671832662e-04, -1.3155060780936577e-04,
          3.4288396447837194e-03, -7.6707201496401651e-04,
          -8.0410194091997873e-06, 2.8049561267552217e-03,
          5.7767202958201019e-03, 9.6295499392876748e-03,
          3.9593114079760393e-03, 3.1749704840503793e-03,
          1.5531493369426847e-03, 2.4585668103732035e-05,
          5.9745006167050635e-03, -5.2814042041050141e-04,
          -4.3741276003462910e-05, 5.9039632354593160e-03,
          2.4285943312316841e-03, 3.9593114079760393e-03,
          2.7061064293464061e-02, 2.2228781210248756e-03,
          -1.0521515108962067e-03, 4.4893877502994176e-05,
          7.8494365909740379e-04, -7.5979320462119600e-04,
          1.0465962415616829e-04, 5.0432600696655337e-03,
          1.9280705724896165e-03, 3.1749704840503801e-03,
          2.2228781210248752e-03, 2.4406762734241198e-02,
          1.0196781984784080e-03, -2.3725945960437426e-03,
          -1.1920618680182568e-03, -2.3885569817187974e-05,
          -8.7506602346746080e-04, 1.8641856529244434e-03,
          9.5769149671832640e-04, 1.5531493369426851e-03,
          -1.0521515108962072e-03, 1.0196781984784073e-03,
          4.2998538504618961e-02, 2.4236663156130430e-04,
          -4.6606825628998771e-03, -1.1265153738702720e-03,
          7.0257005475604062e-05, 1.8970019926207381e-03,
          -1.3155060780936585e-04, 2.4585668103731978e-05,
          4.4893877502994257e-05, -2.3725945960437417e-03,
          2.4236663156130422e-04, 1.2505486926869366e-02,
          2.6414352172549017e-04, -5.9986489213523350e-04,
          -1.0748025652586070e-03, 7.7035135775047347e-06,
          3.4288396447837207e-03, 5.9745006167050618e-03,
          7.8494365909740369e-04, -1.1920618680182561e-03,
          -4.6606825628998753e-03, 2.6414352172549012e-04,
          1.5219457880850060e-01, -3.7692446569152567e-03,
          -2.4694259415600532e-04, 1.2581680081146736e-02,
          -7.6707201496401651e-04, -5.2814042041050141e-04,
          -7.5979320462119589e-04, -2.3885569817187957e-05,
          -1.1265153738702716e-03, -5.9986489213523350e-04,
          -3.7692446569152554e-03, 7.9844093614113466e-03,
          -1.5684141333165488e-05, -7.7340825803340948e-04,
          -8.0410194091997704e-06, -4.3741276003462916e-05,
          1.0465962415616823e-04, -8.7506602346746059e-04,
          7.0257005475604021e-05, -1.0748025652586068e-03,
          -2.4694259415600537e-04, -1.5684141333165485e-05,
          6.0024080895378562e-04, 2.1406313705352722e-05,
          2.8049561267552226e-03, 5.9039632354593160e-03,
          5.0432600696655337e-03, 1.8641856529244432e-03,
          1.8970019926207386e-03, 7.7035135775047245e-06,
          1.2581680081146736e-02, -7.7340825803340991e-04,
          2.1406313705352735e-05, 2.2769876289954433e-02 ]
   - !!opencv-matrix
      rows: 10
      cols: 10
      dt: d
