%YAML:1.0
---
groups:
   - intact
   - CD19
intactGmmnames:
   - "intact.2015-3021.0"
   - "intact.2015-3021.1"
   - "intact.2015-3021.2"
   - "intact.2015-3021.3"
   - "intact.2015-3021.4"
intactLabels:
   - FSC-A
   - SSC-A
   - SY41
   - CD19
   - CD10
   - CD20
   - CD45
   - CD34
   - CD38
   - CD58
intactMu: !!opencv-matrix
   rows: 5
   cols: 10
   dt: d
   data: [ 1.2072799979638098e+00, 5.2534207855558923e-01,
       3.3479539534305887e+00, 1.3047396996369622e+00,
       1.1422070250758911e+00, 1.0937643285467489e+00,
       3.6967944147734655e+00, 1.2300562143873996e+00,
       1.7999045645032474e+00, 1.4097739380008816e+00,
       7.0364466748943633e-01, 3.1345989124101054e-01,
       3.8004117175024148e+00, 1.2417522605120397e+00,
       1.1311387333279270e+00, 1.1093688193348719e+00,
       3.6471616708853856e+00, 1.2278570004070108e+00,
       1.7749381412724348e+00, 1.0794050097853831e+00,
       1.9865810411181115e+00, 2.8031777627139580e+00,
       3.5318529211953620e+00, 1.7980426135441190e+00,
       2.2006981210145682e+00, 1.2282436580747753e+00,
       3.2777079841358354e+00, 1.4561838379185108e+00,
       1.5977623624935771e+00, 1.9115692546111900e+00,
       5.5916972188024949e-01, 3.4246561363418804e-01,
       3.8710995109475110e+00, 1.2472640272038604e+00,
       1.1374984657877905e+00, 1.1020217011206126e+00,
       3.6341513776015897e+00, 1.2286137825717927e+00,
       1.6417490640450416e+00, 1.1273567680522814e+00,
       1.0410478347248420e+00, 7.4624094303110655e-01,
       3.2284730278372238e+00, 1.3089540734236156e+00,
       1.2319466959504188e+00, 1.1595828173905773e+00,
       1.9601139403555508e+00, 1.4318673416984926e+00,
       1.4176033227101963e+00, 1.9871518703966649e+00 ]
intactSigma:
   - !!opencv-matrix
      rows: 10
      cols: 10
      dt: d
      data: [ 1.1641535039109713e-01, 1.4040615578393905e-02,
          -6.8140814773400268e-02, 4.9692903778669412e-03,
          -1.3272627994344516e-03, -2.0103617516228217e-03,
          8.9247495343920576e-03, -2.7551222603118460e-04,
          6.5282871655423878e-03, 4.3433593598120317e-02,
          1.4040615578393905e-02, 3.4333939927757066e-02,
          -1.4766221344879343e-02, 9.2619307936378497e-03,
          1.1580601039876523e-03, -1.1749829565543574e-03,
          5.4498069597010276e-03, 5.6036317811803396e-03,
          3.0523437566453475e-02, 3.6920244680533822e-02,
          -6.8140814773400268e-02, -1.4766221344879343e-02,
          1.2911379290315253e-01, -5.1713021445700729e-03,
          3.6895745289897029e-03, 4.6252939881228092e-03,
          -1.0112381110585399e-02, 6.1674400880891728e-03,
          -3.8754151656756296e-02, -4.5702349973871105e-02,
          4.9692903778669412e-03, 9.2619307936378497e-03,
          -5.1713021445700738e-03, 4.8282055118262945e-02,
          3.4885274506071210e-04, -4.1597478258348043e-03,
          2.5300464098016789e-03, 4.0675461588811079e-03,
          4.7165526410972453e-03, 1.1160521905244204e-02,
          -1.3272627994344519e-03, 1.1580601039876519e-03,
          3.6895745289897029e-03, 3.4885274506071178e-04,
          4.2587802847515385e-02, 1.7433444028616023e-04,
          1.6106975769105295e-04, -3.2177118411469891e-03,
          -7.2388721766206718e-04, 7.9108580713348588e-04,
          -2.0103617516228213e-03, -1.1749829565543578e-03,
          4.6252939881228083e-03, -4.1597478258348052e-03,
          1.7433444028616018e-04, 3.9032628504658336e-02,
          -2.3116439782745141e-04, -1.2416808490193693e-02,
          -1.8131010925877274e-02, -2.3318747739236242e-03,
          8.9247495343920558e-03, 5.4498069597010276e-03,
          -1.0112381110585399e-02, 2.5300464098016798e-03,
          1.6106975769105320e-04, -2.3116439782745095e-04,
          1.3368060290745732e-02, -2.1748448036184578e-03,
          -7.0499180207998617e-04, 1.2628659258430076e-02,
          -2.7551222603118585e-04, 5.6036317811803387e-03,
          6.1674400880891728e-03, 4.0675461588811079e-03,
          -3.2177118411469904e-03, -1.2416808490193694e-02,
          -2.1748448036184574e-03, 1.8160933077379282e-01,
          1.0389456282288434e-02, 4.6705895159650668e-03,
          6.5282871655423930e-03, 3.0523437566453475e-02,
          -3.8754151656756296e-02, 4.7165526410972471e-03,
          -7.2388721766206718e-04, -1.8131010925877274e-02,
          -7.0499180207998552e-04, 1.0389456282288437e-02,
          2.0755128441467011e-01, 2.5350734855389023e-02,
          4.3433593598120317e-02, 3.6920244680533822e-02,
          -4.5702349973871119e-02, 1.1160521905244199e-02,
          7.9108580713348610e-04, -2.3318747739236242e-03,
          1.2628659258430078e-02, 4.6705895159650668e-03,
          2.5350734855389034e-02, 1.6440960670664814e-01 ]
   - !!opencv-matrix
      rows: 10
      cols: 10
      dt: d
      data: [ 1.9339738192259825e-02, 3.1013566512847041e-03,
          -5.4588794995407358e-03, 8.9885245542702563e-04,
          6.4981802238056466e-04, -1.0787082110432352e-03,
          1.7527833114322911e-03, -1.5032730656612054e-04,
          -1.2525436523534288e-02, 5.8474639806978474e-03,
          3.1013566512847041e-03, 6.1918683437693382e-03,
          1.3168124141515560e-03, 2.0366991658813094e-03,
          8.9654929989264756e-04, 3.1778294820164737e-04,
          2.1459364755316208e-03, 7.6624033618502205e-04,
          -3.6725780661763835e-03, 1.7533008860973569e-02,
          -5.4588794995407367e-03, 1.3168124141515560e-03,
          7.9641097188826605e-03, 8.0141208543420175e-04,
          5.6450132548839787e-04, 6.5073648325881107e-04,
          2.6653094238144606e-04, 9.5382105505686975e-04,
          4.9011585259778323e-04, 1.2633496763657590e-03,
          8.9885245542702585e-04, 2.0366991658813107e-03,
          8.0141208543420153e-04, 4.2093180487503802e-02,
          3.9145387981896480e-04, -3.6703399906827146e-03,
          -1.8971260650027942e-04, 2.7712028838858651e-03,
          -3.5635264060689307e-03, 5.2275638404653234e-03,
          6.4981802238056466e-04, 8.9654929989264735e-04,
          5.6450132548839787e-04, 3.9145387981896437e-04,
          3.3223852304267158e-02, 4.1456755260344853e-04,
          2.7761786419461877e-04, -4.0052692506704866e-03,
          -2.5107457571225413e-03, 1.8589837450054261e-03,
          -1.0787082110432352e-03, 3.1778294820164737e-04,
          6.5073648325881086e-04, -3.6703399906827137e-03,
          4.1456755260344891e-04, 3.6651562393688164e-02,
          2.3243313600631346e-04, -1.1005867385603628e-02,
          -1.1259368095618351e-02, 1.5420839524416178e-03,
          1.7527833114322911e-03, 2.1459364755316204e-03,
          2.6653094238144606e-04, -1.8971260650027947e-04,
          2.7761786419461856e-04, 2.3243313600631365e-04,
          5.1925934179223943e-03, -1.3659575653999429e-03,
          -2.6169568832642006e-03, 3.4266665980553813e-03,
          -1.5032730656612054e-04, 7.6624033618502183e-04,
          9.5382105505686975e-04, 2.7712028838858651e-03,
          -4.0052692506704892e-03, -1.1005867385603628e-02,
          -1.3659575653999420e-03, 1.6482034595210304e-01,
          1.8978133220894007e-03, -2.7511583228339513e-04,
          -1.2525436523534283e-02, -3.6725780661763848e-03,
          4.9011585259778291e-04, -3.5635264060689294e-03,
          -2.5107457571225422e-03, -1.1259368095618349e-02,
          -2.6169568832642006e-03, 1.8978133220893968e-03,
          8.5659976824655329e-02, -7.5503226484398321e-03,
          5.8474639806978474e-03, 1.7533008860973566e-02,
          1.2633496763657590e-03, 5.2275638404653242e-03,
          1.8589837450054252e-03, 1.5420839524416183e-03,
          3.4266665980553813e-03, -2.7511583228339524e-04,
          -7.5503226484398339e-03, 1.3449761543216454e-01 ]
   - !!opencv-matrix
      rows: 10
      cols: 10
      dt: d
