%YAML:1.0
---
groups:
   - intact
   - CD19
intactGmmnames:
   - "intact.2015-4588.0"
   - "intact.2015-4588.1"
   - "intact.2015-4588.2"
   - "intact.2015-4588.3"
   - "intact.2015-4588.4"
intactLabels:
   - FSC-A
   - SSC-A
   - SY41
   - CD19
   - CD10
   - CD20
   - CD45
   - CD34
   - CD38
   - CD58
intactMu: !!opencv-matrix
   rows: 5
   cols: 10
   dt: d
   data: [ 1.3445053863729430e+00, 3.9405852117103618e-01,
       3.1296288835931820e+00, 1.3494438318371402e+00,
       1.6130081540253540e+00, 1.0295764711714002e+00,
       3.8554028762316088e+00, 1.8282530460740534e+00,
       1.6199911467908286e+00, 1.2751017005024892e+00,
       2.6961919030336676e+00, 3.6309670700863319e+00,
       2.8273961567536263e+00, 1.7713319865613057e+00,
       2.5315225451375616e+00, 1.0980575823557042e+00,
       3.4916605993746033e+00, 1.7430964317559252e+00,
       1.5845257233156866e+00, 2.0883242012498697e+00,
       1.5944836587156617e+00, 6.7047992209953022e-01,
       2.5608992991813695e+00, 1.3774609564880991e+00,
       2.0637771504563833e+00, 9.9767402597689847e-01,
       3.9254810532428888e+00, 1.7565944276620533e+00,
       2.7901499968081174e+00, 1.6854260910904166e+00,
       1.4514871306783916e+00, 6.9731960287946548e-01,
       2.6446713766091210e+00, 1.3023477271218875e+00,
       1.3978575941447529e+00, 1.1613818461110521e+00,
       2.1691784337042299e+00, 1.6698414874801577e+00,
       1.5216170518365892e+00, 2.1949430221850057e+00,
       2.6246984587710456e+00, 1.9569342287659699e+00,
       2.9080817785364119e+00, 1.6303874443494686e+00,
       1.8519153908192922e+00, 1.2634742524811620e+00,
       3.2731233201016448e+00, 1.9681936023354734e+00,
       2.1506697024432060e+00, 1.8633369994150786e+00 ]
intactSigma:
   - !!opencv-matrix
      rows: 10
      cols: 10
      dt: d
      data: [ 8.2878690784131639e-02, 1.9934301823186701e-02,
          -5.4137083861328920e-02, 5.0122850341826853e-03,
          2.7861410776031582e-02, -4.5396079612741974e-05,
          1.4393158342571075e-02, 5.5238415965417186e-03,
          -3.9527016808584298e-03, 3.7248714103028900e-02,
          1.9934301823186701e-02, 2.3278876850408952e-02,
          -3.1562970387374108e-02, 5.5598552033415760e-03,
          2.1247389266295949e-02, 1.7848154280355902e-04,
          1.2205911810350569e-02, 7.3300794471429431e-03,
          -3.0532229616843654e-03, 5.4161948896143085e-02,
          -5.4137083861328920e-02, -3.1562970387374115e-02,
          1.3186295764661665e-01, -8.7991816513744020e-03,
          -5.5349161668635002e-02, 7.2894942862778117e-04,
          -2.9149742030211968e-02, -8.3099174268920686e-03,
          9.6048426545129184e-03, -7.1848830456323981e-02,
          5.0122850341826862e-03, 5.5598552033415778e-03,
          -8.7991816513744020e-03, 3.3834397384271950e-02,
          7.5472592934086062e-03, -3.2189318690451114e-03,
          3.4482647573937570e-03, 5.7993855679799415e-03,
          -4.3215882268523628e-03, 1.1869107135501572e-02,
          2.7861410776031575e-02, 2.1247389266295949e-02,
          -5.5349161668635002e-02, 7.5472592934086088e-03,
          2.6991153835086185e-01, -4.4094353388442892e-04,
          1.9601486752627788e-02, 5.3035940571564150e-03,
          -2.4396174211165876e-03, 4.7904720849502168e-02,
          -4.5396079612741703e-05, 1.7848154280355945e-04,
          7.2894942862778127e-04, -3.2189318690451114e-03,
          -4.4094353388442924e-04, 5.2845992922898904e-02,
          -3.1199390557984293e-04, -1.0357781550755766e-02,
          -1.1912994444872892e-02, 1.6012901407031338e-03,
          1.4393158342571075e-02, 1.2205911810350571e-02,
          -2.9149742030211957e-02, 3.4482647573937570e-03,
          1.9601486752627781e-02, -3.1199390557984293e-04,
          1.6131354270559735e-02, 8.7982554954172867e-03,
          -4.5428770829018554e-03, 2.3744103610914193e-02,
          5.5238415965417186e-03, 7.3300794471429440e-03,
          -8.3099174268920686e-03, 5.7993855679799406e-03,
          5.3035940571564159e-03, -1.0357781550755766e-02,
          8.7982554954172867e-03, 1.9497287727418905e-01,
          4.9941997076509740e-04, 1.3444549295903841e-02,
          -3.9527016808584290e-03, -3.0532229616843649e-03,
          9.6048426545129184e-03, -4.3215882268523628e-03,
          -2.4396174211165885e-03, -1.1912994444872893e-02,
          -4.5428770829018528e-03, 4.9941997076509718e-04,
          4.2952035706831912e-02, -8.4200696658287659e-03,
          3.7248714103028900e-02, 5.4161948896143085e-02,
          -7.1848830456323981e-02, 1.1869107135501569e-02,
          4.7904720849502168e-02, 1.6012901407031334e-03,
          2.3744103610914193e-02, 1.3444549295903850e-02,
          -8.4200696658287694e-03, 2.2122498022533951e-01 ]
   - !!opencv-matrix
      rows: 10
      cols: 10
      dt: d
      data: [ 3.4098519266893562e-01, 8.3635973909316957e-02,
          -7.1331439581306033e-03, 1.3095358496842520e-02,
          -5.4475066384081429e-02, 4.3059622597946779e-03,
          -1.3380381989864959e-02, 5.6428468164052576e-03,
          1.4366358656140183e-02, 2.7835126595966509e-03,
          8.3635973909316957e-02, 2.5450940351098084e-01,
          -2.3011233028092336e-02, 3.6972474269335309e-02,
          2.7788695314553646e-02, 1.8337540752589826e-03,
          1.4105761564925946e-02, 2.0683339807038417e-02,
          7.0127792751270152e-03, 1.9625749860211119e-02,
          -7.1331439581306015e-03, -2.3011233028092336e-02,
          9.5425883954037657e-02, -4.5179267280370241e-03,
          -4.6650872417122449e-03, 2.4459437132037272e-04,
          -6.2264338137981660e-03, -3.2877894081323701e-03,
          -1.4082590125898996e-03, -1.4417196376881960e-03,
          1.3095358496842520e-02, 3.6972474269335309e-02,
          -4.5179267280370241e-03, 2.7363895335512350e-02,
          7.0442452768171397e-03, -1.9992913238125196e-03,
          3.1505087682125285e-03, 7.0447813882275959e-03,
          -2.3114295230356112e-03, 2.3798323981910341e-03,
          -5.4475066384081429e-02, 2.7788695314553642e-02,
          -4.6650872417122440e-03, 7.0442452768171397e-03,
          2.7602528934284648e-01, -8.5402691309512905e-04,
          3.0936280369492322e-02, 4.2517458762065002e-02,
          -1.3716431282470937e-02, 1.2473085805100840e-02,
          4.3059622597946797e-03, 1.8337540752589826e-03,
          2.4459437132037256e-04, -1.9992913238125192e-03,
          -8.5402691309512785e-04, 5.3403613363326191e-02,
          -1.2460676413131005e-04, -2.9414597729606824e-03,
          -9.2622063817311591e-03, 2.0154823714131926e-03,
          -1.3380381989864958e-02, 1.4105761564925946e-02,
          -6.2264338137981660e-03, 3.1505087682125290e-03,
          3.0936280369492322e-02, -1.2460676413131010e-04,
          1.9968785335812006e-02, 1.6119676804829980e-02,
          -2.1110418391063358e-03, 3.3075515185867583e-03,
          5.6428468164052576e-03, 2.0683339807038417e-02,
          -3.2877894081323701e-03, 7.0447813882275959e-03,
          4.2517458762065002e-02, -2.9414597729606816e-03,
          1.6119676804829976e-02, 1.9029439896489667e-01,
          1.3265458110911415e-03, 1.1137795851391059e-02,
          1.4366358656140183e-02, 7.0127792751270152e-03,
          -1.4082590125899001e-03, -2.3114295230356107e-03,
          -1.3716431282470937e-02, -9.2622063817311591e-03,
          -2.1110418391063358e-03, 1.3265458110911419e-03,
          2.4076082597048454e-02, 2.4335367136941247e-03,
          2.7835126595966522e-03, 1.9625749860211119e-02,
          -1.4417196376881965e-03, 2.3798323981910341e-03,
          1.2473085805100847e-02, 2.0154823714131930e-03,
          3.3075515185867579e-03, 1.1137795851391062e-02,
          2.4335367136941255e-03, 4.0898244490139776e-02 ]
   - !!opencv-matrix
      rows: 10
      cols: 10
      dt: d
