%YAML:1.0
---
groups:
   - intact
   - CD19
   - blast
intactGmmnames:
   - "intact.2015-1383.0"
   - "intact.2015-1383.1"
   - "intact.2015-1383.2"
   - "intact.2015-1383.3"
   - "intact.2015-1383.4"
intactLabels:
   - FSC-A
   - SSC-A
   - SY41
   - CD19
   - CD10
   - CD20
   - CD45
   - CD34
   - CD38
   - CD58
intactMu: !!opencv-matrix
   rows: 5
   cols: 10
   dt: d
   data: [ 1.0964927712939270e+00, 3.9586903201050244e-01,
       3.7311972098254080e+00, 1.0407052612764502e+00,
       9.8060106385820978e-01, 9.4823848022128299e-01,
       3.8043444900937304e+00, 1.1390655122973123e+00,
       1.4146653276921597e+00, 9.1685741703951673e-01,
       2.3001471704115919e+00, 3.5833124965327472e+00,
       3.7681371617980806e+00, 1.6414042629279879e+00,
       2.2428495239142503e+00, 9.9719529359331593e-01,
       3.0316755388018621e+00, 1.2541808808559161e+00,
       1.3713983465429520e+00, 2.1029440468895166e+00,
       1.0818740214191966e+00, 6.7614893650232877e-01,
       3.5978240068334038e+00, 1.1226113573361127e+00,
       1.2412164551570462e+00, 9.8238418519420401e-01,
       1.8221711790413231e+00, 1.2219009289867200e+00,
       1.3186333167094397e+00, 2.3920705092190602e+00,
       1.2381707052380748e+00, 6.3709724339754237e-01,
       3.5284259641642963e+00, 1.0910874278939011e+00,
       1.0240664741945249e+00, 9.6530050414643542e-01,
       3.8933695881109425e+00, 1.1573815535816037e+00,
       1.4783103131897815e+00, 1.3827425478730004e+00,
       1.6710096776550791e+00, 1.7129794041668807e+00,
       3.4284441618701074e+00, 1.4207073924258991e+00,
       1.3356681623171338e+00, 1.1784643022449219e+00,
       2.9860889091745921e+00, 1.6831828633143693e+00,
       1.7129263388596760e+00, 1.8893715323785152e+00 ]
intactSigma:
   - !!opencv-matrix
      rows: 10
      cols: 10
      dt: d
      data: [ 3.2657549204682342e-02, 6.6734407940859542e-03,
          -7.5171860259214468e-03, 6.3225238836817944e-04,
          8.1835711897266836e-05, -6.9143956859759118e-04,
          3.3250936630188632e-03, -4.9005623930412946e-04,
          -3.6008260982110783e-03, 3.3476752134453257e-03,
          6.6734407940859533e-03, 1.1209181411002394e-02,
          -3.2262474726581594e-03, 1.2924206823880209e-03,
          6.1299262302129929e-04, -2.6466743936585870e-04,
          4.5008720381423499e-03, 3.4718578820366219e-04,
          -6.9067593323314230e-03, 2.6726190776948277e-02,
          -7.5171860259214485e-03, -3.2262474726581585e-03,
          2.0107028762523065e-02, -3.7428875026228407e-04,
          6.5632776941877355e-05, 4.0669737274208332e-04,
          -2.2567341963789529e-03, 1.3571185641226250e-03,
          3.0060892529347079e-03, -2.4668613029463914e-03,
          6.3225238836818020e-04, 1.2924206823880209e-03,
          -3.7428875026228363e-04, 8.2441706384162386e-02,
          3.8681064758337860e-04, -3.1830072861858206e-03,
          -7.5118390442850344e-04, 4.7661228909989086e-03,
          -5.0606441138799224e-03, 4.1941736835681776e-03,
          8.1835711897266741e-05, 6.1299262302129940e-04,
          6.5632776941877300e-05, 3.8681064758337827e-04,
          6.4879510784357136e-02, 9.0412125348085656e-04,
          5.7865601577319480e-04, -3.6386519473635740e-03,
          -1.5278916798351059e-03, 1.3068460335847944e-03,
          -6.9143956859759107e-04, -2.6466743936585853e-04,
          4.0669737274208332e-04, -3.1830072861858206e-03,
          9.0412125348085677e-04, 5.6370375611893619e-02,
          -2.5797835561149594e-04, -1.0198951201665772e-02,
          -2.1289390729801749e-02, -6.3354076101458429e-04,
          3.3250936630188632e-03, 4.5008720381423499e-03,
          -2.2567341963789529e-03, -7.5118390442850344e-04,
          5.7865601577319491e-04, -2.5797835561149594e-04,
          8.0902599648548998e-03, -1.0733050852399471e-03,
          -3.9296696650655150e-03, 4.5700514444762582e-03,
          -4.9005623930412946e-04, 3.4718578820366262e-04,
          1.3571185641226258e-03, 4.7661228909989086e-03,
          -3.6386519473635753e-03, -1.0198951201665770e-02,
          -1.0733050852399474e-03, 1.5567183445802388e-01,
          6.6006618425165347e-03, 6.2319871411725463e-04,
          -3.6008260982110800e-03, -6.9067593323314256e-03,
          3.0060892529347070e-03, -5.0606441138799224e-03,
          -1.5278916798351066e-03, -2.1289390729801752e-02,
          -3.9296696650655150e-03, 6.6006618425165356e-03,
          1.1055992721657945e-01, -1.6484878369783299e-02,
          3.3476752134453266e-03, 2.6726190776948277e-02,
          -2.4668613029463914e-03, 4.1941736835681758e-03,
          1.3068460335847944e-03, -6.3354076101458429e-04,
          4.5700514444762582e-03, 6.2319871411725463e-04,
          -1.6484878369783299e-02, 1.7953816372314468e-01 ]
   - !!opencv-matrix
      rows: 10
      cols: 10
      dt: d
      data: [ 2.3108527293887682e-01, 2.1874365570460255e-02,
          -4.9394581245913189e-03, 7.9130142531229561e-03,
          -8.5839158867866583e-02, 3.3466893395629267e-03,
          -1.1767473214497939e-02, 5.9072487870741180e-03,
          1.7844944988625648e-02, -6.0775494291605272e-03,
          2.1874365570460255e-02, 2.6864250196851097e-01,
          -2.7360181689205072e-02, 3.9051859759359556e-02,
          8.0701087761694837e-02, 2.1288304601166071e-04,
          2.0517187401337133e-02, 6.9737606948582541e-03,
          -3.0755127616187411e-04, 2.2029729559893671e-02,
          -4.9394581245913180e-03, -2.7360181689205072e-02,
          6.1980730206217208e-02, -3.7552850336304748e-03,
          -2.4292891025065461e-02, 1.2924263629313507e-03,
          -1.2074794192186397e-02, 2.2918437403533576e-03,
          -9.0386422281990629e-04, -4.4099017923824937e-03,
          7.9130142531229561e-03, 3.9051859759359556e-02,
          -3.7552850336304735e-03, 3.8101383922701869e-02,
          1.0497448204244869e-02, -1.3274776328898055e-03,
          3.2267314437167526e-03, 1.8400027012185373e-03,
          -2.7442442688312692e-03, 2.6669830164870721e-03,
          -8.5839158867866583e-02, 8.0701087761694837e-02,
          -2.4292891025065457e-02, 1.0497448204244869e-02,
          2.4858169308532282e-01, -1.7235195537754822e-03,
          4.7371679070327750e-02, -3.7919598439882444e-03,
          -1.6074047134107070e-02, 2.3680978814142530e-02,
          3.3466893395629267e-03, 2.1288304601166033e-04,
          1.2924263629313501e-03, -1.3274776328898064e-03,
          -1.7235195537754833e-03, 4.9482516962855570e-02,
          1.5012101354001162e-05, -3.5108904808332383e-03,
          -1.1443030232484643e-02, -4.2584699544532119e-04,
          -1.1767473214497941e-02, 2.0517187401337133e-02,
          -1.2074794192186399e-02, 3.2267314437167526e-03,
          4.7371679070327750e-02, 1.5012101354001121e-05,
          3.3158542641895460e-02, -1.8249010368637548e-03,
          -1.4714950806873441e-03, 4.2166336900396548e-03,
          5.9072487870741198e-03, 6.9737606948582576e-03,
          2.2918437403533581e-03, 1.8400027012185373e-03,
          -3.7919598439882427e-03, -3.5108904808332361e-03,
          -1.8249010368637548e-03, 8.0622005029398050e-02,
          3.0779676472473751e-03, 1.9394175460643126e-03,
          1.7844944988625648e-02, -3.0755127616187460e-04,
          -9.0386422281990651e-04, -2.7442442688312687e-03,
          -1.6074047134107070e-02, -1.1443030232484637e-02,
          -1.4714950806873437e-03, 3.0779676472473760e-03,
          3.8328181651650063e-02, -6.7415479725371682e-05,
          -6.0775494291605281e-03, 2.2029729559893671e-02,
          -4.4099017923824937e-03, 2.6669830164870716e-03,
          2.3680978814142530e-02, -4.2584699544532119e-04,
          4.2166336900396548e-03, 1.9394175460643126e-03,
          -6.7415479725371316e-05, 2.5436824807169713e-02 ]
   - !!opencv-matrix
      rows: 10
