%YAML:1.0
---
groups:
   - intact
   - CD19
intactGmmnames:
   - "intact.2015-0209.0"
   - "intact.2015-0209.1"
   - "intact.2015-0209.2"
   - "intact.2015-0209.3"
   - "intact.2015-0209.4"
intactLabels:
   - FSC-A
   - SSC-A
   - SY41
   - CD19
   - CD10
   - CD20
   - CD45
   - CD34
   - CD38
   - CD58
intactMu: !!opencv-matrix
   rows: 5
   cols: 10
   dt: d
   data: [ 1.5656473404162166e+00, 8.3526364447675649e-01,
       2.9146615434490823e+00, 1.4310272753050743e+00,
       8.9949198899608462e-01, 1.0703709707094387e+00,
       3.4980440924916145e+00, 9.6328744697047475e-01,
       2.4369774675837470e+00, 1.4439821462209084e+00,
       1.0359649035226273e+00, 4.1878784884593456e-01,
       3.1092447780310080e+00, 1.2241542279695752e+00,
       8.9456367837585893e-01, 1.0647111798792110e+00,
       3.4115591985263496e+00, 9.9279931239311336e-01,
       2.1492404916551791e+00, 1.0540054945484711e+00,
       1.3678045148003359e+00, 6.7546696236255799e-01,
       2.9701684339783010e+00, 1.0807636723418288e+00,
       1.0130303767341333e+00, 1.0870442665426878e+00,
       1.4155746611356190e+00, 1.0995203192629717e+00,
       1.4528619711789699e+00, 2.2030300191150332e+00,
       2.4955606443054554e+00, 2.5918646256222488e+00,
       2.9752490324175751e+00, 1.7523505880128070e+00,
       1.4494599169827085e+00, 1.2100054333432282e+00,
       3.0810055071959952e+00, 1.1415808124376803e+00,
       2.1779872315811271e+00, 1.9009716530786958e+00,
       1.6234449668387660e+00, 6.0696797709099437e-01,
       2.9340970408374072e+00, 1.3320347733883158e+00,
       9.0419488169583306e-01, 1.0506890516695790e+00,
       3.5541562686035220e+00, 9.8257894883734986e-01,
       2.2158016529646898e+00, 1.3337598593389575e+00 ]
intactSigma:
   - !!opencv-matrix
      rows: 10
      cols: 10
      dt: d
      data: [ 1.5115774551509148e-01, 3.9247236246902593e-02,
          -3.8433588117976508e-02, 1.9302712496990868e-02,
          -6.5379728118665351e-04, -5.4068177812820351e-03,
          2.7326711960883501e-02, -9.3117182077649321e-03,
          6.1118303441745708e-02, 5.1563418222480444e-02,
          3.9247236246902593e-02, 7.1484044919948905e-02,
          -1.5846699009668279e-02, 2.2673647859336104e-02,
          2.2553922664388408e-03, -7.7360375950341915e-03,
          2.2476816426160996e-02, -6.4266411894466661e-03,
          5.7279392442426684e-02, 5.5751890087396457e-02,
          -3.8433588117976508e-02, -1.5846699009668282e-02,
          4.0220161992763376e-02, -1.1146080759625553e-02,
          1.4534926142779491e-03, 3.4517366515997134e-03,
          -1.5047357631686006e-02, 7.5473406069452948e-03,
          -3.8649238674328706e-02, -2.1386272273997625e-02,
          1.9302712496990868e-02, 2.2673647859336114e-02,
          -1.1146080759625553e-02, 1.1330869248762367e-01,
          9.4920397942272069e-04, -1.1292087923527911e-02,
          1.5191587172616407e-02, -1.1182073604588025e-03,
          2.3825149513194331e-02, 2.2350032559773934e-02,
          -6.5379728118665351e-04, 2.2553922664388416e-03,
          1.4534926142779480e-03, 9.4920397942271960e-04,
          4.9875239623804316e-02, 5.1523106389821322e-04,
          3.8648537877762379e-04, -1.1732978540913172e-03,
          -7.6627348386978922e-04, 3.2167174930034068e-03,
          -5.4068177812820377e-03, -7.7360375950341915e-03,
          3.4517366515997134e-03, -1.1292087923527910e-02,
          5.1523106389821333e-04, 4.5954853684749560e-02,
          -2.0614848852461981e-03, -5.1462367045139379e-03,
          -2.6693414228961387e-02, -3.9627397250236989e-03,
          2.7326711960883501e-02, 2.2476816426160996e-02,
          -1.5047357631686006e-02, 1.5191587172616408e-02,
          3.8648537877762406e-04, -2.0614848852461977e-03,
          2.3385472937654524e-02, -9.5236192679307233e-03,
          3.4210563580306178e-02, 2.3284591764991664e-02,
          -9.3117182077649303e-03, -6.4266411894466661e-03,
          7.5473406069452948e-03, -1.1182073604588025e-03,
          -1.1732978540913166e-03, -5.1462367045139361e-03,
          -9.5236192679307233e-03, 9.0341805877050513e-02,
          -1.8152230944248261e-02, -7.6565357636910504e-03,
          6.1118303441745708e-02, 5.7279392442426691e-02,
          -3.8649238674328706e-02, 2.3825149513194331e-02,
          -7.6627348386978933e-04, -2.6693414228961387e-02,
          3.4210563580306178e-02, -1.8152230944248261e-02,
          2.1251025966166925e-01, 5.0214644211645780e-02,
          5.1563418222480437e-02, 5.5751890087396457e-02,
          -2.1386272273997625e-02, 2.2350032559773934e-02,
          3.2167174930034068e-03, -3.9627397250236972e-03,
          2.3284591764991664e-02, -7.6565357636910461e-03,
          5.0214644211645787e-02, 1.8226938189807770e-01 ]
   - !!opencv-matrix
      rows: 10
      cols: 10
      dt: d
      data: [ 2.9986902419529150e-02, 1.8649937236681320e-03,
          -5.4671359963055300e-03, 9.3247743178172162e-04,
          2.6717713249584086e-04, 1.0379976943785673e-04,
          2.2983784738409599e-04, -5.3322870057367741e-05,
          6.8142869900936578e-04, 3.6693618465622429e-03,
          1.8649937236681320e-03, 1.2934306025538505e-02,
          6.4364578879913894e-04, 4.7675530204516646e-03,
          1.3242954185145271e-03, -1.4503200067812156e-04,
          2.9933720668830813e-03, 4.0412596537346679e-05,
          -5.1882962686181523e-04, 2.5524430756959961e-02,
          -5.4671359963055300e-03, 6.4364578879913873e-04,
          4.7825861282264860e-03, 3.4757359949271133e-04,
          4.3247603059423575e-04, 6.6189628619225031e-06,
          -1.4969950532507332e-05, -2.5603759300557322e-04,
          -2.8407705836421991e-03, 9.5789869178672501e-04,
          9.3247743178172173e-04, 4.7675530204516637e-03,
          3.4757359949271133e-04, 1.2509781754060953e-01,
          1.2646765646402726e-03, -7.1632512512928154e-03,
          1.0335047191246133e-03, 3.3531416559070678e-03,
          -4.5423252865595164e-03, 8.0300367341713530e-03,
          2.6717713249584064e-04, 1.3242954185145267e-03,
          4.3247603059423586e-04, 1.2646765646402726e-03,
          4.1222589342865892e-02, 3.2976467145156494e-04,
          4.1734834740205553e-04, -1.1258273445252237e-03,
          -1.1303686541299460e-03, 3.4029780562056413e-03,
          1.0379976943785679e-04, -1.4503200067812164e-04,
          6.6189628619225573e-06, -7.1632512512928136e-03,
          3.2976467145156467e-04, 2.5779357669361101e-02,
          1.2131621603678036e-04, -4.5258185851669436e-03,
          -1.0532094254423002e-02, 2.7048713059533292e-04,
          2.2983784738409599e-04, 2.9933720668830813e-03,
          -1.4969950532507314e-05, 1.0335047191246131e-03,
          4.1734834740205553e-04, 1.2131621603678028e-04,
          5.3578951328256139e-03, -1.7613576700112664e-03,
          2.0147013811925192e-03, 3.3320129249387979e-03,
          -5.3322870057367694e-05, 4.0412596537346706e-05,
          -2.5603759300557328e-04, 3.3531416559070678e-03,
          -1.1258273445252237e-03, -4.5258185851669436e-03,
          -1.7613576700112662e-03, 7.1121902617804225e-02,
          -1.0333391781314562e-04, 5.1167145608873200e-04,
          6.8142869900936610e-04, -5.1882962686181512e-04,
          -2.8407705836421982e-03, -4.5423252865595147e-03,
          -1.1303686541299467e-03, -1.0532094254423004e-02,
          2.0147013811925196e-03, -1.0333391781314610e-04,
          5.8067066063258892e-02, -8.8458211529877061e-04,
          3.6693618465622438e-03, 2.5524430756959961e-02,
          9.5789869178672534e-04, 8.0300367341713495e-03,
          3.4029780562056422e-03, 2.7048713059533243e-04,
          3.3320129249387979e-03, 5.1167145608873145e-04,
          -8.8458211529877104e-04, 1.6263906770387287e-01 ]
   - !!opencv-matrix
      rows: 10
      cols: 10
      dt: d
