%YAML:1.0
---
groups:
   - intact
   - CD19
   - blast
intactGmmnames:
   - "intact.2015-2799.0"
   - "intact.2015-2799.1"
   - "intact.2015-2799.2"
   - "intact.2015-2799.3"
   - "intact.2015-2799.4"
intactLabels:
   - FSC-A
   - SSC-A
   - SY41
   - CD19
   - CD10
   - CD20
   - CD45
   - CD34
   - CD38
   - CD58
intactMu: !!opencv-matrix
   rows: 5
   cols: 10
   dt: d
   data: [ 2.6974453442747217e+00, 3.2742184664173934e+00,
       3.1927419970762574e+00, 1.7668602393965012e+00,
       1.8464554831142730e+00, 1.0899250768584183e+00,
       3.0630083527451162e+00, 1.1054289792963841e+00,
       1.7550705419123742e+00, 2.0951446039536181e+00,
       1.1178830300656899e+00, 3.4204592238405884e-01,
       3.0175307001732761e+00, 1.2437774944316193e+00,
       1.0785265910172646e+00, 1.0227487181282366e+00,
       3.7727884656214483e+00, 1.1100526731418701e+00,
       1.8435804377732332e+00, 9.1648669474585098e-01,
       2.5077343458974348e+00, 3.5205185898590772e+00,
       2.9417430151979573e+00, 1.8347935328066636e+00,
       2.2744546003984007e+00, 1.0631252262624415e+00,
       3.0834565908227929e+00, 1.0871076336348990e+00,
       1.7055902038735506e+00, 2.2057953784825512e+00,
       1.4839286955315449e+00, 1.2328636023717596e+00,
       2.9329041921084600e+00, 1.4676966122894535e+00,
       1.3933617872932393e+00, 1.1796297391758499e+00,
       2.7243232492910576e+00, 1.1983698573091581e+00,
       1.7036472198600834e+00, 1.8033378191409095e+00,
       1.3637010202615962e+00, 5.3809109089362905e-01,
       2.6562008816259666e+00, 1.3320816878526327e+00,
       1.1243515653939140e+00, 1.0302589837484777e+00,
       3.8663409458418418e+00, 1.1063006331142904e+00,
       1.7651184899137877e+00, 1.2781691554107402e+00 ]
intactSigma:
   - !!opencv-matrix
      rows: 10
      cols: 10
      dt: d
      data: [ 3.7803014252331291e-01, 1.2398364631775430e-01,
          -1.6026674310756411e-02, 3.6038221901588854e-02,
          -4.2517660064984038e-02, -1.0692220516118789e-03,
          -6.8942257296589178e-03, 4.9032828572276406e-03,
          6.0543742762200287e-02, -3.7474764748768570e-03,
          1.2398364631775427e-01, 3.4969266684065869e-01,
          -8.8064597753321795e-03, 6.2554375521282304e-02,
          7.5650705497855186e-02, 5.4140211853732521e-03,
          1.4619109047771875e-02, 3.4351403887372344e-03,
          -2.6837122070016817e-02, 3.6067408902931204e-02,
          -1.6026674310756411e-02, -8.8064597753321778e-03,
          4.0453048889411876e-02, -1.8576324380748925e-03,
          1.5033643619863712e-02, 4.1047110561086498e-04,
          1.1960141389455103e-03, -6.7394139817707991e-04,
          -1.0531742358719861e-02, -3.3950321739161676e-03,
          3.6038221901588854e-02, 6.2554375521282304e-02,
          -1.8576324380748933e-03, 4.4361850557187298e-02,
          1.4979301990545632e-03, -3.1173814195547536e-03,
          1.6292322159869128e-03, 1.2044668598653273e-03,
          -4.5757140175217634e-03, 2.8972223657316963e-03,
          -4.2517660064984038e-02, 7.5650705497855172e-02,
          1.5033643619863708e-02, 1.4979301990545638e-03,
          2.4336940629173875e-01, 7.0940980244850998e-03,
          2.6889714061617744e-02, -3.8586834174748515e-05,
          -5.5062222538161523e-02, 2.1213796163183505e-02,
          -1.0692220516118781e-03, 5.4140211853732486e-03,
          4.1047110561086503e-04, -3.1173814195547536e-03,
          7.0940980244850980e-03, 5.0459321167202989e-02,
          6.9598311880919529e-04, -1.9399452890286995e-04,
          -1.6325674696685971e-02, 2.3622030979069783e-03,
          -6.8942257296589178e-03, 1.4619109047771873e-02,
          1.1960141389455103e-03, 1.6292322159869132e-03,
          2.6889714061617741e-02, 6.9598311880919562e-04,
          2.8621385443404205e-02, 3.5344273460426173e-04,
          -1.8886209487944370e-03, 3.4170785145327190e-03,
          4.9032828572276423e-03, 3.4351403887372344e-03,
          -6.7394139817707991e-04, 1.2044668598653278e-03,
          -3.8586834174748671e-05, -1.9399452890287005e-04,
          3.5344273460426157e-04, 2.9147352604779165e-03,
          2.7410986184978623e-03, -1.9278633155321891e-03,
          6.0543742762200280e-02, -2.6837122070016810e-02,
          -1.0531742358719861e-02, -4.5757140175217651e-03,
          -5.5062222538161516e-02, -1.6325674696685975e-02,
          -1.8886209487944362e-03, 2.7410986184978614e-03,
          1.1502050305954935e-01, -8.0638189134383600e-03,
          -3.7474764748768579e-03, 3.6067408902931204e-02,
          -3.3950321739161667e-03, 2.8972223657316963e-03,
          2.1213796163183505e-02, 2.3622030979069783e-03,
          3.4170785145327190e-03, -1.9278633155321891e-03,
          -8.0638189134383600e-03, 3.3825514981184655e-02 ]
   - !!opencv-matrix
      rows: 10
      cols: 10
      dt: d
      data: [ 3.6924844050702559e-02, 5.9246341085396953e-03,
          -1.8478914253145604e-02, 4.1812696998934449e-03,
          -1.7581076686982154e-04, -1.0154408741682582e-03,
          6.4627988912627585e-03, 8.7084606077364771e-04,
          3.0664038416110852e-03, 8.8000446250137573e-04,
          5.9246341085396953e-03, 8.0482919684166116e-03,
          -4.8755367988120432e-03, 3.7920871920202547e-03,
          6.0595610624624362e-04, -2.9470426745495127e-04,
          4.4438220652538562e-03, 2.5629123095476076e-04,
          -4.5136311551923275e-03, 2.0607445128464574e-02,
          -1.8478914253145611e-02, -4.8755367988120423e-03,
          6.1019620419774878e-02, -4.4694198148556817e-03,
          9.9678971884093262e-04, 1.8692836928855285e-03,
          -7.0581337568105425e-03, -9.7300964840163864e-04,
          -7.8468325826256749e-03, 3.2042729656527281e-03,
          4.1812696998934449e-03, 3.7920871920202556e-03,
          -4.4694198148556817e-03, 7.8304500029204055e-02,
          5.0875517504245867e-04, -5.2982708986310974e-03,
          2.2254945408701097e-03, 4.3882242760580738e-04,
          -8.1376218692736854e-03, 6.0236212086150738e-03,
          -1.7581076686982151e-04, 6.0595610624624373e-04,
          9.9678971884093327e-04, 5.0875517504245856e-04,
          3.2512434291697409e-02, -1.3379349558923797e-04,
          3.5416578517181725e-04, 1.8659032671592492e-04,
          -1.4988529009820062e-03, 1.3012358587585259e-03,
          -1.0154408741682587e-03, -2.9470426745495143e-04,
          1.8692836928855274e-03, -5.2982708986310965e-03,
          -1.3379349558923783e-04, 5.0505330571520020e-02,
          -5.1032862937649861e-04, 1.3876127172190349e-04,
          -1.9004492341000923e-02, -1.6480128087681766e-04,
          6.4627988912627585e-03, 4.4438220652538562e-03,
          -7.0581337568105425e-03, 2.2254945408701097e-03,
          3.5416578517181725e-04, -5.1032862937649861e-04,
          1.0131464134118192e-02, 3.7396470956289044e-04,
          -4.4227373504585063e-03, 2.1926043199850249e-03,
          8.7084606077364804e-04, 2.5629123095476081e-04,
          -9.7300964840163864e-04, 4.3882242760580770e-04,
          1.8659032671592484e-04, 1.3876127172190368e-04,
          3.7396470956289044e-04, 1.4639648826661644e-03,
          -7.7985592802857053e-04, -2.4674758846052942e-03,
          3.0664038416110852e-03, -4.5136311551923275e-03,
          -7.8468325826256732e-03, -8.1376218692736802e-03,
          -1.4988529009820055e-03, -1.9004492341000927e-02,
          -4.4227373504585063e-03, -7.7985592802857042e-04,
          1.4387010823122620e-01, -1.1133922116199759e-02,
          8.8000446250137670e-04, 2.0607445128464574e-02,
          3.2042729656527290e-03, 6.0236212086150756e-03,
          1.3012358587585259e-03, -1.6480128087681737e-04,
          2.1926043199850245e-03, -2.4674758846052942e-03,
          -1.1133922116199756e-02, 1.6331643636757609e-01 ]
   - !!opencv-matrix
      rows: 10
