%YAML:1.0
---
groups:
   - intact
   - CD19
   - blast
intactGmmnames:
   - "intact.2015-2781.0"
   - "intact.2015-2781.1"
   - "intact.2015-2781.2"
   - "intact.2015-2781.3"
   - "intact.2015-2781.4"
intactLabels:
   - FSC-A
   - SSC-A
   - SY41
   - CD19
   - CD10
   - CD20
   - CD45
   - CD34
   - CD38
   - CD58
intactMu: !!opencv-matrix
   rows: 5
   cols: 10
   dt: d
   data: [ 3.0069064610954004e+00, 2.9915299581571575e+00,
       3.1393190791581356e+00, 1.9419462247294337e+00,
       1.4205687430932858e+00, 1.0888868474663254e+00,
       3.0046760958265528e+00, 9.2558817927141057e-01,
       1.9662345612580858e+00, 2.0426312577505601e+00,
       9.5446974614431901e-01, 4.0292748257821903e-01,
       3.1007769969513141e+00, 1.2884415552567481e+00,
       1.3420576752109898e+00, 1.0397070197742475e+00,
       3.6613196839673940e+00, 7.7194287635941716e-01,
       1.8791397158108472e+00, 1.0429747644865093e+00,
       7.8813290657265622e-01, 4.5501376992908488e-01,
       3.4406621234346888e+00, 1.1329437691864177e+00,
       1.4579605346420785e+00, 1.0708810736302743e+00,
       1.5906145840597647e+00, 8.0993318330535757e-01,
       1.2658603259289543e+00, 2.4015895363975517e+00,
       2.0033915287765409e+00, 1.8722584016291162e+00,
       3.2143123818435138e+00, 1.7565228646586317e+00,
       1.6988083409273853e+00, 1.1511464343098330e+00,
       3.0858086346509950e+00, 1.0777547606763234e+00,
       2.3207839426817833e+00, 2.1088214612073526e+00,
       2.3260892845796417e+00, 3.4120542275181367e+00,
       3.2176318997339113e+00, 2.0003588178949778e+00,
       2.5830404966320382e+00, 1.0968277803270325e+00,
       3.2368555279374025e+00, 8.8392215769126203e-01,
       1.6076412633188752e+00, 2.1862004786631664e+00 ]
intactSigma:
   - !!opencv-matrix
      rows: 10
      cols: 10
      dt: d
      data: [ 3.5843210857929619e-01, 1.5704578494291260e-01,
          1.4482593756442933e-02, 3.3710600844520509e-02,
          2.3534671194849920e-04, 3.7306763051937679e-03,
          -4.2914621416768536e-03, 1.8667585979623130e-02,
          6.2746052402617256e-02, 5.5860321026194072e-03,
          1.5704578494291260e-01, 4.5487504327898648e-01,
          -2.8441593911449595e-03, 7.8770261621336629e-02,
          3.0030401801152500e-02, 5.1376328537098359e-03,
          3.5574626371794781e-02, 2.1631434319091584e-02,
          4.4378467992396066e-02, 4.1585445322245763e-02,
          1.4482593756442938e-02, -2.8441593911449599e-03,
          1.9003119848109876e-02, 2.0200065329189568e-04,
          -3.5770100898501658e-03, -7.3209583904944135e-04,
          -3.5122800505919694e-03, 3.0837193639230149e-03,
          1.3679079907634365e-02, -2.7811537860492037e-04,
          3.3710600844520516e-02, 7.8770261621336629e-02,
          2.0200065329189579e-04, 3.6490848830694533e-02,
          4.8418766665176780e-03, -1.1570243636805074e-03,
          5.0900820103631931e-03, 4.7041292150538077e-03,
          6.5557183014710967e-03, 6.7143809512239172e-03,
          2.3534671194849963e-04, 3.0030401801152500e-02,
          -3.5770100898501671e-03, 4.8418766665176780e-03,
          1.4495924431966387e-01, 5.8589280861042208e-04,
          2.6041177971213897e-03, 6.7964692212380581e-04,
          -7.4833038877858919e-03, 4.9180531728437579e-03,
          3.7306763051937670e-03, 5.1376328537098359e-03,
          -7.3209583904944135e-04, -1.1570243636805078e-03,
          5.8589280861042251e-04, 4.5037680276585543e-02,
          1.7185971496402365e-04, 6.6644751961452526e-04,
          -1.5666557254669047e-02, 3.1981461077613624e-04,
          -4.2914621416768536e-03, 3.5574626371794781e-02,
          -3.5122800505919694e-03, 5.0900820103631931e-03,
          2.6041177971213893e-03, 1.7185971496402370e-04,
          2.0097565972303808e-02, -1.7493640117200900e-05,
          -2.5797211945843839e-03, 5.5725438281546127e-03,
          1.8667585979623130e-02, 2.1631434319091584e-02,
          3.0837193639230145e-03, 4.7041292150538077e-03,
          6.7964692212380581e-04, 6.6644751961452548e-04,
          -1.7493640117200836e-05, 1.7990727079581194e-02,
          1.0985417186976681e-02, 8.9635636981031416e-04,
          6.2746052402617256e-02, 4.4378467992396066e-02,
          1.3679079907634365e-02, 6.5557183014710975e-03,
          -7.4833038877858936e-03, -1.5666557254669047e-02,
          -2.5797211945843847e-03, 1.0985417186976685e-02,
          1.1397748232198111e-01, 3.5564190153078872e-03,
          5.5860321026194081e-03, 4.1585445322245763e-02,
          -2.7811537860492053e-04, 6.7143809512239172e-03,
          4.9180531728437579e-03, 3.1981461077613613e-04,
          5.5725438281546110e-03, 8.9635636981031394e-04,
          3.5564190153078864e-03, 2.2381344420664050e-02 ]
   - !!opencv-matrix
      rows: 10
      cols: 10
      dt: d
      data: [ 7.4307820586685183e-02, 2.2649485501146954e-02,
          -3.0846506367441857e-02, 1.6249709144576036e-02,
          1.1774700652497106e-02, -2.8536887570743946e-03,
          1.3626155401351290e-02, -4.7858299972335728e-03,
          2.8958363136898178e-02, 4.3498239025866067e-02,
          2.2649485501146954e-02, 1.6076731024798816e-02,
          -1.1458381799224246e-02, 1.1002160449435725e-02,
          7.5847176638724296e-03, -1.5093441028704803e-03,
          7.7958717327058493e-03, -2.1320755780006089e-03,
          1.4201044190259282e-02, 3.5332226063481256e-02,
          -3.0846506367441857e-02, -1.1458381799224246e-02,
          2.8496670061407166e-02, -7.6125041650354002e-03,
          -3.8049433723207353e-03, 1.4574294671171528e-03,
          -5.9259671969364280e-03, 1.6484816386906278e-03,
          -1.1972641025851086e-02, -1.4725640717084060e-02,
          1.6249709144576033e-02, 1.1002160449435725e-02,
          -7.6125041650354011e-03, 1.5495244193657259e-01,
          1.1186862016496858e-02, -6.3911268588574908e-03,
          6.5707721943338302e-03, -1.7011504604850566e-03,
          -2.4202333230030279e-03, 3.4537757121494768e-02,
          1.1774700652497106e-02, 7.5847176638724296e-03,
          -3.8049433723207340e-03, 1.1186862016496858e-02,
          2.3633095958986042e-01, -3.9758132580972012e-04,
          5.2482852025604858e-03, -3.9032553770556081e-03,
          1.0880606413583838e-02, 2.8063692314383180e-02,
          -2.8536887570743946e-03, -1.5093441028704803e-03,
          1.4574294671171534e-03, -6.3911268588574908e-03,
          -3.9758132580972028e-04, 4.7117139498476290e-02,
          -5.5129381379109355e-04, 7.3164634834735418e-04,
          -2.8350106376349202e-02, -1.1842813844986180e-03,
          1.3626155401351290e-02, 7.7958717327058493e-03,
          -5.9259671969364280e-03, 6.5707721943338302e-03,
          5.2482852025604850e-03, -5.5129381379109333e-04,
          1.1469515406659659e-02, -2.5735482598609207e-03,
          5.2823908786363760e-03, 1.8815439691568993e-02,
          -4.7858299972335728e-03, -2.1320755780006089e-03,
          1.6484816386906275e-03, -1.7011504604850559e-03,
          -3.9032553770556081e-03, 7.3164634834735397e-04,
          -2.5735482598609207e-03, 1.4196969386369917e-02,
          -9.1612485990735845e-03, -9.3274161830603965e-03,
          2.8958363136898178e-02, 1.4201044190259287e-02,
          -1.1972641025851086e-02, -2.4202333230030292e-03,
          1.0880606413583838e-02, -2.8350106376349202e-02,
          5.2823908786363760e-03, -9.1612485990735827e-03,
          2.7282548839833382e-01, 2.8284751983553191e-02,
          4.3498239025866067e-02, 3.5332226063481249e-02,
          -1.4725640717084059e-02, 3.4537757121494754e-02,
          2.8063692314383177e-02, -1.1842813844986178e-03,
          1.8815439691568996e-02, -9.3274161830604000e-03,
          2.8284751983553204e-02, 2.1581060197705731e-01 ]
   - !!opencv-matrix
      rows: 10
      cols: 10
      dt: d
