%YAML:1.0
---
groups:
   - intact
   - CD19
   - blast
intactGmmnames:
   - "intact.2015-0934.0"
   - "intact.2015-0934.1"
   - "intact.2015-0934.2"
   - "intact.2015-0934.3"
   - "intact.2015-0934.4"
intactLabels:
   - FSC-A
   - SSC-A
   - SY41
   - CD19
   - CD10
   - CD20
   - CD45
   - CD34
   - CD38
   - CD58
intactMu: !!opencv-matrix
   rows: 5
   cols: 10
   dt: d
   data: [ 1.7087575560497119e+00, 1.5482641189320090e+00,
       3.3293048348328727e+00, 1.5564260435614823e+00,
       1.2531122175024736e+00, 1.1740400878184494e+00,
       2.6609972577824221e+00, 1.5358074576713345e+00,
       1.8028448496863383e+00, 1.9098344618491983e+00,
       1.0352116030800003e+00, 3.5903758712953532e-01,
       3.3266038814118528e+00, 1.0594451767606181e+00,
       9.9541613303372756e-01, 9.3698865894999150e-01,
       3.5595769861077540e+00, 1.1669089367149932e+00,
       1.6337095116388727e+00, 1.0352734144767144e+00,
       1.0329849936820701e+00, 6.2766213520466185e-01,
       3.3028144061648903e+00, 1.0763617910809264e+00,
       1.0285639321396454e+00, 9.4720196032081561e-01,
       1.3875519634321813e+00, 1.1511738117338455e+00,
       1.0274498621561441e+00, 2.3379918737316765e+00,
       1.2438913640884330e+00, 6.2105050468516287e-01,
       3.2085824881853715e+00, 1.2016474418440131e+00,
       1.0397434535064949e+00, 9.6327006656812852e-01,
       3.6573516245105608e+00, 1.2150396307593514e+00,
       1.7520272159598445e+00, 1.5596550710301798e+00,
       2.0071153118375467e+00, 3.5889355801755496e+00,
       3.1620787845146126e+00, 1.7614379474770361e+00,
       2.2870684906700012e+00, 9.8885299996691123e-01,
       3.0819310548176535e+00, 1.2635063031872946e+00,
       1.3302813720484326e+00, 2.1184162618946814e+00 ]
intactSigma:
   - !!opencv-matrix
      rows: 10
      cols: 10
      dt: d
      data: [ 4.9611186362420318e-01, 3.0527712752605446e-01,
          3.0531749656556757e-02, 2.6547658595526536e-02,
          5.2052603836484392e-02, -2.7791569474296483e-02,
          8.4100861283115558e-02, 4.2541466191255380e-02,
          1.0523244721099152e-01, 1.2221963599752755e-01,
          3.0527712752605446e-01, 7.3172079242884347e-01,
          -1.6630596715275232e-03, 9.6048013135505331e-02,
          1.2477551382898242e-01, -4.0040830007653343e-02,
          1.2521376759089592e-01, -2.8230824866723823e-02,
          4.7685452314904155e-02, 1.2310161113985424e-01,
          3.0531749656556757e-02, -1.6630596715275210e-03,
          1.6870288934930205e-01, -1.3411424120123267e-02,
          -1.5541639591445534e-02, 2.0914956150322622e-03,
          3.1446376961011310e-02, -3.5367245583361813e-03,
          3.6747073673217723e-02, 1.8449685687182651e-02,
          2.6547658595526529e-02, 9.6048013135505317e-02,
          -1.3411424120123264e-02, 3.4004125820394504e-01,
          4.6758494727310841e-02, 1.3109999711970374e-01,
          1.7382800886222310e-01, -1.5160089034043882e-02,
          1.3562107473160859e-01, 4.8387475159400242e-02,
          5.2052603836484392e-02, 1.2477551382898242e-01,
          -1.5541639591445536e-02, 4.6758494727310855e-02,
          2.1529571823493249e-01, 1.2245545618429840e-02,
          3.5990423478918121e-02, -2.3041269645756625e-03,
          1.9858943820429829e-02, 2.0755158813425458e-02,
          -2.7791569474296476e-02, -4.0040830007653343e-02,
          2.0914956150322630e-03, 1.3109999711970374e-01,
          1.2245545618429840e-02, 2.9783061476431300e-01,
          1.0551553084761348e-01, 3.7277484788822320e-02,
          1.2406618375460168e-02, -1.8673632823436103e-02,
          8.4100861283115558e-02, 1.2521376759089592e-01,
          3.1446376961011310e-02, 1.7382800886222310e-01,
          3.5990423478918121e-02, 1.0551553084761348e-01,
          7.5824128060976803e-01, 7.6790052059132557e-02,
          3.4905241863131209e-01, 3.9203963469706758e-03,
          4.2541466191255373e-02, -2.8230824866723816e-02,
          -3.5367245583361822e-03, -1.5160089034043882e-02,
          -2.3041269645756616e-03, 3.7277484788822320e-02,
          7.6790052059132571e-02, 3.6957348134694490e-01,
          1.4897086446951324e-01, 2.9788600601032021e-02,
          1.0523244721099154e-01, 4.7685452314904141e-02,
          3.6747073673217723e-02, 1.3562107473160859e-01,
          1.9858943820429836e-02, 1.2406618375460169e-02,
          3.4905241863131209e-01, 1.4897086446951324e-01,
          5.1075399500552121e-01, 6.4708327129183160e-02,
          1.2221963599752755e-01, 1.2310161113985424e-01,
          1.8449685687182655e-02, 4.8387475159400242e-02,
          2.0755158813425458e-02, -1.8673632823436103e-02,
          3.9203963469706810e-03, 2.9788600601032018e-02,
          6.4708327129183146e-02, 2.4982886156557441e-01 ]
   - !!opencv-matrix
      rows: 10
      cols: 10
      dt: d
      data: [ 3.5179681349055934e-02, 4.3275309317287163e-03,
          -4.4418823703863009e-03, 3.7121625193732815e-03,
          3.3692594637030722e-04, -2.8760188918335885e-04,
          3.3814738515837517e-03, 2.9164927928910465e-04,
          4.6091238515244271e-03, 5.5664559699577700e-03,
          4.3275309317287163e-03, 7.1706176259715435e-03,
          -4.4537331275020344e-04, 3.1886975053187173e-03,
          1.1335113901509363e-03, 1.2117440892636803e-04,
          3.4694035775301559e-03, 2.9868980214077469e-04,
          -2.5093717742846909e-03, 1.3875667451788750e-02,
          -4.4418823703863009e-03, -4.4537331275020344e-04,
          1.3629434095468311e-02, 8.8282826079979581e-06,
          8.8127044671398695e-04, 8.1276672055477115e-04,
          5.0377109917672941e-04, 1.1166458286457871e-03,
          -4.4435213099476992e-03, 2.9915840749273064e-03,
          3.7121625193732815e-03, 3.1886975053187186e-03,
          8.8282826079979428e-06, 1.0299197630925076e-01,
          1.5603930637143818e-03, -4.4881724741585279e-03,
          4.9535828813632469e-04, 5.6541451309675347e-03,
          2.4029059917965835e-03, 1.1887540154874041e-02,
          3.3692594637030712e-04, 1.1335113901509363e-03,
          8.8127044671398760e-04, 1.5603930637143818e-03,
          5.3345654154209068e-02, 8.0775167376324973e-04,
          7.6806335962134565e-04, -6.2217778787691959e-05,
          -3.3544172180809812e-04, 4.2556442800941998e-03,
          -2.8760188918335874e-04, 1.2117440892636807e-04,
          8.1276672055477148e-04, -4.4881724741585288e-03,
          8.0775167376324940e-04, 6.4074655865790142e-02,
          1.9000005690007364e-04, -9.7355704949713094e-03,
          -2.2206410584165517e-02, 7.7866910243458247e-04,
          3.3814738515837526e-03, 3.4694035775301559e-03,
          5.0377109917672941e-04, 4.9535828813632448e-04,
          7.6806335962134598e-04, 1.9000005690007369e-04,
          7.0748135739370829e-03, -1.2153302318986940e-03,
          7.4409839929648162e-04, 8.2571347384666986e-03,
          2.9164927928910432e-04, 2.9868980214077452e-04,
          1.1166458286457871e-03, 5.6541451309675339e-03,
          -6.2217778787692257e-05, -9.7355704949713094e-03,
          -1.2153302318986935e-03, 1.7411731430247895e-01,
          9.7116917217023868e-03, 3.4723805314040286e-03,
          4.6091238515244262e-03, -2.5093717742846913e-03,
          -4.4435213099476992e-03, 2.4029059917965840e-03,
          -3.3544172180809779e-04, -2.2206410584165514e-02,
          7.4409839929648152e-04, 9.7116917217023868e-03,
          1.5955263199205599e-01, -2.2231647844431392e-04,
          5.5664559699577718e-03, 1.3875667451788750e-02,
          2.9915840749273055e-03, 1.1887540154874043e-02,
          4.2556442800941990e-03, 7.7866910243458312e-04,
          8.2571347384666986e-03, 3.4723805314040282e-03,
          -2.2231647844431310e-04, 1.2590976912362095e-01 ]
   - !!opencv-matrix
      rows: 10
      cols: 10
      dt: d
