%YAML:1.0
---
groups:
   - intact
   - CD19
   - blast
intactGmmnames:
   - "intact.2015-3267.0"
   - "intact.2015-3267.1"
   - "intact.2015-3267.2"
   - "intact.2015-3267.3"
   - "intact.2015-3267.4"
intactLabels:
   - FSC-A
   - SSC-A
   - SY41
   - CD19
   - CD10
   - CD20
   - CD45
   - CD34
   - CD38
   - CD58
intactMu: !!opencv-matrix
   rows: 5
   cols: 10
   dt: d
   data: [ 1.1416363376146836e+00, 4.1791348482737101e-01,
       2.6698206821872956e+00, 1.3361559974559556e+00,
       1.3463351013643023e+00, 1.0661836055958069e+00,
       3.8560498259246283e+00, 1.2466526416632113e+00,
       1.5456715634629126e+00, 1.0269324672767692e+00,
       1.5982105664073343e+00, 1.0711278209532287e+00,
       2.8994074985111400e+00, 1.5137164489056953e+00,
       1.8956337125432314e+00, 1.1637133341135284e+00,
       2.4577214616968188e+00, 1.6964275678483671e+00,
       1.7769261621131776e+00, 2.2427758408980067e+00,
       2.8043000922722001e+00, 3.4662898842581584e+00,
       2.7469789550499115e+00, 1.8366438149227740e+00,
       1.7395537103594065e+00, 1.1425492416884553e+00,
       2.9551932228912583e+00, 1.5172031683293101e+00,
       1.6236498205412053e+00, 2.2403064875778642e+00,
       1.3893406610864245e+00, 6.7253845134215795e-01,
       2.6039130936711921e+00, 1.4181537840206111e+00,
       1.4770663551059611e+00, 1.0909344811489914e+00,
       3.9728036425740303e+00, 1.4120686697630627e+00,
       2.0659730671734664e+00, 1.5530617549303249e+00,
       8.8470727808104033e-01, 4.3470993759351856e-01,
       2.8922933369177639e+00, 1.1526174029054068e+00,
       1.3264481735467197e+00, 1.1056199875226618e+00,
       1.5439092795679146e+00, 1.2183707252112470e+00,
       1.3903191371960264e+00, 2.2964020958068168e+00 ]
intactSigma:
   - !!opencv-matrix
      rows: 10
      cols: 10
      dt: d
      data: [ 4.8607997647230547e-02, 1.0696001362634166e-02,
          -1.4326784765184491e-02, 5.0942219276615382e-03,
          2.9921950907975288e-03, -7.5724587403392469e-04,
          5.3251507484399739e-03, 2.4690390093994679e-03,
          -5.0979908480459114e-03, 1.2572183850330942e-02,
          1.0696001362634162e-02, 1.4577445725266527e-02,
          -7.7602748414573467e-03, 6.2953468854137894e-03,
          3.0550314600004645e-03, -6.4116613849730280e-04,
          6.3341865970815425e-03, 9.6169381832648081e-04,
          -5.9702835505502710e-03, 2.8905028546107658e-02,
          -1.4326784765184491e-02, -7.7602748414573449e-03,
          3.2284552338404153e-02, -4.0292635532057607e-03,
          -3.4910842087273780e-03, 5.6201538387328279e-04,
          -6.3461798102969792e-03, -9.4074831198177021e-04,
          3.7819584458916537e-03, -1.3112407272486030e-02,
          5.0942219276615382e-03, 6.2953468854137894e-03,
          -4.0292635532057607e-03, 7.3055909992316176e-02,
          4.1164193005276814e-03, -4.5748025331879315e-03,
          3.1525372132656690e-03, 6.0871631903049650e-03,
          -1.1972086417368008e-02, 9.9772417416089786e-03,
          2.9921950907975288e-03, 3.0550314600004641e-03,
          -3.4910842087273780e-03, 4.1164193005276822e-03,
          1.7188596951822924e-01, 3.7200342550930648e-04,
          2.8963918383242524e-03, -3.5576239779510277e-03,
          -1.1774728397343792e-03, 8.3383785104068266e-03,
          -7.5724587403392491e-04, -6.4116613849730247e-04,
          5.6201538387328257e-04, -4.5748025331879315e-03,
          3.7200342550930627e-04, 3.5945217213316963e-02,
          -6.6011388784765828e-04, -2.2529872711394817e-02,
          -2.1931105303135665e-02, -2.5251127502477796e-05,
          5.3251507484399748e-03, 6.3341865970815425e-03,
          -6.3461798102969766e-03, 3.1525372132656690e-03,
          2.8963918383242524e-03, -6.6011388784765817e-04,
          9.9468593535674017e-03, -7.7296544767379162e-04,
          -4.7084305494583525e-03, 9.2393830942457070e-03,
          2.4690390093994679e-03, 9.6169381832648081e-04,
          -9.4074831198176967e-04, 6.0871631903049676e-03,
          -3.5576239779510264e-03, -2.2529872711394821e-02,
          -7.7296544767379162e-04, 2.1333602070725430e-01,
          5.1214703644276204e-03, 2.9617662852223659e-03,
          -5.0979908480459114e-03, -5.9702835505502701e-03,
          3.7819584458916537e-03, -1.1972086417368008e-02,
          -1.1774728397343792e-03, -2.1931105303135665e-02,
          -4.7084305494583525e-03, 5.1214703644276239e-03,
          1.2703346967479928e-01, -2.0272456747522524e-02,
          1.2572183850330937e-02, 2.8905028546107658e-02,
          -1.3112407272486030e-02, 9.9772417416089821e-03,
          8.3383785104068232e-03, -2.5251127502477468e-05,
          9.2393830942457053e-03, 2.9617662852223659e-03,
          -2.0272456747522524e-02, 1.9251712548739749e-01 ]
   - !!opencv-matrix
      rows: 10
      cols: 10
      dt: d
      data: [ 4.0612375327235511e-01, 2.3555376299066819e-01,
          7.7993564179472865e-03, 7.0742937276604315e-02,
          -8.1261312254044843e-02, 1.3058792652560621e-02,
          2.1023177344956537e-01, 8.7479469365261450e-02,
          1.1345849064875550e-01, 3.1507585679371515e-02,
          2.3555376299066819e-01, 4.8917460546692293e-01,
          1.7391217468354196e-02, 1.0322821241179765e-01,
          -1.6841330119021530e-01, 1.7169237372911227e-02,
          1.6287266125027131e-01, 2.0298734117276635e-02,
          1.1795106025168477e-01, -1.2470228747425179e-02,
          7.7993564179472822e-03, 1.7391217468354189e-02,
          9.9282683934443824e-02, -3.9201611475941202e-03,
          -3.0956243530667903e-02, -9.0567022433251894e-04,
          -2.4877072337282195e-02, -1.4720019160540667e-02,
          2.7716531919145620e-02, 5.2509618679836084e-02,
          7.0742937276604315e-02, 1.0322821241179765e-01,
          -3.9201611475941193e-03, 1.0289851789958254e-01,
          5.1495320127145229e-02, 7.4814066022262813e-03,
          6.5469655064924276e-02, 5.3849063492159184e-02,
          4.0527675317232281e-02, 2.4915460267001314e-02,
          -8.1261312254044843e-02, -1.6841330119021530e-01,
          -3.0956243530667896e-02, 5.1495320127145243e-02,
          6.8301987994662638e-01, 5.3700205075063734e-03,
          -8.9286674569321642e-02, 1.0739157831091593e-01,
          -7.5977581196319283e-02, 1.3215825937797426e-01,
          1.3058792652560627e-02, 1.7169237372911234e-02,
          -9.0567022433251851e-04, 7.4814066022262813e-03,
          5.3700205075063743e-03, 7.4931800286267738e-02,
          4.7618947964372920e-03, 1.1503949189598739e-02,
          -9.6682984132855088e-03, 3.6539285006476760e-03,
          2.1023177344956537e-01, 1.6287266125027128e-01,
          -2.4877072337282195e-02, 6.5469655064924276e-02,
          -8.9286674569321642e-02, 4.7618947964372929e-03,
          8.1588759483387230e-01, 1.0988049212999278e-01,
          1.9515320677965767e-01, -6.7629759622895400e-02,
          8.7479469365261450e-02, 2.0298734117276642e-02,
          -1.4720019160540667e-02, 5.3849063492159177e-02,
          1.0739157831091592e-01, 1.1503949189598739e-02,
          1.0988049212999278e-01, 3.5260570714680817e-01,
          6.5166523655426578e-02, 6.4029088652456725e-02,
          1.1345849064875550e-01, 1.1795106025168477e-01,
          2.7716531919145620e-02, 4.0527675317232288e-02,
          -7.5977581196319255e-02, -9.6682984132855036e-03,
          1.9515320677965767e-01, 6.5166523655426578e-02,
          3.2390608772006951e-01, 6.9184077370361446e-02,
          3.1507585679371515e-02, -1.2470228747425175e-02,
          5.2509618679836084e-02, 2.4915460267001321e-02,
          1.3215825937797426e-01, 3.6539285006476777e-03,
          -6.7629759622895400e-02, 6.4029088652456739e-02,
          6.9184077370361446e-02, 2.6045903865634323e-01 ]
   - !!opencv-matrix
      rows: 10
      cols: 10
      dt: d
