%YAML:1.0
---
groups:
   - intact
   - CD19
   - blast
intactGmmnames:
   - "intact.2015-1197.0"
   - "intact.2015-1197.1"
   - "intact.2015-1197.2"
   - "intact.2015-1197.3"
   - "intact.2015-1197.4"
intactLabels:
   - FSC-A
   - SSC-A
   - SY41
   - CD19
   - CD10
   - CD20
   - CD45
   - CD34
   - CD38
   - CD58
intactMu: !!opencv-matrix
   rows: 5
   cols: 10
   dt: d
   data: [ 1.1651186909493076e+00, 4.3855738770134756e-01,
       3.4550165078711981e+00, 1.2107894360314349e+00,
       1.1060012684824323e+00, 9.4982974808655929e-01,
       3.6040539447796363e+00, 1.1382220374327163e+00,
       1.5558152092422106e+00, 1.0204137026891542e+00,
       9.3239660914060518e-01, 5.4799091104468978e-01,
       2.9529528438184238e+00, 1.2116717225772293e+00,
       1.1319431750593325e+00, 9.6519411796685628e-01,
       1.3560773155276997e+00, 1.1622766605888037e+00,
       1.4382686119081212e+00, 2.2060768841574583e+00,
       1.5440447094420815e+00, 1.6536103507870008e+00,
       2.8876199134395018e+00, 1.4954095093234723e+00,
       1.2406230561478293e+00, 1.3196218959926462e+00,
       2.9525493737056987e+00, 1.5078083028103049e+00,
       1.6741754933008517e+00, 1.7098235983853343e+00,
       1.2238592210453785e+00, 8.1848782992492175e-01,
       3.1083323411208434e+00, 1.2723053369506856e+00,
       1.1123749131071834e+00, 9.3414463316947260e-01,
       3.7055448052694890e+00, 1.1634093468668425e+00,
       1.8806686374371233e+00, 1.5082524336471677e+00,
       1.7535591094990337e+00, 3.8606162357302809e+00,
       3.0772332554311568e+00, 1.6865054944222515e+00,
       2.5636161468501690e+00, 9.7729410769536862e-01,
       3.0613029074617026e+00, 1.2692162574085999e+00,
       1.4794054366979819e+00, 1.9374991937416270e+00 ]
intactSigma:
   - !!opencv-matrix
      rows: 10
      cols: 10
      dt: d
      data: [ 4.1330759967585548e-02, 7.7920642006518376e-03,
          -6.2810416493781001e-03, 1.4122874227451259e-03,
          4.0345333111257693e-04, 1.0288087317559839e-04,
          4.0567613050852876e-03, 2.1858095323208881e-04,
          -1.5810791448153641e-03, 7.3996055105836423e-03,
          7.7920642006518385e-03, 1.5710807044864748e-02,
          1.5973498818369020e-05, 2.4454820105396092e-03,
          1.9708448737100689e-03, 4.5761449384743014e-04,
          5.8679163991437310e-03, 1.0583717712431019e-03,
          -2.9563081346818667e-03, 2.7166021977717478e-02,
          -6.2810416493781001e-03, 1.5973498818368969e-05,
          3.3503441443303597e-02, -3.2645969050507556e-04,
          3.0447946407690930e-04, 4.7517332102328745e-04,
          -6.5868428792674753e-04, 5.6911997796140141e-04,
          2.4456121769252944e-04, -1.6702595750772351e-03,
          1.4122874227451255e-03, 2.4454820105396088e-03,
          -3.2645969050507551e-04, 2.1589070996206453e-02,
          5.1634901834270391e-04, -2.6899624399153673e-03,
          1.6162683468762197e-04, 2.6296970007673543e-03,
          -1.8167226737433688e-03, 4.6275016343190643e-03,
          4.0345333111257677e-04, 1.9708448737100685e-03,
          3.0447946407690930e-04, 5.1634901834270457e-04,
          2.9069355267428581e-02, 3.7922584894093341e-04,
          6.7341522038939848e-04, 8.1757037904479500e-04,
          -7.6979121544717521e-04, 4.8475153574866394e-03,
          1.0288087317559868e-04, 4.5761449384743030e-04,
          4.7517332102328728e-04, -2.6899624399153678e-03,
          3.7922584894093314e-04, 5.5149319860758717e-02,
          9.5473293315136582e-05, -8.6466171003962301e-03,
          -7.0569966120705855e-03, 1.5765247391237452e-03,
          4.0567613050852876e-03, 5.8679163991437319e-03,
          -6.5868428792674775e-04, 1.6162683468762194e-04,
          6.7341522038939859e-04, 9.5473293315136501e-05,
          8.6785329856130609e-03, -1.5295262739028520e-03,
          -1.4688694819186012e-03, 7.8629095252913152e-03,
          2.1858095323208890e-04, 1.0583717712431019e-03,
          5.6911997796140184e-04, 2.6296970007673548e-03,
          8.1757037904479587e-04, -8.6466171003962318e-03,
          -1.5295262739028527e-03, 1.5639147737271913e-01,
          1.5092503009474167e-03, 4.2347485212401188e-03,
          -1.5810791448153641e-03, -2.9563081346818667e-03,
          2.4456121769252944e-04, -1.8167226737433682e-03,
          -7.6979121544717521e-04, -7.0569966120705855e-03,
          -1.4688694819186012e-03, 1.5092503009474167e-03,
          1.4234369509305218e-02, -5.5646538676621194e-03,
          7.3996055105836405e-03, 2.7166021977717478e-02,
          -1.6702595750772351e-03, 4.6275016343190643e-03,
          4.8475153574866403e-03, 1.5765247391237437e-03,
          7.8629095252913152e-03, 4.2347485212401196e-03,
          -5.5646538676621185e-03, 1.4093321695093347e-01 ]
   - !!opencv-matrix
      rows: 10
      cols: 10
      dt: d
      data: [ 4.9127557570583506e-02, 2.2070021914118589e-02,
          1.2349960315946264e-02, 3.4297617737870175e-03,
          1.2435334042129661e-03, 1.0122245441367384e-03,
          1.0149948349660534e-02, 1.9182568505455623e-03,
          1.9751906497057143e-04, 1.1792382755983157e-02,
          2.2070021914118589e-02, 3.5254582781474170e-02,
          1.3959439323394917e-02, 5.3646496689775834e-03,
          2.2542071744977941e-03, 9.6563377848554559e-04,
          1.1467754848005182e-02, 2.2902383149699859e-03,
          1.8590559070473053e-04, 1.7167585129652909e-02,
          1.2349960315946269e-02, 1.3959439323394917e-02,
          2.0706286594720691e-01, 1.8665117573365313e-03,
          -6.0671798249883847e-04, 4.3766286731692120e-04,
          8.8941161147085262e-03, 5.2006450335860131e-04,
          6.6734787461457452e-05, 1.0046633662426686e-02,
          3.4297617737870175e-03, 5.3646496689775851e-03,
          1.8665117573365307e-03, 7.2233642988336223e-03,
          8.9144220114254174e-04, -1.5604055796336553e-03,
          7.5773571563740507e-04, 8.2388503945858527e-04,
          -4.8399548802745772e-04, 2.4503110372552607e-03,
          1.2435334042129661e-03, 2.2542071744977949e-03,
          -6.0671798249883890e-04, 8.9144220114254142e-04,
          5.2318402972217473e-02, 5.9054708744654586e-05,
          -1.5259729450168990e-02, 2.4072172946649619e-04,
          2.0674266003882960e-04, 4.4494293892682782e-04,
          1.0122245441367384e-03, 9.6563377848554570e-04,
          4.3766286731692169e-04, -1.5604055796336553e-03,
          5.9054708744654654e-05, 3.4766603197517724e-02,
          1.2397946185772766e-03, -2.0340625386486605e-03,
          -1.9886439010842792e-03, 9.0710127081437874e-04,
          1.0149948349660534e-02, 1.1467754848005178e-02,
          8.8941161147085297e-03, 7.5773571563740485e-04,
          -1.5259729450168990e-02, 1.2397946185772762e-03,
          8.1940749035417371e-02, -1.2553638786836987e-03,
          -2.1563331352279346e-04, 9.4206022542983603e-03,
          1.9182568505455616e-03, 2.2902383149699863e-03,
          5.2006450335860066e-04, 8.2388503945858527e-04,
          2.4072172946649586e-04, -2.0340625386486596e-03,
          -1.2553638786836994e-03, 3.6712164339220726e-02,
          1.9272230932856845e-04, 1.2669844027605663e-03,
          1.9751906497057157e-04, 1.8590559070473048e-04,
          6.6734787461457479e-05, -4.8399548802745772e-04,
          2.0674266003882968e-04, -1.9886439010842797e-03,
          -2.1563331352279354e-04, 1.9272230932856842e-04,
          8.5866638682793785e-04, 1.4258914742190941e-04,
          1.1792382755983157e-02, 1.7167585129652909e-02,
          1.0046633662426684e-02, 2.4503110372552607e-03,
          4.4494293892682771e-04, 9.0710127081437884e-04,
          9.4206022542983620e-03, 1.2669844027605665e-03,
          1.4258914742190941e-04, 2.8209518773221198e-02 ]
   - !!opencv-matrix
      rows: 10
      cols: 10
      dt: d
