%YAML:1.0
---
groups:
   - intact
   - CD19
   - blast
intactGmmnames:
   - "intact.2015-1723.0"
   - "intact.2015-1723.1"
   - "intact.2015-1723.2"
   - "intact.2015-1723.3"
   - "intact.2015-1723.4"
intactLabels:
   - FSC-A
   - SSC-A
   - SY41
   - CD19
   - CD10
   - CD20
   - CD45
   - CD34
   - CD38
   - CD58
intactMu: !!opencv-matrix
   rows: 5
   cols: 10
   dt: d
   data: [ 2.0759551056944514e+00, 3.4721518519474928e+00,
       3.7011374304252409e+00, 1.7814375797471935e+00,
       2.3182787733582191e+00, 1.0656307610781293e+00,
       3.2017275307765076e+00, 1.4216434686981967e+00,
       1.4984502514292002e+00, 2.1644934168265819e+00,
       9.9289419161318293e-01, 3.3460522832332928e-01,
       3.8944097001761149e+00, 1.2699608000035880e+00,
       1.2914691361115944e+00, 1.0012955940383712e+00,
       3.7631440644788330e+00, 1.2566813954805414e+00,
       1.6849012957894376e+00, 1.0322133985376227e+00,
       1.1428001797554304e+00, 9.4964797840061510e-01,
       3.6370551371631925e+00, 1.3439566160311471e+00,
       1.4328954459328564e+00, 1.0459657599282517e+00,
       1.5395107451750423e+00, 1.2773937567948612e+00,
       1.2157660445484997e+00, 1.8098057330446022e+00,
       1.4562451498576183e+00, 5.7550343049643327e-01,
       3.5536849604246350e+00, 1.3659368096263376e+00,
       1.2467831728266010e+00, 9.9707384095189144e-01,
       3.9277542949931119e+00, 1.2995628017144605e+00,
       1.8795214222828205e+00, 1.4393284407171316e+00,
       1.9428008059576969e+00, 1.4602239052592867e+00,
       3.7682641662665746e+00, 1.7274860471970048e+00,
       1.4183997905093759e+00, 1.4900728062708815e+00,
       3.5467347825886919e+00, 1.7011164324617660e+00,
       1.9376779507014426e+00, 1.6814942556318151e+00 ]
intactSigma:
   - !!opencv-matrix
      rows: 10
      cols: 10
      dt: d
      data: [ 3.1051856704600772e-01, 1.1749575311757061e-01,
          -1.3431832189540959e-02, 1.9209060215718547e-02,
          -4.7425280453990096e-02, 4.5339480338206376e-03,
          -2.1616964424813073e-02, 2.9005238219381494e-03,
          7.4002096897311190e-03, 6.5013658071300020e-03,
          1.1749575311757061e-01, 2.9373446759947025e-01,
          -2.0888569604019216e-02, 4.7299481276651845e-02,
          2.2588678655633430e-02, 5.3842263538017012e-03,
          4.7488507681113096e-03, 1.0062901714113478e-02,
          1.7396369314618260e-02, 1.5304482188340506e-02,
          -1.3431832189540959e-02, -2.0888569604019212e-02,
          4.9390557729968240e-02, -3.1074487392405686e-03,
          -2.5731660653504416e-03, -6.7581748031935888e-05,
          -2.7152634205646112e-03, 1.9040166077463503e-03,
          -7.0919004636667187e-03, -2.5436054564746684e-03,
          1.9209060215718547e-02, 4.7299481276651859e-02,
          -3.1074487392405686e-03, 3.3420947443869711e-02,
          1.1964513804159568e-02, -7.8412929385434206e-04,
          1.6492187326893626e-03, 3.3283512859419275e-03,
          -3.5087369492985943e-03, 2.5619257111699719e-03,
          -4.7425280453990096e-02, 2.2588678655633423e-02,
          -2.5731660653504408e-03, 1.1964513804159565e-02,
          2.2516668965656603e-01, 2.3276967761348068e-03,
          3.1405038036640645e-02, 8.2848161078275494e-03,
          -7.4348899398567732e-03, 2.7704847863381696e-03,
          4.5339480338206393e-03, 5.3842263538016986e-03,
          -6.7581748031935997e-05, -7.8412929385434206e-04,
          2.3276967761348064e-03, 5.8752070876605576e-02,
          6.6659869513010616e-04, -5.3143760335288403e-03,
          -1.8657927412535327e-02, 1.1924732134513255e-03,
          -2.1616964424813073e-02, 4.7488507681113078e-03,
          -2.7152634205646099e-03, 1.6492187326893632e-03,
          3.1405038036640645e-02, 6.6659869513010649e-04,
          2.4639001834726667e-02, 3.0377789184781881e-03,
          -9.3921909298474523e-06, -3.8276533801415283e-04,
          2.9005238219381472e-03, 1.0062901714113476e-02,
          1.9040166077463519e-03, 3.3283512859419275e-03,
          8.2848161078275494e-03, -5.3143760335288403e-03,
          3.0377789184781868e-03, 1.2542464214768567e-01,
          3.4682338773145542e-03, 3.9118324732209438e-03,
          7.4002096897311216e-03, 1.7396369314618260e-02,
          -7.0919004636667213e-03, -3.5087369492985943e-03,
          -7.4348899398567724e-03, -1.8657927412535327e-02,
          -9.3921909298470830e-06, 3.4682338773145572e-03,
          7.7254266373500413e-02, 2.4466791264738017e-03,
          6.5013658071300020e-03, 1.5304482188340501e-02,
          -2.5436054564746688e-03, 2.5619257111699724e-03,
          2.7704847863381701e-03, 1.1924732134513251e-03,
          -3.8276533801415266e-04, 3.9118324732209438e-03,
          2.4466791264738021e-03, 1.7126377424097606e-02 ]
   - !!opencv-matrix
      rows: 10
      cols: 10
      dt: d
      data: [ 7.8007810507177838e-02, 1.2430437808717619e-03,
          -2.8352951022874898e-02, -6.5258639631103870e-04,
          -1.4927266643854089e-03, -3.0459836319281361e-03,
          1.9418566459252630e-03, -2.2576035467217937e-03,
          2.7205340219629906e-03, -3.4047340404103773e-03,
          1.2430437808717617e-03, 7.6648897879390684e-03,
          1.8871899547683236e-04, 2.7255541803927101e-03,
          2.1283880020096221e-04, 6.3127463338849554e-04,
          2.6124591108265946e-03, 6.9406946410149916e-04,
          -4.8252108579210362e-03, 2.0886643028968786e-02,
          -2.8352951022874898e-02, 1.8871899547683249e-04,
          2.2299819277121082e-02, 6.8635167087148139e-04,
          1.7444130659788821e-03, 1.9409994462128897e-03,
          -3.9717910755597395e-04, 1.7930626859900187e-03,
          -5.2559744147014330e-03, 4.1633720551417274e-03,
          -6.5258639631103870e-04, 2.7255541803927101e-03,
          6.8635167087148182e-04, 5.6469896511334786e-02,
          2.4001216783670130e-03, -2.1861081934839801e-03,
          3.3921575300985447e-04, 3.1398364884495287e-03,
          -8.3930206103964202e-03, 6.2748153441891663e-03,
          -1.4927266643854097e-03, 2.1283880020096224e-04,
          1.7444130659788814e-03, 2.4001216783670126e-03,
          9.7742676760092531e-02, 6.7752318212448202e-04,
          -7.2817220294903217e-04, -1.7074686317652729e-03,
          1.1195253134488705e-03, 1.8171839635465498e-03,
          -3.0459836319281356e-03, 6.3127463338849543e-04,
          1.9409994462128890e-03, -2.1861081934839792e-03,
          6.7752318212448137e-04, 6.3536556550886913e-02,
          6.2200500223867896e-05, -1.1642941592394334e-02,
          -2.6098328146318978e-02, 1.7021823407586227e-03,
          1.9418566459252630e-03, 2.6124591108265954e-03,
          -3.9717910755597406e-04, 3.3921575300985469e-04,
          -7.2817220294903184e-04, 6.2200500223867910e-05,
          6.2643901427732410e-03, -1.7541531045084198e-03,
          -2.8615300389790957e-03, 3.3086559303220978e-03,
          -2.2576035467217932e-03, 6.9406946410149883e-04,
          1.7930626859900193e-03, 3.1398364884495274e-03,
          -1.7074686317652750e-03, -1.1642941592394339e-02,
          -1.7541531045084198e-03, 1.6366152226196604e-01,
          4.2753347834332883e-03, 3.6271745878128357e-03,
          2.7205340219629902e-03, -4.8252108579210362e-03,
          -5.2559744147014330e-03, -8.3930206103964237e-03,
          1.1195253134488698e-03, -2.6098328146318985e-02,
          -2.8615300389790961e-03, 4.2753347834332900e-03,
          1.3883327882150176e-01, -1.1456607896317698e-02,
          -3.4047340404103760e-03, 2.0886643028968786e-02,
          4.1633720551417274e-03, 6.2748153441891698e-03,
          1.8171839635465531e-03, 1.7021823407586221e-03,
          3.3086559303220969e-03, 3.6271745878128357e-03,
          -1.1456607896317701e-02, 1.6002672108927127e-01 ]
   - !!opencv-matrix
      rows: 10
      cols: 10
