%YAML:1.0
---
groups:
   - intact
   - CD19
intactGmmnames:
   - "intact.2015-0496.0"
   - "intact.2015-0496.1"
   - "intact.2015-0496.2"
   - "intact.2015-0496.3"
   - "intact.2015-0496.4"
intactLabels:
   - FSC-A
   - SSC-A
   - SY41
   - CD19
   - CD10
   - CD20
   - CD45
   - CD34
   - CD38
   - CD58
intactMu: !!opencv-matrix
   rows: 5
   cols: 10
   dt: d
   data: [ 9.8862125833861303e-01, 3.6063823419863533e-01,
       3.4599934056642705e+00, 1.2332752607780604e+00,
       1.1025371723609914e+00, 9.9809397793691013e-01,
       3.5637780719688368e+00, 1.3054885744904601e+00,
       1.4296865962419156e+00, 1.0971001473583624e+00,
       1.9895724860653197e+00, 3.3878827961124416e+00,
       3.3079809323752527e+00, 1.8684270954823006e+00,
       2.3016017370821666e+00, 1.1791199541851496e+00,
       3.1807931542230645e+00, 1.7070328946616045e+00,
       1.6660875242292503e+00, 2.1019631112696211e+00,
       1.0263663914600294e+00, 7.0229539985965228e-01,
       3.1890715884531344e+00, 1.2179355303671244e+00,
       1.1409239525099828e+00, 9.7616453453306529e-01,
       1.6552279634503131e+00, 1.2778109529547734e+00,
       1.3210069974170979e+00, 2.0437682117117166e+00,
       1.3796145963997128e+00, 6.8897732916473808e-01,
       3.1358929345642852e+00, 1.3346363561023757e+00,
       1.1480128665630844e+00, 1.0097965640320641e+00,
       3.6624449115921793e+00, 1.3887533580164935e+00,
       1.7727906283340160e+00, 1.5640758437646138e+00,
       9.6010312702068956e-01, 8.0736950886439252e-01,
       3.5026822505514836e+00, 1.3536875629563698e+00,
       1.1403025222996417e+00, 1.0116454824296497e+00,
       3.5503761445385655e+00, 1.3427725462063280e+00,
       1.4097275810299721e+00, 1.1413909371881175e+00 ]
intactSigma:
   - !!opencv-matrix
      rows: 10
      cols: 10
      dt: d
      data: [ 5.1047002447322506e-02, 5.3111435070292605e-03,
          -1.8392130897559297e-02, 1.8883852492055139e-03,
          1.9795186941574706e-03, -5.0355285590711122e-05,
          4.9216015286404459e-03, 2.0221775765623729e-03,
          -3.5027965590498909e-03, 1.6734126390261631e-02,
          5.3111435070292605e-03, 8.1245254054979534e-03,
          -2.2096303706626010e-04, 2.6235832172746107e-03,
          2.4749891754280826e-03, 6.9167599284901133e-04,
          4.0465052296930230e-03, 2.5974862108727658e-03,
          -2.7077183375159223e-03, 1.8505874620222268e-02,
          -1.8392130897559297e-02, -2.2096303706625999e-04,
          1.9030975658578936e-02, 7.6972575391061251e-04,
          5.6906725977109648e-04, 4.5335508796444661e-04,
          -1.2362482659398459e-05, 1.1296017546951382e-03,
          -3.2073072391911625e-04, 7.6677246348123779e-06,
          1.8883852492055132e-03, 2.6235832172746103e-03,
          7.6972575391061229e-04, 4.4141727202693541e-02,
          2.8573986222432150e-03, -4.2751527332467220e-03,
          1.7985528601737640e-03, 5.3430942848738923e-03,
          -4.0394427834210137e-03, 8.4016166639743605e-03,
          1.9795186941574719e-03, 2.4749891754280817e-03,
          5.6906725977109638e-04, 2.8573986222432159e-03,
          9.4918984150158633e-02, 8.7728342044331219e-04,
          2.9191788200821061e-03, 1.0124228099041449e-03,
          -4.4235903283509610e-04, 9.7411943974907694e-03,
          -5.0355285590711061e-05, 6.9167599284901122e-04,
          4.5335508796444688e-04, -4.2751527332467202e-03,
          8.7728342044331284e-04, 6.9357893894951089e-02,
          1.7101882617263156e-03, -1.2091742345902368e-02,
          -1.2379923477255996e-02, 3.1810699941490967e-03,
          4.9216015286404459e-03, 4.0465052296930230e-03,
          -1.2362482659398446e-05, 1.7985528601737640e-03,
          2.9191788200821061e-03, 1.7101882617263163e-03,
          8.9284457301475988e-03, 2.6041624123550730e-03,
          -1.7002770318648201e-03, 1.4276115709452654e-02,
          2.0221775765623716e-03, 2.5974862108727667e-03,
          1.1296017546951387e-03, 5.3430942848738941e-03,
          1.0124228099041453e-03, -1.2091742345902368e-02,
          2.6041624123550730e-03, 2.0230644851610421e-01,
          4.2902825290846340e-03, 9.1268300012759592e-03,
          -3.5027965590498913e-03, -2.7077183375159219e-03,
          -3.2073072391911609e-04, -4.0394427834210146e-03,
          -4.4235903283509637e-04, -1.2379923477255993e-02,
          -1.7002770318648194e-03, 4.2902825290846323e-03,
          3.3586233283627968e-02, -1.0664340106331872e-02,
          1.6734126390261631e-02, 1.8505874620222268e-02,
          7.6677246348123441e-06, 8.4016166639743588e-03,
          9.7411943974907694e-03, 3.1810699941490963e-03,
          1.4276115709452654e-02, 9.1268300012759575e-03,
          -1.0664340106331875e-02, 1.4321295719981483e-01 ]
   - !!opencv-matrix
      rows: 10
      cols: 10
      dt: d
      data: [ 2.2231078350184544e-01, 1.1279784752339364e-01,
          -8.5043537556465636e-03, 1.1406228865486385e-02,
          -2.1315200071650487e-02, -8.2798051269722967e-03,
          -6.3991631265977375e-04, 1.9826933821787073e-03,
          1.2446008357406002e-02, -1.0072355732131258e-03,
          1.1279784752339367e-01, 4.4496013154668518e-01,
          -1.7646077211377582e-02, 2.2925280287986443e-02,
          8.5553857085710505e-02, -4.3689550639914816e-02,
          -1.6558596202036514e-02, -3.1776241094577697e-03,
          -1.9796753154721843e-02, 2.4630073417936760e-02,
          -8.5043537556465636e-03, -1.7646077211377582e-02,
          3.2309051101881980e-02, -1.1701422043238587e-03,
          -1.1245808992511577e-03, 2.7240215390341108e-03,
          -3.1617497849778858e-03, 3.3867258592283649e-04,
          -1.8021925108387341e-03, 1.9657412632606664e-04,
          1.1406228865486385e-02, 2.2925280287986450e-02,
          -1.1701422043238587e-03, 6.1225603722915412e-02,
          3.6587372840323927e-03, 3.3833483180746610e-02,
          1.6233865964727659e-02, 1.0894663576446618e-02,
          3.9795388826801871e-03, -2.7399517184957590e-03,
          -2.1315200071650487e-02, 8.5553857085710505e-02,
          -1.1245808992511579e-03, 3.6587372840323935e-03,
          2.1729912990187691e-01, -1.2202762169476690e-02,
          8.2117497610426603e-03, 1.6258273133767182e-02,
          -1.1834346101044765e-02, 3.0955514692920134e-02,
          -8.2798051269722967e-03, -4.3689550639914816e-02,
          2.7240215390341117e-03, 3.3833483180746603e-02,
          -1.2202762169476692e-02, 1.4313757498298407e-01,
          2.4299380798295710e-02, 1.0047075211316909e-02,
          -1.4965887726349795e-03, -3.9821712278856180e-03,
          -6.3991631265977332e-04, -1.6558596202036514e-02,
          -3.1617497849778854e-03, 1.6233865964727659e-02,
          8.2117497610426620e-03, 2.4299380798295710e-02,
          3.7829117970357685e-02, 1.9553734571553631e-02,
          1.4931975372165235e-02, 7.3771427253176147e-03,
          1.9826933821787064e-03, -3.1776241094577684e-03,
          3.3867258592283649e-04, 1.0894663576446618e-02,
          1.6258273133767182e-02, 1.0047075211316914e-02,
          1.9553734571553631e-02, 1.7096598584782799e-01,
          2.0040416767241200e-02, 1.5713810370145076e-02,
          1.2446008357406002e-02, -1.9796753154721843e-02,
          -1.8021925108387346e-03, 3.9795388826801888e-03,
          -1.1834346101044765e-02, -1.4965887726349795e-03,
          1.4931975372165235e-02, 2.0040416767241200e-02,
          5.6414047694780180e-02, 3.2321665020490450e-03,
          -1.0072355732131256e-03, 2.4630073417936760e-02,
          1.9657412632606694e-04, -2.7399517184957581e-03,
          3.0955514692920134e-02, -3.9821712278856189e-03,
          7.3771427253176165e-03, 1.5713810370145076e-02,
          3.2321665020490450e-03, 2.8250857183639122e-02 ]
   - !!opencv-matrix
      rows: 10
      cols: 10
      dt: d
