%YAML:1.0
---
groups:
   - intact
   - CD19
intactGmmnames:
   - "intact.2016-2590.0"
   - "intact.2016-2590.1"
   - "intact.2016-2590.2"
   - "intact.2016-2590.3"
   - "intact.2016-2590.4"
intactLabels:
   - FSC-A
   - SSC-A
   - SY41
   - CD19
   - CD10
   - CD20
   - CD45
   - CD34
   - CD38
   - CD58
intactMu: !!opencv-matrix
   rows: 5
   cols: 10
   dt: d
   data: [ 1.8636713413143620e+00, 3.9222729896884978e-01,
       3.2344113118471309e+00, 1.4345877359335821e+00,
       1.1540497180978215e+00, 1.0724369447418642e+00,
       3.6230980546613938e+00, 1.5958286508567252e+00,
       1.8521651736615561e+00, 1.2410399509462353e+00,
       2.7004119023058371e+00, 1.3258868326260553e+00,
       3.3443976527041004e+00, 1.6105209690362963e+00,
       1.3697921861909419e+00, 1.3803544519555846e+00,
       2.7207344509867668e+00, 1.8146048774470729e+00,
       2.1867886977881672e+00, 1.9549207527943202e+00,
       1.6442592928384399e+00, 4.9456077121330688e-01,
       3.2078418683485510e+00, 1.1711207098283538e+00,
       1.3173931195401241e+00, 1.0507048987137217e+00,
       1.6427089956403977e+00, 1.1675933923248367e+00,
       1.1981282921259724e+00, 2.3647174317368549e+00,
       2.2520331978334296e+00, 3.2069839673284661e-01,
       3.1656381917717593e+00, 1.3826411224980593e+00,
       1.1361094590674692e+00, 1.0006994549284225e+00,
       3.6481146400156206e+00, 1.4818695693592241e+00,
       2.0258396926396096e+00, 1.0169796444736914e+00,
       3.6717141586379709e+00, 2.8496599992191611e+00,
       3.1056070955441832e+00, 1.9349926068360359e+00,
       2.3123361252371795e+00, 1.1950635642936731e+00,
       3.0867018507380184e+00, 1.4811280510503160e+00,
       1.6028151052713007e+00, 1.9314959830478362e+00 ]
intactSigma:
   - !!opencv-matrix
      rows: 10
      cols: 10
      dt: d
      data: [ 2.9399105327595526e-01, 3.5767563060090428e-02,
          -4.6511267888120301e-02, 3.3525286888692621e-02,
          1.9202302806591695e-03, -4.0359509324978619e-03,
          3.4775275493904453e-02, 5.3329679655185515e-02,
          -1.8426116958289824e-03, 6.3905055387572546e-02,
          3.5767563060090435e-02, 1.9166440381743480e-02,
          -1.1275796116658771e-02, 1.2846093430682964e-02,
          9.9820357002162498e-04, -1.4429388258570574e-03,
          1.1762304575246824e-02, 1.5973992168782064e-02,
          3.3627090203524491e-03, 3.5897992713066110e-02,
          -4.6511267888120301e-02, -1.1275796116658772e-02,
          3.5182665666288040e-02, -1.1379546662508464e-02,
          6.8906549282732516e-04, 4.8983549249389403e-03,
          -1.4629154211961677e-02, -8.2119586074078689e-03,
          2.3504922236604082e-04, -2.1668779883280739e-02,
          3.3525286888692621e-02, 1.2846093430682964e-02,
          -1.1379546662508467e-02, 9.4443550292829082e-02,
          1.9015301435234312e-03, 1.9613634266926980e-04,
          1.4082267318348695e-02, 1.7396866595847233e-02,
          -6.1551835629748957e-03, 2.3305279216505659e-02,
          1.9202302806591708e-03, 9.9820357002162454e-04,
          6.8906549282732451e-04, 1.9015301435234319e-03,
          9.4690691412294373e-02, 7.7122029166971191e-04,
          -6.4324867297395696e-04, -3.6984091756260776e-03,
          -1.0316442464230246e-04, 2.2783638224313663e-03,
          -4.0359509324978619e-03, -1.4429388258570561e-03,
          4.8983549249389385e-03, 1.9613634266927020e-04,
          7.7122029166971223e-04, 1.2540571205584755e-01,
          -2.5845798600161959e-03, -7.9625863735252687e-03,
          -2.0151782127234636e-02, -3.8361588565312818e-03,
          3.4775275493904460e-02, 1.1762304575246824e-02,
          -1.4629154211961677e-02, 1.4082267318348692e-02,
          -6.4324867297395685e-04, -2.5845798600161968e-03,
          2.2418897052175292e-02, 1.2825819137334249e-02,
          1.1484615434588772e-03, 2.3652860402960999e-02,
          5.3329679655185515e-02, 1.5973992168782064e-02,
          -8.2119586074078672e-03, 1.7396866595847230e-02,
          -3.6984091756260776e-03, -7.9625863735252687e-03,
          1.2825819137334249e-02, 1.8374598778984064e-01,
          1.2944024023613882e-02, 2.7316494610704178e-02,
          -1.8426116958289837e-03, 3.3627090203524491e-03,
          2.3504922236604125e-04, -6.1551835629748940e-03,
          -1.0316442464230250e-04, -2.0151782127234636e-02,
          1.1484615434588772e-03, 1.2944024023613885e-02,
          1.9080127292189419e-01, 5.4253588353924418e-03,
          6.3905055387572546e-02, 3.5897992713066110e-02,
          -2.1668779883280743e-02, 2.3305279216505659e-02,
          2.2783638224313655e-03, -3.8361588565312787e-03,
          2.3652860402960999e-02, 2.7316494610704192e-02,
          5.4253588353924400e-03, 1.8660991047926950e-01 ]
   - !!opencv-matrix
      rows: 10
      cols: 10
      dt: d
      data: [ 8.5911672919269833e-01, 3.0845258853417984e-01,
          5.5319472908984896e-02, 9.2336068768431756e-02,
          1.7588996139377228e-02, -1.3970896241131238e-02,
          1.8757103890777452e-01, 1.3400474133395360e-01,
          2.8508764355821009e-01, 8.2977730785629755e-02,
          3.0845258853417984e-01, 4.8304173489082958e-01,
          8.2963968547043535e-03, 1.4048397926675055e-01,
          8.5026251400790953e-02, -2.7570486917207664e-03,
          8.8323986629363582e-02, -1.2166408959962488e-02,
          1.2530732554211324e-01, 5.9485325550853403e-02,
          5.5319472908984903e-02, 8.2963968547043639e-03,
          7.5719457509405244e-02, 1.1302408183352129e-02,
          -7.2504222367340684e-03, 1.3970726831026055e-02,
          1.0017990180057772e-02, 3.7878222886528902e-02,
          3.4018031963608329e-02, 1.2209005011881888e-02,
          9.2336068768431798e-02, 1.4048397926675055e-01,
          1.1302408183352129e-02, 1.6448158023186671e-01,
          3.1552501555397440e-02, 7.0847198528252039e-02,
          1.0364671042434424e-01, -8.0763447748032535e-04,
          5.0308886771726555e-02, 1.1081622275022024e-02,
          1.7588996139377228e-02, 8.5026251400790939e-02,
          -7.2504222367340684e-03, 3.1552501555397440e-02,
          2.3629623157760427e-01, 5.8103706032833300e-03,
          -4.8317239745026663e-02, -3.9393539516789505e-02,
          -5.2542493440826510e-02, 2.3009851786333340e-02,
          -1.3970896241131228e-02, -2.7570486917207673e-03,
          1.3970726831026055e-02, 7.0847198528252039e-02,
          5.8103706032833300e-03, 3.3331394712214413e-01,
          7.7274971645933235e-02, 8.3638590957459139e-02,
          2.3379203807963950e-02, -3.1360477497915651e-02,
          1.8757103890777446e-01, 8.8323986629363568e-02,
          1.0017990180057770e-02, 1.0364671042434424e-01,
          -4.8317239745026677e-02, 7.7274971645933235e-02,
          5.6837837814852477e-01, 1.3102681626953699e-01,
          3.4913881336116998e-01, -7.4201964924910810e-02,
          1.3400474133395360e-01, -1.2166408959962492e-02,
          3.7878222886528902e-02, -8.0763447748032741e-04,
          -3.9393539516789519e-02, 8.3638590957459139e-02,
          1.3102681626953699e-01, 4.4392334612280127e-01,
          2.1407106025267528e-01, -2.3325956105091521e-02,
          2.8508764355821015e-01, 1.2530732554211324e-01,
          3.4018031963608329e-02, 5.0308886771726541e-02,
          -5.2542493440826496e-02, 2.3379203807963947e-02,
          3.4913881336116992e-01, 2.1407106025267528e-01,
          5.9215595644172547e-01, -5.4057822473016735e-02,
          8.2977730785629755e-02, 5.9485325550853403e-02,
          1.2209005011881888e-02, 1.1081622275022024e-02,
          2.3009851786333337e-02, -3.1360477497915651e-02,
          -7.4201964924910838e-02, -2.3325956105091521e-02,
          -5.4057822473016735e-02, 1.9255587594740561e-01 ]
   - !!opencv-matrix
      rows: 10
      cols: 10
      dt: d
