%YAML:1.0
---
groups:
   - intact
   - CD19
   - blast
intactGmmnames:
   - "intact.2016-2041.0"
   - "intact.2016-2041.1"
   - "intact.2016-2041.2"
   - "intact.2016-2041.3"
   - "intact.2016-2041.4"
intactLabels:
   - FSC-A
   - SSC-A
   - SY41
   - CD19
   - CD10
   - CD20
   - CD45
   - CD34
   - CD38
   - CD58
intactMu: !!opencv-matrix
   rows: 5
   cols: 10
   dt: d
   data: [ 3.3488725535338704e+00, 3.3041332396629275e+00,
       3.0194581263291158e+00, 1.9228681216256907e+00,
       2.4008349817188837e+00, 1.0953945837030286e+00,
       3.4005348923568870e+00, 2.0862278237244576e+00,
       1.5229468832082595e+00, 2.2289858457402185e+00,
       1.2853513166014932e+00, 2.7182779579976740e-01,
       3.3556523595465948e+00, 1.4551133527916307e+00,
       1.3539173502539128e+00, 1.0480889759433247e+00,
       3.7752991884262270e+00, 2.2601495792416006e+00,
       1.8445196505548933e+00, 1.1458899874377848e+00,
       1.1257831421146558e+00, 4.5521003561036238e-01,
       3.4673420587163246e+00, 1.3162959107662797e+00,
       1.4443213213296739e+00, 1.1093993173133949e+00,
       1.6833035585526170e+00, 1.2608233835268867e+00,
       1.2958490957362396e+00, 2.3332111599700536e+00,
       2.3655243677366249e+00, 2.3207121619417177e+00,
       2.4696593442754002e+00, 1.6917291186947641e+00,
       1.7897797459711493e+00, 1.1341916146148996e+00,
       2.4831410237528253e+00, 1.5886112265198977e+00,
       1.2514862097575099e+00, 1.4358115706164485e+00,
       2.1274028477790585e+00, 1.2471955484533694e+00,
       3.1962243880957799e+00, 1.7020388964689304e+00,
       1.5916673216464587e+00, 1.3851122881998603e+00,
       3.1313875119609662e+00, 2.0918790304242760e+00,
       1.8957399195821669e+00, 1.7547513979076641e+00 ]
intactSigma:
   - !!opencv-matrix
      rows: 10
      cols: 10
      dt: d
      data: [ 3.3270574513461154e-01, 1.1333246029715523e-01,
          -3.1238423642467456e-02, 1.7434088459275215e-02,
          -2.8743426908242768e-02, 3.0240221238347774e-03,
          -5.3103192782907177e-03, -1.7210140929008724e-03,
          6.3136534917267390e-03, 1.4984345286651335e-03,
          1.1333246029715524e-01, 3.1612332300276874e-01,
          -3.2216168118590599e-02, 5.3099204352159202e-02,
          4.9970093466713182e-02, 6.8521072671610967e-03,
          2.1117781301696083e-02, 3.4509846638679183e-02,
          8.9663734381607227e-03, 2.7895407416526012e-02,
          -3.1238423642467456e-02, -3.2216168118590592e-02,
          1.1949099811579042e-01, -7.4648454239835136e-03,
          -1.2753253031084802e-02, 1.6257703920314391e-03,
          -9.6712456113220453e-03, -8.1313966885790175e-03,
          -3.7111089084669183e-03, -3.4607045662269115e-03,
          1.7434088459275215e-02, 5.3099204352159202e-02,
          -7.4648454239835144e-03, 2.7523751094571731e-02,
          1.7414744733264514e-02, -3.2197782444123662e-04,
          7.2478531281518245e-03, 1.1588423825365676e-02,
          -2.9081398202395396e-03, 5.6173120882519502e-03,
          -2.8743426908242768e-02, 4.9970093466713182e-02,
          -1.2753253031084802e-02, 1.7414744733264514e-02,
          2.6079031018618182e-01, -6.8308533481950637e-04,
          3.5053786968265541e-02, 4.6962733497010155e-02,
          1.8466472637618306e-03, 2.0488858955025661e-02,
          3.0240221238347774e-03, 6.8521072671611010e-03,
          1.6257703920314387e-03, -3.2197782444123662e-04,
          -6.8308533481950529e-04, 6.1228527959588275e-02,
          -5.5490746191368709e-04, -5.9942015051718126e-03,
          -1.2920081992715682e-02, 5.2263110372946044e-05,
          -5.3103192782907134e-03, 2.1117781301696080e-02,
          -9.6712456113220453e-03, 7.2478531281518254e-03,
          3.5053786968265527e-02, -5.5490746191368730e-04,
          2.4833212487108160e-02, 2.0820396734936020e-02,
          1.3609846442877954e-03, 8.7751825660484783e-03,
          -1.7210140929008722e-03, 3.4509846638679190e-02,
          -8.1313966885790158e-03, 1.1588423825365677e-02,
          4.6962733497010148e-02, -5.9942015051718143e-03,
          2.0820396734936020e-02, 1.2360173760792659e-01,
          3.6478198279302023e-03, 1.4892662510399151e-02,
          6.3136534917267390e-03, 8.9663734381607227e-03,
          -3.7111089084669183e-03, -2.9081398202395392e-03,
          1.8466472637618302e-03, -1.2920081992715682e-02,
          1.3609846442877956e-03, 3.6478198279302036e-03,
          3.8979828749248643e-02, 2.9986728126495570e-03,
          1.4984345286651350e-03, 2.7895407416526012e-02,
          -3.4607045662269115e-03, 5.6173120882519511e-03,
          2.0488858955025665e-02, 5.2263110372946206e-05,
          8.7751825660484783e-03, 1.4892662510399151e-02,
          2.9986728126495561e-03, 2.2958134780955812e-02 ]
   - !!opencv-matrix
      rows: 10
      cols: 10
      dt: d
      data: [ 1.8703631756606739e-01, 1.7318604255848406e-02,
          -9.0889983687223799e-02, 1.3341320288126346e-02,
          9.6679862567247681e-03, -9.3365204443011662e-03,
          2.3871345013121995e-02, 2.9393387039601045e-02,
          -1.9540272158749220e-02, 4.2289543243146918e-02,
          1.7318604255848406e-02, 8.5293818315627587e-03,
          -8.6848730028335746e-03, 3.8302659264797616e-03,
          3.1416752119336881e-03, -1.0718170794510140e-03,
          3.9546406039422336e-03, 7.3706250799794653e-03,
          -3.9754244432527635e-03, 2.6148760690180201e-02,
          -9.0889983687223799e-02, -8.6848730028335746e-03,
          6.9835639982646899e-02, -7.9435358344438177e-03,
          -5.8814420622273220e-03, 6.1284976997894357e-03,
          -1.4552084485326994e-02, -1.6556467507782797e-02,
          1.1538117780579941e-02, -2.4452673817813225e-02,
          1.3341320288126342e-02, 3.8302659264797629e-03,
          -7.9435358344438177e-03, 3.5094761407561667e-02,
          2.8721290246044593e-03, -2.3840166481909147e-03,
          3.7814914626566301e-03, 7.5766063175528378e-03,
          -5.4967194045291877e-03, 1.1422637996505060e-02,
          9.6679862567247681e-03, 3.1416752119336881e-03,
          -5.8814420622273211e-03, 2.8721290246044593e-03,
          2.2544110364748948e-01, -1.6202877385242836e-03,
          1.1283433479163936e-03, 9.5826521713584677e-04,
          -5.4792138328755007e-04, 1.1664829049056967e-02,
          -9.3365204443011697e-03, -1.0718170794510149e-03,
          6.1284976997894340e-03, -2.3840166481909147e-03,
          -1.6202877385242834e-03, 7.2773145234934208e-02,
          -2.3331643790980103e-03, -1.0758695127468606e-02,
          -1.0174662357864208e-02, -2.8877157863685661e-03,
          2.3871345013121995e-02, 3.9546406039422345e-03,
          -1.4552084485326994e-02, 3.7814914626566293e-03,
          1.1283433479163942e-03, -2.3331643790980095e-03,
          9.6185754687329750e-03, 9.2344363802657845e-03,
          -3.2374027957909565e-03, 1.0551490197287010e-02,
          2.9393387039601052e-02, 7.3706250799794636e-03,
          -1.6556467507782797e-02, 7.5766063175528361e-03,
          9.5826521713584633e-04, -1.0758695127468602e-02,
          9.2344363802657863e-03, 7.2113786538344729e-02,
          -6.9562399377302527e-04, 2.0956722151375517e-02,
          -1.9540272158749216e-02, -3.9754244432527635e-03,
          1.1538117780579938e-02, -5.4967194045291877e-03,
          -5.4792138328754985e-04, -1.0174662357864208e-02,
          -3.2374027957909573e-03, -6.9562399377302506e-04,
          1.1244543456161857e-01, -1.3858644661112845e-02,
          4.2289543243146918e-02, 2.6148760690180201e-02,
          -2.4452673817813225e-02, 1.1422637996505060e-02,
          1.1664829049056968e-02, -2.8877157863685674e-03,
          1.0551490197287010e-02, 2.0956722151375517e-02,
          -1.3858644661112841e-02, 2.1161592377126315e-01 ]
   - !!opencv-matrix
      rows: 10
      cols: 10
