%YAML:1.0
---
groups:
   - intact
   - CD19
intactGmmnames:
   - "intact.2016-4192.0"
   - "intact.2016-4192.1"
   - "intact.2016-4192.2"
   - "intact.2016-4192.3"
   - "intact.2016-4192.4"
intactLabels:
   - FSC-A
   - SSC-A
   - SY41
   - CD19
   - CD10
   - CD20
   - CD45
   - CD34
   - CD38
   - CD58
intactMu: !!opencv-matrix
   rows: 5
   cols: 10
   dt: d
   data: [ 2.0089008778759250e+00, 1.4546248467534761e+00,
       2.7128776865553510e+00, 1.5991456850163881e+00,
       1.4932100708529787e+00, 1.3800397035652794e+00,
       2.8748631588511775e+00, 1.9956966005561168e+00,
       1.9468433935457385e+00, 2.0444183634051494e+00,
       2.3570900195181625e+00, 3.6544242232438036e+00,
       3.0879191171041467e+00, 1.9245603596029006e+00,
       2.1900467132053825e+00, 1.2388986739202961e+00,
       3.1591527976874878e+00, 1.4111926679758471e+00,
       1.6521433863112847e+00, 2.1583420540016158e+00,
       1.3344746873051878e+00, 6.2862607785638014e-01,
       2.8145904897155347e+00, 1.6933212277866159e+00,
       1.4025859503647853e+00, 1.1973727575212123e+00,
       4.0071367826867670e+00, 2.0408505493692002e+00,
       2.4874513717531923e+00, 1.5102953279848279e+00,
       2.0527558211871866e+00, 1.9765368811988258e+00,
       2.9025458170645133e+00, 1.8325668339970687e+00,
       1.4948144437733892e+00, 1.3396102868723985e+00,
       3.7316873408062570e+00, 1.9636134546866506e+00,
       2.8142060800189710e+00, 2.2278213301906433e+00,
       1.1286001517504196e+00, 3.2515239733743695e-01,
       2.9932203394733592e+00, 1.5404030561718742e+00,
       1.3575315248201960e+00, 1.1892597023909817e+00,
       3.8875005435490162e+00, 1.7083472485587683e+00,
       2.2173179282499693e+00, 1.0047888119405028e+00 ]
intactSigma:
   - !!opencv-matrix
      rows: 10
      cols: 10
      dt: d
      data: [ 6.2157038428976696e-01, 4.4388389875405809e-01,
          -9.4856446281437815e-02, 1.2763315618376592e-01,
          1.1058599893622376e-02, 4.2158400403067252e-02,
          2.3449084224940606e-01, 2.0349217159995392e-01,
          1.0787985442038242e-01, 1.6848120560939674e-02,
          4.4388389875405809e-01, 7.9222759162476353e-01,
          -3.5693090217684215e-02, 1.8514304555748443e-01,
          5.3544978162064535e-02, 4.4577273852725745e-02,
          2.2597236329173959e-01, 1.0193029214247688e-01,
          1.0440066758374052e-01, 1.7214616061504089e-02,
          -9.4856446281437842e-02, -3.5693090217684215e-02,
          3.0186365423302031e-01, 3.6378475257992748e-03,
          2.3756595887927716e-02, -3.4260782251292289e-02,
          3.6467796120225923e-02, -1.1537561411553293e-01,
          1.5029238817057489e-01, 2.4332556240704739e-02,
          1.2763315618376592e-01, 1.8514304555748443e-01,
          3.6378475257992774e-03, 9.6527599931053712e-02,
          2.0741620591057722e-02, -1.5885229077031110e-03,
          1.1383498562715760e-01, 5.2285004987895629e-02,
          7.6546481964283625e-02, -1.0297990058402441e-02,
          1.1058599893622371e-02, 5.3544978162064549e-02,
          2.3756595887927716e-02, 2.0741620591057719e-02,
          1.1718895790044896e-01, -3.5650814052205345e-03,
          2.4216657140337106e-02, -2.5239667865067469e-02,
          2.8589443873712608e-02, 1.2988232245414483e-02,
          4.2158400403067252e-02, 4.4577273852725745e-02,
          -3.4260782251292282e-02, -1.5885229077031123e-03,
          -3.5650814052205345e-03, 1.1047946988187031e-01,
          1.1201911658533615e-02, 5.6077416650470384e-02,
          -2.4375543041804400e-02, -3.4572842384030756e-03,
          2.3449084224940606e-01, 2.2597236329173959e-01,
          3.6467796120225930e-02, 1.1383498562715760e-01,
          2.4216657140337106e-02, 1.1201911658533615e-02,
          5.6192504654250208e-01, 1.4822441616900894e-01,
          3.1977098199571796e-01, -4.8185727253619068e-02,
          2.0349217159995392e-01, 1.0193029214247688e-01,
          -1.1537561411553293e-01, 5.2285004987895629e-02,
          -2.5239667865067469e-02, 5.6077416650470384e-02,
          1.4822441616900894e-01, 4.3155917233816937e-01,
          8.6941338223283940e-02, -1.3628681750651520e-02,
          1.0787985442038243e-01, 1.0440066758374050e-01,
          1.5029238817057489e-01, 7.6546481964283625e-02,
          2.8589443873712601e-02, -2.4375543041804396e-02,
          3.1977098199571796e-01, 8.6941338223283940e-02,
          5.0723863127989643e-01, 1.5511781147828573e-03,
          1.6848120560939674e-02, 1.7214616061504099e-02,
          2.4332556240704739e-02, -1.0297990058402441e-02,
          1.2988232245414483e-02, -3.4572842384030756e-03,
          -4.8185727253619068e-02, -1.3628681750651515e-02,
          1.5511781147828558e-03, 1.5529624361884201e-01 ]
   - !!opencv-matrix
      rows: 10
      cols: 10
      dt: d
      data: [ 1.2576916349233841e-01, 6.0422970447843685e-02,
          -5.6693632396013745e-04, 1.1044678477248597e-02,
          -1.3377041799943859e-02, 1.4279810819454310e-03,
          -4.0515538424285517e-03, 2.5249330091114824e-03,
          1.9407928712038682e-03, -2.1351907871903809e-03,
          6.0422970447843685e-02, 2.4844874614543400e-01,
          -1.6251826827209940e-02, 4.0005047789765005e-02,
          1.1852329899801256e-02, 1.4274074455900589e-03,
          5.6606610957939249e-03, 1.0269712612217484e-02,
          1.9089562126188179e-02, 1.1227149766517796e-02,
          -5.6693632396013658e-04, -1.6251826827209940e-02,
          2.9848833310609901e-02, -2.0166468868866123e-03,
          -2.3172995722703735e-03, 1.4968871058501393e-04,
          -1.6830936731939915e-03, -1.1558719668060726e-03,
          -4.9584401500097127e-03, -1.3807329118534219e-03,
          1.1044678477248599e-02, 4.0005047789765005e-02,
          -2.0166468868866127e-03, 2.3519343013046781e-02,
          2.8597852983893494e-03, -1.4002491815851253e-03,
          1.0960498075487319e-03, 3.7345072455861211e-03,
          -2.3995946617677384e-03, 1.0925688288426652e-03,
          -1.3377041799943855e-02, 1.1852329899801256e-02,
          -2.3172995722703727e-03, 2.8597852983893494e-03,
          1.6484511958170692e-01, 1.0164167006682452e-04,
          1.0918509398906791e-02, 6.3998026647334736e-03,
          -6.2416387142901180e-04, 6.4387804590584673e-03,
          1.4279810819454312e-03, 1.4274074455900582e-03,
          1.4968871058501393e-04, -1.4002491815851249e-03,
          1.0164167006682443e-04, 1.9313505859378001e-02,
          7.5552001130827309e-05, -7.6303713838673853e-03,
          -1.1700215218468818e-02, 4.5478825351737541e-04,
          -4.0515538424285499e-03, 5.6606610957939249e-03,
          -1.6830936731939911e-03, 1.0960498075487314e-03,
          1.0918509398906791e-02, 7.5552001130827282e-05,
          1.6047025140885171e-02, 1.4477043947663081e-03,
          -1.4628696535746573e-04, -8.0701458465358300e-05,
          2.5249330091114820e-03, 1.0269712612217482e-02,
          -1.1558719668060739e-03, 3.7345072455861211e-03,
          6.3998026647334762e-03, -7.6303713838673870e-03,
          1.4477043947663081e-03, 1.4282969867813297e-01,
          5.7250489949073769e-03, 4.0446210631232410e-03,
          1.9407928712038688e-03, 1.9089562126188179e-02,
          -4.9584401500097136e-03, -2.3995946617677393e-03,
          -6.2416387142901148e-04, -1.1700215218468818e-02,
          -1.4628696535746568e-04, 5.7250489949073769e-03,
          1.0836743854243548e-01, 2.3283192642566458e-03,
          -2.1351907871903818e-03, 1.1227149766517794e-02,
          -1.3807329118534222e-03, 1.0925688288426652e-03,
          6.4387804590584682e-03, 4.5478825351737503e-04,
          -8.0701458465358219e-05, 4.0446210631232410e-03,
          2.3283192642566458e-03, 2.3304904208121941e-02 ]
   - !!opencv-matrix
      rows: 10
      cols: 10
      dt: d
