%YAML:1.0
---
groups:
   - intact
   - CD19
   - blast
intactGmmnames:
   - "intact.2016-0691.0"
   - "intact.2016-0691.1"
   - "intact.2016-0691.2"
   - "intact.2016-0691.3"
   - "intact.2016-0691.4"
intactLabels:
   - FSC-A
   - SSC-A
   - SY41
   - CD19
   - CD10
   - CD20
   - CD45
   - CD34
   - CD38
   - CD58
intactMu: !!opencv-matrix
   rows: 5
   cols: 10
   dt: d
   data: [ 1.1628751808500526e+00, 5.2274093851237335e-01,
       3.4242172694128006e+00, 1.3173603022304228e+00,
       1.1531888319905983e+00, 1.1120992175711126e+00,
       3.5058497350909583e+00, 1.7121265240380605e+00,
       2.0675442927919305e+00, 1.5391013276235945e+00,
       7.8969085274970019e-01, 3.6229465004784411e-01,
       3.6355824700321531e+00, 1.2133670387560369e+00,
       1.2950513747722006e+00, 1.1316583144714474e+00,
       1.4320730864498139e+00, 1.1747363793286347e+00,
       1.2881699046047528e+00, 2.0928794482878548e+00,
       1.8307844075166400e+00, 1.6793884770166849e+00,
       3.4907331477992272e+00, 1.5418331095113464e+00,
       1.5557633294911466e+00, 1.1832463655817669e+00,
       2.2084379358626767e+00, 1.6195836122114300e+00,
       1.3797708712238652e+00, 1.6815897361116228e+00,
       1.6479241044145387e+00, 1.1540540930244541e+00,
       3.6711038250357255e+00, 1.9366968326982532e+00,
       1.6569937029107527e+00, 1.7841008249645065e+00,
       3.0057166678424521e+00, 2.0987300296150786e+00,
       1.9694948084178729e+00, 1.6425449461032873e+00,
       5.6657913175979935e-01, 3.3583593927189559e-01,
       3.8280088114523534e+00, 1.2442818844766084e+00,
       1.1432703301423004e+00, 1.1232640613001708e+00,
       3.4448203620128579e+00, 1.6503894499311540e+00,
       1.5606982311773485e+00, 1.3010797138051808e+00 ]
intactSigma:
   - !!opencv-matrix
      rows: 10
      cols: 10
      dt: d
      data: [ 1.6991269600430250e-01, 1.0609113675841522e-02,
          -8.7637400058155401e-02, 8.6195533972204426e-03,
          -3.7315469145613243e-03, -7.7992591493874688e-03,
          1.8713108772940499e-02, 1.0924856924002784e-02,
          2.3704466133425844e-02, 2.3361650423036479e-02,
          1.0609113675841520e-02, 4.0014900152764224e-02,
          -4.9701557964497798e-03, 1.0416752765596188e-02,
          8.4483879315723556e-03, -5.1235595542980985e-04,
          4.2293643932874410e-03, 1.6708134034241352e-02,
          3.8520196832514460e-02, 4.0098089383533604e-02,
          -8.7637400058155387e-02, -4.9701557964497772e-03,
          1.4085855238531839e-01, -4.0824574842279705e-03,
          9.4351211858520381e-03, 8.9453092359456209e-03,
          -2.1675174918861270e-02, 4.5009158127096117e-03,
          -6.0152516781141127e-02, -2.1239191996132899e-02,
          8.6195533972204409e-03, 1.0416752765596190e-02,
          -4.0824574842279714e-03, 3.5939283155438845e-02,
          2.4961033486783956e-03, -4.4872674704168917e-03,
          3.4337643042219776e-03, 1.0819194570392888e-02,
          3.8328630936351948e-03, 1.1830251316600015e-02,
          -3.7315469145613243e-03, 8.4483879315723591e-03,
          9.4351211858520381e-03, 2.4961033486783956e-03,
          1.0359875655079120e-01, 2.1321764077877176e-03,
          -2.0443911983634368e-03, 2.4482518515830452e-03,
          -2.5923761499125272e-03, 1.6422449499988022e-02,
          -7.7992591493874679e-03, -5.1235595542981007e-04,
          8.9453092359456209e-03, -4.4872674704168926e-03,
          2.1321764077877180e-03, 5.1635893894054215e-02,
          -1.3379381951852999e-03, -7.0133061071805019e-03,
          -2.0788119801048419e-02, 3.5685165407214179e-05,
          1.8713108772940499e-02, 4.2293643932874410e-03,
          -2.1675174918861274e-02, 3.4337643042219763e-03,
          -2.0443911983634377e-03, -1.3379381951852999e-03,
          2.3862774566122274e-02, 1.0522449707926450e-02,
          -1.8334790105026377e-03, 1.2321796376438160e-02,
          1.0924856924002786e-02, 1.6708134034241349e-02,
          4.5009158127096117e-03, 1.0819194570392888e-02,
          2.4482518515830452e-03, -7.0133061071805019e-03,
          1.0522449707926450e-02, 1.8826357336141983e-01,
          4.3769885892829185e-03, 2.2988095517034231e-02,
          2.3704466133425851e-02, 3.8520196832514460e-02,
          -6.0152516781141120e-02, 3.8328630936351931e-03,
          -2.5923761499125294e-03, -2.0788119801048426e-02,
          -1.8334790105026361e-03, 4.3769885892829185e-03,
          4.0235082900295299e-01, 3.1988483254814112e-02,
          2.3361650423036479e-02, 4.0098089383533604e-02,
          -2.1239191996132896e-02, 1.1830251316600014e-02,
          1.6422449499988025e-02, 3.5685165407214111e-05,
          1.2321796376438160e-02, 2.2988095517034225e-02,
          3.1988483254814112e-02, 1.5393422138245594e-01 ]
   - !!opencv-matrix
      rows: 10
      cols: 10
      dt: d
      data: [ 7.5341717668926708e-02, 2.4249990539389029e-02,
          -4.7981448086331061e-04, 7.0343580761364323e-03,
          1.3079720426451207e-02, 1.1966069343350262e-03,
          2.3644860995850524e-02, 6.3667610486255483e-03,
          6.1361801152557457e-03, 3.1566143106281870e-02,
          2.4249990539389029e-02, 2.5247760528259413e-02,
          8.0975076740251346e-03, 6.5764549706080269e-03,
          9.6586946709929997e-03, 1.4869341619296540e-03,
          1.5456536359833354e-02, 1.0471027692791918e-02,
          3.2760032017695915e-03, 2.4280968570525262e-02,
          -4.7981448086331131e-04, 8.0975076740251346e-03,
          9.2797885441043976e-02, 1.2792343891855145e-03,
          1.8380098923547938e-03, 1.1081730260505602e-03,
          5.0506309820756426e-03, 1.0136797313466362e-02,
          2.0811897130440767e-03, 5.7397554488547832e-04,
          7.0343580761364323e-03, 6.5764549706080287e-03,
          1.2792343891855134e-03, 1.7317279041088370e-02,
          4.7440567200605207e-03, -1.3631343275771373e-03,
          2.4088745250339418e-03, 4.5934915327961968e-03,
          -1.3376491542234409e-03, 5.3278528585630801e-03,
          1.3079720426451207e-02, 9.6586946709929997e-03,
          1.8380098923547927e-03, 4.7440567200605207e-03,
          1.0872410558946521e-01, 1.2629575812539908e-03,
          -1.8034455587800317e-02, 3.3878725238973540e-03,
          3.2255853936370353e-03, 1.2555640946780270e-02,
          1.1966069343350262e-03, 1.4869341619296538e-03,
          1.1081730260505598e-03, -1.3631343275771375e-03,
          1.2629575812539908e-03, 2.2263536905327463e-02,
          1.3738367213359665e-03, -5.0410327943011491e-03,
          -4.7140320117790230e-03, 1.1608434824033149e-03,
          2.3644860995850531e-02, 1.5456536359833359e-02,
          5.0506309820756443e-03, 2.4088745250339418e-03,
          -1.8034455587800320e-02, 1.3738367213359658e-03,
          1.7740857830288559e-01, 2.8537586845353733e-03,
          4.8787453253514102e-03, 2.9114010332646136e-02,
          6.3667610486255475e-03, 1.0471027692791924e-02,
          1.0136797313466360e-02, 4.5934915327961968e-03,
          3.3878725238973540e-03, -5.0410327943011483e-03,
          2.8537586845353733e-03, 1.4825876267489316e-01,
          2.5244860303529197e-03, 7.4736157487936463e-03,
          6.1361801152557474e-03, 3.2760032017695919e-03,
          2.0811897130440771e-03, -1.3376491542234409e-03,
          3.2255853936370344e-03, -4.7140320117790230e-03,
          4.8787453253514119e-03, 2.5244860303529197e-03,
          1.0649061451832554e-02, 5.5701086803317812e-03,
          3.1566143106281870e-02, 2.4280968570525262e-02,
          5.7397554488547778e-04, 5.3278528585630801e-03,
          1.2555640946780267e-02, 1.1608434824033154e-03,
          2.9114010332646136e-02, 7.4736157487936480e-03,
          5.5701086803317795e-03, 7.2170041541591859e-02 ]
   - !!opencv-matrix
      rows: 10
      cols: 10
      dt: d
