%YAML:1.0
---
groups:
   - intact
   - CD19
   - blast
intactGmmnames:
   - "intact.2016-1581.0"
   - "intact.2016-1581.1"
   - "intact.2016-1581.2"
   - "intact.2016-1581.3"
   - "intact.2016-1581.4"
intactLabels:
   - FSC-A
   - SSC-A
   - SY41
   - CD19
   - CD10
   - CD20
   - CD45
   - CD34
   - CD38
   - CD58
intactMu: !!opencv-matrix
   rows: 5
   cols: 10
   dt: d
   data: [ 2.5771239289316816e+00, 3.0938355295878246e+00,
       3.0041278982317232e+00, 1.7951740135528460e+00,
       2.4733963637352128e+00, 1.0996055001776441e+00,
       3.3060218210559289e+00, 1.9161615044985332e+00,
       1.6393941317215555e+00, 2.1506632582670626e+00,
       1.2425403193751554e+00, 2.9043810554149391e-01,
       3.2284882762563871e+00, 1.2347040173008004e+00,
       1.0486819785590153e+00, 1.0434403751150121e+00,
       3.7290360231713833e+00, 1.8388566380167288e+00,
       1.6313008449281194e+00, 1.0464729887991138e+00,
       1.2730334578507607e+00, 5.8544196359193967e-01,
       3.1240727569963442e+00, 1.2195431269902115e+00,
       1.4022032902261630e+00, 1.1155694999887322e+00,
       1.9427244560295167e+00, 1.1630242226470877e+00,
       1.5420371940762458e+00, 2.4575190895735748e+00,
       1.4430353451617759e+00, 4.7308879365024609e-01,
       3.0583942977525189e+00, 1.3205341767252539e+00,
       1.0702449670867065e+00, 1.0200497146750478e+00,
       3.8539835858066853e+00, 2.0563581469475563e+00,
       1.7879499213395487e+00, 1.5754809984571843e+00,
       2.2287933951178305e+00, 1.3811774605531086e+00,
       3.0654504991395424e+00, 1.5533847612631391e+00,
       1.3743360347597748e+00, 1.2317812864196636e+00,
       2.7212423851550627e+00, 1.8707780620171151e+00,
       1.7825692544833949e+00, 1.9647463579665569e+00 ]
intactSigma:
   - !!opencv-matrix
      rows: 10
      cols: 10
      dt: d
      data: [ 3.5980979231220739e-01, 1.3104059132897691e-01,
          -5.9204156594540218e-03, 2.7262077197197084e-02,
          -9.8097545177676868e-02, 4.8256633521067526e-03,
          -1.5211550654091287e-02, -1.4501082446306790e-02,
          2.5101162841608040e-02, -5.8801759410753466e-03,
          1.3104059132897691e-01, 3.7255193693361865e-01,
          -3.0845936256354740e-02, 7.0432538892300278e-02,
          1.0733965577850972e-01, 3.6146912729250044e-04,
          2.6873501585118829e-02, 4.8073968240899018e-02,
          5.0017687503523889e-03, 2.9951949966910956e-02,
          -5.9204156594540236e-03, -3.0845936256354740e-02,
          7.4654973296362143e-02, -5.9321122235925297e-03,
          -1.9030630188606096e-02, 1.4244143381992272e-03,
          -7.2506682361115175e-03, -5.1512695076441064e-03,
          4.1729760218049070e-03, 1.5020818026930950e-04,
          2.7262077197197084e-02, 7.0432538892300292e-02,
          -5.9321122235925297e-03, 3.8848769994051499e-02,
          2.4393602389700113e-02, -2.0595942311674035e-03,
          6.4438587792023123e-03, 1.1608448314245319e-02,
          -1.7422901657515569e-03, 5.1755240073764362e-03,
          -9.8097545177676854e-02, 1.0733965577850972e-01,
          -1.9030630188606092e-02, 2.4393602389700113e-02,
          3.8869041072123822e-01, -5.1958052482766097e-03,
          5.5200192025369854e-02, 7.5864264169937148e-02,
          -3.3257284795906734e-02, 2.9826107878196111e-02,
          4.8256633521067526e-03, 3.6146912729250147e-04,
          1.4244143381992272e-03, -2.0595942311674043e-03,
          -5.1958052482766097e-03, 3.6894498988063761e-02,
          -1.4630520014391366e-03, -8.4705539228199685e-03,
          -5.5728418586245302e-03, -4.7300228901177006e-04,
          -1.5211550654091287e-02, 2.6873501585118829e-02,
          -7.2506682361115175e-03, 6.4438587792023131e-03,
          5.5200192025369840e-02, -1.4630520014391371e-03,
          2.4434430885336551e-02, 1.6478153615690768e-02,
          -6.3428863687183673e-03, 2.1015865902061209e-03,
          -1.4501082446306787e-02, 4.8073968240899018e-02,
          -5.1512695076441082e-03, 1.1608448314245319e-02,
          7.5864264169937148e-02, -8.4705539228199719e-03,
          1.6478153615690768e-02, 1.3618774434440675e-01,
          -5.8334528216388406e-03, 1.2213565107178284e-02,
          2.5101162841608043e-02, 5.0017687503523915e-03,
          4.1729760218049061e-03, -1.7422901657515564e-03,
          -3.3257284795906741e-02, -5.5728418586245302e-03,
          -6.3428863687183690e-03, -5.8334528216388406e-03,
          2.1511529463525567e-02, -3.4075127266598802e-04,
          -5.8801759410753484e-03, 2.9951949966910960e-02,
          1.5020818026930942e-04, 5.1755240073764345e-03,
          2.9826107878196107e-02, -4.7300228901177017e-04,
          2.1015865902061209e-03, 1.2213565107178283e-02,
          -3.4075127266598786e-04, 2.6252054220059395e-02 ]
   - !!opencv-matrix
      rows: 10
      cols: 10
      dt: d
      data: [ 4.7390148305776231e-02, 5.6366073886172548e-03,
          -7.4310077436279629e-03, 5.0582642929503010e-03,
          9.0114425385436222e-04, -1.1664945526337757e-03,
          7.2627966135872168e-03, 5.8138618853152916e-03,
          -1.7224986492886357e-03, 1.0238992472790661e-02,
          5.6366073886172548e-03, 5.7224442708280155e-03,
          -1.3994841749546572e-03, 2.5565188666444604e-03,
          7.2201747652061554e-04, -2.7875379524835829e-04,
          3.0801478593722497e-03, 3.0065840699149446e-03,
          -2.4709403570264805e-03, 1.9944614998344577e-02,
          -7.4310077436279629e-03, -1.3994841749546565e-03,
          8.4859671821796382e-03, -4.9634642237568363e-04,
          6.0303202135494864e-06, 2.7076289986772002e-04,
          -2.3025339923676731e-03, -1.0540455417178921e-03,
          1.3637785994963442e-04, -3.9308248709770208e-03,
          5.0582642929503010e-03, 2.5565188666444604e-03,
          -4.9634642237568341e-04, 5.2023132296348203e-02,
          4.6965637759558343e-04, -4.0141570188955457e-03,
          1.4003847278374383e-03, 8.0373475257514513e-03,
          -3.5477530469023855e-03, 7.0109147250617216e-03,
          9.0114425385436254e-04, 7.2201747652061543e-04,
          6.0303202135494906e-06, 4.6965637759558343e-04,
          5.1711554352506184e-02, 5.1602621093169339e-04,
          -1.0298936634828298e-04, -4.4997518528566982e-03,
          -1.5282332369824562e-03, 2.2748644099097842e-03,
          -1.1664945526337755e-03, -2.7875379524835840e-04,
          2.7076289986772007e-04, -4.0141570188955457e-03,
          5.1602621093169371e-04, 3.5211302549664182e-02,
          -4.9283393749643186e-04, -1.2071327267263435e-02,
          -7.8572145198195290e-03, 1.5109588815365337e-04,
          7.2627966135872168e-03, 3.0801478593722497e-03,
          -2.3025339923676731e-03, 1.4003847278374378e-03,
          -1.0298936634828302e-04, -4.9283393749643186e-04,
          7.1658111946036485e-03, 4.8813676784015417e-03,
          -1.5903949075273564e-03, 7.1987117220919990e-03,
          5.8138618853152933e-03, 3.0065840699149446e-03,
          -1.0540455417178919e-03, 8.0373475257514513e-03,
          -4.4997518528566982e-03, -1.2071327267263433e-02,
          4.8813676784015417e-03, 1.7384016561314389e-01,
          1.4303207781365612e-03, 5.0745097015240633e-03,
          -1.7224986492886359e-03, -2.4709403570264805e-03,
          1.3637785994963445e-04, -3.5477530469023863e-03,
          -1.5282332369824555e-03, -7.8572145198195290e-03,
          -1.5903949075273562e-03, 1.4303207781365612e-03,
          3.3878092560387665e-02, -9.7895507080295024e-03,
          1.0238992472790663e-02, 1.9944614998344577e-02,
          -3.9308248709770208e-03, 7.0109147250617216e-03,
          2.2748644099097829e-03, 1.5109588815365348e-04,
          7.1987117220919973e-03, 5.0745097015240598e-03,
          -9.7895507080295024e-03, 1.8889200848799878e-01 ]
   - !!opencv-matrix
      rows: 10
