%YAML:1.0
---
groups:
   - intact
   - CD19
   - blast
intactGmmnames:
   - "intact.2016-1049.0"
   - "intact.2016-1049.1"
   - "intact.2016-1049.2"
   - "intact.2016-1049.3"
   - "intact.2016-1049.4"
intactLabels:
   - FSC-A
   - SSC-A
   - SY41
   - CD19
   - CD10
   - CD20
   - CD45
   - CD34
   - CD38
   - CD58
intactMu: !!opencv-matrix
   rows: 5
   cols: 10
   dt: d
   data: [ 1.1221188762405712e+00, 3.0690061005449581e-01,
       3.5849048132593344e+00, 1.2746681053604292e+00,
       1.0341221757070531e+00, 9.3179664164479603e-01,
       3.6803170702401133e+00, 1.7335074256811975e+00,
       1.6317754075438917e+00, 8.1010988904752379e-01,
       2.7155043454895624e+00, 2.6002896819757950e+00,
       3.7417561598799836e+00, 1.6834828245436633e+00,
       2.3006348625254769e+00, 1.0090542379894136e+00,
       2.9105643872121134e+00, 1.3734639673006579e+00,
       1.4387962609448699e+00, 2.0620767635801820e+00,
       1.8163407534514451e+00, 1.1619096676801561e+00,
       3.7595317355031392e+00, 1.4566694225275751e+00,
       1.3661758237103863e+00, 1.0817548616845118e+00,
       2.8599425063412713e+00, 1.6135935335595883e+00,
       1.8129008457134295e+00, 1.8901471851627230e+00,
       1.3381631460354271e+00, 6.1379416392420738e-01,
       3.5300109032299400e+00, 1.3659423626055971e+00,
       1.0456728049494139e+00, 9.0542883207618652e-01,
       3.7162707481398622e+00, 1.9260362833976543e+00,
       2.6748272402408402e+00, 1.5029134028456428e+00,
       1.2525703667424892e+00, 4.4228129488797646e-01,
       3.5715344354856216e+00, 1.3480742240121391e+00,
       1.0896359360450925e+00, 9.0918581505406826e-01,
       3.7719153201990556e+00, 2.0505392750722358e+00,
       1.4376865329579844e+00, 1.2265893616804679e+00 ]
intactSigma:
   - !!opencv-matrix
      rows: 10
      cols: 10
      dt: d
      data: [ 2.7236297223569066e-02, 2.2785099335331620e-03,
          -1.0486492203300921e-03, 1.6831113527554487e-03,
          3.5344090722493423e-04, -2.3160354039078652e-04,
          2.1184690137804399e-03, -2.3774569827078565e-03,
          6.3793671566495366e-03, 5.9547880869296012e-04,
          2.2785099335331615e-03, 4.9033070954215855e-03,
          -8.2781112739164727e-04, 1.8704672063660386e-03,
          7.0775333068610739e-04, 2.2369071340843502e-04,
          2.9839998927006410e-03, -2.6158206238485961e-03,
          -6.7760089307709291e-03, 9.3985222621025509e-03,
          -1.0486492203300919e-03, -8.2781112739164727e-04,
          4.1155271206775746e-03, -3.5145417532459985e-04,
          2.3828099567295332e-04, 2.2044685982676194e-04,
          -5.3308718337772448e-04, 1.0086575932537576e-03,
          -1.0466757579998096e-03, 1.2903586079057489e-03,
          1.6831113527554487e-03, 1.8704672063660386e-03,
          -3.5145417532459980e-04, 3.7147559224443440e-02,
          -4.9051846412106041e-05, -4.1673248591404966e-03,
          1.2602202617056969e-03, 4.8822716180030781e-03,
          -6.3113888793742178e-03, 2.5745800950711128e-03,
          3.5344090722493440e-04, 7.0775333068610739e-04,
          2.3828099567295310e-04, -4.9051846412106367e-05,
          4.4722493961663945e-02, 9.8475183415667284e-04,
          2.7989037998497266e-04, -6.8583197520264436e-03,
          -2.1762566451444471e-03, 1.4090402071640841e-03,
          -2.3160354039078638e-04, 2.2369071340843519e-04,
          2.2044685982676188e-04, -4.1673248591404949e-03,
          9.8475183415667198e-04, 5.7968062925578004e-02,
          -4.0790037548326107e-04, -1.4535800488451534e-02,
          -2.0964029891109039e-02, 2.0893083320652015e-03,
          2.1184690137804399e-03, 2.9839998927006410e-03,
          -5.3308718337772448e-04, 1.2602202617056962e-03,
          2.7989037998497272e-04, -4.0790037548326096e-04,
          6.9233271920238221e-03, 1.8088210841355715e-03,
          -3.4345433287911592e-03, 3.1290473697820516e-03,
          -2.3774569827078569e-03, -2.6158206238485965e-03,
          1.0086575932537569e-03, 4.8822716180030781e-03,
          -6.8583197520264427e-03, -1.4535800488451532e-02,
          1.8088210841355719e-03, 1.9485450915326083e-01,
          1.9333199484302972e-02, -1.9277967425405357e-02,
          6.3793671566495366e-03, -6.7760089307709291e-03,
          -1.0466757579998094e-03, -6.3113888793742186e-03,
          -2.1762566451444458e-03, -2.0964029891109043e-02,
          -3.4345433287911596e-03, 1.9333199484302968e-02,
          1.7454561079493303e-01, -1.3269561131404177e-02,
          5.9547880869295969e-04, 9.3985222621025509e-03,
          1.2903586079057489e-03, 2.5745800950711128e-03,
          1.4090402071640839e-03, 2.0893083320652006e-03,
          3.1290473697820529e-03, -1.9277967425405357e-02,
          -1.3269561131404177e-02, 9.0071915292931376e-02 ]
   - !!opencv-matrix
      rows: 10
      cols: 10
      dt: d
      data: [ 3.0016169104603063e-01, 1.5780149379391123e-01,
          -3.4332427082881369e-04, 3.2434732699615415e-02,
          -1.1135151540689685e-02, 4.8173325309849632e-03,
          -1.0898948679979059e-02, 7.1365606062753226e-03,
          1.4929949067427475e-02, 3.9485989584604276e-03,
          1.5780149379391123e-01, 3.8000497836995978e-01,
          -1.1660152694395366e-02, 7.5499235353859662e-02,
          6.6368826766330200e-02, 3.0770242163111047e-03,
          2.1304478107281883e-02, 3.3739089153993561e-02,
          1.7065121442408994e-02, 1.2396506023828019e-02,
          -3.4332427082881401e-04, -1.1660152694395362e-02,
          3.3681562298203543e-03, -2.6987947623679236e-03,
          -5.5537725724639289e-03, 2.4076534323755967e-04,
          -2.4811039495892060e-03, -1.9354462164046596e-03,
          -5.0504432110571879e-04, -3.0411914104036005e-04,
          3.2434732699615415e-02, 7.5499235353859662e-02,
          -2.6987947623679236e-03, 3.6348555593587913e-02,
          1.7520075376845003e-02, -2.2943139214953111e-03,
          5.6428001034494382e-03, 9.6569016997746782e-03,
          -2.0249527796149130e-03, 2.3050258452676133e-03,
          -1.1135151540689689e-02, 6.6368826766330200e-02,
          -5.5537725724639289e-03, 1.7520075376845003e-02,
          1.4692212385931860e-01, -1.1995228805634637e-03,
          3.2346422557099901e-02, 2.9015103038692161e-02,
          1.1870477228430956e-03, 2.0056781301773284e-03,
          4.8173325309849640e-03, 3.0770242163111043e-03,
          2.4076534323755967e-04, -2.2943139214953116e-03,
          -1.1995228805634630e-03, 5.2211998823584009e-02,
          -9.3352784525898181e-04, -1.0956536768344747e-02,
          -1.5710840436934825e-02, 2.4023029995929790e-04,
          -1.0898948679979056e-02, 2.1304478107281886e-02,
          -2.4811039495892060e-03, 5.6428001034494382e-03,
          3.2346422557099901e-02, -9.3352784525898148e-04,
          2.9347370627001282e-02, 1.1215615083138430e-02,
          -1.8006178215017414e-03, 1.1289096675655792e-03,
          7.1365606062753226e-03, 3.3739089153993561e-02,
          -1.9354462164046589e-03, 9.6569016997746764e-03,
          2.9015103038692161e-02, -1.0956536768344747e-02,
          1.1215615083138425e-02, 1.6492037034281759e-01,
          3.9486183094373075e-03, 3.0597610258511778e-03,
          1.4929949067427473e-02, 1.7065121442408987e-02,
          -5.0504432110571825e-04, -2.0249527796149126e-03,
          1.1870477228430952e-03, -1.5710840436934822e-02,
          -1.8006178215017421e-03, 3.9486183094373075e-03,
          5.9954147002032929e-02, 3.4822607562648377e-03,
          3.9485989584604276e-03, 1.2396506023828016e-02,
          -3.0411914104035999e-04, 2.3050258452676138e-03,
          2.0056781301773284e-03, 2.4023029995929798e-04,
          1.1289096675655788e-03, 3.0597610258511782e-03,
          3.4822607562648360e-03, 1.6761320482228299e-02 ]
   - !!opencv-matrix
      rows: 10
      cols: 10
