%YAML:1.0
---
groups:
   - intact
   - CD19
   - blast
intactGmmnames:
   - "intact.2016-0682.0"
   - "intact.2016-0682.1"
   - "intact.2016-0682.2"
   - "intact.2016-0682.3"
   - "intact.2016-0682.4"
intactLabels:
   - FSC-A
   - SSC-A
   - SY41
   - CD19
   - CD10
   - CD20
   - CD45
   - CD34
   - CD38
   - CD58
intactMu: !!opencv-matrix
   rows: 5
   cols: 10
   dt: d
   data: [ 1.5814665176140446e+00, 5.8329799960785034e-01,
       2.9130689561510694e+00, 1.4506105020290352e+00,
       2.0366036825638938e+00, 1.1086993281425237e+00,
       3.9557652709546764e+00, 2.1013334969416437e+00,
       2.4636042534646232e+00, 1.6451963818719377e+00,
       2.3894424610495291e+00, 1.3459767018699411e+00,
       3.1445088874071896e+00, 1.6131298205564595e+00,
       1.8163992766942609e+00, 1.3165498796577093e+00,
       3.5122312276836891e+00, 2.2336793057425730e+00,
       2.3573072100723644e+00, 1.9568391137171941e+00,
       2.9738440957136203e+00, 2.9907675548400148e+00,
       3.0466281070217116e+00, 1.8206443855915622e+00,
       2.5114081241506510e+00, 1.1493677591772744e+00,
       3.3007260102292006e+00, 1.4897645034236549e+00,
       1.6249749435767586e+00, 2.1648651604182594e+00,
       1.2969763779982060e+00, 3.5569624236856606e-01,
       3.1475220987309509e+00, 1.3482086597582783e+00,
       1.6382265017049988e+00, 1.1098577060443018e+00,
       3.8452890419347625e+00, 1.9253862006644502e+00,
       1.7163630520340465e+00, 1.1276288043906983e+00,
       1.2368228947693720e+00, 4.1763114573252497e-01,
       3.1989178253585195e+00, 1.1416704050460675e+00,
       1.3154445711337279e+00, 1.1509952503867515e+00,
       1.7346860177982202e+00, 1.1870749558412377e+00,
       1.5899991844070507e+00, 2.3734025660406100e+00 ]
intactSigma:
   - !!opencv-matrix
      rows: 10
      cols: 10
      dt: d
      data: [ 6.6078952816502695e-02, 6.0698779135826032e-03,
          -1.5643803170047977e-02, 3.8682164521568517e-03,
          1.0099040405785674e-02, -4.8672499898540217e-04,
          1.1580943156688998e-03, 1.6367305338989167e-03,
          -8.1874552306394448e-03, 6.6109955777441682e-03,
          6.0698779135826032e-03, 1.0380198026032898e-02,
          -2.2123422247898612e-03, 4.3033006541620929e-03,
          6.9567809784367111e-03, -1.0156070624966161e-03,
          3.1589474266779400e-03, 2.7081671942804915e-03,
          1.4430638074730063e-02, 8.3182120930927680e-03,
          -1.5643803170047973e-02, -2.2123422247898616e-03,
          4.0608450385946578e-02, 1.7123658222237509e-03,
          -1.8616764570118762e-02, -2.2018442163110222e-03,
          9.3805646157391022e-04, 4.1008257848540350e-04,
          2.4387199674814251e-02, 7.3851671310593480e-04,
          3.8682164521568548e-03, 4.3033006541620938e-03,
          1.7123658222237504e-03, 7.9501465372131846e-02,
          4.4625167200331543e-03, -9.3193348032150486e-03,
          9.7311956496878241e-03, 2.4609636831758368e-02,
          2.5620852367996667e-03, 5.4638823438590018e-03,
          1.0099040405785676e-02, 6.9567809784367119e-03,
          -1.8616764570118766e-02, 4.4625167200331543e-03,
          3.4933594413737123e-01, 3.4109203093921534e-03,
          1.7387800496156238e-03, 1.8498124007372253e-02,
          8.2197687521431487e-03, 6.8045548357640127e-03,
          -4.8672499898540217e-04, -1.0156070624966161e-03,
          -2.2018442163110217e-03, -9.3193348032150451e-03,
          3.4109203093921543e-03, 6.0694882433401348e-02,
          -2.6813186376612713e-03, -1.8216182444836897e-02,
          -1.5632328176274638e-02, -1.4237775530180959e-03,
          1.1580943156689007e-03, 3.1589474266779404e-03,
          9.3805646157391022e-04, 9.7311956496878241e-03,
          1.7387800496156242e-03, -2.6813186376612704e-03,
          1.8343667669287772e-02, 3.5743282707435042e-02,
          -5.8836849518668381e-03, 5.8484213614421248e-03,
          1.6367305338989178e-03, 2.7081671942804923e-03,
          4.1008257848540252e-04, 2.4609636831758368e-02,
          1.8498124007372246e-02, -1.8216182444836897e-02,
          3.5743282707435042e-02, 2.7583028743963400e-01,
          -6.7208115381116552e-03, 1.1606657210857060e-02,
          -8.1874552306394448e-03, 1.4430638074730063e-02,
          2.4387199674814258e-02, 2.5620852367996667e-03,
          8.2197687521431487e-03, -1.5632328176274642e-02,
          -5.8836849518668381e-03, -6.7208115381116587e-03,
          2.2688561511045327e-01, 7.2243960470174135e-03,
          6.6109955777441656e-03, 8.3182120930927680e-03,
          7.3851671310593470e-04, 5.4638823438590018e-03,
          6.8045548357640153e-03, -1.4237775530180948e-03,
          5.8484213614421248e-03, 1.1606657210857062e-02,
          7.2243960470174135e-03, 5.9330449455375238e-02 ]
   - !!opencv-matrix
      rows: 10
      cols: 10
      dt: d
      data: [ 5.9815426126103655e-01, 2.7356859969031849e-01,
          3.8668813248094805e-03, 7.1616479251019813e-02,
          8.9728217397153559e-02, 3.2126295207021226e-02,
          6.9920551710543871e-02, 8.7311517811695008e-02,
          1.1512051015791837e-01, 1.7283983868206113e-01,
          2.7356859969031849e-01, 4.6452345134315770e-01,
          -2.2483005848428859e-02, 1.0075338498425264e-01,
          4.9329616652625481e-02, 4.9775210344122488e-02,
          -2.3072785480952995e-02, -2.1070878658830786e-02,
          -2.1528431755388409e-02, 1.0162435943311147e-01,
          3.8668813248094779e-03, -2.2483005848428852e-02,
          1.3030437634826134e-01, -9.8687167787531935e-03,
          -2.5673667631134715e-02, -2.6486552369223103e-02,
          -1.5119810223235409e-03, -1.0131795703784167e-02,
          5.9470046324750531e-02, -5.0697638270845091e-03,
          7.1616479251019799e-02, 1.0075338498425265e-01,
          -9.8687167787531935e-03, 1.1914407568542944e-01,
          3.8173208126511593e-02, 2.5879473857143270e-02,
          4.6658351710589512e-02, 2.2245461969886571e-02,
          1.7761696227351412e-02, 2.6035531828640147e-02,
          8.9728217397153601e-02, 4.9329616652625481e-02,
          -2.5673667631134715e-02, 3.8173208126511593e-02,
          3.8502539791428619e-01, 1.8443553940413540e-02,
          8.3039300796779042e-02, 5.9171696303700450e-02,
          3.9294227589172039e-02, 3.7849630083031147e-02,
          3.2126295207021226e-02, 4.9775210344122488e-02,
          -2.6486552369223103e-02, 2.5879473857143277e-02,
          1.8443553940413540e-02, 1.6236466322623863e-01,
          2.6248224719016302e-02, 5.6622883118576092e-02,
          -2.4418609025897674e-02, 3.8609575151862044e-02,
          6.9920551710543871e-02, -2.3072785480953002e-02,
          -1.5119810223235405e-03, 4.6658351710589512e-02,
          8.3039300796779042e-02, 2.6248224719016302e-02,
          4.5971591418656166e-01, 1.9263306023781759e-01,
          1.8047139826900691e-01, 4.6186891982692289e-02,
          8.7311517811694994e-02, -2.1070878658830793e-02,
          -1.0131795703784162e-02, 2.2245461969886571e-02,
          5.9171696303700450e-02, 5.6622883118576092e-02,
          1.9263306023781759e-01, 4.0217389560356342e-01,
          1.5711636235479259e-01, 9.3083027350741088e-02,
          1.1512051015791838e-01, -2.1528431755388405e-02,
          5.9470046324750531e-02, 1.7761696227351412e-02,
          3.9294227589172039e-02, -2.4418609025897674e-02,
          1.8047139826900691e-01, 1.5711636235479259e-01,
          3.3387929212951278e-01, 8.2275481941967793e-02,
          1.7283983868206113e-01, 1.0162435943311147e-01,
          -5.0697638270845091e-03, 2.6035531828640147e-02,
          3.7849630083031147e-02, 3.8609575151862044e-02,
          4.6186891982692289e-02, 9.3083027350741088e-02,
          8.2275481941967793e-02, 2.1332908649585552e-01 ]
   - !!opencv-matrix
      rows: 10
      cols: 10
      dt: d
