%YAML:1.0
---
groups:
   - intact
   - CD19
   - blast
intactGmmnames:
   - "intact.2016-0118.0"
   - "intact.2016-0118.1"
   - "intact.2016-0118.2"
   - "intact.2016-0118.3"
   - "intact.2016-0118.4"
intactLabels:
   - FSC-A
   - SSC-A
   - SY41
   - CD19
   - CD10
   - CD20
   - CD45
   - CD34
   - CD38
   - CD58
intactMu: !!opencv-matrix
   rows: 5
   cols: 10
   dt: d
   data: [ 2.1786062786129898e+00, 1.0177949089359404e+00,
       3.2207432305238655e+00, 1.5502511634739358e+00,
       1.4585109589202585e+00, 1.1670294287458569e+00,
       2.9837186804168820e+00, 1.9641094549860443e+00,
       2.2467508463709489e+00, 2.1551373452025087e+00,
       1.4454398314391741e+00, 4.6097374796492546e-01,
       3.2877450194320357e+00, 1.1323333201266255e+00,
       1.3258949453415783e+00, 1.0729428699571191e+00,
       2.0825251200585728e+00, 1.0754126614083368e+00,
       1.4483503579695394e+00, 2.5523349443522778e+00,
       1.2518989045906423e+00, 2.9035326044099663e-01,
       3.0700377756181014e+00, 1.4418125695073751e+00,
       1.2381416883166581e+00, 9.6849868265470218e-01,
       3.8823488996354421e+00, 2.1611545720200849e+00,
       1.9977716290059595e+00, 1.0398487827033176e+00,
       3.3516266846057912e+00, 2.9555476003080265e+00,
       3.0768368755273383e+00, 2.0409894373508544e+00,
       2.4358895834114587e+00, 1.0538463244651919e+00,
       3.3013713854005520e+00, 1.6862776939963477e+00,
       1.6218227431833909e+00, 2.3048534368172109e+00,
       1.0872000239159401e+00, 3.0105290023839637e-01,
       3.0779816540609701e+00, 1.0199713703833007e+00,
       1.2684210711836739e+00, 1.0680986184330088e+00,
       1.5738083272683141e+00, 9.7524099219489535e-01,
       1.1425667454289952e+00, 2.3688153584409797e+00 ]
intactSigma:
   - !!opencv-matrix
      rows: 10
      cols: 10
      dt: d
      data: [ 6.3825502775166287e-01, 2.7684438828040253e-01,
          5.4302154964648512e-02, 9.6736048965088875e-02,
          6.5151666331089028e-02, 1.3864180970377412e-02,
          1.1824555728624257e-01, 3.7325340213101049e-02,
          7.7268593937876912e-02, 1.7459290978254610e-01,
          2.7684438828040253e-01, 4.6249040371177602e-01,
          2.3372516843547513e-02, 1.5770848205808766e-01,
          9.2322093289852705e-02, 2.9146780586463208e-02,
          1.4239085475317895e-01, 5.1511391805826916e-02,
          7.8079447627191031e-02, 1.0103394264246782e-01,
          5.4302154964648512e-02, 2.3372516843547516e-02,
          1.6200387233659336e-01, -1.1754491309292705e-02,
          -2.6669999588354175e-03, -7.8593074590089067e-03,
          -3.2558868092910205e-02, -2.2537237860255022e-02,
          3.6184325693262173e-02, 7.3143274115170603e-02,
          9.6736048965088875e-02, 1.5770848205808766e-01,
          -1.1754491309292708e-02, 1.6871429958832923e-01,
          4.1058780850856423e-02, 1.4948503127834249e-02,
          1.3596505881205515e-01, 6.5874964969500682e-02,
          5.7218349981558808e-02, 2.7839521018192526e-02,
          6.5151666331089028e-02, 9.2322093289852705e-02,
          -2.6669999588354175e-03, 4.1058780850856416e-02,
          3.8508612533911485e-01, 1.7396966937953569e-03,
          9.6216977541592925e-03, -4.4996697172285688e-02,
          -3.0546912742165314e-02, 2.7621910187777220e-02,
          1.3864180970377421e-02, 2.9146780586463219e-02,
          -7.8593074590089049e-03, 1.4948503127834249e-02,
          1.7396966937953599e-03, 1.5348680073391416e-01,
          2.3920395924824749e-02, 4.7370020548336216e-02,
          -6.0660691919392695e-03, 7.7572163418177173e-03,
          1.1824555728624257e-01, 1.4239085475317895e-01,
          -3.2558868092910205e-02, 1.3596505881205515e-01,
          9.6216977541592891e-03, 2.3920395924824749e-02,
          8.5182776995393983e-01, 4.8711949313723163e-01,
          4.9082436896930515e-01, 7.6892903321997289e-02,
          3.7325340213101049e-02, 5.1511391805826916e-02,
          -2.2537237860255022e-02, 6.5874964969500682e-02,
          -4.4996697172285688e-02, 4.7370020548336202e-02,
          4.8711949313723163e-01, 6.4822575201266541e-01,
          4.0951162963301913e-01, 4.3899851874901738e-02,
          7.7268593937876912e-02, 7.8079447627191031e-02,
          3.6184325693262180e-02, 5.7218349981558787e-02,
          -3.0546912742165304e-02, -6.0660691919392747e-03,
          4.9082436896930509e-01, 4.0951162963301924e-01,
          6.0626789407028669e-01, 1.2301931283248813e-01,
          1.7459290978254610e-01, 1.0103394264246782e-01,
          7.3143274115170590e-02, 2.7839521018192519e-02,
          2.7621910187777220e-02, 7.7572163418177147e-03,
          7.6892903321997289e-02, 4.3899851874901738e-02,
          1.2301931283248813e-01, 2.5688407011656300e-01 ]
   - !!opencv-matrix
      rows: 10
      cols: 10
      dt: d
      data: [ 1.3994441152530787e-01, 2.7186505945491417e-02,
          8.3255196729357973e-03, 1.9575372482996629e-02,
          4.7337727743613075e-03, -2.1263811600680851e-04,
          1.7329193799970894e-03, 2.7708787646276902e-03,
          -2.2845353104252717e-03, 2.0549500277815814e-02,
          2.7186505945491417e-02, 1.7231774616958868e-02,
          1.1023150974982063e-02, 1.1337858534882126e-02,
          4.1184787681744928e-03, -1.2682240253061264e-04,
          1.2855924035740141e-02, 5.2585516223677704e-03,
          1.1903712408298574e-02, 1.0380714704758804e-02,
          8.3255196729357973e-03, 1.1023150974982063e-02,
          7.4103517317980691e-02, 1.7921972473822808e-03,
          7.4276850268926639e-04, -4.4106053200710663e-05,
          1.1892482981439148e-02, 4.4178469445481554e-03,
          1.3143629724397494e-02, 1.1564664152735058e-02,
          1.9575372482996633e-02, 1.1337858534882126e-02,
          1.7921972473822817e-03, 6.9254497798658457e-02,
          4.7737078548665945e-03, -5.7667012405496704e-03,
          4.5469539278969453e-03, 5.8183574529925633e-03,
          3.3492070462877378e-03, 6.5438923296298433e-03,
          4.7337727743613049e-03, 4.1184787681744928e-03,
          7.4276850268926672e-04, 4.7737078548665945e-03,
          8.1333399480911645e-02, -2.1814568740670162e-04,
          2.2666337163648287e-03, -1.6128801985408592e-03,
          1.4653508104776298e-02, 3.5449377327023239e-03,
          -2.1263811600680843e-04, -1.2682240253061256e-04,
          -4.4106053200710812e-05, -5.7667012405496730e-03,
          -2.1814568740670157e-04, 2.9471705817483776e-02,
          1.7116082441017086e-04, -5.3565713823331869e-03,
          -1.0221911317311892e-02, -4.5599866853639930e-05,
          1.7329193799970879e-03, 1.2855924035740141e-02,
          1.1892482981439143e-02, 4.5469539278969462e-03,
          2.2666337163648269e-03, 1.7116082441017040e-04,
          1.4286445371918366e-01, 1.6670829225594291e-02,
          8.0302829059034381e-02, 8.7443457700047654e-03,
          2.7708787646276898e-03, 5.2585516223677721e-03,
          4.4178469445481580e-03, 5.8183574529925642e-03,
          -1.6128801985408586e-03, -5.3565713823331852e-03,
          1.6670829225594284e-02, 1.3570417532537304e-01,
          2.1203921906818676e-02, 3.0044952980459580e-03,
          -2.2845353104252726e-03, 1.1903712408298574e-02,
          1.3143629724397494e-02, 3.3492070462877391e-03,
          1.4653508104776298e-02, -1.0221911317311896e-02,
          8.0302829059034381e-02, 2.1203921906818680e-02,
          1.1735873720999912e-01, 3.5940482217353643e-03,
          2.0549500277815810e-02, 1.0380714704758803e-02,
          1.1564664152735058e-02, 6.5438923296298433e-03,
          3.5449377327023239e-03, -4.5599866853639984e-05,
          8.7443457700047654e-03, 3.0044952980459580e-03,
          3.5940482217353643e-03, 1.6181377811811060e-02 ]
   - !!opencv-matrix
      rows: 10
      cols: 10
      dt: d
