%YAML:1.0
---
groups:
   - intact
   - CD19
   - blast
intactGmmnames:
   - "intact.2016-5726.0"
   - "intact.2016-5726.1"
   - "intact.2016-5726.2"
   - "intact.2016-5726.3"
   - "intact.2016-5726.4"
intactLabels:
   - FSC-A
   - SSC-A
   - SY41
   - CD19
   - CD10
   - CD20
   - CD45
   - CD34
   - CD38
   - CD58
intactMu: !!opencv-matrix
   rows: 5
   cols: 10
   dt: d
   data: [ 2.0333289441908340e+00, 1.1950886315182709e+00,
       3.5332790177523918e+00, 1.5970441737930612e+00,
       1.5791711929494243e+00, 1.2644119149877546e+00,
       2.8270960322235128e+00, 1.7190883842825673e+00,
       2.3196065090259737e+00, 1.9109329215230753e+00,
       1.2778025738766496e+00, 3.7289337080484980e-01,
       3.2528489804870042e+00, 1.4235583151178561e+00,
       1.5210433583010705e+00, 1.0450396420891193e+00,
       3.6360447281008210e+00, 1.3521878487882595e+00,
       2.0812178990964685e+00, 1.1570872702255142e+00,
       2.2130536047181786e+00, 2.7683191655171835e+00,
       3.3597386055239640e+00, 1.6997218101572931e+00,
       2.2596369862820835e+00, 1.1001050101515797e+00,
       2.9426414661138298e+00, 1.2071574794617943e+00,
       1.6508956167289723e+00, 2.1925239881628120e+00,
       1.0889452009887279e+00, 4.9446486441131543e-01,
       3.3294106766955411e+00, 1.2555649530890052e+00,
       1.4601112045543041e+00, 1.0721202140752422e+00,
       1.6060157548730187e+00, 1.0918177948444887e+00,
       1.2550363215963580e+00, 2.5213181670804912e+00,
       1.7899461857596761e+00, 9.4549499978830553e-01,
       3.6734934899030325e+00, 1.3741776400238888e+00,
       1.6175430392612229e+00, 1.1203304401600112e+00,
       2.1903871536393664e+00, 1.2453832647686600e+00,
       1.7682051899160556e+00, 2.7065824576940845e+00 ]
intactSigma:
   - !!opencv-matrix
      rows: 10
      cols: 10
      dt: d
      data: [ 6.9527472224811881e-01, 3.5532359621588755e-01,
          1.0987944995019577e-01, 3.4347800554484366e-02,
          8.5574390942750503e-02, -2.6507384993283260e-02,
          9.2438004026528464e-02, 1.4986368654849930e-01,
          2.7370972142722250e-01, 2.6692792456899916e-01,
          3.5532359621588755e-01, 6.1637112474849909e-01,
          7.7562118204830721e-02, 8.4838274547031939e-02,
          8.6258373493424065e-02, -7.9727938138721526e-03,
          6.2724762273548215e-02, 6.1083835724813504e-02,
          1.4012241960751198e-01, 2.3877144788521579e-01,
          1.0987944995019577e-01, 7.7562118204830721e-02,
          1.4562015602649589e-01, -6.3815816206889333e-03,
          9.6550653529207820e-03, -5.5109143318161696e-03,
          -1.7384264886850461e-02, 8.4517274306127377e-02,
          1.0422309260841271e-01, 9.8397471105185513e-02,
          3.4347800554484366e-02, 8.4838274547031939e-02,
          -6.3815816206889350e-03, 1.7101202118695352e-01,
          5.5259726489355399e-02, 8.9119576906330350e-02,
          1.1583136539908884e-01, 2.8468444234355872e-03,
          4.7747212014349560e-02, 1.9583989229878609e-02,
          8.5574390942750503e-02, 8.6258373493424065e-02,
          9.6550653529207872e-03, 5.5259726489355399e-02,
          2.8701538749526734e-01, 3.6620597706148506e-03,
          3.9301679145946983e-02, 4.6964411600759750e-03,
          4.8093021100816993e-02, 7.6868413745881672e-02,
          -2.6507384993283253e-02, -7.9727938138721491e-03,
          -5.5109143318161679e-03, 8.9119576906330350e-02,
          3.6620597706148515e-03, 2.8520156554156451e-01,
          8.2138077984201405e-02, 1.3718907775852615e-02,
          3.4750492709443428e-02, -1.9115477413099956e-02,
          9.2438004026528436e-02, 6.2724762273548243e-02,
          -1.7384264886850468e-02, 1.1583136539908882e-01,
          3.9301679145946983e-02, 8.2138077984201405e-02,
          7.4683236162025946e-01, 1.6293131380101442e-01,
          4.3037292586283665e-01, -2.5244783940543483e-02,
          1.4986368654849930e-01, 6.1083835724813518e-02,
          8.4517274306127363e-02, 2.8468444234355890e-03,
          4.6964411600759733e-03, 1.3718907775852605e-02,
          1.6293131380101442e-01, 4.9153848993276456e-01,
          3.3929248789620808e-01, 1.0192765118195468e-01,
          2.7370972142722250e-01, 1.4012241960751201e-01,
          1.0422309260841271e-01, 4.7747212014349553e-02,
          4.8093021100816993e-02, 3.4750492709443428e-02,
          4.3037292586283665e-01, 3.3929248789620808e-01,
          8.1009707862102531e-01, 1.5373363681300131e-01,
          2.6692792456899916e-01, 2.3877144788521579e-01,
          9.8397471105185527e-02, 1.9583989229878609e-02,
          7.6868413745881686e-02, -1.9115477413099963e-02,
          -2.5244783940543483e-02, 1.0192765118195468e-01,
          1.5373363681300134e-01, 3.5539871765709830e-01 ]
   - !!opencv-matrix
      rows: 10
      cols: 10
      dt: d
      data: [ 7.0507784142894284e-02, 2.6532810434304180e-02,
          -2.7400702926605493e-02, 1.2728915849375988e-02,
          3.2850354832165557e-02, 7.7911727412639494e-04,
          2.0331429446832455e-02, 3.6284858287576479e-03,
          4.1315169595937382e-02, 5.7011197905859234e-02,
          2.6532810434304180e-02, 2.3743561737611812e-02,
          -1.3940167403310999e-02, 9.4695945315709483e-03,
          2.5023221751161936e-02, 1.2941838156791629e-03,
          1.3895425322245504e-02, 4.0551060886404059e-03,
          3.8917357454292784e-02, 5.5125725214635088e-02,
          -2.7400702926605493e-02, -1.3940167403310999e-02,
          2.7654053587395203e-02, -5.6565075710816115e-03,
          -1.9215204722997356e-02, -4.6631745365346484e-04,
          -1.0346266410291004e-02, -1.3228035636323721e-03,
          -3.1600785240104005e-02, -3.1085125108295145e-02,
          1.2728915849375988e-02, 9.4695945315709518e-03,
          -5.6565075710816115e-03, 3.2238412016211977e-02,
          1.1728647968799336e-02, -4.3859462971241152e-03,
          8.8602097693318300e-03, 6.9774904646625405e-03,
          9.1886416768492372e-03, 2.1980311036970013e-02,
          3.2850354832165557e-02, 2.5023221751161933e-02,
          -1.9215204722997353e-02, 1.1728647968799331e-02,
          3.1755656938455623e-01, 2.7178048391100031e-03,
          1.7445247745871664e-02, -5.2131977412258239e-03,
          5.5172235681773506e-02, 6.5287154348368182e-02,
          7.7911727412639581e-04, 1.2941838156791631e-03,
          -4.6631745365346468e-04, -4.3859462971241152e-03,
          2.7178048391100040e-03, 6.5067972741529270e-02,
          -4.2258628526717503e-05, -1.9101966765700307e-02,
          -8.8689515427077432e-03, 3.3334097150857370e-03,
          2.0331429446832458e-02, 1.3895425322245507e-02,
          -1.0346266410291004e-02, 8.8602097693318300e-03,
          1.7445247745871664e-02, -4.2258628526717584e-05,
          1.9714355599749028e-02, 4.4992970333209842e-03,
          2.0258330807999818e-02, 3.3255996438453457e-02,
          3.6284858287576466e-03, 4.0551060886404059e-03,
          -1.3228035636323721e-03, 6.9774904646625379e-03,
          -5.2131977412258257e-03, -1.9101966765700307e-02,
          4.4992970333209842e-03, 1.9266104065410147e-01,
          1.1841352342725656e-02, 1.2085619379791496e-02,
          4.1315169595937382e-02, 3.8917357454292791e-02,
          -3.1600785240104005e-02, 9.1886416768492355e-03,
          5.5172235681773506e-02, -8.8689515427077432e-03,
          2.0258330807999807e-02, 1.1841352342725658e-02,
          2.8658449809663616e-01, 8.3374544172271622e-02,
          5.7011197905859234e-02, 5.5125725214635088e-02,
          -3.1085125108295145e-02, 2.1980311036970013e-02,
          6.5287154348368182e-02, 3.3334097150857370e-03,
          3.3255996438453457e-02, 1.2085619379791497e-02,
          8.3374544172271622e-02, 2.3653544077630792e-01 ]
   - !!opencv-matrix
      rows: 10
      cols: 10
      dt: d
