%YAML:1.0
---
groups:
   - intact
   - CD19
   - blast
intactGmmnames:
   - "intact.2016-2593.0"
   - "intact.2016-2593.1"
   - "intact.2016-2593.2"
   - "intact.2016-2593.3"
   - "intact.2016-2593.4"
intactLabels:
   - FSC-A
   - SSC-A
   - SY41
   - CD19
   - CD10
   - CD20
   - CD45
   - CD34
   - CD38
   - CD58
intactMu: !!opencv-matrix
   rows: 5
   cols: 10
   dt: d
   data: [ 3.0334085510418731e+00, 2.9227684299951195e+00,
       3.4346974472634262e+00, 1.8468057834921794e+00,
       1.8338868754305881e+00, 1.0803026755476739e+00,
       2.7883522374471710e+00, 1.3655036965553973e+00,
       1.5280333038294618e+00, 1.6906011340589393e+00,
       2.3587557155850689e+00, 3.6410527894015104e-01,
       3.6149647575149877e+00, 1.3317819884401776e+00,
       1.0656935237678238e+00, 9.6485071406493750e-01,
       3.7078032088338997e+00, 1.6883272390320334e+00,
       1.6443748322966798e+00, 1.2277108583261831e+00,
       2.6073605563916926e+00, 1.1603151682037691e+00,
       3.6431108527377161e+00, 1.3867817305770989e+00,
       1.3635083713576808e+00, 1.0829022832848516e+00,
       2.2827945563850012e+00, 1.3591123431865471e+00,
       1.7954256580965597e+00, 2.4281987771284461e+00,
       3.7468977815973448e+00, 3.1029031582019257e+00,
       3.3470946731290065e+00, 1.8658158201252300e+00,
       1.8540149042437482e+00, 1.0401216065532122e+00,
       3.1192030776448392e+00, 1.4222651317165724e+00,
       1.6752925394265732e+00, 2.1669384472844997e+00,
       2.9095223414712938e+00, 5.9381821960060621e-01,
       3.2561826307900383e+00, 1.4358945687005289e+00,
       9.5236203728533952e-01, 1.1218720950165981e+00,
       3.7267818661491940e+00, 2.0361194568562784e+00,
       2.1328344090122031e+00, 1.7183463247187551e+00 ]
intactSigma:
   - !!opencv-matrix
      rows: 10
      cols: 10
      dt: d
      data: [ 3.6810176753260909e-01, 1.4112653087301005e-01,
          -3.3195601165198663e-03, 2.6922194296970535e-02,
          1.7536829964542412e-02, -2.9254520079135155e-04,
          2.8924512710837780e-02, 8.2216587699760844e-03,
          9.5993296894754977e-03, 2.9126361484027800e-02,
          1.4112653087301005e-01, 4.5230128772498024e-01,
          4.4476917649860781e-02, 8.9537829792761342e-02,
          2.2995445562570643e-02, -2.6124518540960370e-03,
          7.1746606053811153e-03, 1.4444284348578215e-02,
          6.4313726894355203e-03, 3.8656958634261808e-02,
          -3.3195601165198632e-03, 4.4476917649860781e-02,
          1.6439409202722841e-01, 1.1274884155281611e-02,
          1.6667150927743148e-02, -1.7818041709414215e-03,
          4.1957135789669316e-02, 2.8602163162459858e-02,
          7.6255429877137770e-03, 4.0512146010426221e-02,
          2.6922194296970535e-02, 8.9537829792761328e-02,
          1.1274884155281611e-02, 4.0926341947309125e-02,
          6.6417312001818673e-03, -3.1971206212387353e-03,
          1.2611308289882401e-03, 5.8943611731929069e-03,
          -1.3094583213208951e-03, 7.8121928237774784e-03,
          1.7536829964542401e-02, 2.2995445562570646e-02,
          1.6667150927743148e-02, 6.6417312001818664e-03,
          1.2960056564629813e-01, 3.5599212857538145e-03,
          2.2365096013421522e-02, 7.5909902623761162e-03,
          3.2007295349643370e-03, 2.0326032039258479e-02,
          -2.9254520079135269e-04, -2.6124518540960404e-03,
          -1.7818041709414213e-03, -3.1971206212387353e-03,
          3.5599212857538132e-03, 8.6284502516740566e-02,
          1.8093019688580337e-03, -2.6245022541248361e-03,
          -8.6975921371257956e-03, 5.2348054646567102e-03,
          2.8924512710837780e-02, 7.1746606053811153e-03,
          4.1957135789669316e-02, 1.2611308289882390e-03,
          2.2365096013421518e-02, 1.8093019688580337e-03,
          7.9970690110037920e-02, 1.4140167204152693e-02,
          7.4057583999894532e-03, 4.0446564150143839e-02,
          8.2216587699760844e-03, 1.4444284348578222e-02,
          2.8602163162459858e-02, 5.8943611731929061e-03,
          7.5909902623761188e-03, -2.6245022541248365e-03,
          1.4140167204152693e-02, 1.5325059965426005e-01,
          3.7310956704519750e-03, 2.5167466557392697e-02,
          9.5993296894754960e-03, 6.4313726894355194e-03,
          7.6255429877137770e-03, -1.3094583213208953e-03,
          3.2007295349643374e-03, -8.6975921371257956e-03,
          7.4057583999894497e-03, 3.7310956704519750e-03,
          1.1346484632514645e-02, 1.1161562799735295e-02,
          2.9126361484027800e-02, 3.8656958634261808e-02,
          4.0512146010426221e-02, 7.8121928237774784e-03,
          2.0326032039258479e-02, 5.2348054646567110e-03,
          4.0446564150143832e-02, 2.5167466557392690e-02,
          1.1161562799735295e-02, 1.2003983652547513e-01 ]
   - !!opencv-matrix
      rows: 10
      cols: 10
      dt: d
      data: [ 2.1119623154784833e-01, 2.2934927176527189e-02,
          -3.9021430743026518e-02, 2.1857195754677754e-02,
          -3.7004946491293045e-02, -5.3745544725707257e-03,
          3.0866916716151233e-02, 4.3296621155064836e-02,
          -7.6648676287111280e-03, 7.1681360948116460e-02,
          2.2934927176527189e-02, 1.4960123087382373e-02,
          -1.4015012728772615e-02, 1.0026577899959564e-02,
          -1.3902922448094357e-02, -1.3601823701498621e-03,
          1.1876634692729982e-02, 1.8199253402541145e-02,
          -2.7810561042440314e-03, 4.2026455871934584e-02,
          -3.9021430743026518e-02, -1.4015012728772615e-02,
          5.3534768315947494e-02, -1.3066385983882770e-02,
          2.3480973474672817e-02, 3.7429159063124243e-03,
          -1.6745287795272321e-02, -2.4907652987932582e-02,
          2.3660421331112538e-03, -4.1347681547378751e-02,
          2.1857195754677754e-02, 1.0026577899959562e-02,
          -1.3066385983882772e-02, 7.2447102210365655e-02,
          -1.1115408781303284e-02, -9.4803004862100641e-03,
          1.0870936223093678e-02, 2.3479503128140441e-02,
          -5.1277802852037462e-03, 2.7436346268770364e-02,
          -3.7004946491293031e-02, -1.3902922448094357e-02,
          2.3480973474672817e-02, -1.1115408781303284e-02,
          2.1107993475761253e-01, 3.4781264443332453e-03,
          -2.2198618818063565e-02, -3.6512411708602525e-02,
          2.6098248600459491e-03, -4.3637599515155223e-02,
          -5.3745544725707257e-03, -1.3601823701498625e-03,
          3.7429159063124243e-03, -9.4803004862100675e-03,
          3.4781264443332479e-03, 9.0389567463600773e-02,
          -1.8520415109192210e-03, -1.6513305236838426e-02,
          -1.2074908940528857e-02, -2.1371337798343072e-03,
          3.0866916716151226e-02, 1.1876634692729980e-02,
          -1.6745287795272328e-02, 1.0870936223093677e-02,
          -2.2198618818063561e-02, -1.8520415109192214e-03,
          2.0653796823047760e-02, 2.5479704307873250e-02,
          -2.9889513956497817e-03, 3.6699117033525484e-02,
          4.3296621155064823e-02, 1.8199253402541141e-02,
          -2.4907652987932582e-02, 2.3479503128140438e-02,
          -3.6512411708602519e-02, -1.6513305236838426e-02,
          2.5479704307873250e-02, 2.1293488219836681e-01,
          -2.1237776940376874e-03, 5.6193542125527636e-02,
          -7.6648676287111297e-03, -2.7810561042440314e-03,
          2.3660421331112538e-03, -5.1277802852037454e-03,
          2.6098248600459500e-03, -1.2074908940528855e-02,
          -2.9889513956497817e-03, -2.1237776940376879e-03,
          3.5687249702757565e-02, -1.3818227234618834e-02,
          7.1681360948116460e-02, 4.2026455871934584e-02,
          -4.1347681547378751e-02, 2.7436346268770360e-02,
          -4.3637599515155237e-02, -2.1371337798343081e-03,
          3.6699117033525484e-02, 5.6193542125527650e-02,
          -1.3818227234618830e-02, 2.2779665585316924e-01 ]
   - !!opencv-matrix
      rows: 10
      cols: 10
      dt: d
