%YAML:1.0
---
groups:
   - intact
   - CD19
   - blast
intactGmmnames:
   - "intact.47468.0"
   - "intact.47468.1"
   - "intact.47468.2"
   - "intact.47468.3"
   - "intact.47468.4"
intactLabels:
   - FSC-A
   - SSC-A
   - SY41
   - CD19
   - CD10
   - CD20
   - CD45
   - CD34
   - CD38
   - CD58
intactMu: !!opencv-matrix
   rows: 5
   cols: 10
   dt: d
   data: [ 1.4635501114204501e+00, 3.6110311592212213e-01,
       2.8431682229362982e+00, 1.2664870242025767e+00,
       1.0326175381267542e+00, 1.3086349255015062e+00,
       3.3091716928334551e+00, 1.1287908402012243e+00,
       1.7219682318819853e+00, 1.0744657494624843e+00,
       8.4964699826181445e-01, 4.4517230580453460e-01,
       2.7750106971061275e+00, 1.2625338033583398e+00,
       1.0682818269830165e+00, 1.2949347315115405e+00,
       1.1986334548413107e+00, 1.1328005090791406e+00,
       1.5068798321562886e+00, 2.3877002645643377e+00,
       1.8515353607728031e+00, 7.1179570819658189e-01,
       2.7389064999400179e+00, 1.2792959718104302e+00,
       1.0365803358141419e+00, 1.3048150025572351e+00,
       3.4935198589888659e+00, 1.5137051223155804e+00,
       2.1867770356849272e+00, 1.7331760678080084e+00,
       2.1912584001039406e+00, 2.0201907091547651e+00,
       3.0734907014491579e+00, 1.3446585627648813e+00,
       1.2336617444155855e+00, 1.4718856187245233e+00,
       2.5636425784353922e+00, 1.4396065322434626e+00,
       2.1693779069958996e+00, 2.2622888241506884e+00,
       1.1687970211232301e+00, 7.1196705309480990e-01,
       3.1126838207028795e+00, 1.2792059055181582e+00,
       1.1755405748171690e+00, 1.3294879689259920e+00,
       1.3190329468824600e+00, 1.1941743164879730e+00,
       1.5520176354242881e+00, 2.5550556870992494e+00 ]
intactSigma:
   - !!opencv-matrix
      rows: 10
      cols: 10
      dt: d
      data: [ 1.1930104896918728e-01, 1.4701673380381922e-02,
          -2.8520111680739899e-02, -6.4543316196959588e-04,
          -4.9564662252529895e-03, -2.4774602135984331e-03,
          1.6617475654483779e-02, 1.5570959273510600e-03,
          -7.5613076153105765e-03, 1.8001267492917934e-02,
          1.4701673380381922e-02, 9.9554660552405791e-03,
          -1.5872955663748659e-03, 1.9145556969646995e-04,
          -2.7864951801474793e-05, -9.7978106707602081e-05,
          6.1040447110428109e-03, 1.0429584917298056e-03,
          -4.1080991237389328e-03, 2.5653994905017866e-02,
          -2.8520111680739899e-02, -1.5872955663748655e-03,
          3.3482129133851068e-02, 5.3159376053958261e-04,
          3.3850369142577304e-03, 1.4938952030399879e-03,
          -1.5427613566969867e-03, 7.5442712927645218e-04,
          -1.0060827310307288e-04, 4.7948069770316197e-04,
          -6.4543316196959599e-04, 1.9145556969646995e-04,
          5.3159376053958261e-04, 2.2286706609852473e-03,
          -1.3010782106547801e-03, -1.5164855449282952e-04,
          4.2424164837199519e-05, 2.6416722825467600e-04,
          2.4408187643424028e-04, 1.2371224976669723e-03,
          -4.9564662252529878e-03, -2.7864951801474793e-05,
          3.3850369142577304e-03, -1.3010782106547801e-03,
          1.0787250226936950e-02, 1.6394872908750144e-04,
          -3.0913931102482286e-04, -3.5292568653298587e-03,
          -1.4768076448769475e-03, 1.9637838638181895e-03,
          -2.4774602135984331e-03, -9.7978106707601999e-05,
          1.4938952030399877e-03, -1.5164855449282966e-04,
          1.6394872908750150e-04, 8.8341451925898259e-03,
          -2.6992018895309253e-04, 2.6384184457861604e-04,
          -2.2153790496708928e-03, 4.3613247516646514e-04,
          1.6617475654483779e-02, 6.1040447110428109e-03,
          -1.5427613566969867e-03, 4.2424164837199621e-05,
          -3.0913931102482292e-04, -2.6992018895309258e-04,
          1.1632174393009608e-02, 9.2849370643991174e-04,
          -5.0172148658704421e-03, 8.6585040659682699e-03,
          1.5570959273510611e-03, 1.0429584917298056e-03,
          7.5442712927645229e-04, 2.6416722825467617e-04,
          -3.5292568653298587e-03, 2.6384184457861604e-04,
          9.2849370643991174e-04, 2.3542643347464781e-02,
          4.2784364015612855e-05, 3.6608779218842906e-03,
          -7.5613076153105748e-03, -4.1080991237389328e-03,
          -1.0060827310307283e-04, 2.4408187643424001e-04,
          -1.4768076448769467e-03, -2.2153790496708928e-03,
          -5.0172148658704421e-03, 4.2784364015613031e-05,
          2.8725792569115418e-02, -1.0989243437944522e-02,
          1.8001267492917934e-02, 2.5653994905017866e-02,
          4.7948069770316202e-04, 1.2371224976669723e-03,
          1.9637838638181908e-03, 4.3613247516646498e-04,
          8.6585040659682699e-03, 3.6608779218842901e-03,
          -1.0989243437944520e-02, 1.8556584800608902e-01 ]
   - !!opencv-matrix
      rows: 10
      cols: 10
      dt: d
      data: [ 3.3696552742954751e-02, 1.0202500527715614e-02,
          -2.2071319801171465e-02, -2.2093472986884364e-04,
          -1.1209619612753360e-03, -2.9913495992539763e-04,
          3.2097744459714840e-03, 1.1005324341731328e-03,
          4.3860545056075906e-04, 6.7809084763025707e-03,
          1.0202500527715616e-02, 1.1495951261452808e-02,
          -7.3242254142813290e-03, 1.7294333345760932e-04,
          7.0529988513698687e-05, 9.3553612360552989e-05,
          2.8741290604567147e-03, 1.2160270057840737e-03,
          3.6957938140313556e-04, 7.8977529948432417e-03,
          -2.2071319801171461e-02, -7.3242254142813290e-03,
          1.2078827540993231e-01, 1.2798568975404673e-03,
          4.8369128538778769e-03, 2.4812730782335117e-03,
          -8.9157592719478675e-03, 2.4657700676206295e-03,
          7.3680827330363183e-04, 4.8107029837664590e-03,
          -2.2093472986884358e-04, 1.7294333345760926e-04,
          1.2798568975404675e-03, 2.1198880561203092e-03,
          -1.5232182412023879e-03, -9.4985194819069933e-05,
          2.3841076128669605e-04, 1.1845829318504895e-04,
          1.7953376077819397e-04, 2.7908297218597544e-04,
          -1.1209619612753360e-03, 7.0529988513698741e-05,
          4.8369128538778769e-03, -1.5232182412023882e-03,
          1.2135512304679548e-02, -1.7077960544932421e-05,
          -2.5626436840112620e-04, -1.4239855773525089e-03,
          -6.5455448603708190e-04, 1.3414968091411720e-03,
          -2.9913495992539790e-04, 9.3553612360552948e-05,
          2.4812730782335112e-03, -9.4985194819069933e-05,
          -1.7077960544932442e-05, 3.3531316166874204e-03,
          -3.0519676985042864e-05, 1.5698152212765653e-04,
          -3.8150004324382779e-04, 4.3442581972155084e-04,
          3.2097744459714840e-03, 2.8741290604567143e-03,
          -8.9157592719478710e-03, 2.3841076128669624e-04,
          -2.5626436840112609e-04, -3.0519676985042871e-05,
          2.7651421587238458e-02, 7.6462117771679240e-04,
          2.9058870470590647e-04, -6.6031147086368226e-04,
          1.1005324341731321e-03, 1.2160270057840737e-03,
          2.4657700676206278e-03, 1.1845829318504900e-04,
          -1.4239855773525091e-03, 1.5698152212765653e-04,
          7.6462117771679240e-04, 9.9932041457511910e-03,
          2.7317408953222224e-04, 1.7359886140919582e-03,
          4.3860545056075906e-04, 3.6957938140313545e-04,
          7.3680827330363215e-04, 1.7953376077819400e-04,
          -6.5455448603708190e-04, -3.8150004324382774e-04,
          2.9058870470590647e-04, 2.7317408953222224e-04,
          9.7395708255965249e-04, 7.7627098806820095e-04,
          6.7809084763025707e-03, 7.8977529948432417e-03,
          4.8107029837664590e-03, 2.7908297218597544e-04,
          1.3414968091411724e-03, 4.3442581972155073e-04,
          -6.6031147086368269e-04, 1.7359886140919586e-03,
          7.7627098806820085e-04, 1.8341809058833911e-02 ]
   - !!opencv-matrix
      rows: 10
      cols: 10
      dt: d
