%YAML:1.0
---
groups:
   - intact
   - CD19
   - blast
intactGmmnames:
   - "intact.47511.0"
   - "intact.47511.1"
   - "intact.47511.2"
   - "intact.47511.3"
   - "intact.47511.4"
intactLabels:
   - FSC-A
   - SSC-A
   - SY41
   - CD19
   - CD10
   - CD20
   - CD45
   - CD34
   - CD38
   - CD58
intactMu: !!opencv-matrix
   rows: 5
   cols: 10
   dt: d
   data: [ 1.3954748002547395e+00, 4.3243678772197874e-01,
       3.2588740430022352e+00, 1.2853407351627073e+00,
       1.2550830485777880e+00, 1.3136916740778430e+00,
       1.5588959808187848e+00, 1.1240361811351236e+00,
       1.6191194222550767e+00, 2.5592379564084933e+00,
       1.8725598109481754e+00, 4.6474884590594251e-01,
       2.9995470456988911e+00, 1.2789433040409148e+00,
       1.0799614584658326e+00, 1.2428062734929106e+00,
       3.5470931256532765e+00, 1.0354887403354032e+00,
       1.9428693306705103e+00, 2.0709732144244386e+00,
       2.8506924358282735e+00, 2.8061911898167136e+00,
       3.2302800693170579e+00, 1.3907663989598762e+00,
       2.0703980833130977e+00, 1.3706322209412038e+00,
       3.0915224492218791e+00, 1.2741112601152478e+00,
       1.7314990405091724e+00, 2.3511930988687260e+00,
       1.3574293405399958e+00, 2.6221202994876092e-01,
       3.2930482300682473e+00, 1.2744487685443355e+00,
       1.1462016426669661e+00, 1.3085453815527117e+00,
       3.3825705023328019e+00, 1.0024831340094320e+00,
       1.6693943086587710e+00, 1.3210319747734067e+00,
       2.1919478749339376e+00, 1.0390306554255240e+00,
       3.3134170905814617e+00, 1.3982476888294917e+00,
       1.5586824481563850e+00, 1.5061506090911492e+00,
       2.8405956518928623e+00, 1.3131216105409529e+00,
       2.1748033044241248e+00, 2.3822213083360460e+00 ]
intactSigma:
   - !!opencv-matrix
      rows: 10
      cols: 10
      dt: d
      data: [ 1.6045126661268505e-01, 4.0417516159554683e-02,
          1.5423735701192065e-02, 2.1647596857113658e-03,
          1.1925020785852685e-02, 2.6752751459400515e-04,
          4.5662345330758844e-02, 1.1508620246553164e-02,
          1.6631075624743162e-02, 3.8590126874058259e-02,
          4.0417516159554689e-02, 1.8805110844085399e-02,
          5.3949872758673554e-03, 1.1139802712265402e-03,
          5.9143995770840150e-03, 4.2641677652411594e-04,
          1.8613748553568628e-02, 5.4300881892502314e-03,
          7.2667593111845003e-03, 1.6505317616129576e-02,
          1.5423735701192065e-02, 5.3949872758673571e-03,
          9.3931755310528581e-02, 1.1522621533479587e-03,
          1.1580204405319310e-02, 5.5562074448500349e-03,
          5.5659117454481231e-02, 1.5627372672662645e-03,
          4.0238812207244404e-03, 4.8840526578494848e-03,
          2.1647596857113658e-03, 1.1139802712265402e-03,
          1.1522621533479587e-03, 3.0666664719835048e-03,
          -1.5385376235397985e-03, -6.5853037957594622e-05,
          1.7891226705919481e-03, 4.1471618871875669e-04,
          1.0405421328602712e-03, 1.4046102679200719e-03,
          1.1925020785852686e-02, 5.9143995770840141e-03,
          1.1580204405319310e-02, -1.5385376235397985e-03,
          3.5688170954350340e-02, 2.6154140731062285e-04,
          1.3773657060138498e-02, -5.1546932992679474e-03,
          4.1122345032580995e-03, 9.3622941083758848e-03,
          2.6752751459400504e-04, 4.2641677652411594e-04,
          5.5562074448500349e-03, -6.5853037957594554e-05,
          2.6154140731062258e-04, 6.7316513814160801e-03,
          4.1072794092130637e-03, 2.0684598367660449e-04,
          -1.6306002213631618e-03, -5.3327151076624450e-04,
          4.5662345330758837e-02, 1.8613748553568628e-02,
          5.5659117454481231e-02, 1.7891226705919485e-03,
          1.3773657060138498e-02, 4.1072794092130637e-03,
          1.8841487156394826e-01, 3.1219026724920531e-03,
          1.9138818641495661e-02, 4.8811029674811733e-03,
          1.1508620246553164e-02, 5.4300881892502323e-03,
          1.5627372672662649e-03, 4.1471618871875669e-04,
          -5.1546932992679474e-03, 2.0684598367660416e-04,
          3.1219026724920531e-03, 6.7620093020367047e-02,
          3.1439480117569519e-03, 9.8261618284300051e-03,
          1.6631075624743162e-02, 7.2667593111845003e-03,
          4.0238812207244413e-03, 1.0405421328602712e-03,
          4.1122345032580995e-03, -1.6306002213631618e-03,
          1.9138818641495661e-02, 3.1439480117569510e-03,
          1.5015424971988260e-02, 1.0198276018731391e-02,
          3.8590126874058259e-02, 1.6505317616129576e-02,
          4.8840526578494865e-03, 1.4046102679200719e-03,
          9.3622941083758848e-03, -5.3327151076624493e-04,
          4.8811029674811750e-03, 9.8261618284300033e-03,
          1.0198276018731391e-02, 4.7683811161877948e-02 ]
   - !!opencv-matrix
      rows: 10
      cols: 10
      dt: d
      data: [ 7.2626812884207304e-02, 3.1308265326922720e-03,
          -8.5997348702793949e-03, -2.4484298280905077e-04,
          -4.1081235313290198e-03, -3.3847588893837666e-03,
          1.0565712580880354e-02, 1.5511426339448627e-03,
          -1.7180516415952224e-02, 1.0284057924727266e-02,
          3.1308265326922707e-03, 8.3425076224883186e-03,
          -2.0986582044502096e-03, 3.6373888200223737e-04,
          -2.4150127132882923e-04, 4.5209484756864276e-04,
          3.1235390268539729e-03, 1.4091158446677757e-03,
          6.5043746928874517e-03, 8.4824917531205780e-03,
          -8.5997348702793949e-03, -2.0986582044502091e-03,
          5.3620848821858851e-02, 1.1790381977044390e-04,
          2.1589284211368208e-03, 3.2280580981759398e-03,
          -3.3233523326692879e-03, -4.9980123115680162e-04,
          6.1934985642321796e-03, -4.2422995498744929e-03,
          -2.4484298280905094e-04, 3.6373888200223737e-04,
          1.1790381977044400e-04, 2.4054033809689699e-03,
          -1.2824221821792271e-03, 3.7213835773111279e-05,
          5.9833770757169624e-05, 8.0874217094936305e-05,
          4.0604137146528453e-03, 9.5186578579187426e-04,
          -4.1081235313290207e-03, -2.4150127132882928e-04,
          2.1589284211368212e-03, -1.2824221821792275e-03,
          1.6088642889250531e-02, -9.7720571112986268e-05,
          -3.2203282648220133e-05, -7.4493132468387360e-03,
          -1.0877046691977928e-03, 4.7681768553826801e-04,
          -3.3847588893837653e-03, 4.5209484756864304e-04,
          3.2280580981759398e-03, 3.7213835773111340e-05,
          -9.7720571112986363e-05, 1.9405462778268549e-02,
          -2.3872331272233559e-03, 2.4217077340498038e-04,
          8.7220830808361349e-03, -4.3646814420806733e-04,
          1.0565712580880354e-02, 3.1235390268539729e-03,
          -3.3233523326692887e-03, 5.9833770757169644e-05,
          -3.2203282648220167e-05, -2.3872331272233559e-03,
          1.7135879803700075e-02, 1.7175344969556927e-03,
          -1.1199720979031942e-02, 9.6147682915502450e-03,
          1.5511426339448616e-03, 1.4091158446677757e-03,
          -4.9980123115680162e-04, 8.0874217094936238e-05,
          -7.4493132468387352e-03, 2.4217077340498032e-04,
          1.7175344969556927e-03, 6.0918588408639326e-02,
          -8.2914839364119379e-04, 6.1413957710988194e-03,
          -1.7180516415952224e-02, 6.5043746928874517e-03,
          6.1934985642321796e-03, 4.0604137146528453e-03,
          -1.0877046691977926e-03, 8.7220830808361349e-03,
          -1.1199720979031942e-02, -8.2914839364119325e-04,
          2.3901362877339832e-01, -1.2561622127960409e-02,
          1.0284057924727266e-02, 8.4824917531205780e-03,
          -4.2422995498744929e-03, 9.5186578579187415e-04,
          4.7681768553826790e-04, -4.3646814420806728e-04,
          9.6147682915502467e-03, 6.1413957710988168e-03,
          -1.2561622127960409e-02, 6.8138143342854465e-02 ]
   - !!opencv-matrix
      rows: 10
      cols: 10
      dt: d
