%YAML:1.0
---
groups:
   - intact
   - CD19
   - blast
intactGmmnames:
   - "intact.47687.0"
   - "intact.47687.1"
   - "intact.47687.2"
   - "intact.47687.3"
   - "intact.47687.4"
intactLabels:
   - FSC-A
   - SSC-A
   - SY41
   - CD19
   - CD10
   - CD20
   - CD45
   - CD34
   - CD38
   - CD58
intactMu: !!opencv-matrix
   rows: 5
   cols: 10
   dt: d
   data: [ 1.4958714838713763e+00, 4.7843128412268332e-01,
       1.7862654504295208e+00, 1.2709774979434851e+00,
       1.0460544903287721e+00, 1.1588127788910929e+00,
       3.2604424797672578e+00, 9.4483018242309846e-01,
       2.1601648664220074e+00, 1.8291478003220711e+00,
       1.0677715826712511e+00, 3.5705943833647058e-01,
       1.8630660549792317e+00, 1.2636118529370501e+00,
       1.0976872967877302e+00, 1.1787367418178798e+00,
       1.0250295474248865e+00, 9.9902722162296642e-01,
       1.6033324318683013e+00, 2.4677302491627051e+00,
       2.4907519778726508e+00, 2.7616094188527307e+00,
       2.0540978037867488e+00, 1.3070030132440122e+00,
       1.7265396702756970e+00, 1.2603211668434415e+00,
       2.9140940694568673e+00, 1.1190077819469701e+00,
       1.8102039577076832e+00, 2.3902123539829794e+00,
       1.6667754670241945e+00, 1.0092732827621973e+00,
       2.0939641361363677e+00, 1.3809181085482749e+00,
       1.5094736642951279e+00, 1.5023406123006957e+00,
       1.9292065092084187e+00, 1.1546257247056535e+00,
       1.9049725703617948e+00, 2.1905146234399715e+00,
       1.3001650363699433e+00, 2.8157678127493030e-01,
       1.8830944120284780e+00, 1.2569336642239353e+00,
       1.0300396188140619e+00, 1.1750203871626157e+00,
       3.1820879723951796e+00, 9.3360795149213294e-01,
       1.6810782900554877e+00, 1.1779244639209927e+00 ]
intactSigma:
   - !!opencv-matrix
      rows: 10
      cols: 10
      dt: d
      data: [ 6.8349812445040847e-02, 1.8877439597292857e-02,
          -9.4929501223859139e-03, 3.4916573534867282e-04,
          -6.7153062207645905e-03, -4.7332810319062725e-03,
          1.4944389207780486e-02, 1.3046581757827180e-03,
          3.3041046701366837e-02, 5.3899188746000748e-02,
          1.8877439597292857e-02, 2.4504205750797002e-02,
          -2.0609118110867020e-03, 5.2136011687385392e-04,
          -4.3426871842360201e-03, -2.0339977199316122e-03,
          1.0595819978453691e-02, 1.8650461428368213e-03,
          2.4106219171482091e-02, 3.9073659781575690e-02,
          -9.4929501223859139e-03, -2.0609118110867020e-03,
          3.4836304687244968e-02, -9.9677744620692594e-05,
          3.7790751776952012e-03, 2.2643176154169145e-03,
          -6.5798947953306878e-03, 1.9991114483007821e-04,
          -1.0296011250001288e-02, -1.7458649463225416e-02,
          3.4916573534867287e-04, 5.2136011687385392e-04,
          -9.9677744620692540e-05, 2.0304696077584664e-03,
          -9.7727082400761618e-04, 1.5895707887213597e-04,
          4.2510298608721162e-04, 8.9547634543376143e-04,
          5.0678220055885657e-03, 2.0033773338296980e-03,
          -6.7153062207645905e-03, -4.3426871842360210e-03,
          3.7790751776952004e-03, -9.7727082400761640e-04,
          1.7481860671019415e-02, 2.1919188818148722e-03,
          -1.6971330037621011e-03, -8.3354307919053742e-03,
          -1.9457131556067025e-02, -4.1495517668121169e-03,
          -4.7332810319062751e-03, -2.0339977199316113e-03,
          2.2643176154169145e-03, 1.5895707887213605e-04,
          2.1919188818148713e-03, 4.4561728511040448e-02,
          -1.9882705559114726e-03, 7.0136010365464530e-05,
          -2.1695306774138978e-03, -7.8608743752803609e-03,
          1.4944389207780486e-02, 1.0595819978453691e-02,
          -6.5798947953306878e-03, 4.2510298608721162e-04,
          -1.6971330037621011e-03, -1.9882705559114726e-03,
          2.1687458865477141e-02, 2.6421925318256156e-04,
          1.7867556263210543e-02, 3.1747834357863734e-02,
          1.3046581757827178e-03, 1.8650461428368222e-03,
          1.9991114483007831e-04, 8.9547634543376154e-04,
          -8.3354307919053742e-03, 7.0136010365464394e-05,
          2.6421925318256145e-04, 5.2054449912461546e-02,
          1.9280676679237186e-03, 6.7191961679727696e-03,
          3.3041046701366837e-02, 2.4106219171482084e-02,
          -1.0296011250001284e-02, 5.0678220055885657e-03,
          -1.9457131556067025e-02, -2.1695306774138978e-03,
          1.7867556263210540e-02, 1.9280676679237190e-03,
          2.8667497155214466e-01, 4.1409107448812800e-02,
          5.3899188746000748e-02, 3.9073659781575690e-02,
          -1.7458649463225416e-02, 2.0033773338296980e-03,
          -4.1495517668121151e-03, -7.8608743752803627e-03,
          3.1747834357863734e-02, 6.7191961679727704e-03,
          4.1409107448812793e-02, 2.3212339295041856e-01 ]
   - !!opencv-matrix
      rows: 10
      cols: 10
      dt: d
      data: [ 4.7240259979551419e-02, 1.3202050162605301e-02,
          2.1775397928255835e-02, 6.3207733690875403e-04,
          3.6760652700000840e-03, 2.7213791809177932e-03,
          9.3162501049723831e-03, 3.5722435193502071e-03,
          4.4605781672057958e-03, 1.3863144799076348e-02,
          1.3202050162605301e-02, 1.1392583947653670e-02,
          9.3378241889233351e-03, 4.6077354820210186e-04,
          3.0922205943886808e-03, 1.8796453323333562e-03,
          6.5860357065047380e-03, 2.4042307284972571e-03,
          3.8073711414166322e-03, 1.2430124376249527e-02,
          2.1775397928255835e-02, 9.3378241889233368e-03,
          6.7640291387212559e-02, 8.8328396536168806e-04,
          8.9719767694189136e-03, 6.2061266111993986e-03,
          6.6495191285662093e-03, 3.6650644075648538e-03,
          6.2459537797753912e-03, 1.5019861174640619e-02,
          6.3207733690875392e-04, 4.6077354820210186e-04,
          8.8328396536168784e-04, 1.6506177385239595e-03,
          -1.2196229182431895e-03, 1.3210331264127136e-04,
          1.1735460410093696e-03, 6.1020752170386043e-04,
          7.9998816404634060e-04, 8.5902416302027610e-04,
          3.6760652700000836e-03, 3.0922205943886808e-03,
          8.9719767694189136e-03, -1.2196229182431895e-03,
          1.6762452095575652e-02, 1.9686184336039766e-03,
          5.0848464003910637e-03, -4.0795931238146350e-03,
          2.9312995420029456e-03, 6.5665583774513966e-03,
          2.7213791809177932e-03, 1.8796453323333562e-03,
          6.2061266111993986e-03, 1.3210331264127149e-04,
          1.9686184336039770e-03, 1.3211530852642780e-02,
          3.8684485928883899e-03, 8.3298144184137534e-04,
          4.9294993902820048e-04, 2.8331431478945826e-03,
          9.3162501049723831e-03, 6.5860357065047380e-03,
          6.6495191285662085e-03, 1.1735460410093696e-03,
          5.0848464003910637e-03, 3.8684485928883912e-03,
          9.1921830443359720e-02, 2.9115920302653009e-03,
          1.0250064247324059e-02, -2.3262248452655122e-04,
          3.5722435193502071e-03, 2.4042307284972571e-03,
          3.6650644075648560e-03, 6.1020752170386043e-04,
          -4.0795931238146350e-03, 8.3298144184137523e-04,
          2.9115920302653009e-03, 3.4736526354309585e-02,
          1.5447341715936203e-03, 3.4877923695254454e-03,
          4.4605781672057958e-03, 3.8073711414166331e-03,
          6.2459537797753912e-03, 7.9998816404634060e-04,
          2.9312995420029461e-03, 4.9294993902820048e-04,
          1.0250064247324059e-02, 1.5447341715936203e-03,
          9.7627140600129066e-03, 8.4321479728421706e-03,
          1.3863144799076349e-02, 1.2430124376249525e-02,
          1.5019861174640619e-02, 8.5902416302027600e-04,
          6.5665583774513984e-03, 2.8331431478945831e-03,
          -2.3262248452655135e-04, 3.4877923695254471e-03,
          8.4321479728421706e-03, 3.1115880961596960e-02 ]
   - !!opencv-matrix
      rows: 10
      cols: 10
      dt: d
