%YAML:1.0
---
groups:
   - intact
   - CD19
intactGmmnames:
   - "intact.47786.0"
   - "intact.47786.1"
   - "intact.47786.2"
   - "intact.47786.3"
   - "intact.47786.4"
intactLabels:
   - FSC-A
   - SSC-A
   - SY41
   - CD19
   - CD10
   - CD20
   - CD45
   - CD34
   - CD38
   - CD58
intactMu: !!opencv-matrix
   rows: 5
   cols: 10
   dt: d
   data: [ 1.9169922964646857e+00, 2.4271172902927365e+00,
       2.4594622886884911e+00, 1.3572216063260627e+00,
       2.1846243498388449e+00, 1.3322648304140987e+00,
       2.9950974627008313e+00, 1.1366528268378522e+00,
       1.6332740397392933e+00, 2.2066825004640953e+00,
       9.5242867646830531e-01, 2.8388227534496929e-01,
       2.4215089296904502e+00, 1.2927898704536265e+00,
       1.1116596934562022e+00, 1.2993499811954512e+00,
       2.9450595225820324e+00, 1.0012208162997625e+00,
       1.5999955765900908e+00, 1.3872324028544030e+00,
       2.0430537114167873e+00, 2.9964627047165302e+00,
       2.3448630066608116e+00, 1.4438008931028841e+00,
       2.6625514312782070e+00, 1.3063357637106423e+00,
       3.1256800854267719e+00, 1.1380147718581577e+00,
       1.7185834549336794e+00, 2.2775316477466907e+00,
       1.3534648963220193e+00, 8.3276984304705026e-01,
       2.3725870059001348e+00, 1.3035795478782550e+00,
       1.0912194337842049e+00, 1.2709588719323359e+00,
       3.3036812168940002e+00, 1.0129933736378811e+00,
       2.3247917264239515e+00, 1.8985196398833764e+00,
       1.4886999291302379e+00, 1.2964117111678262e+00,
       2.5406585485865736e+00, 1.4107565831074653e+00,
       1.5851066514082266e+00, 1.5312646362947739e+00,
       2.7989556409002767e+00, 1.1678308568128237e+00,
       1.8147927855388535e+00, 1.8598038564383772e+00 ]
intactSigma:
   - !!opencv-matrix
      rows: 10
      cols: 10
      dt: d
      data: [ 1.4532668330123191e-01, 1.3875734103107856e-01,
          -8.5216290839772654e-03, -8.3967160630455805e-04,
          -2.8916580630040330e-02, 1.5219387111584451e-03,
          -3.7361331820113903e-03, 1.0859994264918217e-02,
          5.3625553520776064e-03, 1.2180601084131319e-02,
          1.3875734103107862e-01, 3.9823681042497627e-01,
          -2.7319197149303427e-02, 4.6493305761866107e-03,
          3.7385090582231044e-02, -3.4717378931141151e-03,
          2.5942937485714940e-02, 1.9548772288737574e-02,
          5.6559984900749526e-03, 2.7001185316756961e-02,
          -8.5216290839772654e-03, -2.7319197149303434e-02,
          2.7662233760017887e-02, 2.0281318789776203e-04,
          -6.8703459179181618e-04, 1.8665892314951580e-03,
          -1.8581916522229902e-03, -3.9509789186440526e-04,
          7.3429429946407067e-05, 1.0130029162671718e-04,
          -8.3967160630455848e-04, 4.6493305761866116e-03,
          2.0281318789776211e-04, 9.1466638390557374e-03,
          5.8182065371705791e-03, -4.5501138337097604e-04,
          2.2847956983045379e-03, 1.2882161219012836e-03,
          1.7013939467029277e-03, 1.1313897368815289e-03,
          -2.8916580630040330e-02, 3.7385090582231051e-02,
          -6.8703459179181618e-04, 5.8182065371705774e-03,
          1.4331988238274534e-01, -5.1154677616197537e-03,
          2.9247365310859579e-02, -6.6454747690474335e-03,
          1.1212906154906938e-03, 2.6194640338838304e-03,
          1.5219387111584455e-03, -3.4717378931141151e-03,
          1.8665892314951578e-03, -4.5501138337097604e-04,
          -5.1154677616197537e-03, 7.9752877730568730e-03,
          -1.4608583199858638e-03, 8.9225209445077821e-04,
          -1.3112803333525820e-03, 7.2424089123123781e-05,
          -3.7361331820113903e-03, 2.5942937485714940e-02,
          -1.8581916522229902e-03, 2.2847956983045379e-03,
          2.9247365310859575e-02, -1.4608583199858635e-03,
          2.1128980830222157e-02, 3.8680437989241349e-06,
          1.4963281478121105e-03, 5.2146351289268696e-03,
          1.0859994264918217e-02, 1.9548772288737581e-02,
          -3.9509789186440537e-04, 1.2882161219012838e-03,
          -6.6454747690474318e-03, 8.9225209445077821e-04,
          3.8680437989243661e-06, 9.4532050064975504e-02,
          2.2189925986681280e-03, 2.9100582926962380e-03,
          5.3625553520776090e-03, 5.6559984900749526e-03,
          7.3429429946407000e-05, 1.7013939467029277e-03,
          1.1212906154906938e-03, -1.3112803333525816e-03,
          1.4963281478121105e-03, 2.2189925986681285e-03,
          7.4284956636358496e-03, 3.8595826028288362e-03,
          1.2180601084131319e-02, 2.7001185316756951e-02,
          1.0130029162671736e-04, 1.1313897368815291e-03,
          2.6194640338838312e-03, 7.2424089123123672e-05,
          5.2146351289268696e-03, 2.9100582926962367e-03,
          3.8595826028288362e-03, 2.8149869177718639e-02 ]
   - !!opencv-matrix
      rows: 10
      cols: 10
      dt: d
      data: [ 6.6743621981321943e-02, 8.5149640818150425e-03,
          -3.5187623593221804e-03, -2.6125878496922119e-04,
          -4.7491512658924479e-03, -5.6442586562085763e-03,
          5.3300200374978707e-02, 1.7974116919662153e-04,
          4.0092586867990446e-03, 8.5896530127072476e-03,
          8.5149640818150425e-03, 1.1229033541182338e-02,
          1.2453263029009803e-03, 6.0749148416494548e-04,
          5.7940910701078751e-04, -1.5083276315310311e-03,
          -6.9740632439895178e-03, 2.7188408026473754e-03,
          -4.0880907568549416e-04, 3.7354462312648030e-02,
          -3.5187623593221804e-03, 1.2453263029009803e-03,
          1.7323169983444818e-02, 3.6602752175572131e-04,
          2.4472553917811233e-03, 1.2532661967470556e-03,
          -2.4940930542221751e-03, 9.6727289588544583e-04,
          -2.3557672932617132e-04, 7.6879289584546023e-03,
          -2.6125878496922135e-04, 6.0749148416494527e-04,
          3.6602752175572131e-04, 2.6239832728914177e-03,
          -1.5292721216911707e-03, -7.6822348485894280e-05,
          -2.6468427057790606e-04, 7.3729631193843149e-04,
          2.5722013397768919e-04, 2.5787029623522565e-03,
          -4.7491512658924479e-03, 5.7940910701078806e-04,
          2.4472553917811242e-03, -1.5292721216911710e-03,
          1.4475615235268621e-02, 4.4599997775372139e-04,
          -3.1581289763879003e-03, -3.2163393622476589e-03,
          -1.1605382337715358e-03, 4.9775490704474538e-03,
          -5.6442586562085754e-03, -1.5083276315310307e-03,
          1.2532661967470560e-03, -7.6822348485894280e-05,
          4.4599997775372123e-04, 1.0248042647915692e-02,
          -5.8667504322521284e-04, -5.9789732167606611e-06,
          -3.0355525586591779e-03, -7.3845643827357551e-03,
          5.3300200374978714e-02, -6.9740632439895178e-03,
          -2.4940930542221742e-03, -2.6468427057790611e-04,
          -3.1581289763879003e-03, -5.8667504322521230e-04,
          3.6693109474834268e-01, -6.7524132618244099e-03,
          1.8601470234990689e-02, -1.6544197827117205e-01,
          1.7974116919662147e-04, 2.7188408026473754e-03,
          9.6727289588544583e-04, 7.3729631193843127e-04,
          -3.2163393622476593e-03, -5.9789732167607161e-06,
          -6.7524132618244099e-03, 2.4623798954061558e-02,
          -2.4875418012405398e-04, 1.1942075425204049e-02,
          4.0092586867990446e-03, -4.0880907568549416e-04,
          -2.3557672932617132e-04, 2.5722013397768914e-04,
          -1.1605382337715354e-03, -3.0355525586591779e-03,
          1.8601470234990685e-02, -2.4875418012405398e-04,
          1.1236106399197686e-02, -6.9950829058558267e-03,
          8.5896530127072459e-03, 3.7354462312648030e-02,
          7.6879289584546023e-03, 2.5787029623522565e-03,
          4.9775490704474555e-03, -7.3845643827357577e-03,
          -1.6544197827117205e-01, 1.1942075425204049e-02,
          -6.9950829058558284e-03, 3.0147343421135731e-01 ]
   - !!opencv-matrix
      rows: 10
      cols: 10
      dt: d
