%YAML:1.0
---
groups:
   - intact
   - CD19
   - blast
intactGmmnames:
   - "intact.47814.0"
   - "intact.47814.1"
   - "intact.47814.2"
   - "intact.47814.3"
   - "intact.47814.4"
intactLabels:
   - FSC-A
   - SSC-A
   - SY41
   - CD19
   - CD10
   - CD20
   - CD45
   - CD34
   - CD38
   - CD58
intactMu: !!opencv-matrix
   rows: 5
   cols: 10
   dt: d
   data: [ 1.0152569148137931e+00, 2.7897228111440514e-01,
       3.3004935421743831e+00, 1.2804858609447225e+00,
       1.1147713080216335e+00, 1.1279626806832472e+00,
       3.3063975615063725e+00, 1.1157833023515649e+00,
       1.8532805092135423e+00, 9.3688702203945917e-01,
       2.0261327366263764e+00, 2.1295883267525908e+00,
       3.4475602165615480e+00, 1.3641078847649404e+00,
       1.4751960885418749e+00, 1.2468107311099024e+00,
       2.8564455581190189e+00, 1.3246719474989685e+00,
       2.0786175763624395e+00, 2.2505444245287425e+00,
       1.1186171740191391e+00, 5.9432918300036952e-01,
       3.4652944969045669e+00, 1.3263282409291772e+00,
       1.1963295527020794e+00, 1.1947618203453361e+00,
       1.8287711849218320e+00, 1.1504333258735795e+00,
       1.7967667859617831e+00, 2.6421583330068468e+00,
       1.2361310626892168e+00, 4.8872181117878011e-01,
       2.8559912017768299e+00, 1.2071651505495142e+00,
       1.3610736861613804e+00, 9.8577633132920228e-01,
       3.4520148740597723e+00, 1.1996612585575890e+00,
       1.8758614560479545e+00, 1.6774772667657412e+00,
       1.1304671056089832e+00, 1.0852915286888953e+00,
       2.9907823494455408e+00, 1.3079855734340200e+00,
       1.0140477154434764e+00, 1.1833072500198136e+00,
       2.2954672686541806e+00, 1.1677193400076726e+00,
       1.5173659628081517e+00, 1.2548103934942938e+00 ]
intactSigma:
   - !!opencv-matrix
      rows: 10
      cols: 10
      dt: d
      data: [ 2.6240659173254941e-02, 3.5867532161290303e-03,
          -1.3181073485887934e-02, -4.0827389741786291e-04,
          -1.0959510693444685e-03, -6.4177431977072098e-04,
          4.4362432537179836e-03, 3.1846507199818566e-04,
          1.9240066476665007e-03, -2.4438384666530134e-03,
          3.5867532161290303e-03, 4.3613355677135533e-03,
          -5.1210496430832367e-03, -3.3405699215107278e-04,
          4.1457611162961614e-04, -7.5012586762396191e-05,
          3.5547670749763983e-03, 4.6835130514914558e-04,
          -2.5989509673796612e-03, 8.8507806872693481e-03,
          -1.3181073485887934e-02, -5.1210496430832367e-03,
          4.1099051599210915e-02, 8.5055888819201783e-04,
          1.2610513731339487e-03, 1.9451128839959462e-03,
          -6.7163978196938890e-03, -4.2876575526256414e-04,
          -4.7863468313556599e-04, 2.9047017975872710e-03,
          -4.0827389741786280e-04, -3.3405699215107278e-04,
          8.5055888819201783e-04, 1.4150725528762208e-03,
          -2.8493728640899972e-03, -7.2482608296537248e-05,
          -5.8811066984242489e-04, 8.4313901927921832e-04,
          1.0710615439078685e-03, -4.3144600613646097e-05,
          -1.0959510693444678e-03, 4.1457611162961597e-04,
          1.2610513731339487e-03, -2.8493728640899972e-03,
          2.2530833539219031e-02, -8.8499079262169169e-05,
          1.1460348681918760e-03, -1.1536002059073510e-02,
          -3.3534927932837113e-03, 1.6792173274543460e-03,
          -6.4177431977072109e-04, -7.5012586762396218e-05,
          1.9451128839959456e-03, -7.2482608296537220e-05,
          -8.8499079262169169e-05, 1.5975369119794514e-02,
          1.2344888054763498e-04, 1.5232616378241364e-05,
          -5.9114684512893961e-03, -6.8989911928502880e-04,
          4.4362432537179844e-03, 3.5547670749763983e-03,
          -6.7163978196938907e-03, -5.8811066984242478e-04,
          1.1460348681918760e-03, 1.2344888054763493e-04,
          9.9354594315319549e-03, 6.3176415563685393e-04,
          -1.7901603153600515e-03, 1.6345151626489939e-03,
          3.1846507199818533e-04, 4.6835130514914574e-04,
          -4.2876575526256430e-04, 8.4313901927921832e-04,
          -1.1536002059073510e-02, 1.5232616378241508e-05,
          6.3176415563685404e-04, 4.7465081512724508e-02,
          5.9169194109259327e-04, 2.0801813048493844e-03,
          1.9240066476665021e-03, -2.5989509673796617e-03,
          -4.7863468313556599e-04, 1.0710615439078685e-03,
          -3.3534927932837117e-03, -5.9114684512893961e-03,
          -1.7901603153600513e-03, 5.9169194109259338e-04,
          4.8333810261380970e-02, -9.2940645954115979e-03,
          -2.4438384666530134e-03, 8.8507806872693499e-03,
          2.9047017975872705e-03, -4.3144600613646084e-05,
          1.6792173274543460e-03, -6.8989911928502858e-04,
          1.6345151626489941e-03, 2.0801813048493840e-03,
          -9.2940645954115979e-03, 1.3695824799613732e-01 ]
   - !!opencv-matrix
      rows: 10
      cols: 10
      dt: d
      data: [ 4.5297327828895301e-01, 5.0277901508566880e-01,
          -8.2498349226979208e-03, -1.5595137761927448e-02,
          1.0739354962115628e-02, -2.9459814201261460e-02,
          -1.8781821113585215e-02, -2.4328512560801395e-02,
          -5.4501267384704857e-02, 9.1946912034289369e-02,
          5.0277901508566880e-01, 1.5076515017841992e+00,
          -6.0518576416345733e-02, -4.3383058406138625e-02,
          1.6516420558393885e-01, -1.3680449102964303e-02,
          -4.2555024865377621e-02, -1.0500338866289124e-01,
          -3.0581464930963664e-01, 1.4802980139128405e-01,
          -8.2498349226979191e-03, -6.0518576416345733e-02,
          1.6048593596316618e-01, -8.2185067946384364e-04,
          -1.4824100980114129e-02, -6.4365914555216605e-03,
          -1.0634891523914867e-02, 9.5650637622692603e-03,
          7.4161784184877205e-02, 3.6294935388736280e-02,
          -1.5595137761927448e-02, -4.3383058406138625e-02,
          -8.2185067946384386e-04, 5.9773906661983643e-02,
          2.1773586867335402e-02, 3.9889193311316080e-02,
          3.2910557139511094e-03, 3.2644520857340064e-03,
          1.4473305058018431e-02, -1.4262868953238582e-03,
          1.0739354962115632e-02, 1.6516420558393885e-01,
          -1.4824100980114134e-02, 2.1773586867335402e-02,
          2.3436607957442587e-01, 1.7923012304391368e-02,
          3.3760647667398662e-02, -3.6713230221832184e-02,
          -5.4924226444596970e-02, 4.6117660581585437e-02,
          -2.9459814201261460e-02, -1.3680449102964299e-02,
          -6.4365914555216605e-03, 3.9889193311316080e-02,
          1.7923012304391368e-02, 1.3208576748151055e-01,
          1.3879327370484208e-02, -1.2916689103215294e-02,
          -4.6542674913029665e-02, -9.0510287569578688e-03,
          -1.8781821113585211e-02, -4.2555024865377621e-02,
          -1.0634891523914867e-02, 3.2910557139511094e-03,
          3.3760647667398662e-02, 1.3879327370484208e-02,
          1.4509653262916725e-01, 7.3159276220353424e-03,
          3.7377564456774433e-02, -1.8216939564621568e-03,
          -2.4328512560801391e-02, -1.0500338866289124e-01,
          9.5650637622692672e-03, 3.2644520857340064e-03,
          -3.6713230221832184e-02, -1.2916689103215301e-02,
          7.3159276220353424e-03, 1.8638839080795544e-01,
          5.2225162199459225e-02, 9.9046756426908883e-03,
          -5.4501267384704857e-02, -3.0581464930963664e-01,
          7.4161784184877205e-02, 1.4473305058018431e-02,
          -5.4924226444596970e-02, -4.6542674913029665e-02,
          3.7377564456774433e-02, 5.2225162199459225e-02,
          3.5342187562682631e-01, 5.1972259786668758e-02,
          9.1946912034289369e-02, 1.4802980139128405e-01,
          3.6294935388736280e-02, -1.4262868953238579e-03,
          4.6117660581585423e-02, -9.0510287569578671e-03,
          -1.8216939564621565e-03, 9.9046756426908883e-03,
          5.1972259786668758e-02, 1.7325888667119299e-01 ]
   - !!opencv-matrix
      rows: 10
      cols: 10
