%YAML:1.0
---
groups:
   - intact
   - CD19
   - blast
intactGmmnames:
   - "intact.47965.0"
   - "intact.47965.1"
   - "intact.47965.2"
   - "intact.47965.3"
   - "intact.47965.4"
intactLabels:
   - FSC-A
   - SSC-A
   - SY41
   - CD19
   - CD10
   - CD20
   - CD45
   - CD34
   - CD38
   - CD58
intactMu: !!opencv-matrix
   rows: 5
   cols: 10
   dt: d
   data: [ 1.2364387356059985e+00, 3.7519041707004969e-01,
       2.9478048841411364e+00, 1.3057645279891521e+00,
       1.3604960174314360e+00, 1.2832815086238289e+00,
       3.4047652010287286e+00, 1.1582566978803437e+00,
       2.1229424766143956e+00, 1.5174812661548027e+00,
       1.9571459734420713e+00, 2.7285124299889079e+00,
       2.9245650681299038e+00, 1.5144145921344612e+00,
       2.7114927120458407e+00, 1.3139409602582761e+00,
       3.1239373899650316e+00, 1.2415785689996843e+00,
       1.9075972677569271e+00, 2.2470910964630462e+00,
       1.0600675736623963e+00, 4.2133807135199847e-01,
       2.9886326048439029e+00, 1.3245659638272416e+00,
       1.2447447192009180e+00, 1.2872057538833728e+00,
       1.4472537796662834e+00, 1.1640639405207034e+00,
       1.7780868205464078e+00, 2.4670034589409213e+00,
       2.3320654491025103e+00, 1.6898199136355774e+00,
       2.9905750772381321e+00, 1.3547158847610590e+00,
       1.4877587883668451e+00, 1.4001429728625909e+00,
       3.0720603582490948e+00, 1.3567731812925232e+00,
       2.4040271501817734e+00, 2.3374423828382369e+00,
       1.4727630397322542e+00, 2.1556785316996621e+00,
       3.1696593017220351e+00, 1.3896469906841828e+00,
       2.0313305930288341e+00, 1.3950427261103326e+00,
       2.5703408190658430e+00, 1.2240438080845324e+00,
       1.6897393390879871e+00, 1.9390959590011425e+00 ]
intactSigma:
   - !!opencv-matrix
      rows: 10
      cols: 10
      dt: d
      data: [ 1.0724766616636769e-01, 2.9692530753461656e-02,
          -2.4694333958910651e-02, -3.2967191799421047e-03,
          2.4183245788748472e-02, -1.4911561171819424e-02,
          3.4720976427201039e-02, 3.7892763753444598e-03,
          2.7920458915026574e-02, 6.8749684904914510e-02,
          2.9692530753461656e-02, 2.0600512751922997e-02,
          -9.4925899804009662e-03, -1.2977645964050081e-03,
          1.5472833152885413e-02, -5.6505011941027248e-03,
          1.7697191833584820e-02, 2.1418667242076288e-03,
          2.5876201393241417e-02, 4.0698839502652295e-02,
          -2.4694333958910651e-02, -9.4925899804009662e-03,
          1.7433386014519998e-02, 1.3233011000515788e-03,
          -9.3416100655444052e-03, 6.3610359969755075e-03,
          -1.1693757939811138e-02, -1.2612852609146193e-03,
          -1.7064658191109531e-02, -2.1203152216798579e-02,
          -3.2967191799421038e-03, -1.2977645964050081e-03,
          1.3233011000515790e-03, 3.9555735666539187e-03,
          -6.9257678318404067e-03, 8.0223293198209366e-04,
          -2.1103408348493234e-03, 8.9073085786006299e-04,
          2.9174350387179328e-03, -3.4208743641882641e-03,
          2.4183245788748472e-02, 1.5472833152885414e-02,
          -9.3416100655444052e-03, -6.9257678318404058e-03,
          4.3994446073176575e-02, -7.6868074024523331e-03,
          1.8522218400656609e-02, -1.3053699246006736e-02,
          1.5342620800183329e-02, 3.3827457769520550e-02,
          -1.4911561171819420e-02, -5.6505011941027248e-03,
          6.3610359969755075e-03, 8.0223293198209366e-04,
          -7.6868074024523331e-03, 1.8450758806123679e-02,
          -8.1427245403072526e-03, -1.8017596430754625e-04,
          -3.8530851867736898e-03, -1.7191719060128119e-02,
          3.4720976427201039e-02, 1.7697191833584820e-02,
          -1.1693757939811138e-02, -2.1103408348493234e-03,
          1.8522218400656605e-02, -8.1427245403072526e-03,
          2.7985726372264215e-02, 2.6480129392213191e-03,
          1.5962865805549713e-02, 4.1622090019996796e-02,
          3.7892763753444598e-03, 2.1418667242076288e-03,
          -1.2612852609146191e-03, 8.9073085786006354e-04,
          -1.3053699246006736e-02, -1.8017596430754620e-04,
          2.6480129392213191e-03, 1.1610574572763822e-01,
          2.5285987475877347e-03, 6.4444674573492363e-03,
          2.7920458915026574e-02, 2.5876201393241417e-02,
          -1.7064658191109534e-02, 2.9174350387179320e-03,
          1.5342620800183329e-02, -3.8530851867736898e-03,
          1.5962865805549713e-02, 2.5285987475877308e-03,
          2.3838207493878547e-01, 8.0891246674438498e-03,
          6.8749684904914496e-02, 4.0698839502652295e-02,
          -2.1203152216798579e-02, -3.4208743641882641e-03,
          3.3827457769520550e-02, -1.7191719060128119e-02,
          4.1622090019996803e-02, 6.4444674573492355e-03,
          8.0891246674438498e-03, 2.2405539091447152e-01 ]
   - !!opencv-matrix
      rows: 10
      cols: 10
      dt: d
      data: [ 2.2990813377427288e-01, 1.3995936044053334e-01,
          -2.6244536070732629e-03, 9.3441317904964277e-04,
          -2.0011262222279788e-03, 4.1342816749378617e-03,
          2.4845358857554786e-02, 6.8125835196251707e-03,
          1.4974459146094309e-02, 2.1715628844250542e-02,
          1.3995936044053331e-01, 3.3862144374317904e-01,
          -4.3288661691605196e-03, 1.1126145735318458e-03,
          1.9614132317961771e-02, -3.7349199503296710e-03,
          2.3413667747165457e-02, 1.1122979338337464e-02,
          9.6928802293035701e-03, 1.9520262278287227e-02,
          -2.6244536070732620e-03, -4.3288661691605213e-03,
          9.5592071123040256e-03, 6.6712508240055781e-04,
          -4.2989749979478230e-03, 3.3941454804889983e-03,
          -3.4029885805171257e-03, 6.6955552656676421e-04,
          1.0246743571135889e-04, -6.2551652694231065e-04,
          9.3441317904964277e-04, 1.1126145735318462e-03,
          6.6712508240055737e-04, 3.2875876406640636e-02,
          1.9619201127106727e-02, 4.9338632918774061e-03,
          1.0328239986138204e-02, 2.5643302803335100e-03,
          9.0529188214524634e-03, 1.3610050145361949e-03,
          -2.0011262222279793e-03, 1.9614132317961771e-02,
          -4.2989749979478230e-03, 1.9619201127106727e-02,
          9.0540294315177072e-02, -1.3432424450789911e-02,
          2.9210304812508320e-02, 1.6747930994820991e-03,
          9.8906696641345264e-03, 7.3219388460521780e-03,
          4.1342816749378617e-03, -3.7349199503296715e-03,
          3.3941454804889983e-03, 4.9338632918774052e-03,
          -1.3432424450789907e-02, 2.9752432663883128e-02,
          -5.8010697632059711e-04, 1.0490168698145768e-03,
          -1.6272736089214968e-03, -1.5611278556640492e-03,
          2.4845358857554779e-02, 2.3413667747165461e-02,
          -3.4029885805171257e-03, 1.0328239986138204e-02,
          2.9210304812508317e-02, -5.8010697632059701e-04,
          3.1097339287139907e-02, 2.1591459786235280e-03,
          7.6310995326558679e-03, 9.0590456835288810e-03,
          6.8125835196251689e-03, 1.1122979338337460e-02,
          6.6955552656676367e-04, 2.5643302803335100e-03,
          1.6747930994820996e-03, 1.0490168698145768e-03,
          2.1591459786235272e-03, 7.5871396381352471e-02,
          2.1422646798063372e-03, 1.5803805007776198e-03,
          1.4974459146094306e-02, 9.6928802293035667e-03,
          1.0246743571135903e-04, 9.0529188214524652e-03,
          9.8906696641345264e-03, -1.6272736089214970e-03,
          7.6310995326558679e-03, 2.1422646798063372e-03,
          2.9289439264021767e-02, 7.0642880286788008e-03,
          2.1715628844250545e-02, 1.9520262278287227e-02,
          -6.2551652694231065e-04, 1.3610050145361951e-03,
          7.3219388460521780e-03, -1.5611278556640496e-03,
          9.0590456835288810e-03, 1.5803805007776194e-03,
          7.0642880286787991e-03, 1.9072484714989381e-02 ]
   - !!opencv-matrix
      rows: 10
      cols: 10
      dt: d
