%YAML:1.0
---
groups:
   - intact
   - CD19
   - blast
intactGmmnames:
   - "intact.48085.0"
   - "intact.48085.1"
   - "intact.48085.2"
   - "intact.48085.3"
   - "intact.48085.4"
intactLabels:
   - FSC-A
   - SSC-A
   - SY41
   - CD19
   - CD10
   - CD20
   - CD45
   - CD34
   - CD38
   - CD58
intactMu: !!opencv-matrix
   rows: 5
   cols: 10
   dt: d
   data: [ 1.1487818038715372e+00, 4.6613171062205755e-01,
       2.6453429743752115e+00, 1.2444576210580263e+00,
       1.3684233051781725e+00, 1.3163854416278540e+00,
       1.5855498477593113e+00, 1.1545498801893046e+00,
       1.9092421595420004e+00, 2.6253741967582709e+00,
       1.1920912532871974e+00, 2.6321307808840227e-01,
       2.4124764792977791e+00, 1.1786491030299269e+00,
       1.2520016988476186e+00, 1.2702306036461328e+00,
       3.4094076148997510e+00, 1.2498575444509217e+00,
       2.0393270852637371e+00, 1.4586867282126148e+00,
       1.4052039660723652e+00, 4.4677504381864014e-01,
       2.3439173620964717e+00, 1.1556939900848910e+00,
       1.5653903713744370e+00, 1.2920360615697561e+00,
       3.5279266391046833e+00, 1.4324725509920697e+00,
       2.7042451735307824e+00, 1.5465978893740304e+00,
       2.2032364069783217e+00, 1.5833759035433577e+00,
       2.5679200764429275e+00, 1.3697536546154938e+00,
       1.4422270791542475e+00, 1.5197779823582493e+00,
       2.8623427176002232e+00, 1.3816454075146456e+00,
       2.2144570529599648e+00, 1.9333129510611624e+00,
       1.1244731865481676e+00, 1.8289948827898192e-01,
       2.4045716575757559e+00, 1.1888089977044574e+00,
       1.1063663674950333e+00, 1.2847745071161185e+00,
       3.3757863709174334e+00, 1.1500552990477855e+00,
       2.2061923155011183e+00, 7.4534304746835467e-01 ]
intactSigma:
   - !!opencv-matrix
      rows: 10
      cols: 10
      dt: d
      data: [ 1.8684457229392304e-01, 7.4280247757462795e-02,
          4.3482275069385443e-02, 5.3244623564060699e-03,
          4.3589246441975198e-02, 6.6536912429327310e-03,
          9.9108090810699226e-02, 1.3352778284845546e-02,
          6.7805896205165819e-02, 3.2056728849756529e-02,
          7.4280247757462795e-02, 5.1753508571993317e-02,
          3.0178397654711593e-02, 3.9557138622246411e-03,
          3.4997141283745634e-02, 6.4822944445238071e-03,
          6.4232965790209220e-02, 9.1677672446657341e-03,
          4.4895369527700235e-02, 2.0077579722809560e-02,
          4.3482275069385443e-02, 3.0178397654711593e-02,
          6.5549128138633408e-02, 3.8283856148994570e-03,
          4.6927423147174567e-02, 8.4640350425292006e-03,
          4.3339913744919308e-02, 6.9429086418258991e-03,
          3.7915311035268247e-02, 1.6217408183486680e-02,
          5.3244623564060681e-03, 3.9557138622246420e-03,
          3.8283856148994570e-03, 4.9911486418304099e-03,
          1.5820911022127041e-03, 6.6043519988093278e-04,
          7.0122863275858434e-03, 5.9892737458468008e-04,
          6.3023126270390587e-03, 2.3248692968156686e-03,
          4.3589246441975198e-02, 3.4997141283745641e-02,
          4.6927423147174567e-02, 1.5820911022127041e-03,
          1.4779085112824131e-01, 8.4283409805993494e-03,
          6.6933424602338046e-02, -4.6216590738512673e-03,
          5.3346021846983505e-02, 1.9580183438163833e-02,
          6.6536912429327319e-03, 6.4822944445238071e-03,
          8.4640350425292023e-03, 6.6043519988093278e-04,
          8.4283409805993512e-03, 1.3079580294348546e-02,
          1.2395260112666643e-02, 1.8879980892697796e-03,
          7.8120170921145895e-03, 1.8776346853945579e-03,
          9.9108090810699226e-02, 6.4232965790209220e-02,
          4.3339913744919314e-02, 7.0122863275858434e-03,
          6.6933424602338046e-02, 1.2395260112666643e-02,
          1.8043739466071393e-01, 1.3223935317656629e-02,
          1.1953463603454864e-01, 2.4592956847405333e-02,
          1.3352778284845544e-02, 9.1677672446657341e-03,
          6.9429086418258991e-03, 5.9892737458468019e-04,
          -4.6216590738512656e-03, 1.8879980892697800e-03,
          1.3223935317656629e-02, 5.4521553712606328e-02,
          1.0915394633855708e-02, 7.5997425737488258e-03,
          6.7805896205165819e-02, 4.4895369527700235e-02,
          3.7915311035268247e-02, 6.3023126270390587e-03,
          5.3346021846983505e-02, 7.8120170921145895e-03,
          1.1953463603454864e-01, 1.0915394633855704e-02,
          1.1969890708360274e-01, 2.1180861504409312e-02,
          3.2056728849756536e-02, 2.0077579722809560e-02,
          1.6217408183486683e-02, 2.3248692968156682e-03,
          1.9580183438163833e-02, 1.8776346853945579e-03,
          2.4592956847405333e-02, 7.5997425737488276e-03,
          2.1180861504409319e-02, 2.5506071035684513e-02 ]
   - !!opencv-matrix
      rows: 10
      cols: 10
      dt: d
      data: [ 6.0945091509873359e-02, 1.1224469571812829e-02,
          -9.6994053313370823e-03, -2.8698156070965644e-03,
          1.3019123602142430e-02, -3.5246343116271833e-03,
          1.0614369019654724e-02, 1.3083598414248655e-02,
          -9.7013605316712530e-03, 1.3687505045574602e-02,
          1.1224469571812829e-02, 8.7313977764871334e-03,
          -3.5534363216472749e-03, -1.3159824263906574e-03,
          8.4907299193025740e-03, -1.1249325685452939e-03,
          6.8030983949611814e-03, 7.1592262520227068e-03,
          -4.4310462135573577e-03, 1.7576868097103990e-02,
          -9.6994053313370840e-03, -3.5534363216472749e-03,
          1.3534454095754054e-02, 1.3101270481515389e-03,
          -2.4507410992622497e-03, 1.4667026154667371e-03,
          -3.6631334242491426e-03, -4.0981417042929040e-03,
          2.7015301880409159e-03, -7.2384354472251593e-03,
          -2.8698156070965644e-03, -1.3159824263906574e-03,
          1.3101270481515389e-03, 5.4431981426606678e-03,
          -1.3760574382909205e-02, 2.9222377873719429e-04,
          -2.1501228973670326e-03, -2.7432451948704276e-03,
          3.7020712759281778e-03, -2.1679034680552019e-03,
          1.3019123602142437e-02, 8.4907299193025722e-03,
          -2.4507410992622497e-03, -1.3760574382909205e-02,
          1.2725303076588751e-01, -3.9733859807736926e-03,
          1.3308870352490506e-02, -1.3926191374817511e-02,
          -1.7783954408219432e-02, 1.4599821867494495e-02,
          -3.5246343116271846e-03, -1.1249325685452941e-03,
          1.4667026154667371e-03, 2.9222377873719440e-04,
          -3.9733859807736926e-03, 1.8976549127628459e-02,
          -1.5401718746757866e-03, -1.9044918581204075e-03,
          -3.3876468651300911e-03, -2.6960634034335416e-03,
          1.0614369019654726e-02, 6.8030983949611814e-03,
          -3.6631334242491426e-03, -2.1501228973670326e-03,
          1.3308870352490501e-02, -1.5401718746757872e-03,
          1.3980053955089314e-02, 1.0464301312765581e-02,
          -5.3899971292110218e-03, 1.2659157156951524e-02,
          1.3083598414248651e-02, 7.1592262520227060e-03,
          -4.0981417042929040e-03, -2.7432451948704267e-03,
          -1.3926191374817508e-02, -1.9044918581204073e-03,
          1.0464301312765581e-02, 1.5274207531397757e-01,
          -6.0656031939474546e-03, 1.2336718013984780e-02,
          -9.7013605316712530e-03, -4.4310462135573577e-03,
          2.7015301880409150e-03, 3.7020712759281778e-03,
          -1.7783954408219432e-02, -3.3876468651300889e-03,
          -5.3899971292110218e-03, -6.0656031939474520e-03,
          9.8447934422192698e-02, -2.9685665633716741e-03,
          1.3687505045574606e-02, 1.7576868097103990e-02,
          -7.2384354472251602e-03, -2.1679034680552019e-03,
          1.4599821867494499e-02, -2.6960634034335408e-03,
          1.2659157156951520e-02, 1.2336718013984784e-02,
          -2.9685665633716733e-03, 1.2925337184536367e-01 ]
   - !!opencv-matrix
      rows: 10
      cols: 10
      dt: d
