%YAML:1.0
---
groups:
   - intact
   - CD19
   - blast
intactGmmnames:
   - "intact.48229.0"
   - "intact.48229.1"
   - "intact.48229.2"
   - "intact.48229.3"
   - "intact.48229.4"
intactLabels:
   - FSC-A
   - SSC-A
   - SY41
   - CD19
   - CD10
   - CD20
   - CD45
   - CD34
   - CD38
   - CD58
intactMu: !!opencv-matrix
   rows: 5
   cols: 10
   dt: d
   data: [ 9.2268930861738652e-01, 3.9136128490249666e-01,
       2.9843698391619080e+00, 1.3351008781740901e+00,
       1.0976664293841583e+00, 1.2429758873434897e+00,
       1.3872877254525364e+00, 1.2154883237981782e+00,
       1.5800662422374516e+00, 2.6218320565696036e+00,
       9.5548853243110754e-01, 2.5746081142720995e-01,
       2.9125407620766346e+00, 1.3300785513006244e+00,
       1.0343775900214591e+00, 1.2428784465440197e+00,
       3.3341739701245685e+00, 1.1717516525683034e+00,
       1.7033073313154330e+00, 1.1856047711629525e+00,
       2.1590634481021445e+00, 3.0894732605762218e+00,
       3.0870788724209643e+00, 1.3532792373253795e+00,
       1.8680625173697072e+00, 1.3176741976153281e+00,
       2.9265763394168443e+00, 1.2592831747174862e+00,
       1.6985347885231210e+00, 2.3842748747342117e+00,
       1.4019191142436871e+00, 8.4459344217300569e-01,
       2.8883293063250468e+00, 1.3696224199089748e+00,
       1.2145767671972090e+00, 1.3598518200840508e+00,
       3.1216973762100557e+00, 1.2998415399969181e+00,
       2.4960986999664092e+00, 1.9546232867573565e+00,
       1.3912259641232980e+00, 7.2673762173030443e-01,
       3.2460332706699853e+00, 1.3596803612161681e+00,
       1.3912889003715971e+00, 1.3255844614727348e+00,
       2.0530920450268626e+00, 1.2745529017591477e+00,
       2.0053742833433912e+00, 2.7534121842060792e+00 ]
intactSigma:
   - !!opencv-matrix
      rows: 10
      cols: 10
      dt: d
      data: [ 8.2753744464543727e-02, 2.7506512421286669e-02,
          1.2252886143070518e-03, 7.2125443264445211e-04,
          2.8005851749137067e-03, 5.7806094981114350e-04,
          2.0887046776289647e-02, 2.6176522126314119e-03,
          7.1451522877348950e-03, 3.5149483377611937e-02,
          2.7506512421286669e-02, 1.6089730426393129e-02,
          1.1554453031416949e-03, 4.0221935761729287e-04,
          2.3234569482946223e-03, 7.2078200005305532e-04,
          1.0977097173025191e-02, 9.3430922993153012e-04,
          3.4620197858117718e-03, 1.7620337079395886e-02,
          1.2252886143070518e-03, 1.1554453031416951e-03,
          7.5620777252363117e-02, 1.6311582264937005e-03,
          6.3982473972832316e-03, 3.9351794403172571e-03,
          1.8987714370116499e-02, 2.0976286969473915e-03,
          1.5702895965571946e-03, 1.1791455909073855e-03,
          7.2125443264445211e-04, 4.0221935761729287e-04,
          1.6311582264937003e-03, 1.0591950118662775e-03,
          -1.0269543216717037e-03, 1.7863507360495093e-05,
          9.7178367991244475e-04, 6.0243662544214580e-04,
          3.3501725281687400e-04, 4.4950253646723864e-04,
          2.8005851749137063e-03, 2.3234569482946223e-03,
          6.3982473972832316e-03, -1.0269543216717037e-03,
          2.1799122738626726e-02, 7.1096856403548745e-04,
          4.1041398188825197e-03, -2.1304688233598254e-02,
          2.2968607731318769e-04, 4.8625115978040770e-03,
          5.7806094981114405e-04, 7.2078200005305554e-04,
          3.9351794403172571e-03, 1.7863507360495107e-05,
          7.1096856403548778e-04, 9.9811894943473076e-03,
          2.4023202559344649e-03, 3.5819377169850813e-04,
          -9.9321753397840122e-04, 1.1126903280944394e-03,
          2.0887046776289650e-02, 1.0977097173025191e-02,
          1.8987714370116499e-02, 9.7178367991244475e-04,
          4.1041398188825214e-03, 2.4023202559344658e-03,
          6.8782696167485211e-02, 2.2359490438333975e-03,
          7.2032892421814345e-03, 6.4657811884483588e-03,
          2.6176522126314114e-03, 9.3430922993153066e-04,
          2.0976286969473915e-03, 6.0243662544214624e-04,
          -2.1304688233598261e-02, 3.5819377169850829e-04,
          2.2359490438333984e-03, 7.6774763886026540e-02,
          2.4062319518606606e-03, 1.6397588466726446e-03,
          7.1451522877348950e-03, 3.4620197858117718e-03,
          1.5702895965571944e-03, 3.3501725281687411e-04,
          2.2968607731318761e-04, -9.9321753397840122e-04,
          7.2032892421814345e-03, 2.4062319518606602e-03,
          7.3534909396090233e-03, 5.5344117448926531e-03,
          3.5149483377611930e-02, 1.7620337079395886e-02,
          1.1791455909073863e-03, 4.4950253646723880e-04,
          4.8625115978040779e-03, 1.1126903280944398e-03,
          6.4657811884483571e-03, 1.6397588466726442e-03,
          5.5344117448926531e-03, 4.0805748451100646e-02 ]
   - !!opencv-matrix
      rows: 10
      cols: 10
      dt: d
      data: [ 5.4607807987311990e-02, 1.1730280149370493e-02,
          -2.5376053098060698e-02, -4.0318636343104485e-04,
          -4.0861001439768093e-03, -2.6756964897051813e-03,
          1.0283676436012331e-02, -3.0142366372519112e-04,
          -3.2158388649473841e-03, 4.2793194700518927e-02,
          1.1730280149370491e-02, 8.2669523879737965e-03,
          -7.9033426750985871e-03, -3.7758943879638172e-05,
          -8.0822069540876482e-05, -7.4876897914156527e-04,
          4.8367592784670944e-03, 3.2662903348247655e-04,
          -2.0525899803301379e-03, 3.3192065402491484e-02,
          -2.5376053098060694e-02, -7.9033426750985871e-03,
          2.9922105966761019e-02, 4.2407439000808863e-04,
          4.1902162301021319e-03, 2.4205887993570892e-03,
          -7.0930131969630271e-03, 5.6305213398825146e-04,
          1.4879712452216388e-03, -2.9721716576487912e-02,
          -4.0318636343104479e-04, -3.7758943879638186e-05,
          4.2407439000808874e-04, 8.8674462925573949e-04,
          -6.7027829304129366e-04, -9.0471706310110667e-05,
          -1.8222850910350514e-04, 6.1691902644154606e-04,
          3.4587322351760694e-04, 7.1738526327753743e-04,
          -4.0861001439768093e-03, -8.0822069540876455e-05,
          4.1902162301021310e-03, -6.7027829304129355e-04,
          1.4497628617249543e-02, 3.3262645984171406e-04,
          -4.8453765554090801e-04, -2.0806939045922342e-02,
          -1.3216964297479050e-03, 4.4778118150670398e-03,
          -2.6756964897051813e-03, -7.4876897914156538e-04,
          2.4205887993570901e-03, -9.0471706310110695e-05,
          3.3262645984171417e-04, 1.7034167283305118e-02,
          -5.9398605036779513e-04, 5.0000215504468503e-04,
          -1.5376959385805791e-03, -3.0173510515883687e-03,
          1.0283676436012331e-02, 4.8367592784670944e-03,
          -7.0930131969630271e-03, -1.8222850910350514e-04,
          -4.8453765554090818e-04, -5.9398605036779502e-04,
          1.2564572492603765e-02, -3.2616589279556952e-04,
          8.9427981907863987e-04, 1.5474703786025834e-02,
          -3.0142366372519123e-04, 3.2662903348247660e-04,
          5.6305213398825157e-04, 6.1691902644154606e-04,
          -2.0806939045922346e-02, 5.0000215504468547e-04,
          -3.2616589279556930e-04, 7.4208060234705608e-02,
          1.2285649397636962e-03, 9.9721766156154540e-05,
          -3.2158388649473841e-03, -2.0525899803301370e-03,
          1.4879712452216397e-03, 3.4587322351760700e-04,
          -1.3216964297479050e-03, -1.5376959385805795e-03,
          8.9427981907863933e-04, 1.2285649397636960e-03,
          4.6472123909819710e-02, -1.2341156758020855e-02,
          4.2793194700518927e-02, 3.3192065402491484e-02,
          -2.9721716576487905e-02, 7.1738526327753765e-04,
          4.4778118150670381e-03, -3.0173510515883678e-03,
          1.5474703786025834e-02, 9.9721766156153944e-05,
          -1.2341156758020853e-02, 2.5550203532019927e-01 ]
   - !!opencv-matrix
      rows: 10
      cols: 10
      dt: d
