%YAML:1.0
---
groups:
   - intact
   - CD19
   - blast
intactGmmnames:
   - "intact.48268.0"
   - "intact.48268.1"
   - "intact.48268.2"
   - "intact.48268.3"
   - "intact.48268.4"
intactLabels:
   - FSC-A
   - SSC-A
   - SY41
   - CD19
   - CD10
   - CD20
   - CD45
   - CD34
   - CD38
   - CD58
intactMu: !!opencv-matrix
   rows: 5
   cols: 10
   dt: d
   data: [ 9.3404806947343311e-01, 3.2155751219046197e-01,
       2.5152196634003912e+00, 1.3631314759443718e+00,
       1.1641528681155682e+00, 1.2359715327115852e+00,
       1.2144872603074832e+00, 1.1944934052287119e+00,
       1.5636416405396734e+00, 2.2974435292618653e+00,
       1.3859169139706977e+00, 8.3008415290326898e-01,
       2.6399661109458941e+00, 1.3563168452623129e+00,
       1.4595797774383454e+00, 1.3468046518076471e+00,
       3.1158519778039540e+00, 1.2577843304098530e+00,
       2.1518389283120549e+00, 2.1168230853316192e+00,
       2.4147825361734525e+00, 2.5796337341817153e+00,
       2.4816476500549092e+00, 1.3938489617600294e+00,
       1.8885235910375640e+00, 1.3418100078279982e+00,
       3.0992461854218329e+00, 1.3412492106235698e+00,
       2.0105869265056278e+00, 2.3907091103775646e+00,
       9.0947342017510369e-01, 2.5005595714451750e-01,
       2.6631060371771507e+00, 1.3429957264704571e+00,
       1.1937560331299042e+00, 1.2597528364560984e+00,
       3.3474674500638120e+00, 1.1497118034245879e+00,
       1.7644580831306063e+00, 1.5559068408745755e+00,
       1.8526870106977122e+00, 2.7087500529002511e+00,
       2.5899335123213789e+00, 1.4308788277789937e+00,
       2.5239811056045922e+00, 1.3517429488877368e+00,
       3.1107622994278779e+00, 1.2799744564243940e+00,
       1.8872261593254869e+00, 2.3028349994536912e+00 ]
intactSigma:
   - !!opencv-matrix
      rows: 10
      cols: 10
      dt: d
      data: [ 4.9633696576159771e-02, 1.4202425257210030e-02,
          1.4868562577717938e-02, 4.8289664646318997e-04,
          5.7572545459965221e-03, 7.5362718935708317e-04,
          1.5185667101326066e-02, 3.3911477912890509e-03,
          4.4187568485607905e-03, 2.1553620105393953e-02,
          1.4202425257210030e-02, 1.0463539027224592e-02,
          7.8768447500127022e-03, 3.4606786568179587e-04,
          3.5150499648429969e-03, 5.5151248469422832e-04,
          8.9487328844503645e-03, 2.1624216581062564e-03,
          2.2933139031561254e-03, 1.3291551388314629e-02,
          1.4868562577717938e-02, 7.8768447500127022e-03,
          3.7619704134299999e-02, 6.7935871536338964e-04,
          7.9658441612995515e-03, 1.4825304587511455e-03,
          7.6869826856063757e-03, 2.0895466655422705e-03,
          3.5662121848004983e-03, 1.1833178783241085e-02,
          4.8289664646319007e-04, 3.4606786568179587e-04,
          6.7935871536338975e-04, 1.1911486905768285e-03,
          -1.1270901542860244e-03, -6.8149554813345142e-05,
          6.9012709508785915e-04, 2.0380817241619266e-04,
          3.0715988856654661e-04, 5.3226604101238727e-04,
          5.7572545459965195e-03, 3.5150499648429969e-03,
          7.9658441612995515e-03, -1.1270901542860244e-03,
          2.6464742672530437e-02, 5.6100925837642064e-04,
          6.1536120321184279e-03, -9.9525209099762054e-04,
          1.4598069460177714e-03, 8.2971586823913212e-03,
          7.5362718935708349e-04, 5.5151248469422832e-04,
          1.4825304587511461e-03, -6.8149554813345156e-05,
          5.6100925837642053e-04, 5.3922970535834371e-03,
          1.1962663485178546e-03, 1.7273202268175276e-04,
          -4.2663626323064370e-04, 7.4833936105784594e-04,
          1.5185667101326066e-02, 8.9487328844503628e-03,
          7.6869826856063739e-03, 6.9012709508785904e-04,
          6.1536120321184279e-03, 1.1962663485178544e-03,
          7.1199884648066092e-02, 2.0683894735558299e-03,
          5.1575756009476026e-03, 6.4398659879499462e-03,
          3.3911477912890509e-03, 2.1624216581062569e-03,
          2.0895466655422705e-03, 2.0380817241619272e-04,
          -9.9525209099762054e-04, 1.7273202268175270e-04,
          2.0683894735558294e-03, 1.0771406807193080e-02,
          8.1167601058479422e-04, 5.1876410821392370e-03,
          4.4187568485607905e-03, 2.2933139031561254e-03,
          3.5662121848004978e-03, 3.0715988856654672e-04,
          1.4598069460177718e-03, -4.2663626323064387e-04,
          5.1575756009476026e-03, 8.1167601058479422e-04,
          3.6261521528050274e-03, 5.1406951982438578e-03,
          2.1553620105393953e-02, 1.3291551388314627e-02,
          1.1833178783241088e-02, 5.3226604101238759e-04,
          8.2971586823913212e-03, 7.4833936105784648e-04,
          6.4398659879499453e-03, 5.1876410821392370e-03,
          5.1406951982438578e-03, 5.3054739012469508e-02 ]
   - !!opencv-matrix
      rows: 10
      cols: 10
      dt: d
      data: [ 2.5646324268396459e-01, 1.2611554930653782e-01,
          -1.1856020285055910e-02, -5.0707926929230377e-03,
          1.9247465940863590e-02, -1.0718396557812629e-02,
          7.8081488017749251e-02, 1.2441057870971625e-02,
          1.0042685395919755e-01, 8.7096083264979043e-02,
          1.2611554930653782e-01, 3.3540289330870576e-01,
          3.9560201906848967e-02, 2.3277493280865470e-02,
          5.9407424226454029e-02, 3.0076464877988939e-02,
          -1.3732886639725024e-02, 1.7655727286446047e-02,
          3.4672181216787432e-02, 3.9353265571125583e-02,
          -1.1856020285055904e-02, 3.9560201906848967e-02,
          7.7730191432236181e-02, 1.5397449081874017e-02,
          1.7610668795930571e-02, 2.2155295905465111e-02,
          -6.1660565736067922e-02, 7.5025929315385119e-03,
          -3.0709811839097857e-02, 1.0241285544507046e-02,
          -5.0707926929230377e-03, 2.3277493280865470e-02,
          1.5397449081874017e-02, 3.2379039449657011e-02,
          1.5283905956290379e-02, 4.0125111317980827e-02,
          -3.2547225403655164e-02, 7.6536541416663472e-03,
          -1.2112054061859645e-02, -5.2994777556627532e-03,
          1.9247465940863583e-02, 5.9407424226454043e-02,
          1.7610668795930564e-02, 1.5283905956290382e-02,
          1.7617651968283202e-01, 2.1047200270955559e-02,
          -3.6975146998675150e-02, -6.3833051107198464e-04,
          -2.4486410432515874e-02, 2.1523143823478825e-02,
          -1.0718396557812629e-02, 3.0076464877988939e-02,
          2.2155295905465111e-02, 4.0125111317980827e-02,
          2.1047200270955566e-02, 1.4056408717511110e-01,
          -1.1348600478753256e-02, 9.0936519824142466e-03,
          -1.3531023079005900e-02, -1.6278042916697530e-02,
          7.8081488017749265e-02, -1.3732886639725030e-02,
          -6.1660565736067922e-02, -3.2547225403655164e-02,
          -3.6975146998675157e-02, -1.1348600478753256e-02,
          5.1119941995408202e-01, -1.2967543454943282e-02,
          1.5421623978724036e-01, -2.6167570125718704e-02,
          1.2441057870971623e-02, 1.7655727286446054e-02,
          7.5025929315385119e-03, 7.6536541416663472e-03,
          -6.3833051107198497e-04, 9.0936519824142501e-03,
          -1.2967543454943282e-02, 1.5643593998188304e-01,
          1.5680133061236657e-02, 2.0837857415725459e-02,
          1.0042685395919758e-01, 3.4672181216787432e-02,
          -3.0709811839097847e-02, -1.2112054061859645e-02,
          -2.4486410432515877e-02, -1.3531023079005911e-02,
          1.5421623978724033e-01, 1.5680133061236654e-02,
          2.8775493305943656e-01, 4.9556724784870672e-02,
          8.7096083264979043e-02, 3.9353265571125590e-02,
          1.0241285544507048e-02, -5.2994777556627541e-03,
          2.1523143823478825e-02, -1.6278042916697537e-02,
          -2.6167570125718694e-02, 2.0837857415725462e-02,
          4.9556724784870672e-02, 2.0675959872643213e-01 ]
   - !!opencv-matrix
      rows: 10
      cols: 10
      dt: d
