%YAML:1.0
---
groups:
   - intact
   - CD19
   - blast
intactGmmnames:
   - "intact.48657.0"
   - "intact.48657.1"
   - "intact.48657.2"
   - "intact.48657.3"
   - "intact.48657.4"
intactLabels:
   - FSC-A
   - SSC-A
   - SY41
   - CD19
   - CD10
   - CD20
   - CD45
   - CD34
   - CD38
   - CD58
intactMu: !!opencv-matrix
   rows: 5
   cols: 10
   dt: d
   data: [ 1.6927639483440780e+00, 5.4442990262058411e-01,
       3.0672110470505829e+00, 1.1719686868376724e+00,
       1.1740697460933360e+00, 1.2339437345701045e+00,
       3.2598821703060441e+00, 1.1635107206419384e+00,
       1.6014236805224951e+00, 1.6992968538559667e+00,
       1.7357851843881380e+00, 2.7034138053599044e-01,
       2.7077370210607019e+00, 1.1075835420994842e+00,
       1.0893763084912982e+00, 1.2174746845234230e+00,
       3.5349604482945827e+00, 1.0582836969656069e+00,
       1.7212809757957812e+00, 6.6297335940381019e-01,
       2.8762816239103639e+00, 2.9306750604166183e+00,
       3.5491113337255049e+00, 1.4424143205639433e+00,
       2.0533880179339619e+00, 1.3368690280931281e+00,
       3.3468272668844996e+00, 1.3432536802342416e+00,
       1.8507663031620818e+00, 2.2674235420694981e+00,
       1.8216892316944513e+00, 4.7645011059563253e-01,
       2.9271913489362240e+00, 1.1811372764313597e+00,
       1.1404899310804615e+00, 1.2205845030236742e+00,
       3.6238020216282485e+00, 1.0967255498900701e+00,
       2.5176260634347458e+00, 1.5739101641856101e+00,
       1.7756927079754778e+00, 3.3432650059458069e-01,
       2.8190722821376419e+00, 1.1418206024534636e+00,
       1.1282681113857458e+00, 1.2280158552805531e+00,
       3.5456875292263201e+00, 1.0922726485339080e+00,
       1.6446494045535458e+00, 1.3369767863132227e+00 ]
intactSigma:
   - !!opencv-matrix
      rows: 10
      cols: 10
      dt: d
      data: [ 1.5239870719257770e-01, 3.1662745996070683e-02,
          1.2325673586556559e-02, -5.3177362870553595e-03,
          -4.1541043038797508e-03, -1.0055922387826606e-03,
          8.0219630710350376e-02, -1.1927435119628908e-02,
          1.6281027110500421e-02, 1.7022617686001388e-02,
          3.1662745996070683e-02, 9.9949635111087468e-02,
          -2.9603558629368122e-02, 5.6031410276769899e-03,
          1.1190776067949673e-02, 2.9296606212632142e-03,
          2.0498702997636155e-02, 5.9411654997126983e-03,
          9.3733682729349628e-03, 3.8485761331216582e-02,
          1.2325673586556559e-02, -2.9603558629368122e-02,
          1.7273850683326294e-01, 2.7404946432976274e-03,
          4.5360638700520373e-03, 2.2732265937737014e-03,
          -2.1708126507523514e-02, 5.4982344868937591e-03,
          -4.2570937650763876e-03, 1.1028742529827780e-02,
          -5.3177362870553604e-03, 5.6031410276769916e-03,
          2.7404946432976274e-03, 3.0289839866726176e-02,
          -1.1167596353662749e-03, 6.3372839919122767e-04,
          -1.1616442341616521e-02, 7.7838114722576695e-03,
          4.0715148244133695e-04, 2.0108487780495701e-02,
          -4.1541043038797508e-03, 1.1190776067949673e-02,
          4.5360638700520373e-03, -1.1167596353662749e-03,
          4.0260043211913711e-02, 2.4425643869425179e-03,
          -7.6942920125155760e-04, 4.8606665092420674e-03,
          -2.2175812034922228e-03, 2.4969040126657960e-02,
          -1.0055922387826610e-03, 2.9296606212632138e-03,
          2.2732265937737022e-03, 6.3372839919122789e-04,
          2.4425643869425170e-03, 1.3710686793146775e-02,
          -2.7007500745895467e-04, 2.2067835009550616e-03,
          -2.1138751287329994e-03, 5.6528470647390881e-03,
          8.0219630710350376e-02, 2.0498702997636158e-02,
          -2.1708126507523514e-02, -1.1616442341616521e-02,
          -7.6942920125155901e-04, -2.7007500745895472e-04,
          2.7016331197612736e-01, -1.8120757988461394e-02,
          2.3725568452303725e-02, -2.7696274238823589e-02,
          -1.1927435119628908e-02, 5.9411654997126983e-03,
          5.4982344868937591e-03, 7.7838114722576695e-03,
          4.8606665092420674e-03, 2.2067835009550621e-03,
          -1.8120757988461394e-02, 4.7208779829306130e-02,
          -7.3889835927214544e-04, 3.1485105366611497e-02,
          1.6281027110500418e-02, 9.3733682729349611e-03,
          -4.2570937650763885e-03, 4.0715148244133690e-04,
          -2.2175812034922224e-03, -2.1138751287329998e-03,
          2.3725568452303725e-02, -7.3889835927214544e-04,
          1.6686263515685841e-02, 7.1667701066892222e-04,
          1.7022617686001384e-02, 3.8485761331216582e-02,
          1.1028742529827783e-02, 2.0108487780495697e-02,
          2.4969040126657960e-02, 5.6528470647390881e-03,
          -2.7696274238823589e-02, 3.1485105366611497e-02,
          7.1667701066892167e-04, 2.3715306048593193e-01 ]
   - !!opencv-matrix
      rows: 10
      cols: 10
      dt: d
      data: [ 1.5973728218535675e-02, 1.6304537972489431e-03,
          -6.6154784730631574e-03, 6.6029403044229380e-05,
          4.7410889000196540e-04, 1.5154008049734580e-04,
          3.3281135081678639e-03, 1.4931571432057393e-04,
          -5.4965999812901763e-03, 3.0698804175037590e-04,
          1.6304537972489431e-03, 2.0189486023400468e-03,
          3.8187516512745135e-03, 1.0043334550660367e-04,
          2.2614923700561485e-04, 7.3888901646528335e-05,
          1.2080889648336572e-03, 6.4910101562818824e-05,
          -1.5445844951486002e-03, 3.9832659491591596e-04,
          -6.6154784730631556e-03, 3.8187516512745139e-03,
          1.6851386585210737e-01, -3.0620491879544351e-04,
          9.3127435980931391e-04, 3.7044588874362558e-04,
          2.2816556135998233e-03, -2.1930861656723764e-05,
          -3.6055547329879711e-03, -2.5149431549417308e-03,
          6.6029403044229448e-05, 1.0043334550660357e-04,
          -3.0620491879544367e-04, 2.1978776343315892e-02,
          -6.6679533434173179e-03, -9.9022345293005493e-04,
          -1.9486692737723558e-05, 7.4195156251822051e-04,
          1.4182037938948206e-03, 5.6910235572503020e-04,
          4.7410889000196551e-04, 2.2614923700561477e-04,
          9.3127435980931369e-04, -6.6679533434173179e-03,
          2.2162487080268821e-02, -1.2304977576084781e-04,
          3.4271386023885804e-04, -2.7432665066851238e-03,
          -2.9497286524252796e-03, 7.9307659151289041e-04,
          1.5154008049734574e-04, 7.3888901646528240e-05,
          3.7044588874362558e-04, -9.9022345293005537e-04,
          -1.2304977576084781e-04, 1.3485233713959942e-02,
          1.2506687835010964e-04, 5.3087821446143015e-05,
          -2.5549246994947166e-03, 2.6530303406994374e-04,
          3.3281135081678639e-03, 1.2080889648336572e-03,
          2.2816556135998229e-03, -1.9486692737723575e-05,
          3.4271386023885814e-04, 1.2506687835010964e-04,
          3.4695743371454561e-03, -6.9482703891029878e-05,
          -1.6901075687709196e-03, -1.0935056086247067e-03,
          1.4931571432057387e-04, 6.4910101562818797e-05,
          -2.1930861656723659e-05, 7.4195156251822061e-04,
          -2.7432665066851238e-03, 5.3087821446143151e-05,
          -6.9482703891029878e-05, 1.4267240734602893e-02,
          1.1653528574493239e-04, 8.2012193522168237e-04,
          -5.4965999812901763e-03, -1.5445844951486002e-03,
          -3.6055547329879711e-03, 1.4182037938948206e-03,
          -2.9497286524252805e-03, -2.5549246994947174e-03,
          -1.6901075687709196e-03, 1.1653528574493246e-04,
          3.9230537143999177e-02, 5.1100243161149100e-04,
          3.0698804175037606e-04, 3.9832659491591596e-04,
          -2.5149431549417313e-03, 5.6910235572503009e-04,
          7.9307659151289041e-04, 2.6530303406994363e-04,
          -1.0935056086247067e-03, 8.2012193522168226e-04,
          5.1100243161149100e-04, 2.6512998851256856e-02 ]
   - !!opencv-matrix
      rows: 10
      cols: 10
      dt: d
