%YAML:1.0
---
groups:
   - intact
   - CD19
   - blast
intactGmmnames:
   - "intact.48755.0"
   - "intact.48755.1"
   - "intact.48755.2"
   - "intact.48755.3"
   - "intact.48755.4"
intactLabels:
   - FSC-A
   - SSC-A
   - SY41
   - CD19
   - CD10
   - CD20
   - CD45
   - CD34
   - CD38
   - CD58
intactMu: !!opencv-matrix
   rows: 5
   cols: 10
   dt: d
   data: [ 9.0602552830927907e-01, 6.7897175952354172e-01,
       2.8291213307090062e+00, 1.2687574516106075e+00,
       1.2001334174868681e+00, 1.2098202677553977e+00,
       1.7163317426563365e+00, 1.1810652478624242e+00,
       1.5314629214707602e+00, 2.3560696016564004e+00,
       2.4349277316471500e+00, 3.1650417170612171e+00,
       2.5056874687200366e+00, 1.3433310996354750e+00,
       2.2635347236721968e+00, 1.2300205554702823e+00,
       2.8180701398254637e+00, 1.2057819109082069e+00,
       1.6476908246732180e+00, 2.2256737000870155e+00,
       1.5052634950082020e+00, 1.5523328375450129e+00,
       2.7926753479116799e+00, 1.4189052366368822e+00,
       1.6811087510136220e+00, 1.4551313313101648e+00,
       2.6225220611841320e+00, 1.5261124742304819e+00,
       1.9097558260099818e+00, 2.1369938216484474e+00,
       1.2831484265731277e+00, 5.2695596895652941e-01,
       2.4062373328547055e+00, 1.2431914836219555e+00,
       1.0633633109283143e+00, 1.1239453673173885e+00,
       3.3840606984321338e+00, 1.0806722516701610e+00,
       1.9033714896647000e+00, 1.9195621785235795e+00,
       1.3605034716565214e+00, 2.8172870596639688e+00,
       2.9866545065382559e+00, 1.3397550876337905e+00,
       2.2647621812404353e+00, 1.3662066899163055e+00,
       2.5964214652586262e+00, 1.2046878419294924e+00,
       1.6124233436369251e+00, 2.1203973159941101e+00 ]
intactSigma:
   - !!opencv-matrix
      rows: 10
      cols: 10
      dt: d
      data: [ 1.3141526802851539e-01, 1.9148120130528044e-02,
          -2.8127231140143354e-02, 1.3122177355858796e-03,
          -5.6041200041833988e-04, -3.1392102323062982e-03,
          1.6580738488285306e-02, 5.9332157903217407e-03,
          7.5719530437326947e-03, 4.7970899057341129e-02,
          1.9148120130528044e-02, 6.6957601744919035e-02,
          -8.3823710174379049e-03, 4.7750183555332554e-03,
          1.8760016793087520e-03, 5.7086885529041105e-03,
          6.8836841701044621e-02, 7.6164179929946747e-03,
          4.5748106253869552e-03, -1.0972057950316506e-02,
          -2.8127231140143354e-02, -8.3823710174379014e-03,
          8.8694285782293283e-02, 7.3945864409394801e-04,
          1.8464900439900823e-02, 1.7626485913314671e-02,
          1.2145086786577471e-02, -3.9418741796087928e-04,
          2.7013323676499629e-03, 9.9788447454821870e-03,
          1.3122177355858800e-03, 4.7750183555332554e-03,
          7.3945864409394801e-04, 3.6196645229741317e-03,
          -1.5116876823713977e-03, 1.2365805894388527e-03,
          5.3698218922035093e-03, 1.0937137274640890e-03,
          9.5383998698090331e-04, 1.7646445517211311e-03,
          -5.6041200041833858e-04, 1.8760016793087505e-03,
          1.8464900439900827e-02, -1.5116876823713977e-03,
          4.1250074648348747e-02, 7.8690108401005439e-03,
          9.1918349135524367e-04, -8.9014372395245442e-03,
          2.1557900827351597e-03, 2.1488107614340456e-02,
          -3.1392102323062969e-03, 5.7086885529041096e-03,
          1.7626485913314671e-02, 1.2365805894388525e-03,
          7.8690108401005422e-03, 3.4677404130906399e-02,
          2.6026414725077756e-02, 1.8665483522053679e-03,
          1.6112721035936479e-03, -6.8840288842404664e-04,
          1.6580738488285309e-02, 6.8836841701044621e-02,
          1.2145086786577471e-02, 5.3698218922035110e-03,
          9.1918349135524454e-04, 2.6026414725077766e-02,
          4.9889117631989571e-01, 2.7803714635541532e-03,
          9.4179710667050293e-03, -2.1931118840958927e-01,
          5.9332157903217424e-03, 7.6164179929946764e-03,
          -3.9418741796087928e-04, 1.0937137274640890e-03,
          -8.9014372395245442e-03, 1.8665483522053679e-03,
          2.7803714635541515e-03, 6.0717199732028410e-02,
          1.1029110785316524e-03, 1.2550137698536487e-02,
          7.5719530437326930e-03, 4.5748106253869570e-03,
          2.7013323676499629e-03, 9.5383998698090331e-04,
          2.1557900827351597e-03, 1.6112721035936475e-03,
          9.4179710667050293e-03, 1.1029110785316526e-03,
          1.0275743994529137e-02, 9.2987715282439182e-03,
          4.7970899057341122e-02, -1.0972057950316506e-02,
          9.9788447454821870e-03, 1.7646445517211320e-03,
          2.1488107614340456e-02, -6.8840288842404610e-04,
          -2.1931118840958927e-01, 1.2550137698536487e-02,
          9.2987715282439164e-03, 2.6844242643317795e-01 ]
   - !!opencv-matrix
      rows: 10
      cols: 10
      dt: d
      data: [ 3.5606963271582398e-01, 9.6837642868226562e-02,
          -2.5896414455609244e-02, -9.4705732249588809e-03,
          -1.3317053289239814e-01, 4.9900538678367594e-03,
          -2.5345944759803549e-02, 1.2010530643458247e-02,
          1.9147854687630299e-02, 9.9022446332243854e-03,
          9.6837642868226562e-02, 3.7649047389015250e-01,
          -4.6968279998394230e-02, 1.0278562454072096e-02,
          1.2473234875189308e-01, -2.7188766359801048e-03,
          6.1580719336946074e-02, 1.0860535842686885e-02,
          1.6305574270204695e-03, 3.5567371030519504e-02,
          -2.5896414455609244e-02, -4.6968279998394230e-02,
          5.8992085192571014e-02, -2.2967024271600724e-03,
          -2.7241247487785610e-02, 1.1448741110600950e-02,
          -2.2036927850131095e-02, 1.4955231865856783e-04,
          1.4521681337743486e-04, -1.6033199588748898e-02,
          -9.4705732249588791e-03, 1.0278562454072099e-02,
          -2.2967024271600732e-03, 2.0128186815004102e-02,
          2.9267428107634275e-02, -8.6661379487930075e-04,
          9.2260866557106417e-03, 8.8757327226920675e-04,
          4.1085998620122802e-03, 3.0369553787572964e-03,
          -1.3317053289239811e-01, 1.2473234875189307e-01,
          -2.7241247487785610e-02, 2.9267428107634275e-02,
          3.6815001760647903e-01, -4.5813026759731600e-03,
          1.0365587818984667e-01, -1.0256410900022567e-02,
          -4.6104798960017518e-03, 2.5865233270057155e-02,
          4.9900538678367612e-03, -2.7188766359801026e-03,
          1.1448741110600950e-02, -8.6661379487930096e-04,
          -4.5813026759731600e-03, 5.3082398685831568e-02,
          -3.8979468610522783e-03, 2.5641440151294051e-03,
          -3.3559724292025906e-03, -2.2769661938340435e-03,
          -2.5345944759803549e-02, 6.1580719336946074e-02,
          -2.2036927850131095e-02, 9.2260866557106417e-03,
          1.0365587818984667e-01, -3.8979468610522783e-03,
          5.1050040762040248e-02, -8.5486829509989510e-04,
          8.2330202625443183e-04, 1.8035494934311426e-02,
          1.2010530643458250e-02, 1.0860535842686885e-02,
          1.4955231865856772e-04, 8.8757327226920654e-04,
          -1.0256410900022564e-02, 2.5641440151294059e-03,
          -8.5486829509989542e-04, 9.5517664287402160e-02,
          3.2771145867331103e-03, 2.0541963616185891e-03,
          1.9147854687630299e-02, 1.6305574270204699e-03,
          1.4521681337743497e-04, 4.1085998620122820e-03,
          -4.6104798960017526e-03, -3.3559724292025906e-03,
          8.2330202625443161e-04, 3.2771145867331090e-03,
          1.8031207708984451e-02, 5.5160426331088983e-03,
          9.9022446332243854e-03, 3.5567371030519504e-02,
          -1.6033199588748895e-02, 3.0369553787572964e-03,
          2.5865233270057155e-02, -2.2769661938340435e-03,
          1.8035494934311423e-02, 2.0541963616185891e-03,
          5.5160426331088974e-03, 3.1756695904205469e-02 ]
   - !!opencv-matrix
      rows: 10
      cols: 10
      dt: d
