%YAML:1.0
---
groups:
   - intact
   - CD19
   - blast
intactGmmnames:
   - "intact.49011.0"
   - "intact.49011.1"
   - "intact.49011.2"
   - "intact.49011.3"
   - "intact.49011.4"
intactLabels:
   - FSC-A
   - SSC-A
   - SY41
   - CD19
   - CD10
   - CD20
   - CD45
   - CD34
   - CD38
   - CD58
intactMu: !!opencv-matrix
   rows: 5
   cols: 10
   dt: d
   data: [ 1.0699649883735292e+00, 4.7065672021909388e-01,
       2.5339835072301082e+00, 1.1121043137212474e+00,
       1.3768771908863704e+00, 1.1317414637792538e+00,
       1.5236684299928929e+00, 1.1854195814115172e+00,
       1.9021186878641314e+00, 2.7090718799066567e+00,
       1.2515639685711131e+00, 4.4024893365191309e-01,
       2.3977222189430458e+00, 1.0898693037033349e+00,
       1.0714726414014708e+00, 1.3054077685991090e+00,
       3.1888823414601695e+00, 1.0982423601561717e+00,
       2.3049564075138025e+00, 1.8215017748634765e+00,
       1.0454224302789064e+00, 2.9091539787833309e-01,
       2.6178919410354324e+00, 1.0751347786570395e+00,
       1.0543398699812130e+00, 1.1407819730042048e+00,
       3.0928560674389356e+00, 1.0894298678219816e+00,
       1.6995392260598838e+00, 1.0670489254113305e+00,
       2.1287451233845740e+00, 2.3390914877188420e+00,
       2.7355270844066175e+00, 1.1746817160754608e+00,
       1.6478762291009776e+00, 1.2368369681643279e+00,
       2.5486099664684154e+00, 1.2903173077334555e+00,
       2.0858024140844291e+00, 2.3717163820260021e+00,
       1.0288496138558414e+00, 3.7820110298087478e-01,
       2.4302347961082393e+00, 1.0894296814635622e+00,
       1.1111906314175888e+00, 1.1083268022787283e+00,
       1.2667641522239945e+00, 1.1697390527311411e+00,
       1.4818150757718207e+00, 2.4700079623622426e+00 ]
intactSigma:
   - !!opencv-matrix
      rows: 10
      cols: 10
      dt: d
      data: [ 8.2950054291134986e-02, 3.0799674217547257e-02,
          2.0662001912075234e-02, 2.1665551038911241e-03,
          1.4517790199043628e-02, 3.7557100302420868e-03,
          2.3525056266485163e-02, 4.6419720843403640e-03,
          2.3259501237154041e-02, 2.4850804963113874e-02,
          3.0799674217547250e-02, 2.3451551731984672e-02,
          1.5500773766769723e-02, 1.4726823892969049e-03,
          9.9663927191032797e-03, 2.7284524731624620e-03,
          1.9784347353517990e-02, 3.3542887776468358e-03,
          1.8542640207672167e-02, 1.5809736226926632e-02,
          2.0662001912075238e-02, 1.5500773766769723e-02,
          1.4872176929826508e-01, 1.7469214817763014e-03,
          1.1615924980260510e-02, 4.7072361533973955e-03,
          2.8168185027386376e-02, 1.8251474364921747e-03,
          2.0898558223607058e-02, 1.3943858795707401e-02,
          2.1665551038911237e-03, 1.4726823892969049e-03,
          1.7469214817763007e-03, 1.0295336333972761e-02,
          5.1766313400540824e-04, -3.6443353140938394e-04,
          3.7551200596897790e-03, 5.9371017716489051e-04,
          4.0394966113487685e-03, 1.2672504536798779e-03,
          1.4517790199043628e-02, 9.9663927191032779e-03,
          1.1615924980260510e-02, 5.1766313400540824e-04,
          8.8237200844273972e-02, 2.6610510278020690e-03,
          1.5055587423981144e-02, -1.9091357195918895e-03,
          1.2788552694823849e-02, 7.7252333794231741e-03,
          3.7557100302420881e-03, 2.7284524731624620e-03,
          4.7072361533973947e-03, -3.6443353140938389e-04,
          2.6610510278020699e-03, 4.4179907830958917e-02,
          3.2444939583771799e-03, 4.6623568587405320e-04,
          -3.2402250500701509e-03, 2.4483549723713807e-03,
          2.3525056266485163e-02, 1.9784347353517990e-02,
          2.8168185027386369e-02, 3.7551200596897785e-03,
          1.5055587423981148e-02, 3.2444939583771782e-03,
          1.2958708580628350e-01, 3.8711052572276629e-03,
          7.5255688006968718e-02, 8.4478459708120911e-03,
          4.6419720843403622e-03, 3.3542887776468367e-03,
          1.8251474364921758e-03, 5.9371017716489062e-04,
          -1.9091357195918895e-03, 4.6623568587405309e-04,
          3.8711052572276629e-03, 2.3713913605719984e-02,
          4.5474572938991892e-03, 3.5178348182336983e-03,
          2.3259501237154034e-02, 1.8542640207672163e-02,
          2.0898558223607065e-02, 4.0394966113487685e-03,
          1.2788552694823849e-02, -3.2402250500701505e-03,
          7.5255688006968718e-02, 4.5474572938991901e-03,
          8.6360230765855944e-02, 1.4428971530907986e-02,
          2.4850804963113874e-02, 1.5809736226926632e-02,
          1.3943858795707401e-02, 1.2672504536798779e-03,
          7.7252333794231732e-03, 2.4483549723713807e-03,
          8.4478459708120911e-03, 3.5178348182336983e-03,
          1.4428971530907986e-02, 2.0176607582928073e-02 ]
   - !!opencv-matrix
      rows: 10
      cols: 10
      dt: d
      data: [ 3.0849267682743022e-02, 2.9466305594557833e-03,
          -3.1222034504026258e-03, 9.2979717371950924e-05,
          -1.3507038606196258e-06, -1.0902130664246540e-03,
          7.1722520235216278e-03, 7.1551770213643955e-05,
          4.2442291259761388e-03, 8.8467184252069859e-03,
          2.9466305594557825e-03, 6.4442511279186824e-03,
          -1.9069594911286481e-03, 1.5428927306348995e-04,
          1.1742681750123524e-04, -1.1362040881514842e-03,
          -3.8258925209543374e-04, 4.9014232271501286e-04,
          5.1505552314708011e-03, 7.5098685640379173e-03,
          -3.1222034504026258e-03, -1.9069594911286481e-03,
          8.9203743608743266e-02, 1.9812741783968991e-04,
          5.1532781351050299e-04, 1.2021506674971679e-03,
          3.5631060990593637e-05, -7.0954415531873571e-05,
          -4.1128889030447521e-03, -3.6040666097532635e-03,
          9.2979717371950897e-05, 1.5428927306348995e-04,
          1.9812741783968999e-04, 5.2943634999543000e-03,
          -1.9920152492087320e-03, -6.5591138535246393e-04,
          7.4640531935219847e-05, 4.8367502431430039e-04,
          9.4926113916700763e-03, 4.0282609948972127e-04,
          -1.3507038606197273e-06, 1.1742681750123520e-04,
          5.1532781351050288e-04, -1.9920152492087324e-03,
          8.1933360472463499e-03, 1.7723649780731273e-03,
          7.9508954389464551e-05, -2.1183764374107842e-03,
          -3.6541088000080425e-03, 7.7878596278029358e-04,
          -1.0902130664246542e-03, -1.1362040881514844e-03,
          1.2021506674971679e-03, -6.5591138535246371e-04,
          1.7723649780731275e-03, 1.2705384920031140e-01,
          -1.8985959489746206e-03, 2.8486192901534135e-04,
          -2.9227328022051118e-02, -3.3642571617009697e-03,
          7.1722520235216296e-03, -3.8258925209543374e-04,
          3.5631060990593515e-05, 7.4640531935219820e-05,
          7.9508954389464524e-05, -1.8985959489746210e-03,
          3.0966046738657292e-02, -7.0834149147878641e-04,
          1.1112223679508646e-02, 5.2312423815642200e-03,
          7.1551770213643996e-05, 4.9014232271501264e-04,
          -7.0954415531873408e-05, 4.8367502431430028e-04,
          -2.1183764374107842e-03, 2.8486192901534124e-04,
          -7.0834149147878651e-04, 1.3136593126567108e-02,
          7.3505433645187847e-04, 1.8475390781089807e-03,
          4.2442291259761405e-03, 5.1505552314708011e-03,
          -4.1128889030447504e-03, 9.4926113916700798e-03,
          -3.6541088000080434e-03, -2.9227328022051125e-02,
          1.1112223679508645e-02, 7.3505433645187869e-04,
          2.9034592083142963e-01, 8.0383338648850645e-03,
          8.8467184252069859e-03, 7.5098685640379173e-03,
          -3.6040666097532626e-03, 4.0282609948972105e-04,
          7.7878596278029325e-04, -3.3642571617009689e-03,
          5.2312423815642200e-03, 1.8475390781089803e-03,
          8.0383338648850663e-03, 6.2374980923732476e-02 ]
   - !!opencv-matrix
      rows: 10
      cols: 10
      dt: d
