%YAML:1.0
---
groups:
   - intact
   - CD19
   - blast
intactGmmnames:
   - "intact.49084.0"
   - "intact.49084.1"
   - "intact.49084.2"
   - "intact.49084.3"
   - "intact.49084.4"
intactLabels:
   - FSC-A
   - SSC-A
   - SY41
   - CD19
   - CD10
   - CD20
   - CD45
   - CD34
   - CD38
   - CD58
intactMu: !!opencv-matrix
   rows: 5
   cols: 10
   dt: d
   data: [ 1.1082178632344228e+00, 3.8467402729744865e-01,
       3.4436893035621448e+00, 1.1532648341654026e+00,
       1.1726509120709689e+00, 1.1733178088737530e+00,
       1.2926899042105475e+00, 1.1574144351583344e+00,
       1.4167483577349551e+00, 2.6146385509307817e+00,
       1.4490715516991952e+00, 2.2477420430837541e-01,
       3.1353676582639207e+00, 9.6788181963858699e-01,
       1.0912318028346617e+00, 1.2790609286481203e+00,
       3.3281535024354802e+00, 8.8376949111884140e-01,
       2.1994145363173594e+00, 1.1069752436451630e+00,
       3.0591474938080876e+00, 2.2133101603875573e+00,
       2.9689462578904853e+00, 1.1820924742950492e+00,
       2.2078947555309854e+00, 1.1296575057342364e+00,
       3.1534779288822357e+00, 1.0949570795482160e+00,
       2.2701119353152062e+00, 2.4861102730609557e+00,
       1.7796598554304945e+00, 6.5092099560966199e-01,
       3.2131883486278574e+00, 1.2378621301053510e+00,
       1.6059910630085950e+00, 1.4982704064255337e+00,
       2.9323731059827947e+00, 1.2274703933170301e+00,
       2.6582048870869088e+00, 2.2339082218911819e+00,
       7.4925441646315794e-01, 2.1452469289514622e-01,
       3.2808291161888627e+00, 1.1340817855196619e+00,
       1.0884029039782783e+00, 1.0477249910475559e+00,
       1.1890795061329673e+00, 1.1192135014550448e+00,
       1.0864931624616030e+00, 2.3321519255131178e+00 ]
intactSigma:
   - !!opencv-matrix
      rows: 10
      cols: 10
      dt: d
      data: [ 1.7014275222831893e-01, 2.4859813900099764e-02,
          -2.1266850348721122e-02, -1.6769935021609152e-03,
          -2.9781918787522431e-03, -2.0893640387492653e-03,
          1.4148803908469777e-02, -3.0483388247921485e-03,
          5.1934022469705125e-02, 4.0963855104935901e-02,
          2.4859813900099760e-02, 1.8481969727610275e-02,
          3.6259817543630628e-03, 7.4097620351690002e-04,
          4.1599438261624884e-03, 7.3662041269894193e-03,
          1.0821158144650348e-02, 1.0005706041217573e-03,
          2.2054558756440228e-02, 1.5264023445621099e-02,
          -2.1266850348721115e-02, 3.6259817543630637e-03,
          7.3560400670205334e-02, 1.1936650004894704e-03,
          1.2103444954635867e-02, 1.7070640163882451e-02,
          1.5527990541102371e-02, -7.2339968675075165e-04,
          -2.9685330356300742e-03, -4.2296919459273354e-03,
          -1.6769935021609147e-03, 7.4097620351690034e-04,
          1.1936650004894704e-03, 6.1087622748372556e-03,
          -1.8317202403898257e-03, 9.5883386578876140e-04,
          1.0799511160597944e-03, 4.2574763166380251e-04,
          2.7583489297931790e-03, 3.1400748615533305e-04,
          -2.9781918787522431e-03, 4.1599438261624875e-03,
          1.2103444954635870e-02, -1.8317202403898257e-03,
          2.5094930770775129e-02, 7.5800146781646481e-03,
          7.6089725007816821e-03, -7.1785739579965681e-03,
          3.3260296106133553e-03, 2.8146397197721536e-03,
          -2.0893640387492645e-03, 7.3662041269894193e-03,
          1.7070640163882451e-02, 9.5883386578876119e-04,
          7.5800146781646498e-03, 6.5942154897368918e-02,
          1.2988638567715694e-02, 9.7954252758389380e-04,
          -2.5610547144540763e-03, 2.7098078240050741e-03,
          1.4148803908469777e-02, 1.0821158144650348e-02,
          1.5527990541102368e-02, 1.0799511160597942e-03,
          7.6089725007816821e-03, 1.2988638567715694e-02,
          1.0017175643114329e-01, -4.8081041355695168e-04,
          2.8859715430966673e-02, -1.4099878696782261e-03,
          -3.0483388247921493e-03, 1.0005706041217571e-03,
          -7.2339968675075219e-04, 4.2574763166380262e-04,
          -7.1785739579965681e-03, 9.7954252758389315e-04,
          -4.8081041355695195e-04, 3.5021417647259960e-02,
          2.2781133350362978e-03, 9.0405168213166485e-04,
          5.1934022469705118e-02, 2.2054558756440228e-02,
          -2.9685330356300737e-03, 2.7583489297931790e-03,
          3.3260296106133571e-03, -2.5610547144540759e-03,
          2.8859715430966673e-02, 2.2781133350362995e-03,
          1.4469114414740447e-01, 2.5161227553144819e-02,
          4.0963855104935901e-02, 1.5264023445621099e-02,
          -4.2296919459273354e-03, 3.1400748615533316e-04,
          2.8146397197721536e-03, 2.7098078240050737e-03,
          -1.4099878696782274e-03, 9.0405168213166518e-04,
          2.5161227553144819e-02, 3.2658228003821621e-02 ]
   - !!opencv-matrix
      rows: 10
      cols: 10
      dt: d
      data: [ 9.8341825693260845e-02, 1.0748126813146791e-02,
          -2.6596367481756582e-02, -7.4444456442673062e-03,
          -4.4103941449219093e-03, 8.3465788775125560e-03,
          1.8525657403628323e-02, -7.3080022772569024e-03,
          -1.3170454713498371e-02, 3.1573652117538424e-02,
          1.0748126813146791e-02, 4.5969251974682518e-03,
          -3.1323205002687020e-03, -1.8209252353905349e-03,
          5.6291027214289092e-04, 3.5590159794078599e-03,
          4.9934334308250087e-03, -1.8506250057115116e-03,
          -4.5984315652361886e-03, 2.1376834927610940e-02,
          -2.6596367481756582e-02, -3.1323205002687020e-03,
          2.8881602988124422e-02, 2.0470587088935528e-03,
          3.4563134762263682e-03, -2.7236750546718114e-03,
          -5.1658129280151678e-03, 1.9129075687217883e-03,
          1.3211585136566457e-03, -9.0010268036358615e-03,
          -7.4444456442673062e-03, -1.8209252353905345e-03,
          2.0470587088935533e-03, 5.1899941826602583e-03,
          -2.0012785600884045e-03, -2.4028695842078125e-03,
          -4.9058090743864871e-03, 2.5560313302906926e-03,
          5.6520397706467818e-03, -5.1951682255809645e-03,
          -4.4103941449219093e-03, 5.6291027214289114e-04,
          3.4563134762263682e-03, -2.0012785600884045e-03,
          1.0847870729974254e-02, 3.3588977338350930e-03,
          1.1354315149347499e-03, -3.6912956291726157e-03,
          -3.7560315950559827e-03, 5.8224305267111781e-03,
          8.3465788775125525e-03, 3.5590159794078591e-03,
          -2.7236750546718105e-03, -2.4028695842078125e-03,
          3.3588977338350934e-03, 1.2560275067503218e-01,
          4.3661135003813670e-03, -2.1441218783129633e-03,
          -2.6147299595474835e-02, 2.7661503545183132e-02,
          1.8525657403628323e-02, 4.9934334308250079e-03,
          -5.1658129280151670e-03, -4.9058090743864880e-03,
          1.1354315149347499e-03, 4.3661135003813670e-03,
          1.3384069115576236e-02, -5.4626590629184932e-03,
          -8.9759643269566869e-03, 1.5354441852366542e-02,
          -7.3080022772569024e-03, -1.8506250057115116e-03,
          1.9129075687217888e-03, 2.5560313302906926e-03,
          -3.6912956291726157e-03, -2.1441218783129642e-03,
          -5.4626590629184941e-03, 1.6876636497731988e-02,
          4.0447563475382751e-03, -4.0311502896748517e-03,
          -1.3170454713498375e-02, -4.5984315652361895e-03,
          1.3211585136566454e-03, 5.6520397706467818e-03,
          -3.7560315950559827e-03, -2.6147299595474835e-02,
          -8.9759643269566886e-03, 4.0447563475382768e-03,
          1.8421126328549570e-01, -2.7867332871279224e-02,
          3.1573652117538424e-02, 2.1376834927610944e-02,
          -9.0010268036358580e-03, -5.1951682255809645e-03,
          5.8224305267111781e-03, 2.7661503545183128e-02,
          1.5354441852366542e-02, -4.0311502896748499e-03,
          -2.7867332871279231e-02, 2.4445076950029396e-01 ]
   - !!opencv-matrix
      rows: 10
      cols: 10
      dt: d
