%YAML:1.0
---
groups:
   - intact
   - CD19
   - blast
intactGmmnames:
   - "intact.49424.0"
   - "intact.49424.1"
   - "intact.49424.2"
   - "intact.49424.3"
   - "intact.49424.4"
intactLabels:
   - FSC-A
   - SSC-A
   - SY41
   - CD19
   - CD10
   - CD20
   - CD45
   - CD34
   - CD38
   - CD58
intactMu: !!opencv-matrix
   rows: 5
   cols: 10
   dt: d
   data: [ 1.3175712806572353e+00, 3.7244113858697053e-01,
       2.7289429885600316e+00, 9.8977615356124893e-01,
       1.2132822159119527e+00, 9.8951288114551739e-01,
       3.4344919341891362e+00, 1.0229060341871241e+00,
       2.0440336594012325e+00, 1.5458164538970969e+00,
       1.7017999935224912e+00, 9.7060830942951404e-01,
       2.9836717765966938e+00, 1.1913676403615472e+00,
       1.5122305765074293e+00, 1.1300514796254091e+00,
       2.7919616053996372e+00, 1.3029293995641922e+00,
       2.5075030962485969e+00, 2.2813656917303518e+00,
       1.1830855276145278e+00, 2.5560837538090903e-01,
       2.6996379599859353e+00, 1.0330831371391074e+00,
       1.1175891668981552e+00, 9.8369958260784640e-01,
       3.3924171547043822e+00, 1.0546566459833056e+00,
       1.9761740725911663e+00, 9.3770299271889979e-01,
       2.8005695972630664e+00, 2.5057902386152784e+00,
       2.9419427799362712e+00, 1.1936922536370054e+00,
       2.1342770532434594e+00, 1.1437542212407110e+00,
       2.8076715509646215e+00, 1.2090685905974652e+00,
       1.7132370163194630e+00, 2.4253337722388402e+00,
       1.0129992820345193e+00, 4.0943217677575955e-01,
       2.9695271190063814e+00, 1.1205251601701443e+00,
       1.2317785792861353e+00, 1.0088894407574609e+00,
       1.5462904414430814e+00, 1.1747311463629289e+00,
       1.8309188290572644e+00, 2.5991842942095222e+00 ]
intactSigma:
   - !!opencv-matrix
      rows: 10
      cols: 10
      dt: d
      data: [ 7.1386432601148408e-02, 1.3071998236325422e-02,
          -7.9846306044920167e-03, -5.8069008688152101e-03,
          4.9550863041212005e-04, -2.7884344832653173e-03,
          1.0510193490118634e-02, -4.3640736950339700e-03,
          1.2721724390724743e-02, 3.3923288730651931e-02,
          1.3071998236325422e-02, 1.0491527888686073e-02,
          -2.2586826447971698e-03, -2.3493341404302588e-03,
          9.6699498254295397e-05, -1.5185450525707412e-03,
          5.3527072545760737e-03, -1.8615203951684583e-03,
          2.2682169565668750e-02, 2.0049322381704791e-02,
          -7.9846306044920167e-03, -2.2586826447971698e-03,
          2.0291988087384187e-02, 2.2248413056371492e-03,
          -1.1539708291025024e-03, 1.0003712271711837e-03,
          -1.8221256842357104e-03, 1.6805808860106822e-03,
          -9.8683798658813042e-03, -7.9477529395823102e-03,
          -5.8069008688152119e-03, -2.3493341404302592e-03,
          2.2248413056371492e-03, 1.7165203948896680e-02,
          -1.1844280056491328e-02, -8.6536883670716605e-04,
          -4.3975573678224902e-03, 5.9340188898433805e-03,
          -4.1024938364688937e-03, -4.2766776125097604e-03,
          4.9550863041211983e-04, 9.6699498254295357e-05,
          -1.1539708291025026e-03, -1.1844280056491328e-02,
          4.0491650333439357e-02, 1.9585165401379391e-03,
          2.7670949678950604e-03, -2.3752583836762497e-02,
          9.1886571788127455e-04, -3.6292006498971764e-03,
          -2.7884344832653173e-03, -1.5185450525707419e-03,
          1.0003712271711837e-03, -8.6536883670716594e-04,
          1.9585165401379383e-03, 8.7293395471328000e-02,
          -6.8058085412584575e-04, 8.3491346549793854e-04,
          -2.2987328629264340e-02, -3.7970907240045325e-03,
          1.0510193490118634e-02, 5.3527072545760737e-03,
          -1.8221256842357102e-03, -4.3975573678224902e-03,
          2.7670949678950604e-03, -6.8058085412584586e-04,
          1.4437479446927840e-02, -3.8618385601238139e-03,
          8.3129693507981040e-03, 1.0517195927296986e-02,
          -4.3640736950339692e-03, -1.8615203951684583e-03,
          1.6805808860106816e-03, 5.9340188898433805e-03,
          -2.3752583836762497e-02, 8.3491346549793778e-04,
          -3.8618385601238135e-03, 1.2844719722771966e-01,
          -1.1914150262249866e-02, -1.7994178338327806e-03,
          1.2721724390724748e-02, 2.2682169565668750e-02,
          -9.8683798658813042e-03, -4.1024938364688946e-03,
          9.1886571788127541e-04, -2.2987328629264340e-02,
          8.3129693507981040e-03, -1.1914150262249866e-02,
          4.3978425192469933e-01, 2.1736024403814110e-02,
          3.3923288730651938e-02, 2.0049322381704784e-02,
          -7.9477529395823136e-03, -4.2766776125097630e-03,
          -3.6292006498971764e-03, -3.7970907240045338e-03,
          1.0517195927296987e-02, -1.7994178338327847e-03,
          2.1736024403814110e-02, 1.8198952116592895e-01 ]
   - !!opencv-matrix
      rows: 10
      cols: 10
      dt: d
      data: [ 4.4559725814995182e-01, 2.0398675100415944e-01,
          3.0348092938904548e-02, -1.7265208711043641e-02,
          -4.4518567263724376e-03, -3.0920988176302362e-03,
          1.5461149502118823e-01, 2.8113430586717388e-02,
          1.9352373979237836e-01, 1.2765194471103208e-01,
          2.0398675100415947e-01, 3.1020884707767254e-01,
          1.8142802672951257e-02, -4.8384296288586440e-03,
          4.1942976408855560e-03, 5.0659374425441042e-03,
          8.3401776226162169e-02, -1.4542823914489961e-02,
          8.7611487341679339e-02, 9.8016296082116677e-02,
          3.0348092938904548e-02, 1.8142802672951257e-02,
          8.2967186731761150e-02, 5.6374721493451258e-03,
          9.5805953542081740e-03, 3.3761841834739040e-03,
          -4.6174376837269833e-02, 1.4182124926056710e-02,
          3.6725127407919021e-02, 7.0222218061735495e-02,
          -1.7265208711043641e-02, -4.8384296288586457e-03,
          5.6374721493451250e-03, 9.0565893956734034e-02,
          4.9472639258350617e-02, 5.7421969804165758e-02,
          -2.6089872225020509e-02, 1.4511969096065497e-03,
          1.3508481203738371e-02, 1.4104478701574091e-02,
          -4.4518567263724376e-03, 4.1942976408855586e-03,
          9.5805953542081757e-03, 4.9472639258350617e-02,
          2.0830490204014004e-01, 4.4806930361014151e-02,
          -2.9348149541844684e-03, -2.2817807155967113e-02,
          1.4125477335061967e-02, 3.0146382261589558e-02,
          -3.0920988176302375e-03, 5.0659374425441042e-03,
          3.3761841834739036e-03, 5.7421969804165758e-02,
          4.4806930361014151e-02, 1.8673296688353150e-01,
          1.8830820292972405e-03, 1.9638717654003580e-03,
          -1.3538171043430433e-03, -2.2946076613032424e-03,
          1.5461149502118823e-01, 8.3401776226162169e-02,
          -4.6174376837269833e-02, -2.6089872225020499e-02,
          -2.9348149541844706e-03, 1.8830820292972394e-03,
          4.3614143455692816e-01, -4.3985947321206934e-02,
          1.6822994003149211e-01, -8.5275986205040177e-02,
          2.8113430586717385e-02, -1.4542823914489959e-02,
          1.4182124926056704e-02, 1.4511969096065503e-03,
          -2.2817807155967113e-02, 1.9638717654003584e-03,
          -4.3985947321206934e-02, 2.5136119428021581e-01,
          5.1515269969982139e-02, 2.5815481572336048e-02,
          1.9352373979237836e-01, 8.7611487341679339e-02,
          3.6725127407919028e-02, 1.3508481203738366e-02,
          1.4125477335061972e-02, -1.3538171043430429e-03,
          1.6822994003149211e-01, 5.1515269969982139e-02,
          4.5179618010760114e-01, 1.4266162822103029e-01,
          1.2765194471103208e-01, 9.8016296082116677e-02,
          7.0222218061735495e-02, 1.4104478701574085e-02,
          3.0146382261589558e-02, -2.2946076613032437e-03,
          -8.5275986205040191e-02, 2.5815481572336037e-02,
          1.4266162822103029e-01, 3.3653897995263687e-01 ]
   - !!opencv-matrix
      rows: 10
      cols: 10
      dt: d
