%YAML:1.0
---
groups:
   - intact
   - CD19
intactGmmnames:
   - "intact.496.0"
   - "intact.496.1"
   - "intact.496.2"
   - "intact.496.3"
   - "intact.496.4"
intactLabels:
   - FSC-A
   - SSC-A
   - SY41
   - CD19
   - CD10
   - CD20
   - CD45
   - CD34
   - CD38
intactMu: !!opencv-matrix
   rows: 5
   cols: 9
   dt: d
   data: [ 1.6303563019979981e+00, 4.5341155156669288e-01,
       2.9997402241418203e+00, 1.1073484843564751e+00,
       9.8410354070961470e-01, 1.3948182184141529e+00,
       3.5857245341703692e+00, 1.0873458512711474e+00,
       1.6711256711166258e+00, 1.1792100119973963e+00,
       3.7568453549409409e-01, 3.3336711484735235e+00,
       1.0918254775402945e+00, 1.0097590355260131e+00,
       1.1523642671204692e+00, 1.4807757524335077e+00,
       1.0204942452688395e+00, 1.6161392710669700e+00,
       2.8392375956113192e+00, 3.4726932725171626e+00,
       2.9896787533266767e+00, 1.7472940543399884e+00,
       1.7989440821864882e+00, 1.4842753271650500e+00,
       2.8435670771439923e+00, 1.0744664778844937e+00,
       1.7349737175615618e+00, 2.1751325775621431e+00,
       1.2206517000749897e+00, 3.0603010481228443e+00,
       1.2808330853910226e+00, 1.2211960048139439e+00,
       1.5382655711915527e+00, 3.1301303737721424e+00,
       1.3762474671647360e+00, 2.5456986449968966e+00,
       1.2281322934575454e+00, 2.8145966210568990e-01,
       3.1787129729466570e+00, 1.0522165353810387e+00,
       9.0228530358713221e-01, 1.1866091468719864e+00,
       3.4822101180247844e+00, 1.0414616714141196e+00,
       1.7534826152112986e+00 ]
intactSigma:
   - !!opencv-matrix
      rows: 9
      cols: 9
      dt: d
      data: [ 1.5445124907593374e-01, 2.1316172415351824e-02,
          -1.4196214891094803e-02, 1.0294912970523378e-03,
          7.5957324145030968e-03, 1.5737449833922123e-02,
          1.2468585047397115e-02, 3.2752866747602334e-03,
          -2.2011884314731463e-04, 2.1316172415351824e-02,
          1.7214525949559807e-02, -8.7345296953776682e-03,
          3.3686576625550292e-03, 5.8310541744399759e-03,
          1.1107839221105781e-02, 5.9514024577500485e-03,
          2.2737591649612233e-03, 1.3391839390486399e-03,
          -1.4196214891094806e-02, -8.7345296953776682e-03,
          5.8503003218343418e-02, -1.0874151927677926e-03,
          1.3656680756151032e-03, 3.4810133493942724e-03,
          -9.0223564796910790e-03, 3.3954337465197915e-03,
          1.3950774959406184e-03, 1.0294912970523382e-03,
          3.3686576625550292e-03, -1.0874151927677926e-03,
          2.0503789033353845e-02, 1.8019156617922190e-03,
          2.9350876876261590e-03, 4.0855172600489444e-04,
          2.5027968290832437e-03, -1.3531034267709580e-03,
          7.5957324145030968e-03, 5.8310541744399759e-03,
          1.3656680756151032e-03, 1.8019156617922201e-03,
          5.9894929925682024e-02, 7.2083221629822810e-03,
          1.4926516072846399e-03, -4.0032468749820384e-03,
          -1.5989469398802777e-04, 1.5737449833922123e-02,
          1.1107839221105781e-02, 3.4810133493942724e-03,
          2.9350876876261590e-03, 7.2083221629822844e-03,
          6.3571461648447181e-02, 5.6231219668461481e-04,
          4.0221810663765827e-03, -8.6862182556563720e-04,
          1.2468585047397117e-02, 5.9514024577500485e-03,
          -9.0223564796910773e-03, 4.0855172600489433e-04,
          1.4926516072846392e-03, 5.6231219668461503e-04,
          1.1147792737712695e-02, -3.6179056865923013e-04,
          5.7835083083966827e-04, 3.2752866747602343e-03,
          2.2737591649612228e-03, 3.3954337465197906e-03,
          2.5027968290832437e-03, -4.0032468749820402e-03,
          4.0221810663765836e-03, -3.6179056865923029e-04,
          1.6724526430211001e-01, 1.3274694670961467e-03,
          -2.2011884314731498e-04, 1.3391839390486399e-03,
          1.3950774959406184e-03, -1.3531034267709582e-03,
          -1.5989469398802790e-04, -8.6862182556563720e-04,
          5.7835083083966848e-04, 1.3274694670961467e-03,
          1.0528280613088511e-02 ]
   - !!opencv-matrix
      rows: 9
      cols: 9
      dt: d
      data: [ 1.8472693733725143e-01, 4.4387537169649348e-02,
          -3.2469737387734177e-02, 1.1477383010769740e-02,
          2.7586504760200126e-02, 4.2238554932233975e-02,
          3.3281604181799151e-02, 3.7151943819494714e-03,
          2.6782336456069706e-03, 4.4387537169649355e-02,
          3.8365858031442046e-02, -1.4262596804233297e-02,
          1.0321390123569885e-02, 2.7045036572013015e-02,
          4.1651865710486395e-02, 3.2826428429355722e-02,
          4.2417112586044681e-03, 2.6705233926124909e-03,
          -3.2469737387734184e-02, -1.4262596804233297e-02,
          1.5930263034090952e-01, -2.8900859284806618e-03,
          -7.2768301063669610e-03, -2.5872801509648453e-02,
          1.4084446990616077e-03, -1.2442985977751456e-03,
          -7.2146657963257049e-04, 1.1477383010769740e-02,
          1.0321390123569885e-02, -2.8900859284806623e-03,
          8.8596063089379125e-03, 8.3152160266525849e-03,
          1.1974359346790867e-02, 9.0107682111235880e-03,
          1.7343866008335503e-03, 1.0669262523780519e-04,
          2.7586504760200126e-02, 2.7045036572013015e-02,
          -7.2768301063669627e-03, 8.3152160266525849e-03,
          8.4213321923193002e-02, 3.4059891871020591e-02,
          3.0592578844690046e-02, 2.3684737778524091e-03,
          2.7548012255352050e-03, 4.2238554932233975e-02,
          4.1651865710486395e-02, -2.5872801509648453e-02,
          1.1974359346790866e-02, 3.4059891871020591e-02,
          1.1916754116213819e-01, 5.0869658347947669e-02,
          5.6673499900169863e-03, 3.0548381787759340e-03,
          3.3281604181799145e-02, 3.2826428429355722e-02,
          1.4084446990616074e-03, 9.0107682111235880e-03,
          3.0592578844690046e-02, 5.0869658347947669e-02,
          1.4384014691254002e-01, 4.2947787345540582e-03,
          3.2707105753483350e-03, 3.7151943819494710e-03,
          4.2417112586044673e-03, -1.2442985977751460e-03,
          1.7343866008335503e-03, 2.3684737778524099e-03,
          5.6673499900169880e-03, 4.2947787345540582e-03,
          2.6979082788788841e-02, 4.4681802449144845e-04,
          2.6782336456069697e-03, 2.6705233926124904e-03,
          -7.2146657963257049e-04, 1.0669262523780512e-04,
          2.7548012255352045e-03, 3.0548381787759336e-03,
          3.2707105753483345e-03, 4.4681802449144845e-04,
          1.6017805914588315e-03 ]
   - !!opencv-matrix
      rows: 9
      cols: 9
      dt: d
      data: [ 3.4985674856893584e-01, 1.0490417986203152e-01,
          2.5796098828522025e-02, 1.7881056158053171e-02,
          -9.7447147692966751e-02, 4.2049404185974207e-02,
          -1.2183766587657364e-02, 3.6897251895216072e-03,
          2.7030765763532860e-02, 1.0490417986203152e-01,
          3.2658938711645585e-01, -1.8342786212245998e-02,
          5.7624527423611190e-02, 5.4273584123331345e-02,
          3.6712478915952168e-02, 1.9348584176852705e-02,
          8.8791642311620046e-03, 3.3480303692986456e-03,
          2.5796098828522029e-02, -1.8342786212245998e-02,
          4.9233903803224913e-02, -3.3632080341132547e-03,
          -9.7821137494443315e-03, 3.7347389370036834e-03,
          -5.8992806906788108e-03, 1.0505359667980949e-03,
          1.9338418183915569e-03, 1.7881056158053171e-02,
          5.7624527423611169e-02, -3.3632080341132564e-03,
          2.3623334042539166e-02, 6.6396631143424353e-03,
          6.9743194878692759e-03, 2.4772361222054184e-03,
          1.7211337825683572e-03, -7.8527523082086881e-04,
          -9.7447147692966751e-02, 5.4273584123331345e-02,
          -9.7821137494443298e-03, 6.6396631143424353e-03,
          2.3101686338387387e-01, -1.3067810443862113e-02,
          3.0383724424939789e-02, 5.5502771984971442e-03,
