%YAML:1.0
---
groups:
   - intact
   - CD19
   - blast
intactGmmnames:
   - "intact.49697.0"
   - "intact.49697.1"
   - "intact.49697.2"
   - "intact.49697.3"
   - "intact.49697.4"
intactLabels:
   - FSC-A
   - SSC-A
   - SY41
   - CD19
   - CD10
   - CD20
   - CD45
   - CD34
   - CD38
   - CD58
intactMu: !!opencv-matrix
   rows: 5
   cols: 10
   dt: d
   data: [ 1.9644963556801800e+00, 5.5092331211089551e-01,
       2.2283272830092016e+00, 1.3764845638484551e+00,
       1.1699497622541219e+00, 1.3143969984228023e+00,
       3.5009969132364720e+00, 1.0880783664506888e+00,
       1.6813602856727170e+00, 1.9084358083292161e+00,
       1.9047816598329346e+00, 4.5882995735799037e-01,
       2.2689241562253226e+00, 1.3723588746832407e+00,
       1.1613984219820801e+00, 1.2728541653359255e+00,
       3.5104229738587445e+00, 1.0446857531466065e+00,
       2.2666323763743779e+00, 1.7900090771143007e+00,
       2.8066048256841931e+00, 2.1523130985654455e+00,
       2.6201613194111619e+00, 1.4707667670195734e+00,
       1.9273938479768977e+00, 1.4910495957830772e+00,
       3.4494931887870108e+00, 1.6781817286118037e+00,
       1.7416697035974256e+00, 2.2606137085556268e+00,
       2.0259572338333536e+00, 1.0087673173928799e+00,
       2.4145380559178378e+00, 1.5563934810668645e+00,
       1.3460677303751278e+00, 1.5367996664244559e+00,
       2.4746281659278346e+00, 1.3613244347727969e+00,
       1.8868720941648607e+00, 2.2309585251713626e+00,
       1.9311506148527773e+00, 2.5049380430515078e-01,
       2.0231723018107575e+00, 1.3664764104871205e+00,
       1.0934717726598724e+00, 1.2887118540957858e+00,
       3.4344788073554553e+00, 1.0609102184329275e+00,
       1.7245330618480785e+00, 1.4250307881115361e+00 ]
intactSigma:
   - !!opencv-matrix
      rows: 10
      cols: 10
      dt: d
      data: [ 7.2649945375319144e-02, 1.2360011818042641e-02,
          -1.2393625181877517e-02, 6.8317944622079893e-04,
          4.4839068660112282e-03, 4.2433448704745740e-03,
          3.0445469013148656e-03, 2.7826576663723640e-03,
          -1.1803554463700597e-03, 2.7321058095240765e-02,
          1.2360011818042641e-02, 5.4379754206809565e-02,
          -8.9659067046953343e-03, 2.2366131632167458e-03,
          4.7249303556205881e-03, 1.5743394319091978e-03,
          -1.4746675011956024e-03, 2.9270395674640399e-03,
          2.3994545933077676e-03, 2.9258648650458980e-02,
          -1.2393625181877522e-02, -8.9659067046953308e-03,
          8.6538845401242084e-02, -1.5634644198314119e-03,
          -1.8027093567799356e-04, -2.1072137361879857e-03,
          1.2286869427941422e-02, -3.8812711033738528e-03,
          -4.5302797231162933e-03, -8.3969650571798151e-04,
          6.8317944622079893e-04, 2.2366131632167458e-03,
          -1.5634644198314119e-03, 1.1363897277404294e-02,
          -5.6490927502962380e-03, 7.3174424018388260e-05,
          -1.3377798249861589e-03, 4.2125252791134302e-03,
          1.1174586420759295e-03, 6.5019344029894595e-03,
          4.4839068660112282e-03, 4.7249303556205881e-03,
          -1.8027093567799381e-04, -5.6490927502962389e-03,
          7.8758610858512199e-02, 5.3417575360498789e-03,
          2.1464754648859766e-03, -7.3015743510722771e-03,
          -4.0650709402412786e-03, 2.5481872803469151e-02,
          4.2433448704745731e-03, 1.5743394319091978e-03,
          -2.1072137361879861e-03, 7.3174424018388341e-05,
          5.3417575360498789e-03, 2.3728767987014052e-02,
          6.7149429594325278e-04, 4.2076022232350775e-03,
          -3.4374809804153090e-03, 9.8380300976292651e-03,
          3.0445469013148656e-03, -1.4746675011956018e-03,
          1.2286869427941422e-02, -1.3377798249861589e-03,
          2.1464754648859766e-03, 6.7149429594325278e-04,
          1.4291148407655946e-02, -2.9897229715818742e-03,
          -7.5484158024645941e-04, 8.4590524431927185e-03,
          2.7826576663723631e-03, 2.9270395674640382e-03,
          -3.8812711033738546e-03, 4.2125252791134302e-03,
          -7.3015743510722771e-03, 4.2076022232350766e-03,
          -2.9897229715818742e-03, 1.0862712778731479e-01,
          2.0947311764060728e-03, 1.1660778506829294e-02,
          -1.1803554463700595e-03, 2.3994545933077676e-03,
          -4.5302797231162933e-03, 1.1174586420759300e-03,
          -4.0650709402412786e-03, -3.4374809804153090e-03,
          -7.5484158024645919e-04, 2.0947311764060736e-03,
          1.0469580763893293e-02, 8.5658323657580935e-04,
          2.7321058095240765e-02, 2.9258648650458980e-02,
          -8.3969650571798238e-04, 6.5019344029894604e-03,
          2.5481872803469155e-02, 9.8380300976292651e-03,
          8.4590524431927203e-03, 1.1660778506829294e-02,
          8.5658323657580859e-04, 1.6192675710474816e-01 ]
   - !!opencv-matrix
      rows: 10
      cols: 10
      dt: d
      data: [ 6.1992983633534518e-02, 4.3818873623656402e-03,
          -1.6870874352210253e-03, 3.0223971042688002e-04,
          3.6205766754717232e-03, 2.6296159724631001e-03,
          5.4413545423839318e-03, 2.0096202040351310e-03,
          2.8250918461800271e-03, 1.9764133773582656e-02,
          4.3818873623656402e-03, 4.5467161395215887e-02,
          1.3022335441171056e-02, 1.8682711644813505e-03,
          1.0470359951342462e-02, -1.9486725429570153e-03,
          1.6850863786118886e-02, -8.9647617811017721e-04,
          2.9219267315950058e-02, 5.5170676322625581e-02,
          -1.6870874352210253e-03, 1.3022335441171056e-02,
          8.3804389571197860e-02, -7.0545853364958411e-04,
          2.4254950287180208e-03, -6.3930477613484468e-03,
          1.6518130095982263e-02, -6.3634716147254024e-03,
          1.9385672809139685e-02, 8.8231164467081225e-03,
          3.0223971042688002e-04, 1.8682711644813508e-03,
          -7.0545853364958411e-04, 1.1041347505876205e-02,
          -6.2073166169669255e-03, -1.6596140856663474e-04,
          -5.7656200244032743e-04, 3.0636422976704114e-03,
          2.2623971590810077e-03, 6.8014332695329255e-03,
          3.6205766754717219e-03, 1.0470359951342462e-02,
          2.4254950287180225e-03, -6.2073166169669255e-03,
          8.3954843022464587e-02, 3.8999055890221119e-03,
          6.7429571858288202e-03, -8.7682362797718780e-03,
          5.6639595097213750e-03, 3.5909180961022150e-02,
          2.6296159724631006e-03, -1.9486725429570140e-03,
          -6.3930477613484502e-03, -1.6596140856663479e-04,
          3.8999055890221119e-03, 3.9418902961486396e-02,
          -2.2119617537707729e-03, 5.0133737651784690e-03,
          -2.0818998368903129e-02, 6.2751530580574264e-03,
          5.4413545423839318e-03, 1.6850863786118886e-02,
          1.6518130095982259e-02, -5.7656200244032743e-04,
          6.7429571858288202e-03, -2.2119617537707729e-03,
          2.7821287776458727e-02, -6.0178733132884811e-03,
          3.6865637148409423e-02, 3.3819103698308747e-02,
          2.0096202040351310e-03, -8.9647617811017721e-04,
          -6.3634716147254024e-03, 3.0636422976704097e-03,
          -8.7682362797718797e-03, 5.0133737651784707e-03,
          -6.0178733132884793e-03, 1.1057103920566566e-01,
          -1.0008476985495918e-02, 8.6416648643333465e-03,
          2.8250918461800254e-03, 2.9219267315950058e-02,
          1.9385672809139685e-02, 2.2623971590810077e-03,
          5.6639595097213750e-03, -2.0818998368903129e-02,
          3.6865637148409430e-02, -1.0008476985495923e-02,
          1.8118568541461072e-01, 4.6982304272111593e-02,
          1.9764133773582659e-02, 5.5170676322625581e-02,
          8.8231164467081225e-03, 6.8014332695329255e-03,
          3.5909180961022143e-02, 6.2751530580574264e-03,
          3.3819103698308754e-02, 8.6416648643333465e-03,
          4.6982304272111593e-02, 2.2641123549434164e-01 ]
   - !!opencv-matrix
      rows: 10
      cols: 10
      dt: d
