%YAML:1.0
---
groups:
   - intact
   - CD19
intactGmmnames:
   - "intact.49818.0"
   - "intact.49818.1"
   - "intact.49818.2"
   - "intact.49818.3"
   - "intact.49818.4"
intactLabels:
   - FSC-A
   - SSC-A
   - SY41
   - CD19
   - CD10
   - CD20
   - CD45
   - CD34
   - CD38
   - CD58
intactMu: !!opencv-matrix
   rows: 5
   cols: 10
   dt: d
   data: [ 1.8430533863891538e+00, 2.8919846726172547e+00,
       2.1865686512481575e+00, 1.2854637295125984e+00,
       1.9560706788068805e+00, 1.2664733416590606e+00,
       2.5674023640006429e+00, 1.2038189870127087e+00,
       1.4828771411701718e+00, 2.4290287546918772e+00,
       1.2946228148291703e+00, 4.0178264342262249e-01,
       1.9356150526615881e+00, 1.3112464918445510e+00,
       1.0217263974232054e+00, 1.2125284150906912e+00,
       3.2678929464133319e+00, 1.1017227345630631e+00,
       1.7558760317354862e+00, 1.7474762755397140e+00,
       2.0433744864040864e+00, 2.5875377181866872e+00,
       2.3620973790039965e+00, 1.2935187095919405e+00,
       1.8017688854991005e+00, 1.2952172204753136e+00,
       2.2787915482368497e+00, 1.2060189907257670e+00,
       1.4669870336423940e+00, 2.0915993062329563e+00,
       1.9475781056568437e+00, 3.1061682347319239e+00,
       2.1501990065100238e+00, 1.2307043919133507e+00,
       2.4606627523911451e+00, 1.2625481016921476e+00,
       2.7139264684482662e+00, 1.1986251737563249e+00,
       1.4830843255260315e+00, 2.4626796221087099e+00,
       2.9634273257479071e+00, 1.5638703511873873e+00,
       1.9008187269102066e+00, 1.3293041331058553e+00,
       1.3621269037096633e+00, 1.2840681257413786e+00,
       2.3933390589072663e+00, 1.6084480562271335e+00,
       1.7247366559821342e+00, 2.6421492084454377e+00 ]
intactSigma:
   - !!opencv-matrix
      rows: 10
      cols: 10
      dt: d
      data: [ 1.5360992311266009e-01, 1.7067273945803738e-01,
          -2.6914523370464644e-02, 9.0858141806797617e-04,
          -1.2614458419890695e-02, -4.2747936407314330e-04,
          5.7691336374528987e-03, 5.5438449784650018e-03,
          2.5794863799259052e-03, 1.1910690248080391e-02,
          1.7067273945803738e-01, 3.9660834467041062e-01,
          -4.3290576850346298e-02, 2.8413340771240030e-04,
          3.5887959347092324e-03, -1.1383531447331171e-03,
          2.7854343934530724e-02, 1.2133403675057270e-02,
          3.0104636456656005e-03, 2.6063079661519706e-02,
          -2.6914523370464644e-02, -4.3290576850346291e-02,
          3.5387238623415064e-02, 1.2547666054096344e-04,
          1.5454973158643731e-03, 1.6305670436007785e-03,
          -1.0531919444308153e-02, -1.8830375196000039e-04,
          4.3657786575078487e-04, -6.4362116175188206e-03,
          9.0858141806797596e-04, 2.8413340771240008e-04,
          1.2547666054096344e-04, 4.7169225986950737e-03,
          -1.0665027999525456e-02, -1.6828310273169091e-04,
          -9.5250535947226009e-04, 4.2695174463919320e-04,
          1.4124257815994043e-03, 4.2557720261391049e-05,
          -1.2614458419890697e-02, 3.5887959347092281e-03,
          1.5454973158643731e-03, -1.0665027999525456e-02,
          1.4934009620007391e-01, -1.5960690838795833e-03,
          2.2765241736707052e-02, -3.0235458693335581e-03,
          -1.1991292843875720e-02, -2.1626208519554072e-04,
          -4.2747936407314303e-04, -1.1383531447331171e-03,
          1.6305670436007785e-03, -1.6828310273169099e-04,
          -1.5960690838795837e-03, 6.6818928405700025e-03,
          -3.4251082446018255e-04, 2.8450610885326615e-04,
          -1.1973786718700783e-03, -2.5443153916361447e-04,
          5.7691336374528970e-03, 2.7854343934530724e-02,
          -1.0531919444308155e-02, -9.5250535947226009e-04,
          2.2765241736707048e-02, -3.4251082446018239e-04,
          5.0875945693053398e-02, 1.4541279974015541e-03,
          -2.9096501280870433e-03, 5.4589639030284643e-03,
          5.5438449784650044e-03, 1.2133403675057266e-02,
          -1.8830375196000033e-04, 4.2695174463919320e-04,
          -3.0235458693335581e-03, 2.8450610885326604e-04,
          1.4541279974015545e-03, 4.6412072007763365e-02,
          1.3376772628328163e-03, 1.5710873009903931e-03,
          2.5794863799259056e-03, 3.0104636456656005e-03,
          4.3657786575078498e-04, 1.4124257815994043e-03,
          -1.1991292843875720e-02, -1.1973786718700783e-03,
          -2.9096501280870433e-03, 1.3376772628328163e-03,
          6.8811543193938686e-03, 1.8292249003345974e-03,
          1.1910690248080391e-02, 2.6063079661519706e-02,
          -6.4362116175188206e-03, 4.2557720261391002e-05,
          -2.1626208519554070e-04, -2.5443153916361426e-04,
          5.4589639030284643e-03, 1.5710873009903939e-03,
          1.8292249003345974e-03, 1.4689287903409337e-02 ]
   - !!opencv-matrix
      rows: 10
      cols: 10
      dt: d
      data: [ 9.3047105319446918e-02, 3.0672164869709435e-02,
          -4.3713024057315822e-02, -5.9462627914507595e-05,
          -5.7646327661185224e-03, -3.7020948707396557e-03,
          2.8959903506266170e-02, 1.0160692890210964e-03,
          3.8704741872495924e-02, 7.5867925747575296e-02,
          3.0672164869709435e-02, 2.5641486626278916e-02,
          -2.1174171341662166e-02, 8.7225215352351951e-05,
          -1.2486429533545302e-03, -2.2729799243199674e-03,
          2.1801636918458944e-02, 7.8842814779484893e-04,
          3.0821660935833401e-02, 5.0948108127479186e-02,
          -4.3713024057315822e-02, -2.1174171341662162e-02,
          5.6588469936846318e-02, 1.1124581483616612e-04,
          4.3953531710034669e-03, 3.6602541229412010e-03,
          -2.3975323224462518e-02, 3.7072472352227346e-05,
          -2.9314366870362086e-02, -5.1029070373332965e-02,
          -5.9462627914507581e-05, 8.7225215352351897e-05,
          1.1124581483616607e-04, 1.4889982807070148e-03,
          -1.7104717366734712e-03, -2.2706652065277946e-04,
          -3.9024122890771179e-04, 3.2678177689715756e-04,
          1.7925366784200985e-03, -2.6813205576254120e-04,
          -5.7646327661185215e-03, -1.2486429533545298e-03,
          4.3953531710034669e-03, -1.7104717366734712e-03,
          1.3023636165089062e-02, 3.8475373420366048e-04,
          -1.1206646575247937e-03, -3.1034759771732226e-03,
          -4.2687920991266622e-03, -2.5267337890406056e-03,
          -3.7020948707396557e-03, -2.2729799243199678e-03,
          3.6602541229412010e-03, -2.2706652065277941e-04,
          3.8475373420366059e-04, 1.0337567654117200e-02,
          -2.5376494701804153e-03, 3.1070202990958554e-05,
          -1.2622896070205666e-02, -5.4716265720184806e-03,
          2.8959903506266177e-02, 2.1801636918458944e-02,
          -2.3975323224462518e-02, -3.9024122890771179e-04,
          -1.1206646575247941e-03, -2.5376494701804153e-03,
          4.1838375866163000e-02, 1.2529051056101132e-04,
          2.1747791202947848e-02, 5.1760205835885552e-02,
          1.0160692890210960e-03, 7.8842814779484828e-04,
          3.7072472352227312e-05, 3.2678177689715756e-04,
          -3.1034759771732226e-03, 3.1070202990958534e-05,
          1.2529051056101137e-04, 1.4735357852232579e-02,
          8.2764369453970101e-04, 3.0654894379022624e-03,
          3.8704741872495924e-02, 3.0821660935833401e-02,
          -2.9314366870362082e-02, 1.7925366784200983e-03,
          -4.2687920991266613e-03, -1.2622896070205664e-02,
          2.1747791202947848e-02, 8.2764369453970101e-04,
          1.5282870613952787e-01, 4.9829667306584807e-02,
          7.5867925747575296e-02, 5.0948108127479186e-02,
          -5.1029070373332958e-02, -2.6813205576254115e-04,
          -2.5267337890406056e-03, -5.4716265720184823e-03,
          5.1760205835885552e-02, 3.0654894379022629e-03,
          4.9829667306584807e-02, 2.3062750515531011e-01 ]
   - !!opencv-matrix
      rows: 10
      cols: 10
      dt: d
