%YAML:1.0
---
groups:
   - intact
   - CD19
   - blast
intactGmmnames:
   - "intact.50025.0"
   - "intact.50025.1"
   - "intact.50025.2"
   - "intact.50025.3"
   - "intact.50025.4"
intactLabels:
   - FSC-A
   - SSC-A
   - SY41
   - CD19
   - CD10
   - CD20
   - CD45
   - CD34
   - CD38
   - CD58
intactMu: !!opencv-matrix
   rows: 5
   cols: 10
   dt: d
   data: [ 1.5451132396099370e+00, 1.2905425575598364e+00,
       2.9843687170728379e+00, 1.1027381185188401e+00,
       1.5574408229066750e+00, 1.2381417712642273e+00,
       3.1920082620696721e+00, 1.3298085094506260e+00,
       2.6612272265225663e+00, 2.3324636134422732e+00,
       8.6902252160560245e-01, 2.8161170468553265e-01,
       2.7303245451278477e+00, 1.0357255130990746e+00,
       1.0477307715936288e+00, 1.1933549136129107e+00,
       3.4328432520797860e+00, 1.2042464127369406e+00,
       1.8663995096254640e+00, 1.1683494389229794e+00,
       2.0893453894011236e+00, 2.5399534056842388e+00,
       2.9258639148884220e+00, 1.0982621408183737e+00,
       2.0604147561552635e+00, 1.2486608566603128e+00,
       2.9906551934286685e+00, 1.3039542230095196e+00,
       1.8466845424708678e+00, 2.4873506660472136e+00,
       1.0355101063628729e+00, 4.0609468476506844e-01,
       2.7597910699458681e+00, 9.3446767466956870e-01,
       1.2763265027465016e+00, 1.2033593661639370e+00,
       3.5685725997734457e+00, 1.0753465906405120e+00,
       2.3956023204658510e+00, 1.6920080928660191e+00,
       8.5247032959629643e-01, 3.5495613725146102e-01,
       3.0060907261319825e+00, 1.1028787711405044e+00,
       1.5004433399696331e+00, 1.1790574132175500e+00,
       1.5580420988003580e+00, 1.3390503920293662e+00,
       1.8385737849792254e+00, 2.5375100238253121e+00 ]
intactSigma:
   - !!opencv-matrix
      rows: 10
      cols: 10
      dt: d
      data: [ 3.7052438607562188e-01, 2.6062289418402684e-01,
          2.0539999083472482e-02, 5.7874678600277011e-03,
          3.4290687854474519e-02, -1.4593034167877754e-04,
          3.4670515206627138e-02, -3.3840131671021199e-03,
          5.5442161216806882e-02, 8.5691135701131918e-02,
          2.6062289418402684e-01, 4.7347905404462398e-01,
          1.2343693471453813e-02, 2.0638950799721348e-02,
          6.5663184948889300e-02, 4.5058264331804248e-03,
          1.7246287909003594e-02, -3.0221347079052382e-04,
          6.9319663959659203e-02, 1.3533933465717746e-01,
          2.0539999083472482e-02, 1.2343693471453811e-02,
          5.2453897623893457e-02, 3.3876230154468124e-03,
          2.1693312190434712e-02, 1.1207183524072118e-02,
          -3.7245713833243882e-03, 2.3310520852347434e-03,
          6.4491037381788040e-03, 1.2963613250701675e-02,
          5.7874678600277011e-03, 2.0638950799721348e-02,
          3.3876230154468116e-03, 6.9960441517852745e-02,
          4.9617392698254742e-03, 2.6705657155559739e-02,
          -2.1174948231404193e-02, 1.7939707208188195e-02,
          1.4631193018784875e-02, 1.3244981367898665e-03,
          3.4290687854474519e-02, 6.5663184948889300e-02,
          2.1693312190434706e-02, 4.9617392698254716e-03,
          2.8517408486646462e-01, 2.9022619830789315e-02,
          3.9880573746360108e-02, -1.1572967673540975e-02,
          1.5475845573924380e-02, 5.4271144061349787e-02,
          -1.4593034167877849e-04, 4.5058264331804265e-03,
          1.1207183524072122e-02, 2.6705657155559739e-02,
          2.9022619830789333e-02, 1.2942743313282595e-01,
          2.1422885450911749e-03, 3.8439707710140572e-03,
          -4.3565167418543417e-02, -3.8119651041235900e-03,
          3.4670515206627138e-02, 1.7246287909003597e-02,
          -3.7245713833243899e-03, -2.1174948231404193e-02,
          3.9880573746360108e-02, 2.1422885450911749e-03,
          2.6846523608687717e-01, -5.1065316335211657e-02,
          1.0696412398863152e-01, 5.3158673229950756e-02,
          -3.3840131671021225e-03, -3.0221347079052491e-04,
          2.3310520852347434e-03, 1.7939707208188195e-02,
          -1.1572967673540975e-02, 3.8439707710140568e-03,
          -5.1065316335211643e-02, 1.8378587210264971e-01,
          5.9949811293913855e-03, -1.5111517194304168e-03,
          5.5442161216806882e-02, 6.9319663959659203e-02,
          6.4491037381788040e-03, 1.4631193018784875e-02,
          1.5475845573924380e-02, -4.3565167418543417e-02,
          1.0696412398863152e-01, 5.9949811293913873e-03,
          4.3269079230018587e-01, 9.5530672818268186e-02,
          8.5691135701131918e-02, 1.3533933465717748e-01,
          1.2963613250701675e-02, 1.3244981367898678e-03,
          5.4271144061349787e-02, -3.8119651041235900e-03,
          5.3158673229950756e-02, -1.5111517194304161e-03,
          9.5530672818268186e-02, 1.7561872869664730e-01 ]
   - !!opencv-matrix
      rows: 10
      cols: 10
      dt: d
      data: [ 1.9687501658163107e-02, 3.1032726669852858e-03,
          7.2702901195801858e-04, -1.2065213349961058e-03,
          1.0980531747704322e-03, 8.1265185166413338e-04,
          4.4391141261799329e-03, -1.1392493119834555e-03,
          -5.1508931635799639e-03, 1.0563064436401072e-02,
          3.1032726669852862e-03, 4.4524808124519408e-03,
          3.1177107207999000e-04, -9.2067357865758463e-04,
          1.2631844351892177e-03, 5.9673366332129720e-04,
          3.5245820874874908e-03, -9.7815997276935501e-04,
          -4.8780345990137629e-03, 1.9266752822760944e-02,
          7.2702901195801891e-04, 3.1177107207998995e-04,
          5.2568077391863801e-03, -1.4248252155548392e-04,
          1.9141301326711421e-03, 2.8272271149475532e-04,
          2.1626049199282093e-04, -2.2675953097194651e-06,
          -2.0421195772547755e-03, 2.6463178486404010e-03,
          -1.2065213349961056e-03, -9.2067357865758463e-04,
          -1.4248252155548400e-04, 9.8339894087681717e-03,
          -1.1861104492439344e-02, -9.6482357820205022e-04,
          -1.6168996292331677e-03, 3.6223233867660148e-03,
          4.0805563399697346e-03, -2.5971483616998017e-03,
          1.0980531747704326e-03, 1.2631844351892177e-03,
          1.9141301326711425e-03, -1.1861104492439344e-02,
          7.5882418010840738e-02, 8.3479051034714765e-04,
          9.1180253223123345e-04, -4.5065987386706204e-02,
          -1.0038250554601749e-02, 1.5202716118179955e-02,
          8.1265185166413316e-04, 5.9673366332129764e-04,
          2.8272271149475532e-04, -9.6482357820205065e-04,
          8.3479051034714841e-04, 2.7945670290407308e-02,
          1.0083840545339221e-04, -3.4724174537038483e-05,
          -1.0632472302503259e-02, 6.2645098250927603e-03,
          4.4391141261799329e-03, 3.5245820874874904e-03,
          2.1626049199282093e-04, -1.6168996292331677e-03,
          9.1180253223123334e-04, 1.0083840545339221e-04,
          9.9887671766610391e-03, -1.8075353260128960e-03,
          -4.2176299579305210e-03, 7.2209265407320216e-03,
          -1.1392493119834559e-03, -9.7815997276935458e-04,
          -2.2675953097193884e-06, 3.6223233867660140e-03,
          -4.5065987386706204e-02, -3.4724174537038544e-05,
          -1.8075353260128973e-03, 8.7896084781399542e-02,
          5.2373393322398239e-03, -6.3085718338487112e-03,
          -5.1508931635799639e-03, -4.8780345990137629e-03,
          -2.0421195772547755e-03, 4.0805563399697346e-03,
          -1.0038250554601749e-02, -1.0632472302503259e-02,
          -4.2176299579305201e-03, 5.2373393322398213e-03,
          8.0016559632566153e-02, -3.4335290750366218e-02,
          1.0563064436401070e-02, 1.9266752822760944e-02,
          2.6463178486404019e-03, -2.5971483616998013e-03,
          1.5202716118179950e-02, 6.2645098250927603e-03,
          7.2209265407320190e-03, -6.3085718338487138e-03,
          -3.4335290750366211e-02, 2.1892918415632104e-01 ]
   - !!opencv-matrix
      rows: 10
      cols: 10
      dt: d
