%YAML:1.0
---
groups:
   - intact
   - CD19
   - blast
intactGmmnames:
   - "intact.50237.0"
   - "intact.50237.1"
   - "intact.50237.2"
   - "intact.50237.3"
   - "intact.50237.4"
intactLabels:
   - FSC-A
   - SSC-A
   - SY41
   - CD19
   - CD10
   - CD20
   - CD45
   - CD34
   - CD38
   - CD58
intactMu: !!opencv-matrix
   rows: 5
   cols: 10
   dt: d
   data: [ 1.8189911711417028e+00, 4.3720434183922419e-01,
       2.3939202319754944e+00, 1.5433534477998796e+00,
       1.1894979981614335e+00, 2.3951943481272151e+00,
       3.4020196348035174e+00, 9.6174004758142051e-01,
       1.6916934505552956e+00, 1.2208663606232169e+00,
       1.9291918898938616e+00, 3.3952292378394355e-01,
       2.5124677615712803e+00, 1.0173096106901094e+00,
       1.1732825809054375e+00, 1.4393043706535964e+00,
       3.4811849024049257e+00, 9.3229834186206217e-01,
       1.6770250537751747e+00, 1.2637452154447615e+00,
       3.0083604156693378e+00, 2.0016278219625518e+00,
       3.1059214716386458e+00, 1.1845903398170192e+00,
       1.4986266575528802e+00, 1.4618310191289217e+00,
       2.8983520874348927e+00, 1.1841377205459049e+00,
       1.9038031396144901e+00, 2.3606623524944386e+00,
       1.8046794267298967e+00, 2.8695823173855972e-01,
       2.5680343948378952e+00, 1.0262150939663279e+00,
       1.1673035619020431e+00, 1.4235750383640056e+00,
       3.4429651705748645e+00, 9.4399646917315372e-01,
       1.8687108862197253e+00, 1.1633560099739721e+00,
       1.8944582663171767e+00, 4.9000764217270970e-01,
       2.7055721637131631e+00, 9.7149335376095702e-01,
       1.2044668959709544e+00, 1.4161466404674818e+00,
       3.5836536588713681e+00, 8.6162446402709292e-01,
       2.1361438329258413e+00, 1.7745407062712086e+00 ]
intactSigma:
   - !!opencv-matrix
      rows: 10
      cols: 10
      dt: d
      data: [ 3.2154740236167302e-02, -6.2648970601855286e-03,
          -7.0377379462634769e-03, 3.6032630743155477e-04,
          7.1770935065772353e-04, -4.3208243089637340e-03,
          3.4592116204020702e-03, -1.6910100556672425e-03,
          6.2137249617872216e-04, 8.7460064787662373e-03,
          -6.2648970601855269e-03, 5.3130823944476914e-02,
          2.2633858662138056e-02, 1.1797490433851464e-02,
          -7.5283110909889325e-04, 1.6279781926044137e-02,
          2.3356043625682123e-04, 1.1658573820891886e-03,
          1.9783409869258080e-04, 7.7152439034334800e-03,
          -7.0377379462634769e-03, 2.2633858662138066e-02,
          8.5555252981324229e-02, 2.7130755858219887e-03,
          3.4853840236062307e-05, 2.1385570694569086e-02,
          -4.4292341472239342e-03, 1.7073957379311379e-03,
          2.9370975814790076e-04, 1.2041213875322962e-03,
          3.6032630743155505e-04, 1.1797490433851466e-02,
          2.7130755858219874e-03, 3.0437107791742139e-02,
          -7.9704660691536707e-04, 3.9935147491216589e-03,
          1.0733407418498776e-03, -2.8270245639069479e-04,
          2.9715873267214323e-04, 5.5331488073958090e-03,
          7.1770935065772353e-04, -7.5283110909889314e-04,
          3.4853840236061954e-05, -7.9704660691536707e-04,
          1.7543952944951813e-02, 1.6762824635024295e-04,
          1.1169732308221718e-03, -5.0133555934155349e-05,
          -1.8581651000467783e-03, 1.1541143141764732e-02,
          -4.3208243089637340e-03, 1.6279781926044137e-02,
          2.1385570694569086e-02, 3.9935147491216589e-03,
          1.6762824635024287e-04, 6.1479568936682577e-02,
          -3.0576077870731735e-03, 1.5806530922563003e-03,
          -1.4341728501082258e-03, -2.9760630525206225e-03,
          3.4592116204020702e-03, 2.3356043625682115e-04,
          -4.4292341472239342e-03, 1.0733407418498776e-03,
          1.1169732308221718e-03, -3.0576077870731735e-03,
          1.0178489315473735e-02, -4.3981530041014450e-03,
          2.1455294446502868e-03, 5.5404352074261247e-03,
          -1.6910100556672425e-03, 1.1658573820891886e-03,
          1.7073957379311368e-03, -2.8270245639069489e-04,
          -5.0133555934155152e-05, 1.5806530922563003e-03,
          -4.3981530041014450e-03, 9.7920322895022442e-03,
          -9.6657292564186390e-04, 2.3421522825919669e-03,
          6.2137249617872227e-04, 1.9783409869258116e-04,
          2.9370975814790076e-04, 2.9715873267214290e-04,
          -1.8581651000467779e-03, -1.4341728501082258e-03,
          2.1455294446502860e-03, -9.6657292564186412e-04,
          9.3644322290348057e-03, 2.3460175190285677e-03,
          8.7460064787662391e-03, 7.7152439034334809e-03,
          1.2041213875322971e-03, 5.5331488073958090e-03,
          1.1541143141764732e-02, -2.9760630525206230e-03,
          5.5404352074261230e-03, 2.3421522825919664e-03,
          2.3460175190285681e-03, 1.8817274026344988e-01 ]
   - !!opencv-matrix
      rows: 10
      cols: 10
      dt: d
      data: [ 5.0145592172783318e-02, 6.2736830167473272e-04,
          -5.9509767514356483e-03, -1.5878842739356373e-03,
          3.8641791093067134e-04, 4.1056724149421875e-04,
          3.8940441237146173e-03, -1.7458759218318669e-03,
          -3.8583091095122273e-03, 7.2738446810614778e-03,
          6.2736830167473272e-04, 6.3561187584043072e-03,
          9.9098428686313945e-03, -3.8507472076602429e-04,
          7.7948517658445377e-04, 4.3631301972170335e-04,
          2.0381864089554676e-03, -7.4687884931161558e-04,
          -9.1289321880893540e-04, 1.0787432618547000e-02,
          -5.9509767514356500e-03, 9.9098428686313963e-03,
          1.1741551612598435e-01, 2.4139883315007968e-05,
          7.8781610758426809e-04, 6.7737718150870981e-04,
          1.2485974796359284e-03, -5.3030048209287770e-04,
          -2.0049685309041386e-03, 6.5956638777321447e-03,
          -1.5878842739356373e-03, -3.8507472076602429e-04,
          2.4139883315007957e-05, 2.0374065427205580e-02,
          -3.4067435212191263e-03, -1.4940479866507122e-03,
          -2.0310251952385732e-03, 2.5189769368565399e-03,
          1.9128788552155078e-03, 9.0818117081202937e-03,
          3.8641791093067091e-04, 7.7948517658445377e-04,
          7.8781610758426809e-04, -3.4067435212191263e-03,
          1.5559018023828149e-02, 1.1191780227824326e-03,
          5.7737860995829083e-04, -8.8956491201833772e-05,
          -2.5670127637749001e-03, 1.0704074833501992e-02,
          4.1056724149421880e-04, 4.3631301972170351e-04,
          6.7737718150870960e-04, -1.4940479866507122e-03,
          1.1191780227824326e-03, 2.0330099628338830e-02,
          4.3690841222611025e-04, 4.8823807099451956e-04,
          -3.0398740663163241e-03, 6.0234582774819304e-03,
          3.8940441237146173e-03, 2.0381864089554676e-03,
          1.2485974796359286e-03, -2.0310251952385732e-03,
          5.7737860995829061e-04, 4.3690841222611036e-04,
          5.2991692722602745e-03, -2.6914101986836702e-03,
          -1.0964730781642901e-03, 3.2208679342874791e-03,
          -1.7458759218318672e-03, -7.4687884931161504e-04,
          -5.3030048209287760e-04, 2.5189769368565399e-03,
          -8.8956491201833840e-05, 4.8823807099451967e-04,
          -2.6914101986836702e-03, 8.9298151888771438e-03,
          7.7278422586123672e-04, 4.2589042291193919e-03,
          -3.8583091095122273e-03, -9.1289321880893550e-04,
          -2.0049685309041377e-03, 1.9128788552155078e-03,
          -2.5670127637749001e-03, -3.0398740663163241e-03,
          -1.0964730781642901e-03, 7.7278422586123639e-04,
          7.9187101986269142e-03, 2.5909860891888524e-04,
          7.2738446810614778e-03, 1.0787432618547000e-02,
          6.5956638777321447e-03, 9.0818117081202885e-03,
          1.0704074833501992e-02, 6.0234582774819296e-03,
          3.2208679342874786e-03, 4.2589042291193919e-03,
          2.5909860891888502e-04, 1.9285531644097598e-01 ]
   - !!opencv-matrix
      rows: 10
      cols: 10
      dt: d
