%YAML:1.0
---
groups:
   - intact
   - CD19
   - blast
intactGmmnames:
   - "intact.510.0"
   - "intact.510.1"
   - "intact.510.2"
   - "intact.510.3"
   - "intact.510.4"
intactLabels:
   - FSC-A
   - SSC-A
   - SY41
   - CD19
   - CD10
   - CD20
   - CD45
   - CD34
   - CD38
intactMu: !!opencv-matrix
   rows: 5
   cols: 9
   dt: d
   data: [ 1.1936790397735131e+00, 2.4277472234175984e-01,
       3.4307460338764506e+00, 1.0555124665095914e+00,
       8.7879245335289724e-01, 9.1147860321595897e-01,
       3.5400543890263361e+00, 1.0381713389870866e+00,
       1.7841461781717591e+00, 1.6730755178082128e+00,
       1.0121156331548251e+00, 3.2358850360155280e+00,
       1.2438456280436210e+00, 1.3169899838830967e+00,
       1.3014444446925661e+00, 3.2169229472733307e+00,
       1.2993904488494854e+00, 2.2919429919374434e+00,
       8.5071163685220341e-01, 3.3093480321170143e-01,
       3.6978516293670074e+00, 1.0848390867670230e+00,
       1.1067388190750167e+00, 8.4657761996508241e-01,
       1.5823231653670531e+00, 1.0535442059233551e+00,
       1.6188085348732195e+00, 2.7715384616034404e+00,
       2.7372371190059397e+00, 3.3365072435263370e+00,
       1.4127779652128252e+00, 1.8706721803026316e+00,
       1.2860585969325913e+00, 2.8169856223595677e+00,
       1.0913342620645246e+00, 1.5608016761140373e+00,
       1.5099151349794413e+00, 3.7178160971099883e-01,
       3.3150454504344502e+00, 1.0857123441525613e+00,
       9.6088685707257737e-01, 1.0694889648198298e+00,
       3.6530491776239598e+00, 1.0692997912230762e+00,
       1.6242412661891763e+00 ]
intactSigma:
   - !!opencv-matrix
      rows: 9
      cols: 9
      dt: d
      data: [ 1.1006615329159253e-01, 1.1197722855759151e-02,
          -2.3921522321560335e-02, -1.4901069392990911e-03,
          2.0574215766523225e-03, 2.2594040113239552e-02,
          1.7671587886297153e-02, -1.2155026182619569e-03,
          1.5305124797925007e-02, 1.1197722855759151e-02,
          7.5082386444043922e-03, 5.2336304469264953e-04,
          8.5001993316153246e-04, 1.9223645055636666e-03,
          6.9896537602029104e-03, 6.2396736343443967e-03,
          4.2063573607199685e-04, 5.5273432246408490e-03,
          -2.3921522321560335e-02, 5.2336304469264943e-04,
          3.1256439744800031e-02, 1.1831235105571626e-03,
          -1.6878051645165268e-04, -7.9389831833311698e-03,
          -1.8037248005964867e-03, 7.8416216784025626e-04,
          -3.9138961601929249e-03, -1.4901069392990909e-03,
          8.5001993316153246e-04, 1.1831235105571629e-03,
          1.4833290143526192e-02, 2.5569135353967058e-04,
          2.8318485057983808e-04, -6.0284037385045777e-05,
          1.6133725930788409e-03, -5.3250525802457725e-04,
          2.0574215766523216e-03, 1.9223645055636666e-03,
          -1.6878051645165262e-04, 2.5569135353967069e-04,
          2.2343699923887468e-02, -1.9998493349413478e-03,
          1.2130228307215170e-03, -3.4862168556232783e-03,
          1.6773428707982701e-03, 2.2594040113239552e-02,
          6.9896537602029104e-03, -7.9389831833311716e-03,
          2.8318485057983814e-04, -1.9998493349413483e-03,
          5.7841043231281711e-02, 7.7548568801489018e-03,
          -5.5778521412841757e-04, 4.2544839654166326e-04,
          1.7671587886297156e-02, 6.2396736343443967e-03,
          -1.8037248005964863e-03, -6.0284037385045825e-05,
          1.2130228307215170e-03, 7.7548568801489026e-03,
          1.2937359020794594e-02, -1.5015515544330848e-03,
          6.3159041130453602e-03, -1.2155026182619569e-03,
          4.2063573607199685e-04, 7.8416216784025626e-04,
          1.6133725930788411e-03, -3.4862168556232783e-03,
          -5.5778521412841887e-04, -1.5015515544330848e-03,
          1.1257125522796584e-01, 4.4182492579097473e-03,
          1.5305124797925002e-02, 5.5273432246408490e-03,
          -3.9138961601929249e-03, -5.3250525802457703e-04,
          1.6773428707982695e-03, 4.2544839654166277e-04,
          6.3159041130453602e-03, 4.4182492579097473e-03,
          6.4381557097295455e-02 ]
   - !!opencv-matrix
      rows: 9
      cols: 9
      dt: d
      data: [ 3.9441033365905037e-01, 3.3450485062128105e-01,
          3.7380103093216564e-02, 6.4196267193883147e-02,
          4.2287040586691374e-02, 8.5330980898109560e-02,
          -3.0865819970422155e-02, 5.4325526115699144e-02,
          -5.8152928445815962e-03, 3.3450485062128105e-01,
          7.1751276121760288e-01, 4.0894018227805124e-03,
          1.2620500024095932e-01, 1.1155015693209942e-01,
          1.5009621969931033e-01, -2.2951872322246070e-01,
          4.3686805813984465e-02, -8.9943624707823924e-02,
          3.7380103093216564e-02, 4.0894018227805124e-03,
          1.6407758086716648e-01, 1.5746732171586279e-02,
          2.4253310897725932e-02, 1.4599637437056018e-02,
          6.0425710175168269e-02, 5.6532843018272064e-02,
          6.6054743736824906e-02, 6.4196267193883147e-02,
          1.2620500024095932e-01, 1.5746732171586279e-02,
          1.1547131293177901e-01, 9.1490884841464504e-02,
          9.2207135515195701e-02, -5.2113484514093457e-02,
          3.8474309597764544e-02, -4.3196044525758745e-02,
          4.2287040586691374e-02, 1.1155015693209942e-01,
          2.4253310897725939e-02, 9.1490884841464504e-02,
          3.8216171249517145e-01, 5.9676209837392580e-02,
          -1.3726522494376145e-01, 6.7312674776664375e-02,
          -1.5535510105850669e-01, 8.5330980898109560e-02,
          1.5009621969931031e-01, 1.4599637437056024e-02,
          9.2207135515195701e-02, 5.9676209837392580e-02,
          2.7022948998038815e-01, -4.6228793615378502e-02,
          2.6288171277533651e-02, -5.6837963010633680e-02,
          -3.0865819970422155e-02, -2.2951872322246070e-01,
          6.0425710175168262e-02, -5.2113484514093478e-02,
          -1.3726522494376142e-01, -4.6228793615378502e-02,
          4.9969351761067271e-01, -7.6884758838828823e-02,
          1.8157700672203500e-01, 5.4325526115699144e-02,
          4.3686805813984465e-02, 5.6532843018272064e-02,
          3.8474309597764544e-02, 6.7312674776664375e-02,
          2.6288171277533651e-02, -7.6884758838828823e-02,
          3.0116010351075445e-01, 2.1146560678214164e-02,
          -5.8152928445815962e-03, -8.9943624707823924e-02,
          6.6054743736824920e-02, -4.3196044525758745e-02,
          -1.5535510105850669e-01, -5.6837963010633666e-02,
          1.8157700672203500e-01, 2.1146560678214160e-02,
          4.0370192227548701e-01 ]
   - !!opencv-matrix
      rows: 9
      cols: 9
      dt: d
      data: [ 1.1069816104675234e-01, 2.5495772888995363e-02,
          -3.9112802415293337e-02, 3.6450622438547295e-03,
          1.2223089728360621e-02, 4.3911037494749214e-02,
          9.0102796261733523e-03, 2.2672969804028828e-03,
          1.6216341820091747e-03, 2.5495772888995370e-02,
          2.1860753505791329e-02, 1.1208607915531429e-03,
          4.2669169909043195e-03, 1.1405276012469932e-02,
          1.8279038278576073e-02, 9.9940895667232823e-03,
          3.1582159040691739e-03, 4.7223886709846993e-03,
          -3.9112802415293350e-02, 1.1208607915531446e-03,
          1.5658235898519901e-01, 3.1216207471847731e-03,
          5.6660949428368450e-03, -5.5925860985387231e-02,
          1.2486101320263255e-02, 8.6822399699311198e-04,
          1.0065673789145415e-02, 3.6450622438547299e-03,
          4.2669169909043195e-03, 3.1216207471847731e-03,
          7.1311138387871471e-03, 3.5418522968733860e-03,
          2.9319271179558113e-03, 2.8477426348128380e-03,
          8.6299625605018387e-04, 9.2472448722563140e-04,
          1.2223089728360621e-02, 1.1405276012469932e-02,
          5.6660949428368450e-03, 3.5418522968733851e-03,
          9.5020574764753313e-02, 1.0061219860604707e-02,
          2.0959175869410072e-02, 2.5238465103793514e-03,
