%YAML:1.0
---
groups:
   - intact
   - CD19
   - blast
intactGmmnames:
   - "intact.513.0"
   - "intact.513.1"
   - "intact.513.2"
   - "intact.513.3"
   - "intact.513.4"
intactLabels:
   - FSC-A
   - SSC-A
   - SY41
   - CD19
   - CD10
   - CD20
   - CD45
   - CD34
   - CD38
intactMu: !!opencv-matrix
   rows: 5
   cols: 9
   dt: d
   data: [ 2.0406709067038267e+00, 3.6000573826144633e-01,
       4.2638261357457621e+00, 1.1037757715673480e+00,
       6.7313978400931729e-01, 8.1834218350186871e-01,
       3.7786875880857504e+00, 1.1108113551807175e+00,
       1.5227078264242049e+00, 2.7919728897807143e+00,
       1.9786571123584902e+00, 4.0633351918222385e+00,
       1.5418645194326281e+00, 1.6240742525229008e+00,
       1.1603559401685899e+00, 2.8752723234377449e+00,
       1.3263547351044460e+00, 1.6364193961522653e+00,
       1.7538702375257189e+00, 2.2578825050369369e-01,
       4.3637414943550645e+00, 1.0588536744367436e+00,
       5.8615716855163658e-01, 6.4980590630038304e-01,
       3.6593656292780650e+00, 1.0805421218776445e+00,
       1.7231252048758188e+00, 2.0301732208901431e+00,
       4.2799269740389451e-01, 4.2259924753866978e+00,
       1.1169547451002946e+00, 9.7363248285389126e-01,
       8.0249140982139189e-01, 3.7823257958813268e+00,
       1.1620017491352310e+00, 2.2264508354247425e+00,
       1.5821065655405806e+00, 4.5842799136445961e-01,
       4.2235535750942468e+00, 1.1299867033465794e+00,
       1.0041213051160933e+00, 9.0898648714623898e-01,
       1.3769016542122485e+00, 1.0772527361916415e+00,
       1.4095584346207319e+00 ]
intactSigma:
   - !!opencv-matrix
      rows: 9
      cols: 9
      dt: d
      data: [ 1.1420149114750444e-01, 6.1273571103334333e-03,
          -3.6037266129768618e-03, -2.5717405426970187e-03,
          2.6338269719550765e-03, 2.7686145937282037e-03,
          8.4282517752652403e-03, 2.9630736186170028e-03,
          -5.7732687561241518e-03, 6.1273571103334324e-03,
          1.0018654689659040e-02, -3.5816017730382877e-03,
          1.8701553976913988e-03, 3.4168249985667442e-03,
          4.4631599184780874e-03, 7.2762874239113177e-03,
          2.1346912893797007e-04, -5.4189301041420368e-04,
          -3.6037266129768618e-03, -3.5816017730382877e-03,
          7.6693313472149241e-03, -4.1168052239265137e-04,
          -2.5512435395799054e-03, -4.0114779181871013e-03,
          -5.5928257196328664e-03, 7.9108070476344898e-04,
          3.3804090293909313e-04, -2.5717405426970183e-03,
          1.8701553976913992e-03, -4.1168052239265126e-04,
          2.6252913083507003e-02, 8.4223471001278075e-04,
          1.2331948677021811e-03, 7.0767885425925372e-04,
          1.3828102590931826e-03, -4.7677204255311238e-03,
          2.6338269719550765e-03, 3.4168249985667451e-03,
          -2.5512435395799054e-03, 8.4223471001278096e-04,
          4.0938873322687294e-02, -1.1316335141711745e-03,
          2.1873290355390734e-03, -5.9223585789660096e-03,
          -1.6479836871867075e-03, 2.7686145937282029e-03,
          4.4631599184780874e-03, -4.0114779181871004e-03,
          1.2331948677021813e-03, -1.1316335141711745e-03,
          2.4819481274163068e-02, 4.0159042575095864e-03,
          -7.9730696046297403e-04, 7.0051433351734087e-04,
          8.4282517752652403e-03, 7.2762874239113194e-03,
          -5.5928257196328655e-03, 7.0767885425925393e-04,
          2.1873290355390734e-03, 4.0159042575095864e-03,
          1.3445997079605188e-02, -7.8746302831170982e-04,
          -2.1360849005795250e-04, 2.9630736186170045e-03,
          2.1346912893796972e-04, 7.9108070476344898e-04,
          1.3828102590931826e-03, -5.9223585789660096e-03,
          -7.9730696046297403e-04, -7.8746302831170982e-04,
          1.6401559344692343e-01, 3.1655006595798655e-03,
          -5.7732687561241492e-03, -5.4189301041420357e-04,
          3.3804090293909313e-04, -4.7677204255311256e-03,
          -1.6479836871867068e-03, 7.0051433351734087e-04,
          -2.1360849005795258e-04, 3.1655006595798659e-03,
          4.6811035663297598e-02 ]
   - !!opencv-matrix
      rows: 9
      cols: 9
      dt: d
      data: [ 8.4521066463164940e-01, 6.7620575945016392e-01,
          1.7923303870414031e-01, 1.3015362923664872e-01,
          1.4514751937083772e-01, -8.4062915660274254e-02,
          1.0680766252854038e-01, -9.7296432213693176e-02,
          -5.7160126624032019e-02, 6.7620575945016392e-01,
          1.5240724808224286e+00, 3.0305036009553626e-01,
          2.9464758090893900e-01, 4.7428201802587611e-01,
          -1.5150437922793181e-01, 1.7829291341173079e-01,
          -1.4132745776122027e-01, -1.2511268444326482e-01,
          1.7923303870414031e-01, 3.0305036009553626e-01,
          2.2105241060168149e-01, 6.7034606716410899e-02,
          1.1591540732467927e-01, -6.5112281840766284e-02,
          1.2775161756127928e-01, -1.0168550532228099e-01,
          1.7467640934659971e-03, 1.3015362923664872e-01,
          2.9464758090893900e-01, 6.7034606716410899e-02,
          1.5122357021409771e-01, 1.2588139125079664e-01,
          6.1246205769116255e-02, 6.6155610469040546e-02,
          -1.4343309269308003e-02, 2.6789563889422180e-03,
          1.4514751937083770e-01, 4.7428201802587605e-01,
          1.1591540732467927e-01, 1.2588139125079664e-01,
          6.0072486462064367e-01, -9.2731241614696855e-03,
          9.6087511668012555e-03, -2.3910692437069496e-02,
          -1.8042176214541428e-03, -8.4062915660274226e-02,
          -1.5150437922793178e-01, -6.5112281840766284e-02,
          6.1246205769116255e-02, -9.2731241614696855e-03,
          2.6846495865872938e-01, 2.4546263726171649e-02,
          5.5094844388250241e-02, 6.2176786058232993e-02,
          1.0680766252854039e-01, 1.7829291341173079e-01,
          1.2775161756127928e-01, 6.6155610469040546e-02,
          9.6087511668012521e-03, 2.4546263726171649e-02,
          4.3339193748194382e-01, -4.0129936811351803e-02,
          6.5968463719484796e-02, -9.7296432213693204e-02,
          -1.4132745776122022e-01, -1.0168550532228099e-01,
          -1.4343309269308003e-02, -2.3910692437069499e-02,
          5.5094844388250241e-02, -4.0129936811351803e-02,
          2.3187050441709828e-01, 1.9950308587945935e-02,
          -5.7160126624032026e-02, -1.2511268444326482e-01,
          1.7467640934659965e-03, 2.6789563889422158e-03,
          -1.8042176214541422e-03, 6.2176786058232993e-02,
          6.5968463719484796e-02, 1.9950308587945931e-02,
          1.9676513569864332e-01 ]
   - !!opencv-matrix
      rows: 9
      cols: 9
      dt: d
      data: [ 8.1117096738573286e-02, 4.2699331060895651e-03,
          -8.3329002936873356e-03, -1.7910208678907625e-03,
          5.2180556099570650e-03, 8.0125631618830975e-03,
          5.8806117231984334e-03, 2.2619351204537681e-03,
          -9.0372528365930749e-04, 4.2699331060895651e-03,
          2.8544456750809345e-03, -1.5501316014343836e-03,
          5.0116562544862489e-04, 1.9756022865047560e-03,
          2.8165804789291337e-03, 1.7234351722382900e-03,
          2.3554536152013334e-04, -2.1951060573417954e-03,
          -8.3329002936873356e-03, -1.5501316014343842e-03,
          8.7012581853383193e-03, -1.0501269359135646e-04,
          -4.5688538252160122e-03, -7.7740234182492587e-03,
          -5.1253762248949797e-04, 4.4991144715041532e-04,
          6.1431035221340630e-04, -1.7910208678907629e-03,
          5.0116562544862489e-04, -1.0501269359135648e-04,
          1.7560192031087073e-02, 5.3009035129359858e-04,
          5.7422496517103795e-04, -4.0495666927042347e-04,
          1.1586820456742847e-03, -2.9986781780817176e-03,
          5.2180556099570650e-03, 1.9756022865047565e-03,
          -4.5688538252160122e-03, 5.3009035129359826e-04,
          3.7082241798195394e-02, 1.6732531171112243e-03,
