%YAML:1.0
---
groups:
   - intact
   - CD19
intactGmmnames:
   - "intact.513.0"
   - "intact.513.1"
   - "intact.513.2"
   - "intact.513.3"
   - "intact.513.4"
intactLabels:
   - FSC-A
   - SSC-A
   - SY41
   - CD19
   - CD10
   - CD20
   - CD45
   - CD34
   - CD38
intactMu: !!opencv-matrix
   rows: 5
   cols: 9
   dt: d
   data: [ 1.1898088082620408e+00, 2.9010561130180512e-01,
       2.4768953474963396e+00, 1.0522393912936394e+00,
       7.4381901692704500e-01, 8.0391646189576016e-01,
       3.3694621117848182e+00, 9.6508317227944529e-01,
       1.5526824413181821e+00, 3.0976471233500864e+00,
       3.4130587540112844e+00, 2.5675412474507073e+00,
       1.4535415585950442e+00, 1.2387106950269080e+00,
       1.2648329579234663e+00, 2.4467718711874440e+00,
       1.0615785015510719e+00, 1.6746488501339176e+00,
       1.6937770131852663e+00, 5.1321787617993786e-01,
       2.5039645344355512e+00, 1.0905129494320251e+00,
       7.5496364613064459e-01, 8.8343433634803392e-01,
       3.5010728317999127e+00, 9.9125785874015859e-01,
       1.5906463093564926e+00, 1.3827365627404284e+00,
       3.6014212977400267e-01, 2.9186581630072714e+00,
       1.0538167264552636e+00, 8.2784204346401558e-01,
       8.7672248215779180e-01, 1.1268605965560952e+00,
       9.8301370632749274e-01, 1.4904774025051823e+00,
       2.0572589604384817e+00, 1.0041067060925919e+00,
       2.6616166944291537e+00, 1.1788427400758383e+00,
       1.1886873119241543e+00, 1.0765973904700954e+00,
       3.0097930001360931e+00, 1.2416415665842395e+00,
       2.2431441391640643e+00 ]
intactSigma:
   - !!opencv-matrix
      rows: 9
      cols: 9
      dt: d
      data: [ 9.0991187619934730e-02, 1.3001746369614214e-02,
          -1.4048095743365080e-02, 5.7589601382412056e-04,
          1.5035144690597104e-03, 8.7709919070990596e-03,
          1.1369094812711415e-02, -1.7091939825937222e-03,
          -3.4758542772009367e-03, 1.3001746369614214e-02,
          8.3264660655194851e-03, 1.2066289656774568e-04,
          7.0244878664221333e-04, 1.2496742459296017e-03,
          4.5882046536225730e-03, 3.7033729534001634e-03,
          -7.2126445358079239e-05, -1.0242952122129344e-03,
          -1.4048095743365074e-02, 1.2066289656774561e-04,
          2.5930419599295353e-02, -1.8751806352441112e-04,
          9.9492515731232616e-04, 8.1840625928132626e-04,
          -2.5829167842445462e-03, 1.1561633178850009e-03,
          1.9041492141384636e-03, 5.7589601382412100e-04,
          7.0244878664221333e-04, -1.8751806352441114e-04,
          9.3540213180415173e-03, 3.0460875164045332e-04,
          7.2221109786375253e-04, -6.3866567004999011e-05,
          9.3770716448567223e-04, -1.4099072722368140e-03,
          1.5035144690597111e-03, 1.2496742459296014e-03,
          9.9492515731232638e-04, 3.0460875164045338e-04,
          2.3915761976798584e-02, -2.7448379513282492e-03,
          3.4507698355342597e-04, -3.0806818402365735e-03,
          -2.9929937108724242e-04, 8.7709919070990596e-03,
          4.5882046536225747e-03, 8.1840625928132648e-04,
          7.2221109786375253e-04, -2.7448379513282492e-03,
          3.4579163641391769e-02, 2.2752092748739698e-03,
          -2.7648791200333235e-04, -9.0028016954776639e-04,
          1.1369094812711415e-02, 3.7033729534001634e-03,
          -2.5829167842445458e-03, -6.3866567004998998e-05,
          3.4507698355342597e-04, 2.2752092748739693e-03,
          9.2846873641527633e-03, -2.2305092569322752e-03,
          -1.6242164660854512e-03, -1.7091939825937229e-03,
          -7.2126445358079185e-05, 1.1561633178850009e-03,
          9.3770716448567223e-04, -3.0806818402365726e-03,
          -2.7648791200333240e-04, -2.2305092569322744e-03,
          9.0861535262655016e-02, 8.9219619637025246e-04,
          -3.4758542772009367e-03, -1.0242952122129347e-03,
          1.9041492141384636e-03, -1.4099072722368144e-03,
          -2.9929937108724242e-04, -9.0028016954776607e-04,
          -1.6242164660854512e-03, 8.9219619637025246e-04,
          9.5092053563830825e-03 ]
   - !!opencv-matrix
      rows: 9
      cols: 9
      dt: d
      data: [ 3.2730708342975912e-01, 1.7290595046909898e-01,
          4.6594218456564133e-03, 2.5220030242555872e-02,
          -1.0983123701847442e-02, 5.4312582456147625e-02,
          2.9617100613355915e-02, 3.2893120330106079e-02,
          1.3710984533933143e-03, 1.7290595046909898e-01,
          5.7540024638199860e-01, 7.5041812768836952e-02,
          4.9413720183274522e-02, 6.7770401045675846e-02,
          3.5458344722677129e-02, 2.9602875559420448e-02,
          -2.8212865327724601e-02, 1.9132358926011398e-02,
          4.6594218456564142e-03, 7.5041812768836952e-02,
          4.4415967718309857e-02, 1.7469128697598924e-03,
          3.1670233379246329e-03, -6.7777403864892590e-03,
          -9.9085761720335216e-03, -2.8784683096160082e-02,
          4.3302851139262882e-03, 2.5220030242555876e-02,
          4.9413720183274536e-02, 1.7469128697598919e-03,
          2.2101387909654310e-02, 6.9976927716404918e-03,
          1.2206470339749186e-02, 7.1015182923114218e-03,
          8.7023277406985608e-03, 3.2164129860574837e-04,
          -1.0983123701847433e-02, 6.7770401045675846e-02,
          3.1670233379246329e-03, 6.9976927716404918e-03,
          1.5666995971075207e-01, -4.0550308930332587e-03,
          1.4815960594083155e-02, 6.9628912365743267e-03,
          -1.0400923134493799e-02, 5.4312582456147625e-02,
          3.5458344722677129e-02, -6.7777403864892590e-03,
          1.2206470339749184e-02, -4.0550308930332605e-03,
          8.1330126981557629e-02, 2.8990823215197293e-02,
          3.0382816403954155e-02, 2.7085628576036337e-02,
          2.9617100613355922e-02, 2.9602875559420441e-02,
          -9.9085761720335199e-03, 7.1015182923114218e-03,
          1.4815960594083155e-02, 2.8990823215197300e-02,
          7.0134876355801096e-02, 1.9900816860705921e-02,
          2.3210676569953740e-02, 3.2893120330106086e-02,
          -2.8212865327724598e-02, -2.8784683096160082e-02,
          8.7023277406985625e-03, 6.9628912365743215e-03,
          3.0382816403954155e-02, 1.9900816860705921e-02,
          7.9489005228765883e-02, 1.4392414463942689e-03,
          1.3710984533933147e-03, 1.9132358926011398e-02,
          4.3302851139262874e-03, 3.2164129860574842e-04,
          -1.0400923134493799e-02, 2.7085628576036344e-02,
          2.3210676569953740e-02, 1.4392414463942689e-03,
          4.8835559364248479e-02 ]
   - !!opencv-matrix
      rows: 9
      cols: 9
      dt: d
      data: [ 1.9854821062905437e-01, 2.9421645943498897e-02,
          1.3859895267338529e-02, 3.9046324973846929e-04,
          2.5318609927529943e-03, 1.4215079251482262e-02,
          1.2386072764114265e-02, -2.9047102752338674e-03,
          -8.7800937499479207e-03, 2.9421645943498897e-02,
          3.6186544706419216e-02, 1.4007185855402848e-02,
          2.8978674236301311e-03, 2.5673858794560060e-03,
          9.9030344921505562e-03, 1.1977808662296367e-02,
          -1.2381028931271335e-03, -3.7367150730157708e-03,
          1.3859895267338527e-02, 1.4007185855402848e-02,
          2.6495698148173333e-02, 1.3726763230819756e-03,
          6.4315969791840170e-04, 3.4639981201595484e-03,
          9.8338213047572606e-03, -1.2636032315611776e-03,
          -2.3841824797229795e-03, 3.9046324973846902e-04,
          2.8978674236301311e-03, 1.3726763230819750e-03,
          1.4636246376653101e-02, 2.6878991497236373e-04,
          8.4708502569225119e-04, 1.3674861325089765e-03,
          1.0200236056752987e-03, -2.4279820922892574e-03,
          2.5318609927529943e-03, 2.5673858794560060e-03,
          6.4315969791840192e-04, 2.6878991497236379e-04,
          2.5081074970004724e-02, -2.0667413879997521e-03,
          -5.4574971540213054e-04, -5.1226682329922517e-03,
