%YAML:1.0
---
groups:
   - intact
   - CD19
intactGmmnames:
   - "intact.515.0"
   - "intact.515.1"
   - "intact.515.2"
   - "intact.515.3"
   - "intact.515.4"
intactLabels:
   - FSC-A
   - SSC-A
   - SY41
   - CD19
   - CD10
   - CD20
   - CD45
   - CD34
   - CD38
intactMu: !!opencv-matrix
   rows: 5
   cols: 9
   dt: d
   data: [ 3.3807743174683438e+00, 3.4158346629553340e+00,
       3.3186440802895989e+00, 1.7099156451760409e+00,
       1.6071521804260305e+00, 1.5614090592397110e+00,
       2.6790970661141285e+00, 1.0173482565835075e+00,
       1.5332583138866973e+00, 1.6576438870702930e+00,
       3.5064708448125737e-01, 3.3233792712677568e+00,
       1.0943046404764811e+00, 9.5346218850372111e-01,
       1.1641595952137427e+00, 3.2307051689909807e+00,
       9.9702336526185176e-01, 1.5349045434621036e+00,
       2.2990061852196404e+00, 7.4411047516410300e-01,
       3.3075968474816251e+00, 1.2728960043131177e+00,
       1.2501114477108350e+00, 1.4623168218989915e+00,
       1.5098191513686041e+00, 1.0681346106118641e+00,
       1.5052063206244009e+00, 2.7862508466167459e+00,
       1.9833648649030282e+00, 3.3025659321738781e+00,
       1.5233414056988392e+00, 1.6220991496157164e+00,
       1.7799084424668006e+00, 2.7200961129950634e+00,
       1.2370220129418197e+00, 1.9985837468274368e+00,
       3.5033185799646298e+00, 3.5833159171524844e+00,
       3.2818198200167830e+00, 1.7542797834546764e+00,
       2.3069083522499043e+00, 1.7324567532254553e+00,
       2.9780977037067520e+00, 1.1029033784581310e+00,
       1.4520882477703196e+00 ]
intactSigma:
   - !!opencv-matrix
      rows: 9
      cols: 9
      dt: d
      data: [ 3.1116471523461448e-01, 1.4924209324172996e-01,
          -6.4089384545041857e-04, 2.2853304886841959e-02,
          4.7830401180938391e-03, 2.4832303287727873e-02,
          5.6703827970758097e-03, 4.7585866150024261e-03,
          1.6671020730837484e-03, 1.4924209324172996e-01,
          3.8495471053490232e-01, 2.9246297739102508e-03,
          6.2130016308181282e-02, 9.1260760787004985e-02,
          4.9928921945951416e-02, 4.4389628017651159e-02,
          1.0290569419820757e-02, -3.4682946138741194e-04,
          -6.4089384545041824e-04, 2.9246297739102516e-03,
          7.9216828070608498e-03, 2.1602175188832444e-03,
          -1.3222289830656306e-02, 2.5216681363171112e-03,
          -5.3896872070543647e-03, 8.0773531629920757e-05,
          2.4099198619448674e-03, 2.2853304886841966e-02,
          6.2130016308181282e-02, 2.1602175188832435e-03,
          2.5246650777310777e-02, 1.1458312664585983e-02,
          9.4117383570482722e-03, 5.5375994737124033e-03,
          2.3653179864484078e-03, -2.9590462233730856e-03,
          4.7830401180938399e-03, 9.1260760787004985e-02,
          -1.3222289830656309e-02, 1.1458312664585983e-02,
          1.8860079873846211e-01, 1.0255100107508656e-02,
          4.5078943821580023e-02, 1.9029951324063047e-03,
          -7.3796671926947693e-03, 2.4832303287727869e-02,
          4.9928921945951416e-02, 2.5216681363171112e-03,
          9.4117383570482705e-03, 1.0255100107508656e-02,
          4.4444850725712970e-02, 6.9344645418326278e-03,
          4.0194572984366909e-03, 1.9149159667842244e-03,
          5.6703827970758097e-03, 4.4389628017651166e-02,
          -5.3896872070543647e-03, 5.5375994737124033e-03,
          4.5078943821580023e-02, 6.9344645418326278e-03,
          3.5088680040009576e-02, -1.1797493418890586e-03,
          -2.4582927720097599e-03, 4.7585866150024279e-03,
          1.0290569419820759e-02, 8.0773531629920988e-05,
          2.3653179864484087e-03, 1.9029951324063040e-03,
          4.0194572984366909e-03, -1.1797493418890591e-03,
          8.0701734196767905e-02, 4.4495560852834818e-04,
          1.6671020730837484e-03, -3.4682946138741178e-04,
          2.4099198619448670e-03, -2.9590462233730860e-03,
          -7.3796671926947667e-03, 1.9149159667842250e-03,
          -2.4582927720097590e-03, 4.4495560852834850e-04,
          1.5519693880186992e-02 ]
   - !!opencv-matrix
      rows: 9
      cols: 9
      dt: d
      data: [ 1.3835897636722344e-01, 1.9311241049574258e-02,
          -2.1037620210640481e-02, 2.6835953106921083e-03,
          6.6527082734176629e-03, 1.4192695759244126e-02,
          1.3132191269336615e-02, 2.4180342416446191e-03,
          -6.2829252586908105e-04, 1.9311241049574258e-02,
          2.2811257412135754e-02, -4.5566728647350261e-03,
          6.0815443895860886e-03, 1.5272643782698063e-02,
          2.2066183155165255e-02, 7.4912370382128344e-03,
          3.9819606753381444e-03, 4.7978918178518866e-05,
          -2.1037620210640477e-02, -4.5566728647350252e-03,
          1.4764834710381310e-02, -3.6666075414786443e-04,
          -2.9825829308755285e-04, -1.4793240959578525e-03,
          -3.3235784170313741e-03, 6.7952202743361528e-04,
          1.5854706024996288e-04, 2.6835953106921087e-03,
          6.0815443895860886e-03, -3.6666075414786432e-04,
          1.7062526539782026e-02, 5.3202103642489215e-03,
          7.3732448103011111e-03, 1.4884618127109330e-03,
          2.1797447266795962e-03, -2.1439348217323858e-03,
          6.6527082734176629e-03, 1.5272643782698063e-02,
          -2.9825829308755258e-04, 5.3202103642489224e-03,
          8.9834236430349212e-02, 9.7376442599385760e-03,
          3.8891636377063363e-03, 1.3737271243874569e-03,
          -6.6969957521814075e-04, 1.4192695759244129e-02,
          2.2066183155165252e-02, -1.4793240959578525e-03,
          7.3732448103011111e-03, 9.7376442599385760e-03,
          9.4884865659911832e-02, 5.4785199752933099e-03,
          5.8073151104031384e-03, -1.4065377093267094e-03,
          1.3132191269336615e-02, 7.4912370382128344e-03,
          -3.3235784170313741e-03, 1.4884618127109330e-03,
          3.8891636377063354e-03, 5.4785199752933099e-03,
          1.3269615004637197e-02, -2.8390232861022941e-04,
          -7.3077877661682336e-05, 2.4180342416446217e-03,
          3.9819606753381479e-03, 6.7952202743361550e-04,
          2.1797447266795958e-03, 1.3737271243874556e-03,
          5.8073151104031349e-03, -2.8390232861022962e-04,
          1.3021072041701789e-01, 1.0483513148250652e-03,
          -6.2829252586908040e-04, 4.7978918178518812e-05,
          1.5854706024996296e-04, -2.1439348217323858e-03,
          -6.6969957521814064e-04, -1.4065377093267098e-03,
          -7.3077877661682322e-05, 1.0483513148250650e-03,
          1.5034649987588336e-02 ]
   - !!opencv-matrix
      rows: 9
      cols: 9
      dt: d
      data: [ 6.1398971613395747e-01, 1.9591107063483681e-01,
          -6.6199825143650040e-02, 9.6018794261569021e-02,
          7.4008644239727070e-02, 1.1248979459380494e-01,
          1.3285413260891074e-01, 5.6549980865103787e-02,
          2.1389995348813091e-02, 1.9591107063483681e-01,
          2.3785855964167132e-01, -4.9469534925227356e-02,
          1.0563835421538581e-01, 1.2042962712912862e-01,
          1.3975932679294095e-01, 1.5356472750143046e-01,
          6.2556446968029006e-02, 2.5474899749577430e-02,
          -6.6199825143650040e-02, -4.9469534925227356e-02,
          1.0050230268284442e-01, -3.3710635758360460e-02,
          -6.4942022438587094e-03, -2.2199427989545401e-02,
          -3.5232829747078490e-02, -2.3459828340404127e-02,
          -7.3815414623540380e-03, 9.6018794261569007e-02,
          1.0563835421538581e-01, -3.3710635758360460e-02,
          6.7134101483874067e-02, 5.2277181450049413e-02,
          6.0060803554675302e-02, 7.6175173215476899e-02,
          3.2511856041777254e-02, 1.1332422064736988e-02,
          7.4008644239727070e-02, 1.2042962712912862e-01,
          -6.4942022438587085e-03, 5.2277181450049413e-02,
          1.5009138246982057e-01, 8.1688650168334292e-02,
          8.9158910813344872e-02, 2.9598841242445439e-02,
