%YAML:1.0
---
groups:
   - intact
   - CD19
intactGmmnames:
   - "intact.520.0"
   - "intact.520.1"
   - "intact.520.2"
   - "intact.520.3"
   - "intact.520.4"
intactLabels:
   - FSC-A
   - SSC-A
   - SY41
   - CD19
   - CD10
   - CD20
   - CD45
   - CD34
   - CD38
intactMu: !!opencv-matrix
   rows: 5
   cols: 9
   dt: d
   data: [ 2.3375467313729694e+00, 1.0644404375105225e+00,
       3.7151019526230202e+00, 1.3112996241735220e+00,
       1.0216222525142289e+00, 1.2459083410866791e+00,
       3.4675400628374522e+00, 1.6181810001052366e+00,
       2.8227269847467409e+00, 8.6719877895178787e-01,
       2.5480929885397802e-01, 3.9736277587007485e+00,
       1.1177842249421357e+00, 7.8914676021828722e-01,
       9.7958247303091550e-01, 3.5371805843361637e+00,
       1.0821971012589173e+00, 1.7368435300969822e+00,
       1.6487990279146330e+00, 3.3210929711503967e-01,
       3.5913803938998119e+00, 1.1392237960687432e+00,
       8.6722560859983910e-01, 1.1725373883585486e+00,
       3.5883754728472446e+00, 1.0658586534023544e+00,
       1.7151914319239889e+00, 1.3631977116094227e+00,
       3.4030047450267525e-01, 3.9366979372537090e+00,
       1.0832523512702144e+00, 1.0354598122189327e+00,
       1.0417260583890342e+00, 1.3897399003370114e+00,
       1.0650611531690917e+00, 1.5245721428342658e+00,
       2.6033801328103690e+00, 2.0595500549152641e+00,
       3.8200086765408310e+00, 1.6136414065266018e+00,
       1.4637071625426945e+00, 1.6042044209460300e+00,
       2.8565091451369247e+00, 1.3216888627162089e+00,
       2.1130163643021072e+00 ]
intactSigma:
   - !!opencv-matrix
      rows: 9
      cols: 9
      dt: d
      data: [ 5.3370463621400788e-01, 2.6718722359905989e-01,
          6.0372129778062479e-02, 5.6089900941308224e-02,
          6.1994044835555102e-02, 5.7788131663242127e-02,
          -8.7168534712311466e-02, 2.2888552033633300e-01,
          9.8396964033318365e-02, 2.6718722359905994e-01,
          3.5096635339524490e-01, 5.2626425971968642e-02,
          6.4364208367853490e-02, 8.2996905843072552e-02,
          7.2097142176063056e-02, -1.0618967944976583e-01,
          2.7625842162405839e-01, 1.8678851678440830e-01,
          6.0372129778062479e-02, 5.2626425971968642e-02,
          5.2826421834513165e-02, 1.2419518802693057e-02,
          1.1970526878366571e-02, 5.8213300095964456e-03,
          -3.3885278713219266e-02, 6.4220501786238213e-02,
          -2.2108501242038503e-02, 5.6089900941308224e-02,
          6.4364208367853490e-02, 1.2419518802693057e-02,
          4.8251253297321425e-02, 1.4344386954247130e-02,
          1.2217665638560747e-02, -1.4862167807663536e-02,
          4.7307945217449361e-02, 2.9077841188794102e-02,
          6.1994044835555095e-02, 8.2996905843072552e-02,
          1.1970526878366569e-02, 1.4344386954247133e-02,
          9.1561345661895402e-02, 2.2984274723500710e-02,
          -3.1877833537575735e-02, 8.4687356307389453e-02,
          6.1425194619460805e-02, 5.7788131663242120e-02,
          7.2097142176063056e-02, 5.8213300095964456e-03,
          1.2217665638560750e-02, 2.2984274723500706e-02,
          5.9748289203073637e-02, -2.1459788260734278e-02,
          6.6115236822193876e-02, 4.4517986981465758e-02,
          -8.7168534712311466e-02, -1.0618967944976583e-01,
          -3.3885278713219266e-02, -1.4862167807663536e-02,
          -3.1877833537575735e-02, -2.1459788260734275e-02,
          9.3490335053283635e-02, -1.6208045785054356e-01,
          -9.1077586104494582e-02, 2.2888552033633300e-01,
          2.7625842162405839e-01, 6.4220501786238213e-02,
          4.7307945217449347e-02, 8.4687356307389466e-02,
          6.6115236822193876e-02, -1.6208045785054356e-01,
          6.0566945592752741e-01, 2.5602894770367146e-01,
          9.8396964033318365e-02, 1.8678851678440830e-01,
          -2.2108501242038500e-02, 2.9077841188794095e-02,
          6.1425194619460805e-02, 4.4517986981465765e-02,
          -9.1077586104494568e-02, 2.5602894770367146e-01,
          4.9779710918415521e-01 ]
   - !!opencv-matrix
      rows: 9
      cols: 9
      dt: d
      data: [ 6.0037488310778812e-02, 7.1293521102910812e-03,
          -1.8919207214765730e-02, 2.2860465111345044e-03,
          7.8435281595546375e-03, 2.0553258446601674e-02,
          5.3302808795321005e-03, 5.1233625709959989e-05,
          1.8433297412936251e-04, 7.1293521102910821e-03,
          1.0594001002015100e-02, -2.3596415511625696e-03,
          2.3867571394597400e-03, 7.4345698404108948e-03,
          1.2646514963636720e-02, 2.2321128589877287e-03,
          1.8550944499278871e-03, -1.9912999973658290e-03,
          -1.8919207214765730e-02, -2.3596415511625696e-03,
          1.5092378715562760e-02, -5.7211406425254131e-04,
          -3.8876257775633072e-03, -1.1725513824246834e-02,
          -2.8118163989830224e-03, 1.0806160885625869e-03,
          -2.5087250293103982e-04, 2.2860465111345044e-03,
          2.3867571394597395e-03, -5.7211406425254142e-04,
          2.8966756244012334e-02, 2.4557277456079972e-03,
          3.8529954589736496e-03, 1.1937943358377176e-03,
          2.1764241489114259e-03, -2.6071002859545029e-03,
          7.8435281595546410e-03, 7.4345698404108948e-03,
          -3.8876257775633085e-03, 2.4557277456079981e-03,
          6.7481945124672094e-02, 9.3249059017150478e-03,
          2.0634258664877165e-03, -3.0589531579605428e-03,
          -2.4884121729272079e-03, 2.0553258446601674e-02,
          1.2646514963636722e-02, -1.1725513824246834e-02,
          3.8529954589736504e-03, 9.3249059017150478e-03,
          6.2353224198100674e-02, 5.2961404450114977e-03,
          1.1829625918506029e-03, -6.1049560103974138e-03,
          5.3302808795321023e-03, 2.2321128589877287e-03,
          -2.8118163989830219e-03, 1.1937943358377176e-03,
          2.0634258664877165e-03, 5.2961404450114977e-03,
          5.6565916333565633e-03, -8.9789180504249995e-04,
          3.2665161126523571e-04, 5.1233625709959393e-05,
          1.8550944499278880e-03, 1.0806160885625860e-03,
          2.1764241489114254e-03, -3.0589531579605441e-03,
          1.1829625918506040e-03, -8.9789180504249962e-04,
          1.1814740230740113e-01, 1.5258840787597825e-03,
          1.8433297412936224e-04, -1.9912999973658290e-03,
          -2.5087250293103982e-04, -2.6071002859545033e-03,
          -2.4884121729272079e-03, -6.1049560103974155e-03,
          3.2665161126523555e-04, 1.5258840787597825e-03,
          2.9756890450995083e-02 ]
   - !!opencv-matrix
      rows: 9
      cols: 9
      dt: d
      data: [ 1.7776262272710913e-01, 1.7147361765603678e-02,
          -2.9396376292430246e-03, 8.7515259324261966e-03,
          6.9000330312609937e-03, 1.2733311893419596e-02,
          1.4871826657225551e-02, 1.0718880116540487e-04,
          8.0389172399968631e-04, 1.7147361765603681e-02,
          1.6989823266616143e-02, -1.3146020611685982e-03,
          4.9254052189137247e-03, 7.3800711216071109e-03,
          1.1716937506066885e-02, 6.3560840582936404e-03,
          1.8710361941088763e-03, 7.9669659770050883e-04,
          -2.9396376292430250e-03, -1.3146020611685984e-03,
          7.7900512751114337e-03, -1.9472593964114297e-04,
          1.1300853559937195e-04, -1.1098158157083619e-05,
          3.3845803617891742e-04, -3.3109686185288675e-05,
          -1.2479451009263520e-03, 8.7515259324261983e-03,
          4.9254052189137264e-03, -1.9472593964114292e-04,
          3.2112039802853001e-02, 2.3025554639665119e-03,
          3.6011871778378669e-03, 3.9896772915488750e-03,
          2.1680451800525206e-03, 4.7924289456064346e-05,
          6.9000330312609937e-03, 7.3800711216071109e-03,
          1.1300853559937193e-04, 2.3025554639665127e-03,
          5.7718471681661110e-02, 5.3973741966101820e-03,
          1.7733362693610614e-03, -4.2696680640022314e-03,
