%YAML:1.0
---
groups:
   - intact
   - CD19
intactGmmnames:
   - "intact.521.0"
   - "intact.521.1"
   - "intact.521.2"
   - "intact.521.3"
   - "intact.521.4"
intactLabels:
   - FSC-A
   - SSC-A
   - SY41
   - CD19
   - CD10
   - CD20
   - CD45
   - CD34
   - CD38
intactMu: !!opencv-matrix
   rows: 5
   cols: 9
   dt: d
   data: [ 1.3633089578913020e+00, 4.1473536625214913e-01,
       3.9340171172790162e+00, 1.1699732136253409e+00,
       8.0529420106710470e-01, 1.0625485845640843e+00,
       3.6448788124800884e+00, 1.0653963989099018e+00,
       1.6826842167439051e+00, 3.3748136745107047e+00,
       3.7742865806303820e+00, 3.7216581992821158e+00,
       1.8360910228237013e+00, 2.8706372339567263e+00,
       1.2305293080179383e+00, 3.3022083612946269e+00,
       1.0973962119955620e+00, 1.7470556884607871e+00,
       2.1890145670291896e+00, 8.7575592528436697e-01,
       3.7709831629878785e+00, 1.3202476786790096e+00,
       9.0916542845287851e-01, 1.2520010592351347e+00,
       3.7053633021522305e+00, 1.3297793139045659e+00,
       2.6508275818154394e+00, 1.8139125191480931e+00,
       1.0245553931049611e+00, 3.8188053779924314e+00,
       1.2662331915872702e+00, 1.2480742379316681e+00,
       1.2020821755967648e+00, 1.8001202331206114e+00,
       1.2544685475642603e+00, 1.6552453868199459e+00,
       3.3539893801627070e+00, 3.2278429154181714e+00,
       3.7694671728299247e+00, 1.7254926611706838e+00,
       1.2691244933665009e+00, 1.3929156478903304e+00,
       3.1660532634827527e+00, 1.1265498669985841e+00,
       2.2047997202664202e+00 ]
intactSigma:
   - !!opencv-matrix
      rows: 9
      cols: 9
      dt: d
      data: [ 3.9503657056233554e-01, 5.3131886383030791e-02,
          -1.0862178420450658e-01, 1.9207429863918102e-02,
          3.6316754093068657e-02, 8.4894368220945038e-02,
          4.2205464905340481e-02, -2.2579144367563236e-03,
          -1.8916775918917811e-03, 5.3131886383030791e-02,
          2.5976400152418803e-02, -8.7782338117115728e-03,
          6.2512895369294229e-03, 1.1447664138782039e-02,
          2.0770586891213489e-02, 1.1666660949084137e-02,
          1.4919237121525319e-03, -1.2262470293921200e-03,
          -1.0862178420450658e-01, -8.7782338117115728e-03,
          5.7954690103833445e-02, -2.0951849600951496e-03,
          -1.3738897967011374e-02, -3.3326565680544804e-02,
          -8.8550750518397829e-03, 2.0270749944940243e-03,
          9.8983318945193707e-04, 1.9207429863918098e-02,
          6.2512895369294229e-03, -2.0951849600951496e-03,
          2.5250152987089085e-02, 2.4498462729208113e-03,
          4.8856735901223226e-03, 4.4626940971640916e-03,
          1.9644735869499995e-03, -9.5023486682667033e-04,
          3.6316754093068657e-02, 1.1447664138782045e-02,
          -1.3738897967011370e-02, 2.4498462729208113e-03,
          7.6868329352897349e-02, 1.4953776534739949e-02,
          4.5097893575143967e-03, -3.7165485544969450e-03,
          -1.9891485229144770e-03, 8.4894368220945038e-02,
          2.0770586891213489e-02, -3.3326565680544804e-02,
          4.8856735901223235e-03, 1.4953776534739950e-02,
          6.3283251953763234e-02, 1.2554264670592575e-02,
          1.5211038721345545e-03, -3.5802719615439177e-03,
          4.2205464905340481e-02, 1.1666660949084140e-02,
          -8.8550750518397829e-03, 4.4626940971640916e-03,
          4.5097893575143967e-03, 1.2554264670592575e-02,
          1.3393174627961198e-02, -3.5118012777645758e-04,
          2.5951092306275889e-04, -2.2579144367563214e-03,
          1.4919237121525325e-03, 2.0270749944940230e-03,
          1.9644735869500003e-03, -3.7165485544969458e-03,
          1.5211038721345547e-03, -3.5118012777645774e-04,
          1.2362179559867258e-01, 1.0901341736381158e-03,
          -1.8916775918917817e-03, -1.2262470293921200e-03,
          9.8983318945193664e-04, -9.5023486682667033e-04,
          -1.9891485229144778e-03, -3.5802719615439169e-03,
          2.5951092306275889e-04, 1.0901341736381158e-03,
          1.3847125593538271e-02 ]
   - !!opencv-matrix
      rows: 9
      cols: 9
      dt: d
      data: [ 2.8090850881466334e-01, 9.0141962197576503e-02,
          -1.7365264336559466e-02, 1.3753811578251800e-02,
          -5.2057112465353026e-03, 1.8616821628405479e-02,
          6.3168367759235946e-03, 6.8493252741801439e-04,
          6.4040102915362117e-03, 9.0141962197576503e-02,
          2.6080296680166609e-01, -1.4755080232784403e-02,
          2.5539470641980661e-02, 3.0423411369451876e-02,
          2.9997320933493939e-02, 1.7384129807691114e-02,
          4.0242748242240124e-03, -1.6044563517336520e-05,
          -1.7365264336559473e-02, -1.4755080232784403e-02,
          4.2119630570262967e-02, -4.3532076766702029e-03,
          -1.9845321444258657e-02, -6.4225695856064144e-03,
          -2.2889107904969570e-02, -9.5457840264472399e-05,
          -5.6182963833495561e-03, 1.3753811578251800e-02,
          2.5539470641980661e-02, -4.3532076766702021e-03,
          2.8960781761095799e-02, 5.8058404561580519e-03,
          2.6850578562408254e-03, 8.3402498967009072e-03,
          1.8365341789697667e-03, 3.2394945810942683e-04,
          -5.2057112465353043e-03, 3.0423411369451876e-02,
          -1.9845321444258657e-02, 5.8058404561580519e-03,
          1.3555094419001532e-01, 1.2146592732190089e-02,
          3.7858522974166003e-02, 9.5543828863233968e-04,
          -2.1962652248031715e-03, 1.8616821628405483e-02,
          2.9997320933493939e-02, -6.4225695856064153e-03,
          2.6850578562408259e-03, 1.2146592732190089e-02,
          3.3935792509988356e-02, 7.0982998791325599e-03,
          1.4320464173992800e-03, -2.7492802970132221e-04,
          6.3168367759235964e-03, 1.7384129807691114e-02,
          -2.2889107904969563e-02, 8.3402498967009089e-03,
          3.7858522974166003e-02, 7.0982998791325582e-03,
          3.7085544755842310e-02, -1.0441768457846010e-03,
          3.1968966688549140e-03, 6.8493252741801439e-04,
          4.0242748242240115e-03, -9.5457840264472630e-05,
          1.8365341789697671e-03, 9.5543828863233914e-04,
          1.4320464173992807e-03, -1.0441768457846007e-03,
          9.1025521844094057e-02, 1.9873612013525396e-04,
          6.4040102915362117e-03, -1.6044563517336598e-05,
          -5.6182963833495553e-03, 3.2394945810942683e-04,
          -2.1962652248031706e-03, -2.7492802970132226e-04,
          3.1968966688549131e-03, 1.9873612013525396e-04,
          1.9397319197319230e-02 ]
   - !!opencv-matrix
      rows: 9
      cols: 9
      dt: d
      data: [ 3.3648511165087086e-01, 7.3646780294460479e-02,
          -8.1459414907074541e-03, 1.2167645598808521e-02,
          1.6767214049285620e-02, 5.1541911639286387e-03,
          -3.3730721003857188e-03, 4.6951339121455729e-02,
          2.2497033316641036e-02, 7.3646780294460479e-02,
          1.5108790891394794e-01, 1.6834466204554258e-02,
          2.3435958520096951e-02, 3.9190969548528673e-02,
          2.2320627954239333e-02, -4.8424123424857142e-02,
          1.3087659372498028e-01, 9.2867315694319441e-02,
          -8.1459414907074541e-03, 1.6834466204554255e-02,
          3.4005661650317459e-02, 7.0058419634253227e-03,
          7.3060114087872621e-03, 7.7879041465408905e-03,
          -2.0991876328835188e-02, 4.0893090268769562e-02,
          -7.9633804136635907e-04, 1.2167645598808520e-02,
          2.3435958520096951e-02, 7.0058419634253218e-03,
          5.7373192332524275e-02, 1.5396235196792727e-02,
          3.4644589222367024e-02, -4.9123280269709616e-03,
          1.5669632933228216e-02, -7.4668600249375525e-03,
          1.6767214049285623e-02, 3.9190969548528673e-02,
          7.3060114087872621e-03, 1.5396235196792726e-02,
          1.0502895974190386e-01, 3.0556354652050144e-02,
          -2.3141159891691864e-02, 4.5237152352205219e-02,
