%YAML:1.0
---
groups:
   - intact
   - CD19
intactGmmnames:
   - "intact.522.0"
   - "intact.522.1"
   - "intact.522.2"
   - "intact.522.3"
   - "intact.522.4"
intactLabels:
   - FSC-A
   - SSC-A
   - SY41
   - CD19
   - CD10
   - CD20
   - CD45
   - CD34
   - CD38
intactMu: !!opencv-matrix
   rows: 5
   cols: 9
   dt: d
   data: [ 2.8324535182248374e+00, 1.4201491651986051e+00,
       3.6809638947728338e+00, 1.3379618135629534e+00,
       1.2733983789537575e+00, 1.5305399227042726e+00,
       3.3035186829252519e+00, 1.9159766860470642e+00,
       2.9223648766435635e+00, 1.9693036311034613e+00,
       4.4499761665130488e-01, 3.4607662310834710e+00,
       1.1326216141645884e+00, 9.3187201403882647e-01,
       1.2415189993765723e+00, 3.6678937256351687e+00,
       1.1028165972797379e+00, 1.6484822182176009e+00,
       1.4553572886719965e+00, 2.7818268503470917e-01,
       3.6254371558376808e+00, 1.0814487488212972e+00,
       8.5279111483830905e-01, 1.0883603395723780e+00,
       3.5766418820800396e+00, 1.0887690272686832e+00,
       1.7070807732997992e+00, 2.2341037213136237e+00,
       1.5650241754230456e+00, 3.4448628944641060e+00,
       1.6195331569670559e+00, 1.5436940086449076e+00,
       1.7533859867709669e+00, 2.9341741710621205e+00,
       1.5650595969007663e+00, 1.9896521226212802e+00,
       1.8368962051252304e+00, 7.7203697163580498e-01,
       3.8055582633268594e+00, 1.1643947721909358e+00,
       1.1779006637519529e+00, 1.2539096235693887e+00,
       1.8272168222649952e+00, 1.1209086756264197e+00,
       1.6472303008264899e+00 ]
intactSigma:
   - !!opencv-matrix
      rows: 9
      cols: 9
      dt: d
      data: [ 6.3104119758125188e-01, 2.6753221133267163e-01,
          8.9964000102934844e-02, 6.1223138818315974e-02,
          1.1943783469180230e-01, 1.3136019497357707e-01,
          -7.2516211854845511e-02, 2.1952152727291974e-01,
          2.4783173059861210e-01, 2.6753221133267163e-01,
          4.8580733503719120e-01, 7.1719515642649376e-02,
          1.0574959576190690e-01, 1.8331555330471438e-01,
          2.0318262000871498e-01, -6.4553777578954502e-02,
          -3.0393821353592993e-02, 1.9061670715871576e-01,
          8.9964000102934844e-02, 7.1719515642649403e-02,
          4.5593069880119054e-02, 1.7858772012128776e-02,
          3.4537631365630754e-02, 3.6178744397126185e-02,
          -3.3994758023424484e-02, 7.3459453573704078e-02,
          6.5656936660006604e-02, 6.1223138818315974e-02,
          1.0574959576190690e-01, 1.7858772012128776e-02,
          5.7402981239710514e-02, 4.2765598358094938e-02,
          4.5788209712380984e-02, -9.4161249756169307e-03,
          -1.1196129638465065e-02, 4.4695831353999266e-02,
          1.1943783469180230e-01, 1.8331555330471438e-01,
          3.4537631365630754e-02, 4.2765598358094938e-02,
          1.4248563268131559e-01, 9.3303704363545306e-02,
          -4.2602969190747617e-02, 2.8304852991955304e-02,
          1.0822923052015711e-01, 1.3136019497357709e-01,
          2.0318262000871498e-01, 3.6178744397126185e-02,
          4.5788209712380984e-02, 9.3303704363545306e-02,
          1.3234421993898121e-01, -4.3391804545389163e-02,
          -5.1646556494448011e-04, 1.1484597993588602e-01,
          -7.2516211854845511e-02, -6.4553777578954502e-02,
          -3.3994758023424484e-02, -9.4161249756169307e-03,
          -4.2602969190747617e-02, -4.3391804545389163e-02,
          9.0087043409367670e-02, -9.4962309759794777e-02,
          -1.0424314950373409e-01, 2.1952152727291974e-01,
          -3.0393821353592986e-02, 7.3459453573704078e-02,
          -1.1196129638465070e-02, 2.8304852991955298e-02,
          -5.1646556494447870e-04, -9.4962309759794777e-02,
          7.2324747426898106e-01, 1.9077987353044878e-01,
          2.4783173059861210e-01, 1.9061670715871576e-01,
          6.5656936660006604e-02, 4.4695831353999259e-02,
          1.0822923052015714e-01, 1.1484597993588602e-01,
          -1.0424314950373409e-01, 1.9077987353044878e-01,
          4.5483071809208997e-01 ]
   - !!opencv-matrix
      rows: 9
      cols: 9
      dt: d
      data: [ 2.3215559481463319e-01, 6.9939808400903908e-03,
          -8.5681293545350236e-03, -1.0305807563964120e-03,
          -2.2112826451060972e-04, 7.2777926523008097e-03,
          1.7703290552322885e-02, -1.4487043482030160e-03,
          -3.7812478044323907e-03, 6.9939808400903934e-03,
          2.4654770117745368e-02, 3.8150779304126558e-03,
          5.6469664217047976e-03, 8.0141811220061938e-03,
          1.2907793468980897e-02, 6.3529053782137449e-03,
          2.1040602039373436e-03, 8.6006272703263676e-04,
          -8.5681293545350218e-03, 3.8150779304126550e-03,
          1.6281122036776698e-02, 2.7673714740090046e-03,
          1.7656976512628075e-03, 1.7568019652599270e-03,
          1.0414238516829673e-03, 2.1012145196515910e-03,
          1.1774178295004780e-04, -1.0305807563964120e-03,
          5.6469664217047985e-03, 2.7673714740090042e-03,
          3.5520726293445382e-02, 2.6950751680931478e-03,
          3.8223568504709747e-03, 2.9382422005115854e-03,
          3.3435443296439527e-03, -2.0395693926309470e-03,
          -2.2112826451060988e-04, 8.0141811220061938e-03,
          1.7656976512628070e-03, 2.6950751680931487e-03,
          6.1753619246273053e-02, 9.0735614231640341e-03,
          2.6377351290582042e-03, -2.7785552785288834e-03,
          -4.3780332793217134e-04, 7.2777926523008097e-03,
          1.2907793468980900e-02, 1.7568019652599270e-03,
          3.8223568504709747e-03, 9.0735614231640324e-03,
          6.2634567956094372e-02, 5.2885909474332778e-03,
          4.6585515031461484e-03, -1.9154216189090853e-03,
          1.7703290552322885e-02, 6.3529053782137449e-03,
          1.0414238516829673e-03, 2.9382422005115845e-03,
          2.6377351290582038e-03, 5.2885909474332778e-03,
          1.2779141959835068e-02, 2.2159320816425316e-04,
          1.1523263137024162e-03, -1.4487043482030173e-03,
          2.1040602039373449e-03, 2.1012145196515910e-03,
          3.3435443296439514e-03, -2.7785552785288842e-03,
          4.6585515031461492e-03, 2.2159320816425313e-04,
          1.4498221456983718e-01, 1.3497109397553697e-03,
          -3.7812478044323920e-03, 8.6006272703263676e-04,
          1.1774178295004773e-04, -2.0395693926309466e-03,
          -4.3780332793217182e-04, -1.9154216189090853e-03,
          1.1523263137024158e-03, 1.3497109397553697e-03,
          2.4437259013112007e-02 ]
   - !!opencv-matrix
      rows: 9
      cols: 9
      dt: d
      data: [ 1.6757050505493129e-01, 6.7821634305235820e-03,
          -5.0839332870877732e-02, -2.5450357115990373e-03,
          6.0689518408183823e-03, 3.1695364576702759e-02,
          2.2162249589286653e-02, -5.0495984576856227e-03,
          -4.0169029659667668e-03, 6.7821634305235820e-03,
          6.7124840906203848e-03, -2.2756019722182329e-03,
          1.3340334985767919e-03, 4.6699639649842974e-03,
          9.7282280647898022e-03, 2.1025266891252434e-03,
          9.8263623626624881e-04, -1.8353551066136401e-03,
          -5.0839332870877718e-02, -2.2756019722182334e-03,
          2.3746883457982083e-02, 1.2978682026698611e-03,
          -2.1165760497068595e-03, -1.1742996848448841e-02,
          -6.7709943998630791e-03, 2.7568074575339018e-03,
          4.7193063263140415e-04, -2.5450357115990373e-03,
          1.3340334985767919e-03, 1.2978682026698611e-03,
          2.6898155801097119e-02, 1.1941953210502490e-03,
          1.9707228143361912e-03, 2.2492105906053700e-04,
          1.8852833443161678e-03, -2.7024382935682415e-03,
          6.0689518408183814e-03, 4.6699639649842974e-03,
          -2.1165760497068582e-03, 1.1941953210502486e-03,
          5.6085298047072324e-02, 6.5851466732792883e-03,
          2.0134630033323102e-03, -3.1374885752707871e-03,
