%YAML:1.0
---
groups:
   - intact
   - CD19
   - blast
intactGmmnames:
   - "intact.523.0"
   - "intact.523.1"
   - "intact.523.2"
   - "intact.523.3"
   - "intact.523.4"
intactLabels:
   - FSC-A
   - SSC-A
   - SY41
   - CD19
   - CD10
   - CD20
   - CD45
   - CD34
   - CD38
intactMu: !!opencv-matrix
   rows: 5
   cols: 9
   dt: d
   data: [ 1.6320796903630617e+00, 5.6824427533580246e-01,
       3.3400374656169163e+00, 1.2342536113435962e+00,
       9.4179737308086686e-01, 1.3260864639815764e+00,
       3.5790464230027967e+00, 1.0454631134791474e+00,
       1.8157080153907792e+00, 1.0385882332472700e+00,
       2.8573012109242901e-01, 3.5071658621882675e+00,
       1.1401836469223330e+00, 8.3915903625605970e-01,
       1.0886159227888557e+00, 3.3474428560283647e+00,
       1.0132082276135952e+00, 1.6902147003143377e+00,
       1.8167790358438698e+00, 9.9011036777001671e-01,
       3.4585070817597705e+00, 1.6090070536015306e+00,
       2.2436896935808983e+00, 2.4915997056590555e+00,
       2.1576776891879681e+00, 1.7671204660354667e+00,
       1.8621664529569930e+00, 1.1760933326402554e+00,
       4.4301614265104561e-01, 3.4073681208055198e+00,
       1.1479357670430699e+00, 1.1728741137070633e+00,
       1.2327032510667710e+00, 1.3342310735254201e+00,
       1.0199514582460134e+00, 1.6201709964706645e+00,
       2.2944160254619588e+00, 2.4978019562047500e+00,
       3.4663978533144082e+00, 1.5833966572250786e+00,
       1.8019359399884944e+00, 1.6093454793498838e+00,
       2.5848914651011743e+00, 1.1830929452355416e+00,
       1.6905649932671576e+00 ]
intactSigma:
   - !!opencv-matrix
      rows: 9
      cols: 9
      dt: d
      data: [ 8.6568137219540486e-02, 1.4548006970799193e-02,
          -5.8798886183029792e-05, 3.2444766035894541e-03,
          3.7800391728572587e-03, 8.0564401131178760e-03,
          9.5526233488843482e-03, 2.0162754182281241e-03,
          -3.8366234543183680e-03, 1.4548006970799195e-02,
          3.6710384518492775e-02, -1.8734065200099782e-03,
          8.0026925518990790e-03, 1.0651293226178775e-02,
          1.4913956188902093e-02, 9.1023887699362462e-03,
          5.7544072764988477e-03, 1.2709664788557411e-02,
          -5.8798886183029710e-05, -1.8734065200099782e-03,
          5.7108436963028029e-03, 4.3312343728045628e-05,
          2.9765477931056200e-04, 5.1273071793439637e-04,
          1.1266863983097793e-04, 2.3221289795984727e-04,
          -2.3494630200027937e-03, 3.2444766035894541e-03,
          8.0026925518990790e-03, 4.3312343728045689e-05,
          2.2563327186039994e-02, 6.1811680640818673e-03,
          8.0848431168525151e-03, 4.7767174864545570e-03,
          2.7061609718343864e-03, 2.0331987979835847e-05,
          3.7800391728572578e-03, 1.0651293226178773e-02,
          2.9765477931056189e-04, 6.1811680640818673e-03,
          8.4393469870378782e-02, 2.7145436916591163e-02,
          3.9763243748003755e-03, -9.2235512146463569e-04,
          -2.8009741526881732e-03, 8.0564401131178777e-03,
          1.4913956188902093e-02, 5.1273071793439637e-04,
          8.0848431168525151e-03, 2.7145436916591163e-02,
          9.2953052440441511e-02, 8.8407040422177220e-03,
          4.4940825431757075e-03, -8.0239532015826277e-03,
          9.5526233488843499e-03, 9.1023887699362410e-03,
          1.1266863983097805e-04, 4.7767174864545570e-03,
          3.9763243748003755e-03, 8.8407040422177220e-03,
          1.6535280114527606e-02, 5.9093014347990518e-04,
          -3.0531969832190593e-03, 2.0162754182281245e-03,
          5.7544072764988503e-03, 2.3221289795984757e-04,
          2.7061609718343868e-03, -9.2235512146463514e-04,
          4.4940825431757040e-03, 5.9093014347990508e-04,
          1.5290742828625026e-01, 1.7519393364554576e-03,
          -3.8366234543183689e-03, 1.2709664788557411e-02,
          -2.3494630200027937e-03, 2.0331987979835722e-05,
          -2.8009741526881728e-03, -8.0239532015826294e-03,
          -3.0531969832190593e-03, 1.7519393364554584e-03,
          6.6374063309458664e-02 ]
   - !!opencv-matrix
      rows: 9
      cols: 9
      dt: d
      data: [ 5.1545750911872600e-02, 5.4675426036729959e-03,
          -8.7046769640293006e-03, 1.3617845311109118e-03,
          5.4893222522408277e-03, 1.7984055594486088e-02,
          8.9784400916999782e-03, -2.0508110949390092e-04,
          -1.6461768388539798e-03, 5.4675426036729967e-03,
          1.1060608366350432e-02, -3.4035353875110547e-04,
          2.7444895027938310e-03, 7.4789419336397127e-03,
          1.5210452653282927e-02, 2.4455789099211839e-03,
          2.3297701103389369e-03, -6.8491907405101747e-04,
          -8.7046769640293006e-03, -3.4035353875110541e-04,
          4.1836346002184967e-03, 4.3164133904859174e-05,
          -3.7536219311895243e-04, -1.7504554100992763e-03,
          -1.3511897982862700e-03, 8.1675660363135559e-04,
          1.1967949157528374e-04, 1.3617845311109109e-03,
          2.7444895027938310e-03, 4.3164133904859134e-05,
          1.3745778999663685e-02, 3.5861575841791417e-03,
          6.5007942210820804e-03, 1.2946718198758073e-03,
          1.5189322339333867e-03, -1.1397486228444421e-03,
          5.4893222522408277e-03, 7.4789419336397144e-03,
          -3.7536219311895238e-04, 3.5861575841791404e-03,
          7.1010635486226006e-02, 2.1556564024791489e-02,
          2.5082833560812990e-03, -9.3850727916530946e-04,
          -4.8571751443524189e-04, 1.7984055594486088e-02,
          1.5210452653282927e-02, -1.7504554100992761e-03,
          6.5007942210820804e-03, 2.1556564024791489e-02,
          1.1332494002722027e-01, 6.6166879096060446e-03,
          5.4975771242739757e-03, -1.8501627544822955e-03,
          8.9784400916999782e-03, 2.4455789099211839e-03,
          -1.3511897982862698e-03, 1.2946718198758075e-03,
          2.5082833560812990e-03, 6.6166879096060463e-03,
          1.0543561487582816e-02, -1.0475624024236557e-03,
          2.1597851877174656e-04, -2.0508110949390098e-04,
          2.3297701103389369e-03, 8.1675660363135505e-04,
          1.5189322339333863e-03, -9.3850727916530968e-04,
          5.4975771242739774e-03, -1.0475624024236557e-03,
          1.0393372880175460e-01, 3.8843733584286230e-04,
          -1.6461768388539807e-03, -6.8491907405101747e-04,
          1.1967949157528374e-04, -1.1397486228444417e-03,
          -4.8571751443524189e-04, -1.8501627544822955e-03,
          2.1597851877174661e-04, 3.8843733584286220e-04,
          5.9939516592210605e-03 ]
   - !!opencv-matrix
      rows: 9
      cols: 9
      dt: d
      data: [ 5.0604333173949478e-01, 2.5264634704234024e-01,
          3.8482017303351308e-03, 9.5107702675447089e-02,
          7.5506696397899739e-02, 5.2588238076271922e-02,
          5.6555143410627333e-02, 7.7220545976805249e-02,
          3.7467455353001472e-02, 2.5264634704234024e-01,
          5.6332154287636516e-01, 2.3955633723738094e-02,
          1.6379390052990192e-01, -5.6244441414638538e-02,
          -3.8394554708274478e-02, 1.8764702855125018e-01,
          -8.2313967889778572e-03, 1.1434217160363937e-02,
          3.8482017303351317e-03, 2.3955633723738094e-02,
          5.2639674147039350e-02, 7.4496298311857554e-04,
          -1.9348662211140712e-02, -1.9415140126170016e-02,
          1.4480517233496479e-02, 7.1551703979156134e-03,
          2.4973125168737502e-03, 9.5107702675447062e-02,
          1.6379390052990192e-01, 7.4496298311857564e-04,
          1.6835389962568728e-01, 1.2973634039901522e-01,
          1.5092013746944807e-01, -4.5097745535426462e-02,
          4.4139672147145793e-02, -2.5540691807677393e-03,
          7.5506696397899753e-02, -5.6244441414638545e-02,
          -1.9348662211140712e-02, 1.2973634039901522e-01,
          7.9910259769273972e-01, 6.4121024888123479e-01,
          -6.7177991960652506e-01, 2.7339002043668037e-01,
