%YAML:1.0
---
groups:
   - intact
   - CD19
intactGmmnames:
   - "intact.523.0"
   - "intact.523.1"
   - "intact.523.2"
   - "intact.523.3"
   - "intact.523.4"
intactLabels:
   - FSC-A
   - SSC-A
   - SY41
   - CD19
   - CD10
   - CD20
   - CD45
   - CD34
   - CD38
intactMu: !!opencv-matrix
   rows: 5
   cols: 9
   dt: d
   data: [ 1.8874769991784024e+00, 1.0258736835587254e+00,
       3.7232586216001864e+00, 1.2984931627465233e+00,
       1.2771284845030737e+00, 1.0718336483828461e+00,
       3.8797436448456670e+00, 1.3879618262538451e+00,
       2.0592902446312040e+00, 3.3804418384389616e+00,
       2.7077875857399634e+00, 3.6582848252334270e+00,
       1.6115972471161215e+00, 1.5949671900740603e+00,
       1.4139845627547158e+00, 3.3905043269597974e+00,
       1.3442678220024284e+00, 2.2756138481852659e+00,
       1.9011822465308523e+00, 1.2784114856660405e+00,
       3.6311564639494613e+00, 1.3146151054003508e+00,
       1.0583250526890484e+00, 9.8740642118314581e-01,
       1.4881152680975007e+00, 1.1553669954108956e+00,
       1.6351641809628095e+00, 2.8806417612384765e+00,
       3.0023374257435469e+00, 3.6335551916465092e+00,
       1.7147042204221992e+00, 2.6896718102946138e+00,
       1.5950718981671141e+00, 3.5657742270856319e+00,
       1.5225426600944680e+00, 1.9963598447936513e+00,
       2.5396939717260385e+00, 1.7286519015984210e+00,
       3.6633982639614104e+00, 1.4736940373540157e+00,
       2.0944071574051559e+00, 1.6591799976997732e+00,
       3.3139952862847406e+00, 2.1201137275102466e+00,
       2.4588313797119441e+00 ]
intactSigma:
   - !!opencv-matrix
      rows: 9
      cols: 9
      dt: d
      data: [ 4.2189192350804228e-01, 1.6830999004329919e-01,
          -6.0411046223764961e-02, 4.1263317022944494e-02,
          -8.2063015335897008e-02, 5.2976344652448201e-02,
          3.6664487281981205e-02, -4.8806505752342223e-02,
          6.6772264451718660e-02, 1.6830999004329922e-01,
          6.2185363999795074e-01, -5.5581536656375491e-03,
          1.1653174518667374e-01, 2.3209911721562653e-02,
          4.4131230043900120e-02, 6.0556783147993091e-03,
          7.7637005651332198e-03, 1.2574008400409915e-02,
          -6.0411046223764954e-02, -5.5581536656375431e-03,
          7.0310276473364242e-02, -5.1053861600565522e-03,
          3.2654842275472488e-02, -3.0748824238746638e-02,
          -2.6265199183577524e-02, 1.7001076759916949e-02,
          -5.0926096171431158e-02, 4.1263317022944494e-02,
          1.1653174518667374e-01, -5.1053861600565513e-03,
          5.3963253858928688e-02, -1.8539598965874475e-02,
          1.0922935479310274e-02, 4.5388233617639773e-03,
          -9.3213409014759521e-03, 8.0111448222137654e-03,
          -8.2063015335896980e-02, 2.3209911721562646e-02,
          3.2654842275472488e-02, -1.8539598965874472e-02,
          3.2466502236079753e-01, -1.1911417792272339e-02,
          -2.0381855465586518e-02, 1.4331332640022673e-01,
          -8.2563111356517893e-02, 5.2976344652448201e-02,
          4.4131230043900120e-02, -3.0748824238746638e-02,
          1.0922935479310277e-02, -1.1911417792272339e-02,
          7.3471866794841398e-02, 1.8763075154005323e-02,
          -8.8431165490337974e-03, 2.0165373584381221e-02,
          3.6664487281981205e-02, 6.0556783147993091e-03,
          -2.6265199183577524e-02, 4.5388233617639790e-03,
          -2.0381855465586528e-02, 1.8763075154005323e-02,
          2.2527841204422933e-02, -1.0677161040278129e-02,
          2.5871548238699860e-02, -4.8806505752342216e-02,
          7.7637005651332155e-03, 1.7001076759916956e-02,
          -9.3213409014759521e-03, 1.4331332640022673e-01,
          -8.8431165490337939e-03, -1.0677161040278129e-02,
          2.4284807640845812e-01, -2.0786929277036570e-02,
          6.6772264451718660e-02, 1.2574008400409908e-02,
          -5.0926096171431165e-02, 8.0111448222137619e-03,
          -8.2563111356517879e-02, 2.0165373584381214e-02,
          2.5871548238699860e-02, -2.0786929277036573e-02,
          2.6694816278707129e-01 ]
   - !!opencv-matrix
      rows: 9
      cols: 9
      dt: d
      data: [ 4.2471223446370787e-01, 2.0831747308818119e-01,
          2.5859998649662097e-02, 4.9559301672357579e-02,
          2.5224573736261382e-02, 4.8197789209397435e-02,
          2.5129912249878881e-03, 1.7415053582597546e-02,
          5.0355104067556077e-02, 2.0831747308818119e-01,
          6.5377139265453144e-01, -3.5187055810496588e-02,
          1.2449998504564361e-01, 4.9370336010078585e-02,
          6.7862614401067348e-02, 2.5774916131765326e-02,
          1.7282398207227712e-02, -6.3932210830823927e-03,
          2.5859998649662097e-02, -3.5187055810496588e-02,
          7.6149154649257714e-02, -4.0971260203918952e-03,
          6.8425013260054769e-03, 3.0299268407513457e-04,
          -9.6602230562840789e-03, 9.2149845274033474e-03,
          3.4442587625459112e-02, 4.9559301672357579e-02,
          1.2449998504564364e-01, -4.0971260203918952e-03,
          4.9545112167281143e-02, 7.5102792703977865e-03,
          1.3211679201015734e-02, 6.6480737065446743e-03,
          3.0133166589032139e-03, 3.0221781868275681e-04,
          2.5224573736261385e-02, 4.9370336010078585e-02,
          6.8425013260054813e-03, 7.5102792703977865e-03,
          8.8785276596508034e-02, 2.3557768440102531e-02,
          1.1456823102822344e-02, 2.7738882033251949e-02,
          1.4765470576872868e-02, 4.8197789209397435e-02,
          6.7862614401067348e-02, 3.0299268407513457e-04,
          1.3211679201015731e-02, 2.3557768440102531e-02,
          4.9727237403513605e-02, 5.8374055246848853e-03,
          1.1518618527889693e-02, 2.4531972574252943e-02,
          2.5129912249878877e-03, 2.5774916131765326e-02,
          -9.6602230562840789e-03, 6.6480737065446743e-03,
          1.1456823102822346e-02, 5.8374055246848862e-03,
          1.5345848754262753e-02, 3.8981711363223299e-03,
          -3.4364547432932224e-03, 1.7415053582597546e-02,
          1.7282398207227712e-02, 9.2149845274033474e-03,
          3.0133166589032152e-03, 2.7738882033251949e-02,
          1.1518618527889693e-02, 3.8981711363223299e-03,
          9.8237009452387739e-02, 1.1936276473291391e-02,
          5.0355104067556077e-02, -6.3932210830823927e-03,
          3.4442587625459105e-02, 3.0221781868275692e-04,
          1.4765470576872868e-02, 2.4531972574252943e-02,
          -3.4364547432932237e-03, 1.1936276473291391e-02,
          8.3373182492103834e-02 ]
   - !!opencv-matrix
      rows: 9
      cols: 9
      dt: d
      data: [ 1.3739136199430053e+00, 1.0967509255216378e-02,
          -6.8345896195328812e-02, 8.1295191577130839e-03,
          2.9508212455539878e-01, 1.6293604400044237e-01,
          4.4278632062107864e-01, 9.2540701266003611e-02,
          -1.5475426728356360e-03, 1.0967509255216378e-02,
          7.6028664640038712e-01, -4.2510457772148715e-02,
          1.5188857304803241e-01, 1.1867802607822834e-02,
          5.3511514647156970e-02, -3.5224106288594813e-02,
          -9.0132827660114137e-04, -1.3625526278610830e-02,
          -6.8345896195328826e-02, -4.2510457772148715e-02,
          2.0579884180785679e-01, -9.9733506092554609e-03,
          -7.2732600232833303e-03, -3.6349095313718473e-02,
          1.7064830034995530e-02, 1.2513835430184396e-02,
          -2.1866014765243926e-04, 8.1295191577130839e-03,
          1.5188857304803241e-01, -9.9733506092554609e-03,
          4.6596650673824971e-02, 2.9243972448186250e-03,
          1.3538825481793795e-02, -8.9426594240398227e-03,
          -1.5580546826372241e-04, -4.3533196436669631e-03,
          2.9508212455539878e-01, 1.1867802607822832e-02,
          -7.2732600232833329e-03, 2.9243972448186263e-03,
          2.1066268587734660e-01, 6.9986781292153064e-02,
          2.4041688161724367e-01, 6.7330534523038249e-02,
