%YAML:1.0
---
groups:
   - intact
   - CD19
   - blast
intactGmmnames:
   - "intact.524.0"
   - "intact.524.1"
   - "intact.524.2"
   - "intact.524.3"
   - "intact.524.4"
intactLabels:
   - FSC-A
   - SSC-A
   - SY41
   - CD19
   - CD10
   - CD20
   - CD45
   - CD34
   - CD38
intactMu: !!opencv-matrix
   rows: 5
   cols: 9
   dt: d
   data: [ 1.3454914373239613e+00, 5.1233889102370844e-01,
       3.9445523117160048e+00, 1.0890848189649180e+00,
       1.4323775764836624e+00, 8.7617559683786350e-01,
       1.6714930830939267e+00, 1.0484142017369469e+00,
       1.6110056590925548e+00, 2.4195222650217385e+00,
       3.6590881856672186e+00, 3.9431144845420572e+00,
       1.6955983677887656e+00, 2.6342281095943774e+00,
       1.0918048448129147e+00, 2.9866499925427048e+00,
       1.1805464200776632e+00, 1.5043214030796082e+00,
       1.3748909824891817e+00, 4.3346723002609916e-01,
       3.8662576662864279e+00, 1.1255247989008985e+00,
       7.6876693727715817e-01, 9.7659632733018664e-01,
       3.6533044353230864e+00, 1.0644068947484506e+00,
       1.6882807252655405e+00, 2.7245749017517618e+00,
       2.9011816109127317e+00, 3.9025304915927901e+00,
       1.5956734849802283e+00, 1.5131446146496930e+00,
       1.2976194676987742e+00, 2.8908439474369612e+00,
       1.4957725306056029e+00, 2.0399937354536224e+00,
       1.6776668076132220e+00, 8.8929826210682161e-01,
       3.7778772161907375e+00, 1.2898832111209251e+00,
       1.0200492679318864e+00, 1.1044222542056019e+00,
       3.6554653512975990e+00, 1.3510655500639333e+00,
       2.5931382890015371e+00 ]
intactSigma:
   - !!opencv-matrix
      rows: 9
      cols: 9
      dt: d
      data: [ 1.2283017800711737e-01, 4.2780212117406728e-02,
          1.7194986690896776e-02, 1.0553564671160122e-02,
          3.9824636104551843e-02, 2.2101480286753704e-02,
          3.9933275232773555e-02, 7.0179658429023696e-03,
          2.2135385192569589e-02, 4.2780212117406728e-02,
          3.5131820547771343e-02, 4.2612635173189485e-03,
          7.3839930922492344e-03, 3.0410623517494840e-02,
          2.2077305445316848e-02, 3.0804198152584613e-02,
          7.3008806506909725e-03, 1.5336342292617771e-02,
          1.7194986690896776e-02, 4.2612635173189485e-03,
          1.0219424563731132e-01, 6.9262569643302756e-04,
          2.4028364159524294e-03, -4.9199385209845979e-02,
          1.6328518046311465e-02, 2.9839571851059065e-03,
          1.3375745903651873e-02, 1.0553564671160118e-02,
          7.3839930922492344e-03, 6.9262569643302745e-04,
          8.7208872052670812e-03, 5.5550537824381194e-03,
          4.9801456103443550e-03, 6.3723507859032901e-03,
          1.9273962318144932e-03, 2.1206274719895559e-03,
          3.9824636104551843e-02, 3.0410623517494847e-02,
          2.4028364159524290e-03, 5.5550537824381194e-03,
          2.9158552024284295e-01, 1.7909005418689155e-02,
          6.6826217605848490e-02, 4.2815285216814720e-03,
          4.1987224249764796e-02, 2.2101480286753711e-02,
          2.2077305445316848e-02, -4.9199385209845986e-02,
          4.9801456103443550e-03, 1.7909005418689155e-02,
          7.9239797898171205e-02, 1.4301803412400662e-02,
          2.5903592838876026e-03, 3.1101245521243039e-03,
          3.9933275232773555e-02, 3.0804198152584599e-02,
          1.6328518046311469e-02, 6.3723507859032901e-03,
          6.6826217605848490e-02, 1.4301803412400666e-02,
          1.5916952220221067e-01, 6.6744722316131651e-03,
          6.5472295392927801e-02, 7.0179658429023670e-03,
          7.3008806506909725e-03, 2.9839571851059065e-03,
          1.9273962318144924e-03, 4.2815285216814729e-03,
          2.5903592838876009e-03, 6.6744722316131669e-03,
          3.6843511060179385e-02, 3.3408944070255223e-03,
          2.2135385192569589e-02, 1.5336342292617771e-02,
          1.3375745903651868e-02, 2.1206274719895559e-03,
          4.1987224249764796e-02, 3.1101245521243030e-03,
          6.5472295392927801e-02, 3.3408944070255240e-03,
          6.0260766189152479e-02 ]
   - !!opencv-matrix
      rows: 9
      cols: 9
      dt: d
      data: [ 1.7454765922090162e-01, 6.6048534836317105e-02,
          2.1049990298390412e-03, 1.6698192085819991e-02,
          -3.2668777993725959e-02, 1.6614607826086782e-02,
          -1.4781548383547059e-02, 3.7308201975352752e-03,
          2.3317080235758861e-03, 6.6048534836317105e-02,
          2.8495115278602318e-01, -2.2327668103705268e-02,
          4.3660138041714917e-02, 3.3838868156829488e-02,
          4.9907733701973767e-02, 1.4326518779919370e-02,
          1.2998726344088704e-02, 1.7980447100478299e-03,
          2.1049990298390416e-03, -2.2327668103705268e-02,
          2.0918690671392685e-02, -3.9731302647418093e-03,
          -1.3232923548930532e-02, -1.1082679698783375e-02,
          -8.1163458527865693e-03, -7.1493838260974427e-04,
          -1.2682641538858989e-03, 1.6698192085819994e-02,
          4.3660138041714917e-02, -3.9731302647418101e-03,
          2.5445459141580227e-02, 5.0503828700957923e-03,
          7.5171503249438698e-03, 2.9927393291304880e-03,
          2.8252263490997779e-03, -3.5816731554137106e-03,
          -3.2668777993725966e-02, 3.3838868156829488e-02,
          -1.3232923548930532e-02, 5.0503828700957923e-03,
          9.3991083809489021e-02, 8.1555602859730431e-03,
          2.5658259166900892e-02, 5.0185631313551171e-03,
          -2.0069906652667437e-04, 1.6614607826086786e-02,
          4.9907733701973767e-02, -1.1082679698783373e-02,
          7.5171503249438715e-03, 8.1555602859730396e-03,
          4.7213924876456120e-02, 4.3412659907405013e-03,
          4.3185356875018880e-03, 1.2509577528630749e-03,
          -1.4781548383547059e-02, 1.4326518779919372e-02,
          -8.1163458527865693e-03, 2.9927393291304884e-03,
          2.5658259166900892e-02, 4.3412659907405022e-03,
          2.2469584324099144e-02, 1.9235675130715273e-03,
          4.5307228809587019e-04, 3.7308201975352752e-03,
          1.2998726344088708e-02, -7.1493838260974481e-04,
          2.8252263490997774e-03, 5.0185631313551188e-03,
          4.3185356875018871e-03, 1.9235675130715273e-03,
          8.9099238382826670e-02, 1.9543417465327680e-03,
          2.3317080235758861e-03, 1.7980447100478306e-03,
          -1.2682641538858987e-03, -3.5816731554137102e-03,
          -2.0069906652667424e-04, 1.2509577528630744e-03,
          4.5307228809587019e-04, 1.9543417465327671e-03,
          3.1452681427204796e-02 ]
   - !!opencv-matrix
      rows: 9
      cols: 9
      dt: d
      data: [ 5.7270232801076543e-02, 2.0466327670503805e-02,
          -1.3568324266917281e-02, 6.1432696161487863e-03,
          6.8267826641435691e-03, 1.6009015719287242e-02,
          1.1852335336040793e-02, 1.4776239932017469e-03,
          -9.3726398741909404e-03, 2.0466327670503805e-02,
          2.6173331539117332e-02, -1.2497422563638290e-02,
          6.5995765352149403e-03, 9.6161726339947309e-03,
          2.0868593496559423e-02, 1.0968117289908584e-02,
          3.7813857052746134e-03, -1.3442469611771393e-02,
          -1.3568324266917283e-02, -1.2497422563638292e-02,
          1.4665589735897161e-02, -3.4790559636355698e-03,
          -5.2381640360283730e-03, -1.0984909523379459e-02,
          -7.2087270086799125e-03, 4.5606627208872909e-05,
          7.6633328309291633e-03, 6.1432696161487863e-03,
          6.5995765352149394e-03, -3.4790559636355698e-03,
          2.3970330349434785e-02, 2.2799010567398077e-03,
          5.5407294609608037e-03, 3.7194373107569314e-03,
          2.6607219555323633e-03, -7.0671093915255553e-03,
          6.8267826641435709e-03, 9.6161726339947309e-03,
          -5.2381640360283721e-03, 2.2799010567398073e-03,
          5.0880562926301255e-02, 7.4734655254592997e-03,
          4.0470057330292148e-03, -5.4749568643632299e-03,
