%YAML:1.0
---
groups:
   - intact
   - CD19
   - blast
intactGmmnames:
   - "intact.526.0"
   - "intact.526.1"
   - "intact.526.2"
   - "intact.526.3"
   - "intact.526.4"
intactLabels:
   - FSC-A
   - SSC-A
   - SY41
   - CD19
   - CD10
   - CD20
   - CD45
   - CD34
   - CD38
intactMu: !!opencv-matrix
   rows: 5
   cols: 9
   dt: d
   data: [ 1.3896352321624836e+00, 6.2986054275764303e-01,
       3.4935729312355592e+00, 1.2606982605255417e+00,
       1.4447461184136987e+00, 1.1767520512687399e+00,
       3.6930223712280479e+00, 1.1028105475437278e+00,
       2.4499979287558409e+00, 1.0288814924323850e+00,
       3.0272312543447050e-01, 3.7720252865352224e+00,
       1.1451183767977227e+00, 1.2078953580521072e+00,
       1.0503046699928849e+00, 3.5169367776028824e+00,
       1.0584014211428403e+00, 1.6287962595340544e+00,
       5.9996695756793439e-01, 2.7265883653629824e-01,
       4.2356999808319076e+00, 1.1442773387842968e+00,
       1.0368514996219149e+00, 7.8892435916541404e-01,
       3.4751953553116421e+00, 1.0822554857010043e+00,
       1.6416541418947079e+00, 1.6105293678271060e+00,
       2.0143477521405351e+00, 3.7915508826667859e+00,
       1.6022276185449591e+00, 1.9762821610786774e+00,
       1.4750089412180469e+00, 2.8968478895330434e+00,
       1.4980577460434772e+00, 1.8671580751344952e+00,
       6.9988781103117015e-01, 4.1929460474857522e-01,
       4.0844123192715651e+00, 1.1470653663713974e+00,
       1.5946673635297739e+00, 9.1691739940726358e-01,
       1.6339469170973897e+00, 1.0902960693142891e+00,
       1.6343033853190807e+00 ]
intactSigma:
   - !!opencv-matrix
      rows: 9
      cols: 9
      dt: d
      data: [ 9.2196625706279178e-02, 1.5457061491589060e-02,
          -3.5824468000050639e-03, -1.3002577527592093e-05,
          -3.3296149505748331e-03, 6.8411129468840979e-03,
          9.5329332175781844e-04, 2.9557782412055612e-03,
          3.2950471429927783e-02, 1.5457061491589060e-02,
          4.1117647803435436e-02, -1.0038040343504801e-02,
          2.7991217133981391e-03, -4.9767698753781136e-03,
          1.3728706391918158e-02, 3.3150542251188984e-03,
          5.7730403834221136e-03, 7.0890291487009482e-02,
          -3.5824468000050639e-03, -1.0038040343504801e-02,
          1.3127788330637567e-02, -4.1493708115820287e-04,
          7.4944814960119562e-03, -2.0381134670723164e-03,
          -9.0004751839213235e-04, -1.0737263319332228e-03,
          -3.5400901019878396e-02, -1.3002577527592266e-05,
          2.7991217133981395e-03, -4.1493708115820325e-04,
          2.9794659792556279e-02, 2.5592689613127127e-02,
          3.5488756722848089e-03, 4.2982709911332882e-03,
          2.9073356993791488e-03, 4.3021455289717755e-03,
          -3.3296149505748344e-03, -4.9767698753781136e-03,
          7.4944814960119562e-03, 2.5592689613127127e-02,
          3.7380135894513977e-01, 3.1171203392726051e-02,
          1.7911859873093204e-02, 1.9603260709388495e-03,
          -9.6836731487574143e-02, 6.8411129468840979e-03,
          1.3728706391918158e-02, -2.0381134670723160e-03,
          3.5488756722848081e-03, 3.1171203392726051e-02,
          2.8027048757312201e-02, 3.0824730999554810e-03,
          1.1696669387961337e-03, -2.4817537222902625e-03,
          9.5329332175781844e-04, 3.3150542251188988e-03,
          -9.0004751839213267e-04, 4.2982709911332899e-03,
          1.7911859873093204e-02, 3.0824730999554810e-03,
          1.9921371797339209e-02, -6.6918030124240766e-04,
          -1.3819900239996151e-02, 2.9557782412055625e-03,
          5.7730403834221162e-03, -1.0737263319332223e-03,
          2.9073356993791493e-03, 1.9603260709388495e-03,
          1.1696669387961333e-03, -6.6918030124240788e-04,
          1.5609757392395279e-01, 2.6078192446764296e-02,
          3.2950471429927783e-02, 7.0890291487009482e-02,
          -3.5400901019878396e-02, 4.3021455289717729e-03,
          -9.6836731487574143e-02, -2.4817537222902634e-03,
          -1.3819900239996146e-02, 2.6078192446764296e-02,
          5.8594976493388773e-01 ]
   - !!opencv-matrix
      rows: 9
      cols: 9
      dt: d
      data: [ 5.5145729411558153e-02, 6.6658598436239343e-03,
          -1.3358857196845144e-02, 1.4628487038357565e-03,
          1.6862704017740159e-02, 1.1581303364098766e-02,
          3.6117884605144472e-03, -9.6521155646697363e-04,
          -1.6390500132921638e-02, 6.6658598436239291e-03,
          9.6140980473401923e-03, -2.7442385660954843e-03,
          2.1060957448294374e-03, 1.6272631238829889e-02,
          1.0529809125194266e-02, 4.6068180655520373e-03,
          1.2035089652392594e-03, -8.9724211359688954e-03,
          -1.3358857196845144e-02, -2.7442385660954843e-03,
          4.7453799463482042e-02, 1.1515692663449191e-03,
          -2.2502231225486171e-03, -1.5463808200450067e-02,
          2.5429055256152907e-03, 2.4294510609553519e-03,
          7.0237652836967210e-03, 1.4628487038357571e-03,
          2.1060957448294369e-03, 1.1515692663449186e-03,
          1.8880913003744698e-02, 1.4455629004713000e-02,
          2.7682032266632944e-03, 2.4975751594843365e-03,
          1.4907241630628348e-03, -6.1998022025109047e-03,
          1.6862704017740159e-02, 1.6272631238829896e-02,
          -2.2502231225486162e-03, 1.4455629004713000e-02,
          2.9568390227275509e-01, 2.7064610326716962e-02,
          1.5225767189563926e-02, 2.0809071738562210e-03,
          -1.6008482093853808e-02, 1.1581303364098766e-02,
          1.0529809125194266e-02, -1.5463808200450067e-02,
          2.7682032266632944e-03, 2.7064610326716958e-02,
          4.0332658362186628e-02, 4.0076255138820618e-03,
          2.0117951719127876e-03, -1.4339524000853223e-02,
          3.6117884605144463e-03, 4.6068180655520373e-03,
          2.5429055256152916e-03, 2.4975751594843365e-03,
          1.5225767189563926e-02, 4.0076255138820618e-03,
          1.2263881545600486e-02, 5.1664872478447154e-05,
          -3.3157940745752814e-04, -9.6521155646697363e-04,
          1.2035089652392599e-03, 2.4294510609553523e-03,
          1.4907241630628355e-03, 2.0809071738562218e-03,
          2.0117951719127868e-03, 5.1664872478447249e-05,
          1.1406388372226679e-01, 3.6390141562316156e-03,
          -1.6390500132921634e-02, -8.9724211359688954e-03,
          7.0237652836967236e-03, -6.1998022025109047e-03,
          -1.6008482093853808e-02, -1.4339524000853218e-02,
          -3.3157940745752809e-04, 3.6390141562316156e-03,
          1.9851169937460408e-01 ]
   - !!opencv-matrix
      rows: 9
      cols: 9
      dt: d
      data: [ 2.9014538020188402e-02, 3.2131350186806250e-03,
          -1.1096885499865155e-02, 1.6036783487558047e-04,
          8.2531485286824868e-03, 1.6426139600348343e-02,
          3.3244538009553036e-03, -2.6871871784796530e-04,
          -3.4819850848678492e-03, 3.2131350186806258e-03,
          9.1469198521239494e-03, -4.7605385420308640e-04,
          2.0271442107051680e-03, 1.5966488043965967e-02,
          1.1340375151702286e-02, 4.2327521688350443e-03,
          2.1317616013023272e-03, -6.5971615324045838e-03,
          -1.1096885499865152e-02, -4.7605385420308651e-04,
          9.6141653883738340e-03, 1.3123252295420668e-03,
          -1.9477445277452355e-03, -1.0028506466856088e-02,
          -5.6358565480299049e-04, 1.2520887493058567e-03,
          4.1447893806839263e-04, 1.6036783487558036e-04,
          2.0271442107051675e-03, 1.3123252295420672e-03,
          1.8658494631010662e-02, 1.5230019097983083e-02,
          2.2147401457785617e-03, 2.0177754480034441e-03,
          1.8875736081475408e-03, -5.4051234797776694e-03,
          8.2531485286824868e-03, 1.5966488043965967e-02,
          -1.9477445277452357e-03, 1.5230019097983083e-02,
          3.1840609361511851e-01, 3.3673346563234764e-02,
