%YAML:1.0
---
groups:
   - intact
   - CD19
intactGmmnames:
   - "intact.533.0"
   - "intact.533.1"
   - "intact.533.2"
   - "intact.533.3"
   - "intact.533.4"
intactLabels:
   - FSC-A
   - SSC-A
   - SY41
   - CD19
   - CD10
   - CD20
   - CD45
   - CD34
   - CD38
intactMu: !!opencv-matrix
   rows: 5
   cols: 9
   dt: d
   data: [ 1.0364374605148328e+00, 3.6896748435435400e-01,
       2.8115059359516148e+00, 1.1791977686978838e+00,
       1.0989302566052701e+00, 1.1790136665548829e+00,
       3.7559690342713687e+00, 1.0681229696036456e+00,
       1.9537496542741331e+00, 3.1727818811727406e+00,
       3.5747735099533142e+00, 2.8919252626304432e+00,
       1.7158808902833127e+00, 1.3361585986363762e+00,
       1.6378515372048963e+00, 3.1300973914443189e+00,
       1.1378143642975920e+00, 2.0589973870940352e+00,
       1.0694923488020711e+00, 3.9515815111307312e-01,
       3.1461388223744930e+00, 1.1221186119876692e+00,
       1.1831476822542346e+00, 1.1893927175673920e+00,
       1.3680232042630973e+00, 1.0623787229996122e+00,
       1.7918530271128339e+00, 1.7535380232823277e+00,
       1.3784026306962858e+00, 2.9891453840604401e+00,
       1.3802033118613388e+00, 1.4428222869497449e+00,
       1.5610384555279626e+00, 3.2036672715271024e+00,
       1.5817158577257919e+00, 2.7257131173335947e+00,
       2.3389119020931459e+00, 3.5262925586631728e+00,
       2.9267005026692785e+00, 1.7064344829925830e+00,
       1.8842566429936933e+00, 1.7711648614511375e+00,
       3.2095112418886416e+00, 1.2029509699760521e+00,
       2.4340068550792524e+00 ]
intactSigma:
   - !!opencv-matrix
      rows: 9
      cols: 9
      dt: d
      data: [ 6.8455595436685779e-02, 1.6533598141278458e-02,
          -2.1158592775841707e-02, 6.7294087273858652e-03,
          1.1093249415634950e-03, 1.3063172874986949e-02,
          1.5228181648079889e-02, 1.9295778944212701e-03,
          -2.5745247697181396e-04, 1.6533598141278458e-02,
          1.6653240073345829e-02, -7.6912951109116235e-03,
          4.4402092431602156e-03, 2.3019719749324406e-03,
          1.4129577163314762e-02, 7.7848852796643265e-03,
          1.0030995140944022e-03, -1.7040951412089342e-03,
          -2.1158592775841707e-02, -7.6912951109116235e-03,
          1.8989912408554476e-02, -2.1927604456588581e-03,
          -9.2370402545999286e-05, -5.0789589497412897e-03,
          -6.0000142713999109e-03, 2.7986831657370162e-04,
          7.7099648439487006e-04, 6.7294087273858678e-03,
          4.4402092431602156e-03, -2.1927604456588594e-03,
          2.6913652319749726e-02, 6.3431009338388408e-04,
          4.3261834304447163e-03, 3.3229590999871699e-03,
          2.3165203912026890e-03, -1.1894021728351323e-03,
          1.1093249415634948e-03, 2.3019719749324415e-03,
          -9.2370402545999218e-05, 6.3431009338388398e-04,
          7.6174169729120523e-03, 1.2428488135390781e-03,
          6.9755903548904599e-04, -1.8167627842274158e-03,
          -3.8234018150762274e-04, 1.3063172874986949e-02,
          1.4129577163314762e-02, -5.0789589497412914e-03,
          4.3261834304447171e-03, 1.2428488135390779e-03,
          6.5802387721379973e-02, 7.1304168026831332e-03,
          1.2741734605783322e-03, -3.0998128871479007e-03,
          1.5228181648079889e-02, 7.7848852796643265e-03,
          -6.0000142713999109e-03, 3.3229590999871699e-03,
          6.9755903548904599e-04, 7.1304168026831340e-03,
          9.6724248566807877e-03, -2.2623481097739995e-05,
          -4.4669912046498217e-04, 1.9295778944212708e-03,
          1.0030995140944028e-03, 2.7986831657370129e-04,
          2.3165203912026886e-03, -1.8167627842274158e-03,
          1.2741734605783328e-03, -2.2623481097740137e-05,
          1.5046930184856866e-01, 1.5901777090309318e-03,
          -2.5745247697181402e-04, -1.7040951412089337e-03,
          7.7099648439486973e-04, -1.1894021728351327e-03,
          -3.8234018150762274e-04, -3.0998128871479007e-03,
          -4.4669912046498239e-04, 1.5901777090309309e-03,
          1.3172217082881400e-02 ]
   - !!opencv-matrix
      rows: 9
      cols: 9
      dt: d
      data: [ 3.2201317417671704e-01, 9.5875970199378879e-02,
          1.0536988809697754e-02, 3.0795067701202574e-02,
          1.2244772720509899e-02, 2.9097302871992806e-02,
          1.6917688730192174e-03, 8.1025313120085263e-03,
          1.5833946116771927e-02, 9.5875970199378865e-02,
          3.4392736919061900e-01, 3.9354989217424367e-03,
          4.8569653329191033e-02, 2.1490883751044666e-02,
          3.9147632382487758e-02, 1.8679281009495383e-02,
          1.1939044706068998e-02, 1.3836862006517660e-02,
          1.0536988809697754e-02, 3.9354989217424367e-03,
          5.6617942646185106e-03, 1.6217306145291117e-03,
          2.2721861983256743e-03, 4.8627421213917133e-03,
          -1.4195044407431866e-03, 6.1696838527365051e-04,
          1.9408960925082377e-03, 3.0795067701202574e-02,
          4.8569653329191033e-02, 1.6217306145291117e-03,
          2.8027048721862079e-02, 3.4525117503503614e-03,
          6.9959624895494345e-03, 3.3663115130421195e-03,
          2.7245460686076113e-03, 4.1919892936262962e-03,
          1.2244772720509896e-02, 2.1490883751044663e-02,
          2.2721861983256747e-03, 3.4525117503503614e-03,
          1.4341515682407239e-02, 4.1019443178878035e-03,
          1.0872720947438343e-03, 7.5597531157796068e-04,
          1.3557556805198132e-03, 2.9097302871992806e-02,
          3.9147632382487751e-02, 4.8627421213917133e-03,
          6.9959624895494362e-03, 4.1019443178878035e-03,
          3.0209119930566686e-02, 1.0906498938695226e-03,
          3.0278634868303152e-03, 9.1167966775951310e-03,
          1.6917688730192159e-03, 1.8679281009495383e-02,
          -1.4195044407431868e-03, 3.3663115130421195e-03,
          1.0872720947438343e-03, 1.0906498938695226e-03,
          1.0969754492490756e-02, 2.7879623236987979e-04,
          3.3159433555194251e-03, 8.1025313120085263e-03,
          1.1939044706068998e-02, 6.1696838527365030e-04,
          2.7245460686076105e-03, 7.5597531157796068e-04,
          3.0278634868303143e-03, 2.7879623236988011e-04,
          7.0196848227315131e-02, 1.9214446297758669e-03,
          1.5833946116771927e-02, 1.3836862006517660e-02,
          1.9408960925082382e-03, 4.1919892936262970e-03,
          1.3557556805198132e-03, 9.1167966775951310e-03,
          3.3159433555194251e-03, 1.9214446297758669e-03,
          2.0714736077907761e-02 ]
   - !!opencv-matrix
      rows: 9
      cols: 9
      dt: d
      data: [ 1.5812647605779517e-01, 3.2931853481976914e-02,
          -1.7287191831507251e-04, 1.0231615474395639e-02,
          7.3230223602611918e-03, 2.2561448516104591e-02,
          1.6153633750824264e-02, 3.6343862696518129e-03,
          7.2339077726079140e-04, 3.2931853481976914e-02,
          3.7770744137211501e-02, 6.2836469761032914e-03,
          8.8820784953864158e-03, 1.0632429298719060e-02,
          3.0104396567324537e-02, 3.0141717537775729e-02,
          4.2436127130177428e-03, 2.4850535975020644e-03,
          -1.7287191831507251e-04, 6.2836469761032914e-03,
          5.0832600605538666e-02, 4.4276348316255034e-03,
          5.2224728355645235e-03, 1.2409980803475003e-02,
          1.6255699184100629e-02, 2.5969561906842311e-03,
          7.4405640504949329e-04, 1.0231615474395639e-02,
          8.8820784953864158e-03, 4.4276348316255026e-03,
          1.0551550183140244e-02, 3.4890797909697931e-03,
          9.9666371524864631e-03, 8.3855315473120931e-03,
          1.6688728378722593e-03, 1.7567981085489401e-04,
          7.3230223602611909e-03, 1.0632429298719064e-02,
          5.2224728355645244e-03, 3.4890797909697931e-03,
          1.3568565756373944e-02, 1.2818719395281659e-02,
          1.2323969136325301e-02, 1.5062491724236345e-03,
