%YAML:1.0
---
groups:
   - intact
   - CD19
   - blast
intactGmmnames:
   - "intact.539.0"
   - "intact.539.1"
   - "intact.539.2"
   - "intact.539.3"
   - "intact.539.4"
intactLabels:
   - FSC-A
   - SSC-A
   - SY41
   - CD19
   - CD10
   - CD20
   - CD45
   - CD34
   - CD38
intactMu: !!opencv-matrix
   rows: 5
   cols: 9
   dt: d
   data: [ 9.9020434789213641e-01, 5.6406852103815519e-01,
       3.9716758374329770e+00, 1.1122971604377812e+00,
       1.4814684175485620e+00, 1.1706894518608360e+00,
       1.6230916609121968e+00, 1.0529184822940227e+00,
       1.6649537101344467e+00, 6.6439996522393252e-01,
       2.9856136851997550e-01, 3.7650871665400110e+00,
       8.9670870555609572e-01, 8.6112184668558145e-01,
       1.0228798454400752e+00, 3.4624509646274095e+00,
       1.0596909648010238e+00, 1.6412792576050379e+00,
       1.1776929785377626e+00, 1.4170803427274090e+00,
       3.7907909233506496e+00, 1.3135857117254899e+00,
       1.4398146396373659e+00, 1.5047136805004313e+00,
       2.9187275196685913e+00, 1.4078871897681946e+00,
       2.0738628811397946e+00, 4.7289002582145612e-01,
       2.3141251949011191e-01, 3.9255052257283247e+00,
       9.2029648922738549e-01, 8.1250692148189374e-01,
       9.4055514109862959e-01, 3.4567727641957524e+00,
       1.0393178314867295e+00, 1.6268124495245462e+00,
       6.8194113085402708e-01, 3.5033269907888825e-01,
       3.8858242744440066e+00, 1.0157476887713817e+00,
       1.2249021008847978e+00, 9.6217366314024855e-01,
       1.3187087652921385e+00, 9.9213022243720339e-01,
       1.6177424128952422e+00 ]
intactSigma:
   - !!opencv-matrix
      rows: 9
      cols: 9
      dt: d
      data: [ 1.0503630936233925e-01, 2.6542823268445946e-02,
          1.6629135233337321e-03, 2.8426383794063316e-03,
          2.3274411757263917e-02, 2.6274514779714507e-02,
          1.5312027906132165e-02, -4.0041834349231571e-03,
          1.5657582470779695e-04, 2.6542823268445939e-02,
          4.1374337664300320e-02, 3.7741585596245482e-03,
          5.4123740844796960e-03, 1.9419264762792751e-02,
          2.5835222278589493e-02, 2.4547417447137117e-02,
          1.7874039619487569e-03, 2.2723357456200218e-03,
          1.6629135233337327e-03, 3.7741585596245478e-03,
          1.4256391833254471e-02, 3.6049664031819776e-03,
          -3.1448943274930372e-04, -1.7793397767228462e-03,
          -7.0114376020866760e-04, 2.5848479093940643e-03,
          -6.2990872449997909e-04, 2.8426383794063303e-03,
          5.4123740844796960e-03, 3.6049664031819776e-03,
          1.8548013347047289e-02, 1.7235469152370401e-03,
          3.0193811154114853e-03, 2.0608775325166293e-03,
          1.2371204735409289e-03, -1.3888053377261963e-03,
          2.3274411757263917e-02, 1.9419264762792751e-02,
          -3.1448943274930361e-04, 1.7235469152370407e-03,
          1.4485654912162207e-01, 2.9456094220256208e-02,
          4.5663756047479832e-02, -3.2901686375166889e-04,
          4.5907495382372446e-03, 2.6274514779714507e-02,
          2.5835222278589490e-02, -1.7793397767228464e-03,
          3.0193811154114862e-03, 2.9456094220256208e-02,
          6.0688697864094164e-02, 2.6396716619780072e-02,
          1.0563460430102571e-03, 9.4591295638884586e-04,
          1.5312027906132165e-02, 2.4547417447137117e-02,
          -7.0114376020866803e-04, 2.0608775325166306e-03,
          4.5663756047479818e-02, 2.6396716619780072e-02,
          1.5015828537375658e-01, -1.5775604923869255e-03,
          9.3519458160157293e-03, -4.0041834349231562e-03,
          1.7874039619487573e-03, 2.5848479093940643e-03,
          1.2371204735409289e-03, -3.2901686375166840e-04,
          1.0563460430102574e-03, -1.5775604923869255e-03,
          5.1052878492676909e-02, -7.1507817578969775e-04,
          1.5657582470779720e-04, 2.2723357456200222e-03,
          -6.2990872449997909e-04, -1.3888053377261959e-03,
          4.5907495382372446e-03, 9.4591295638884586e-04,
          9.3519458160157293e-03, -7.1507817578969797e-04,
          4.1772506176415633e-03 ]
   - !!opencv-matrix
      rows: 9
      cols: 9
      dt: d
      data: [ 7.9393688026207304e-02, 2.7747935358612961e-03,
          -2.3414861024035376e-02, -9.9847828056450500e-03,
          4.1014189702164097e-03, 1.6627010363582540e-02,
          1.4943578630420697e-02, -6.3023924160732865e-03,
          -8.8958766751651673e-03, 2.7747935358612939e-03,
          1.2861872179959218e-02, 5.7729274811456621e-03,
          2.9952666037116661e-03, 9.4868848237844774e-03,
          1.0926966921917462e-02, 5.3676100467258082e-03,
          4.1038536889254473e-03, -1.6044548091735963e-03,
          -2.3414861024035373e-02, 5.7729274811456595e-03,
          3.7132804547687422e-02, 1.2431941941961469e-02,
          2.5390816743515415e-03, -7.6549340491080965e-03,
          -4.8492074645140517e-03, 8.5121087001650032e-03,
          7.5872111598990783e-03, -9.9847828056450500e-03,
          2.9952666037116652e-03, 1.2431941941961469e-02,
          2.5125068739232679e-02, 2.2887832005676219e-03,
          -1.3229138070393128e-03, -4.2281983979163525e-03,
          5.9042922274563118e-03, 1.4742693567914380e-03,
          4.1014189702164106e-03, 9.4868848237844756e-03,
          2.5390816743515419e-03, 2.2887832005676211e-03,
          5.5502229270044674e-02, 1.1707933679673812e-02,
          4.7686634156595565e-03, -1.3373479394152711e-03,
          -2.6052264448749828e-03, 1.6627010363582540e-02,
          1.0926966921917462e-02, -7.6549340491080939e-03,
          -1.3229138070393128e-03, 1.1707933679673811e-02,
          4.7603452804365648e-02, 8.7984061553620981e-03,
          2.0200893763248442e-03, -6.7198156282450815e-03,
          1.4943578630420701e-02, 5.3676100467258082e-03,
          -4.8492074645140526e-03, -4.2281983979163525e-03,
          4.7686634156595565e-03, 8.7984061553620981e-03,
          1.7900190829349617e-02, -2.3148309257011203e-03,
          -1.1305784802186191e-03, -6.3023924160732856e-03,
          4.1038536889254473e-03, 8.5121087001650032e-03,
          5.9042922274563118e-03, -1.3373479394152711e-03,
          2.0200893763248438e-03, -2.3148309257011185e-03,
          1.3556412141905330e-01, 1.5376108517988316e-03,
          -8.8958766751651656e-03, -1.6044548091735963e-03,
          7.5872111598990783e-03, 1.4742693567914380e-03,
          -2.6052264448749832e-03, -6.7198156282450806e-03,
          -1.1305784802186191e-03, 1.5376108517988316e-03,
          1.4134570377244585e-02 ]
   - !!opencv-matrix
      rows: 9
      cols: 9
      dt: d
      data: [ 3.5387961299580356e-01, 3.2505788781445749e-01,
          1.8420882180718825e-02, 4.7844829587118248e-02,
          8.6729800582968142e-02, 2.6392305205351008e-02,
          2.0410705828348218e-02, 6.2945244947491458e-02,
          2.9345585353650762e-02, 3.2505788781445749e-01,
          1.0813302463053467e+00, 1.2021614631920639e-02,
          2.0122717739195975e-01, 3.0060720729687773e-01,
          1.1985017172930103e-01, 9.0248992589778317e-03,
          -1.7771917116733822e-02, -6.3884787726002978e-02,
          1.8420882180718825e-02, 1.2021614631920639e-02,
          7.0940831509182581e-02, 2.0056719318990713e-02,
          -5.8880241476483818e-03, -1.4371946375765433e-02,
          -1.3760541393363640e-02, 2.8822113752331506e-02,
          2.2264146238037533e-02, 4.7844829587118248e-02,
          2.0122717739195981e-01, 2.0056719318990716e-02,
          1.4258127223100134e-01, 7.3441677868833211e-02,
          1.1600276491199003e-01, -1.5246267254062828e-03,
          7.8306877772888889e-03, -5.0539177334499606e-02,
          8.6729800582968142e-02, 3.0060720729687773e-01,
          -5.8880241476483818e-03, 7.3441677868833211e-02,
          3.6531390355200466e-01, 8.5545001693912950e-02,
          -1.7576129389686425e-02, -5.9574653826542602e-03,
