%YAML:1.0
---
groups:
   - intact
   - CD19
intactGmmnames:
   - "intact.539.0"
   - "intact.539.1"
   - "intact.539.2"
   - "intact.539.3"
   - "intact.539.4"
intactLabels:
   - FSC-A
   - SSC-A
   - SY41
   - CD19
   - CD10
   - CD20
   - CD45
   - CD34
   - CD38
intactMu: !!opencv-matrix
   rows: 5
   cols: 9
   dt: d
   data: [ 1.7515977794836908e+00, 2.3913715614455811e+00,
       3.0296602856679637e+00, 1.6081639699472157e+00,
       1.6754531120594098e+00, 1.8168828543538047e+00,
       3.0258566823784765e+00, 1.4712281755716039e+00,
       2.2592661099549707e+00, 9.0853359370244857e-01,
       5.0112811273913049e-01, 3.1045040849782932e+00,
       1.0857958810261110e+00, 1.1526527942432447e+00,
       1.3223142081633872e+00, 1.3853877534576766e+00,
       9.8920921327707367e-01, 1.4108293371998741e+00,
       2.4057963916522849e+00, 3.6531883783851660e+00,
       2.8574554993268868e+00, 1.7671719019674177e+00,
       1.7986217309230215e+00, 1.6206604693421396e+00,
       3.2068656589907967e+00, 1.1235658141238924e+00,
       1.6821130693043944e+00, 5.0914023139281417e-01,
       3.8458592031009536e-01, 3.1156913217647570e+00,
       1.1504168027664845e+00, 1.0540523350755635e+00,
       1.3526889118195433e+00, 3.3320946005137562e+00,
       1.0342815221743717e+00, 1.6695186696077340e+00,
       2.4837251176069080e+00, 3.3574833963624862e+00,
       2.9893933120985499e+00, 1.7300505781075584e+00,
       1.5822344741799397e+00, 1.8218249750661906e+00,
       2.9578554930837995e+00, 1.1225972318766708e+00,
       2.2330000686215472e+00 ]
intactSigma:
   - !!opencv-matrix
      rows: 9
      cols: 9
      dt: d
      data: [ 5.1261083233661142e-01, 4.1155262593380132e-01,
          1.0574539530830113e-02, 1.0134012178666216e-01,
          8.9371806018899186e-02, 8.5901253000731453e-02,
          1.2972653990231392e-01, 7.5871110263260447e-02,
          1.2944149551783921e-01, 4.1155262593380132e-01,
          1.1739787342524599e+00, 1.7066827785894224e-02,
          2.3796385127727615e-01, 2.6592122863469664e-01,
          1.2852351782126903e-01, 1.4900444417466122e-01,
          -3.7277102480758925e-02, -5.6880418602991499e-02,
          1.0574539530830113e-02, 1.7066827785894231e-02,
          7.3059076764113301e-02, 8.9258069237306507e-03,
          2.0762845975956103e-02, 1.4262839074258377e-02,
          -2.6282668836279593e-02, 6.7777261515677405e-03,
          -4.4410261279908672e-02, 1.0134012178666213e-01,
          2.3796385127727612e-01, 8.9258069237306524e-03,
          8.8969291807497380e-02, 7.2523873396190736e-02,
          6.0508466393037433e-02, 5.1936550795940624e-02,
          2.9324874346719132e-03, -7.8169926605180778e-03,
          8.9371806018899186e-02, 2.6592122863469664e-01,
          2.0762845975956103e-02, 7.2523873396190722e-02,
          2.0934860552088472e-01, 7.5878800273443944e-02,
          4.7056159466781683e-02, 4.2604713036052720e-03,
          -5.1737639413820223e-02, 8.5901253000731453e-02,
          1.2852351782126906e-01, 1.4262839074258380e-02,
          6.0508466393037433e-02, 7.5878800273443930e-02,
          1.2200394315395532e-01, 4.2380736453164168e-02,
          3.6358611392564008e-02, 2.0905549710052956e-02,
          1.2972653990231392e-01, 1.4900444417466124e-01,
          -2.6282668836279593e-02, 5.1936550795940624e-02,
          4.7056159466781697e-02, 4.2380736453164168e-02,
          3.0061271430306935e-01, 3.6341654588787305e-02,
          1.6452624357211804e-01, 7.5871110263260433e-02,
          -3.7277102480758925e-02, 6.7777261515677423e-03,
          2.9324874346719149e-03, 4.2604713036052729e-03,
          3.6358611392564008e-02, 3.6341654588787305e-02,
          3.8015801849538516e-01, 2.1374236277098752e-01,
          1.2944149551783921e-01, -5.6880418602991520e-02,
          -4.4410261279908672e-02, -7.8169926605180726e-03,
          -5.1737639413820216e-02, 2.0905549710052949e-02,
          1.6452624357211804e-01, 2.1374236277098749e-01,
          5.2698978717496836e-01 ]
   - !!opencv-matrix
      rows: 9
      cols: 9
      dt: d
      data: [ 2.2663404717486810e-01, 7.7224473338063468e-02,
          5.3873630609270126e-02, 2.8592258720576517e-02,
          5.5495302624162746e-02, 6.4930858661123650e-02,
          6.1007357018159347e-02, 9.4495532160886134e-03,
          8.6871941194734542e-03, 7.7224473338063468e-02,
          8.9066320053111284e-02, 3.2409336095209275e-02,
          3.2050978104351160e-02, 6.5786217697666100e-02,
          7.7887596050381688e-02, 6.7354654694827890e-02,
          1.3115509387969654e-02, 1.0138167851357823e-02,
          5.3873630609270126e-02, 3.2409336095209275e-02,
          7.7894406356207438e-02, 1.4677304073176099e-02,
          3.6784419043590179e-02, 3.6013304797381129e-02,
          3.8833956434138221e-02, 9.3316869998526491e-03,
          3.0993128648327565e-03, 2.8592258720576524e-02,
          3.2050978104351160e-02, 1.4677304073176099e-02,
          2.3323872055349654e-02, 2.7039954863712159e-02,
          3.1474218025455331e-02, 2.6569059398754123e-02,
          5.7001450968308170e-03, 2.0749272369448776e-03,
          5.5495302624162746e-02, 6.5786217697666086e-02,
          3.6784419043590179e-02, 2.7039954863712159e-02,
          1.2976969845067796e-01, 7.7256877497479171e-02,
          6.6628646227541027e-02, 1.2083424233933627e-02,
          8.7360435115652960e-03, 6.4930858661123650e-02,
          7.7887596050381688e-02, 3.6013304797381129e-02,
          3.1474218025455324e-02, 7.7256877497479171e-02,
          1.4618681001023334e-01, 8.2090903966961004e-02,
          1.3939741816608599e-02, 1.0424195752965902e-02,
          6.1007357018159347e-02, 6.7354654694827890e-02,
          3.8833956434138221e-02, 2.6569059398754123e-02,
          6.6628646227541027e-02, 8.2090903966961004e-02,
          1.7505272128479049e-01, 1.1591991719543213e-02,
          9.9032207985970712e-03, 9.4495532160886100e-03,
          1.3115509387969654e-02, 9.3316869998526456e-03,
          5.7001450968308170e-03, 1.2083424233933627e-02,
          1.3939741816608600e-02, 1.1591991719543213e-02,
          3.6613030711657453e-02, 1.9006475420867328e-03,
          8.6871941194734507e-03, 1.0138167851357823e-02,
          3.0993128648327565e-03, 2.0749272369448768e-03,
          8.7360435115652960e-03, 1.0424195752965902e-02,
          9.9032207985970729e-03, 1.9006475420867326e-03,
          7.1704738449548042e-03 ]
   - !!opencv-matrix
      rows: 9
      cols: 9
      dt: d
      data: [ 3.6443619400696514e-01, 1.1486439034399319e-01,
          6.9256458558790241e-03, 2.2651825085476564e-02,
          2.6928593266667502e-03, 1.7232322230091593e-02,
          7.2857872029377831e-03, 1.5912547975585885e-02,
          1.1924191548328796e-02, 1.1486439034399319e-01,
          3.4723538485088512e-01, -4.3208220653908106e-04,
          6.0474724964324489e-02, 1.2260836528708442e-01,
          2.9116628225855642e-02, 5.4400113520039386e-02,
          1.7594474149643140e-02, -8.5024509046540808e-03,
          6.9256458558790241e-03, -4.3208220653908057e-04,
          6.1346177623620209e-03, 1.5360537981807219e-04,
          -5.7591533598868741e-03, 3.0614678923953850e-03,
          -1.9683340470230334e-03, 1.8441830587931907e-03,
          4.4640310026392944e-03, 2.2651825085476564e-02,
          6.0474724964324489e-02, 1.5360537981807225e-04,
          2.8352243093118751e-02, 2.8425762560404660e-02,
          7.1174091802683115e-03, 1.1602053915778726e-02,
          4.5003559390570909e-03, -6.2087662266765665e-03,
          2.6928593266667485e-03, 1.2260836528708442e-01,
          -5.7591533598868741e-03, 2.8425762560404660e-02,
          3.3954575508035062e-01, 2.3664556048494621e-02,
          6.7817913494110274e-02, 6.3707818735122823e-03,
