%YAML:1.0
---
groups:
   - intact
   - CD19
intactGmmnames:
   - "intact.541.0"
   - "intact.541.1"
   - "intact.541.2"
   - "intact.541.3"
   - "intact.541.4"
intactLabels:
   - FSC-A
   - SSC-A
   - SY41
   - CD19
   - CD10
   - CD20
   - CD45
   - CD34
   - CD38
intactMu: !!opencv-matrix
   rows: 5
   cols: 9
   dt: d
   data: [ 1.0275329515536269e+00, 3.5844568722973552e-01,
       3.3928030890928795e+00, 1.0225960073879417e+00,
       1.3328528414220140e+00, 9.0970257295520929e-01,
       1.5440294740472817e+00, 9.1194285809625775e-01,
       1.4468521454021188e+00, 2.9132302767430049e+00,
       3.4053634015993888e+00, 3.3777543345308518e+00,
       1.6014592968959338e+00, 1.8194878376591115e+00,
       1.3465066759066517e+00, 2.7130385266624550e+00,
       9.8188837299567377e-01, 1.8293369116417468e+00,
       1.7573338885314189e+00, 1.1409195688227001e+00,
       3.2663915049541106e+00, 1.2393292585886468e+00,
       1.0252287051679310e+00, 1.3044231499057699e+00,
       3.6229793470237039e+00, 1.2269747508663336e+00,
       2.7217216006352474e+00, 2.7993139393249091e+00,
       3.7170467747467253e+00, 3.2534926529733195e+00,
       1.6499435338675148e+00, 2.2427122433544553e+00,
       1.3998936968841984e+00, 2.7436987366340686e+00,
       1.0379561093382734e+00, 1.6990083568048955e+00,
       1.4560191503080153e+00, 7.9355469968370029e-01,
       3.6898547341271519e+00, 1.1299201355312980e+00,
       2.0352251890666966e+00, 1.2114645934842396e+00,
       2.1531821111068425e+00, 1.0435668478213682e+00,
       2.2222956442880202e+00 ]
intactSigma:
   - !!opencv-matrix
      rows: 9
      cols: 9
      dt: d
      data: [ 5.9949877414901070e-02, 8.4616133818166007e-03,
          -1.8776715507299185e-02, 2.6946286146054227e-03,
          2.6879782547757788e-03, 1.1817741256077263e-02,
          7.3916176371180385e-03, -9.8369323393512252e-05,
          7.5687456268208357e-03, 8.4616133818166007e-03,
          9.3296914384908922e-03, -2.5881846476910656e-03,
          1.4111288218913085e-03, 1.0435062684559227e-02,
          8.5331838435539122e-03, 7.3966476825656699e-03,
          6.6113142711023837e-04, 8.3829644541607278e-03,
          -1.8776715507299185e-02, -2.5881846476910656e-03,
          7.8222520831449135e-02, -2.4035369749769944e-04,
          1.6182874831775926e-02, -1.4355260935102013e-02,
          -5.2223873161297788e-03, -1.0123331513018352e-03,
          7.4501326059726652e-03, 2.6946286146054218e-03,
          1.4111288218913085e-03, -2.4035369749769961e-04,
          5.5387509295235452e-03, 1.2809288001978429e-03,
          1.4018448287610719e-03, 6.3532813800044928e-04,
          3.0656136167974573e-04, -4.8848922943436066e-04,
          2.6879782547757801e-03, 1.0435062684559229e-02,
          1.6182874831775919e-02, 1.2809288001978431e-03,
          3.7301824057914224e-01, 4.7721328895724115e-03,
          3.6166599617836540e-02, -1.1764684469608825e-03,
          5.3802918943791439e-02, 1.1817741256077263e-02,
          8.5331838435539105e-03, -1.4355260935102011e-02,
          1.4018448287610723e-03, 4.7721328895724106e-03,
          4.7455755243030931e-02, 8.0420117681114112e-03,
          -8.8971045311233822e-05, 5.1359929181799407e-03,
          7.3916176371180385e-03, 7.3966476825656699e-03,
          -5.2223873161297788e-03, 6.3532813800044907e-04,
          3.6166599617836533e-02, 8.0420117681114112e-03,
          1.7257361952853745e-01, -2.1170958455108066e-03,
          5.7206791670457793e-02, -9.8369323393512334e-05,
          6.6113142711023848e-04, -1.0123331513018357e-03,
          3.0656136167974579e-04, -1.1764684469608821e-03,
          -8.8971045311234134e-05, -2.1170958455108066e-03,
          2.3751545351242270e-02, 6.0312892299732438e-04,
          7.5687456268208339e-03, 8.3829644541607261e-03,
          7.4501326059726704e-03, -4.8848922943436066e-04,
          5.3802918943791453e-02, 5.1359929181799399e-03,
          5.7206791670457793e-02, 6.0312892299732449e-04,
          1.0092780409469454e-01 ]
   - !!opencv-matrix
      rows: 9
      cols: 9
      dt: d
      data: [ 4.1182870755576018e-01, 1.1472940087948941e-01,
          4.2866074137582408e-03, 4.3140789013195902e-02,
          -6.0515986453916676e-02, 3.7907412047019771e-02,
          6.8769736422623065e-03, 1.1148674387117998e-02,
          6.3870981377023711e-02, 1.1472940087948941e-01,
          3.4211872063499732e-01, -7.5201583820376505e-03,
          5.2679098819127239e-02, 5.1187567520970270e-02,
          4.9146713813979677e-02, 1.5305547172843121e-02,
          4.7151329786826570e-03, 1.8156043483979364e-02,
          4.2866074137582399e-03, -7.5201583820376523e-03,
          7.7113708150471942e-03, -5.2915698790640168e-04,
          2.4328470234673168e-03, 5.7269841609067752e-05,
          -1.0232463651790073e-03, 1.7990795590323386e-04,
          -1.2800493534274385e-03, 4.3140789013195902e-02,
          5.2679098819127239e-02, -5.2915698790640168e-04,
          2.8990895831828570e-02, 8.4428525266142711e-04,
          8.4010555071674358e-03, 4.6073533574358108e-03,
          1.6808564148506494e-03, 3.3801830041339971e-03,
          -6.0515986453916676e-02, 5.1187567520970270e-02,
          2.4328470234673168e-03, 8.4428525266142711e-04,
          2.4806196956618498e-01, -8.0389574831308489e-03,
          3.6737042736458736e-03, -1.0261049534652568e-02,
          -6.3493689742856158e-02, 3.7907412047019765e-02,
          4.9146713813979677e-02, 5.7269841609067847e-05,
          8.4010555071674358e-03, -8.0389574831308472e-03,
          3.9680417488404215e-02, 5.1997012975883543e-03,
          2.1301754378732149e-03, 1.8206956245310369e-02,
          6.8769736422623082e-03, 1.5305547172843117e-02,
          -1.0232463651790077e-03, 4.6073533574358108e-03,
          3.6737042736458749e-03, 5.1997012975883551e-03,
          2.1800280572613521e-02, -9.1783658067995898e-04,
          1.1312160893745690e-02, 1.1148674387117998e-02,
          4.7151329786826544e-03, 1.7990795590323369e-04,
          1.6808564148506494e-03, -1.0261049534652572e-02,
          2.1301754378732149e-03, -9.1783658067995844e-04,
          6.0680494840894793e-02, 6.7462647977558693e-03,
          6.3870981377023711e-02, 1.8156043483979353e-02,
          -1.2800493534274389e-03, 3.3801830041339971e-03,
          -6.3493689742856158e-02, 1.8206956245310366e-02,
          1.1312160893745694e-02, 6.7462647977558693e-03,
          1.3810019405133120e-01 ]
   - !!opencv-matrix
      rows: 9
      cols: 9
      dt: d
      data: [ 4.0620371061861521e-01, 3.1437072649013592e-01,
          2.8071487017910488e-02, 7.9181735161074851e-02,
          1.2620670847573673e-01, 1.0078738512628571e-01,
          -1.2540818913599932e-02, 1.2839645619650478e-01,
          2.1105800727423973e-01, 3.1437072649013598e-01,
          6.1356193523667435e-01, 3.9204766508307655e-02,
          1.2584284855762387e-01, 2.3458266485444210e-01,
          1.8742052812487239e-01, -7.9348701193387314e-02,
          1.5045007709255756e-01, 2.3340575296566599e-01,
          2.8071487017910488e-02, 3.9204766508307655e-02,
          6.4212520112990251e-02, 8.1916774167321120e-03,
          1.1951151585337844e-02, 3.8353389317727624e-03,
          -1.2641209046736105e-02, 2.3889778570488941e-02,
          2.7315515733419050e-02, 7.9181735161074865e-02,
          1.2584284855762387e-01, 8.1916774167321120e-03,
          6.8588589345906475e-02, 6.0012963090661231e-02,
          5.1134475892817666e-02, -1.2761619704461288e-02,
          3.7787667598453284e-02, 4.9169854097373421e-02,
          1.2620670847573673e-01, 2.3458266485444210e-01,
          1.1951151585337850e-02, 6.0012963090661231e-02,
          2.1708967766318166e-01, 1.0621109972874851e-01,
          -5.1710069527797609e-02, 8.8836014190337098e-02,
