%YAML:1.0
---
groups:
   - intact
   - CD19
   - blast
intactGmmnames:
   - "intact.547.0"
   - "intact.547.1"
   - "intact.547.2"
   - "intact.547.3"
   - "intact.547.4"
intactLabels:
   - FSC-A
   - SSC-A
   - SY41
   - CD19
   - CD10
   - CD20
   - CD45
   - CD34
   - CD38
intactMu: !!opencv-matrix
   rows: 5
   cols: 9
   dt: d
   data: [ 3.2751231750009784e+00, 2.7975129308630988e+00,
       2.7283540687986911e+00, 2.0904964809609319e+00,
       2.2063800293154672e+00, 1.1789206653737931e+00,
       2.9169894188310548e+00, 1.1883005506092443e+00,
       1.6086180312940317e+00, 1.2715537459946094e+00,
       4.0674802342468402e-01, 2.6802507827398494e+00,
       1.3656003988411556e+00, 8.9200887987219457e-01,
       1.0127752292445888e+00, 3.6685727676560811e+00,
       1.3232224475524030e+00, 1.9954934456400741e+00,
       3.2690673399355172e+00, 3.0792357813350733e+00,
       2.6842414351939285e+00, 2.1484143193997967e+00,
       2.8492241645535827e+00, 1.3766053759646788e+00,
       2.9874634750942777e+00, 1.2435372749615705e+00,
       1.5375640086989475e+00, 1.2320161380388799e+00,
       5.3555270382605891e-01, 2.9224369936568899e+00,
       1.3422307901631880e+00, 1.4039685690850254e+00,
       1.2102757964353741e+00, 1.8862760611354445e+00,
       1.0150131637994406e+00, 1.7101281635126726e+00,
       2.4379361416802658e+00, 1.5667420258921851e+00,
       2.5799810031691073e+00, 1.8581868742303760e+00,
       1.6251598773773812e+00, 1.4789114859867836e+00,
       3.0148698683863069e+00, 1.6386632843615645e+00,
       2.4619810969325404e+00 ]
intactSigma:
   - !!opencv-matrix
      rows: 9
      cols: 9
      dt: d
      data: [ 5.0847905922609071e-01, 1.2826200605771307e-01,
          -2.8456320593314464e-02, 2.4608121581319333e-02,
          -1.6130347716988583e-01, 7.1562677114225523e-02,
          -2.5795424951485877e-02, 6.4477737472171826e-03,
          3.3585449339918590e-02, 1.2826200605771304e-01,
          3.1764087934495477e-01, -4.5931438324589874e-02,
          5.9044336025962492e-02, 2.8471878113809794e-02,
          3.8732924040614979e-02, 2.4716437738461262e-02,
          2.5167461489134759e-02, 1.1264628152404152e-02,
          -2.8456320593314450e-02, -4.5931438324589874e-02,
          6.1567247279772641e-02, -9.1099879841739211e-03,
          5.4791602468257710e-03, -7.4303456271672744e-03,
          -9.0172252977684803e-03, -5.6738279224044866e-04,
          -7.2342956346252655e-03, 2.4608121581319333e-02,
          5.9044336025962506e-02, -9.1099879841739229e-03,
          1.9329340493358587e-02, -1.5920399617052445e-03,
          7.2950418213563314e-03, 4.6099514237378540e-03,
          4.8153503618660852e-03, -7.4900660267041225e-04,
          -1.6130347716988583e-01, 2.8471878113809794e-02,
          5.4791602468257702e-03, -1.5920399617052445e-03,
          4.5627515531596646e-01, -1.1091865986185073e-01,
          6.2881078274862112e-02, 3.3281010234801484e-02,
          -5.4077920321508648e-02, 7.1562677114225537e-02,
          3.8732924040614972e-02, -7.4303456271672744e-03,
          7.2950418213563314e-03, -1.1091865986185073e-01,
          7.4278189989098700e-02, -1.1513805067717958e-02,
          -4.0948171692565174e-03, 1.7890988429871649e-02,
          -2.5795424951485880e-02, 2.4716437738461269e-02,
          -9.0172252977684803e-03, 4.6099514237378540e-03,
          6.2881078274862084e-02, -1.1513805067717958e-02,
          2.7247203743236630e-02, 7.2623942969493316e-03,
          -4.0494938115426963e-03, 6.4477737472171818e-03,
          2.5167461489134759e-02, -5.6738279224044844e-04,
          4.8153503618660852e-03, 3.3281010234801497e-02,
          -4.0948171692565165e-03, 7.2623942969493298e-03,
          1.0960593082777910e-01, -1.0126579818775284e-03,
          3.3585449339918590e-02, 1.1264628152404152e-02,
          -7.2342956346252638e-03, -7.4900660267041203e-04,
          -5.4077920321508648e-02, 1.7890988429871649e-02,
          -4.0494938115426954e-03, -1.0126579818775284e-03,
          6.3706528820357697e-02 ]
   - !!opencv-matrix
      rows: 9
      cols: 9
      dt: d
      data: [ 1.3219393157942469e-01, 3.1768424376778834e-02,
          -6.4700728705002195e-02, 2.7048606015097048e-02,
          8.5002169091911595e-03, 2.1633005010319877e-02,
          1.9503951726512161e-02, 2.1632365293296606e-02,
          2.2247801649956506e-02, 3.1768424376778834e-02,
          2.2722769663938693e-02, -3.4080376268579932e-02,
          1.9853378490835624e-02, 6.9350423283911734e-03,
          1.4639174697005632e-02, 1.2927753562927887e-02,
          1.2926230478289325e-02, 1.5243094787704988e-02,
          -6.4700728705002208e-02, -3.4080376268579932e-02,
          1.2641120848995702e-01, -3.1665637515404452e-02,
          -1.1971427899844157e-02, -2.2642612434002105e-02,
          -2.9264189719982788e-02, -2.0183932220784954e-02,
          -3.1166666697355828e-02, 2.7048606015097048e-02,
          1.9853378490835627e-02, -3.1665637515404452e-02,
          1.0528604915252392e-01, 7.9433026717818985e-03,
          1.5543312405237653e-02, 1.4308297054380180e-02,
          1.6160999864333971e-02, 3.6749362943705906e-03,
          8.5002169091911595e-03, 6.9350423283911734e-03,
          -1.1971427899844159e-02, 7.9433026717818985e-03,
          6.8158800683471563e-02, 3.0589133975014050e-03,
          6.5319536845383696e-03, -1.9691795621942405e-03,
          -3.5903650295104877e-03, 2.1633005010319877e-02,
          1.4639174697005632e-02, -2.2642612434002105e-02,
          1.5543312405237653e-02, 3.0589133975014050e-03,
          7.0331605907419048e-02, 9.7315280648501857e-03,
          7.5750534039669545e-03, -5.9693235698640209e-03,
          1.9503951726512161e-02, 1.2927753562927883e-02,
          -2.9264189719982785e-02, 1.4308297054380182e-02,
          6.5319536845383688e-03, 9.7315280648501840e-03,
          1.6430830938537068e-02, 9.8072064847653899e-03,
          9.1451595141270048e-03, 2.1632365293296606e-02,
          1.2926230478289327e-02, -2.0183932220784951e-02,
          1.6160999864333971e-02, -1.9691795621942392e-03,
          7.5750534039669562e-03, 9.8072064847653882e-03,
          2.0857992769546835e-01, 1.5643291749709323e-02,
          2.2247801649956510e-02, 1.5243094787704988e-02,
          -3.1166666697355828e-02, 3.6749362943705893e-03,
          -3.5903650295104877e-03, -5.9693235698640209e-03,
          9.1451595141270048e-03, 1.5643291749709326e-02,
          1.6285683437981699e-01 ]
   - !!opencv-matrix
      rows: 9
      cols: 9
      dt: d
      data: [ 4.6732649792353215e-01, 1.6823309512805013e-01,
          -1.9725268090557149e-02, 2.6427802741049736e-02,
          -3.7660874688736534e-03, 2.8521692038311078e-02,
          -5.7337581773813035e-03, 2.1013877650734307e-02,
          1.4553629278230261e-03, 1.6823309512805010e-01,
          3.5717293158774882e-01, -4.8149602894372499e-02,
          5.8489145174527774e-02, 4.3176163655637180e-02,
          4.1544382055683934e-02, 2.2132946219243221e-02,
          2.9798982078343649e-02, 3.2019707296788032e-03,
          -1.9725268090557156e-02, -4.8149602894372499e-02,
          6.7934260203188129e-02, -8.1620673639608583e-03,
          -1.7571468965103955e-02, -4.2013849062527602e-03,
          -1.0663884795293829e-02, -1.6100409292357451e-03,
          -2.9921584478302481e-03, 2.6427802741049736e-02,
          5.8489145174527774e-02, -8.1620673639608583e-03,
          1.5809827720199943e-02, 7.4060810227304132e-03,
          7.1423351096229987e-03, 4.0030334144451887e-03,
          5.0667698352766461e-03, -3.5565376832162477e-03,
          -3.7660874688736552e-03, 4.3176163655637180e-02,
          -1.7571468965103958e-02, 7.4060810227304132e-03,
          7.3028219884040832e-02, 2.8451737284106537e-03,
