%YAML:1.0
---
groups:
   - intact
   - CD19
intactGmmnames:
   - "intact.547.0"
   - "intact.547.1"
   - "intact.547.2"
   - "intact.547.3"
   - "intact.547.4"
intactLabels:
   - FSC-A
   - SSC-A
   - SY41
   - CD19
   - CD10
   - CD20
   - CD45
   - CD34
   - CD38
intactMu: !!opencv-matrix
   rows: 5
   cols: 9
   dt: d
   data: [ 7.6542027474886387e-01, 2.7895773314772176e-01,
       3.4845661507987038e+00, 1.1429453910534757e+00,
       1.0030798345058973e+00, 9.3351512713749951e-01,
       1.3722352864852241e+00, 1.0207153230221819e+00,
       1.6454906467743844e+00, 1.8684763215753024e+00,
       1.7388291485295684e+00, 3.2442865283569415e+00,
       1.7897517471523727e+00, 1.5824943027090426e+00,
       1.6051455538084090e+00, 3.1802937910098672e+00,
       1.7224407563446238e+00, 2.8080862173331091e+00,
       7.7957238394756223e-01, 2.7577698368583486e-01,
       3.2097718171401950e+00, 1.2177218583788292e+00,
       9.0015051240354171e-01, 9.5516385836980811e-01,
       3.6027988063205489e+00, 1.2157389648489405e+00,
       1.8148395071304615e+00, 2.3438645496437669e+00,
       3.4803923986449816e+00, 3.0445613232259996e+00,
       2.1312214272440535e+00, 1.9794651283224074e+00,
       1.5471780544646654e+00, 3.0804241147828275e+00,
       1.1950634040320662e+00, 1.8164765609275779e+00,
       1.2592487387667191e+00, 5.0567284387410483e-01,
       2.8705243388349175e+00, 1.3537407323742729e+00,
       8.9077930565897345e-01, 1.0705101788696949e+00,
       3.7542133228916637e+00, 1.3163713293876351e+00,
       2.1752670604775282e+00 ]
intactSigma:
   - !!opencv-matrix
      rows: 9
      cols: 9
      dt: d
      data: [ 8.6731765491856475e-02, 1.3683859727541461e-02,
          -3.5066584655777500e-02, 6.0626656713116765e-03,
          -3.0805100685272284e-03, 1.6217434988395178e-02,
          1.7113666571842777e-03, -1.2465432604362287e-03,
          1.4987685944698138e-03, 1.3683859727541464e-02,
          1.1184921670861899e-02, -3.6298480246491102e-03,
          6.7000930831220447e-03, 4.8021774320304231e-03,
          1.0875223389205969e-02, 8.0573902344202811e-03,
          1.8470519985714024e-03, 7.2299424653437876e-04,
          -3.5066584655777500e-02, -3.6298480246491102e-03,
          7.0310024774321439e-02, 1.5380309071648854e-03,
          1.2107990949580993e-02, -8.7594203857215679e-03,
          1.3401357714588778e-02, 4.9085142379745395e-03,
          -7.6638155459072123e-04, 6.0626656713116765e-03,
          6.7000930831220464e-03, 1.5380309071648859e-03,
          1.6670819348917971e-02, 4.6336716437153360e-03,
          8.2639607510833386e-03, 6.6020831975941901e-03,
          1.6805509183383945e-03, -3.9234657308753919e-04,
          -3.0805100685272284e-03, 4.8021774320304213e-03,
          1.2107990949580993e-02, 4.6336716437153360e-03,
          5.6187136220389920e-02, -8.5685594871911142e-04,
          8.0181890850861345e-03, 5.4136309908894831e-04,
          5.3143686636295039e-04, 1.6217434988395181e-02,
          1.0875223389205969e-02, -8.7594203857215627e-03,
          8.2639607510833386e-03, -8.5685594871911033e-04,
          7.6956188232752867e-02, 1.3537080026723968e-02,
          3.3488655537668990e-03, 9.4398203633737061e-04,
          1.7113666571842777e-03, 8.0573902344202811e-03,
          1.3401357714588774e-02, 6.6020831975941918e-03,
          8.0181890850861345e-03, 1.3537080026723968e-02,
          1.1826460183006346e-01, 2.3102424090439121e-03,
          1.2929550472338710e-03, -1.2465432604362281e-03,
          1.8470519985714024e-03, 4.9085142379745412e-03,
          1.6805509183383945e-03, 5.4136309908894853e-04,
          3.3488655537668990e-03, 2.3102424090439130e-03,
          3.9517053826061542e-02, 2.0782986940605475e-04,
          1.4987685944698138e-03, 7.2299424653437876e-04,
          -7.6638155459072144e-04, -3.9234657308753919e-04,
          5.3143686636295060e-04, 9.4398203633737072e-04,
          1.2929550472338710e-03, 2.0782986940605464e-04,
          1.7296037119740695e-03 ]
   - !!opencv-matrix
      rows: 9
      cols: 9
      dt: d
      data: [ 6.1035616217471045e-01, 5.4768950267836602e-01,
          1.8103213198566278e-02, 1.7244477461051105e-01,
          1.1068597502342468e-01, 1.4766185990203576e-01,
          3.3834742507730914e-02, 7.1926328734566045e-02,
          9.6323401620886040e-02, 5.4768950267836602e-01,
          1.1351320806937644e+00, 3.0037680734235135e-02,
          3.2154017689606895e-01, 2.4759298688153555e-01,
          2.4791079857833531e-01, -4.8396024376340116e-03,
          -7.0997444727562448e-02, -1.9208380477613476e-03,
          1.8103213198566278e-02, 3.0037680734235114e-02,
          8.4285405082869871e-02, 2.9441583790931203e-03,
          3.6397951977465868e-03, -9.5472326018147830e-03,
          -2.7179591815161150e-02, 1.3437332004911781e-02,
          6.7332131836481540e-03, 1.7244477461051105e-01,
          3.2154017689606890e-01, 2.9441583790931216e-03,
          1.5624495567258628e-01, 1.0528905489743304e-01,
          1.1458806246596782e-01, 1.1167482022844889e-02,
          -4.2643792999501433e-03, 1.7820520670544293e-02,
          1.1068597502342468e-01, 2.4759298688153561e-01,
          3.6397951977465881e-03, 1.0528905489743304e-01,
          3.5433783819227038e-01, 1.4104567264836385e-01,
          2.0194805264881505e-02, -1.7464430385439555e-02,
          -2.4697390964602984e-02, 1.4766185990203576e-01,
          2.4791079857833528e-01, -9.5472326018147830e-03,
          1.1458806246596782e-01, 1.4104567264836385e-01,
          1.9820997919038083e-01, -8.7690476591238957e-04,
          3.1235992839402534e-02, 4.0446814297922982e-02,
          3.3834742507730914e-02, -4.8396024376340090e-03,
          -2.7179591815161150e-02, 1.1167482022844887e-02,
          2.0194805264881505e-02, -8.7690476591238860e-04,
          2.4028128760100345e-01, 3.2951992808304818e-02,
          6.2330205593077094e-02, 7.1926328734566058e-02,
          -7.0997444727562448e-02, 1.3437332004911776e-02,
          -4.2643792999501441e-03, -1.7464430385439555e-02,
          3.1235992839402534e-02, 3.2951992808304818e-02,
          4.4561971224403391e-01, 2.3023936780149057e-01,
          9.6323401620886012e-02, -1.9208380477613520e-03,
          6.7332131836481488e-03, 1.7820520670544293e-02,
          -2.4697390964602994e-02, 4.0446814297922989e-02,
          6.2330205593077094e-02, 2.3023936780149057e-01,
          5.7907713468933253e-01 ]
   - !!opencv-matrix
      rows: 9
      cols: 9
      dt: d
      data: [ 4.0383512752858869e-02, 6.2317788380080331e-03,
          -2.4788383358335792e-02, 4.7540172791534089e-03,
          -3.0760101959263660e-03, 1.0288897604781900e-02,
          9.9005999846373382e-03, 3.7595655988949556e-03,
          -1.4154389812105566e-03, 6.2317788380080322e-03,
          4.6421930050170304e-03, -3.9083818114850838e-03,
          2.9355382662185426e-03, 7.3799974557111540e-04,
          5.6493842727061462e-03, 2.8274264017559936e-03,
          1.6116287628212818e-03, -9.0770882766238428e-04,
          -2.4788383358335792e-02, -3.9083818114850838e-03,
          2.0053945818632953e-02, -2.9950300281504113e-03,
          2.2684411431207019e-03, -6.2740720242975851e-03,
          -7.6856084473961445e-03, -2.7520230951699879e-03,
          1.0387153873817919e-04, 4.7540172791534089e-03,
          2.9355382662185426e-03, -2.9950300281504126e-03,
          2.9014683816665242e-02, 5.4574018881337473e-04,
          3.9138477787032883e-03, 2.2221623963812223e-03,
          3.8516020004254869e-03, -2.4837371865769130e-03,
          -3.0760101959263655e-03, 7.3799974557111562e-04,
          2.2684411431207027e-03, 5.4574018881337473e-04,
          5.5232364468383879e-02, -7.3466443586740430e-03,
          -4.3726885681089880e-04, -5.8690978108627270e-03,
