%YAML:1.0
---
groups:
   - intact
   - CD19
   - blast
intactGmmnames:
   - "intact.554.0"
   - "intact.554.1"
   - "intact.554.2"
   - "intact.554.3"
   - "intact.554.4"
intactLabels:
   - FSC-A
   - SSC-A
   - SY41
   - CD19
   - CD10
   - CD20
   - CD45
   - CD34
   - CD38
intactMu: !!opencv-matrix
   rows: 5
   cols: 9
   dt: d
   data: [ 1.3331862110610586e+00, 4.6887632030840021e-01,
       3.4773761310661113e+00, 1.0056495718536274e+00,
       1.1074696687996637e+00, 8.2233841943389419e-01,
       1.4377794826919628e+00, 1.0178988881829749e+00,
       1.5002595870054862e+00, 2.8298364014211876e+00,
       3.8747232445352817e+00, 3.1402707637066376e+00,
       1.9504540054478434e+00, 3.0390928275025177e+00,
       1.0774052917300467e+00, 3.3128615916235802e+00,
       1.2762547997395282e+00, 1.5732220430824106e+00,
       2.8331933943362935e+00, 1.9895961849556294e+00,
       3.4471712800426921e+00, 1.7490583142127061e+00,
       1.3179234585707857e+00, 1.4190707786615302e+00,
       3.4505727222886953e+00, 1.5607766263133613e+00,
       2.4362836450310770e+00, 1.6377297015818426e+00,
       5.8786705870458800e-01, 3.3654987567298105e+00,
       1.0313533852976084e+00, 8.4236233842823005e-01,
       8.9387190420427398e-01, 3.6877151908113426e+00,
       1.2668145271690932e+00, 2.0041276766804925e+00,
       2.7982119996408490e+00, 2.2511716775362554e+00,
       3.5001244804197515e+00, 1.6307649666456121e+00,
       1.4702502415748997e+00, 1.0198206006853432e+00,
       2.2024760201758404e+00, 1.1539963474562676e+00,
       1.5754990884028011e+00 ]
intactSigma:
   - !!opencv-matrix
      rows: 9
      cols: 9
      dt: d
      data: [ 8.6034504171512788e-02, 2.5223285452655057e-02,
          2.5461466826439242e-02, 1.2322982479018538e-02,
          1.0289935944240434e-02, 6.0023643533258170e-03,
          2.0418383722311622e-02, 2.7616873687579435e-03,
          4.4140720249955176e-03, 2.5223285452655057e-02,
          3.3049126396581703e-02, 1.1270382246857748e-02,
          1.5872527429409811e-02, 1.6235074703796742e-02,
          9.5986446854638263e-03, 2.2613363103665230e-02,
          3.6277844479747031e-03, 4.4334092716272070e-03,
          2.5461466826439242e-02, 1.1270382246857748e-02,
          1.0767023268876195e-01, 7.8573819234748384e-03,
          -7.7085517020149081e-03, -2.0888985144771634e-02,
          -1.7879272038110324e-03, 3.7243209413586106e-03,
          -2.5605983680549127e-04, 1.2322982479018538e-02,
          1.5872527429409814e-02, 7.8573819234748418e-03,
          4.4955966594277287e-02, 8.1018869518467568e-03,
          4.7494722198512746e-03, 1.0777706435283956e-02,
          2.3007318682936109e-03, -7.4994895297773715e-04,
          1.0289935944240438e-02, 1.6235074703796742e-02,
          -7.7085517020149116e-03, 8.1018869518467568e-03,
          1.3700233071628606e-01, 8.6002078981773054e-03,
          4.0359798536154103e-02, 4.1548505364913044e-04,
          1.0892957745236867e-02, 6.0023643533258170e-03,
          9.5986446854638263e-03, -2.0888985144771634e-02,
          4.7494722198512746e-03, 8.6002078981773054e-03,
          4.4582528350236732e-02, 1.5702708799303806e-02,
          1.3152879176269643e-03, 2.3817351114638159e-03,
          2.0418383722311622e-02, 2.2613363103665227e-02,
          -1.7879272038110324e-03, 1.0777706435283956e-02,
          4.0359798536154110e-02, 1.5702708799303806e-02,
          2.1330844570602986e-01, 2.1570040859862907e-03,
          2.0243774465671532e-02, 2.7616873687579435e-03,
          3.6277844479747040e-03, 3.7243209413586123e-03,
          2.3007318682936114e-03, 4.1548505364913065e-04,
          1.3152879176269647e-03, 2.1570040859862924e-03,
          4.4484083611624474e-02, 7.4494404458466288e-04,
          4.4140720249955185e-03, 4.4334092716272070e-03,
          -2.5605983680549105e-04, -7.4994895297773704e-04,
          1.0892957745236870e-02, 2.3817351114638159e-03,
          2.0243774465671532e-02, 7.4494404458466266e-04,
          1.1926453834666461e-02 ]
   - !!opencv-matrix
      rows: 9
      cols: 9
      dt: d
      data: [ 2.0913440227802862e-01, 3.6803294761765380e-02,
          -7.0726823018114997e-03, 2.6970026891810776e-02,
          3.4884593621834143e-04, 1.2017103911948145e-02,
          3.4644355353459322e-03, 6.2379161150537040e-03,
          8.1912049116893842e-03, 3.6803294761765366e-02,
          2.8500313084612883e-01, 5.5580841985097334e-03,
          1.9294411479416761e-02, 6.4612572008128704e-03,
          1.3807484009760802e-02, 2.6755395798455750e-03,
          2.6543977137543032e-03, -4.6010673734716125e-03,
          -7.0726823018115014e-03, 5.5580841985097317e-03,
          2.5992483966946003e-02, 4.9871045114883075e-03,
          -3.0663086538867609e-03, -1.1062079298339450e-03,
          -3.8432615514910821e-03, 1.1747340516606829e-03,
          1.1962622388615894e-03, 2.6970026891810779e-02,
          1.9294411479416761e-02, 4.9871045114883075e-03,
          2.7879958475368560e-02, 1.1750364552951496e-03,
          2.9186209779279810e-03, 1.1750597061726468e-03,
          5.2964106167897960e-03, 9.4574804234878393e-05,
          3.4884593621834186e-04, 6.4612572008128722e-03,
          -3.0663086538867618e-03, 1.1750364552951496e-03,
          5.1095651464335402e-02, 2.4336815378284910e-03,
          1.3350714704385735e-02, 5.4591578754254310e-03,
          7.9949947652167448e-06, 1.2017103911948145e-02,
          1.3807484009760802e-02, -1.1062079298339450e-03,
          2.9186209779279819e-03, 2.4336815378284910e-03,
          4.5400941735101952e-02, 2.0927461521744232e-03,
          1.4955987547259151e-03, -7.2003186109454719e-05,
          3.4644355353459304e-03, 2.6755395798455750e-03,
          -3.8432615514910821e-03, 1.1750597061726468e-03,
          1.3350714704385733e-02, 2.0927461521744232e-03,
          1.6615595604653151e-02, 2.3823938971353582e-03,
          -1.7417331999082994e-04, 6.2379161150537023e-03,
          2.6543977137543050e-03, 1.1747340516606833e-03,
          5.2964106167897960e-03, 5.4591578754254293e-03,
          1.4955987547259147e-03, 2.3823938971353582e-03,
          1.5037548042075841e-01, 4.4194611127987065e-03,
          8.1912049116893842e-03, -4.6010673734716142e-03,
          1.1962622388615889e-03, 9.4574804234878257e-05,
          7.9949947652166703e-06, -7.2003186109454489e-05,
          -1.7417331999083013e-04, 4.4194611127987074e-03,
          3.2201961210274459e-02 ]
   - !!opencv-matrix
      rows: 9
      cols: 9
      dt: d
      data: [ 4.9975099543485879e-01, 2.4749589627961624e-01,
          2.3677658090258260e-02, 1.0971451010275660e-01,
          -1.4295852501392921e-02, 5.4572384094768417e-02,
          1.5204867857141879e-02, -5.8452008132313911e-03,
          1.2168794686971567e-02, 2.4749589627961624e-01,
          9.8569271764126809e-01, -2.7717326460374760e-02,
          2.3791862514938478e-01, 1.4509116547188883e-01,
          1.7394474395396448e-01, -1.1557254292230418e-02,
          -2.9667575760688156e-02, 1.1685739263196659e-01,
          2.3677658090258253e-02, -2.7717326460374760e-02,
          8.2191856919090256e-02, -2.5669975985274502e-02,
          -4.4791575424411027e-02, -5.6075993925880002e-02,
          -3.2420845456020517e-02, -1.0851371952812542e-03,
          -2.7565350703808941e-02, 1.0971451010275660e-01,
          2.3791862514938480e-01, -2.5669975985274492e-02,
          3.3770698373015595e-01, 9.3994264820633625e-02,
          3.3059234335875992e-01, 5.1887037598072061e-02,
          -5.8591341380449059e-02, -9.7017599050375630e-02,
          -1.4295852501392913e-02, 1.4509116547188883e-01,
          -4.4791575424411027e-02, 9.3994264820633625e-02,
          3.1794144847671546e-01, 1.4112020142497619e-01,
          3.7875034766136642e-02, 9.9820407959548673e-03,
