%YAML:1.0
---
groups:
   - intact
   - CD19
   - blast
intactGmmnames:
   - "intact.556.0"
   - "intact.556.1"
   - "intact.556.2"
   - "intact.556.3"
   - "intact.556.4"
intactLabels:
   - FSC-A
   - SSC-A
   - SY41
   - CD19
   - CD10
   - CD20
   - CD45
   - CD34
   - CD38
intactMu: !!opencv-matrix
   rows: 5
   cols: 9
   dt: d
   data: [ 1.2006791913963235e+00, 4.8733692377248744e-01,
       3.1094078016302840e+00, 1.3238496927417069e+00,
       9.2748397282226513e-01, 9.3647834724957779e-01,
       3.8612159733280031e+00, 1.4028592907837758e+00,
       2.1082394754055724e+00, 2.5369688987947900e+00,
       3.6405956072007402e+00, 3.2310215352575917e+00,
       1.9696995101083157e+00, 2.6496158559958460e+00,
       1.1318931191453105e+00, 3.0878470327222072e+00,
       1.1942470016628821e+00, 1.8729665742962769e+00,
       9.5110150320346076e-01, 4.6050451261334940e-01,
       3.5105599751625038e+00, 1.1122617797228462e+00,
       1.2436024252058411e+00, 7.7420645857128112e-01,
       1.8301272979683765e+00, 1.0954958602508309e+00,
       1.7691563063122964e+00, 2.3533555463216809e+00,
       2.3615653400145558e+00, 3.0310752157012981e+00,
       1.8119150643075788e+00, 1.5205754496433879e+00,
       1.3075658459927737e+00, 3.3448768829257349e+00,
       1.5425218104234386e+00, 2.6447347020905485e+00,
       1.6007140318406017e+00, 8.6002499403748622e-01,
       2.8284534498294946e+00, 1.4623149433140250e+00,
       9.3084095807801914e-01, 9.9546988937290137e-01,
       3.8874254197874523e+00, 1.5283043346407252e+00,
       3.2118706020696401e+00 ]
intactSigma:
   - !!opencv-matrix
      rows: 9
      cols: 9
      dt: d
      data: [ 7.5822156740334129e-02, 2.9618476430885797e-02,
          -5.0116046076820818e-02, 1.7996743523358734e-02,
          3.1906401852636293e-03, 1.9607601715876510e-02,
          1.6828508831315158e-02, 1.1317485348947135e-02,
          -9.2884319008481181e-03, 2.9618476430885797e-02,
          3.3343562329281831e-02, -2.9889329799373265e-02,
          1.9499742925225345e-02, 6.0696290066908059e-03,
          1.7276970915603346e-02, 1.4859699066139086e-02,
          1.1299666758420417e-02, -1.0897296115934664e-02,
          -5.0116046076820818e-02, -2.9889329799373272e-02,
          9.7479093460081601e-02, -2.0578750695844458e-02,
          -6.1195895800164957e-03, -2.4361186167843479e-02,
          -2.0276964104022341e-02, -1.2383381637867804e-02,
          1.0492455410228373e-02, 1.7996743523358734e-02,
          1.9499742925225348e-02, -2.0578750695844465e-02,
          7.2066295243977965e-02, 4.7700732422339374e-03,
          1.2385289474505529e-02, 1.1179551262516104e-02,
          1.1907780054763480e-02, -1.2685265968879512e-02,
          3.1906401852636285e-03, 6.0696290066908085e-03,
          -6.1195895800164957e-03, 4.7700732422339374e-03,
          7.2399306715913950e-02, -2.1367734064006074e-03,
          3.2761753716905916e-03, -6.7474296659569433e-03,
          -3.9737409700204519e-03, 1.9607601715876510e-02,
          1.7276970915603346e-02, -2.4361186167843479e-02,
          1.2385289474505533e-02, -2.1367734064006083e-03,
          6.2070737001109343e-02, 9.9146068643846900e-03,
          5.1430087443979150e-03, -1.0646844843395118e-02,
          1.6828508831315158e-02, 1.4859699066139086e-02,
          -2.0276964104022341e-02, 1.1179551262516100e-02,
          3.2761753716905925e-03, 9.9146068643846900e-03,
          1.3354161804058504e-02, 7.7390116701589124e-03,
          -5.6428720631885761e-03, 1.1317485348947132e-02,
          1.1299666758420411e-02, -1.2383381637867804e-02,
          1.1907780054763480e-02, -6.7474296659569433e-03,
          5.1430087443979132e-03, 7.7390116701589124e-03,
          2.0503895683181225e-01, 2.9794837505722682e-03,
          -9.2884319008481181e-03, -1.0897296115934660e-02,
          1.0492455410228372e-02, -1.2685265968879512e-02,
          -3.9737409700204545e-03, -1.0646844843395117e-02,
          -5.6428720631885769e-03, 2.9794837505722682e-03,
          1.3694818742188522e-01 ]
   - !!opencv-matrix
      rows: 9
      cols: 9
      dt: d
      data: [ 2.4037796445397464e-01, 9.0637788158670449e-02,
          -1.6767709215225628e-02, 1.5194157682586701e-02,
          -5.1881819624181050e-02, 1.7791517905647307e-02,
          -2.1766114239088228e-02, -5.4976396657236953e-03,
          9.1905336816058680e-03, 9.0637788158670435e-02,
          2.7605010719631756e-01, -2.2940343914276219e-02,
          4.5610491240765258e-02, 3.6833922719366689e-02,
          3.1319966254835067e-02, 1.9655953676278592e-02,
          1.0790956460630229e-02, 1.2161917215309024e-02,
          -1.6767709215225628e-02, -2.2940343914276216e-02,
          5.9984509832176763e-02, -4.2913147272667634e-03,
          -7.9498836194953643e-03, -1.0730017154535585e-02,
          -6.6118138570090993e-03, -1.1207861086187335e-03,
          -4.5842927144796510e-03, 1.5194157682586702e-02,
          4.5610491240765258e-02, -4.2913147272667634e-03,
          1.7930246672177186e-02, 7.9726321907988198e-03,
          5.8044119276029083e-03, 4.6061797805614230e-03,
          2.8188483871628388e-03, -1.3059958997304335e-03,
          -5.1881819624181050e-02, 3.6833922719366682e-02,
          -7.9498836194953643e-03, 7.9726321907988180e-03,
          1.1157444573590766e-01, 2.7212561611810126e-03,
          3.6209972044427011e-02, 1.2442530784899363e-02,
          3.2009657784328508e-03, 1.7791517905647303e-02,
          3.1319966254835060e-02, -1.0730017154535585e-02,
          5.8044119276029083e-03, 2.7212561611810104e-03,
          5.1979340747419576e-02, 2.2925920926550221e-03,
          1.6278058899615200e-03, 2.9013374181115401e-03,
          -2.1766114239088225e-02, 1.9655953676278599e-02,
          -6.6118138570090993e-03, 4.6061797805614221e-03,
          3.6209972044427004e-02, 2.2925920926550217e-03,
          2.9938556004264674e-02, 5.9208622550755109e-03,
          3.2651531042702849e-03, -5.4976396657236927e-03,
          1.0790956460630233e-02, -1.1207861086187342e-03,
          2.8188483871628388e-03, 1.2442530784899358e-02,
          1.6278058899615200e-03, 5.9208622550755092e-03,
          8.8979211694373436e-02, 2.3128164756675796e-03,
          9.1905336816058680e-03, 1.2161917215309020e-02,
          -4.5842927144796536e-03, -1.3059958997304335e-03,
          3.2009657784328495e-03, 2.9013374181115392e-03,
          3.2651531042702832e-03, 2.3128164756675818e-03,
          5.4915183951414953e-02 ]
   - !!opencv-matrix
      rows: 9
      cols: 9
      dt: d
      data: [ 1.2300931258109328e-01, 2.2290280045739786e-02,
          -8.2085589430160338e-02, 5.9557304039109370e-03,
          1.5547553683462225e-02, 4.6612189230697001e-02,
          2.3223797672074085e-02, -5.8767635081976039e-03,
          2.3627383330957531e-02, 2.2290280045739783e-02,
          4.2016950496317255e-02, 1.3230651247046251e-02,
          2.3973211918600575e-02, 3.9267530753552805e-02,
          2.8075218021972471e-02, 6.2132315012665230e-02,
          7.3473441235812386e-03, 3.7084633927359695e-02,
          -8.2085589430160338e-02, 1.3230651247046249e-02,
          2.6995804091143516e-01, 1.9989236475296233e-02,
          5.9506298699996935e-02, -6.3905250586651488e-02,
          1.0899324475620820e-01, 2.0556355576445570e-02,
          4.9846696293379879e-02, 5.9557304039109379e-03,
          2.3973211918600575e-02, 1.9989236475296237e-02,
          3.9798793492233607e-02, 2.8877898702944719e-02,
          1.4748657888553316e-02, 4.5515450547298456e-02,
          7.0465556621551054e-03, 2.5312598746830776e-02,
          1.5547553683462221e-02, 3.9267530753552805e-02,
          5.9506298699996955e-02, 2.8877898702944719e-02,
          2.1646414004408218e-01, 1.6159779367342329e-02,
          1.6162575307277735e-01, 1.4118921457022714e-02,
