%YAML:1.0
---
groups:
   - intact
   - CD19
   - blast
intactGmmnames:
   - "intact.558.0"
   - "intact.558.1"
   - "intact.558.2"
   - "intact.558.3"
   - "intact.558.4"
intactLabels:
   - FSC-A
   - SSC-A
   - SY41
   - CD19
   - CD10
   - CD20
   - CD45
   - CD34
   - CD38
intactMu: !!opencv-matrix
   rows: 5
   cols: 9
   dt: d
   data: [ 1.8821557902592163e+00, 8.9531511664413632e-01,
       1.5797286514012217e+00, 1.4111806561199847e+00,
       9.5740089542160201e-01, 9.8148267915811505e-01,
       3.8554543058243298e+00, 1.3965887161498676e+00,
       2.4258600712122478e+00, 2.0064279568605805e+00,
       1.6396339560862663e+00, 1.2182590804200231e+00,
       1.4471978451925172e+00, 1.0176914199445537e+00,
       8.3107271448450215e-01, 1.4362376241392980e+00,
       1.1164356730848086e+00, 1.3544381816342632e+00,
       1.4762779330072340e+00, 4.2011819145960361e-01,
       2.2072944189553088e+00, 1.2536395495080968e+00,
       9.3135436575093589e-01, 9.2011179346358707e-01,
       3.6841862571922555e+00, 1.2507994126400424e+00,
       1.9598574948303440e+00, 2.4842188196135346e+00,
       3.2879818174152913e+00, 1.9949332840565783e+00,
       1.8458108283580812e+00, 2.2031646688469770e+00,
       1.3101176409502246e+00, 3.2478283023625605e+00,
       1.3837711030939710e+00, 1.8582023304877877e+00,
       1.1760485327158137e+00, 5.3607076827227895e-01,
       2.1023839704988476e+00, 1.1607799205799259e+00,
       1.1858313590555434e+00, 9.7160429959910211e-01,
       1.5249585871174833e+00, 1.0029007773961367e+00,
       1.4849580225248458e+00 ]
intactSigma:
   - !!opencv-matrix
      rows: 9
      cols: 9
      dt: d
      data: [ 5.0871383469278261e-02, 8.9197839739060866e-03,
          -6.1620417780410145e-03, 2.3417900958336187e-03,
          8.1397958328450234e-04, 2.6029348839537833e-03,
          1.3774032813892944e-03, 3.4527771933060315e-03,
          2.7525080001143554e-03, 8.9197839739060848e-03,
          4.4334883591369618e-02, -1.2484270985803500e-02,
          1.0749947051238485e-02, 4.0590036109287766e-03,
          8.2922387486883166e-03, 5.3654165249230473e-03,
          1.2298773387277025e-02, 6.0147344129485372e-02,
          -6.1620417780410162e-03, -1.2484270985803500e-02,
          6.8633175603311045e-02, -3.2467251058752580e-03,
          1.2603592885343301e-03, 3.0777804023872858e-03,
          -2.5129052850788622e-03, -5.5819048601963529e-03,
          -4.1064339477788842e-02, 2.3417900958336187e-03,
          1.0749947051238485e-02, -3.2467251058752580e-03,
          3.1345199804328268e-02, 1.5004775962136902e-03,
          3.8275761263483416e-03, 4.8034288823882634e-03,
          6.7630526573698030e-03, 3.5408407718254807e-03,
          8.1397958328450234e-04, 4.0590036109287774e-03,
          1.2603592885343301e-03, 1.5004775962136911e-03,
          2.1208249386648809e-02, -1.9402713471734750e-03,
          6.1100933834343338e-04, -3.1079492726061547e-03,
          -9.8472828672627340e-04, 2.6029348839537825e-03,
          8.2922387486883183e-03, 3.0777804023872858e-03,
          3.8275761263483416e-03, -1.9402713471734750e-03,
          4.4963546758820590e-02, 3.1260029024642328e-03,
          2.4291656051293711e-03, -7.0291728458161465e-03,
          1.3774032813892944e-03, 5.3654165249230473e-03,
          -2.5129052850788617e-03, 4.8034288823882625e-03,
          6.1100933834343349e-04, 3.1260029024642328e-03,
          9.7663423314144054e-03, 5.2065426769884997e-03,
          -8.2337997255988015e-03, 3.4527771933060333e-03,
          1.2298773387277025e-02, -5.5819048601963520e-03,
          6.7630526573698013e-03, -3.1079492726061534e-03,
          2.4291656051293711e-03, 5.2065426769884997e-03,
          2.1736349528722410e-01, 2.1003956853038283e-02,
          2.7525080001143580e-03, 6.0147344129485379e-02,
          -4.1064339477788842e-02, 3.5408407718254807e-03,
          -9.8472828672627253e-04, -7.0291728458161465e-03,
          -8.2337997255987998e-03, 2.1003956853038283e-02,
          3.4856943382468381e-01 ]
   - !!opencv-matrix
      rows: 9
      cols: 9
      dt: d
      data: [ 3.2947422297116152e-01, 1.8690969936596313e-01,
          5.1193172022256525e-02, 4.5788990044969599e-02,
          7.0706445778819802e-03, 1.5058813198897368e-02,
          -2.7985177008108559e-03, 1.2687843389386553e-02,
          -7.0570886329374572e-03, 1.8690969936596313e-01,
          9.4823633661026407e-01, 8.2705617850112975e-02,
          2.1851457967081847e-01, -1.5096113496996282e-02,
          -5.6659448120904808e-03, -1.4235739776732467e-01,
          -3.5555800648890704e-02, -6.8925774272408230e-02,
          5.1193172022256525e-02, 8.2705617850112975e-02,
          5.0684533077894903e-02, 1.8205202409955382e-02,
          1.2484798928650816e-02, 2.3399526800244097e-02,
          3.4977366147623840e-02, 1.4895131356903454e-02,
          -3.6162076379999802e-05, 4.5788990044969585e-02,
          2.1851457967081847e-01, 1.8205202409955382e-02,
          6.3057019437237363e-02, -5.5749205236081938e-03,
          -2.4390500786512512e-03, -4.3254445893694982e-02,
          -1.1270046121643939e-02, -1.9634226987585608e-02,
          7.0706445778819845e-03, -1.5096113496996291e-02,
          1.2484798928650816e-02, -5.5749205236081930e-03,
          4.2372083944905437e-02, 2.2531227973589651e-02,
          8.8925865851692529e-02, 3.3041846896080578e-02,
          1.0677738149225959e-02, 1.5058813198897373e-02,
          -5.6659448120904878e-03, 2.3399526800244097e-02,
          -2.4390500786512516e-03, 2.2531227973589651e-02,
          7.3848790523160998e-02, 9.8351957451500910e-02,
          3.5500054330087287e-02, 1.1426795104053573e-02,
          -2.7985177008108576e-03, -1.4235739776732467e-01,
          3.4977366147623840e-02, -4.3254445893694982e-02,
          8.8925865851692543e-02, 9.8351957451500910e-02,
          4.3999571549471950e-01, 1.3935307422301368e-01,
          4.7265100493275695e-02, 1.2687843389386553e-02,
          -3.5555800648890704e-02, 1.4895131356903454e-02,
          -1.1270046121643939e-02, 3.3041846896080571e-02,
          3.5500054330087287e-02, 1.3935307422301368e-01,
          8.6783190680671057e-02, 1.7149163875227018e-02,
          -7.0570886329374555e-03, -6.8925774272408230e-02,
          -3.6162076379999639e-05, -1.9634226987585608e-02,
          1.0677738149225957e-02, 1.1426795104053573e-02,
          4.7265100493275695e-02, 1.7149163875227021e-02,
          1.3630111997036232e-02 ]
   - !!opencv-matrix
      rows: 9
      cols: 9
      dt: d
      data: [ 6.7120955507343594e-02, 1.1554686321070040e-02,
          -1.7299640817919980e-02, 5.5481526273881230e-03,
          6.1681037632733548e-04, 6.6396082963176692e-03,
          1.0534617113195203e-02, 4.6715183256327937e-03,
          -5.4745273710246241e-03, 1.1554686321070044e-02,
          1.6744448081601457e-02, -4.1138040426031679e-03,
          5.9026822788925040e-03, 1.9988616327799831e-03,
          8.6297115866454180e-03, 7.5277012150053177e-03,
          4.4528369427929183e-03, -3.1686659947764329e-03,
          -1.7299640817919980e-02, -4.1138040426031688e-03,
          1.6221612680545592e-02, -2.0954289441727056e-03,
          8.5362328096881071e-05, -1.0143159664049459e-03,
          -4.8243189950508943e-03, -2.2627681485396390e-03,
          -4.6963458472206147e-05, 5.5481526273881230e-03,
          5.9026822788925040e-03, -2.0954289441727056e-03,
          2.3876261693075902e-02, 5.8936337869833872e-04,
          3.9584177267058263e-03, 4.5199300423445273e-03,
          4.6530169337852725e-03, -4.3732665187644010e-03,
          6.1681037632733493e-04, 1.9988616327799840e-03,
          8.5362328096881071e-05, 5.8936337869833894e-04,
          1.8361470742361410e-02, -2.6457894262595636e-03,
