%YAML:1.0
---
groups:
   - intact
   - CD19
intactGmmnames:
   - "intact.577.0"
   - "intact.577.1"
   - "intact.577.2"
   - "intact.577.3"
   - "intact.577.4"
intactLabels:
   - FSC-A
   - SSC-A
   - SY41
   - CD19
   - CD10
   - CD20
   - CD45
   - CD34
   - CD38
intactMu: !!opencv-matrix
   rows: 5
   cols: 9
   dt: d
   data: [ 1.3786392808226833e+00, 6.1633088814116577e-01,
       3.3433644488365020e+00, 1.0612775904414460e+00,
       9.7393046447216403e-01, 8.8100869331169307e-01,
       3.3059339148754905e+00, 1.0623359053345776e+00,
       1.5602228137777288e+00, 2.2504754213709979e+00,
       3.7969136963750718e+00, 2.8760918364087096e+00,
       1.4216171155594655e+00, 2.9703666074575410e+00,
       1.2005510374759871e+00, 3.0718298899999721e+00,
       1.1176558358590558e+00, 1.5554924129619978e+00,
       2.2984691291202504e+00, 2.4605585492288160e+00,
       3.0703418331994383e+00, 1.3101396393181775e+00,
       1.3122655753030232e+00, 1.2521099945799872e+00,
       2.8581795062328532e+00, 1.3830554809963138e+00,
       2.0706691749909893e+00, 1.4227745696180363e+00,
       8.0772798010146940e-01, 3.2068849159587036e+00,
       1.0923789284779803e+00, 1.0401562121090160e+00,
       8.8242248060000139e-01, 1.3393429823058649e+00,
       1.1365738512631949e+00, 1.5110149001967723e+00,
       7.9657912729961744e-01, 4.4651247093082319e-01,
       3.6751138486240653e+00, 1.0473307115055555e+00,
       8.8342909304927264e-01, 7.4262088946846894e-01,
       3.2327508671901111e+00, 1.0599421923628884e+00,
       1.5876292978939452e+00 ]
intactSigma:
   - !!opencv-matrix
      rows: 9
      cols: 9
      dt: d
      data: [ 1.4799972825996699e-01, 2.6645363635876260e-02,
          -6.1501637189956465e-02, 2.0780410454967623e-03,
          -2.7564308317335175e-02, 2.3161168901976285e-02,
          1.6389704944128614e-02, -5.3803240449099201e-03,
          -5.3893805212775585e-03, 2.6645363635876260e-02,
          5.1347776965939784e-02, -9.5834839154847456e-03,
          5.9187742090216419e-03, 4.5916971306497207e-03,
          1.8985061972640896e-02, 1.4110029493799189e-02,
          3.5038757075346715e-03, -4.8907245978028482e-04,
          -6.1501637189956465e-02, -9.5834839154847456e-03,
          8.7028382810138097e-02, 1.6641260972563915e-04,
          2.3253978945787093e-02, -1.6369248815787763e-02,
          -1.0240454886095715e-02, 6.2897678373108265e-03,
          4.8514014992113606e-04, 2.0780410454967623e-03,
          5.9187742090216419e-03, 1.6641260972563912e-04,
          1.2970651752200382e-02, 2.0438427748620219e-03,
          2.4801521599340150e-03, 1.2016645464162589e-03,
          -1.4893867173785868e-03, -1.4771327893846344e-03,
          -2.7564308317335171e-02, 4.5916971306497190e-03,
          2.3253978945787093e-02, 2.0438427748620219e-03,
          1.0508394930092110e-01, -5.6634476578368868e-03,
          -2.0314408441085697e-03, 4.2758066274716189e-04,
          -1.3613844732011035e-03, 2.3161168901976285e-02,
          1.8985061972640896e-02, -1.6369248815787763e-02,
          2.4801521599340142e-03, -5.6634476578368868e-03,
          4.1190139247268602e-02, 7.1294459881711368e-03,
          6.8659927498492676e-05, -2.9072703905031203e-03,
          1.6389704944128614e-02, 1.4110029493799189e-02,
          -1.0240454886095717e-02, 1.2016645464162591e-03,
          -2.0314408441085693e-03, 7.1294459881711368e-03,
          1.3891389119327181e-02, -1.4493328590057205e-03,
          -1.3767721997441206e-03, -5.3803240449099227e-03,
          3.5038757075346728e-03, 6.2897678373108222e-03,
          -1.4893867173785868e-03, 4.2758066274716173e-04,
          6.8659927498492784e-05, -1.4493328590057199e-03,
          1.3216842072175716e-01, 1.7786603178131554e-03,
          -5.3893805212775576e-03, -4.8907245978028482e-04,
          4.8514014992113606e-04, -1.4771327893846348e-03,
          -1.3613844732011026e-03, -2.9072703905031203e-03,
          -1.3767721997441206e-03, 1.7786603178131554e-03,
          1.2634625555795323e-02 ]
   - !!opencv-matrix
      rows: 9
      cols: 9
      dt: d
      data: [ 4.3987073360053375e-01, 7.0713857480873096e-02,
          -8.8673756088556613e-02, 1.0508580732650735e-02,
          2.2451502337907017e-02, 5.4467045076298244e-02,
          3.2908422628523309e-02, 4.5653136571838452e-03,
          2.0820151113276138e-03, 7.0713857480873096e-02,
          2.8370516809201246e-01, -4.0118805292508712e-03,
          2.9248206765440918e-02, 1.7253786938879329e-02,
          1.2531518678004897e-02, 2.2623183426668768e-02,
          2.0585009065501722e-03, 1.3401314922136256e-03,
          -8.8673756088556613e-02, -4.0118805292508773e-03,
          1.5028937247626922e-01, 1.1545844441415802e-03,
          -1.6207261189550723e-02, -4.0216302934815238e-03,
          -2.0368945937508348e-02, 4.6473151449532612e-03,
          -3.0474917558105364e-03, 1.0508580732650732e-02,
          2.9248206765440911e-02, 1.1545844441415802e-03,
          1.8064179635307046e-02, 2.9863551296593640e-03,
          7.1922137686569335e-03, 2.6300641542954637e-03,
          9.3414739944322435e-04, -2.3600434675161352e-03,
          2.2451502337907010e-02, 1.7253786938879329e-02,
          -1.6207261189550723e-02, 2.9863551296593635e-03,
          1.1114672482188574e-01, 1.3350859089252032e-02,
          2.8491236617249296e-02, 2.3789037815047545e-03,
          1.3671220389584369e-03, 5.4467045076298244e-02,
          1.2531518678004897e-02, -4.0216302934815221e-03,
          7.1922137686569335e-03, 1.3350859089252036e-02,
          8.0300984253032504e-02, 1.1397927618064413e-02,
          1.0315628416731252e-02, -2.5663431647451832e-03,
          3.2908422628523309e-02, 2.2623183426668771e-02,
          -2.0368945937508345e-02, 2.6300641542954645e-03,
          2.8491236617249296e-02, 1.1397927618064416e-02,
          4.0142071285868164e-02, -8.6642577197904079e-04,
          1.7231457366892826e-03, 4.5653136571838443e-03,
          2.0585009065501730e-03, 4.6473151449532603e-03,
          9.3414739944322456e-04, 2.3789037815047575e-03,
          1.0315628416731247e-02, -8.6642577197904155e-04,
          1.1023092811649586e-01, 5.8000864493734162e-04,
          2.0820151113276142e-03, 1.3401314922136247e-03,
          -3.0474917558105364e-03, -2.3600434675161348e-03,
          1.3671220389584369e-03, -2.5663431647451841e-03,
          1.7231457366892826e-03, 5.8000864493734097e-04,
          8.0525138657668999e-03 ]
   - !!opencv-matrix
      rows: 9
      cols: 9
      dt: d
      data: [ 5.4648859949863449e-01, 4.3315209498680080e-01,
          5.4774944274833794e-02, 4.2348225089298093e-02,
          1.8807638662792177e-02, 4.7681669850238029e-02,
          1.7091162534107199e-02, 6.0327012422407809e-02,
          2.9184478861853175e-02, 4.3315209498680080e-01,
          1.3825534183937460e+00, 1.2200934893507244e-02,
          1.3546838475607609e-01, 1.6086789111221259e-01,
          9.4726228006246929e-02, -1.4069981208071478e-01,
          -1.5399844802357650e-02, -1.1274506219507048e-01,
          5.4774944274833773e-02, 1.2200934893507244e-02,
          2.5646673961522859e-01, 4.8353277858088134e-03,
          -1.6912589111296381e-02, 3.8549972154557095e-03,
          8.8503342774694464e-03, 2.0522399168117517e-02,
          5.0331222684648513e-02, 4.2348225089298093e-02,
          1.3546838475607606e-01, 4.8353277858088142e-03,
          8.3641347067269750e-02, 3.3078707771404876e-02,
          8.1078067656134567e-02, 5.9861835740556927e-03,
          -2.2355954555646977e-02, -3.6815656885255732e-02,
          1.8807638662792177e-02, 1.6086789111221259e-01,
          -1.6912589111296381e-02, 3.3078707771404876e-02,
          2.3084912112902617e-01, 6.6831499234812242e-02,
          -5.7814522442242687e-02, 2.3966331509074058e-02,
