%YAML:1.0
---
groups:
   - intact
   - CD19
intactGmmnames:
   - "intact.583.0"
   - "intact.583.1"
   - "intact.583.2"
   - "intact.583.3"
   - "intact.583.4"
intactLabels:
   - FSC-A
   - SSC-A
   - SY41
   - CD19
   - CD10
   - CD20
   - CD45
   - CD34
   - CD38
intactMu: !!opencv-matrix
   rows: 5
   cols: 9
   dt: d
   data: [ 8.8832072136026685e-01, 2.3730672389368565e-01,
       3.7144501113102963e+00, 1.0416895343984360e+00,
       9.3463504857673019e-01, 8.6283118313372120e-01,
       3.4032893713327317e+00, 1.0591561264520548e+00,
       1.4478548892739083e+00, 1.2659477814078230e+00,
       4.6005352410379957e-01, 3.3511963265692484e+00,
       1.0794965806986367e+00, 8.8638218788800449e-01,
       9.4719901361212200e-01, 3.5555962214286301e+00,
       1.1602095747090697e+00, 2.6059436520250250e+00,
       7.8654702254494246e-01, 3.0182770687968918e-01,
       3.8581713765393117e+00, 1.0974779207864931e+00,
       1.1641231961468150e+00, 9.2226277000857859e-01,
       1.2006807151155783e+00, 1.1320244187636050e+00,
       1.3361495372523911e+00, 1.8935621821699511e+00,
       1.5826743496203566e+00, 3.6063385113440045e+00,
       1.4162950707486985e+00, 1.6737846836814430e+00,
       1.4423529227002010e+00, 2.7778160069133411e+00,
       1.3962721788866510e+00, 1.8889029304502434e+00,
       1.1359422382141851e+00, 3.5140788895373987e-01,
       3.4874585316616442e+00, 1.0691786850570435e+00,
       9.2300932791450929e-01, 9.6864872562325310e-01,
       3.5240392471233801e+00, 1.0621375719426756e+00,
       1.3560507520872473e+00 ]
intactSigma:
   - !!opencv-matrix
      rows: 9
      cols: 9
      dt: d
      data: [ 5.5807866408072615e-02, 4.1042464565879027e-03,
          -2.8567866690343825e-02, -2.7021158921091974e-03,
          -1.3135808714004436e-02, 1.4569526877389036e-02,
          1.4915210497631982e-02, -4.5649981730039408e-03,
          -7.4611581182750910e-03, 4.1042464565879035e-03,
          5.4877501789101883e-03, -2.3529835480954548e-03,
          9.3237820348146300e-04, 3.0821425911820004e-03,
          7.6216048077974849e-03, 3.1939352664497470e-03,
          -1.1487832142452566e-04, -1.3421683350861699e-03,
          -2.8567866690343825e-02, -2.3529835480954552e-03,
          1.8792045250987752e-02, 1.3560017997548612e-03,
          8.5452200024383820e-03, -8.5889799508764783e-03,
          -9.6311687506227678e-03, 3.0393633613518809e-03,
          3.4321262083093279e-03, -2.7021158921091974e-03,
          9.3237820348146300e-04, 1.3560017997548612e-03,
          1.3190583353401290e-02, 2.0528652668250977e-03,
          1.2542841444961744e-03, -1.1957379928495830e-03,
          -1.7799274002465123e-03, -2.0942600913024848e-03,
          -1.3135808714004439e-02, 3.0821425911819991e-03,
          8.5452200024383820e-03, 2.0528652668250977e-03,
          6.4717267787078134e-02, -3.9112054776229135e-03,
          -4.6678537186117044e-03, -1.1334868352677328e-03,
          1.6285140652295403e-03, 1.4569526877389036e-02,
          7.6216048077974849e-03, -8.5889799508764783e-03,
          1.2542841444961746e-03, -3.9112054776229135e-03,
          5.3524506195005234e-02, 6.8702335856786288e-03,
          -9.3078474170238390e-04, -3.7612030264923420e-03,
          1.4915210497631982e-02, 3.1939352664497470e-03,
          -9.6311687506227660e-03, -1.1957379928495826e-03,
          -4.6678537186117062e-03, 6.8702335856786288e-03,
          1.3418211227791016e-02, -4.1864332604120260e-03,
          -4.9633651869262947e-03, -4.5649981730039408e-03,
          -1.1487832142452569e-04, 3.0393633613518822e-03,
          -1.7799274002465119e-03, -1.1334868352677328e-03,
          -9.3078474170238434e-04, -4.1864332604120251e-03,
          1.0638645441612829e-01, 4.5764718104987718e-03,
          -7.4611581182750901e-03, -1.3421683350861703e-03,
          3.4321262083093279e-03, -2.0942600913024857e-03,
          1.6285140652295407e-03, -3.7612030264923425e-03,
          -4.9633651869262930e-03, 4.5764718104987718e-03,
          4.0736799846738364e-02 ]
   - !!opencv-matrix
      rows: 9
      cols: 9
      dt: d
      data: [ 2.3636313397864685e-02, 3.9207967467500366e-03,
          -8.3185698392990309e-03, 1.4663677114111762e-03,
          -1.1930169416304989e-03, 1.7824638261766512e-03,
          5.1394544974509156e-04, 5.4794278841185787e-04,
          3.5355575533020599e-03, 3.9207967467500375e-03,
          1.6698053546799083e-02, -8.8057318002373632e-03,
          3.1938100264905286e-03, 6.6767036410509649e-03,
          1.0363902828082097e-02, 5.7182091545716516e-03,
          5.0344352622787719e-03, 2.8468071635711072e-02,
          -8.3185698392990309e-03, -8.8057318002373632e-03,
          3.5848139780544172e-02, -2.1157198932713261e-03,
          -1.8902965258075504e-03, -8.1716769530984466e-03,
          -5.2409824792857057e-03, -4.5200900188257943e-03,
          -2.2145310709653351e-02, 1.4663677114111762e-03,
          3.1938100264905286e-03, -2.1157198932713257e-03,
          1.9735790795782953e-02, 1.7671278707782892e-03,
          2.3148164197892406e-03, 4.3613077347547867e-04,
          -2.4250255280766041e-03, 2.9731303809118360e-03,
          -1.1930169416304989e-03, 6.6767036410509649e-03,
          -1.8902965258075495e-03, 1.7671278707782898e-03,
          7.5093044955214960e-02, -3.7779448151514447e-04,
          1.7327932107251579e-03, -6.2211470154211555e-03,
          5.1833850178839526e-03, 1.7824638261766507e-03,
          1.0363902828082097e-02, -8.1716769530984466e-03,
          2.3148164197892406e-03, -3.7779448151514442e-04,
          4.2833808445815656e-02, 3.0722541485513656e-03,
          2.8461334974447406e-03, 9.4367361187610507e-03,
          5.1394544974509156e-04, 5.7182091545716516e-03,
          -5.2409824792857074e-03, 4.3613077347547856e-04,
          1.7327932107251579e-03, 3.0722541485513656e-03,
          7.2338578442919677e-03, 1.0403122009843670e-03,
          1.1691386786716088e-02, 5.4794278841185776e-04,
          5.0344352622787719e-03, -4.5200900188257943e-03,
          -2.4250255280766041e-03, -6.2211470154211529e-03,
          2.8461334974447419e-03, 1.0403122009843670e-03,
          1.5762105701896267e-01, 2.9665521164329366e-02,
          3.5355575533020621e-03, 2.8468071635711072e-02,
          -2.2145310709653351e-02, 2.9731303809118360e-03,
          5.1833850178839552e-03, 9.4367361187610542e-03,
          1.1691386786716088e-02, 2.9665521164329356e-02,
          1.9114106553659854e-01 ]
   - !!opencv-matrix
      rows: 9
      cols: 9
      dt: d
      data: [ 1.0804972973773684e-01, 1.6697987202655161e-02,
          -5.1171159494379274e-02, 3.2204177099760889e-03,
          1.2946761408899614e-03, 3.3060075208226077e-02,
          7.1353433033657680e-03, -7.5969185697938692e-05,
          6.6765943387761073e-04, 1.6697987202655157e-02,
          1.4967949066758668e-02, -5.4568276417715604e-03,
          4.5068792346914200e-03, 1.2164796166229371e-02,
          1.8735076460702924e-02, 1.1387601831786677e-02,
          1.8012389937098613e-03, 1.0504360721373266e-03,
          -5.1171159494379274e-02, -5.4568276417715595e-03,
          1.1172850286627344e-01, 1.6023013107223250e-03,
          1.2622155684422915e-02, -4.7156248995515002e-02,
          6.9713690682369012e-03, 2.9174239874390803e-03,
          3.7627342527664945e-04, 3.2204177099760902e-03,
          4.5068792346914200e-03, 1.6023013107223244e-03,
          7.4002362112098093e-03, 5.8409268954181109e-03,
          6.1062998758005440e-03, 4.5978641993560708e-03,
          2.9263307086657524e-04, -8.5499466300877709e-04,
          1.2946761408899610e-03, 1.2164796166229371e-02,
          1.2622155684422915e-02, 5.8409268954181109e-03,
          7.0305638801024598e-02, 1.3966766530395606e-02,
          1.9307257198805442e-02, 3.5495598028646193e-03,
