%YAML:1.0
---
groups:
   - intact
   - CD19
   - blast
intactGmmnames:
   - "intact.583.0"
   - "intact.583.1"
   - "intact.583.2"
   - "intact.583.3"
   - "intact.583.4"
intactLabels:
   - FSC-A
   - SSC-A
   - SY41
   - CD19
   - CD10
   - CD20
   - CD45
   - CD34
   - CD38
intactMu: !!opencv-matrix
   rows: 5
   cols: 9
   dt: d
   data: [ 1.2861423127162024e+00, 4.0118612352283112e-01,
       3.1695629537419414e+00, 1.0169341661113036e+00,
       7.9446451487812531e-01, 8.9469395002091057e-01,
       3.4198411417150285e+00, 9.1864360031311121e-01,
       1.3180421384204108e+00, 2.1409038384412291e+00,
       1.6277853804277742e+00, 3.1690875050866967e+00,
       1.3241919522449568e+00, 1.6180048170785986e+00,
       1.1222314794636814e+00, 2.3182273574321459e+00,
       1.0989436999085107e+00, 1.9031426590242229e+00,
       1.0317237193066253e+00, 3.3512930199937868e-01,
       3.2940658455839520e+00, 1.0266741252807405e+00,
       1.1187437684355974e+00, 7.7292910837074058e-01,
       1.1775384143373251e+00, 9.8194919808082948e-01,
       1.2627756897546552e+00, 2.9167903451342072e+00,
       3.0739394297595979e+00, 3.1484277341896583e+00,
       1.5419972626472811e+00, 2.1571215138034927e+00,
       1.0592546629449979e+00, 2.3736761640140620e+00,
       1.0245425584644774e+00, 1.3210526149006041e+00,
       1.4831855879475047e+00, 5.5641800822480625e-01,
       2.9446642606577007e+00, 1.0491990079765872e+00,
       7.7480988733002254e-01, 8.7524546740014408e-01,
       3.3570959787607895e+00, 9.8334865945724914e-01,
       2.5308465728659941e+00 ]
intactSigma:
   - !!opencv-matrix
      rows: 9
      cols: 9
      dt: d
      data: [ 5.5504105652279145e-02, 8.5524184928680233e-03,
          -1.7639052999707725e-02, 2.1301919150355946e-03,
          1.5391481007722440e-03, 5.9771233113794587e-03,
          4.4086874058743564e-03, 1.5558523386146926e-03,
          -6.8708437690761679e-04, 8.5524184928680233e-03,
          1.4494272276229138e-02, -2.1269448600202606e-02,
          2.2916255940341281e-03, 2.6871437370514771e-03,
          8.6057354697469772e-03, 1.1281217574028182e-02,
          -1.0242652522406631e-05, -1.0368270506351028e-02,
          -1.7639052999707729e-02, -2.1269448600202606e-02,
          1.0939418380234618e-01, -3.8469118899215884e-03,
          -5.0488465573482041e-03, -2.2401834774422060e-02,
          -2.3050430234246078e-02, -3.1159935629024798e-04,
          2.1113692572855801e-02, 2.1301919150355946e-03,
          2.2916255940341281e-03, -3.8469118899215884e-03,
          1.6633522787155779e-02, 1.8615710663801223e-03,
          1.6052799188186169e-03, 8.5199308231161336e-04,
          -2.4073663113394999e-03, -5.4850813452215191e-03,
          1.5391481007722440e-03, 2.6871437370514762e-03,
          -5.0488465573482041e-03, 1.8615710663801223e-03,
          5.1259432246273974e-02, -5.3246266766789399e-04,
          2.0285602779558628e-03, -8.1159140606877588e-03,
          -3.6134622126025701e-03, 5.9771233113794587e-03,
          8.6057354697469789e-03, -2.2401834774422060e-02,
          1.6052799188186176e-03, -5.3246266766789410e-04,
          3.3467698287910012e-02, 7.1307657528038660e-03,
          2.0247928376813178e-04, -9.2967769979639178e-03,
          4.4086874058743555e-03, 1.1281217574028181e-02,
          -2.3050430234246078e-02, 8.5199308231161347e-04,
          2.0285602779558619e-03, 7.1307657528038660e-03,
          1.9358962413762556e-02, -3.7621375181872878e-03,
          -1.3781479995146484e-02, 1.5558523386146926e-03,
          -1.0242652522406594e-05, -3.1159935629024749e-04,
          -2.4073663113395004e-03, -8.1159140606877588e-03,
          2.0247928376813159e-04, -3.7621375181872878e-03,
          1.8486056237295811e-01, 6.1023274395016940e-03,
          -6.8708437690761701e-04, -1.0368270506351028e-02,
          2.1113692572855797e-02, -5.4850813452215191e-03,
          -3.6134622126025714e-03, -9.2967769979639178e-03,
          -1.3781479995146484e-02, 6.1023274395016897e-03,
          9.7098312872305387e-02 ]
   - !!opencv-matrix
      rows: 9
      cols: 9
      dt: d
      data: [ 7.1270030799337203e-01, 5.4714159314092492e-01,
          -1.8492325822143693e-03, 9.2997635601408293e-02,
          -6.4535141869530563e-02, 9.2655797346243587e-02,
          1.4918039770944286e-01, 6.1254465735570227e-03,
          8.5420276473372220e-02, 5.4714159314092492e-01,
          8.5618556731984408e-01, -5.2870561566291288e-02,
          1.4125837971361177e-01, 1.0080567797490675e-01,
          1.2411806652607303e-01, 2.5560412560622298e-01,
          8.6048671866901742e-03, 1.5014074481943382e-01,
          -1.8492325822143693e-03, -5.2870561566291288e-02,
          2.9863282250723661e-01, -4.8123584048136011e-03,
          2.7363635417012470e-02, -6.0168688359046270e-02,
          -5.2674874105731892e-02, -1.5362634554988111e-02,
          2.9547937109425916e-02, 9.2997635601408307e-02,
          1.4125837971361177e-01, -4.8123584048136037e-03,
          7.3155802755544605e-02, 5.3632337605785299e-02,
          4.8238315033670133e-02, 4.8043661582272426e-02,
          6.7453299748594037e-03, 8.0717888811061896e-03,
          -6.4535141869530549e-02, 1.0080567797490678e-01,
          2.7363635417012470e-02, 5.3632337605785299e-02,
          5.1549509368618329e-01, 1.4976216879850719e-02,
          3.6449628033288321e-02, 9.8703775814142219e-03,
          -2.6691347318983004e-02, 9.2655797346243587e-02,
          1.2411806652607298e-01, -6.0168688359046270e-02,
          4.8238315033670119e-02, 1.4976216879850714e-02,
          1.4016272582757622e-01, 6.7702743580275448e-02,
          2.6243896691666064e-02, 1.4350199845209508e-02,
          1.4918039770944283e-01, 2.5560412560622292e-01,
          -5.2674874105731885e-02, 4.8043661582272419e-02,
          3.6449628033288321e-02, 6.7702743580275462e-02,
          3.3927683892028326e-01, 1.7677730223443409e-02,
          1.8319797002410357e-01, 6.1254465735570227e-03,
          8.6048671866901742e-03, -1.5362634554988106e-02,
          6.7453299748594037e-03, 9.8703775814142219e-03,
          2.6243896691666064e-02, 1.7677730223443409e-02,
          1.0222621165310894e-01, 1.1926761693918778e-02,
          8.5420276473372220e-02, 1.5014074481943382e-01,
          2.9547937109425916e-02, 8.0717888811061896e-03,
          -2.6691347318983000e-02, 1.4350199845209504e-02,
          1.8319797002410357e-01, 1.1926761693918778e-02,
          2.7939078551021024e-01 ]
   - !!opencv-matrix
      rows: 9
      cols: 9
      dt: d
      data: [ 6.9815623603426719e-02, 1.5016125795154078e-02,
          -1.0677508641828377e-02, 3.1534532483248629e-03,
          1.3528912428011509e-02, 8.4479062417894598e-03,
          7.4382050240440738e-03, 4.1373059225768296e-04,
          2.2540674451262139e-03, 1.5016125795154073e-02,
          1.3139683370624315e-02, -8.2757713393233172e-03,
          2.7825566673036475e-03, 7.7602135634125191e-03,
          5.4199792734517796e-03, 8.7033193952810537e-03,
          5.1682807061170463e-04, 2.2853744423849782e-03,
          -1.0677508641828377e-02, -8.2757713393233172e-03,
          3.5306455168625234e-01, -1.8132723603659180e-03,
          5.2683130428197569e-02, -5.6081121038301950e-02,
          -9.7793008454298263e-03, -5.2429065611409595e-04,
          1.2222444462510425e-02, 3.1534532483248629e-03,
          2.7825566673036466e-03, -1.8132723603659180e-03,
          4.3964430034647162e-03, 1.6150221162033937e-03,
          1.2786339802318477e-03, 1.5772827466508231e-03,
          -1.5821320426409502e-04, -6.4692855921467420e-04,
          1.3528912428011504e-02, 7.7602135634125191e-03,
          5.2683130428197583e-02, 1.6150221162033937e-03,
          1.6911819556511018e-01, -7.7702173522068386e-03,
