%YAML:1.0
---
groups:
   - intact
   - CD19
   - blast
intactGmmnames:
   - "intact.592.0"
   - "intact.592.1"
   - "intact.592.2"
   - "intact.592.3"
   - "intact.592.4"
intactLabels:
   - FSC-A
   - SSC-A
   - SY41
   - CD19
   - CD10
   - CD20
   - CD45
   - CD34
   - CD38
intactMu: !!opencv-matrix
   rows: 5
   cols: 9
   dt: d
   data: [ 1.1192622145073503e+00, 5.7995640034779494e-01,
       3.5656286459092437e+00, 1.1514390890711721e+00,
       1.3974477568516488e+00, 9.6388707036952792e-01,
       1.3207904151595398e+00, 1.4087056092497792e+00,
       1.6557464946103733e+00, 1.6034470740087128e+00,
       4.8511076086363197e-01, 3.0145473376779428e+00,
       1.1024892795563090e+00, 8.6275402917668464e-01,
       8.4792603871975192e-01, 3.3074767798780456e+00,
       1.3888797971910698e+00, 1.8748980094429895e+00,
       2.5018886871349340e+00, 2.8618869353135308e+00,
       3.1266556995225505e+00, 1.5731775427852810e+00,
       2.6489717075748680e+00, 1.1142601148298215e+00,
       2.8121212164289111e+00, 1.4091448226000567e+00,
       1.5756866624837267e+00, 1.0178861964885662e+00,
       2.9051141167084327e-01, 3.2955886463686395e+00,
       1.0674708445011289e+00, 8.4722482044370684e-01,
       7.6249945532612462e-01, 3.2058403351430105e+00,
       1.3915027209478785e+00, 1.6381378934200663e+00,
       1.9373305644420167e+00, 1.6645766618508013e+00,
       3.1230834343395939e+00, 1.5189549695465359e+00,
       1.7481804915853203e+00, 1.4682076539694171e+00,
       2.5414722171073576e+00, 1.5347268699129712e+00,
       1.8160998123257703e+00 ]
intactSigma:
   - !!opencv-matrix
      rows: 9
      cols: 9
      dt: d
      data: [ 2.4805557437432749e-01, 1.0827997852416638e-01,
          -8.9920066822707552e-04, 2.3128829164665219e-02,
          9.2434367609042681e-02, 7.9917029348373941e-02,
          9.6173363647739596e-02, 1.9576417476509975e-03,
          2.0335679819173599e-02, 1.0827997852416638e-01,
          8.2571594777018462e-02, 1.7948201101743964e-02,
          1.7619414432171781e-02, 5.9438508914308623e-02,
          4.6211384753247209e-02, 6.6039933090805567e-02,
          1.8528773280689476e-03, 1.3894462528518675e-02,
          -8.9920066822707628e-04, 1.7948201101743964e-02,
          7.1360036093868692e-02, 4.8291431898558881e-03,
          2.2963725312987269e-02, -1.3042520808415550e-02,
          1.5639776178787528e-02, 6.0132297312716679e-04,
          3.9052358008024343e-03, 2.3128829164665219e-02,
          1.7619414432171781e-02, 4.8291431898558872e-03,
          1.0471698449080767e-02, 1.4172840194339079e-02,
          1.2103835225678650e-02, 1.3889926609890536e-02,
          3.5653162517506497e-04, 2.1667388768798253e-03,
          9.2434367609042681e-02, 5.9438508914308623e-02,
          2.2963725312987269e-02, 1.4172840194339079e-02,
          2.0089188072054051e-01, 4.0449753158416916e-02,
          7.0625734984245375e-02, 1.2946063624965898e-03,
          1.6447219568097513e-02, 7.9917029348373941e-02,
          4.6211384753247216e-02, -1.3042520808415548e-02,
          1.2103835225678650e-02, 4.0449753158416916e-02,
          8.7842906569657236e-02, 4.4305496367174846e-02,
          1.2482002094414046e-03, 7.9543524382316155e-03,
          9.6173363647739596e-02, 6.6039933090805567e-02,
          1.5639776178787528e-02, 1.3889926609890536e-02,
          7.0625734984245389e-02, 4.4305496367174846e-02,
          1.5663595501816066e-01, 1.1042080628972327e-03,
          2.1253011193396627e-02, 1.9576417476509967e-03,
          1.8528773280689476e-03, 6.0132297312716679e-04,
          3.5653162517506508e-04, 1.2946063624965898e-03,
          1.2482002094414046e-03, 1.1042080628972327e-03,
          1.9178942433982177e-03, 3.7111010512906216e-04,
          2.0335679819173599e-02, 1.3894462528518675e-02,
          3.9052358008024343e-03, 2.1667388768798253e-03,
          1.6447219568097513e-02, 7.9543524382316155e-03,
          2.1253011193396627e-02, 3.7111010512906216e-04,
          7.0744913845199858e-03 ]
   - !!opencv-matrix
      rows: 9
      cols: 9
      dt: d
      data: [ 8.8119499935308016e-02, 7.6711094848099376e-03,
          -4.9320057889437078e-03, 3.3959442626721246e-03,
          9.0819524795545802e-04, 6.6702234023459650e-03,
          2.0131798715967019e-03, 5.6293755473222848e-04,
          -1.2590320102624956e-02, 7.6711094848099385e-03,
          1.7438503195728348e-02, -1.9980891528311958e-03,
          3.8257523075850806e-03, 2.7713060143857082e-03,
          7.0313290698713485e-03, 1.6277956842931536e-03,
          2.9717914001116164e-04, 7.1938794147805895e-03,
          -4.9320057889437078e-03, -1.9980891528311958e-03,
          1.0948468349614729e-02, -8.9191313343991313e-04,
          4.4964850921772292e-04, -5.8598332180405204e-04,
          9.4142226303284141e-04, -1.8061924729545983e-04,
          -5.9067639525071935e-03, 3.3959442626721238e-03,
          3.8257523075850806e-03, -8.9191313343991280e-04,
          1.4370367346072464e-02, 1.0256968546382857e-03,
          2.2728206118581770e-03, 4.2931443455003553e-04,
          -3.4338001262853467e-04, -1.8647373088946691e-04,
          9.0819524795545715e-04, 2.7713060143857086e-03,
          4.4964850921772298e-04, 1.0256968546382855e-03,
          3.3933005076324255e-02, -2.3160724463287328e-03,
          4.8900838107187000e-05, -1.0923895746706759e-03,
          3.7535929337954594e-03, 6.6702234023459624e-03,
          7.0313290698713494e-03, -5.8598332180405225e-04,
          2.2728206118581779e-03, -2.3160724463287333e-03,
          3.6055379011637412e-02, 2.8319767859445917e-04,
          2.8925509593400237e-04, 3.3682330107277715e-03,
          2.0131798715967023e-03, 1.6277956842931536e-03,
          9.4142226303284119e-04, 4.2931443455003536e-04,
          4.8900838107186858e-05, 2.8319767859445879e-04,
          2.0181203391938091e-02, -1.3763887376833366e-03,
          -1.8381813749597062e-02, 5.6293755473222858e-04,
          2.9717914001116164e-04, -1.8061924729545983e-04,
          -3.4338001262853495e-04, -1.0923895746706759e-03,
          2.8925509593400231e-04, -1.3763887376833370e-03,
          1.2749021324809229e-02, 1.7735616535960418e-03,
          -1.2590320102624956e-02, 7.1938794147805869e-03,
          -5.9067639525071927e-03, -1.8647373088946691e-04,
          3.7535929337954607e-03, 3.3682330107277711e-03,
          -1.8381813749597058e-02, 1.7735616535960426e-03,
          9.2166298392941659e-02 ]
   - !!opencv-matrix
      rows: 9
      cols: 9
      dt: d
      data: [ 3.2968975648892990e-01, 1.8050810046547647e-01,
          -1.3566133406142824e-02, 3.6413819321285693e-02,
          -3.1670356942628070e-02, 3.5801583786221072e-02,
          -1.2747185075144848e-02, 1.3670396749043165e-03,
          -1.8700731432670696e-04, 1.8050810046547647e-01,
          4.0810193455965971e-01, -1.7319177030753322e-02,
          7.4963612944880201e-02, 7.2513329244499033e-02,
          6.0781831449598187e-02, 3.3830446173774044e-02,
          2.3781174458920159e-03, -5.0774547778336355e-03,
          -1.3566133406142824e-02, -1.7319177030753322e-02,
          3.4190697418161019e-02, -3.5443257749124750e-03,
          -1.7543387210151092e-02, -5.3486580749569261e-03,
          -1.1586083815676562e-02, 5.0158740606393327e-05,
          6.5959844495395558e-04, 3.6413819321285693e-02,
          7.4963612944880201e-02, -3.5443257749124758e-03,
          2.6271449016749597e-02, 1.3861882137077423e-02,
          1.3317066169207274e-02, 6.6453257346538938e-03,
          2.7624925529869246e-04, -2.5507097330725072e-03,
          -3.1670356942628070e-02, 7.2513329244499033e-02,
          -1.7543387210151092e-02, 1.3861882137077421e-02,
          1.9094416798789746e-01, 1.4901453975965812e-02,
          4.7769459723082559e-02, 2.8879381969558086e-04,
