%YAML:1.0
---
groups:
   - intact
   - CD19
   - blast
intactGmmnames:
   - "intact.593.0"
   - "intact.593.1"
   - "intact.593.2"
   - "intact.593.3"
   - "intact.593.4"
intactLabels:
   - FSC-A
   - SSC-A
   - SY41
   - CD19
   - CD10
   - CD20
   - CD45
   - CD34
   - CD38
intactMu: !!opencv-matrix
   rows: 5
   cols: 9
   dt: d
   data: [ 1.2370787418061435e+00, 2.9203400032400589e-01,
       3.2688393252271806e+00, 1.0186271521088408e+00,
       8.0569321706646679e-01, 7.8327854484785342e-01,
       3.4876247856356501e+00, 9.6847010356143071e-01,
       1.8782610160500561e+00, 1.1053620343044128e+00,
       2.9844046004339619e-01, 3.1535293072123549e+00,
       1.0404679960326439e+00, 8.9151080486458600e-01,
       8.5485737396457262e-01, 1.2158476733289412e+00,
       9.8682430906029062e-01, 1.5643011022764208e+00,
       1.8361851447749491e+00, 5.9355807137924876e-01,
       3.0645994514196016e+00, 1.1606012630300371e+00,
       1.2365246238582586e+00, 1.0757271651735067e+00,
       1.7310431446434964e+00, 1.1766740106865097e+00,
       1.6642733607124576e+00, 2.5885869296114845e+00,
       1.9662268191973518e+00, 3.2748870600339668e+00,
       1.4403985106063983e+00, 2.0269826929452384e+00,
       1.1886931522446402e+00, 3.1683175314186744e+00,
       1.3201125948635284e+00, 2.0089569933207869e+00,
       1.2191070241536330e+00, 3.8691619442564257e-01,
       3.4539704561292166e+00, 1.0650434689526420e+00,
       1.0965787086727878e+00, 8.8409764074685449e-01,
       1.4813794633100716e+00, 1.0733186532474583e+00,
       1.6021023460598740e+00 ]
intactSigma:
   - !!opencv-matrix
      rows: 9
      cols: 9
      dt: d
      data: [ 1.1850709781394429e-01, 2.6279141227758263e-02,
          -4.0513986447751900e-02, 7.1856892885580328e-03,
          5.1880286973786001e-03, 1.5372410291853048e-02,
          2.0285068710511955e-02, 6.3383489360409363e-03,
          4.4942215625070198e-02, 2.6279141227758263e-02,
          1.6140038445984755e-02, -1.5769023065856435e-02,
          4.3540714059470062e-03, 3.9160036506812627e-03,
          8.1261020668130513e-03, 1.0137915744671558e-02,
          3.6791940428290218e-03, 2.6897941719498195e-02,
          -4.0513986447751900e-02, -1.5769023065856438e-02,
          4.1866092498233851e-02, -4.0012606581237052e-03,
          -2.3908312871601702e-03, -9.2404780322574900e-03,
          -1.1983833719679539e-02, -4.0753954463570718e-03,
          -3.5735252277906832e-02, 7.1856892885580328e-03,
          4.3540714059470071e-03, -4.0012606581237052e-03,
          2.2581314673628186e-02, 1.7609166370202997e-03,
          2.5994576838082291e-03, 2.3997384098858282e-03,
          -1.6984519898583864e-03, 4.9256902223945315e-03,
          5.1880286973786010e-03, 3.9160036506812636e-03,
          -2.3908312871601684e-03, 1.7609166370202997e-03,
          4.3152952658608600e-02, -4.9182053944888413e-04,
          2.3698095823613198e-03, -4.1980549251651690e-03,
          1.5858891115092106e-03, 1.5372410291853048e-02,
          8.1261020668130513e-03, -9.2404780322574882e-03,
          2.5994576838082296e-03, -4.9182053944888413e-04,
          3.2920262914407264e-02, 6.1008088578414542e-03,
          1.1575701172079136e-03, 2.1048780738550008e-03,
          2.0285068710511955e-02, 1.0137915744671558e-02,
          -1.1983833719679539e-02, 2.3997384098858291e-03,
          2.3698095823613198e-03, 6.1008088578414542e-03,
          1.3812848720031268e-02, -9.2928850554762818e-04,
          1.0748751952744072e-02, 6.3383489360409381e-03,
          3.6791940428290209e-03, -4.0753954463570718e-03,
          -1.6984519898583870e-03, -4.1980549251651698e-03,
          1.1575701172079145e-03, -9.2928850554762764e-04,
          1.6789792125325229e-01, 1.6013859375503665e-02,
          4.4942215625070198e-02, 2.6897941719498195e-02,
          -3.5735252277906832e-02, 4.9256902223945324e-03,
          1.5858891115092119e-03, 2.1048780738550012e-03,
          1.0748751952744072e-02, 1.6013859375503668e-02,
          1.5434517495542954e-01 ]
   - !!opencv-matrix
      rows: 9
      cols: 9
      dt: d
      data: [ 8.1267696083881055e-02, 6.8091307460326428e-03,
          -2.9417958433446620e-02, 3.2213520070543651e-03,
          1.3404898374246776e-03, 1.0164906415222713e-02,
          -3.8158748476085414e-03, 7.9643006986322164e-04,
          -1.4572199790300315e-04, 6.8091307460326428e-03,
          6.2323591684177674e-03, -5.8424137200411425e-03,
          2.2134989182922534e-03, 2.6071024174949388e-03,
          5.8575344539334162e-03, 9.1609982390468882e-03,
          -1.0810760078100894e-04, 2.2380168776482652e-04,
          -2.9417958433446620e-02, -5.8424137200411425e-03,
          1.1206659016941367e-01, -2.5781699606657335e-03,
          -2.2254344678127530e-03, -2.0814745896217450e-02,
          -2.2226469505350959e-03, -2.6954140616640039e-03,
          -3.0698331210195971e-05, 3.2213520070543651e-03,
          2.2134989182922534e-03, -2.5781699606657340e-03,
          6.9027057999541943e-03, 1.4817900535512450e-03,
          2.8179583817603332e-03, 3.4149055007977771e-03,
          -2.1284712291261593e-04, -5.0896255613447382e-04,
          1.3404898374246776e-03, 2.6071024174949393e-03,
          -2.2254344678127539e-03, 1.4817900535512450e-03,
          4.1145215632426443e-02, -2.7287648190497694e-04,
          6.6024836617611200e-03, -7.1093067993362288e-04,
          3.9567359013116630e-04, 1.0164906415222713e-02,
          5.8575344539334162e-03, -2.0814745896217450e-02,
          2.8179583817603332e-03, -2.7287648190497694e-04,
          3.3140226821349525e-02, 1.3066122583876849e-02,
          -1.6475838882787085e-05, 2.1391155996502179e-04,
          -3.8158748476085401e-03, 9.1609982390468882e-03,
          -2.2226469505350959e-03, 3.4149055007977758e-03,
          6.6024836617611200e-03, 1.3066122583876846e-02,
          1.5927641021780442e-01, -5.1375454196431478e-03,
          7.7166840385396978e-04, 7.9643006986322197e-04,
          -1.0810760078100902e-04, -2.6954140616640048e-03,
          -2.1284712291261585e-04, -7.1093067993362321e-04,
          -1.6475838882786970e-05, -5.1375454196431461e-03,
          6.8195899448109084e-03, -5.6501469354646735e-05,
          -1.4572199790300315e-04, 2.2380168776482641e-04,
          -3.0698331210195992e-05, -5.0896255613447393e-04,
          3.9567359013116640e-04, 2.1391155996502170e-04,
          7.7166840385396946e-04, -5.6501469354646755e-05,
          6.4710526015308877e-04 ]
   - !!opencv-matrix
      rows: 9
      cols: 9
      dt: d
      data: [ 5.4269474060137246e-01, 9.9097076036661708e-02,
          8.5792191181162145e-02, 3.1944095746516556e-02,
          3.8229761969857327e-02, 5.6256009139187657e-02,
          4.1189378013816925e-02, 1.8814003566911573e-02,
          4.7170263304705719e-03, 9.9097076036661708e-02,
          6.9467173562251308e-02, 8.7220141769425441e-02,
          2.2540198426741785e-02, 4.1233222883372181e-02,
          3.5552296754245490e-02, 4.4660599892039111e-02,
          -1.0289191654513110e-02, 6.5973026503744862e-03,
          8.5792191181162158e-02, 8.7220141769425455e-02,
          4.2291088575246749e-01, 3.3567492547802884e-02,
          1.0014521353900438e-01, 4.1648195668278917e-02,
          6.3741022530224567e-02, -6.4207397198653982e-02,
          1.8082549287298258e-02, 3.1944095746516556e-02,
          2.2540198426741785e-02, 3.3567492547802884e-02,
          2.2711252495938153e-02, 1.6703476085907023e-02,
          2.2860280664362617e-02, 8.8933141162252302e-03,
          -6.9865254245419263e-03, -1.9682524485361832e-03,
          3.8229761969857327e-02, 4.1233222883372181e-02,
          1.0014521353900438e-01, 1.6703476085907023e-02,
          1.3736712474658858e-01, 3.2976533259692221e-02,
