%YAML:1.0
---
groups:
   - intact
   - CD19
intactGmmnames:
   - "intact.607.0"
   - "intact.607.1"
   - "intact.607.2"
   - "intact.607.3"
   - "intact.607.4"
intactLabels:
   - FSC-A
   - SSC-A
   - SY41
   - CD19
   - CD10
   - CD20
   - CD45
   - CD34
   - CD38
intactMu: !!opencv-matrix
   rows: 5
   cols: 9
   dt: d
   data: [ 2.7073879838357859e+00, 3.6262702573245846e+00,
       2.8022889373730817e+00, 1.5054029589966589e+00,
       1.7140763441913389e+00, 1.2993758122094079e+00,
       2.8955228919605163e+00, 1.1321777145915055e+00,
       1.6960722818527829e+00, 1.0871367909275509e+00,
       3.9722437660491661e-01, 2.7053599319430695e+00,
       1.0493040529754494e+00, 8.5522844022867683e-01,
       8.9956095911865430e-01, 3.5610927095705316e+00,
       1.0561951928708371e+00, 1.6605522875863084e+00,
       9.1428821475270550e-01, 4.9425173842891207e-01,
       3.0640405312175876e+00, 1.1035565787728396e+00,
       1.0578652115620435e+00, 9.5617926636436690e-01,
       1.2879013757565920e+00, 1.1086726240731786e+00,
       1.5291970264579244e+00, 2.2851109207915115e+00,
       1.5899189482970435e+00, 2.8777305514844005e+00,
       1.2956842714351620e+00, 1.2385344787326293e+00,
       1.1468381520960480e+00, 2.1892462884368369e+00,
       1.2612891085981335e+00, 1.6028051009167588e+00,
       1.9955483239986160e+00, 1.6967090983562343e+00,
       2.7939757931238893e+00, 1.2280477063701154e+00,
       1.4345125325555654e+00, 1.2957742114756547e+00,
       3.1633431585041145e+00, 1.6899933982010722e+00,
       2.7274575004714063e+00 ]
intactSigma:
   - !!opencv-matrix
      rows: 9
      cols: 9
      dt: d
      data: [ 2.7929383397247687e-01, 1.0051552878276911e-01,
          -4.8835738316886244e-04, 2.0125537544571807e-02,
          -1.2533859033445993e-01, 4.3606739879815108e-02,
          -5.2008323631615302e-03, 2.3346486811985086e-03,
          2.8966876256807186e-02, 1.0051552878276911e-01,
          3.0473063142956774e-01, -1.0669065605911842e-03,
          3.7146917243581268e-02, 6.9830870878081111e-02,
          2.5934761090667540e-02, 2.5298802312386962e-02,
          7.6080217439079313e-03, 8.8697803881314374e-03,
          -4.8835738316886223e-04, -1.0669065605911849e-03,
          2.0959025735577643e-02, 1.3076462118212762e-03,
          -4.7935750809904414e-03, 7.5422926615208554e-03,
          -6.6015839695430607e-03, 6.3648769688635963e-04,
          3.9653051043977705e-03, 2.0125537544571807e-02,
          3.7146917243581268e-02, 1.3076462118212758e-03,
          1.7050316033885855e-02, -1.0608604869900748e-03,
          6.1718431912556456e-03, 1.6274491498204013e-03,
          -2.8060303522961656e-05, 1.9806148893525915e-03,
          -1.2533859033445993e-01, 6.9830870878081111e-02,
          -4.7935750809904448e-03, -1.0608604869900744e-03,
          4.3930225443631493e-01, -3.4987367759300669e-02,
          4.5303216502698272e-02, 3.8311680677443460e-03,
          -4.3975277555892291e-02, 4.3606739879815122e-02,
          2.5934761090667544e-02, 7.5422926615208580e-03,
          6.1718431912556456e-03, -3.4987367759300676e-02,
          4.7276781437479876e-02, -2.5513769634679419e-03,
          1.8793019217106380e-03, 2.0247568497992877e-02,
          -5.2008323631615302e-03, 2.5298802312386962e-02,
          -6.6015839695430607e-03, 1.6274491498204015e-03,
          4.5303216502698272e-02, -2.5513769634679427e-03,
          2.1995270633746254e-02, -7.6069300122935917e-04,
          -2.4503482805371523e-03, 2.3346486811985099e-03,
          7.6080217439079348e-03, 6.3648769688635909e-04,
          -2.8060303522961622e-05, 3.8311680677443473e-03,
          1.8793019217106380e-03, -7.6069300122935928e-04,
          6.6405420684744657e-02, 1.5823502698427015e-03,
          2.8966876256807186e-02, 8.8697803881314374e-03,
          3.9653051043977705e-03, 1.9806148893525923e-03,
          -4.3975277555892284e-02, 2.0247568497992877e-02,
          -2.4503482805371519e-03, 1.5823502698427013e-03,
          3.9939424696594478e-02 ]
   - !!opencv-matrix
      rows: 9
      cols: 9
      dt: d
      data: [ 1.2362941211242236e-01, 2.0808825446581084e-02,
          -4.2436006420330019e-02, -3.8637048806490335e-04,
          8.4121810377727835e-04, 1.7802610765817059e-02,
          2.0788133454765247e-02, -2.4150343807034310e-03,
          -2.5366706557141986e-03, 2.0808825446581084e-02,
          1.7846165819698074e-02, -7.4062005415756037e-03,
          1.5936399910119641e-03, 5.9423382394242314e-03,
          1.1275384527959263e-02, 7.1016790872806259e-03,
          -1.8474848245568075e-04, -1.8129291550090670e-03,
          -4.2436006420330019e-02, -7.4062005415756037e-03,
          3.1974319566917701e-02, 1.4974498889431685e-03,
          1.5028189468500922e-03, -4.8618337201529254e-03,
          -8.9347922244089363e-03, 2.0894603907254468e-03,
          5.3431409385716166e-04, -3.8637048806490308e-04,
          1.5936399910119650e-03, 1.4974498889431683e-03,
          1.5812894731002346e-02, 1.3910792814710031e-03,
          1.3035299747297955e-03, -6.3622023910860136e-04,
          -2.7394728326277265e-03, -1.5852860477968277e-03,
          8.4121810377727857e-04, 5.9423382394242314e-03,
          1.5028189468500922e-03, 1.3910792814710035e-03,
          5.6837085350319089e-02, -1.3083360803823360e-03,
          8.7165069747733963e-04, -5.3719851500756942e-03,
          -2.5124928537705329e-03, 1.7802610765817059e-02,
          1.1275384527959263e-02, -4.8618337201529254e-03,
          1.3035299747297955e-03, -1.3083360803823364e-03,
          5.1409407475908664e-02, 5.9367115107179904e-03,
          -3.8072950726476411e-04, -5.3069552765162217e-03,
          2.0788133454765250e-02, 7.1016790872806259e-03,
          -8.9347922244089363e-03, -6.3622023910860114e-04,
          8.7165069747733985e-04, 5.9367115107179904e-03,
          1.0014628082954795e-02, -2.5246311471949752e-03,
          -3.7302850669324668e-04, -2.4150343807034318e-03,
          -1.8474848245568067e-04, 2.0894603907254468e-03,
          -2.7394728326277265e-03, -5.3719851500756968e-03,
          -3.8072950726476411e-04, -2.5246311471949757e-03,
          1.6671776618328396e-01, 3.6821254376836750e-03,
          -2.5366706557141986e-03, -1.8129291550090666e-03,
          5.3431409385716188e-04, -1.5852860477968275e-03,
          -2.5124928537705329e-03, -5.3069552765162200e-03,
          -3.7302850669324657e-04, 3.6821254376836741e-03,
          3.8119176351059207e-02 ]
   - !!opencv-matrix
      rows: 9
      cols: 9
      dt: d
      data: [ 1.0235885508818678e-01, 4.0112439256911714e-02,
          -1.0716205894412204e-02, 5.9911336606113608e-03,
          1.7571674797912436e-02, 2.4451509300199389e-02,
          2.6188932178025159e-02, 6.6188550810898790e-04,
          4.3025546007487208e-03, 4.0112439256911700e-02,
          6.2825311021119740e-02, 1.2015409559567172e-02,
          1.0640281351858146e-02, 4.0309124763204390e-02,
          3.9307797485862411e-02, 5.0116966919782964e-02,
          5.3673029002232978e-03, 7.6640913673744725e-03,
          -1.0716205894412200e-02, 1.2015409559567175e-02,
          9.3557377392653587e-02, 5.0735529933523356e-03,
          1.7229333242070235e-02, 4.7164275233252005e-03,
          1.4566866279734230e-02, 6.7533546763525265e-03,
          1.3312144660038213e-03, 5.9911336606113608e-03,
          1.0640281351858146e-02, 5.0735529933523356e-03,
          6.3966306164106321e-03, 8.0639929984773467e-03,
          7.6395632786455227e-03, 8.7512544752727812e-03,
          1.0374479671168006e-03, 7.3960095675642580e-04,
          1.7571674797912436e-02, 4.0309124763204390e-02,
          1.7229333242070228e-02, 8.0639929984773467e-03,
          1.0243378693784458e-01, 3.0354371785053687e-02,
          4.9971654674746804e-02, 5.0778982138191585e-03,
