%YAML:1.0
---
groups:
   - intact
   - CD19
   - blast
intactGmmnames:
   - "intact.609.0"
   - "intact.609.1"
   - "intact.609.2"
   - "intact.609.3"
   - "intact.609.4"
intactLabels:
   - FSC-A
   - SSC-A
   - SY41
   - CD19
   - CD10
   - CD20
   - CD45
   - CD34
   - CD38
intactMu: !!opencv-matrix
   rows: 5
   cols: 9
   dt: d
   data: [ 2.0224196047593024e+00, 7.4154617923481214e-01,
       2.2826088168160874e+00, 1.0483769554047675e+00,
       8.9819262311231141e-01, 9.4226496770847823e-01,
       3.4025591973276770e+00, 1.0369599794026629e+00,
       2.7651618834405691e+00, 2.2830731353744240e+00,
       1.4104613695245920e+00, 2.6975604629456416e+00,
       1.2855516779835667e+00, 1.7625507069791813e+00,
       1.4903751244800294e+00, 2.3976015195389455e+00,
       1.3647586108555623e+00, 2.1783831666027935e+00,
       1.4127261991165405e+00, 5.4213468996408787e-01,
       2.6326649814201271e+00, 1.0762654262456357e+00,
       1.2224098702819666e+00, 9.6599572068344319e-01,
       1.2697386620401825e+00, 1.0452885911375442e+00,
       1.3892494580842893e+00, 3.0304421165544406e+00,
       3.2787954719948775e+00, 2.7444273598858224e+00,
       1.4571024500923000e+00, 2.0265180119619361e+00,
       1.1564614981792973e+00, 2.5671788984909436e+00,
       1.0926143883759138e+00, 1.6546249789838299e+00,
       1.6058440761994925e+00, 4.2986711778293679e-01,
       2.4964774243854309e+00, 1.0067984360979465e+00,
       8.9025981654278441e-01, 9.6286063189977800e-01,
       3.3825063639321913e+00, 9.7468634504505214e-01,
       1.2738054088552901e+00 ]
intactSigma:
   - !!opencv-matrix
      rows: 9
      cols: 9
      dt: d
      data: [ 6.9599732153403648e-02, 2.0099685409106231e-02,
          -5.5418965532567912e-03, 3.5729827812581829e-03,
          1.3919986217048432e-03, 4.7469188593236220e-03,
          3.4203147779723851e-03, 3.0552913046690763e-03,
          2.1953285666539851e-02, 2.0099685409106227e-02,
          3.0721429678277377e-02, -6.5943747205532031e-03,
          3.1494592807801880e-03, 4.1039435704207676e-03,
          7.7690881016590071e-03, 6.4393780654958509e-03,
          3.3288471206020681e-03, 2.9180813841550964e-02,
          -5.5418965532567904e-03, -6.5943747205532014e-03,
          7.8483887693010235e-02, 2.0678245339632523e-04,
          8.6561329413219399e-05, -2.9287926016867329e-03,
          -3.1911833475226034e-03, 2.0009546427630113e-03,
          -4.3738404554109428e-03, 3.5729827812581829e-03,
          3.1494592807801876e-03, 2.0678245339632512e-04,
          1.3865764170883647e-02, 9.6045845284383749e-04,
          1.2045055312986182e-03, -5.6318759120823562e-04,
          -1.6651034153108281e-03, 5.7325333448817115e-03,
          1.3919986217048432e-03, 4.1039435704207676e-03,
          8.6561329413219386e-05, 9.6045845284383716e-04,
          3.6664883027519281e-02, -2.8979251965194019e-03,
          1.3785655649643951e-03, -3.4274261161833450e-03,
          5.1177427287809009e-03, 4.7469188593236220e-03,
          7.7690881016590071e-03, -2.9287926016867312e-03,
          1.2045055312986180e-03, -2.8979251965194019e-03,
          4.5342827921607938e-02, 2.6883635180834191e-03,
          -2.2401700216335141e-03, 1.4181218208011569e-03,
          3.4203147779723851e-03, 6.4393780654958509e-03,
          -3.1911833475226038e-03, -5.6318759120823584e-04,
          1.3785655649643956e-03, 2.6883635180834191e-03,
          1.1383132730307317e-02, -2.0604172976892402e-03,
          1.5300247367349752e-03, 3.0552913046690763e-03,
          3.3288471206020659e-03, 2.0009546427630096e-03,
          -1.6651034153108274e-03, -3.4274261161833441e-03,
          -2.2401700216335145e-03, -2.0604172976892406e-03,
          1.4721499458836348e-01, 1.4003149709323637e-02,
          2.1953285666539854e-02, 2.9180813841550971e-02,
          -4.3738404554109454e-03, 5.7325333448817123e-03,
          5.1177427287808991e-03, 1.4181218208011565e-03,
          1.5300247367349752e-03, 1.4003149709323643e-02,
          1.3030004953415639e-01 ]
   - !!opencv-matrix
      rows: 9
      cols: 9
      dt: d
      data: [ 7.6497801250477737e-01, 3.7764748337491366e-01,
          1.1874596604556154e-01, 3.1501011825399466e-02,
          1.2641489102392552e-02, -1.2661591047943838e-02,
          1.0977797793873144e-01, 2.1358917614488618e-02,
          1.7847230827583496e-01, 3.7764748337491372e-01,
          6.2594601692208451e-01, 5.0986270013899951e-02,
          8.1176150207511677e-02, 1.6062557002521148e-02,
          2.8568923420898791e-02, 1.0044615309797919e-01,
          1.8516818748666151e-02, 1.1124436689849988e-01,
          1.1874596604556154e-01, 5.0986270013899937e-02,
          2.8870800527209356e-01, -1.8723075684151200e-03,
          6.6652434019985593e-02, 8.8081826355680300e-03,
          -8.7904381440707235e-03, -2.7648806149400042e-03,
          9.7531027318344107e-02, 3.1501011825399466e-02,
          8.1176150207511677e-02, -1.8723075684151202e-03,
          8.6306504766296130e-02, 4.1926303850770806e-02,
          8.6219431896494184e-02, 4.1100467007976579e-02,
          2.5880966815821960e-02, 1.7274511574001439e-02,
          1.2641489102392550e-02, 1.6062557002521141e-02,
          6.6652434019985593e-02, 4.1926303850770806e-02,
          3.5983869152124032e-01, 1.4146489705848583e-01,
          5.7077167844581445e-02, 8.4315525648827064e-02,
          4.8915501103885761e-02, -1.2661591047943834e-02,
          2.8568923420898791e-02, 8.8081826355680282e-03,
          8.6219431896494170e-02, 1.4146489705848578e-01,
          2.7582322633634815e-01, 8.8989256540950787e-02,
          1.0712306262818695e-01, -2.8070695727972841e-02,
          1.0977797793873144e-01, 1.0044615309797919e-01,
          -8.7904381440707235e-03, 4.1100467007976579e-02,
          5.7077167844581445e-02, 8.8989256540950773e-02,
          4.1295009525288839e-01, 7.9305902634226669e-02,
          2.0966411994063203e-01, 2.1358917614488618e-02,
          1.8516818748666154e-02, -2.7648806149400090e-03,
          2.5880966815821957e-02, 8.4315525648827078e-02,
          1.0712306262818695e-01, 7.9305902634226669e-02,
          2.6195507670339269e-01, 7.8741514270831411e-02,
          1.7847230827583496e-01, 1.1124436689849988e-01,
          9.7531027318344121e-02, 1.7274511574001439e-02,
          4.8915501103885761e-02, -2.8070695727972834e-02,
          2.0966411994063203e-01, 7.8741514270831411e-02,
          5.0253811119722913e-01 ]
   - !!opencv-matrix
      rows: 9
      cols: 9
      dt: d
      data: [ 1.9999662069798507e-01, 5.9919171526041322e-02,
          -3.9660158670364338e-03, 8.0867654914396885e-03,
          5.4738632231987189e-02, 4.1065992571468750e-02,
          5.7504370278467894e-02, 2.3989714183639960e-03,
          3.3678170391133806e-02, 5.9919171526041322e-02,
          4.0794408174425291e-02, 8.3239928185544331e-03,
          5.6028978306745837e-03, 3.2297257043328295e-02,
          2.6184423092714723e-02, 3.6918403635193379e-02,
          1.6650974968823716e-03, 2.1360696810473426e-02,
          -3.9660158670364321e-03, 8.3239928185544314e-03,
          1.8771636859796179e-01, 1.4801059729660088e-03,
          3.4523916789304492e-02, 4.0804394342019330e-03,
          2.7257185152587245e-02, 1.7522307327693794e-04,
          2.2558608862124969e-02, 8.0867654914396885e-03,
          5.6028978306745837e-03, 1.4801059729660083e-03,
          4.5974147366780842e-03, 4.2870351931097407e-03,
          4.2872171561101216e-03, 4.1161887618318595e-03,
          -1.0836301054288288e-04, 1.3147345692358123e-03,
          5.4738632231987196e-02, 3.2297257043328302e-02,
          3.4523916789304492e-02, 4.2870351931097415e-03,
          1.7892525178142626e-01, 1.6258510742826113e-02,
          5.9064529174481351e-02, -3.1004636233757018e-04,
