%YAML:1.0
---
groups:
   - intact
   - CD19
intactGmmnames:
   - "intact.610.0"
   - "intact.610.1"
   - "intact.610.2"
   - "intact.610.3"
   - "intact.610.4"
intactLabels:
   - FSC-A
   - SSC-A
   - SY41
   - CD19
   - CD10
   - CD20
   - CD45
   - CD34
   - CD38
intactMu: !!opencv-matrix
   rows: 5
   cols: 9
   dt: d
   data: [ 2.0530377205241042e+00, 2.5624845628909338e+00,
       2.4439996512293818e+00, 1.4624847833100676e+00,
       2.7558707460589784e+00, 1.1672932636476292e+00,
       2.7830866843577571e+00, 1.3633101567823036e+00,
       1.5900638569741241e+00, 1.1743274080434469e+00,
       5.4009338435445298e-01, 2.2966928476181341e+00,
       1.1004101737951573e+00, 1.2703061483160862e+00,
       9.9769387697950351e-01, 1.7916071232715174e+00,
       1.3626900178099042e+00, 1.6191210705655041e+00,
       1.1329185479506216e+00, 3.5670826770491898e-01,
       2.6222278035320441e+00, 1.0356909099116478e+00,
       8.9575984115541141e-01, 9.2258693957562554e-01,
       3.5711360866829560e+00, 1.1065629685093279e+00,
       1.8010087148690572e+00, 2.2875540188164303e+00,
       2.8439117231090534e+00, 2.4984801507822731e+00,
       1.4908258907483363e+00, 2.9673878115047736e+00,
       1.1804362339189522e+00, 3.1241695621288663e+00,
       1.4355951083971263e+00, 1.6524474671874396e+00,
       2.3539626291944051e+00, 1.9268854537411189e+00,
       2.4238366924979773e+00, 1.3549348315022829e+00,
       1.5521778843788829e+00, 1.3654188897474229e+00,
       2.8944334058767072e+00, 1.6024633899050538e+00,
       2.1121186749816849e+00 ]
intactSigma:
   - !!opencv-matrix
      rows: 9
      cols: 9
      dt: d
      data: [ 3.4781489913804120e-01, 1.7869392603437925e-01,
          2.8115058250248823e-02, 3.0422555897391505e-02,
          3.1446304661419448e-02, 3.1803982994459870e-02,
          3.6531441214787422e-02, 1.7692374817328202e-02,
          6.3125618069231060e-03, 1.7869392603437928e-01,
          2.6809543883040760e-01, 4.4106376846512342e-02,
          4.4982391430134577e-02, 3.9638033377306342e-02,
          3.8926831465901493e-02, 3.9624491088153878e-02,
          2.6502675228882368e-02, 7.9247974927194233e-03,
          2.8115058250248830e-02, 4.4106376846512342e-02,
          1.0880772156553119e-01, 8.7548552529178678e-03,
          4.1492526739550992e-02, 1.1592469529972083e-02,
          4.9647418340420607e-02, 2.1047257872912936e-02,
          5.6103884399409535e-03, 3.0422555897391505e-02,
          4.4982391430134577e-02, 8.7548552529178678e-03,
          2.0476739349084588e-02, 7.6870137947975476e-03,
          7.5027291749344095e-03, 6.5305061865302289e-03,
          4.1425181744237328e-03, -4.8650034032008055e-04,
          3.1446304661419441e-02, 3.9638033377306342e-02,
          4.1492526739550992e-02, 7.6870137947975467e-03,
          9.1209694328443600e-02, 1.1674822274252155e-02,
          6.0819036655191429e-02, 1.6507244188796680e-02,
          5.5160120398057609e-03, 3.1803982994459884e-02,
          3.8926831465901493e-02, 1.1592469529972083e-02,
          7.5027291749344095e-03, 1.1674822274252155e-02,
          5.2462671355711088e-02, 1.1692734623135952e-02,
          9.0448057901403953e-03, 1.7882605513262705e-03,
          3.6531441214787422e-02, 3.9624491088153878e-02,
          4.9647418340420607e-02, 6.5305061865302289e-03,
          6.0819036655191429e-02, 1.1692734623135952e-02,
          7.7214906755912402e-02, 2.0234602209239200e-02,
          5.2392982463507877e-03, 1.7692374817328209e-02,
          2.6502675228882371e-02, 2.1047257872912936e-02,
          4.1425181744237302e-03, 1.6507244188796680e-02,
          9.0448057901403953e-03, 2.0234602209239200e-02,
          8.4496707107822089e-02, 4.1551224972158655e-03,
          6.3125618069231051e-03, 7.9247974927194233e-03,
          5.6103884399409535e-03, -4.8650034032008028e-04,
          5.5160120398057601e-03, 1.7882605513262709e-03,
          5.2392982463507877e-03, 4.1551224972158664e-03,
          6.7998310850545703e-03 ]
   - !!opencv-matrix
      rows: 9
      cols: 9
      dt: d
      data: [ 1.5896719777514542e-01, 6.5283014105014359e-02,
          -7.0191126203857659e-02, 1.1884903105154169e-02,
          6.3343354682607808e-03, 3.6277287678955862e-02,
          8.0268270282807488e-02, 5.3935739526931419e-02,
          1.3850243059375193e-03, 6.5283014105014359e-02,
          8.7252421279897532e-02, -6.8319845911806037e-02,
          1.4626359453469354e-02, 7.5502252171765101e-03,
          3.6344112546456753e-02, 1.1583317618996361e-01,
          8.0199571282466298e-02, 2.2057792277313578e-03,
          -7.0191126203857659e-02, -6.8319845911806037e-02,
          3.8111388700997906e-01, -8.4789735252666053e-03,
          7.4116461287583910e-02, 4.3264968266975038e-03,
          -1.4053230439582778e-01, -1.1173031998226889e-01,
          2.7432978380317330e-02, 1.1884903105154169e-02,
          1.4626359453469354e-02, -8.4789735252666070e-03,
          8.9127597344017834e-03, 2.6615220591473406e-03,
          7.5919721234861326e-03, 1.7659868496085977e-02,
          1.1108139078336469e-02, -3.3746038919440043e-04,
          6.3343354682607782e-03, 7.5502252171765101e-03,
          7.4116461287583910e-02, 2.6615220591473406e-03,
          1.4803545197689233e-01, 1.7587598265645616e-02,
          1.5050159402564864e-02, -1.4117601961849833e-02,
          1.7451433652269050e-02, 3.6277287678955862e-02,
          3.6344112546456753e-02, 4.3264968266975038e-03,
          7.5919721234861317e-03, 1.7587598265645616e-02,
          7.6648090426105417e-02, 4.4104128489553848e-02,
          2.3373100676194868e-02, 6.1471962840832055e-03,
          8.0268270282807488e-02, 1.1583317618996361e-01,
          -1.4053230439582778e-01, 1.7659868496085977e-02,
          1.5050159402564866e-02, 4.4104128489553855e-02,
          2.8925503381838202e-01, 1.3296080810486982e-01,
          1.1477044052263798e-02, 5.3935739526931419e-02,
          8.0199571282466284e-02, -1.1173031998226884e-01,
          1.1108139078336469e-02, -1.4117601961849836e-02,
          2.3373100676194865e-02, 1.3296080810486982e-01,
          1.3740374456776008e-01, -4.1927911058127045e-03,
          1.3850243059375189e-03, 2.2057792277313569e-03,
          2.7432978380317330e-02, -3.3746038919440065e-04,
          1.7451433652269054e-02, 6.1471962840832063e-03,
          1.1477044052263798e-02, -4.1927911058127054e-03,
          1.3787774193581303e-02 ]
   - !!opencv-matrix
      rows: 9
      cols: 9
      dt: d
      data: [ 1.2956027409137824e-01, 3.6228417745915655e-02,
          -8.8540514827129380e-02, 3.6963127739659124e-03,
          1.0130104970533089e-02, 2.2808827948697045e-02,
          3.1666549072089691e-02, 3.4225124537550417e-03,
          1.5064417326774850e-02, 3.6228417745915655e-02,
          2.3750547542326739e-02, -3.5586382307338557e-02,
          3.0191709573682561e-03, 9.8376941332757092e-03,
          1.4589422651783054e-02, 1.5804816512421303e-02,
          5.2453989508892147e-03, 1.1253994082987473e-02,
          -8.8540514827129380e-02, -3.5586382307338557e-02,
          1.1679213927179767e-01, -2.9409297774375055e-03,
          -1.0673572293011729e-02, -2.1088961535301751e-02,
          -3.2537542562513476e-02, -3.9665654895008036e-03,
          -1.8458599535524169e-02, 3.6963127739659146e-03,
          3.0191709573682570e-03, -2.9409297774375055e-03,
          1.9792832815031546e-02, 1.6217897430177983e-03,
          2.1497367272529902e-03, 9.4668811486142473e-04,
          -2.2084391036855844e-03, -3.1848024638463595e-04,
          1.0130104970533089e-02, 9.8376941332757074e-03,
          -1.0673572293011729e-02, 1.6217897430177983e-03,
          5.7163888609793038e-02, 3.0619406701432842e-04,
          6.0456696671428029e-03, -1.3581610417862284e-03,
