%YAML:1.0
---
groups:
   - intact
   - CD19
   - blast
intactGmmnames:
   - "intact.612.0"
   - "intact.612.1"
   - "intact.612.2"
   - "intact.612.3"
   - "intact.612.4"
intactLabels:
   - FSC-A
   - SSC-A
   - SY41
   - CD19
   - CD10
   - CD20
   - CD45
   - CD34
   - CD38
intactMu: !!opencv-matrix
   rows: 5
   cols: 9
   dt: d
   data: [ 1.2696557326236220e+00, 2.1816120046564899e-01,
       3.2259941153479810e+00, 9.9085644456003485e-01,
       8.0806629748560865e-01, 7.9182807791728482e-01,
       3.3471194925257666e+00, 1.0038085540390049e+00,
       1.4107306048189652e+00, 3.4140157558995110e+00,
       2.6347793921169096e+00, 2.8595008151597749e+00,
       1.5744178879350559e+00, 2.1862206937480915e+00,
       1.2460462941231161e+00, 3.0768458519413318e+00,
       1.1829180438301425e+00, 1.2969692234305832e+00,
       1.2403441256535308e+00, 2.7110541795973975e-01,
       3.1634088636106887e+00, 1.0378483975289843e+00,
       9.1261802836005801e-01, 7.5906818219199679e-01,
       1.4321337362539073e+00, 1.0327110362946728e+00,
       1.2511413175526831e+00, 2.1967719584166816e+00,
       1.0167813741267562e+00, 3.1694341192670135e+00,
       1.2500169644325450e+00, 1.4358166487342336e+00,
       1.2562734260637027e+00, 2.9882178319417938e+00,
       1.3369571854238396e+00, 2.0306356912680625e+00,
       2.1703738115111508e+00, 1.5482037221088485e+00,
       2.6530945537047117e+00, 1.3552830080915832e+00,
       1.8879086077077896e+00, 1.1476717804111942e+00,
       2.2246673029545088e+00, 1.1435869898576285e+00,
       1.1536720905830937e+00 ]
intactSigma:
   - !!opencv-matrix
      rows: 9
      cols: 9
      dt: d
      data: [ 7.2821234183291117e-02, 5.3094788850915056e-03,
          -1.7034548349550930e-02, 1.0792028516285438e-03,
          9.0077880507391744e-04, 7.7408493278380173e-03,
          5.3584025568862116e-03, -8.2646085069033425e-04,
          -4.0049895837688722e-03, 5.3094788850915047e-03,
          4.1665184442993049e-03, -1.6580932754659448e-03,
          9.3081078520503664e-04, 1.9492276384042856e-03,
          4.9776412940858508e-03, 2.4037227631787108e-03,
          2.1288898107601052e-04, -4.6434441370233970e-03,
          -1.7034548349550930e-02, -1.6580932754659448e-03,
          1.3485352788777947e-02, -1.5977611714297572e-04,
          6.0237435289175540e-05, -1.9973208898041326e-03,
          -1.7425665642085539e-03, 5.5154057881847904e-04,
          -9.7847004760219796e-04, 1.0792028516285438e-03,
          9.3081078520503675e-04, -1.5977611714297575e-04,
          1.3791017054330139e-02, 1.0237565498570451e-03,
          1.7668652499831514e-03, -3.3427848910150330e-04,
          -2.1662544647526923e-03, -3.1153583813835367e-03,
          9.0077880507391734e-04, 1.9492276384042852e-03,
          6.0237435289175418e-05, 1.0237565498570451e-03,
          4.5580536165929074e-02, -1.5447124996102039e-03,
          1.1308774150333100e-03, -4.4391524829522607e-03,
          -3.9312465700224028e-03, 7.7408493278380191e-03,
          4.9776412940858508e-03, -1.9973208898041318e-03,
          1.7668652499831514e-03, -1.5447124996102039e-03,
          4.6796699642333808e-02, 3.6774762295183759e-03,
          3.1415374903035522e-04, -1.3295375224622439e-02,
          5.3584025568862116e-03, 2.4037227631787108e-03,
          -1.7425665642085543e-03, -3.3427848910150309e-04,
          1.1308774150333102e-03, 3.6774762295183759e-03,
          6.2727797355472265e-03, -2.3060536835607763e-03,
          -5.7673006476503088e-03, -8.2646085069033523e-04,
          2.1288898107601088e-04, 5.5154057881847958e-04,
          -2.1662544647526932e-03, -4.4391524829522598e-03,
          3.1415374903035479e-04, -2.3060536835607763e-03,
          1.3593362495335598e-01, 5.0702226882892078e-03,
          -4.0049895837688731e-03, -4.6434441370233970e-03,
          -9.7847004760219752e-04, -3.1153583813835367e-03,
          -3.9312465700224036e-03, -1.3295375224622437e-02,
          -5.7673006476503096e-03, 5.0702226882892061e-03,
          1.3956027712244395e-01 ]
   - !!opencv-matrix
      rows: 9
      cols: 9
      dt: d
      data: [ 3.0726056128159496e-01, 8.6105018547595516e-02,
          3.3070341717610862e-03, 2.2035388105474302e-02,
          -1.0439678470608015e-01, 2.8377547937924526e-02,
          -2.1472266383662900e-02, 6.9126160257214093e-03,
          2.7205166857659530e-02, 8.6105018547595516e-02,
          3.9447391623424605e-01, -2.1252785700047669e-03,
          8.1701069260299242e-02, 2.4100989793899269e-01,
          1.0005226358419686e-01, 7.3532271498458313e-02,
          2.8229552311835094e-02, -6.0267630124550865e-02,
          3.3070341717610866e-03, -2.1252785700047643e-03,
          8.2458554455125316e-02, 2.9558194150507952e-04,
          -7.0053513939578160e-03, 5.1206032510472295e-03,
          -3.1600750300958959e-03, 2.3829028076748438e-03,
          3.7616036016014324e-03, 2.2035388105474302e-02,
          8.1701069260299242e-02, 2.9558194150507963e-04,
          3.3198960415460520e-02, 5.2899079020544054e-02,
          2.7373063466129569e-02, 1.6593729368995589e-02,
          6.5774045444537167e-03, -1.8177046660908001e-02,
          -1.0439678470608015e-01, 2.4100989793899263e-01,
          -7.0053513939578194e-03, 5.2899079020544061e-02,
          5.9129545877792256e-01, 1.0661285738254958e-01,
          1.3386755799388830e-01, 3.2403316520727768e-02,
          -1.1839462957942573e-01, 2.8377547937924526e-02,
          1.0005226358419683e-01, 5.1206032510472321e-03,
          2.7373063466129575e-02, 1.0661285738254958e-01,
          1.1634273171709894e-01, 3.8004123419287356e-02,
          2.3944976463942551e-02, -2.6136296419875610e-02,
          -2.1472266383662900e-02, 7.3532271498458313e-02,
          -3.1600750300958954e-03, 1.6593729368995589e-02,
          1.3386755799388828e-01, 3.8004123419287356e-02,
          4.5651950288783737e-02, 6.6962777925865429e-03,
          -3.4481454109922614e-02, 6.9126160257214093e-03,
          2.8229552311835097e-02, 2.3829028076748438e-03,
          6.5774045444537167e-03, 3.2403316520727761e-02,
          2.3944976463942551e-02, 6.6962777925865446e-03,
          1.3253509404047209e-01, 4.4282722083709657e-04,
          2.7205166857659526e-02, -6.0267630124550865e-02,
          3.7616036016014332e-03, -1.8177046660908004e-02,
          -1.1839462957942573e-01, -2.6136296419875613e-02,
          -3.4481454109922614e-02, 4.4282722083709538e-04,
          1.0917382083476354e-01 ]
   - !!opencv-matrix
      rows: 9
      cols: 9
      dt: d
      data: [ 6.2315594992634539e-02, 7.8189827460117146e-03,
          -1.8828241777641325e-02, 2.1469502847076718e-03,
          1.7359003156495508e-03, 9.4579703947726707e-03,
          2.1602980856709987e-03, 1.0124915863757101e-05,
          -3.4594115335480292e-04, 7.8189827460117146e-03,
          7.2728579081693086e-03, 5.3575043011773529e-03,
          1.8232489131839382e-03, 4.5985017587920150e-03,
          4.5652620891038446e-03, 9.3316659496914169e-03,
          7.5843362325423509e-04, 4.0946508586575895e-03,
          -1.8828241777641329e-02, 5.3575043011773529e-03,
          9.2608754481074126e-02, 1.3397270488183053e-03,
          1.1000466509019527e-02, -6.9863414539941410e-03,
          1.6510905708388573e-02, 1.5318418407176840e-03,
          1.0808467447161104e-02, 2.1469502847076723e-03,
          1.8232489131839377e-03, 1.3397270488183053e-03,
          4.9145145769953283e-03, 1.6189769902038439e-03,
          1.5422166643784059e-03, 2.9450561404848474e-03,
          -4.1465878629956868e-04, -6.3571233315784970e-04,
          1.7359003156495498e-03, 4.5985017587920132e-03,
          1.1000466509019527e-02, 1.6189769902038439e-03,
          6.0338416439670764e-02, -1.5252655137808506e-03,
