%YAML:1.0
---
groups:
   - intact
   - CD19
intactGmmnames:
   - "intact.625.0"
   - "intact.625.1"
   - "intact.625.2"
   - "intact.625.3"
   - "intact.625.4"
intactLabels:
   - FSC-A
   - SSC-A
   - SY41
   - CD19
   - CD10
   - CD20
   - CD45
   - CD34
   - CD38
intactMu: !!opencv-matrix
   rows: 5
   cols: 9
   dt: d
   data: [ 1.2780557126078154e+00, 3.4504723148437466e-01,
       3.6264491507927508e+00, 1.0867616971386369e+00,
       9.0140870620644598e-01, 9.3227557353712220e-01,
       3.6370339191327044e+00, 1.0675791668425278e+00,
       1.7648735621246296e+00, 2.7724589189539044e+00,
       3.6385442965274395e+00, 3.5945817749642623e+00,
       1.5692985408832913e+00, 2.5744799571561621e+00,
       1.3453559478666675e+00, 2.8508451471467104e+00,
       1.1160531683487998e+00, 1.6368717871808831e+00,
       9.3067240360517978e-01, 2.9967605769299077e-01,
       4.0615654685381264e+00, 8.1130679723759791e-01,
       8.0487552923581829e-01, 9.5025928495699763e-01,
       1.3506488258951459e+00, 1.0685375030494275e+00,
       1.5684954123416979e+00, 2.2001015044301693e+00,
       1.5199987326583893e+00, 3.6824447139883394e+00,
       1.1977620506129547e+00, 1.3665241635472694e+00,
       1.4116398104981216e+00, 3.0278177271118953e+00,
       1.4342539375671810e+00, 2.7991381701049991e+00,
       2.7809321392812665e+00, 2.5694263335204961e+00,
       3.3951523714974057e+00, 1.4776554284181056e+00,
       1.1582876260324273e+00, 1.3515797369583353e+00,
       2.3922162555654505e+00, 1.1948706849356749e+00,
       1.7587437453203336e+00 ]
intactSigma:
   - !!opencv-matrix
      rows: 9
      cols: 9
      dt: d
      data: [ 1.0990378769212618e-01, 2.5169191231999975e-02,
          -4.3452033279677997e-02, 2.0239761846205490e-02,
          1.2016045257141571e-02, 2.3118247428164717e-02,
          2.0483261983087572e-02, 4.8750168511643688e-04,
          -1.1574030354745751e-02, 2.5169191231999972e-02,
          2.0726301605575093e-02, -1.2884776289810823e-02,
          7.1686722217266241e-03, 5.9511748639164081e-03,
          1.3921043490498166e-02, 1.0154463322716719e-02,
          1.3524329052396909e-03, -6.9768742308632834e-03,
          -4.3452033279677990e-02, -1.2884776289810822e-02,
          4.0808443114349585e-02, -1.6922503471365907e-02,
          -9.8230148147347828e-03, -1.1304220052807838e-02,
          -1.2344311865498937e-02, 6.1300934684949506e-04,
          7.8924945217711748e-03, 2.0239761846205490e-02,
          7.1686722217266241e-03, -1.6922503471365907e-02,
          1.5905595854114597e-02, 4.8674051043102210e-03,
          6.4479737778245462e-03, 5.3177259285159366e-03,
          1.4977728924977832e-03, -4.7792246231924320e-03,
          1.2016045257141575e-02, 5.9511748639164081e-03,
          -9.8230148147347811e-03, 4.8674051043102210e-03,
          3.1430377197054597e-02, -2.5612528476528547e-04,
          4.1368204852007765e-03, -4.5082258772271844e-03,
          -3.8514298237332712e-03, 2.3118247428164717e-02,
          1.3921043490498166e-02, -1.1304220052807838e-02,
          6.4479737778245479e-03, -2.5612528476528547e-04,
          7.9041152018176283e-02, 8.6060470828518351e-03,
          1.1141882155426336e-03, -1.0634387248681945e-02,
          2.0483261983087569e-02, 1.0154463322716719e-02,
          -1.2344311865498933e-02, 5.3177259285159366e-03,
          4.1368204852007765e-03, 8.6060470828518351e-03,
          1.4049542328189167e-02, -1.2318330289079569e-03,
          -6.8973791945670833e-03, 4.8750168511643645e-04,
          1.3524329052396916e-03, 6.1300934684949517e-04,
          1.4977728924977839e-03, -4.5082258772271844e-03,
          1.1141882155426327e-03, -1.2318330289079564e-03,
          1.6420049790776309e-01, 3.6827577543823769e-03,
          -1.1574030354745751e-02, -6.9768742308632834e-03,
          7.8924945217711748e-03, -4.7792246231924303e-03,
          -3.8514298237332725e-03, -1.0634387248681943e-02,
          -6.8973791945670833e-03, 3.6827577543823761e-03,
          8.5841485620804472e-02 ]
   - !!opencv-matrix
      rows: 9
      cols: 9
      dt: d
      data: [ 2.1666646931254513e-01, 9.3225512315845513e-02,
          -3.0485129991372770e-03, 1.6875563374846050e-02,
          -4.3152466458670713e-02, 1.6629556878847068e-02,
          -1.8516634312367667e-02, 1.4876050741959366e-03,
          5.3229575884223505e-03, 9.3225512315845513e-02,
          2.8742548904987181e-01, -2.1697622343380341e-02,
          5.2069180615883677e-02, 2.9716385980544012e-02,
          3.5085781580623844e-02, 1.7182975456807886e-02,
          8.8604543884217082e-03, 3.3928995588980511e-03,
          -3.0485129991372766e-03, -2.1697622343380348e-02,
          4.7397033782258007e-02, -1.7954481903189413e-02,
          -7.5293648002252665e-03, -2.4506502638673919e-03,
          -9.1291690254974335e-03, -1.4336994447660347e-04,
          1.2681803940991069e-03, 1.6875563374846050e-02,
          5.2069180615883684e-02, -1.7954481903189410e-02,
          2.7033260589685772e-02, 8.2423131827193668e-03,
          7.0672128616042166e-03, 5.4847711134156998e-03,
          2.0400339099697676e-03, -3.8915331883301240e-03,
          -4.3152466458670706e-02, 2.9716385980544012e-02,
          -7.5293648002252639e-03, 8.2423131827193685e-03,
          1.3143327826792656e-01, 3.9295988791069880e-03,
          3.2560517533967062e-02, 5.0678324575971724e-03,
          -4.0707453275446708e-03, 1.6629556878847068e-02,
          3.5085781580623844e-02, -2.4506502638673927e-03,
          7.0672128616042157e-03, 3.9295988791069863e-03,
          5.0503967399824233e-02, 1.8196148241824131e-03,
          2.2193745142127337e-03, 1.0996961090660815e-03,
          -1.8516634312367670e-02, 1.7182975456807886e-02,
          -9.1291690254974352e-03, 5.4847711134156981e-03,
          3.2560517533967062e-02, 1.8196148241824129e-03,
          3.5423889244387802e-02, -5.8160304105514310e-04,
          -2.3583798353233737e-03, 1.4876050741959371e-03,
          8.8604543884217100e-03, -1.4336994447660388e-04,
          2.0400339099697689e-03, 5.0678324575971724e-03,
          2.2193745142127341e-03, -5.8160304105514299e-04,
          7.8904106233686960e-02, 1.5104593794321509e-03,
          5.3229575884223513e-03, 3.3928995588980511e-03,
          1.2681803940991069e-03, -3.8915331883301240e-03,
          -4.0707453275446717e-03, 1.0996961090660822e-03,
          -2.3583798353233733e-03, 1.5104593794321509e-03,
          2.7402007732365879e-02 ]
   - !!opencv-matrix
      rows: 9
      cols: 9
      dt: d
      data: [ 1.2318684970356540e-01, 1.6659935742302137e-02,
          -2.2895049701968529e-02, 2.1184522960666793e-02,
          1.2868503615149520e-02, 1.2086969880616730e-02,
          9.9481138684962521e-03, -8.9065352824773140e-04,
          -2.8782392667722361e-03, 1.6659935742302134e-02,
          1.8593448387030032e-02, 1.3274097618380602e-03,
          1.1476137074596358e-03, 5.4250596381342255e-03,
          1.7872940413058935e-02, 7.0196756472395774e-03,
          2.1649790045585888e-03, 2.2962442214018637e-03,
          -2.2895049701968529e-02, 1.3274097618380597e-03,
          5.8944165154608617e-02, -4.5196867991489642e-02,
          -2.1693996235025090e-02, 3.1899594043881090e-03,
          -6.9252277808978272e-03, 4.6121466819331819e-03,
          1.0489031995025695e-02, 2.1184522960666793e-02,
          1.1476137074596358e-03, -4.5196867991489642e-02,
          3.8943682905388660e-02, 1.8916628375883628e-02,
          8.4369115105662265e-04, 6.4399930877637136e-03,
          -3.5444596092143190e-03, -9.1240161654931127e-03,
          1.2868503615149521e-02, 5.4250596381342255e-03,
          -2.1693996235025086e-02, 1.8916628375883628e-02,
          4.4144450428344272e-02, 4.2510580456393788e-03,
          9.3033325047950661e-03, -2.0025978790507060e-03,
