%YAML:1.0
---
groups:
   - intact
   - CD19
intactGmmnames:
   - "intact.631.0"
   - "intact.631.1"
   - "intact.631.2"
   - "intact.631.3"
   - "intact.631.4"
intactLabels:
   - FSC-A
   - SSC-A
   - SY41
   - CD19
   - CD10
   - CD20
   - CD45
   - CD34
   - CD38
intactMu: !!opencv-matrix
   rows: 5
   cols: 9
   dt: d
   data: [ 2.4915635212060407e+00, 3.5717443821959769e+00,
       3.5123363787650721e+00, 1.9602182369641721e+00,
       2.8961204203294439e+00, 1.7991034121725689e+00,
       3.1612338981793981e+00, 1.3255939600664024e+00,
       1.5891332043381208e+00, 5.3683523104924680e-01,
       6.9465728162108187e-01, 3.7878306792116665e+00,
       8.5597520865916144e-01, 1.3440235868358195e+00,
       1.4721592471030505e+00, 3.0110731267823905e+00,
       1.3342153879573906e+00, 1.6867743578214027e+00,
       1.5313596892733434e+00, 1.7593614316229493e+00,
       3.6469772119305355e+00, 1.4052792048579366e+00,
       1.5889742100022344e+00, 1.8254587044457316e+00,
       3.2529504721017588e+00, 1.4763279979682635e+00,
       1.9779018026654569e+00, 1.4668603641466114e+00,
       1.9903279055482141e+00, 3.4292055924877967e+00,
       1.4564439475500177e+00, 1.9334368048867994e+00,
       1.5273320341615066e+00, 2.1536119563704639e+00,
       1.3378455654578802e+00, 1.6018585720709075e+00,
       2.4881127285242561e+00, 3.3815163149708094e+00,
       3.6590692312091577e+00, 1.8224388973489802e+00,
       2.0949739424923903e+00, 1.8123338962217244e+00,
       2.8384866694225726e+00, 1.4010163867274623e+00,
       1.6244025519500223e+00 ]
intactSigma:
   - !!opencv-matrix
      rows: 9
      cols: 9
      dt: d
      data: [ 3.5923176438375370e-01, 1.4639188613476783e-01,
          -6.2678306784400848e-03, 3.3375275318434212e-02,
          4.7385648292481959e-03, 2.1834387369116331e-02,
          1.2556768575691019e-02, 2.9972554822962988e-02,
          9.0299393919070323e-04, 1.4639188613476783e-01,
          3.2818673925158720e-01, 1.1773422218107387e-02,
          5.9319793413535674e-02, 1.9488806190455808e-02,
          3.8591211915448155e-02, 2.2921104623828896e-02,
          4.2193623964967827e-02, -4.4400461660363518e-03,
          -6.2678306784400839e-03, 1.1773422218107387e-02,
          2.9746164848628256e-02, -1.3892787379713078e-03,
          -9.4759922309207902e-03, 5.7932155114670562e-03,
          -1.3337373939821625e-02, 1.8375740533485625e-02,
          1.4090648916365294e-03, 3.3375275318434212e-02,
          5.9319793413535674e-02, -1.3892787379713083e-03,
          3.0626951035724367e-02, 6.5742474089367951e-03,
          9.7903461903234307e-03, 7.6347013183110856e-03,
          1.0886070448746000e-02, -4.2921351666426319e-03,
          4.7385648292481959e-03, 1.9488806190455812e-02,
          -9.4759922309207902e-03, 6.5742474089367942e-03,
          6.8335621628027310e-02, 5.2834351587608304e-03,
          2.9756764170323517e-02, 5.5866631799394986e-03,
          9.0698691290439231e-05, 2.1834387369116331e-02,
          3.8591211915448155e-02, 5.7932155114670562e-03,
          9.7903461903234307e-03, 5.2834351587608304e-03,
          2.8134962007099317e-02, 4.8466200850907949e-03,
          1.6622191185707028e-02, 6.4556741178833151e-04,
          1.2556768575691019e-02, 2.2921104623828896e-02,
          -1.3337373939821625e-02, 7.6347013183110856e-03,
          2.9756764170323517e-02, 4.8466200850907975e-03,
          3.7991683780346078e-02, 1.0746893812945870e-03,
          -7.5628455491802621e-04, 2.9972554822962995e-02,
          4.2193623964967820e-02, 1.8375740533485625e-02,
          1.0886070448746002e-02, 5.5866631799394995e-03,
          1.6622191185707024e-02, 1.0746893812945877e-03,
          1.9586933399801812e-01, 3.0367933655424573e-03,
          9.0299393919070301e-04, -4.4400461660363518e-03,
          1.4090648916365294e-03, -4.2921351666426319e-03,
          9.0698691290439271e-05, 6.4556741178833162e-04,
          -7.5628455491802589e-04, 3.0367933655424573e-03,
          8.4546015026667354e-03 ]
   - !!opencv-matrix
      rows: 9
      cols: 9
      dt: d
      data: [ 6.7807849185760410e-02, 6.1740095868952398e-02,
          -2.0903658102724727e-03, 3.3321426537676037e-02,
          3.9114380209291727e-02, 2.9447591139596083e-02,
          3.0925087354243760e-02, 2.9723491856600354e-02,
          -1.2229687126877377e-03, 6.1740095868952391e-02,
          1.1594574196383318e-01, 8.6604310671063514e-03,
          5.3197560097852946e-02, 7.8013288426899113e-02,
          5.0992516961376889e-02, 1.9861403781765208e-02,
          5.8244256233222068e-02, 4.3321400072341039e-04,
          -2.0903658102724727e-03, 8.6604310671063514e-03,
          8.2661005703399508e-03, -2.8751886551276261e-03,
          9.7605068187555100e-03, 4.2376749189786548e-03,
          -1.0426172941619393e-02, 1.0303085042735138e-02,
          -1.0973657639426032e-04, 3.3321426537676037e-02,
          5.3197560097852967e-02, -2.8751886551276256e-03,
          8.5012043004471641e-02, 3.8306221060405897e-02,
          2.5591700594508250e-02, 2.1783769836011668e-02,
          3.0056606053964787e-02, -2.5820744915470411e-03,
          3.9114380209291727e-02, 7.8013288426899113e-02,
          9.7605068187555100e-03, 3.8306221060405897e-02,
          1.6403594277067055e-01, 3.9877343414867178e-02,
          1.2280602000328655e-02, 4.7365046713521791e-02,
          8.2768521702275381e-04, 2.9447591139596094e-02,
          5.0992516961376889e-02, 4.2376749189786556e-03,
          2.5591700594508250e-02, 3.9877343414867178e-02,
          7.6972921802155841e-02, 8.0201956718142474e-03,
          3.0491187180911965e-02, -3.7142251229741705e-04,
          3.0925087354243756e-02, 1.9861403781765201e-02,
          -1.0426172941619391e-02, 2.1783769836011668e-02,
          1.2280602000328652e-02, 8.0201956718142491e-03,
          9.0711830895760820e-02, 8.2953341445283623e-04,
          7.0994501030586165e-04, 2.9723491856600354e-02,
          5.8244256233222068e-02, 1.0303085042735135e-02,
          3.0056606053964780e-02, 4.7365046713521791e-02,
          3.0491187180911965e-02, 8.2953341445283644e-04,
          1.6764360175322077e-01, 5.8352223450895203e-04,
          -1.2229687126877377e-03, 4.3321400072341017e-04,
          -1.0973657639426024e-04, -2.5820744915470411e-03,
          8.2768521702275403e-04, -3.7142251229741727e-04,
          7.0994501030586187e-04, 5.8352223450895192e-04,
          6.2946436200044210e-03 ]
   - !!opencv-matrix
      rows: 9
      cols: 9
      dt: d
      data: [ 7.4318285695793862e-01, 7.9653058521585995e-01,
          5.6999377479472320e-02, 2.1758298667599726e-01,
          2.7711849253287069e-01, 1.5524292518742389e-01,
          -1.0004921980857584e-02, 1.3437460124715467e-01,
          -4.7028835017630638e-02, 7.9653058521585995e-01,
          1.2542891829512484e+00, 1.3181387054362589e-01,
          3.4925207147848636e-01, 4.3700776255835311e-01,
          2.7434567535848303e-01, -4.7110508430527248e-02,
          2.3371549110630657e-01, -6.9379595295116503e-02,
          5.6999377479472320e-02, 1.3181387054362589e-01,
          5.8880601812129542e-02, 2.6389054067492788e-02,
          6.7511288509762332e-02, 5.2350034222571652e-02,
          -1.1414068586772623e-02, 4.6002880401606994e-02,
          -2.8004678349246134e-02, 2.1758298667599726e-01,
          3.4925207147848636e-01, 2.6389054067492784e-02,
          2.2768441515126603e-01, 1.3795506708617897e-01,
          1.5239093975281290e-01, -2.1680507686561167e-02,
          7.7369321331702906e-02, -3.0326854744402224e-02,
          2.7711849253287069e-01, 4.3700776255835311e-01,
          6.7511288509762332e-02, 1.3795506708617897e-01,
          3.3044402618018787e-01, 1.3628269758781505e-01,
          -2.2687006285928384e-02, 1.1570742898811251e-01,
