%YAML:1.0
---
groups:
   - intact
   - CD19
intactGmmnames:
   - "intact.635.0"
   - "intact.635.1"
   - "intact.635.2"
   - "intact.635.3"
   - "intact.635.4"
intactLabels:
   - FSC-A
   - SSC-A
   - SY41
   - CD19
   - CD10
   - CD20
   - CD45
   - CD34
   - CD38
intactMu: !!opencv-matrix
   rows: 5
   cols: 9
   dt: d
   data: [ 2.3077389288824843e+00, 1.8096926321125961e+00,
       3.2832371193120355e+00, 1.2914398844012487e+00,
       1.2684515032863881e+00, 1.3410015224432057e+00,
       3.0057723791934530e+00, 1.2191388691148195e+00,
       2.3335264873359356e+00, 2.4026891698672754e+00,
       2.6388087015881920e+00, 3.3174685922685825e+00,
       1.4592708341154230e+00, 2.5733388237860342e+00,
       1.2159882675237841e+00, 2.8562384294843932e+00,
       1.0165390377864219e+00, 1.6534386884207644e+00,
       3.1481482132407894e+00, 2.5990829206400554e+00,
       3.1838807094092916e+00, 1.5652508656145196e+00,
       1.0527164534280844e+00, 1.3428432349314883e+00,
       2.7074972613829118e+00, 9.9417866061566795e-01,
       1.6608284144719305e+00, 3.2417151555469634e+00,
       2.5067005777622078e+00, 3.4920998878655447e+00,
       1.4250975874941725e+00, 1.0524171239624371e+00,
       1.3096144361563926e+00, 2.7497176497543774e+00,
       1.0119387148055330e+00, 1.9268177872861887e+00,
       1.3220855960201279e+00, 3.8971910260932913e-01,
       3.3589894987352258e+00, 9.1099080511663033e-01,
       8.1116450891787628e-01, 8.7320155878679850e-01,
       3.5968337587942321e+00, 9.5959249923250434e-01,
       1.4826064636947678e+00 ]
intactSigma:
   - !!opencv-matrix
      rows: 9
      cols: 9
      dt: d
      data: [ 5.0834078835800545e-01, 3.7414730296279730e-01,
          3.4489286973842105e-02, 8.8872594231132737e-02,
          8.9741887594994005e-02, 9.2527738852355795e-02,
          1.5621513014007410e-01, 5.1915871292357009e-02,
          8.2784730938219961e-02, 3.7414730296279730e-01,
          5.9632072081750576e-01, 6.6939971283239044e-02,
          1.3441081487948531e-01, 1.4669978258218397e-01,
          1.4912760310451431e-01, 1.0473745204068774e-01,
          2.6155595462017095e-02, 7.8004493391606547e-02,
          3.4489286973842105e-02, 6.6939971283239058e-02,
          2.1769703614885291e-01, -5.6262919102557624e-02,
          -1.9648249524433194e-02, 1.8986372891063703e-02,
          -4.8467207750269012e-02, -7.6279559110220170e-03,
          1.4774639328827926e-02, 8.8872594231132765e-02,
          1.3441081487948525e-01, -5.6262919102557624e-02,
          1.1023363473614231e-01, 6.6490206196465312e-02,
          5.0315884825812521e-02, 4.0655002781357898e-02,
          1.9974794512994817e-02, 1.9287262065918586e-02,
          8.9741887594993991e-02, 1.4669978258218402e-01,
          -1.9648249524433198e-02, 6.6490206196465312e-02,
          2.5677226118704027e-01, 6.0746956281441424e-02,
          6.6652534170768316e-02, 2.0632818118930071e-02,
          -7.1031796572386327e-03, 9.2527738852355795e-02,
          1.4912760310451431e-01, 1.8986372891063707e-02,
          5.0315884825812521e-02, 6.0746956281441437e-02,
          1.3799327584919732e-01, 1.4699773813029922e-02,
          2.6222047025086223e-02, 4.5765969145484565e-02,
          1.5621513014007410e-01, 1.0473745204068773e-01,
          -4.8467207750269012e-02, 4.0655002781357905e-02,
          6.6652534170768316e-02, 1.4699773813029922e-02,
          4.2294927546541961e-01, 4.5236409136664046e-02,
          1.6477466487404258e-01, 5.1915871292357009e-02,
          2.6155595462017095e-02, -7.6279559110220153e-03,
          1.9974794512994814e-02, 2.0632818118930071e-02,
          2.6222047025086223e-02, 4.5236409136664053e-02,
          2.3597794025898958e-01, 4.5856320800022873e-02,
          8.2784730938219989e-02, 7.8004493391606547e-02,
          1.4774639328827926e-02, 1.9287262065918586e-02,
          -7.1031796572386327e-03, 4.5765969145484565e-02,
          1.6477466487404258e-01, 4.5856320800022873e-02,
          3.3395469465558614e-01 ]
   - !!opencv-matrix
      rows: 9
      cols: 9
      dt: d
      data: [ 2.8606639016610885e-01, 1.8218513626008195e-01,
          -5.1076437889706276e-02, 5.5925869073967446e-02,
          -2.7198815899419235e-02, 3.5239299137802861e-02,
          6.5572393917414061e-03, 5.5658276568833548e-03,
          1.4526559302408957e-02, 1.8218513626008195e-01,
          2.8640784254670071e-01, -3.0215791752961449e-02,
          7.2688050160095663e-02, 4.6068809666748121e-03,
          4.6031281667374371e-02, 1.6943057855889853e-02,
          7.8614041021737770e-03, 1.7767299139226693e-02,
          -5.1076437889706269e-02, -3.0215791752961449e-02,
          1.3769137323391079e-01, -5.1144373584455879e-02,
          -9.0213819503130142e-03, -1.2882388574072702e-02,
          -8.2983832810787847e-03, -2.7342970298982510e-04,
          -2.0732562422904276e-03, 5.5925869073967446e-02,
          7.2688050160095663e-02, -5.1144373584455886e-02,
          6.0716001396769713e-02, 5.2721263275567910e-03,
          1.5457837354619907e-02, 5.8897377597855053e-03,
          3.1377548868548408e-03, -1.7110470611718068e-03,
          -2.7198815899419235e-02, 4.6068809666748112e-03,
          -9.0213819503130177e-03, 5.2721263275567918e-03,
          1.3860044044561132e-01, 8.4547989893143747e-03,
          2.5542153683807470e-02, 2.5337628833212019e-03,
          6.5221702757178833e-03, 3.5239299137802875e-02,
          4.6031281667374371e-02, -1.2882388574072702e-02,
          1.5457837354619905e-02, 8.4547989893143747e-03,
          7.1160179377828509e-02, 5.9040743551990174e-03,
          2.4448535982422729e-03, 4.1666996462165103e-03,
          6.5572393917414061e-03, 1.6943057855889850e-02,
          -8.2983832810787847e-03, 5.8897377597855053e-03,
          2.5542153683807470e-02, 5.9040743551990191e-03,
          2.8196785846736586e-02, -1.4421062838464620e-03,
          1.5595567976619828e-03, 5.5658276568833548e-03,
          7.8614041021737788e-03, -2.7342970298982483e-04,
          3.1377548868548421e-03, 2.5337628833212006e-03,
          2.4448535982422733e-03, -1.4421062838464620e-03,
          9.0505688778366344e-02, 1.5764778238235128e-03,
          1.4526559302408959e-02, 1.7767299139226689e-02,
          -2.0732562422904259e-03, -1.7110470611718064e-03,
          6.5221702757178842e-03, 4.1666996462165103e-03,
          1.5595567976619833e-03, 1.5764778238235120e-03,
          4.0630917327554757e-02 ]
   - !!opencv-matrix
      rows: 9
      cols: 9
      dt: d
      data: [ 2.0662658683548552e-01, 2.0016842832083362e-01,
          -3.8786864689817548e-02, 5.9046373198814596e-02,
          2.6712625397706011e-02, 3.7521972775159139e-02,
          1.4918286607857486e-02, 6.1545099473665895e-03,
          1.3791080718848462e-02, 2.0016842832083365e-01,
          4.8714791674202335e-01, -6.6257949838493549e-02,
          1.1813509410152620e-01, 6.0055818651649120e-02,
          4.7985214490930087e-02, 3.5254773523878707e-02,
          1.1950726056885946e-02, 7.0777021366933892e-03,
          -3.8786864689817548e-02, -6.6257949838493549e-02,
          9.1336329871231942e-02, -3.0027740716593337e-02,
          -1.9397215935450959e-02, -5.6024768743830472e-03,
          -1.1339426577185653e-02, -2.2551324333137477e-03,
          -5.3285292839964247e-03, 5.9046373198814596e-02,
          1.1813509410152620e-01, -3.0027740716593344e-02,
          5.2054084412806040e-02, 1.6475901063195991e-02,
          1.3568291721081741e-02, 9.6174190825665945e-03,
          3.8530572754958805e-03, -1.3863968961978334e-03,
          2.6712625397706004e-02, 6.0055818651649134e-02,
          -1.9397215935450962e-02, 1.6475901063195998e-02,
          8.1265033933795708e-02, 2.4240567804570826e-03,
          9.3219540723462561e-03, -6.2612388391316447e-04,
