%YAML:1.0
---
groups:
   - intact
   - CD19
intactGmmnames:
   - "intact.654.0"
   - "intact.654.1"
   - "intact.654.2"
   - "intact.654.3"
   - "intact.654.4"
intactLabels:
   - FSC-A
   - SSC-A
   - SY41
   - CD19
   - CD10
   - CD20
   - CD45
   - CD34
   - CD38
intactMu: !!opencv-matrix
   rows: 5
   cols: 9
   dt: d
   data: [ 2.4061871024786479e+00, 3.3391099604627339e+00,
       2.4327838514211169e+00, 1.7802570050858395e+00,
       2.8155895887001985e+00, 1.3962468253153906e+00,
       2.8983700480307402e+00, 1.2731841143888800e+00,
       1.7256564868527657e+00, 1.3263716719480632e+00,
       3.5333241872972182e-01, 2.3924591560773094e+00,
       1.1213349904195600e+00, 1.0719229336602984e+00,
       1.0673990779368234e+00, 3.5178029464858542e+00,
       1.1221303869328918e+00, 1.7552232668271188e+00,
       2.4720034065561571e+00, 1.9647966734193472e+00,
       2.4706132155100975e+00, 1.5326622078600227e+00,
       1.2654780047338492e+00, 1.4025279315114172e+00,
       3.0089315185745251e+00, 1.6056894350175934e+00,
       2.1360442418501862e+00, 2.1654813366355543e+00,
       2.9572590002109034e+00, 2.4933365595889976e+00,
       1.6787009117872371e+00, 2.6521006677013648e+00,
       1.2299016494879895e+00, 2.7960186628243315e+00,
       1.2057391622260718e+00, 1.7090428432251266e+00,
       2.0227315921078910e+00, 1.3457413814095063e+00,
       2.5493587066261099e+00, 1.4312487556788989e+00,
       1.5232592417792561e+00, 1.4010209686414790e+00,
       2.5489213701746753e+00, 1.5375933373025861e+00,
       1.7963305851959972e+00 ]
intactSigma:
   - !!opencv-matrix
      rows: 9
      cols: 9
      dt: d
      data: [ 2.4328398173836036e-01, 7.9180695762748596e-02,
          3.6453826688678352e-03, 1.3194704102777859e-02,
          -1.5016560022582424e-02, 1.3042198641590647e-02,
          -1.0615064212778108e-02, 2.4395373864408727e-02,
          1.0463138759396211e-03, 7.9180695762748596e-02,
          3.8993148576807185e-01, 2.6317526188035626e-02,
          6.8215518799024724e-02, 1.6401066410959474e-02,
          3.7214802362617878e-02, 4.1221853068174824e-03,
          1.5137327543358942e-02, -3.0729749241917952e-03,
          3.6453826688678361e-03, 2.6317526188035626e-02,
          9.7800867916393083e-03, 4.9415085582727569e-03,
          -1.0023852753593600e-03, 4.3665423712655705e-03,
          -1.0900368115233491e-03, 4.6360033795392825e-03,
          1.8102244173655006e-04, 1.3194704102777861e-02,
          6.8215518799024724e-02, 4.9415085582727569e-03,
          3.0556443225647073e-02, 3.6827984010247392e-03,
          7.0411921938179269e-03, 7.6307423036687573e-04,
          4.4940792625028127e-03, -3.6645435644062727e-03,
          -1.5016560022582429e-02, 1.6401066410959467e-02,
          -1.0023852753593600e-03, 3.6827984010247392e-03,
          4.3210592419192582e-02, 8.7972059792975081e-04,
          1.0438770500901369e-02, -1.7771509196166182e-03,
          -9.1804623092754277e-04, 1.3042198641590647e-02,
          3.7214802362617878e-02, 4.3665423712655705e-03,
          7.0411921938179252e-03, 8.7972059792975124e-04,
          3.7997045056091749e-02, 6.0686548868072029e-04,
          6.8948242009535228e-03, 1.3178156399167380e-05,
          -1.0615064212778112e-02, 4.1221853068174824e-03,
          -1.0900368115233487e-03, 7.6307423036687584e-04,
          1.0438770500901369e-02, 6.0686548868072029e-04,
          1.9685173888444773e-02, -1.1341305872364709e-03,
          -9.9229443293036659e-04, 2.4395373864408727e-02,
          1.5137327543358951e-02, 4.6360033795392825e-03,
          4.4940792625028127e-03, -1.7771509196166193e-03,
          6.8948242009535228e-03, -1.1341305872364714e-03,
          1.4181259509922128e-01, 2.1050461670677843e-03,
          1.0463138759396213e-03, -3.0729749241917934e-03,
          1.8102244173654998e-04, -3.6645435644062719e-03,
          -9.1804623092754277e-04, 1.3178156399167363e-05,
          -9.9229443293036680e-04, 2.1050461670677847e-03,
          6.2744489633117248e-03 ]
   - !!opencv-matrix
      rows: 9
      cols: 9
      dt: d
      data: [ 9.0166309063693439e-02, 1.9225551172944607e-02,
          -1.7433709979211013e-02, 6.4368364942863927e-03,
          2.1210843945939427e-03, 9.4519707455692735e-03,
          1.2005004789821380e-02, 3.0023412236492549e-03,
          -3.9802803360293043e-03, 1.9225551172944604e-02,
          2.7651414448424134e-02, -3.7647327703646729e-03,
          8.9125210726838273e-03, 6.9076910602296178e-03,
          1.5389508998224237e-02, 8.0646481348826526e-03,
          6.2875230769785613e-03, -2.4072881042209158e-03,
          -1.7433709979211013e-02, -3.7647327703646733e-03,
          1.5424302331611989e-02, -1.6005394511528336e-03,
          2.1129177385800329e-04, 9.5765670803964090e-04,
          -4.5013295102249232e-03, 8.1746573363050169e-04,
          1.2510609834366915e-03, 6.4368364942863927e-03,
          8.9125210726838273e-03, -1.6005394511528341e-03,
          3.5922528534253255e-02, 2.4256014032482654e-03,
          6.1924752217706238e-03, 1.9852355485196244e-03,
          3.5994662553502426e-03, -3.3356656096259394e-03,
          2.1210843945939418e-03, 6.9076910602296178e-03,
          2.1129177385800329e-04, 2.4256014032482650e-03,
          2.7012668782482558e-02, 6.8421957145464523e-04,
          1.3510653318597259e-03, -1.5778654234465937e-03,
          -6.5683651847559920e-04, 9.4519707455692735e-03,
          1.5389508998224237e-02, 9.5765670803964122e-04,
          6.1924752217706221e-03, 6.8421957145464523e-04,
          8.2599681172280962e-02, 3.2309982878887841e-03,
          5.0003113641244532e-03, -2.8633398209791691e-03,
          1.2005004789821382e-02, 8.0646481348826526e-03,
          -4.5013295102249223e-03, 1.9852355485196252e-03,
          1.3510653318597255e-03, 3.2309982878887850e-03,
          1.1467024093253854e-02, -1.3138077184877528e-03,
          -2.3710865036883923e-03, 3.0023412236492549e-03,
          6.2875230769785613e-03, 8.1746573363050202e-04,
          3.5994662553502426e-03, -1.5778654234465928e-03,
          5.0003113641244514e-03, -1.3138077184877521e-03,
          1.5372141589310098e-01, 7.9387574218098310e-04,
          -3.9802803360293034e-03, -2.4072881042209158e-03,
          1.2510609834366913e-03, -3.3356656096259394e-03,
          -6.5683651847559909e-04, -2.8633398209791700e-03,
          -2.3710865036883928e-03, 7.9387574218098310e-04,
          1.1593648366023557e-02 ]
   - !!opencv-matrix
      rows: 9
      cols: 9
      dt: d
      data: [ 5.9250044747631236e-01, 3.6629194117730651e-01,
          1.8484012089382707e-02, 9.7270210095415532e-02,
          3.7603516945351280e-02, 1.0700209703340960e-01,
          -1.3558519832290314e-01, 9.6239627394767907e-02,
          -6.7320794617904092e-02, 3.6629194117730651e-01,
          7.4703112866576804e-01, 8.7261068764957261e-02,
          1.6610602873307925e-01, 5.9930498996483721e-02,
          1.1722373725501935e-01, -1.5807499212447546e-01,
          -6.8429221050200370e-02, -9.2095825868084749e-02,
          1.8484012089382704e-02, 8.7261068764957261e-02,
          3.3912332756401382e-02, 1.7219135886000422e-02,
          5.0072890923841522e-03, 9.7326782012392733e-03,
          -1.7292492360751716e-02, -3.6957679018736631e-02,
          -6.5054048133364973e-03, 9.7270210095415532e-02,
          1.6610602873307925e-01, 1.7219135886000422e-02,
          6.6560401654206333e-02, 1.4177622479190988e-02,
          3.0343589229671716e-02, -4.1336106262279029e-02,
          -3.9737493081073360e-03, -2.7861568586816945e-02,
          3.7603516945351280e-02, 5.9930498996483721e-02,
          5.0072890923841522e-03, 1.4177622479190986e-02,
          4.7023505232773113e-02, 1.5334848384728018e-02,
          7.4586045996133492e-03, 2.0900399680326764e-02,
