%YAML:1.0
---
groups:
   - intact
   - CD19
   - blast
intactGmmnames:
   - "intact.657.0"
   - "intact.657.1"
   - "intact.657.2"
   - "intact.657.3"
   - "intact.657.4"
intactLabels:
   - FSC-A
   - SSC-A
   - SY41
   - CD19
   - CD10
   - CD20
   - CD45
   - CD34
   - CD38
intactMu: !!opencv-matrix
   rows: 5
   cols: 9
   dt: d
   data: [ 2.9612393052654920e+00, 3.6536794855668089e+00,
       3.0175036071941959e+00, 1.8238628323547430e+00,
       2.1548719035148074e+00, 1.2593747574025103e+00,
       2.7839429374356492e+00, 1.1149269232793257e+00,
       1.5787511106966816e+00, 1.6524386887002236e+00,
       6.8276211435457179e-01, 2.9356685410248793e+00,
       9.4818257152171381e-01, 1.1838116778823045e+00,
       1.1547146867383276e+00, 1.5353670638813000e+00,
       1.1769411371524627e+00, 1.5238623113003167e+00,
       1.6556148727815982e+00, 4.2476730503370413e-01,
       2.7754558978308084e+00, 1.0172947833062713e+00,
       8.8107757611252435e-01, 9.3616682055342870e-01,
       3.6219270347809336e+00, 1.0246234232049831e+00,
       1.7326395643563146e+00, 1.1861995323055825e+00,
       4.1169610867257944e-01, 2.7378155146950331e+00,
       8.9884554429640795e-01, 9.3107105931582801e-01,
       9.4379053041096428e-01, 1.2443772174083143e+00,
       1.0061266230213743e+00, 1.4058532399139154e+00,
       2.5037070356398154e+00, 1.5993512727600478e+00,
       2.8164499948901982e+00, 1.3630909536052027e+00,
       1.2858678797236027e+00, 1.3932031392481998e+00,
       2.9403136480518590e+00, 1.4932584616498825e+00,
       2.4383932847900369e+00 ]
intactSigma:
   - !!opencv-matrix
      rows: 9
      cols: 9
      dt: d
      data: [ 3.5370236087412876e-01, 3.7082716755629047e-02,
          -1.1065662138322243e-02, 1.3172659872478388e-02,
          -1.5113719449257335e-01, 3.0746178730387038e-02,
          -2.5850146561952277e-02, -1.5124869092331941e-03,
          1.9059161245842351e-02, 3.7082716755629061e-02,
          2.8100037060039534e-01, -1.3910726123258981e-02,
          5.1579814083134987e-02, 8.5495001157473410e-02,
          2.3273669804241170e-02, 2.0429912911045442e-02,
          1.0788004476494240e-02, -8.0118984842715135e-03,
          -1.1065662138322245e-02, -1.3910726123258981e-02,
          2.5504051930579603e-02, -5.2006150198956819e-03,
          -6.3352934718731149e-03, -4.6887575934270335e-04,
          -9.5626717562275060e-03, -6.3721340506422454e-04,
          -3.1302537182894600e-03, 1.3172659872478390e-02,
          5.1579814083134980e-02, -5.2006150198956810e-03,
          3.1157340210853233e-02, 1.0838895466701654e-02,
          6.0648296675286434e-03, 3.3279394403815839e-03,
          3.2659669971726907e-03, -7.4768854112214527e-03,
          -1.5113719449257337e-01, 8.5495001157473424e-02,
          -6.3352934718731158e-03, 1.0838895466701654e-02,
          3.1555622055065191e-01, -1.3398500960078512e-02,
          5.2554079302801197e-02, 1.4698677380044590e-02,
          -2.0159108314746328e-02, 3.0746178730387038e-02,
          2.3273669804241170e-02, -4.6887575934270308e-04,
          6.0648296675286451e-03, -1.3398500960078510e-02,
          4.9659671712672854e-02, 3.5804259930741851e-04,
          2.2564491957141703e-03, 4.5695553886395904e-03,
          -2.5850146561952277e-02, 2.0429912911045442e-02,
          -9.5626717562275060e-03, 3.3279394403815843e-03,
          5.2554079302801211e-02, 3.5804259930741856e-04,
          3.6856849697845390e-02, 1.4705267177132285e-03,
          -2.2903560231241726e-03, -1.5124869092331961e-03,
          1.0788004476494239e-02, -6.3721340506422486e-04,
          3.2659669971726907e-03, 1.4698677380044586e-02,
          2.2564491957141703e-03, 1.4705267177132285e-03,
          7.4049763067439475e-02, 9.4016311555494185e-04,
          1.9059161245842348e-02, -8.0118984842715152e-03,
          -3.1302537182894604e-03, -7.4768854112214509e-03,
          -2.0159108314746328e-02, 4.5695553886395904e-03,
          -2.2903560231241718e-03, 9.4016311555494185e-04,
          4.1565833084671669e-02 ]
   - !!opencv-matrix
      rows: 9
      cols: 9
      dt: d
      data: [ 2.3315034052291150e-01, 4.4792900348964416e-02,
          4.8655344624352011e-02, 8.0258367610665168e-03,
          2.5196481627320369e-02, 3.6354679318283921e-02,
          2.9919496518719755e-03, -1.9706815455896202e-02,
          1.0891585681180613e-03, 4.4792900348964416e-02,
          6.1254856762224204e-02, -6.7970675032969982e-03,
          2.1761229693755706e-02, 1.1323821653615012e-02,
          3.0257073738110693e-02, 4.6941643598466719e-02,
          2.0094220179732031e-02, 1.4188019472021000e-02,
          4.8655344624351997e-02, -6.7970675032969956e-03,
          2.7321423215467672e-01, -7.2983343773057846e-02,
          4.3720946125470297e-02, 2.7614438543432041e-02,
          -7.0094961206066786e-02, -6.9023699574648323e-02,
          -8.6594417858018337e-03, 8.0258367610665186e-03,
          2.1761229693755706e-02, -7.2983343773057846e-02,
          7.0346612600383746e-02, -4.8976930249052522e-03,
          5.4411551816422278e-03, 2.7417328307480188e-02,
          2.2432255200525959e-02, -2.1705092210597579e-04,
          2.5196481627320372e-02, 1.1323821653615014e-02,
          4.3720946125470297e-02, -4.8976930249052530e-03,
          1.3915409726467073e-01, 6.9453221810264545e-03,
          2.2805490981424696e-03, -1.7067397125555595e-02,
          4.2375292162688703e-03, 3.6354679318283921e-02,
          3.0257073738110693e-02, 2.7614438543432041e-02,
          5.4411551816422252e-03, 6.9453221810264537e-03,
          7.4109901821958216e-02, 1.6347362390334522e-02,
          3.1600966271532519e-03, 5.5266577840553501e-03,
          2.9919496518719755e-03, 4.6941643598466719e-02,
          -7.0094961206066814e-02, 2.7417328307480188e-02,
          2.2805490981424683e-03, 1.6347362390334522e-02,
          1.6381921493563656e-01, 4.7156961436820077e-02,
          2.8636768111742185e-02, -1.9706815455896205e-02,
          2.0094220179732027e-02, -6.9023699574648323e-02,
          2.2432255200525959e-02, -1.7067397125555592e-02,
          3.1600966271532536e-03, 4.7156961436820077e-02,
          8.4985692960529546e-02, 1.1191067782769036e-02,
          1.0891585681180606e-03, 1.4188019472021000e-02,
          -8.6594417858018354e-03, -2.1705092210597558e-04,
          4.2375292162688677e-03, 5.5266577840553501e-03,
          2.8636768111742185e-02, 1.1191067782769038e-02,
          2.3240632733332271e-02 ]
   - !!opencv-matrix
      rows: 9
      cols: 9
      dt: d
      data: [ 1.0614325933384593e-01, 2.5880002611262158e-02,
          -4.4912866242241681e-02, 2.1385236464581150e-02,
          4.8369636275781150e-03, 1.3198142685283338e-02,
          1.6356463552709023e-02, 1.8107174615726316e-03,
          5.5062231098973518e-03, 2.5880002611262158e-02,
          2.5871982481409865e-02, -2.1711528016469635e-02,
          1.6108373315528956e-02, 4.1832783986656599e-03,
          1.2469030175784799e-02, 1.1611414343442015e-02,
          1.8339508004770813e-03, 6.6937758698609783e-03,
          -4.4912866242241681e-02, -2.1711528016469635e-02,
          4.6657765695295894e-02, -1.9361334425448840e-02,
          -3.3724885881970513e-03, -6.7261719128063118e-03,
          -1.5940834299813290e-02, 4.3026900757837667e-05,
          -7.2867400555781218e-03, 2.1385236464581146e-02,
          1.6108373315528959e-02, -1.9361334425448840e-02,
          9.3413580116675249e-02, 2.7838482569214370e-03,
          8.8198290422250598e-03, 8.9575756084117105e-03,
          5.0030998474740315e-03, -3.4970580431962213e-03,
          4.8369636275781168e-03, 4.1832783986656607e-03,
          -3.3724885881970513e-03, 2.7838482569214379e-03,
          3.8582540845929436e-02, -2.8967371577634346e-03,
          2.0218401826101453e-03, -5.7459421287036306e-03,
          -2.1581552767050388e-03, 1.3198142685283338e-02,
          1.2469030175784799e-02, -6.7261719128063118e-03,
          8.8198290422250580e-03, -2.8967371577634355e-03,
          7.4293778843981625e-02, 4.5007235239315690e-03,
          1.6636615977372094e-03, -1.2025974101745591e-02,
          1.6356463552709023e-02, 1.1611414343442013e-02,
          -1.5940834299813290e-02, 8.9575756084117140e-03,
          2.0218401826101458e-03, 4.5007235239315707e-03,
          1.5901805708035628e-02, -1.8554512878820987e-03,
          3.0456503592591706e-03, 1.8107174615726309e-03,
          1.8339508004770817e-03, 4.3026900757836176e-05,
          5.0030998474740280e-03, -5.7459421287036315e-03,
          1.6636615977372099e-03, -1.8554512878820996e-03,
          1.5801388317217177e-01, 4.9146003672352698e-03,
          5.5062231098973518e-03, 6.6937758698609800e-03,
          -7.2867400555781218e-03, -3.4970580431962213e-03,
          -2.1581552767050392e-03, -1.2025974101745591e-02,
          3.0456503592591715e-03, 4.9146003672352733e-03,
          1.7233130923615880e-01 ]
   - !!opencv-matrix
      rows: 9
      cols: 9
      dt: d
      data: [ 6.1445193427013774e-02, 1.2590044734521737e-02,
          -3.5034325341487746e-02, 1.2216639486128450e-02,
          4.1613269247830018e-03, 7.8939801757347931e-03,
          4.7613421192720766e-03, -1.1845336575302182e-03,
          -3.4935319451130604e-04, 1.2590044734521738e-02,
          1.2691389802017068e-02, -1.3802901190337131e-02,
          7.6902542724522982e-03, 3.4401938546489170e-03,
          7.4534084485188877e-03, 3.0609679301929881e-03,
          -1.7583699660293181e-04, 2.9627250170441422e-04,
          -3.5034325341487746e-02, -1.3802901190337134e-02,
          1.7359591310115619e-01, -4.1961673318408832e-02,
          -3.0787341478583610e-03, -2.7022441507736856e-03,
          -6.7394706546308270e-03, 1.5774194436457801e-03,
          4.0016377578444015e-03, 1.2216639486128448e-02,
          7.6902542724522982e-03, -4.1961673318408832e-02,
          4.2034910723760095e-02, 2.1018048388246613e-03,
          4.0725420001761405e-03, 1.4542553382505357e-03,
          -1.5828899147141392e-04, -4.7430654541321107e-03,
          4.1613269247830010e-03, 3.4401938546489170e-03,
          -3.0787341478583619e-03, 2.1018048388246604e-03,
          4.3505959598241883e-02, -3.5825518167209199e-03,
          5.8326221758172262e-03, -4.6864794526185532e-04,
          4.6951516726081104e-04, 7.8939801757347931e-03,
          7.4534084485188877e-03, -2.7022441507736864e-03,
          4.0725420001761397e-03, -3.5825518167209181e-03,
          6.3872183476532104e-02, 2.1964759789542942e-03,
          1.8252277847679614e-04, 2.8993341995639304e-04,
          4.7613421192720757e-03, 3.0609679301929881e-03,
          -6.7394706546308270e-03, 1.4542553382505357e-03,
          5.8326221758172279e-03, 2.1964759789542950e-03,
          5.8414065237990656e-02, -2.0144855436068703e-03,
          -3.4512389242950098e-04, -1.1845336575302186e-03,
          -1.7583699660293176e-04, 1.5774194436457810e-03,
          -1.5828899147141365e-04, -4.6864794526185505e-04,
          1.8252277847679609e-04, -2.0144855436068695e-03,
          2.0202774919329654e-02, 4.5710842936150969e-05,
          -3.4935319451130626e-04, 2.9627250170441411e-04,
          4.0016377578444041e-03, -4.7430654541321107e-03,
          4.6951516726081093e-04, 2.8993341995639304e-04,
          -3.4512389242950109e-04, 4.5710842936150908e-05,
          5.0715669312945775e-03 ]
   - !!opencv-matrix
      rows: 9
      cols: 9
      dt: d
      data: [ 6.9583924211644510e-01, 3.5539501025363635e-01,
          8.5096027163745966e-02, 5.8842169968843144e-02,
          4.4319785241682841e-02, 9.8631135239145351e-02,
          5.8337403391688976e-02, 8.1745096704202574e-02,
          1.1695911781688990e-01, 3.5539501025363640e-01,
          7.8503032523970528e-01, 3.6810950209594177e-02,
          2.3189622303125801e-01, 9.8625795802278746e-02,
          1.7641975852263170e-01, -1.0578161330106421e-01,
          1.6675164686211899e-01, -6.7569685029543062e-03,
          8.5096027163745966e-02, 3.6810950209594177e-02,
          2.3132941644200952e-01, -3.3392897622687219e-02,
          8.0616803513811328e-02, 7.7089301842249200e-02,
          -7.8863219310662550e-02, -2.3926906997258173e-02,
          2.7271861368900674e-03, 5.8842169968843130e-02,
          2.3189622303125801e-01, -3.3392897622687219e-02,
          1.7854575090199157e-01, 3.0218769616820858e-02,
          7.5147565212207196e-02, -4.5581213338053359e-03,
          6.9960846116440420e-02, -6.7982439123613209e-03,
          4.4319785241682841e-02, 9.8625795802278746e-02,
          8.0616803513811328e-02, 3.0218769616820858e-02,
          2.1421899810720499e-01, 7.0220526419243923e-02,
          -7.7514417539431085e-02, 1.3260069601990679e-02,
          -5.9968216415285783e-02, 9.8631135239145351e-02,
          1.7641975852263178e-01, 7.7089301842249200e-02,
          7.5147565212207196e-02, 7.0220526419243923e-02,
          1.6903132902611318e-01, -5.6514998402045019e-02,
          6.7708654733365473e-02, -2.1194450982755061e-02,
          5.8337403391688955e-02, -1.0578161330106421e-01,
          -7.8863219310662550e-02, -4.5581213338053359e-03,
          -7.7514417539431085e-02, -5.6514998402045019e-02,
          4.4894579984361577e-01, -3.3830147929090157e-02,
          2.1130143377435651e-01, 8.1745096704202574e-02,
          1.6675164686211899e-01, -2.3926906997258173e-02,
          6.9960846116440420e-02, 1.3260069601990674e-02,
          6.7708654733365486e-02, -3.3830147929090150e-02,
          3.3223806940021317e-01, 8.9050717756957633e-03,
          1.1695911781688988e-01, -6.7569685029543053e-03,
          2.7271861368900674e-03, -6.7982439123613235e-03,
          -5.9968216415285797e-02, -2.1194450982755051e-02,
          2.1130143377435651e-01, 8.9050717756957599e-03,
          4.4409000542485594e-01 ]
intactC: !!opencv-matrix
   rows: 1
   cols: 5
   dt: d
   data: [ 8.8749046939804468e-02, 1.3065136555029463e-01,
       3.4880620818405850e-01, 3.1180677827536163e-01,
       6.3652579853597430e-02 ]
intactNumEvents: 235506.
intactMaxVals: !!opencv-matrix
   rows: 1
   cols: 9
   dt: d
   data: [ 4.5000000000000000e+00, 4.5000000000000000e+00,
       4.5000000000000000e+00, 4.5000000000000000e+00,
       4.5000000000000000e+00, 4.5000000000000000e+00,
       4.5000000000000000e+00, 4.5000000000000000e+00,
       4.5000000000000000e+00 ]
CD19Gmmnames:
   - "CD19.657.0"
   - "CD19.657.1"
CD19Labels:
   - FSC-A
   - SSC-A
   - SY41
   - CD19
   - CD10
   - CD20
   - CD45
   - CD34
   - CD38
CD19Mu: !!opencv-matrix
   rows: 2
   cols: 9
   dt: d
   data: [ 1.4953707780147716e+00, 3.3097035764571836e-01,
       2.7709847355941699e+00, 2.9575838019805065e+00,
       8.6376843776239487e-01, 2.9386094470885822e+00,
       3.4878580456332009e+00, 1.0589306300111705e+00,
       1.5778611000718319e+00, 1.9324926822677804e+00,
       6.0257882812437014e-01, 2.5960506067094027e+00,
       3.0390227096256344e+00, 9.9117973409156690e-01,
       2.9690444407386933e+00, 3.5022806570814677e+00,
       1.1557143308183297e+00, 1.6999712378682648e+00 ]
CD19Sigma:
   - !!opencv-matrix
      rows: 9
      cols: 9
      dt: d
      data: [ 6.1955902062692289e-02, 9.0298170416935209e-03,
          -3.8076370937641199e-02, 1.2543680603913220e-02,
          3.6518555928127809e-03, 8.2883949845562292e-03,
          1.2150129576009489e-02, 5.8201821860344167e-04,
          6.6932834572557692e-04, 9.0298170416935209e-03,
          9.6996184428608176e-03, -9.6198012444212236e-03,
          4.8368793221603900e-03, 2.3277645234457598e-03,
          4.0158429895248019e-03, 4.1130045949216067e-03,
          9.2572683001171786e-04, 7.5717004523415555e-04,
          -3.8076370937641199e-02, -9.6198012444212236e-03,
          5.2592445598679372e-02, -1.3991620880784181e-02,
          -4.1091280565135613e-03, -1.0904679045409479e-02,
          -1.2990040517862624e-02, -8.9170885530478984e-04,
          -2.8880930471397665e-03, 1.2543680603913220e-02,
          4.8368793221603900e-03, -1.3991620880784185e-02,
          2.9334906059767747e-02, 1.2118308198352189e-03,
          1.2264309554707855e-02, 5.5587733775305315e-03,
          1.9959593626597150e-03, -6.7509855820368026e-03,
          3.6518555928127809e-03, 2.3277645234457611e-03,
          -4.1091280565135639e-03, 1.2118308198352194e-03,
          1.1417450563542100e-01, -2.8317186554709562e-03,
          1.7783433428912724e-03, -4.9345352995521013e-03,
          2.9704733557063315e-03, 8.2883949845562292e-03,
          4.0158429895248019e-03, -1.0904679045409479e-02,
          1.2264309554707855e-02, -2.8317186554709549e-03,
          2.8935925039553112e-02, 4.6753709646026580e-03,
          1.7091692157555757e-03, 3.3569261307366646e-03,
          1.2150129576009489e-02, 4.1130045949216067e-03,
          -1.2990040517862626e-02, 5.5587733775305332e-03,
          1.7783433428912720e-03, 4.6753709646026589e-03,
          1.0959817562954046e-02, -1.1968481246591458e-03,
          3.5415678084933989e-04, 5.8201821860344200e-04,
          9.2572683001171841e-04, -8.9170885530479005e-04,
          1.9959593626597146e-03, -4.9345352995520978e-03,
          1.7091692157555750e-03, -1.1968481246591464e-03,
          1.3844283468185997e-01, 6.0335509743717093e-04,
          6.6932834572557660e-04, 7.5717004523415533e-04,
          -2.8880930471397660e-03, -6.7509855820368052e-03,
          2.9704733557063328e-03, 3.3569261307366659e-03,
          3.5415678084933989e-04, 6.0335509743717104e-04,
          1.2820324646314918e-01 ]
   - !!opencv-matrix
      rows: 9
      cols: 9
      dt: d
      data: [ 2.6108198358774976e-01, 4.1521688772974526e-02,
          2.4996138807649428e-02, 2.8584161841331550e-02,
          -4.8087905164961864e-03, 3.3818453374131273e-02,
          5.0443299308861593e-02, -1.6684603209921006e-05,
          -3.9385792909321640e-03, 4.1521688772974526e-02,
          4.8722929811611589e-02, 3.2940576176688816e-02,
          1.9088648614225177e-02, 1.0925052802349291e-02,
          9.7667780216800400e-03, 7.6291141340257473e-03,
          1.3585392357495146e-02, 2.6713165146703001e-02,
          2.4996138807649431e-02, 3.2940576176688816e-02,
          1.7006206004926452e-01, -3.6563474800188449e-02,
          3.9414231064614377e-02, -6.9402365730878435e-02,
          -2.8021898587667689e-02, 2.8885473316707662e-02,
          8.0391454801466450e-02, 2.8584161841331550e-02,
          1.9088648614225177e-02, -3.6563474800188449e-02,
          1.0785376491773926e-01, -1.7405807430963146e-02,
          1.2025225408509155e-01, 3.5299820840194153e-02,
          2.7817366057821930e-03, -7.5436043105920225e-02,
          -4.8087905164961881e-03, 1.0925052802349291e-02,
          3.9414231064614377e-02, -1.7405807430963146e-02,
          2.3953842036361311e-01, -2.0795063733214294e-02,
          -1.2955245029044842e-02, 3.3111687054320958e-02,
          4.2334067018091420e-02, 3.3818453374131287e-02,
          9.7667780216800434e-03, -6.9402365730878435e-02,
          1.2025225408509155e-01, -2.0795063733214297e-02,
          3.7380665922429546e-01, 1.1788590899450570e-01,
          2.9017851064276484e-03, -2.4957368158307433e-01,
          5.0443299308861593e-02, 7.6291141340257473e-03,
          -2.8021898587667699e-02, 3.5299820840194153e-02,
          -1.2955245029044842e-02, 1.1788590899450570e-01,
          1.3012187104114767e-01, -1.6620728196738075e-02,
          -8.1286373765181177e-02, -1.6684603209919018e-05,
          1.3585392357495145e-02, 2.8885473316707669e-02,
          2.7817366057821921e-03, 3.3111687054320958e-02,
          2.9017851064276497e-03, -1.6620728196738082e-02,
          2.1394053391743068e-01, 2.8105119651033142e-02,
          -3.9385792909321623e-03, 2.6713165146702997e-02,
          8.0391454801466450e-02, -7.5436043105920225e-02,
          4.2334067018091420e-02, -2.4957368158307436e-01,
          -8.1286373765181177e-02, 2.8105119651033149e-02,
          5.0683398264088875e-01 ]
CD19C: !!opencv-matrix
   rows: 1
   cols: 2
   dt: d
   data: [ 5.0184790314002491e-02, 5.8447010008862493e-03 ]
CD19NumEvents: 13983.
CD19MaxVals: !!opencv-matrix
   rows: 1
   cols: 9
   dt: d
   data: [ 4.5000000000000000e+00, 4.5000000000000000e+00,
       4.5000000000000000e+00, 4.5000000000000000e+00,
       4.5000000000000000e+00, 4.5000000000000000e+00,
       4.5000000000000000e+00, 4.5000000000000000e+00,
       4.5000000000000000e+00 ]
blastGmmnames:
   - "blast.657.0"
blastLabels:
   - FSC-A
   - SSC-A
   - SY41
   - CD19
   - CD10
   - CD20
   - CD45
   - CD34
   - CD38
blastMu: !!opencv-matrix
   rows: 1
   cols: 9
   dt: d
   data: [ 1.7609040399915292e+00, 5.1670481029309723e-01,
       2.9303830234627974e+00, 2.9851278819535905e+00,
       3.2218415392072575e+00, 2.6736381681341874e+00,
       3.2084237086145500e+00, 1.7312879232983840e+00,
       2.6313958842503395e+00 ]
blastSigma:
   - !!opencv-matrix
      rows: 9
      cols: 9
      dt: d
      data: [ 2.0551437979059542e-01, 2.2341897490452244e-02,
          -3.5400929928550838e-02, 3.1568791496312483e-02,
          1.4640972227004339e-02, 6.7942825753644744e-03,
          2.2792895123906476e-02, 6.2840496425363726e-02,
          3.4872330922750105e-02, 2.2341897490452244e-02,
          3.9666806561480042e-02, 6.9095487412969246e-03,
          1.1015219866395276e-02, 1.8004265874438951e-03,
          2.0908799682575932e-02, 9.8850943358005147e-03,
          2.4783969242764867e-02, 4.3368875498863591e-02,
          -3.5400929928550838e-02, 6.9095487412969246e-03,
          5.3695285180838589e-02, -1.0084651901895064e-02,
          -9.9514030741054710e-03, -1.0846395725839035e-02,
          -5.2729177542531168e-03, 4.0492974562725721e-03,
          2.1192477757415271e-02, 3.1568791496312483e-02,
          1.1015219866395276e-02, -1.0084651901895064e-02,
          6.5136515068807105e-02, 6.1280903144276169e-03,
          4.8466186072309403e-02, 2.5272393272236730e-02,
          8.6578656935334987e-03, 1.4203523119670497e-02,
          1.4640972227004339e-02, 1.8004265874438951e-03,
          -9.9514030741054710e-03, 6.1280903144276169e-03,
          5.4106291785122600e-02, -4.1091197507516861e-03,
          7.2436174754808066e-03, 2.4668650735880277e-02,
          3.4837897166807574e-02, 6.7942825753644744e-03,
          2.0908799682575932e-02, -1.0846395725839035e-02,
          4.8466186072309403e-02, -4.1091197507516861e-03,
          1.7013197376458902e-01, 2.8935390851969760e-02,
          -6.0313355180686415e-03, -1.8508087422033317e-02,
          2.2792895123906476e-02, 9.8850943358005147e-03,
          -5.2729177542531168e-03, 2.5272393272236730e-02,
          7.2436174754808066e-03, 2.8935390851969760e-02,
          5.7343693257247585e-02, -7.5832842760654700e-03,
          5.6155949136676357e-04, 6.2840496425363726e-02,
          2.4783969242764867e-02, 4.0492974562725721e-03,
          8.6578656935334987e-03, 2.4668650735880277e-02,
          -6.0313355180686415e-03, -7.5832842760654700e-03,
          4.9984077589521814e-01, 4.7283711906303413e-02,
          3.4872330922750105e-02, 4.3368875498863591e-02,
          2.1192477757415271e-02, 1.4203523119670497e-02,
          3.4837897166807574e-02, -1.8508087422033317e-02,
          5.6155949136676357e-04, 4.7283711906303413e-02,
          2.5079734467120218e-01 ]
blastC: !!opencv-matrix
   rows: 1
   cols: 1
   dt: d
   data: [ 3.0452988199467440e-04 ]
blastNumEvents: 76.
blastMaxVals: !!opencv-matrix
   rows: 1
   cols: 9
   dt: d
   data: [ 4.5000000000000000e+00, 4.5000000000000000e+00,
       4.5000000000000000e+00, 4.5000000000000000e+00,
       4.5000000000000000e+00, 4.5000000000000000e+00,
       4.5000000000000000e+00, 4.5000000000000000e+00,
       4.5000000000000000e+00 ]
