%YAML:1.0
---
groups:
   - intact
   - CD19
   - blast
intactGmmnames:
   - "intact.657.0"
   - "intact.657.1"
   - "intact.657.2"
   - "intact.657.3"
   - "intact.657.4"
intactLabels:
   - FSC-A
   - SSC-A
   - SY41
   - CD19
   - CD10
   - CD20
   - CD45
   - CD34
   - CD38
intactMu: !!opencv-matrix
   rows: 5
   cols: 9
   dt: d
   data: [ 2.9612393052654920e+00, 3.6536794855668089e+00,
       3.0175036071941959e+00, 1.8238628323547430e+00,
       2.1548719035148074e+00, 1.2593747574025103e+00,
       2.7839429374356492e+00, 1.1149269232793257e+00,
       1.5787511106966816e+00, 1.6524386887002236e+00,
       6.8276211435457179e-01, 2.9356685410248793e+00,
       9.4818257152171381e-01, 1.1838116778823045e+00,
       1.1547146867383276e+00, 1.5353670638813000e+00,
       1.1769411371524627e+00, 1.5238623113003167e+00,
       1.6556148727815982e+00, 4.2476730503370413e-01,
       2.7754558978308084e+00, 1.0172947833062713e+00,
       8.8107757611252435e-01, 9.3616682055342870e-01,
       3.6219270347809336e+00, 1.0246234232049831e+00,
       1.7326395643563146e+00, 1.1861995323055825e+00,
       4.1169610867257944e-01, 2.7378155146950331e+00,
       8.9884554429640795e-01, 9.3107105931582801e-01,
       9.4379053041096428e-01, 1.2443772174083143e+00,
       1.0061266230213743e+00, 1.4058532399139154e+00,
       2.5037070356398154e+00, 1.5993512727600478e+00,
       2.8164499948901982e+00, 1.3630909536052027e+00,
       1.2858678797236027e+00, 1.3932031392481998e+00,
       2.9403136480518590e+00, 1.4932584616498825e+00,
       2.4383932847900369e+00 ]
intactSigma:
   - !!opencv-matrix
      rows: 9
      cols: 9
      dt: d
      data: [ 3.5370236087412876e-01, 3.7082716755629047e-02,
          -1.1065662138322243e-02, 1.3172659872478388e-02,
          -1.5113719449257335e-01, 3.0746178730387038e-02,
          -2.5850146561952277e-02, -1.5124869092331941e-03,
          1.9059161245842351e-02, 3.7082716755629061e-02,
          2.8100037060039534e-01, -1.3910726123258981e-02,
          5.1579814083134987e-02, 8.5495001157473410e-02,
          2.3273669804241170e-02, 2.0429912911045442e-02,
          1.0788004476494240e-02, -8.0118984842715135e-03,
          -1.1065662138322245e-02, -1.3910726123258981e-02,
          2.5504051930579603e-02, -5.2006150198956819e-03,
          -6.3352934718731149e-03, -4.6887575934270335e-04,
          -9.5626717562275060e-03, -6.3721340506422454e-04,
          -3.1302537182894600e-03, 1.3172659872478390e-02,
          5.1579814083134980e-02, -5.2006150198956810e-03,
          3.1157340210853233e-02, 1.0838895466701654e-02,
          6.0648296675286434e-03, 3.3279394403815839e-03,
          3.2659669971726907e-03, -7.4768854112214527e-03,
          -1.5113719449257337e-01, 8.5495001157473424e-02,
          -6.3352934718731158e-03, 1.0838895466701654e-02,
          3.1555622055065191e-01, -1.3398500960078512e-02,
          5.2554079302801197e-02, 1.4698677380044590e-02,
          -2.0159108314746328e-02, 3.0746178730387038e-02,
          2.3273669804241170e-02, -4.6887575934270308e-04,
          6.0648296675286451e-03, -1.3398500960078510e-02,
          4.9659671712672854e-02, 3.5804259930741851e-04,
          2.2564491957141703e-03, 4.5695553886395904e-03,
          -2.5850146561952277e-02, 2.0429912911045442e-02,
          -9.5626717562275060e-03, 3.3279394403815843e-03,
          5.2554079302801211e-02, 3.5804259930741856e-04,
          3.6856849697845390e-02, 1.4705267177132285e-03,
          -2.2903560231241726e-03, -1.5124869092331961e-03,
          1.0788004476494239e-02, -6.3721340506422486e-04,
          3.2659669971726907e-03, 1.4698677380044586e-02,
          2.2564491957141703e-03, 1.4705267177132285e-03,
          7.4049763067439475e-02, 9.4016311555494185e-04,
          1.9059161245842348e-02, -8.0118984842715152e-03,
          -3.1302537182894604e-03, -7.4768854112214509e-03,
          -2.0159108314746328e-02, 4.5695553886395904e-03,
          -2.2903560231241718e-03, 9.4016311555494185e-04,
          4.1565833084671669e-02 ]
   - !!opencv-matrix
      rows: 9
      cols: 9
      dt: d
      data: [ 2.3315034052291150e-01, 4.4792900348964416e-02,
          4.8655344624352011e-02, 8.0258367610665168e-03,
          2.5196481627320369e-02, 3.6354679318283921e-02,
          2.9919496518719755e-03, -1.9706815455896202e-02,
          1.0891585681180613e-03, 4.4792900348964416e-02,
          6.1254856762224204e-02, -6.7970675032969982e-03,
          2.1761229693755706e-02, 1.1323821653615012e-02,
          3.0257073738110693e-02, 4.6941643598466719e-02,
          2.0094220179732031e-02, 1.4188019472021000e-02,
          4.8655344624351997e-02, -6.7970675032969956e-03,
          2.7321423215467672e-01, -7.2983343773057846e-02,
          4.3720946125470297e-02, 2.7614438543432041e-02,
          -7.0094961206066786e-02, -6.9023699574648323e-02,
          -8.6594417858018337e-03, 8.0258367610665186e-03,
          2.1761229693755706e-02, -7.2983343773057846e-02,
          7.0346612600383746e-02, -4.8976930249052522e-03,
          5.4411551816422278e-03, 2.7417328307480188e-02,
          2.2432255200525959e-02, -2.1705092210597579e-04,
          2.5196481627320372e-02, 1.1323821653615014e-02,
          4.3720946125470297e-02, -4.8976930249052530e-03,
          1.3915409726467073e-01, 6.9453221810264545e-03,
          2.2805490981424696e-03, -1.7067397125555595e-02,
          4.2375292162688703e-03, 3.6354679318283921e-02,
          3.0257073738110693e-02, 2.7614438543432041e-02,
          5.4411551816422252e-03, 6.9453221810264537e-03,
          7.4109901821958216e-02, 1.6347362390334522e-02,
          3.1600966271532519e-03, 5.5266577840553501e-03,
          2.9919496518719755e-03, 4.6941643598466719e-02,
          -7.0094961206066814e-02, 2.7417328307480188e-02,
          2.2805490981424683e-03, 1.6347362390334522e-02,
          1.6381921493563656e-01, 4.7156961436820077e-02,
          2.8636768111742185e-02, -1.9706815455896205e-02,
          2.0094220179732027e-02, -6.9023699574648323e-02,
          2.2432255200525959e-02, -1.7067397125555592e-02,
          3.1600966271532536e-03, 4.7156961436820077e-02,
          8.4985692960529546e-02, 1.1191067782769036e-02,
          1.0891585681180606e-03, 1.4188019472021000e-02,
          -8.6594417858018354e-03, -2.1705092210597558e-04,
          4.2375292162688677e-03, 5.5266577840553501e-03,
          2.8636768111742185e-02, 1.1191067782769038e-02,
          2.3240632733332271e-02 ]
   - !!opencv-matrix
      rows: 9
      cols: 9
      dt: d
      data: [ 1.0614325933384593e-01, 2.5880002611262158e-02,
          -4.4912866242241681e-02, 2.1385236464581150e-02,
          4.8369636275781150e-03, 1.3198142685283338e-02,
          1.6356463552709023e-02, 1.8107174615726316e-03,
          5.5062231098973518e-03, 2.5880002611262158e-02,
          2.5871982481409865e-02, -2.1711528016469635e-02,
          1.6108373315528956e-02, 4.1832783986656599e-03,
          1.2469030175784799e-02, 1.1611414343442015e-02,
          1.8339508004770813e-03, 6.6937758698609783e-03,
          -4.4912866242241681e-02, -2.1711528016469635e-02,
          4.6657765695295894e-02, -1.9361334425448840e-02,
          -3.3724885881970513e-03, -6.7261719128063118e-03,
          -1.5940834299813290e-02, 4.3026900757837667e-05,
          -7.2867400555781218e-03, 2.1385236464581146e-02,
          1.6108373315528959e-02, -1.9361334425448840e-02,
          9.3413580116675249e-02, 2.7838482569214370e-03,
          8.8198290422250598e-03, 8.9575756084117105e-03,
          5.0030998474740315e-03, -3.4970580431962213e-03,
          4.8369636275781168e-03, 4.1832783986656607e-03,
          -3.3724885881970513e-03, 2.7838482569214379e-03,
          3.8582540845929436e-02, -2.8967371577634346e-03,
