%YAML:1.0
---
groups:
   - intact
   - CD19
intactGmmnames:
   - "intact.666.0"
   - "intact.666.1"
   - "intact.666.2"
   - "intact.666.3"
   - "intact.666.4"
intactLabels:
   - FSC-A
   - SSC-A
   - SY41
   - CD19
   - CD10
   - CD20
   - CD45
   - CD34
   - CD38
intactMu: !!opencv-matrix
   rows: 5
   cols: 9
   dt: d
   data: [ 9.5058829664480615e-01, 2.3753463269422362e-01,
       3.6833813042430168e+00, 8.3819311694210985e-01,
       8.4606140576620614e-01, 8.4885381951123273e-01,
       1.4956653753018507e+00, 1.0323311130666668e+00,
       1.7739309295339811e+00, 2.8991561625094260e+00,
       2.7100005808548788e+00, 3.2942131469155727e+00,
       1.7104000293145629e+00, 2.8815365242262478e+00,
       1.2423224334953034e+00, 3.1347173518336606e+00,
       1.1067667673074768e+00, 1.8081142983993868e+00,
       1.3472296190221282e+00, 3.1161779766101649e-01,
       3.4509321117974410e+00, 1.0588145034571725e+00,
       8.6304580717583879e-01, 9.8206944501530657e-01,
       3.7021625473590021e+00, 1.0764851084709102e+00,
       2.0246657833736612e+00, 2.3591026887312854e+00,
       1.8240789381719558e+00, 2.9553470583963688e+00,
       1.4915446507415511e+00, 1.7291380650542414e+00,
       1.2085472773290369e+00, 2.2988821065312774e+00,
       1.0847793616737005e+00, 1.6362518762382843e+00,
       2.1883504392238882e+00, 1.1736074933998739e+00,
       3.4426601648138555e+00, 1.2804688505035091e+00,
       1.1695948970164483e+00, 1.3950721183352366e+00,
       3.1725556367462717e+00, 1.3104422521793233e+00,
       2.7826409128365763e+00 ]
intactSigma:
   - !!opencv-matrix
      rows: 9
      cols: 9
      dt: d
      data: [ 6.6290639574435956e-02, 1.0718818855043978e-02,
          -2.0956957390941614e-02, 1.0906680398096013e-02,
          1.1825355790589732e-02, 1.6305071480691463e-02,
          2.1843055559309665e-02, 7.2234600564830952e-05,
          8.7733286502757173e-03, 1.0718818855043978e-02,
          5.9974882459154456e-03, 1.5935089575962508e-03,
          -5.4848556817526566e-04, 2.8133989096676133e-03,
          7.2911300261235988e-03, 9.2332844190634450e-03,
          6.9152804003457522e-04, 5.3715558271818353e-03,
          -2.0956957390941614e-02, 1.5935089575962508e-03,
          8.4309713887141743e-02, -4.1356880185894368e-02,
          -1.7320749877080332e-02, -1.6692718728081165e-03,
          -5.3831724934284364e-03, 2.4187109042883717e-03,
          6.2271047015816485e-03, 1.0906680398096013e-02,
          -5.4848556817526566e-04, -4.1356880185894368e-02,
          2.8670829052480102e-02, 1.1054579581678450e-02,
          2.6073163265753416e-03, 5.2767523936790260e-03,
          -1.1948186141852322e-03, -3.1161532169776724e-03,
          1.1825355790589732e-02, 2.8133989096676133e-03,
          -1.7320749877080332e-02, 1.1054579581678447e-02,
          5.7766509843992044e-02, -4.3752951791522344e-04,
          2.0878995375002523e-02, -7.3670035600807942e-04,
          7.3436916131949005e-03, 1.6305071480691463e-02,
          7.2911300261235988e-03, -1.6692718728081174e-03,
          2.6073163265753416e-03, -4.3752951791522322e-04,
          8.6471015979237995e-02, 1.3428514045370923e-02,
          8.6894808410850405e-04, 6.4827031113190792e-03,
          2.1843055559309665e-02, 9.2332844190634467e-03,
          -5.3831724934284347e-03, 5.2767523936790278e-03,
          2.0878995375002523e-02, 1.3428514045370923e-02,
          1.6431992125204720e-01, -1.1694987666676737e-03,
          4.5228298179215393e-02, 7.2234600564830952e-05,
          6.9152804003457533e-04, 2.4187109042883726e-03,
          -1.1948186141852322e-03, -7.3670035600807975e-04,
          8.6894808410850350e-04, -1.1694987666676737e-03,
          1.8905328239915729e-02, 1.3103233861215132e-03,
          8.7733286502757173e-03, 5.3715558271818353e-03,
          6.2271047015816485e-03, -3.1161532169776728e-03,
          7.3436916131949005e-03, 6.4827031113190792e-03,
          4.5228298179215379e-02, 1.3103233861215132e-03,
          3.7551286689706087e-02 ]
   - !!opencv-matrix
      rows: 9
      cols: 9
      dt: d
      data: [ 2.9360728263839758e-01, 1.6583814550770523e-01,
          -3.3603886376549402e-02, 4.0745844716170723e-02,
          -1.4259713986861017e-02, 3.1360703826931451e-02,
          -1.2727949696711411e-02, 3.8969260215637293e-03,
          5.5921755249062257e-03, 1.6583814550770523e-01,
          3.1119275385639283e-01, -4.2031802048401533e-02,
          7.9695499260990399e-02, 3.2794868069598901e-02,
          4.8964413079897948e-02, 1.6996508612230607e-02,
          6.9139622366628916e-03, 7.0041524930623354e-03,
          -3.3603886376549409e-02, -4.2031802048401533e-02,
          6.6182018088437419e-02, -2.6097837669071491e-02,
          -8.8930752262167193e-03, -6.6830593045583957e-03,
          -5.3634469874160300e-03, -3.1777027927998805e-05,
          -3.2596539372038155e-04, 4.0745844716170723e-02,
          7.9695499260990371e-02, -2.6097837669071495e-02,
          4.5750344514268779e-02, 1.4790340701130212e-02,
          1.4126925081581879e-02, 8.8335023455713962e-03,
          2.4612871311576216e-03, -3.4645768644430051e-03,
          -1.4259713986861017e-02, 3.2794868069598894e-02,
          -8.8930752262167193e-03, 1.4790340701130212e-02,
          6.3951800989702448e-02, 6.1603134395400430e-03,
          1.8701756721317801e-02, 1.9595160695675571e-03,
          4.6192694050303405e-04, 3.1360703826931464e-02,
          4.8964413079897968e-02, -6.6830593045583949e-03,
          1.4126925081581879e-02, 6.1603134395400430e-03,
          6.6303096103006720e-02, 3.4159913971557451e-03,
          2.4679535174301458e-03, 2.7047884149746901e-03,
          -1.2727949696711411e-02, 1.6996508612230614e-02,
          -5.3634469874160292e-03, 8.8335023455713979e-03,
          1.8701756721317801e-02, 3.4159913971557451e-03,
          2.0353495696675637e-02, -9.2319334412712957e-04,
          -5.8267920684484421e-04, 3.8969260215637293e-03,
          6.9139622366628925e-03, -3.1777027927998710e-05,
          2.4612871311576194e-03, 1.9595160695675576e-03,
          2.4679535174301445e-03, -9.2319334412712957e-04,
          9.0208296967401264e-02, 2.1941724618179830e-03,
          5.5921755249062274e-03, 7.0041524930623354e-03,
          -3.2596539372038166e-04, -3.4645768644430055e-03,
          4.6192694050303367e-04, 2.7047884149746901e-03,
          -5.8267920684484411e-04, 2.1941724618179830e-03,
          3.4930170953551720e-02 ]
   - !!opencv-matrix
      rows: 9
      cols: 9
      dt: d
      data: [ 8.0458224996084529e-02, 1.5370197828232405e-02,
          -2.8844052519423471e-02, 1.6134482610100191e-02,
          7.5300742445856550e-03, 9.9450947547219948e-03,
          1.4819860702265535e-02, 1.4429476596733693e-03,
          -1.1174220427291898e-03, 1.5370197828232408e-02,
          1.1453714111457446e-02, -1.0304266184735388e-02,
          7.4652576065197271e-03, 4.1753975469675979e-03,
          8.9653750614785421e-03, 8.4580846157519957e-03,
          1.2264307517034781e-04, -3.9491873029274434e-03,
          -2.8844052519423471e-02, -1.0304266184735388e-02,
          2.9345369769529488e-02, -1.4080705033753835e-02,
          -6.6539323198248979e-03, -5.2726363318269893e-03,
          -1.0681516693701492e-02, -3.1047445641602941e-04,
          9.0381379455941170e-04, 1.6134482610100191e-02,
          7.4652576065197271e-03, -1.4080705033753835e-02,
          3.0271955125593112e-02, 3.8305042319967076e-03,
          5.3440888142358665e-03, 6.9402434679261948e-03,
          2.7468014352627942e-03, -3.1316716149242911e-03,
          7.5300742445856550e-03, 4.1753975469675979e-03,
          -6.6539323198248979e-03, 3.8305042319967076e-03,
          3.9887524978068967e-02, -3.0989447271453671e-03,
          4.2041296710805314e-03, -7.3072903739920250e-03,
