%YAML:1.0
---
groups:
   - intact
   - CD19
intactGmmnames:
   - "intact.676.0"
   - "intact.676.1"
   - "intact.676.2"
   - "intact.676.3"
   - "intact.676.4"
intactLabels:
   - FSC-A
   - SSC-A
   - SY41
   - CD19
   - CD10
   - CD20
   - CD45
   - CD34
   - CD38
intactMu: !!opencv-matrix
   rows: 5
   cols: 9
   dt: d
   data: [ 2.0129474853185738e+00, 3.9948452354631797e-01,
       2.6951936773528642e+00, 1.1602574069849758e+00,
       8.8075013286625015e-01, 8.6163512526581687e-01,
       3.7100875715562740e+00, 1.1067881726193651e+00,
       1.8949174309037342e+00, 3.8207596934759303e+00,
       2.6996075094232861e+00, 2.7404468173817591e+00,
       1.8472123982991349e+00, 1.1748276252813812e+00,
       1.2344194969108411e+00, 2.9905606358568524e+00,
       1.0983818664562972e+00, 2.2744679958126608e+00,
       3.5933985156646946e+00, 2.9048267700594286e+00,
       2.7696199032222757e+00, 1.8726888255090637e+00,
       2.3720462279837244e+00, 1.1368960201809490e+00,
       3.1293414218825766e+00, 1.1221111816900151e+00,
       1.8646277959922755e+00, 1.8074169202852113e+00,
       4.2810146053946635e-01, 2.9933454553009207e+00,
       9.8291662585754258e-01, 9.0636477519967962e-01,
       9.0184703205563277e-01, 1.3721475358865380e+00,
       1.0952240842351597e+00, 1.5220370516790152e+00,
       2.7790456313286751e+00, 1.3271447357272144e+00,
       2.7177971372356926e+00, 1.5502845004945172e+00,
       1.2288447221685979e+00, 1.2001490433491726e+00,
       3.2374516434649152e+00, 1.6045060280834331e+00,
       2.5727421576445701e+00 ]
intactSigma:
   - !!opencv-matrix
      rows: 9
      cols: 9
      dt: d
      data: [ 1.7478612763044873e-01, 1.8926142956161039e-02,
          -1.3230789173271973e-02, 1.2923562981978909e-02,
          7.4702688474931021e-03, 1.9600702836687064e-02,
          1.6174772853779631e-02, 3.2964993002926502e-03,
          -1.0715958230770432e-02, 1.8926142956161039e-02,
          4.5225720327377657e-02, 5.4836857493511457e-03,
          2.1154658077450397e-02, 8.1459041138647968e-03,
          1.1528069877347837e-02, 6.3452992251532498e-04,
          7.3682843522149552e-03, -5.3580363205981687e-03,
          -1.3230789173271971e-02, 5.4836857493511457e-03,
          3.1537862444289605e-02, -3.2521199287301760e-03,
          6.7006549401038822e-04, 4.0712905751624151e-03,
          -1.6717884160867722e-03, 1.1032035181101321e-03,
          6.3894462520228926e-05, 1.2923562981978909e-02,
          2.1154658077450397e-02, -3.2521199287301769e-03,
          9.0549332877950792e-02, 4.3505356093434290e-03,
          6.5216681681923173e-03, 8.5857984699255340e-04,
          8.7880816195434353e-03, -1.0941346602402360e-02,
          7.4702688474931021e-03, 8.1459041138647968e-03,
          6.7006549401038876e-04, 4.3505356093434281e-03,
          4.5927240502716279e-02, -1.4118881072572856e-03,
          1.1883373854726655e-03, -4.5101062319068876e-03,
          -4.3241712865762887e-03, 1.9600702836687064e-02,
          1.1528069877347837e-02, 4.0712905751624159e-03,
          6.5216681681923173e-03, -1.4118881072572856e-03,
          6.7830515451269252e-02, 5.5906287246986945e-03,
          2.7124221396280230e-03, -1.0460252866653334e-02,
          1.6174772853779631e-02, 6.3452992251532465e-04,
          -1.6717884160867722e-03, 8.5857984699255427e-04,
          1.1883373854726653e-03, 5.5906287246986954e-03,
          1.1140511429293447e-02, -1.8587306116215599e-03,
          -2.3485842054322336e-03, 3.2964993002926489e-03,
          7.3682843522149561e-03, 1.1032035181101324e-03,
          8.7880816195434353e-03, -4.5101062319068876e-03,
          2.7124221396280239e-03, -1.8587306116215590e-03,
          1.8183061613474633e-01, 3.5007261998716006e-03,
          -1.0715958230770435e-02, -5.3580363205981687e-03,
          6.3894462520229265e-05, -1.0941346602402363e-02,
          -4.3241712865762887e-03, -1.0460252866653332e-02,
          -2.3485842054322341e-03, 3.5007261998715984e-03,
          1.2822679627718644e-01 ]
   - !!opencv-matrix
      rows: 9
      cols: 9
      dt: d
      data: [ 2.3116977149187817e-01, 1.0713872812195238e-01,
          -1.8212970194431726e-02, 2.8384515680662879e-02,
          -4.9738510322877242e-03, -1.2395132900325737e-02,
          8.7313830345336404e-03, 1.8447803194085119e-03,
          -7.9073953097383659e-02, 1.0713872812195238e-01,
          4.7397123726067270e-01, 2.0571102872518184e-02,
          9.6817886969984140e-02, 5.9722511719781241e-02,
          6.6491017347056966e-02, 4.8829015812438335e-02,
          1.1715940541836212e-02, 4.6068577937365691e-02,
          -1.8212970194431730e-02, 2.0571102872518184e-02,
          4.1440232194157774e-02, -2.4810625365740460e-04,
          9.0583415507213116e-03, 2.4948480360784023e-02,
          -1.9406611045457657e-03, 2.4741020866091636e-03,
          5.2289761361447751e-02, 2.8384515680662876e-02,
          9.6817886969984140e-02, -2.4810625365740449e-04,
          4.1171005978068692e-02, 1.1828698731802447e-02,
          1.2972640720059343e-02, 1.0170414737219692e-02,
          3.8636631270261329e-03, 7.4991482096617539e-03,
          -4.9738510322877242e-03, 5.9722511719781241e-02,
          9.0583415507213133e-03, 1.1828698731802447e-02,
          7.3330303712451569e-02, 1.8205258706597536e-02,
          1.1814689021207714e-02, 1.3810853523274001e-03,
          2.8318619684394829e-02, -1.2395132900325737e-02,
          6.6491017347056980e-02, 2.4948480360784019e-02,
          1.2972640720059339e-02, 1.8205258706597539e-02,
          8.4151211651652791e-02, 4.2448134212256213e-03,
          3.8004675799593593e-03, 9.1756189370373095e-02,
          8.7313830345336404e-03, 4.8829015812438342e-02,
          -1.9406611045457657e-03, 1.0170414737219694e-02,
          1.1814689021207714e-02, 4.2448134212256213e-03,
          2.6192668060131694e-02, -2.4358245646164965e-04,
          -3.5345613499261435e-04, 1.8447803194085103e-03,
          1.1715940541836212e-02, 2.4741020866091636e-03,
          3.8636631270261329e-03, 1.3810853523274003e-03,
          3.8004675799593597e-03, -2.4358245646164981e-04,
          7.5705623017224444e-02, 8.2402528460566241e-03,
          -7.9073953097383659e-02, 4.6068577937365691e-02,
          5.2289761361447751e-02, 7.4991482096617556e-03,
          2.8318619684394825e-02, 9.1756189370373095e-02,
          -3.5345613499261429e-04, 8.2402528460566258e-03,
          3.1235197709488788e-01 ]
   - !!opencv-matrix
      rows: 9
      cols: 9
      dt: d
      data: [ 3.0126765256829185e-01, 1.7991768807521005e-01,
          -1.5400713233597143e-02, 4.4943798411723752e-02,
          -2.2629966704186912e-02, 2.2275966658016524e-02,
          2.7571725065574054e-03, 5.6477210329954975e-03,
          2.3359227736707164e-02, 1.7991768807521008e-01,
          4.7170651417391296e-01, 1.0571566741459665e-03,
          9.7314752950007952e-02, 4.8095018173453186e-02,
          5.8567677770364396e-02, 4.3194940457369435e-02,
          1.0607081918666723e-02, 5.7233282824030535e-02,
          -1.5400713233597143e-02, 1.0571566741459659e-03,
          4.0032741722327722e-02, -5.1811365696198836e-03,
          7.0400978899234504e-03, 8.1697514542816620e-03,
          -6.5948859862662674e-03, 1.4370120650208920e-03,
          -1.0061080184416956e-02, 4.4943798411723759e-02,
          9.7314752950007952e-02, -5.1811365696198836e-03,
          4.2035810071613541e-02, 1.2021353597778128e-02,
          1.1498994824341571e-02, 1.0873978250018781e-02,
          4.0316766938374871e-03, 7.7125845616179472e-03,
          -2.2629966704186908e-02, 4.8095018173453179e-02,
          7.0400978899234530e-03, 1.2021353597778129e-02,
          1.6514462954941711e-01, 1.1319527220117474e-02,
          3.1083835909825053e-02, 4.2367854394064442e-03,
