%YAML:1.0
---
groups:
   - intact
   - CD19
   - blast
intactGmmnames:
   - "intact.686.0"
   - "intact.686.1"
   - "intact.686.2"
   - "intact.686.3"
   - "intact.686.4"
intactLabels:
   - FSC-A
   - SSC-A
   - SY41
   - CD19
   - CD10
   - CD20
   - CD45
   - CD34
   - CD38
intactMu: !!opencv-matrix
   rows: 5
   cols: 9
   dt: d
   data: [ 2.1845931598514050e+00, 2.8374045606743876e+00,
       3.4021089648906604e+00, 1.5894807753419178e+00,
       2.6533433431567301e+00, 1.1499327006806346e+00,
       3.1299443139115368e+00, 1.3132982973516667e+00,
       1.6722289522497844e+00, 1.4949803406009761e+00,
       3.1724136087654609e-01, 3.5901435331599365e+00,
       9.9025194852876097e-01, 9.1096464597777838e-01,
       1.0098778708719696e+00, 3.6150747447520115e+00,
       1.1173169167481174e+00, 1.9187734348797354e+00,
       2.8979034370227752e+00, 3.1594305953752242e+00,
       3.3419310858180049e+00, 1.6977107424622828e+00,
       2.4245666945406081e+00, 1.3714893431261419e+00,
       3.1466016943896582e+00, 1.3408614154984477e+00,
       1.6756619344119792e+00, 2.1400330079658145e+00,
       1.8067826754402276e+00, 3.2983900461807192e+00,
       1.4980694857430177e+00, 1.6718830105761247e+00,
       1.5016848748759901e+00, 2.6943409756321905e+00,
       1.4331631090394161e+00, 1.8381496279913243e+00,
       2.4350746158399712e+00, 3.2121699999349183e+00,
       3.3539281034269472e+00, 1.7005346291426844e+00,
       2.7106598550818539e+00, 1.4542622428324601e+00,
       3.1939675754914720e+00, 1.3300823251295748e+00,
       1.6996450988015508e+00 ]
intactSigma:
   - !!opencv-matrix
      rows: 9
      cols: 9
      dt: d
      data: [ 2.2105538255383300e-01, 9.2968913248232282e-02,
          -1.7695951457374515e-02, 2.2979650096157777e-02,
          -5.7100101032224937e-03, -1.5655403470465651e-02,
          2.9939774477373777e-03, 4.6188126917110009e-03,
          1.3204098610131963e-03, 9.2968913248232282e-02,
          2.4520028888788403e-01, -5.6740298598993918e-03,
          5.1584333821029588e-02, 1.3094692626409032e-02,
          1.2302687814074773e-02, 4.0760112447694148e-03,
          9.3113873408979132e-03, 3.5717640485632219e-03,
          -1.7695951457374515e-02, -5.6740298598993918e-03,
          1.5637686536634766e-02, -4.8257711168368800e-03,
          -4.2033620470481974e-03, 7.7863461358204369e-03,
          -3.9434551611563767e-03, 3.2144325773033358e-04,
          -5.9240532744637129e-04, 2.2979650096157777e-02,
          5.1584333821029588e-02, -4.8257711168368800e-03,
          3.7170236207245640e-02, 5.0995881538563872e-03,
          -5.2099194023037733e-04, 8.3896243420295881e-04,
          2.9568586029826960e-03, -5.3923810823336814e-03,
          -5.7100101032224963e-03, 1.3094692626409032e-02,
          -4.2033620470481965e-03, 5.0995881538563872e-03,
          5.6328578239591996e-02, -2.3828312678674185e-03,
          1.4903395520126036e-02, -2.0850162728187423e-03,
          5.9653538439398662e-04, -1.5655403470465651e-02,
          1.2302687814074773e-02, 7.7863461358204369e-03,
          -5.2099194023037733e-04, -2.3828312678674185e-03,
          8.9976607807628561e-02, -7.9291099095125349e-03,
          3.2459049754531510e-03, -8.5996626754425085e-04,
          2.9939774477373764e-03, 4.0760112447694148e-03,
          -3.9434551611563767e-03, 8.3896243420295913e-04,
          1.4903395520126036e-02, -7.9291099095125366e-03,
          2.1997600052146619e-02, -3.9822039274704244e-03,
          -1.0309374514773332e-03, 4.6188126917109983e-03,
          9.3113873408979149e-03, 3.2144325773033396e-04,
          2.9568586029826960e-03, -2.0850162728187419e-03,
          3.2459049754531523e-03, -3.9822039274704252e-03,
          1.2588302741840077e-01, 1.9596746281516438e-03,
          1.3204098610131952e-03, 3.5717640485632219e-03,
          -5.9240532744637140e-04, -5.3923810823336814e-03,
          5.9653538439398629e-04, -8.5996626754425085e-04,
          -1.0309374514773325e-03, 1.9596746281516433e-03,
          2.8505956352546335e-02 ]
   - !!opencv-matrix
      rows: 9
      cols: 9
      dt: d
      data: [ 2.3737398529970291e-01, 2.7465881926330496e-02,
          -5.3323722326309560e-02, 2.9202177248608220e-02,
          1.2248624768448679e-02, 9.6863249481124077e-03,
          1.8664876040771137e-02, -5.7299765663008373e-03,
          4.9717637033717281e-02, 2.7465881926330496e-02,
          2.5032655471783457e-02, -1.3354371346634648e-02,
          1.2186738426063498e-02, 1.0390188285155045e-02,
          1.4834538541832313e-02, 6.4513928260437354e-03,
          3.5546359626913611e-03, 4.0366601515838686e-02,
          -5.3323722326309560e-02, -1.3354371346634648e-02,
          2.6447043068501829e-02, -1.4128000422409023e-02,
          -5.9796019159087926e-03, -9.2897197031982504e-04,
          -7.0568756662613887e-03, 1.5822030937330228e-03,
          -3.0050713118015396e-02, 2.9202177248608224e-02,
          1.2186738426063496e-02, -1.4128000422409021e-02,
          3.5161198413500738e-02, 5.8727701833411229e-03,
          5.9548137023179241e-03, 4.7425796594714751e-03,
          2.5006806878068886e-03, 1.5827354937277712e-02,
          1.2248624768448676e-02, 1.0390188285155049e-02,
          -5.9796019159087926e-03, 5.8727701833411212e-03,
          5.6254829624786888e-02, 1.2913835008930878e-04,
          4.1771357815652208e-03, -3.4704172410056364e-03,
          6.3885316624859049e-03, 9.6863249481124111e-03,
          1.4834538541832313e-02, -9.2897197031982526e-04,
          5.9548137023179232e-03, 1.2913835008930915e-04,
          1.1370754853501822e-01, 5.7399953934938819e-03,
          4.0116535570294994e-03, -4.3180920425948104e-03,
          1.8664876040771137e-02, 6.4513928260437337e-03,
          -7.0568756662613887e-03, 4.7425796594714751e-03,
          4.1771357815652208e-03, 5.7399953934938828e-03,
          1.1281592488578712e-02, -1.6561471115043207e-03,
          -2.4752131288251458e-03, -5.7299765663008356e-03,
          3.5546359626913637e-03, 1.5822030937330243e-03,
          2.5006806878068895e-03, -3.4704172410056364e-03,
          4.0116535570294976e-03, -1.6561471115043209e-03,
          1.7436688474163217e-01, 6.9251114397806445e-03,
          4.9717637033717281e-02, 4.0366601515838693e-02,
          -3.0050713118015396e-02, 1.5827354937277712e-02,
          6.3885316624859049e-03, -4.3180920425948104e-03,
          -2.4752131288251458e-03, 6.9251114397806453e-03,
          2.6333896107060306e-01 ]
   - !!opencv-matrix
      rows: 9
      cols: 9
      dt: d
      data: [ 3.7123325347887809e-01, 1.3942691564508267e-01,
          -6.9879499265942391e-03, 2.8396662366925205e-02,
          5.2012573433941930e-02, 2.4544364493071194e-02,
          -6.0128758889139823e-03, 9.1719509307447104e-03,
          6.0056779913673823e-03, 1.3942691564508267e-01,
          3.3238305617740677e-01, 7.3428716985033931e-03,
          6.2691048560911983e-02, 2.4007385146564388e-02,
          3.2123635261089849e-02, 3.4578697283894184e-03,
          1.7922073003790846e-02, 1.7733170821193124e-03,
          -6.9879499265942391e-03, 7.3428716985033931e-03,
          1.2411067576813066e-02, 1.8489627673103098e-04,
          -3.0787276681288182e-03, -3.0950399595882814e-04,
          -1.0980024814064790e-03, 1.6015379002018632e-03,
          2.3701695817262152e-05, 2.8396662366925205e-02,
          6.2691048560911983e-02, 1.8489627673103112e-04,
          3.3114938800309947e-02, 9.1203255223922391e-03,
          6.9739385450584956e-03, 1.8352527054554843e-03,
          4.7531789386275345e-03, -6.5274150692748202e-03,
          5.2012573433941937e-02, 2.4007385146564388e-02,
          -3.0787276681288186e-03, 9.1203255223922374e-03,
          1.2309023558901941e-01, 1.5645077110069015e-03,
