%YAML:1.0
---
groups:
   - intact
   - CD19
   - blast
intactGmmnames:
   - "intact.688.0"
   - "intact.688.1"
   - "intact.688.2"
   - "intact.688.3"
   - "intact.688.4"
intactLabels:
   - FSC-A
   - SSC-A
   - SY41
   - CD19
   - CD10
   - CD20
   - CD45
   - CD34
   - CD38
intactMu: !!opencv-matrix
   rows: 5
   cols: 9
   dt: d
   data: [ 6.2514387270574834e-01, 2.9049688816238495e-01,
       3.7550614630888917e+00, 1.0483169883683348e+00,
       1.2251469726221749e+00, 9.8175849389305014e-01,
       3.5507728556843379e+00, 1.0882768882709084e+00,
       1.8033308904802869e+00, 1.9979764857276325e+00,
       1.3705262669999663e+00, 3.4677895690693341e+00,
       1.4797429519511591e+00, 1.7200562868578164e+00,
       1.4855340118491822e+00, 2.3660388974190139e+00,
       1.5375236476817713e+00, 1.8954139521144695e+00,
       1.4917529070410203e+00, 4.6014835750771499e-01,
       3.4623790367987164e+00, 1.1576559270903222e+00,
       1.2598678941947603e+00, 1.1263271351432094e+00,
       3.8110562483516959e+00, 1.0922320826259528e+00,
       1.8865626980795627e+00, 1.8475250141455373e+00,
       2.6576787388305529e+00, 3.5236968356942611e+00,
       1.5024113977155427e+00, 2.3997143877184688e+00,
       1.2040511926840982e+00, 3.3127091724222164e+00,
       1.1326287082830002e+00, 1.6244398758288048e+00,
       7.4871854581661479e-01, 4.4228551680998768e-01,
       3.7935700137557866e+00, 9.4352766585341774e-01,
       1.2443540271539768e+00, 1.0670023435433875e+00,
       1.5154043374889934e+00, 1.0788496074629026e+00,
       1.5624374034974780e+00 ]
intactSigma:
   - !!opencv-matrix
      rows: 9
      cols: 9
      dt: d
      data: [ 4.7432207166369020e-02, -4.2595577140710941e-04,
          -1.1821469039202309e-02, 1.6468260589768224e-03,
          9.2217182064487026e-04, 4.3866005647803363e-04,
          1.0912612387922647e-02, -7.1596379251121964e-04,
          -3.8601571810296543e-03, -4.2595577140710947e-04,
          6.3212266166878884e-03, 1.3748873203214195e-03,
          1.2332068649535545e-03, 4.0829474901392859e-04,
          9.4327013534563978e-03, 2.3588730552438499e-03,
          6.5757302080213091e-04, -5.7631145128752299e-03,
          -1.1821469039202309e-02, 1.3748873203214195e-03,
          9.2461679335837654e-03, -3.6638694103435731e-03,
          -6.8696894924192686e-04, 1.9416805521533687e-03,
          -3.6217406130462379e-03, 7.6753993241236479e-04,
          -1.1136817133001588e-03, 1.6468260589768224e-03,
          1.2332068649535547e-03, -3.6638694103435731e-03,
          1.4133235201704271e-02, 5.2624730721112750e-04,
          2.9852311103490754e-03, 2.2454048491503411e-03,
          8.2996587955517088e-04, -3.3533643274810563e-03,
          9.2217182064487004e-04, 4.0829474901392859e-04,
          -6.8696894924192686e-04, 5.2624730721112750e-04,
          1.9112892374023699e-03, -3.0843381928048649e-04,
          6.4041958329334530e-04, -1.1001311726915384e-03,
          -6.5438334583717468e-04, 4.3866005647803373e-04,
          9.4327013534563978e-03, 1.9416805521533683e-03,
          2.9852311103490754e-03, -3.0843381928048660e-04,
          7.5941598297507726e-02, 6.1493685718629490e-03,
          1.0008766453715435e-03, -1.5818187506031773e-02,
          1.0912612387922647e-02, 2.3588730552438503e-03,
          -3.6217406130462379e-03, 2.2454048491503406e-03,
          6.4041958329334519e-04, 6.1493685718629490e-03,
          1.4404240754858957e-02, -2.0717572950465098e-03,
          -4.3328717329937511e-03, -7.1596379251121986e-04,
          6.5757302080213080e-04, 7.6753993241236533e-04,
          8.2996587955517045e-04, -1.1001311726915389e-03,
          1.0008766453715426e-03, -2.0717572950465098e-03,
          1.0708090077748728e-01, 2.2235123733531903e-03,
          -3.8601571810296539e-03, -5.7631145128752290e-03,
          -1.1136817133001588e-03, -3.3533643274810576e-03,
          -6.5438334583717446e-04, -1.5818187506031769e-02,
          -4.3328717329937502e-03, 2.2235123733531886e-03,
          7.5499890097457750e-02 ]
   - !!opencv-matrix
      rows: 9
      cols: 9
      dt: d
      data: [ 1.2327844496043647e+00, 4.8623368510448384e-01,
          -2.5280650339223082e-01, 1.8005198592089861e-01,
          -2.3605753185976583e-01, -4.4299421728738159e-02,
          1.2066872241463335e-01, 1.6415400983388531e-01,
          -1.1914101249616518e-01, 4.8623368510448384e-01,
          9.9174112173497397e-01, 3.2224082603203405e-02,
          3.9220197361151188e-01, -1.8332110764190201e-01,
          -5.7524229376408696e-04, 1.3081209370554758e-03,
          -2.6296943223355487e-02, -3.0373458720816954e-01,
          -2.5280650339223076e-01, 3.2224082603203405e-02,
          2.3713458516910635e-01, -7.2123918836588434e-03,
          7.7821869936874496e-02, 4.3061079749054251e-02,
          8.3232779636165169e-03, -8.7025820118697528e-02,
          3.4849478690342064e-02, 1.8005198592089858e-01,
          3.9220197361151188e-01, -7.2123918836588434e-03,
          3.9185639016413759e-01, 1.0110111525858728e-02,
          1.0781453052287514e-02, -1.3532833637818134e-01,
          3.2070838463568396e-02, -3.2595793255619937e-01,
          -2.3605753185976575e-01, -1.8332110764190196e-01,
          7.7821869936874496e-02, 1.0110111525858733e-02,
          6.0599955289428442e-01, 1.5817735706823197e-01,
          -8.2416089436978285e-02, 4.1458958653973657e-02,
          1.2686670675858505e-01, -4.4299421728738159e-02,
          -5.7524229376409064e-04, 4.3061079749054251e-02,
          1.0781453052287520e-02, 1.5817735706823197e-01,
          3.7811530202444354e-01, 6.3550580981864280e-02,
          8.5515875171881486e-02, 9.4396020929766317e-02,
          1.2066872241463335e-01, 1.3081209370554784e-03,
          8.3232779636165169e-03, -1.3532833637818134e-01,
          -8.2416089436978285e-02, 6.3550580981864280e-02,
          6.8601414423563334e-01, -2.6536746006367611e-02,
          3.8424416038328396e-01, 1.6415400983388531e-01,
          -2.6296943223355476e-02, -8.7025820118697528e-02,
          3.2070838463568396e-02, 4.1458958653973650e-02,
          8.5515875171881500e-02, -2.6536746006367608e-02,
          3.0880828642130109e-01, 6.5001841563387015e-03,
          -1.1914101249616518e-01, -3.0373458720816954e-01,
          3.4849478690342051e-02, -3.2595793255619937e-01,
          1.2686670675858505e-01, 9.4396020929766331e-02,
          3.8424416038328396e-01, 6.5001841563386998e-03,
          7.0762913050353515e-01 ]
   - !!opencv-matrix
      rows: 9
      cols: 9
      dt: d
      data: [ 2.3917648180145940e-01, 1.7226247108567225e-02,
          -3.8878576558885491e-02, 9.6562285989908372e-03,
          2.6472675636476806e-03, 1.5085308213812831e-02,
          3.4746658768096066e-02, -3.3996268403142385e-03,
          -1.0129546732343016e-02, 1.7226247108567225e-02,
          2.1532138719269334e-02, 3.5122693057576472e-03,
          3.8830177148437180e-03, 1.2246962990291037e-03,
          1.0305578566257960e-02, 1.3009064530832897e-02,
          7.5197027229204343e-04, 1.5309226973545731e-02,
          -3.8878576558885491e-02, 3.5122693057576481e-03,
          4.8948980417067793e-02, -1.3753453020184117e-02,
          -2.0645217183346237e-03, 2.8774293037615892e-03,
          -1.6084482836667767e-03, 1.8711418816913133e-03,
          -3.8214106653123632e-04, 9.6562285989908406e-03,
          3.8830177148437180e-03, -1.3753453020184117e-02,
          2.4114350018936376e-02, 1.3703487892976170e-03,
          2.8195640463904051e-03, 3.7619288095131426e-03,
          1.7169849805912850e-03, -1.2722425359601461e-03,
          2.6472675636476802e-03, 1.2246962990291044e-03,
          -2.0645217183346241e-03, 1.3703487892976170e-03,
          3.9448068782318045e-03, -1.8434604304638278e-04,
