%YAML:1.0
---
groups:
   - intact
   - CD19
intactGmmnames:
   - "intact.700.0"
   - "intact.700.1"
   - "intact.700.2"
   - "intact.700.3"
   - "intact.700.4"
intactLabels:
   - FSC-A
   - SSC-A
   - SY41
   - CD19
   - CD10
   - CD20
   - CD45
   - CD34
   - CD38
intactMu: !!opencv-matrix
   rows: 5
   cols: 9
   dt: d
   data: [ 1.3377120980327488e+00, 2.2550801170765286e-01,
       4.0900320174470313e+00, 8.5683885914354319e-01,
       7.8730649130234798e-01, 1.0009188205768176e+00,
       3.5385489336593157e+00, 1.0876572022444744e+00,
       1.6751405671149862e+00, 3.0839395656396262e+00,
       2.6849767780826128e+00, 3.8557878958103928e+00,
       1.5085443589239231e+00, 2.2700876714703937e+00,
       1.4674919344671469e+00, 3.0759805642787081e+00,
       1.1307672057064291e+00, 1.7317968212418386e+00,
       2.4669126481250889e+00, 1.5762914600075659e+00,
       3.7343781981106616e+00, 1.4014076970866456e+00,
       1.8546323583912965e+00, 1.7261030188824433e+00,
       2.6927843199620543e+00, 1.4657673576658161e+00,
       1.9173963290215497e+00, 1.3076127981537176e+00,
       2.3192538834092591e-01, 4.0479094152616621e+00,
       8.4417704123698600e-01, 8.1992451721540061e-01,
       1.0113197974738777e+00, 1.0803001113389530e+00,
       1.0699200554625528e+00, 1.6273150144370032e+00,
       2.2390132850862852e+00, 9.8227643941097065e-01,
       4.0895467279464182e+00, 1.0298723547222510e+00,
       9.8801298124349146e-01, 1.6983780821772918e+00,
       3.1747211024835682e+00, 1.2425594804617828e+00,
       2.4653022882731519e+00 ]
intactSigma:
   - !!opencv-matrix
      rows: 9
      cols: 9
      dt: d
      data: [ 2.8221736666040814e-01, 1.1454316784947427e-02,
          -7.8020598904463889e-02, 8.4480674379841261e-02,
          4.3785796178559808e-02, 5.2839020517930817e-02,
          4.6001680200644227e-02, -8.6470929644123079e-04,
          -7.5731421607884517e-04, 1.1454316784947427e-02,
          8.3393013289925211e-03, -3.2174373009715117e-03,
          2.6773964246168680e-03, 3.8299518059014136e-03,
          1.2948795706562372e-02, 7.2651252389227703e-03,
          6.0946104164106944e-04, -3.2221367228188903e-03,
          -7.8020598904463875e-02, -3.2174373009715117e-03,
          4.3702096504428592e-02, -4.1189205758715965e-02,
          -2.2416109047121442e-02, -1.9728434098205416e-02,
          -1.5633920649735168e-02, 9.7804017231355373e-04,
          1.1509240515559002e-03, 8.4480674379841261e-02,
          2.6773964246168680e-03, -4.1189205758715965e-02,
          4.8873307762714584e-02, 2.2962306998570523e-02,
          2.0952425449320966e-02, 1.5049882106817129e-02,
          -5.1978879383341884e-05, 9.0780948687837440e-04,
          4.3785796178559808e-02, 3.8299518059014136e-03,
          -2.2416109047121449e-02, 2.2962306998570527e-02,
          3.9405995560866207e-02, 8.3154819833938364e-03,
          9.8325476040331036e-03, -4.4981024784703496e-03,
          -6.5945350945368624e-05, 5.2839020517930817e-02,
          1.2948795706562372e-02, -1.9728434098205419e-02,
          2.0952425449320970e-02, 8.3154819833938364e-03,
          1.5977247790224455e-01, 1.9854258662186250e-02,
          9.7739918204389352e-04, -5.1257661678748524e-03,
          4.6001680200644227e-02, 7.2651252389227703e-03,
          -1.5633920649735168e-02, 1.5049882106817129e-02,
          9.8325476040331018e-03, 1.9854258662186257e-02,
          2.2450582768478309e-02, -1.4659142048400395e-03,
          -3.6448171799530206e-03, -8.6470929644123318e-04,
          6.0946104164106901e-04, 9.7804017231355287e-04,
          -5.1978879383342447e-05, -4.4981024784703514e-03,
          9.7739918204389265e-04, -1.4659142048400395e-03,
          1.5166096119629488e-01, 1.4096148818470481e-03,
          -7.5731421607884398e-04, -3.2221367228188890e-03,
          1.1509240515559004e-03, 9.0780948687837451e-04,
          -6.5945350945368679e-05, -5.1257661678748515e-03,
          -3.6448171799530193e-03, 1.4096148818470487e-03,
          2.6797400778924983e-02 ]
   - !!opencv-matrix
      rows: 9
      cols: 9
      dt: d
      data: [ 5.5197013062795297e-01, 2.4966532731651739e-02,
          -2.7375171446804139e-02, 7.2816006625624985e-02,
          -8.1357159676682431e-02, 2.4873112085792942e-02,
          -2.8710861187876409e-03, 4.6996542784054178e-03,
          2.6809935960471012e-02, 2.4966532731651739e-02,
          4.7835270694556992e-01, 1.9911940236856336e-02,
          4.0075174735759715e-02, 2.4968803156533881e-02,
          3.6160402776603387e-02, 1.2225820171440343e-02,
          6.1178831895371405e-03, -8.8697841680736283e-03,
          -2.7375171446804136e-02, 1.9911940236856340e-02,
          6.3506398819612495e-02, -3.6978176927930047e-02,
          -1.7887667720260448e-02, 2.0637955694811200e-03,
          -6.6194085561796703e-03, 1.7588083460078462e-03,
          4.4976435856563940e-03, 7.2816006625624985e-02,
          4.0075174735759722e-02, -3.6978176927930047e-02,
          6.1224735687518878e-02, 1.6460217984371594e-02,
          6.8550946271647420e-03, 9.3649026429767773e-03,
          1.7328155593010390e-03, -2.3584646778574874e-03,
          -8.1357159676682445e-02, 2.4968803156533881e-02,
          -1.7887667720260448e-02, 1.6460217984371594e-02,
          3.9377449609421311e-01, 1.7979133363669757e-03,
          6.6347952553952913e-02, 8.2961039032798320e-03,
          -2.9973986576566952e-02, 2.4873112085792942e-02,
          3.6160402776603387e-02, 2.0637955694811200e-03,
          6.8550946271647402e-03, 1.7979133363669761e-03,
          5.9713672893937204e-02, 5.0790138078536298e-03,
          4.2292027488782229e-03, 1.7253021694447960e-03,
          -2.8710861187876404e-03, 1.2225820171440346e-02,
          -6.6194085561796711e-03, 9.3649026429767756e-03,
          6.6347952553952913e-02, 5.0790138078536298e-03,
          3.0196942852176081e-02, 5.7393014381451363e-04,
          -6.9759438461555971e-03, 4.6996542784054187e-03,
          6.1178831895371422e-03, 1.7588083460078456e-03,
          1.7328155593010386e-03, 8.2961039032798337e-03,
          4.2292027488782229e-03, 5.7393014381451406e-04,
          1.0174181887511334e-01, 2.4906871147917806e-04,
          2.6809935960471005e-02, -8.8697841680736300e-03,
          4.4976435856563940e-03, -2.3584646778574869e-03,
          -2.9973986576566952e-02, 1.7253021694447969e-03,
          -6.9759438461555971e-03, 2.4906871147917773e-04,
          2.7096389963416925e-02 ]
   - !!opencv-matrix
      rows: 9
      cols: 9
      dt: d
      data: [ 9.3270004381609228e-01, 4.7671186622883205e-01,
          2.4300252855027144e-02, 1.5970944140158150e-01,
          1.4437111612198783e-01, 1.6413487945797789e-01,
          2.2591318872816524e-01, 1.0061625258416081e-01,
          8.2773825014932578e-02, 4.7671186622883205e-01,
          9.5687847207218024e-01, 1.3438520975217688e-01,
          1.6364926347241732e-01, 2.7115692475171926e-01,
          1.9781716634173283e-01, 2.9112441933355415e-01,
          7.3753926360411504e-02, 4.4853347891174358e-02,
          2.4300252855027144e-02, 1.3438520975217688e-01,
          1.8339209887786811e-01, -6.2729289392800022e-02,
          6.4650871831233289e-02, 2.3102168990117744e-02,
          9.4384083765833252e-02, -9.6070746007206661e-03,
          2.3810447552654268e-02, 1.5970944140158153e-01,
          1.6364926347241729e-01, -6.2729289392800022e-02,
          1.5897671018200260e-01, 1.1163606737046031e-01,
          1.2986155030676533e-01, 7.8064003100599383e-02,
          8.8084269971698950e-02, 4.1846600877492722e-02,
          1.4437111612198783e-01, 2.7115692475171921e-01,
          6.4650871831233289e-02, 1.1163606737046031e-01,
          4.5983619757173622e-01, 2.3479694810060289e-01,
          2.9285591143292877e-01, 1.3364892717454879e-01,
