%YAML:1.0
---
groups:
   - intact
   - CD19
intactGmmnames:
   - "intact.712.0"
   - "intact.712.1"
   - "intact.712.2"
   - "intact.712.3"
   - "intact.712.4"
intactLabels:
   - FSC-A
   - SSC-A
   - SY41
   - CD19
   - CD10
   - CD20
   - CD45
   - CD34
   - CD38
intactMu: !!opencv-matrix
   rows: 5
   cols: 9
   dt: d
   data: [ 1.9343826950368745e+00, 1.8459038649190145e+00,
       2.3278063181748574e+00, 1.5163668962746204e+00,
       1.2250916677964516e+00, 1.3891662883676796e+00,
       2.4149446131587533e+00, 1.9274317932844707e+00,
       1.8111492050249876e+00, 2.3768621426063117e+00,
       3.6223597742558877e+00, 2.5824039688584168e+00,
       1.9372312586988574e+00, 2.8342874082858596e+00,
       1.3696815876554111e+00, 3.2284714991206971e+00,
       1.2513288157531168e+00, 1.7717325324474429e+00,
       1.3445419149741116e+00, 5.2401334589047188e-01,
       2.6619016125954595e+00, 1.1648381052343935e+00,
       9.4462794654176430e-01, 1.0482290787472581e+00,
       3.6291448381227283e+00, 1.0845642442789818e+00,
       1.8671340432221473e+00, 2.2294422213825511e+00,
       3.3455675497382984e+00, 2.8289871428257674e+00,
       1.8299188645362185e+00, 2.6864909853052685e+00,
       1.2365685061514535e+00, 3.1630609830641827e+00,
       1.2678014230914669e+00, 1.7663092949350556e+00,
       1.5648044847153115e+00, 1.4530977141048773e+00,
       2.6625043266074817e+00, 1.3614041130459873e+00,
       1.3648771608282291e+00, 1.2861399537448599e+00,
       2.0793374852378879e+00, 1.2557373276408310e+00,
       1.8346442180797922e+00 ]
intactSigma:
   - !!opencv-matrix
      rows: 9
      cols: 9
      dt: d
      data: [ 7.9086835225213714e-01, 5.3211193002333113e-01,
          1.1566806883914450e-01, 1.4368462742868821e-01,
          1.0577605231459329e-01, 1.4775077807075296e-01,
          1.5603596153905261e-01, 1.6351601016457162e-01,
          4.6743116604763151e-02, 5.3211193002333113e-01,
          6.6601537909602970e-01, 1.5022515947947451e-01,
          1.8614253595064692e-01, 1.3270312720625194e-01,
          1.8069851061291009e-01, 1.8510573168211700e-01,
          2.0271028929350440e-01, 5.6749031942910699e-02,
          1.1566806883914450e-01, 1.5022515947947451e-01,
          4.4656105226524738e-02, 4.3179867867272397e-02,
          3.0431943317268818e-02, 4.3263109786442225e-02,
          4.3462178104695409e-02, 4.8058973042042874e-02,
          1.3138469135626831e-02, 1.4368462742868821e-01,
          1.8614253595064692e-01, 4.3179867867272397e-02,
          8.3116650837117279e-02, 3.8503534136987476e-02,
          5.2794326008270519e-02, 5.2454632555045309e-02,
          5.9393905682698575e-02, 1.3759540586793507e-02,
          1.0577605231459329e-01, 1.3270312720625196e-01,
          3.0431943317268825e-02, 3.8503534136987476e-02,
          7.1702464388185283e-02, 3.2036237544316060e-02,
          3.9200268981882253e-02, 3.8040898808713891e-02,
          1.1117537863579411e-02, 1.4775077807075299e-01,
          1.8069851061291009e-01, 4.3263109786442225e-02,
          5.2794326008270519e-02, 3.2036237544316060e-02,
          8.7119726741610962e-02, 5.2462952057349181e-02,
          5.7754265767569368e-02, 1.5568011477210590e-02,
          1.5603596153905261e-01, 1.8510573168211700e-01,
          4.3462178104695402e-02, 5.2454632555045309e-02,
          3.9200268981882253e-02, 5.2462952057349181e-02,
          8.0974583840640685e-02, 6.1962278648696467e-02,
          1.6392143058935608e-02, 1.6351601016457162e-01,
          2.0271028929350440e-01, 4.8058973042042874e-02,
          5.9393905682698575e-02, 3.8040898808713884e-02,
          5.7754265767569368e-02, 6.1962278648696467e-02,
          1.2339977673574416e-01, 1.8782269369962870e-02,
          4.6743116604763151e-02, 5.6749031942910685e-02,
          1.3138469135626831e-02, 1.3759540586793503e-02,
          1.1117537863579411e-02, 1.5568011477210590e-02,
          1.6392143058935608e-02, 1.8782269369962870e-02,
          9.3647534476931239e-03 ]
   - !!opencv-matrix
      rows: 9
      cols: 9
      dt: d
      data: [ 5.1021707818445794e-01, 1.3438169572572281e-01,
          -1.7064397071255257e-04, 1.7378374589802709e-02,
          6.9670519465003485e-05, 1.9374877853159941e-02,
          8.1295323915889298e-03, 1.7456544949831648e-02,
          3.6080749706783434e-03, 1.3438169572572281e-01,
          2.3124811008461318e-01, 1.5786043022996698e-02,
          3.1960910112150361e-02, -9.7670489063305985e-05,
          2.0220243969551566e-02, 5.3064614049888820e-04,
          1.3792281488342852e-02, 3.9243047100861956e-03,
          -1.7064397071255228e-04, 1.5786043022996698e-02,
          2.5090782614859555e-02, 3.0413489506057939e-03,
          1.3649052862853113e-04, 3.4935241894575916e-03,
          -6.3439156349623415e-04, 6.6998435870989402e-04,
          4.8885817757934728e-04, 1.7378374589802705e-02,
          3.1960910112150367e-02, 3.0413489506057934e-03,
          1.6504400866311150e-02, 9.8742410192266170e-04,
          3.2682607301754525e-03, 8.7457712837140549e-04,
          2.1799196861734022e-03, -1.5992576219345345e-03,
          6.9670519465004041e-05, -9.7670489063305280e-05,
          1.3649052862853121e-04, 9.8742410192266062e-04,
          5.0149217842023218e-02, 6.8766896852058741e-04,
          1.3010501339201281e-02, -5.4098460635786634e-03,
          -1.8053954934971325e-03, 1.9374877853159941e-02,
          2.0220243969551566e-02, 3.4935241894575929e-03,
          3.2682607301754525e-03, 6.8766896852058741e-04,
          3.6262806914924874e-02, 1.1839609193303208e-03,
          4.7590789154759181e-03, 5.7108781086411009e-04,
          8.1295323915889280e-03, 5.3064614049888766e-04,
          -6.3439156349623447e-04, 8.7457712837140549e-04,
          1.3010501339201277e-02, 1.1839609193303206e-03,
          2.1551774216870909e-02, -6.6754469156134928e-03,
          -3.1153551004722583e-03, 1.7456544949831652e-02,
          1.3792281488342852e-02, 6.6998435870989402e-04,
          2.1799196861734022e-03, -5.4098460635786626e-03,
          4.7590789154759163e-03, -6.6754469156134928e-03,
          1.2456949728284152e-01, 2.5836106018706302e-03,
          3.6080749706783421e-03, 3.9243047100861956e-03,
          4.8885817757934695e-04, -1.5992576219345347e-03,
          -1.8053954934971314e-03, 5.7108781086411041e-04,
          -3.1153551004722583e-03, 2.5836106018706302e-03,
          7.8236503535619051e-03 ]
   - !!opencv-matrix
      rows: 9
      cols: 9
      dt: d
      data: [ 1.6302772400877255e-01, 1.9012499199937603e-02,
          -2.5437113010083941e-02, 5.4120587713012277e-03,
          2.3909760951739147e-03, 2.8880446320870127e-03,
          2.3599143009477123e-02, 5.6796151613329451e-03,
          8.4377176334882523e-04, 1.9012499199937607e-02,
          3.6988471195341578e-02, -1.2985483649473514e-02,
          2.1144748900355413e-02, 1.1454405934820732e-02,
          1.2490316088254530e-02, 1.2517318844870881e-02,
          9.6843031768614526e-03, 1.6266140594528355e-02,
          -2.5437113010083941e-02, -1.2985483649473514e-02,
          9.5455701351186084e-02, -2.3486784897213845e-02,
          -4.1563528957182681e-03, -2.6837507945016255e-04,
          -1.2073100283941582e-02, -1.9024867737187049e-03,
          -6.1127190156242623e-03, 5.4120587713012269e-03,
          2.1144748900355413e-02, -2.3486784897213845e-02,
          9.7600898573540582e-02, 8.5713760070166515e-03,
          8.4379119631307967e-03, 9.4784619706892049e-03,
          6.8061650059434769e-03, 2.8501799867985417e-03,
          2.3909760951739151e-03, 1.1454405934820730e-02,
          -4.1563528957182698e-03, 8.5713760070166515e-03,
          5.8781998809860306e-02, -1.3253094470848101e-03,
          2.8263732398409709e-03, -2.5629021641718685e-03,
