%YAML:1.0
---
groups:
   - intact
   - CD19
intactGmmnames:
   - "intact.715.0"
   - "intact.715.1"
   - "intact.715.2"
   - "intact.715.3"
   - "intact.715.4"
intactLabels:
   - FSC-A
   - SSC-A
   - SY41
   - CD19
   - CD10
   - CD20
   - CD45
   - CD34
   - CD38
intactMu: !!opencv-matrix
   rows: 5
   cols: 9
   dt: d
   data: [ 2.6894293840119130e+00, 3.3860583650303728e+00,
       3.4745239591787658e+00, 1.6385663275586011e+00,
       2.0104386794656537e+00, 1.3108397975901622e+00,
       2.9949247212032235e+00, 1.5863734692916709e+00,
       1.6003972182648236e+00, 1.5800398474469459e+00,
       4.1609039867911018e-01, 3.5011981891718875e+00,
       1.0494483707629545e+00, 9.6869631940922296e-01,
       1.0881712200050062e+00, 3.4988653358171700e+00,
       1.1957776804849980e+00, 1.9074512486216311e+00,
       1.1442973558143303e+00, 4.3580222774997940e-01,
       3.1245008233080531e+00, 9.9615965614668467e-01,
       1.2413818065635205e+00, 1.0050175233255436e+00,
       1.2086670506307282e+00, 1.0597631120504216e+00,
       1.5396345001247218e+00, 2.3728399695970412e+00,
       2.0486646814204250e+00, 3.2235854595368152e+00,
       1.5131974234061980e+00, 1.4283572480865228e+00,
       1.4465704224154183e+00, 2.7376311375042555e+00,
       1.6968611002687670e+00, 1.9421769407795912e+00,
       1.9261307481932570e+00, 7.9978889373640094e-01,
       2.5612168306953884e+00, 1.1961787516741684e+00,
       9.8461067092540655e-01, 1.0276020017280703e+00,
       2.1363133535879468e+00, 1.8335060000807035e+00,
       1.5806220539619191e+00 ]
intactSigma:
   - !!opencv-matrix
      rows: 9
      cols: 9
      dt: d
      data: [ 5.5794168892133755e-01, 1.2725205418647068e-01,
          -2.8110185791024745e-02, 3.5072041343466760e-02,
          -3.1586279976072558e-02, 2.1299785115537959e-02,
          7.2965510204402563e-03, -3.3903417844274074e-03,
          -2.6032170989761234e-03, 1.2725205418647070e-01,
          3.1988903627756343e-01, -4.3955534547456120e-02,
          7.9614695559806006e-02, 3.8154255673029366e-02,
          3.6413906005817537e-02, 1.7451857833785403e-02,
          1.6567801480676117e-02, -2.9773946955475410e-03,
          -2.8110185791024742e-02, -4.3955534547456120e-02,
          7.4086136978003092e-02, -3.2998356903832307e-02,
          -4.5759353901548439e-03, -5.3015542678768656e-03,
          -4.7548378899575953e-04, 1.1153911016880357e-03,
          1.5905491862953818e-03, 3.5072041343466774e-02,
          7.9614695559806006e-02, -3.2998356903832314e-02,
          4.7525888739408176e-02, 1.4622695050820068e-02,
          1.2221352248963008e-02, 6.8433798240266231e-03,
          5.3180943945963493e-03, -5.5028116548777196e-03,
          -3.1586279976072544e-02, 3.8154255673029366e-02,
          -4.5759353901548422e-03, 1.4622695050820068e-02,
          2.0008554249457339e-01, 1.4939568195099957e-02,
          3.5835972970487559e-02, 8.8178317152078321e-03,
          -3.2133977807522452e-03, 2.1299785115537952e-02,
          3.6413906005817544e-02, -5.3015542678768656e-03,
          1.2221352248963008e-02, 1.4939568195099957e-02,
          5.6605207100737208e-02, 1.5425469954417037e-02,
          8.6464783938176738e-03, -2.1819582607653714e-03,
          7.2965510204402563e-03, 1.7451857833785403e-02,
          -4.7548378899575910e-04, 6.8433798240266231e-03,
          3.5835972970487559e-02, 1.5425469954417036e-02,
          4.1582524576754598e-02, 8.1045044500587925e-03,
          -5.1408049552437813e-03, -3.3903417844274057e-03,
          1.6567801480676114e-02, 1.1153911016880357e-03,
          5.3180943945963493e-03, 8.8178317152078252e-03,
          8.6464783938176738e-03, 8.1045044500587943e-03,
          1.3945126318905263e-01, 1.2461319596959962e-03,
          -2.6032170989761226e-03, -2.9773946955475423e-03,
          1.5905491862953818e-03, -5.5028116548777213e-03,
          -3.2133977807522439e-03, -2.1819582607653719e-03,
          -5.1408049552437813e-03, 1.2461319596959969e-03,
          1.2869320073846799e-02 ]
   - !!opencv-matrix
      rows: 9
      cols: 9
      dt: d
      data: [ 1.9263966235432758e-01, 3.3186072984357072e-02,
          -7.3765493103840785e-02, 3.5919467012412415e-02,
          2.2217666064676837e-02, 5.6876115357389614e-03,
          2.5786571280802126e-02, -1.8048159261976969e-03,
          4.9985299936136249e-02, 3.3186072984357072e-02,
          3.6579861758587906e-02, -4.3510003721641925e-02,
          2.6687448713698360e-02, 1.7078113695455040e-02,
          1.3078291997058627e-02, 1.0719430597120039e-02,
          4.8586788026527307e-03, 4.9807420906223282e-02,
          -7.3765493103840785e-02, -4.3510003721641918e-02,
          1.1036589104126893e-01, -5.4293580734283579e-02,
          -2.7357501278240295e-02, -6.7947275704534453e-03,
          -1.9114739871732438e-02, -3.2758322077539267e-03,
          -8.1516957499520329e-02, 3.5919467012412408e-02,
          2.6687448713698360e-02, -5.4293580734283579e-02,
          5.3275637629120548e-02, 1.9325038906353089e-02,
          9.0200354406810360e-03, 1.2973728539448870e-02,
          5.9639433796272309e-03, 3.6791414287113203e-02,
          2.2217666064676841e-02, 1.7078113695455040e-02,
          -2.7357501278240295e-02, 1.9325038906353089e-02,
          6.3078179479222965e-02, 2.0976752521574787e-03,
          1.0569048075249908e-02, -2.4315375574680922e-03,
          1.6261208927906518e-02, 5.6876115357389614e-03,
          1.3078291997058622e-02, -6.7947275704534453e-03,
          9.0200354406810325e-03, 2.0976752521574783e-03,
          7.7338437150327677e-02, 5.3051064279323887e-03,
          4.4048790064835138e-03, -3.3907479519968077e-03,
          2.5786571280802126e-02, 1.0719430597120039e-02,
          -1.9114739871732438e-02, 1.2973728539448870e-02,
          1.0569048075249908e-02, 5.3051064279323887e-03,
          1.3871515798649439e-02, 5.1029798603666751e-04,
          9.2316764658855605e-03, -1.8048159261976964e-03,
          4.8586788026527316e-03, -3.2758322077539245e-03,
          5.9639433796272309e-03, -2.4315375574680935e-03,
          4.4048790064835155e-03, 5.1029798603666751e-04,
          1.7896500755069628e-01, 6.4986252692414209e-03,
          4.9985299936136249e-02, 4.9807420906223268e-02,
          -8.1516957499520329e-02, 3.6791414287113203e-02,
          1.6261208927906515e-02, -3.3907479519968077e-03,
          9.2316764658855605e-03, 6.4986252692414183e-03,
          2.0468829932619637e-01 ]
   - !!opencv-matrix
      rows: 9
      cols: 9
      dt: d
      data: [ 6.8557727192994661e-02, 1.4781158816620465e-02,
          -9.7109274388102705e-03, 5.2358783149167752e-03,
          9.2427010895026161e-03, 9.6884054277435790e-03,
          6.5342860149822804e-03, 4.0562111168678510e-03,
          4.4791190323451740e-04, 1.4781158816620461e-02,
          2.2003758937303254e-02, 6.5663422273296163e-03,
          2.8252780082780359e-03, 2.2192770802631052e-02,
          1.3631758890292953e-02, 8.3318329991049107e-03,
          4.6872777420294519e-03, 8.4912874174733401e-04,
          -9.7109274388102688e-03, 6.5663422273296163e-03,
          2.2948921414954898e-01, -6.9757601343415923e-02,
          4.0514358388571745e-02, 1.2688414904276996e-02,
          -2.2315487041000465e-02, 3.9505517245983415e-03,
          7.4817634018855246e-03, 5.2358783149167752e-03,
          2.8252780082780368e-03, -6.9757601343415923e-02,
          3.4573219449573277e-02, -3.9032680486193044e-03,
          1.8558093388988657e-03, 8.9627373530912612e-03,
          -1.4641106318222716e-03, -3.7971918703194954e-03,
          9.2427010895026179e-03, 2.2192770802631052e-02,
          4.0514358388571745e-02, -3.9032680486193053e-03,
          2.2362664491504988e-01, 1.5847832793468138e-02,
          1.1238906791783385e-02, 7.3808421573908628e-03,
