%YAML:1.0
---
groups:
   - intact
   - CD19
intactGmmnames:
   - "intact.717.0"
   - "intact.717.1"
   - "intact.717.2"
   - "intact.717.3"
   - "intact.717.4"
intactLabels:
   - FSC-A
   - SSC-A
   - SY41
   - CD19
   - CD10
   - CD20
   - CD45
   - CD34
   - CD38
intactMu: !!opencv-matrix
   rows: 5
   cols: 9
   dt: d
   data: [ 1.5932334024063821e+00, 9.0113074562911577e-01,
       3.3809547397143884e+00, 1.2659426311906439e+00,
       9.7097846211481342e-01, 1.1073170387230862e+00,
       3.2693822335611027e+00, 1.2266130533980681e+00,
       2.5647809636430354e+00, 2.6986805255957931e+00,
       2.9532004497477011e+00, 3.6342080660536018e+00,
       1.5611625310437240e+00, 2.0747431656377278e+00,
       1.2425460743188104e+00, 2.5548770768192726e+00,
       1.0617964025847155e+00, 1.4882390500382425e+00,
       1.1207397332278368e+00, 3.1165119182915496e-01,
       3.5258221134952308e+00, 1.1108919682187504e+00,
       8.3646530183290990e-01, 8.9377961250158422e-01,
       3.4325863390597187e+00, 9.8459039333730380e-01,
       1.5851571709249010e+00, 8.7564170036913591e-01,
       2.6039320774089614e-01, 3.6652358366387627e+00,
       9.3455789720757843e-01, 8.5566826981733946e-01,
       9.0697701000811559e-01, 1.1516036272319694e+00,
       1.0253783981123237e+00, 1.4684094093665598e+00,
       2.3919187435314284e+00, 2.0692861980402952e+00,
       3.2815875109641963e+00, 1.5228516341574609e+00,
       1.2155674376326828e+00, 1.4806049471382345e+00,
       2.4079934076624658e+00, 1.3788051302125521e+00,
       1.9768812989517794e+00 ]
intactSigma:
   - !!opencv-matrix
      rows: 9
      cols: 9
      dt: d
      data: [ 3.2023267938675259e-01, 1.0099570610465909e-01,
          -4.0506188011238545e-03, 1.7506025222738732e-02,
          2.2667803323567052e-02, 4.5076437476740276e-02,
          4.1840936907839819e-03, 4.4327011738628436e-02,
          -3.0100738122255635e-02, 1.0099570610465912e-01,
          2.0772371539097320e-01, -1.0062735522345247e-02,
          4.8046683852079081e-02, 4.4576425590581087e-02,
          6.4777123984842547e-02, -1.7465130592439010e-02,
          5.6785934842401929e-02, -2.4450184765362731e-02,
          -4.0506188011238545e-03, -1.0062735522345247e-02,
          8.9419529125325858e-02, -3.1618602598288602e-02,
          -1.6866744713970632e-02, -4.0622199855829431e-03,
          -2.0970980574295063e-02, 2.2048232095989575e-02,
          3.6776730465386421e-03, 1.7506025222738728e-02,
          4.8046683852079081e-02, -3.1618602598288602e-02,
          3.5626532919075686e-02, 1.7108801936548599e-02,
          1.6352934088936948e-02, 1.1897084187082012e-02,
          -8.9921249248082525e-04, -1.2334550201215388e-02,
          2.2667803323567055e-02, 4.4576425590581087e-02,
          -1.6866744713970629e-02, 1.7108801936548599e-02,
          5.0496376584376695e-02, 1.2612480007611648e-02,
          4.2091174506256853e-03, 4.0654581783538405e-03,
          -1.4936799876985089e-02, 4.5076437476740276e-02,
          6.4777123984842547e-02, -4.0622199855829431e-03,
          1.6352934088936948e-02, 1.2612480007611648e-02,
          8.4417130629491452e-02, 3.0197127447471497e-03,
          2.2713162994790776e-02, -2.1614456534613431e-02,
          4.1840936907839819e-03, -1.7465130592439010e-02,
          -2.0970980574295060e-02, 1.1897084187082008e-02,
          4.2091174506256835e-03, 3.0197127447471502e-03,
          8.8042936911914921e-02, -5.9589259369446451e-02,
          -5.2378277618591963e-02, 4.4327011738628415e-02,
          5.6785934842401915e-02, 2.2048232095989575e-02,
          -8.9921249248082547e-04, 4.0654581783538396e-03,
          2.2713162994790773e-02, -5.9589259369446451e-02,
          2.2820666878682766e-01, 2.1308433164130738e-02,
          -3.0100738122255642e-02, -2.4450184765362738e-02,
          3.6776730465386412e-03, -1.2334550201215381e-02,
          -1.4936799876985086e-02, -2.1614456534613434e-02,
          -5.2378277618591963e-02, 2.1308433164130745e-02,
          2.7761041895922933e-01 ]
   - !!opencv-matrix
      rows: 9
      cols: 9
      dt: d
      data: [ 5.0193023932386682e-01, 1.4152908243902104e-01,
          -5.1086940793555800e-04, 3.3839901076661794e-02,
          -1.3985850483262016e-01, 3.6159985883431896e-02,
          -1.2594399177590830e-02, 2.0879860433186716e-03,
          5.9396542378282640e-03, 1.4152908243902104e-01,
          3.7079494057072765e-01, -2.5966591798224015e-02,
          8.6148210440950515e-02, 7.5981917341032490e-02,
          5.2046814715685348e-02, 3.0898597127799503e-02,
          1.0569176976296626e-02, -9.7361348319866467e-03,
          -5.1086940793555670e-04, -2.5966591798224015e-02,
          4.7464910100191660e-02, -2.3353977391277824e-02,
          -1.5324448980534276e-02, -3.3070387312738509e-03,
          -8.9311910073949924e-03, 1.0177066025817579e-03,
          4.0874372133873236e-03, 3.3839901076661794e-02,
          8.6148210440950515e-02, -2.3353977391277828e-02,
          4.0337632479538393e-02, 1.8030004468003433e-02,
          1.3345547071200956e-02, 8.3922792781929018e-03,
          2.5812816615630079e-03, -8.6241417644416698e-03,
          -1.3985850483262013e-01, 7.5981917341032490e-02,
          -1.5324448980534276e-02, 1.8030004468003433e-02,
          2.7889720212387936e-01, -3.3646125825164942e-04,
          6.1502246320189385e-02, 5.2339874682272181e-03,
          -1.6146123380325499e-02, 3.6159985883431910e-02,
          5.2046814715685348e-02, -3.3070387312738509e-03,
          1.3345547071200952e-02, -3.3646125825164905e-04,
          6.1852447607210773e-02, 4.6611215363577116e-03,
          2.0377893197436226e-03, -3.6075298861118770e-04,
          -1.2594399177590832e-02, 3.0898597127799503e-02,
          -8.9311910073949924e-03, 8.3922792781929018e-03,
          6.1502246320189385e-02, 4.6611215363577107e-03,
          6.0221125673412340e-02, -1.9920340978730913e-03,
          -3.4273304599748409e-03, 2.0879860433186707e-03,
          1.0569176976296626e-02, 1.0177066025817572e-03,
          2.5812816615630083e-03, 5.2339874682272155e-03,
          2.0377893197436217e-03, -1.9920340978730904e-03,
          6.1053185498376586e-02, 4.3054558346583105e-05,
          5.9396542378282622e-03, -9.7361348319866502e-03,
          4.0874372133873236e-03, -8.6241417644416715e-03,
          -1.6146123380325499e-02, -3.6075298861118748e-04,
          -3.4273304599748409e-03, 4.3054558346582969e-05,
          2.8877332056934418e-02 ]
   - !!opencv-matrix
      rows: 9
      cols: 9
      dt: d
      data: [ 1.4316408855315643e-01, 2.0434148300225996e-02,
          -3.7124101672774863e-02, 1.6618693378546191e-02,
          1.0044288254806384e-02, 1.8291551004258898e-02,
          2.5033214463269161e-02, -2.3692966758082712e-03,
          -1.8298189037320792e-02, 2.0434148300225996e-02,
          1.3363493407040782e-02, -1.1346255799732724e-02,
          7.6317896300143627e-03, 4.8813497775494208e-03,
          1.0936612912311704e-02, 8.4831513534465858e-03,
          4.2433562596296562e-04, -4.3373768426921934e-03,
          -3.7124101672774856e-02, -1.1346255799732724e-02,
          4.3927264676990221e-02, -1.7173838132833887e-02,
          -9.7960486516657681e-03, -1.0101635880638220e-02,
          -1.2054302997975467e-02, 9.8080836040687807e-04,
          9.5441292225023136e-03, 1.6618693378546191e-02,
          7.6317896300143609e-03, -1.7173838132833887e-02,
          1.6685048967315215e-02, 4.7137965098314671e-03,
          7.0698374431081125e-03, 6.5491226381461263e-03,
          9.1606560549664076e-04, -6.5480272835887676e-03,
          1.0044288254806383e-02, 4.8813497775494208e-03,
          -9.7960486516657699e-03, 4.7137965098314671e-03,
          3.1342515712975548e-02, -2.7905959582019443e-03,
