%YAML:1.0
---
groups:
   - intact
   - CD19
   - blast
intactGmmnames:
   - "intact.717.0"
   - "intact.717.1"
   - "intact.717.2"
   - "intact.717.3"
   - "intact.717.4"
intactLabels:
   - FSC-A
   - SSC-A
   - SY41
   - CD19
   - CD10
   - CD20
   - CD45
   - CD34
   - CD38
intactMu: !!opencv-matrix
   rows: 5
   cols: 9
   dt: d
   data: [ 1.0325472028694218e+00, 4.9925299785191030e-01,
       3.4119737883267125e+00, 9.7002803544632232e-01,
       9.1731070031304385e-01, 9.6017294745752757e-01,
       1.1382706983997055e+00, 1.0189680753198262e+00,
       1.3492443876329265e+00, 2.0422900203817682e+00,
       6.8537132606838203e-01, 2.8319471529684561e+00,
       1.2679414057763951e+00, 9.0932447452969412e-01,
       9.7717192706057920e-01, 3.6085558037231111e+00,
       1.0627071651915099e+00, 1.9268397076801946e+00,
       1.1840346879581782e+00, 4.8532618579145437e-01,
       2.5631060894044637e+00, 1.1038562349730772e+00,
       9.4735988318192899e-01, 9.5461659625419937e-01,
       1.1631640875327824e+00, 1.0150213745484429e+00,
       1.2714437721870799e+00, 1.8749621386770676e+00,
       1.5120988175177816e+00, 2.9858232730504368e+00,
       1.3012614426448406e+00, 1.2430658648568715e+00,
       1.2261142760920993e+00, 1.8952056103508745e+00,
       1.3768020486722932e+00, 1.8455649261918012e+00,
       1.4356337585405510e+00, 3.7748813007192011e-01,
       3.2105383752316352e+00, 1.1385316969933825e+00,
       8.3390226783060950e-01, 8.8038852267015344e-01,
       3.4549912742025461e+00, 1.0397316426395571e+00,
       1.7646527211479552e+00 ]
intactSigma:
   - !!opencv-matrix
      rows: 9
      cols: 9
      dt: d
      data: [ 6.9083051268822804e-02, 3.2204120893853612e-02,
          1.0774273782188509e-02, 2.1575597432692975e-03,
          1.2070365907637019e-02, 2.1129341418587699e-02,
          7.9144463981281801e-03, 2.5597950111056378e-03,
          1.0249335523789064e-02, 3.2204120893853612e-02,
          3.5622284383330281e-02, 1.4193116117379001e-02,
          1.8777603258224710e-03, 1.2653844766552185e-02,
          2.0163750395901115e-02, 7.7906607760389766e-03,
          3.0130741497126127e-03, 1.0081770466181989e-02,
          1.0774273782188509e-02, 1.4193116117379001e-02,
          6.1591938730314280e-02, -2.2560450957758972e-02,
          -5.8199008089015267e-03, 6.5176939116033802e-03,
          -2.3466984958963482e-03, 3.6173602675064320e-03,
          9.5699473254218514e-03, 2.1575597432692975e-03,
          1.8777603258224708e-03, -2.2560450957758972e-02,
          1.8985148514272358e-02, 6.0613768619134211e-03,
          2.4555275471116306e-03, 2.0002641580058327e-03,
          -5.3433148201419069e-04, -5.1059058742658221e-03,
          1.2070365907637022e-02, 1.2653844766552185e-02,
          -5.8199008089015259e-03, 6.0613768619134211e-03,
          6.7113342258631289e-02, -6.5072708217082866e-04,
          9.5726792548687812e-03, -2.3248634321998182e-04,
          5.0009555841632790e-03, 2.1129341418587699e-02,
          2.0163750395901112e-02, 6.5176939116033802e-03,
          2.4555275471116298e-03, -6.5072708217082888e-04,
          7.4009989538080315e-02, 3.7455561923097971e-03,
          1.8059988916294244e-03, 5.1954146368115026e-03,
          7.9144463981281818e-03, 7.7906607760389766e-03,
          -2.3466984958963482e-03, 2.0002641580058318e-03,
          9.5726792548687812e-03, 3.7455561923097954e-03,
          6.5411632430944763e-02, -1.6345633278106834e-03,
          3.8181404356992673e-03, 2.5597950111056369e-03,
          3.0130741497126122e-03, 3.6173602675064333e-03,
          -5.3433148201419047e-04, -2.3248634321998196e-04,
          1.8059988916294247e-03, -1.6345633278106834e-03,
          4.6683795410390645e-02, 1.1255375542053589e-03,
          1.0249335523789068e-02, 1.0081770466181989e-02,
          9.5699473254218514e-03, -5.1059058742658221e-03,
          5.0009555841632790e-03, 5.1954146368115017e-03,
          3.8181404356992690e-03, 1.1255375542053594e-03,
          2.8670391903114538e-02 ]
   - !!opencv-matrix
      rows: 9
      cols: 9
      dt: d
      data: [ 2.4295807985513632e-01, 1.8894977407315809e-03,
          -2.8896084179232520e-02, -8.8408597542076039e-03,
          1.0810569782320524e-03, 4.7574484272778174e-03,
          1.2252918210372500e-02, -2.6753484576887985e-03,
          -3.9932612119728587e-02, 1.8894977407315817e-03,
          4.8253780489403583e-02, -2.2215737277903904e-02,
          1.7291188771661803e-02, 8.1568299170284159e-03,
          1.1899756691555949e-02, 8.5009035841229139e-03,
          5.4375498717445809e-03, 4.2272805438761080e-02,
          -2.8896084179232531e-02, -2.2215737277903908e-02,
          1.1983544302776764e-01, -2.6937834449171822e-02,
          -5.9829959731187389e-03, 2.6428839799254479e-04,
          -1.5045127560490272e-02, 8.8153379437472308e-05,
          -1.6864452532279646e-02, -8.8408597542076004e-03,
          1.7291188771661803e-02, -2.6937834449171822e-02,
          3.8106642404900748e-02, 3.2506444135194574e-03,
          3.7463337654471385e-03, 6.3011875539479636e-03,
          4.1602393591573155e-03, 1.3041683137741518e-02,
          1.0810569782320535e-03, 8.1568299170284159e-03,
          -5.9829959731187406e-03, 3.2506444135194570e-03,
          6.2697217397955168e-02, -4.4939346779670148e-03,
          1.5576014943610127e-03, -4.4508867812819101e-03,
          -7.4047410460334386e-03, 4.7574484272778156e-03,
          1.1899756691555947e-02, 2.6428839799254523e-04,
          3.7463337654471377e-03, -4.4939346779670130e-03,
          7.7131758096559033e-02, 1.2497832756099946e-03,
          9.6435274750215775e-04, -1.1342401777861603e-02,
          1.2252918210372500e-02, 8.5009035841229139e-03,
          -1.5045127560490272e-02, 6.3011875539479619e-03,
          1.5576014943610122e-03, 1.2497832756099949e-03,
          1.3805101541978167e-02, -1.5217338252190755e-03,
          -7.8312329985373626e-03, -2.6753484576887993e-03,
          5.4375498717445792e-03, 8.8153379437471007e-05,
          4.1602393591573155e-03, -4.4508867812819101e-03,
          9.6435274750215590e-04, -1.5217338252190751e-03,
          1.9480003775168822e-01, 1.4879451394999074e-02,
          -3.9932612119728587e-02, 4.2272805438761080e-02,
          -1.6864452532279656e-02, 1.3041683137741513e-02,
          -7.4047410460334404e-03, -1.1342401777861602e-02,
          -7.8312329985373626e-03, 1.4879451394999074e-02,
          4.6923772549757253e-01 ]
   - !!opencv-matrix
      rows: 9
      cols: 9
      dt: d
      data: [ 1.1592880465685244e-01, 9.0805253481347804e-03,
          1.1127663060299810e-02, 9.3530891710515824e-04,
          6.9663329593483956e-04, 6.2779152326224935e-03,
          2.8420876411558078e-05, 6.3030142549851492e-05,
          -3.7379605469156060e-04, 9.0805253481347787e-03,
          1.7792008491738023e-02, -1.6280377204847464e-03,
          3.4721158151526620e-03, 5.4700257999726583e-03,
          8.6216774926451568e-03, 3.2244539262369859e-03,
          1.4737135396493109e-03, 1.6974855051619196e-03,
          1.1127663060299810e-02, -1.6280377204847462e-03,
          1.1718457386902438e-01, -9.4445731104528911e-03,
          -4.0344165289161963e-03, 2.6132229191948037e-03,
          -6.5698255829403735e-03, -3.3151547135960142e-03,
          1.0575825303352235e-03, 9.3530891710515824e-04,
          3.4721158151526624e-03, -9.4445731104528911e-03,
          8.8398194976447141e-03, 1.4611382786309717e-03,
          1.6086174446550772e-03, 3.3061628734095257e-04,
          8.2822934550331984e-04, -2.8144410717252659e-03,
          6.9663329593483924e-04, 5.4700257999726583e-03,
          -4.0344165289161946e-03, 1.4611382786309725e-03,
          5.5531344745726643e-02, -6.0594334166641723e-03,
          6.4474933473608297e-03, -8.5734246317745622e-05,
