%YAML:1.0
---
groups:
   - intact
   - CD19
   - blast
intactGmmnames:
   - "intact.718.0"
   - "intact.718.1"
   - "intact.718.2"
   - "intact.718.3"
   - "intact.718.4"
intactLabels:
   - FSC-A
   - SSC-A
   - SY41
   - CD19
   - CD10
   - CD20
   - CD45
   - CD34
   - CD38
intactMu: !!opencv-matrix
   rows: 5
   cols: 9
   dt: d
   data: [ 1.6735298698556438e+00, 3.0031324483319216e-01,
       3.6106786289601858e+00, 8.1265498137829206e-01,
       8.0093642072132887e-01, 8.7352820903655337e-01,
       3.4046175716922362e+00, 1.0722079780653972e+00,
       1.6606880939546438e+00, 1.1092172644857634e+00,
       5.3616889353706620e-01, 3.3655463298069477e+00,
       8.7437019955870166e-01, 9.1718806835222855e-01,
       1.1488397946851385e+00, 1.3335600990978496e+00,
       1.0704206870115560e+00, 1.4415271207756981e+00,
       1.9443176423365931e+00, 5.7452014623113312e-01,
       3.3514272367495801e+00, 1.0239234607748944e+00,
       8.7253746186410508e-01, 1.0216011536062546e+00,
       3.6095674444627281e+00, 1.0982145156154697e+00,
       1.4923315434390008e+00, 1.7169509890516457e+00,
       7.0190376139144817e-01, 3.2691354080029007e+00,
       1.0697247138835702e+00, 8.7066474329458465e-01,
       9.5318393956798320e-01, 3.5634693682051468e+00,
       1.1123016520497158e+00, 2.5409975418267408e+00,
       2.0677741775948135e+00, 2.3909038189236473e+00,
       3.3522755011194869e+00, 1.3885837936951337e+00,
       1.7879911915504938e+00, 1.4100539239212062e+00,
       2.6375668676632178e+00, 1.3077669351804466e+00,
       1.8405173849957150e+00 ]
intactSigma:
   - !!opencv-matrix
      rows: 9
      cols: 9
      dt: d
      data: [ 2.5602800354853411e-01, 1.2361969451040896e-02,
          -1.9403345132695416e-02, 1.9581362805816672e-02,
          6.9290269010901361e-03, 1.2501780912449559e-02,
          3.6579128042996317e-02, -3.8467800896286766e-03,
          -1.6520967612499273e-03, 1.2361969451040896e-02,
          7.2289928764070286e-03, -1.2143163466234335e-03,
          3.0600509804105283e-03, 2.4410833545283413e-03,
          7.3894330059187923e-03, 4.5798787894482931e-03,
          6.1001504314891564e-04, -3.5913208104222808e-03,
          -1.9403345132695416e-02, -1.2143163466234335e-03,
          7.9469056296656571e-03, -6.1567257232510615e-03,
          -1.7769034606456738e-03, -4.5263027583058334e-04,
          -3.4839495002428108e-03, 1.1177880392298893e-03,
          -6.0400750648449892e-04, 1.9581362805816672e-02,
          3.0600509804105279e-03, -6.1567257232510624e-03,
          2.7340292748247143e-02, 1.9466555458522027e-03,
          4.8574215298452083e-03, 3.8776930846471467e-03,
          1.4668576697246828e-03, -3.9523432059500830e-03,
          6.9290269010901361e-03, 2.4410833545283413e-03,
          -1.7769034606456738e-03, 1.9466555458522022e-03,
          3.8255844632883090e-02, -4.4126065729164152e-03,
          2.0928468879972029e-03, -4.3347892205789981e-03,
          -2.9352887633276831e-03, 1.2501780912449559e-02,
          7.3894330059187923e-03, -4.5263027583058334e-04,
          4.8574215298452092e-03, -4.4126065729164160e-03,
          9.0593101570389023e-02, 6.0861720849720285e-03,
          -2.7412589677504095e-04, -1.0085222474911297e-02,
          3.6579128042996317e-02, 4.5798787894482940e-03,
          -3.4839495002428117e-03, 3.8776930846471467e-03,
          2.0928468879972037e-03, 6.0861720849720293e-03,
          1.4208239085216645e-02, -2.2669440643286044e-03,
          -4.0457315902169911e-03, -3.8467800896286779e-03,
          6.1001504314891618e-04, 1.1177880392298884e-03,
          1.4668576697246824e-03, -4.3347892205789973e-03,
          -2.7412589677504090e-04, -2.2669440643286048e-03,
          1.1224051896696878e-01, 2.6486780810483449e-03,
          -1.6520967612499273e-03, -3.5913208104222808e-03,
          -6.0400750648449957e-04, -3.9523432059500813e-03,
          -2.9352887633276822e-03, -1.0085222474911297e-02,
          -4.0457315902169919e-03, 2.6486780810483449e-03,
          6.9772239055309868e-02 ]
   - !!opencv-matrix
      rows: 9
      cols: 9
      dt: d
      data: [ 1.1399813360564511e-01, 2.6076962003185000e-02,
          -1.8249353475343906e-02, 8.5287797449494149e-03,
          6.9349939243063463e-03, 1.4365856958567087e-02,
          1.5528722630830416e-02, 4.0905748181008722e-03,
          1.8503489968786520e-03, 2.6076962003185000e-02,
          4.6945654504976946e-02, 5.3969759786273337e-03,
          7.0920927270526702e-03, 9.3520800948687401e-03,
          3.2434843103001230e-02, 1.0267969095684670e-02,
          3.5077924104437962e-03, 4.1424172057246090e-03,
          -1.8249353475343909e-02, 5.3969759786273337e-03,
          1.6837062578747927e-01, -6.2940160566333392e-02,
          -1.9234630740007006e-02, 1.6520368332794393e-02,
          -2.1395035911896204e-02, -4.5350124021930763e-03,
          8.9130487437379061e-03, 8.5287797449494166e-03,
          7.0920927270526693e-03, -6.2940160566333392e-02,
          4.0988126461116131e-02, 1.2021458294836602e-02,
          3.1629350798602798e-03, 9.8198286293513116e-03,
          1.3729841939967469e-03, -5.2928691249724946e-03,
          6.9349939243063437e-03, 9.3520800948687418e-03,
          -1.9234630740007006e-02, 1.2021458294836602e-02,
          4.1860638355044652e-02, 5.1313932543690707e-03,
          7.7174989259260552e-03, 2.7737467100368072e-04,
          -4.1615716845062818e-04, 1.4365856958567087e-02,
          3.2434843103001230e-02, 1.6520368332794397e-02,
          3.1629350798602820e-03, 5.1313932543690715e-03,
          9.3305504383518714e-02, 5.5815918833000012e-03,
          3.9235233653230750e-04, 3.4893655094238559e-03,
          1.5528722630830416e-02, 1.0267969095684669e-02,
          -2.1395035911896208e-02, 9.8198286293513150e-03,
          7.7174989259260552e-03, 5.5815918833000012e-03,
          8.0805888603786249e-02, 3.3482278675326131e-04,
          -9.3116308775166080e-04, 4.0905748181008722e-03,
          3.5077924104437975e-03, -4.5350124021930772e-03,
          1.3729841939967465e-03, 2.7737467100368034e-04,
          3.9235233653230750e-04, 3.3482278675326120e-04,
          3.4513022288347912e-02, 4.6261094441901968e-04,
          1.8503489968786525e-03, 4.1424172057246099e-03,
          8.9130487437379027e-03, -5.2928691249724937e-03,
          -4.1615716845062834e-04, 3.4893655094238559e-03,
          -9.3116308775166102e-04, 4.6261094441901951e-04,
          6.2315317651527461e-03 ]
   - !!opencv-matrix
      rows: 9
      cols: 9
      dt: d
      data: [ 2.4782032539023582e-01, 9.0223579821016257e-03,
          -4.6042568944468665e-03, 9.3778608674585182e-03,
          -4.9656355058363272e-04, -2.0798223325988975e-03,
          2.3614558094815621e-02, -3.8326851229741961e-03,
          -8.2454186229911040e-03, 9.0223579821016257e-03,
          1.8531402030463690e-02, -4.8684648822420219e-03,
          6.9355751104128952e-03, 3.6093358140554367e-03,
          6.3725207714461886e-03, 5.2509680252892967e-03,
          8.7200084099418374e-04, 1.5888086257579580e-03,
          -4.6042568944468648e-03, -4.8684648822420219e-03,
          8.2184941616756671e-02, -3.4672459181608176e-02,
          -1.1457588552470886e-02, 5.2284124472376114e-05,
          -5.2714776256845980e-03, 3.0110958796366540e-03,
          3.9563772838411039e-03, 9.3778608674585200e-03,
          6.9355751104128952e-03, -3.4672459181608176e-02,
          5.2402486496998892e-02, 6.2717225109330350e-03,
          3.5308691110661284e-03, 4.6060249832584645e-03,
          1.9739911854995212e-03, -6.7327292689573727e-03,
          -4.9656355058363272e-04, 3.6093358140554367e-03,
          -1.1457588552470886e-02, 6.2717225109330393e-03,
          4.1010855248710835e-02, -5.3502719580178389e-03,
