%YAML:1.0
---
groups:
   - intact
   - CD19
   - blast
intactGmmnames:
   - "intact.730.0"
   - "intact.730.1"
   - "intact.730.2"
   - "intact.730.3"
   - "intact.730.4"
intactLabels:
   - FSC-A
   - SSC-A
   - SY41
   - CD19
   - CD10
   - CD20
   - CD45
   - CD34
   - CD38
intactMu: !!opencv-matrix
   rows: 5
   cols: 9
   dt: d
   data: [ 2.8967380623112948e+00, 3.4254373902739021e+00,
       3.1116124275306554e+00, 1.6608178775859026e+00,
       2.3490095156662059e+00, 1.1732087534928122e+00,
       3.0244364881222912e+00, 1.1496616478021582e+00,
       1.6347161580967717e+00, 8.5424516045362864e-01,
       2.6398435898496769e-01, 3.4645230511295955e+00,
       9.5986923476269670e-01, 7.9447226629462586e-01,
       8.7474798826774591e-01, 3.3731781374581375e+00,
       1.0540610550207115e+00, 1.8103271654179791e+00,
       8.4295641483001627e-01, 4.3844677901515600e-01,
       3.4214687253941656e+00, 8.6125154925003178e-01,
       1.0961496670764115e+00, 9.9308068545598993e-01,
       1.3960512990855123e+00, 1.1200760346769800e+00,
       1.5576692851312062e+00, 1.5228497119653328e+00,
       4.5470477647670593e-01, 3.2011772299753547e+00,
       1.1540497309686761e+00, 8.8382216882981757e-01,
       1.0177106892627430e+00, 3.6109662054339413e+00,
       1.0816625218077953e+00, 1.8703302938248674e+00,
       1.8569390260867784e+00, 1.1360527580475261e+00,
       3.2664998222415629e+00, 1.2638440857050854e+00,
       1.5274636085943962e+00, 1.4487206423424575e+00,
       2.2007273877862077e+00, 1.6138416361986743e+00,
       2.1050332886376406e+00 ]
intactSigma:
   - !!opencv-matrix
      rows: 9
      cols: 9
      dt: d
      data: [ 5.9565994362805541e-01, 8.1070835278819614e-02,
          5.9567621477319491e-03, 1.1968473938567826e-02,
          -1.3321759549307438e-01, 2.9755683299754029e-02,
          2.3762759048835663e-03, 6.9486616673079783e-04,
          2.7221941928095086e-02, 8.1070835278819614e-02,
          3.4240134996032140e-01, -8.0992364796557016e-03,
          6.3384456326725139e-02, 1.4673178823598812e-01,
          2.6514209911536819e-02, 4.6112174589831724e-02,
          2.0213677247670116e-02, -1.2356867678971595e-02,
          5.9567621477319517e-03, -8.0992364796557033e-03,
          5.2337952381479813e-02, -1.1071789707993914e-02,
          -1.8855425288816223e-02, 4.5625499553307207e-03,
          -4.2617487634037492e-03, 3.6680498724250415e-03,
          4.8498366626236926e-03, 1.1968473938567824e-02,
          6.3384456326725153e-02, -1.1071789707993921e-02,
          3.0924960848098777e-02, 3.7903532518551976e-02,
          6.1575617981121655e-03, 1.1308585172055173e-02,
          4.8069448940797994e-03, -7.6646834644246145e-03,
          -1.3321759549307435e-01, 1.4673178823598812e-01,
          -1.8855425288816223e-02, 3.7903532518551983e-02,
          5.9664533459394620e-01, 2.8445062551365453e-03,
          1.2167427285733511e-01, 3.0439775597899794e-02,
          -7.2254974792987314e-02, 2.9755683299754029e-02,
          2.6514209911536815e-02, 4.5625499553307207e-03,
          6.1575617981121655e-03, 2.8445062551365444e-03,
          6.4126154440731151e-02, 8.1406925296169785e-03,
          5.8115959284726557e-03, 2.3397145212036580e-03,
          2.3762759048835654e-03, 4.6112174589831731e-02,
          -4.2617487634037474e-03, 1.1308585172055173e-02,
          1.2167427285733511e-01, 8.1406925296169785e-03,
          6.0096101081164512e-02, 6.8660800528119676e-03,
          -1.6912814713903716e-02, 6.9486616673079696e-04,
          2.0213677247670123e-02, 3.6680498724250428e-03,
          4.8069448940797985e-03, 3.0439775597899781e-02,
          5.8115959284726539e-03, 6.8660800528119693e-03,
          1.0182845123959915e-01, -1.3508964100416708e-03,
          2.7221941928095086e-02, -1.2356867678971597e-02,
          4.8498366626236944e-03, -7.6646834644246145e-03,
          -7.2254974792987314e-02, 2.3397145212036572e-03,
          -1.6912814713903716e-02, -1.3508964100416704e-03,
          4.1977292840567011e-02 ]
   - !!opencv-matrix
      rows: 9
      cols: 9
      dt: d
      data: [ 1.0817138706463571e-01, 6.4867530518863065e-03,
          -2.8065922922234417e-02, 1.3234218810012268e-02,
          6.5676361421261095e-03, 1.3180866296726898e-02,
          2.9555342327470001e-02, -1.8098001151020081e-03,
          -8.2685656966899231e-03, 6.4867530518863048e-03,
          3.3515764243693342e-03, -2.3646261780819878e-03,
          2.4971046877847233e-03, 1.6073460304065112e-03,
          5.4682350612970561e-03, 3.5955919918456681e-03,
          1.1356481537231433e-04, -4.1784129441103232e-03,
          -2.8065922922234414e-02, -2.3646261780819878e-03,
          5.7620408304790274e-02, -2.7553140025102226e-02,
          -1.4346544152996877e-02, -6.7693361079818040e-03,
          -9.8586960115319994e-03, 1.0608985915282665e-03,
          9.1938394523015804e-03, 1.3234218810012268e-02,
          2.4971046877847237e-03, -2.7553140025102226e-02,
          3.1450681201692060e-02, 7.8187513775779659e-03,
          6.3398716377361273e-03, 5.7397119921835530e-03,
          8.4386944568171963e-04, -8.4462048479427114e-03,
          6.5676361421261095e-03, 1.6073460304065112e-03,
          -1.4346544152996877e-02, 7.8187513775779659e-03,
          3.6582162318662834e-02, -2.3516943075769393e-03,
          3.2450634100980669e-03, -3.0620088279250594e-03,
          -4.5028328248644623e-03, 1.3180866296726901e-02,
          5.4682350612970561e-03, -6.7693361079818031e-03,
          6.3398716377361273e-03, -2.3516943075769397e-03,
          6.4997700459563351e-02, 6.2970533268442612e-03,
          1.0883412882239009e-04, -1.1550212841191464e-02,
          2.9555342327470001e-02, 3.5955919918456681e-03,
          -9.8586960115320012e-03, 5.7397119921835521e-03,
          3.2450634100980678e-03, 6.2970533268442612e-03,
          1.6379332038063205e-02, -2.4420439131526079e-03,
          -5.3184242059359900e-03, -1.8098001151020090e-03,
          1.1356481537231436e-04, 1.0608985915282667e-03,
          8.4386944568171920e-04, -3.0620088279250594e-03,
          1.0883412882239011e-04, -2.4420439131526079e-03,
          1.0299346997118011e-01, 1.8294326700390496e-03,
          -8.2685656966899231e-03, -4.1784129441103240e-03,
          9.1938394523015804e-03, -8.4462048479427114e-03,
          -4.5028328248644597e-03, -1.1550212841191461e-02,
          -5.3184242059359900e-03, 1.8294326700390500e-03,
          6.4533894061894886e-02 ]
   - !!opencv-matrix
      rows: 9
      cols: 9
      dt: d
      data: [ 1.5501871282656979e-01, 3.5715188417159857e-02,
          -5.2991298536360108e-02, 2.1915210302416645e-02,
          1.8531660892740033e-02, 2.2522016949863253e-02,
          2.5891646928658942e-02, 3.1766860558554599e-02,
          6.0781462106801656e-03, 3.5715188417159857e-02,
          2.8089961288472024e-02, 3.0017819000666022e-03,
          4.3659911044984711e-03, 1.5934063474741515e-02,
          1.9080726539638163e-02, 1.2519895691650108e-02,
          9.4503977843067594e-03, 8.1016107523354669e-03,
          -5.2991298536360122e-02, 3.0017819000666022e-03,
          2.0032400956700214e-01, -7.5713002592064468e-02,
          1.4168011973401182e-02, 1.9793238624617886e-02,
          -2.4036486548311326e-02, -6.0625984784063322e-02,
          1.8275036420615173e-02, 2.1915210302416641e-02,
          4.3659911044984711e-03, -7.5713002592064468e-02,
          4.5216356773522433e-02, 5.1436359303030635e-03,
          9.0063022519365585e-04, 1.1654703306948606e-02,
          1.9535076880872779e-02, -7.2002828112125924e-03,
          1.8531660892740033e-02, 1.5934063474741515e-02,
          1.4168011973401187e-02, 5.1436359303030635e-03,
          1.3783139979320785e-01, 1.4301211320159031e-02,
          1.4840396659878432e-02, -6.8229470558654488e-03,
