%YAML:1.0
---
groups:
   - intact
   - CD19
intactGmmnames:
   - "intact.735.0"
   - "intact.735.1"
   - "intact.735.2"
   - "intact.735.3"
   - "intact.735.4"
intactLabels:
   - FSC-A
   - SSC-A
   - SY41
   - CD19
   - CD10
   - CD20
   - CD45
   - CD34
   - CD38
intactMu: !!opencv-matrix
   rows: 5
   cols: 9
   dt: d
   data: [ 1.1074250583360554e+00, 3.1508843552187649e-01,
       2.8665551688129360e+00, 9.7937862649033791e-01,
       8.8293832480218248e-01, 8.9006731238770875e-01,
       1.1405183217305634e+00, 9.7413983646859137e-01,
       1.4626888144827328e+00, 3.1070077121680164e+00,
       3.3212348981313147e+00, 2.8420052950616190e+00,
       1.6182543240921650e+00, 2.0847488459142767e+00,
       1.1851841210228315e+00, 2.7529179751655217e+00,
       1.0302946974401836e+00, 1.5532821856807211e+00,
       1.8971569598052358e+00, 4.4119058408296236e-01,
       2.7849343343197610e+00, 1.2603023108446669e+00,
       8.3390088628169068e-01, 9.6028516790377605e-01,
       3.6476565420837987e+00, 1.0119482450392379e+00,
       1.6846683238533553e+00, 1.7468405188744220e+00,
       1.7577690295009520e+00, 2.3776686223176031e+00,
       1.3964796661801144e+00, 1.1028417882820780e+00,
       1.2817706283981323e+00, 2.5073099362730402e+00,
       1.5407762434194900e+00, 1.9274343720405234e+00,
       2.1716128525018288e+00, 1.2703801112139887e+00,
       2.9094343755416796e+00, 1.2570569999611245e+00,
       1.1153747152301436e+00, 1.2231892359247754e+00,
       2.4844972308206645e+00, 1.2651313374165145e+00,
       2.2794137661631715e+00 ]
intactSigma:
   - !!opencv-matrix
      rows: 9
      cols: 9
      dt: d
      data: [ 1.5757411184181136e-01, 2.3685326336177322e-02,
          -2.4878315442736266e-02, 7.2645124259758083e-03,
          1.1328981466140834e-02, 2.2856915400359695e-02,
          2.0227615398661102e-02, 9.8867537367529432e-04,
          4.9301625807958785e-03, 2.3685326336177318e-02,
          1.5555353787918795e-02, 1.9836786783077620e-03,
          3.3462474643460257e-03, 7.6346091605547194e-03,
          1.2241832378223879e-02, 1.5831364714328042e-02,
          1.5163774739113162e-03, 4.8221391020173256e-03,
          -2.4878315442736266e-02, 1.9836786783077628e-03,
          1.1536595455344141e-01, -1.4230814723718619e-02,
          -2.2011211690256172e-03, 3.3727002900414498e-03,
          3.8859633025594108e-03, 1.4193481111641224e-03,
          5.1265472235301210e-03, 7.2645124259758075e-03,
          3.3462474643460253e-03, -1.4230814723718619e-02,
          8.0172759949195954e-03, 2.5509995138786380e-03,
          2.8018372489776937e-03, 2.7065267282163187e-03,
          2.6028446990709577e-04, -5.1876773262499523e-04,
          1.1328981466140834e-02, 7.6346091605547194e-03,
          -2.2011211690256163e-03, 2.5509995138786380e-03,
          5.6465177784283178e-02, 1.3393514867376998e-03,
          1.8328050130056929e-02, 1.7815498978671342e-04,
          4.4601836170421721e-03, 2.2856915400359695e-02,
          1.2241832378223880e-02, 3.3727002900414498e-03,
          2.8018372489776932e-03, 1.3393514867376991e-03,
          5.8107006756575687e-02, 9.7622932845060021e-03,
          1.1663105869954588e-03, 2.8790773914064921e-03,
          2.0227615398661098e-02, 1.5831364714328038e-02,
          3.8859633025594108e-03, 2.7065267282163179e-03,
          1.8328050130056929e-02, 9.7622932845060021e-03,
          1.5674441299644334e-01, 9.1109833824451567e-04,
          1.6733509383781493e-02, 9.8867537367529432e-04,
          1.5163774739113162e-03, 1.4193481111641208e-03,
          2.6028446990709561e-04, 1.7815498978671329e-04,
          1.1663105869954590e-03, 9.1109833824451632e-04,
          2.2255543138589635e-02, 8.5685084475177887e-04,
          4.9301625807958785e-03, 4.8221391020173256e-03,
          5.1265472235301210e-03, -5.1876773262499512e-04,
          4.4601836170421721e-03, 2.8790773914064926e-03,
          1.6733509383781493e-02, 8.5685084475177887e-04,
          1.2275772568372468e-02 ]
   - !!opencv-matrix
      rows: 9
      cols: 9
      dt: d
      data: [ 5.7562056274411300e-01, 1.9269717518368959e-01,
          7.1005278136716211e-03, 3.6153954434001476e-02,
          -1.5958048019042406e-01, 4.3788826075844098e-02,
          3.2046000761091063e-02, -2.9619008655010735e-04,
          1.9237733778424249e-02, 1.9269717518368959e-01,
          5.0250770659744026e-01, -3.1796002508022704e-02,
          9.2346197541301286e-02, 1.3604245493307429e-01,
          4.3867552940334842e-02, 4.6872659050088410e-02,
          1.0896359841202069e-02, -7.5196587933683227e-03,
          7.1005278136716211e-03, -3.1796002508022704e-02,
          3.4195054030607810e-02, -8.4705163892810336e-03,
          -2.2354856153990750e-02, 1.2731533211439083e-03,
          -5.0856131859149728e-03, 2.7650331757701234e-05,
          2.1616855348308307e-03, 3.6153954434001483e-02,
          9.2346197541301286e-02, -8.4705163892810336e-03,
          3.3222704738215765e-02, 2.3396995429602340e-02,
          9.2621371830213083e-03, 1.0112541953385438e-02,
          2.8320579436121578e-03, -5.0757327715512026e-03,
          -1.5958048019042406e-01, 1.3604245493307432e-01,
          -2.2354856153990757e-02, 2.3396995429602340e-02,
          3.7918701648223213e-01, -1.4353132925434069e-02,
          2.9601481666242282e-02, 6.6315020323009328e-03,
          -3.5718599598422177e-02, 4.3788826075844091e-02,
          4.3867552940334842e-02, 1.2731533211439087e-03,
          9.2621371830213083e-03, -1.4353132925434076e-02,
          4.9186317758528393e-02, 5.0356634116731289e-03,
          9.4372263728899081e-04, 6.4141956078076056e-03,
          3.2046000761091070e-02, 4.6872659050088417e-02,
          -5.0856131859149728e-03, 1.0112541953385438e-02,
          2.9601481666242282e-02, 5.0356634116731280e-03,
          3.8656268262575483e-02, -4.0348383987009003e-04,
          5.8431300439943268e-04, -2.9619008655010806e-04,
          1.0896359841202068e-02, 2.7650331757701092e-05,
          2.8320579436121578e-03, 6.6315020323009328e-03,
          9.4372263728899081e-04, -4.0348383987009003e-04,
          6.8960659327046647e-02, 8.6295672432338177e-04,
          1.9237733778424249e-02, -7.5196587933683235e-03,
          2.1616855348308311e-03, -5.0757327715512017e-03,
          -3.5718599598422177e-02, 6.4141956078076056e-03,
          5.8431300439943203e-04, 8.6295672432338177e-04,
          3.6289145694844989e-02 ]
   - !!opencv-matrix
      rows: 9
      cols: 9
      dt: d
      data: [ 3.3758674739128369e-01, 4.9098121317909992e-02,
          -5.0212171448523073e-02, 2.7800412892459117e-02,
          1.2084936608594950e-02, 3.6997668726667064e-02,
          5.9872178426970513e-02, 7.8054451726289656e-04,
          -1.9518853332251437e-02, 4.9098121317909992e-02,
          3.1440049848468939e-02, -2.0288514872590365e-02,
          1.8167513070126158e-02, 6.4711402725813683e-03,
          1.6996404420413960e-02, 1.9748296536868243e-02,
          2.3183854685319082e-03, 5.1918658310879644e-03,
          -5.0212171448523073e-02, -2.0288514872590369e-02,
          4.6842743049186994e-02, -1.6923834455221776e-02,
          -4.6723599781041628e-03, -9.2172848802284484e-03,
          -1.9452146705865592e-02, -3.6382212711748275e-04,
          -4.0721448947580816e-03, 2.7800412892459114e-02,
          1.8167513070126158e-02, -1.6923834455221772e-02,
          4.1113022870747674e-02, 3.5864441750236798e-03,
          1.0668817505720117e-02, 1.3741811169978364e-02,
          4.7879769795099907e-03, 2.0405629367949594e-03,
          1.2084936608594950e-02, 6.4711402725813683e-03,
          -4.6723599781041637e-03, 3.5864441750236803e-03,
          4.6975849814802892e-02, -2.2127798540574526e-03,
          4.1114485091110851e-03, -7.5656765072457830e-03,
