%YAML:1.0
---
groups:
   - intact
   - CD19
   - blast
intactGmmnames:
   - "intact.736.0"
   - "intact.736.1"
   - "intact.736.2"
   - "intact.736.3"
   - "intact.736.4"
intactLabels:
   - FSC-A
   - SSC-A
   - SY41
   - CD19
   - CD10
   - CD20
   - CD45
   - CD34
   - CD38
intactMu: !!opencv-matrix
   rows: 5
   cols: 9
   dt: d
   data: [ 7.9399891341304285e-01, 3.5354914784778030e-01,
       2.5350871041808265e+00, 1.1656663190899199e+00,
       8.6567345903036808e-01, 9.0481881872847958e-01,
       3.3901023056853834e+00, 9.7661608615259599e-01,
       1.6678692885295823e+00, 1.3782898224178770e+00,
       9.5151459261782634e-01, 1.9809349622123220e+00,
       1.2256187519925372e+00, 9.9769814545172653e-01,
       1.0348479821550640e+00, 2.1915615691771628e+00,
       1.4543019217461544e+00, 1.4367188432530815e+00,
       2.1452267505597984e+00, 3.2138393259543681e+00,
       2.6870144825914766e+00, 1.7136217996718348e+00,
       1.7617576112068489e+00, 1.2757502445387017e+00,
       2.5180451491563192e+00, 1.1430892935550836e+00,
       1.6758318245696853e+00, 1.3247407171640726e+00,
       1.0428325409161787e+00, 2.6797394925670042e+00,
       1.3360293100855967e+00, 1.3774970492737886e+00,
       1.2804278452791198e+00, 2.5560764769077986e+00,
       1.3581135265703694e+00, 2.1984018237241991e+00,
       5.1400815052044579e-01, 2.6187987859003381e-01,
       2.4218784029315299e+00, 9.9167132052650442e-01,
       8.8210226104061518e-01, 8.6727250787206334e-01,
       1.3038098692931948e+00, 1.0468047813195445e+00,
       1.2727197686338594e+00 ]
intactSigma:
   - !!opencv-matrix
      rows: 9
      cols: 9
      dt: d
      data: [ 8.3236423741121085e-02, 1.7040227163025053e-02,
          -3.2520688789062502e-02, 8.5227890789680988e-03,
          3.6508520727995893e-03, 8.3640945209129715e-03,
          2.1895725005215971e-02, 4.5520922652701648e-04,
          1.2692468026118925e-02, 1.7040227163025053e-02,
          2.5557157404639368e-02, -1.9111234842957348e-02,
          1.0905024021215775e-02, 7.9242131402005520e-03,
          1.1724009256058293e-02, 1.0399407528808037e-02,
          1.7357724469962560e-03, 3.1834215754945730e-02,
          -3.2520688789062502e-02, -1.9111234842957348e-02,
          4.0015955293807498e-02, -1.0841490061622230e-02,
          -4.1026414434718623e-03, -7.8790140086330649e-03,
          -1.6894641776067004e-02, 2.3942552862653136e-04,
          -1.9631310983902854e-02, 8.5227890789680971e-03,
          1.0905024021215775e-02, -1.0841490061622230e-02,
          2.8579758710132103e-02, 3.6985291195805897e-03,
          6.1186556123877314e-03, 6.5010790737139333e-03,
          2.2906078801678267e-03, 5.2926987608555107e-03,
          3.6508520727995884e-03, 7.9242131402005520e-03,
          -4.1026414434718623e-03, 3.6985291195805910e-03,
          5.3299094465628818e-02, -5.7692435669622769e-03,
          3.0406320553037205e-03, -2.8503080374734035e-03,
          5.6888279263634751e-03, 8.3640945209129697e-03,
          1.1724009256058295e-02, -7.8790140086330684e-03,
          6.1186556123877314e-03, -5.7692435669622769e-03,
          6.7241940810485068e-02, 6.4566253228307618e-03,
          7.4443690387566161e-04, 4.6094245531838251e-03,
          2.1895725005215975e-02, 1.0399407528808037e-02,
          -1.6894641776067004e-02, 6.5010790737139333e-03,
          3.0406320553037209e-03, 6.4566253228307635e-03,
          1.8926183549260883e-02, -2.2342193667490712e-03,
          -7.6453770642932089e-04, 4.5520922652701648e-04,
          1.7357724469962558e-03, 2.3942552862653109e-04,
          2.2906078801678271e-03, -2.8503080374734056e-03,
          7.4443690387566129e-04, -2.2342193667490716e-03,
          1.1287890945438252e-01, 7.2512700314785756e-03,
          1.2692468026118920e-02, 3.1834215754945723e-02,
          -1.9631310983902858e-02, 5.2926987608555107e-03,
          5.6888279263634768e-03, 4.6094245531838243e-03,
          -7.6453770642932034e-04, 7.2512700314785782e-03,
          2.5100789149387409e-01 ]
   - !!opencv-matrix
      rows: 9
      cols: 9
      dt: d
      data: [ 5.3756093226980861e-01, 2.9799162426967224e-01,
          1.0840211641796457e-01, 8.5745105314931652e-02,
          6.8638334696196360e-02, 1.0351525905449344e-01,
          1.7005154479944695e-01, 1.3181529472298181e-01,
          7.9890441126085926e-02, 2.9799162426967224e-01,
          2.9104147848278661e-01, 8.8410234165860177e-02,
          8.2691992843496792e-02, 6.5685430091874192e-02,
          9.6200451532805847e-02, 1.4382960833100364e-01,
          1.1685302261692895e-01, 7.1657447872458535e-02,
          1.0840211641796459e-01, 8.8410234165860177e-02,
          3.7709305976021991e-02, 2.5487829268067572e-02,
          2.0963206251951645e-02, 3.0981588650560509e-02,
          4.6330453481305843e-02, 3.6923669271576143e-02,
          2.2954745591061084e-02, 8.5745105314931652e-02,
          8.2691992843496792e-02, 2.5487829268067572e-02,
          3.7395014866768626e-02, 1.9750119446549013e-02,
          2.8673870196935750e-02, 4.0498413393072405e-02,
          3.4321734572510094e-02, 1.6828314276530077e-02,
          6.8638334696196346e-02, 6.5685430091874192e-02,
          2.0963206251951645e-02, 1.9750119446549020e-02,
          6.8728852462319176e-02, 1.4193958195547777e-02,
          3.5971128790053417e-02, 2.5243088517498187e-02,
          1.7250238109087660e-02, 1.0351525905449342e-01,
          9.6200451532805847e-02, 3.0981588650560509e-02,
          2.8673870196935750e-02, 1.4193958195547775e-02,
          8.7875556323666934e-02, 5.0407175718182325e-02,
          4.0522295685794393e-02, 2.4616102406522310e-02,
          1.7005154479944695e-01, 1.4382960833100364e-01,
          4.6330453481305843e-02, 4.0498413393072412e-02,
          3.5971128790053417e-02, 5.0407175718182325e-02,
          1.1789226209768412e-01, 6.0310950520324827e-02,
          3.5150144164156023e-02, 1.3181529472298181e-01,
          1.1685302261692897e-01, 3.6923669271576136e-02,
          3.4321734572510094e-02, 2.5243088517498177e-02,
          4.0522295685794393e-02, 6.0310950520324827e-02,
          1.1995704638935502e-01, 3.1375995102365009e-02,
          7.9890441126085940e-02, 7.1657447872458535e-02,
          2.2954745591061091e-02, 1.6828314276530077e-02,
          1.7250238109087660e-02, 2.4616102406522310e-02,
          3.5150144164156023e-02, 3.1375995102365009e-02,
          4.3299967562720747e-02 ]
   - !!opencv-matrix
      rows: 9
      cols: 9
      dt: d
      data: [ 6.1343006067854089e-01, 4.3308332721391597e-02,
          2.7883631337347347e-02, 1.4891058519354017e-02,
          -2.2437053412057012e-01, 6.9696197405049967e-02,
          8.1766965267759239e-03, 2.8602453959644645e-02,
          1.2522572085184608e-01, 4.3308332721391597e-02,
          4.3538570429329504e-01, -5.6525525039902279e-03,
          7.9759303068470538e-02, 1.7013417956735744e-01,
          3.2896691281385004e-02, 5.1742520317703627e-02,
          2.7679528772025716e-02, -2.7132751659559022e-02,
          2.7883631337347350e-02, -5.6525525039902262e-03,
          2.8497710467850285e-02, -1.8958568203367042e-03,
          -1.4183576367379597e-02, 1.0159965359900115e-02,
          -3.5991498474586265e-03, -4.6630655364017252e-03,
          2.5068687268999669e-02, 1.4891058519354017e-02,
          7.9759303068470525e-02, -1.8958568203367046e-03,
          3.0112053087413240e-02, 2.6318607096562936e-02,
          8.9090596529775995e-03, 1.0251038433527714e-02,
          8.1870451845532932e-03, -7.5240997458430221e-03,
          -2.2437053412057012e-01, 1.7013417956735746e-01,
          -1.4183576367379597e-02, 2.6318607096562936e-02,
          3.7276722793480122e-01, -2.5955079601763395e-02,
          6.1670910200330907e-02, 1.5775870853268779e-02,
