%YAML:1.0
---
groups:
   - intact
   - CD19
   - blast
intactGmmnames:
   - "intact.736.0"
   - "intact.736.1"
   - "intact.736.2"
   - "intact.736.3"
   - "intact.736.4"
intactLabels:
   - FSC-A
   - SSC-A
   - SY41
   - CD19
   - CD10
   - CD20
   - CD45
   - CD34
   - CD38
intactMu: !!opencv-matrix
   rows: 5
   cols: 9
   dt: d
   data: [ 1.8398313127171013e+00, 2.3299852610397460e+00,
       3.5891576634829088e+00, 1.2370502109578141e+00,
       2.0729402018311931e+00, 1.1295576048234415e+00,
       2.6203752854176736e+00, 1.1335569032940178e+00,
       1.6845989497288512e+00, 1.0674821712751914e+00,
       2.8410328502003401e-01, 3.5683137608182305e+00,
       1.0418949506303663e+00, 7.8762553827380843e-01,
       8.0286200371272198e-01, 3.6063782013075332e+00,
       1.1000985638908845e+00, 1.7865984537583153e+00,
       2.2296140153622139e+00, 1.4619106794720151e+00,
       3.4019067857891150e+00, 1.2524223750258432e+00,
       1.4647773941683184e+00, 1.3816798496018692e+00,
       2.9372074685156355e+00, 1.3866778626532517e+00,
       2.1958331139066782e+00, 8.2117441160460702e-01,
       4.6371929114354837e-01, 3.3549752135126396e+00,
       8.8802816957832276e-01, 1.2284598624534988e+00,
       1.0045040888725689e+00, 1.5630843202537457e+00,
       1.1991423803953609e+00, 1.5617758517872116e+00,
       1.3716678030572702e+00, 5.4621423672725977e-01,
       3.1983210241322539e+00, 1.2573617500496914e+00,
       8.9039149687855101e-01, 9.2585272707514388e-01,
       3.7567990983338904e+00, 1.1350701748445020e+00,
       2.1840610945200631e+00 ]
intactSigma:
   - !!opencv-matrix
      rows: 9
      cols: 9
      dt: d
      data: [ 3.0509752631069625e-01, 1.7176756115795669e-01,
          -4.6534015451309002e-03, 3.2561779146852834e-02,
          -1.8269313322154718e-02, 3.2784890679755853e-02,
          1.4355259758921305e-02, 3.2921682454675688e-03,
          1.3198840915935386e-02, 1.7176756115795669e-01,
          3.8291723720044823e-01, -5.1496124040092427e-02,
          9.2646952928653700e-02, 6.5626920275368761e-02,
          4.9334896560942608e-02, 3.0929166347130839e-02,
          8.2996099711468308e-03, 2.5669236229773060e-02,
          -4.6534015451308959e-03, -5.1496124040092427e-02,
          4.5671729816426095e-02, -3.2610774911181875e-02,
          -1.9407107030724801e-02, -6.8431457119498178e-03,
          -1.0669810701355911e-02, -7.9138583731224832e-04,
          2.7156011619845284e-03, 3.2561779146852834e-02,
          9.2646952928653700e-02, -3.2610774911181861e-02,
          4.9386891832874050e-02, 2.1921174890186662e-02,
          1.2769977916625253e-02, 1.0624590901082281e-02,
          2.6870927829885198e-03, -8.9004272995592303e-04,
          -1.8269313322154718e-02, 6.5626920275368747e-02,
          -1.9407107030724801e-02, 2.1921174890186662e-02,
          1.1025290688720413e-01, 3.6968973694156775e-03,
          2.8747755662708992e-02, 3.2297203074246762e-03,
          -1.4014482973479664e-03, 3.2784890679755853e-02,
          4.9334896560942608e-02, -6.8431457119498178e-03,
          1.2769977916625253e-02, 3.6968973694156792e-03,
          6.2617066870943802e-02, 2.4714457119636869e-03,
          1.2628365321959171e-03, 1.8418158516741608e-03,
          1.4355259758921299e-02, 3.0929166347130839e-02,
          -1.0669810701355909e-02, 1.0624590901082281e-02,
          2.8747755662708985e-02, 2.4714457119636869e-03,
          4.7177567226354168e-02, -3.7626271114761414e-04,
          -1.2693462279846548e-03, 3.2921682454675697e-03,
          8.2996099711468308e-03, -7.9138583731224843e-04,
          2.6870927829885198e-03, 3.2297203074246762e-03,
          1.2628365321959171e-03, -3.7626271114761365e-04,
          4.9141907592363941e-02, 1.5176709565550142e-04,
          1.3198840915935386e-02, 2.5669236229773056e-02,
          2.7156011619845284e-03, -8.9004272995592303e-04,
          -1.4014482973479666e-03, 1.8418158516741608e-03,
          -1.2693462279846552e-03, 1.5176709565550202e-04,
          4.8441991222462524e-02 ]
   - !!opencv-matrix
      rows: 9
      cols: 9
      dt: d
      data: [ 8.0460163734870083e-02, 2.4323371118800097e-03,
          -1.5708901229483891e-02, 8.6564300166631081e-03,
          4.5461639639560970e-03, 2.3408358198707966e-03,
          1.4038756936332849e-02, 5.5635167916948092e-04,
          2.0366012488860189e-03, 2.4323371118800093e-03,
          7.9875907328831579e-03, -6.2562717055169182e-03,
          6.0452466404938166e-03, 4.3733411001053626e-03,
          6.0400705552829410e-03, 3.7114125325047481e-03,
          4.3172594750601228e-04, -5.2513730652487215e-03,
          -1.5708901229483891e-02, -6.2562717055169165e-03,
          2.7025522247929562e-02, -1.8089973327245795e-02,
          -8.4612249263510911e-03, -5.9539467933324344e-03,
          -9.1660585497593157e-03, 9.2026068080134336e-04,
          7.9212352373696400e-03, 8.6564300166631098e-03,
          6.0452466404938166e-03, -1.8089973327245795e-02,
          3.1692940273255268e-02, 6.5160254841990142e-03,
          5.8840670990536791e-03, 6.9614924549071013e-03,
          1.3802165300386921e-03, -1.0450815434805980e-02,
          4.5461639639560979e-03, 4.3733411001053634e-03,
          -8.4612249263510929e-03, 6.5160254841990142e-03,
          4.0819703443785889e-02, -3.8154332731263614e-03,
          3.6927123916807125e-03, -5.0147813161597159e-03,
          -5.1319135942701809e-03, 2.3408358198707966e-03,
          6.0400705552829410e-03, -5.9539467933324344e-03,
          5.8840670990536791e-03, -3.8154332731263614e-03,
          7.4354920712490585e-02, 3.3100676996920099e-03,
          -7.3922536301053335e-04, -8.1298150724954422e-03,
          1.4038756936332848e-02, 3.7114125325047481e-03,
          -9.1660585497593157e-03, 6.9614924549071004e-03,
          3.6927123916807116e-03, 3.3100676996920099e-03,
          1.0043289432714729e-02, -1.7072669235561352e-03,
          -4.6898507451802593e-03, 5.5635167916948081e-04,
          4.3172594750601206e-04, 9.2026068080134401e-04,
          1.3802165300386918e-03, -5.0147813161597141e-03,
          -7.3922536301053313e-04, -1.7072669235561352e-03,
          1.1514553630803805e-01, 3.6678673536163753e-03,
          2.0366012488860189e-03, -5.2513730652487215e-03,
          7.9212352373696400e-03, -1.0450815434805980e-02,
          -5.1319135942701809e-03, -8.1298150724954405e-03,
          -4.6898507451802593e-03, 3.6678673536163762e-03,
          1.1686730701484668e-01 ]
   - !!opencv-matrix
      rows: 9
      cols: 9
      dt: d
      data: [ 1.2268925473519861e+00, 4.5871112429023880e-01,
          -1.6461737219744499e-01, 1.0842155604795781e-01,
          -1.2100274999444757e-01, 2.3605730333720591e-02,
          1.4824132700950499e-01, -6.7908616447680481e-02,
          -3.9472524905549713e-02, 4.5871112429023869e-01,
          9.9444130761074878e-01, 5.3785760395653491e-02,
          1.8337098515636108e-01, 6.7910405070103944e-02,
          1.9747785954816019e-01, -2.4040033949015934e-02,
          -3.3116326157074404e-02, -7.5292879237089230e-02,
          -1.6461737219744499e-01, 5.3785760395653477e-02,
          2.8054258797429382e-01, -8.7464872074472552e-02,
          -4.5512679282026548e-03, 8.7056070742063396e-03,
          2.0288786423009322e-02, -5.8255975804629686e-03,
          7.8918181495824941e-02, 1.0842155604795781e-01,
          1.8337098515636105e-01, -8.7464872074472538e-02,
          1.9023424968692276e-01, 9.9224981524569822e-02,
          1.3315012863502962e-01, 3.6147819622264467e-02,
          2.5843709233919005e-02, -3.6111167071116071e-02,
          -1.2100274999444754e-01, 6.7910405070103944e-02,
          -4.5512679282026548e-03, 9.9224981524569822e-02,
          4.4699905638765569e-01, 1.7891767286863244e-01,
