%YAML:1.0
---
groups:
   - intact
   - CD19
intactGmmnames:
   - "intact.744.0"
   - "intact.744.1"
   - "intact.744.2"
   - "intact.744.3"
   - "intact.744.4"
intactLabels:
   - FSC-A
   - SSC-A
   - SY41
   - CD19
   - CD10
   - CD20
   - CD45
   - CD34
   - CD38
intactMu: !!opencv-matrix
   rows: 5
   cols: 9
   dt: d
   data: [ 8.8897390815902211e-01, 2.6408967403159855e-01,
       3.0893304211928059e+00, 1.2068404436937434e+00,
       8.4730832632506359e-01, 9.4371461430789760e-01,
       3.3986100016572007e+00, 1.0672865380924923e+00,
       1.8546439391437750e+00, 1.4774664520597416e+00,
       4.1765913643013663e-01, 2.7890540152005219e+00,
       1.3068081928155368e+00, 9.0646581121227388e-01,
       1.0388081398628937e+00, 3.5815915288270732e+00,
       1.0835080057082096e+00, 1.7154143739294372e+00,
       1.4126233838712323e+00, 6.1209333376007191e-01,
       2.5248304793504754e+00, 1.3957757893964486e+00,
       9.0349088396376809e-01, 9.9528127359255947e-01,
       3.5832714339892555e+00, 1.1039044732482468e+00,
       2.9700186984878156e+00, 1.7362363220214714e+00,
       2.3917007874394360e+00, 2.9345884723659612e+00,
       1.7428027244345627e+00, 2.1142660755142719e+00,
       1.2830040802096454e+00, 3.0474414803575400e+00,
       1.2120538261347116e+00, 1.7991468328405797e+00,
       1.1765990373667696e+00, 5.2469815169434131e-01,
       2.1815051033373258e+00, 1.1237681499556078e+00,
       9.1733445582003315e-01, 9.2333058161568438e-01,
       1.2958680161811402e+00, 1.2254290260382976e+00,
       1.4674962890827812e+00 ]
intactSigma:
   - !!opencv-matrix
      rows: 9
      cols: 9
      dt: d
      data: [ 1.0632875722435912e-01, 3.7116029179022720e-03,
          -3.0739640954355607e-02, -3.9567288493411630e-03,
          2.7648506336899500e-03, 9.6834507269197359e-03,
          2.6693931665532605e-02, -3.0300518848710781e-03,
          -1.0925574875548788e-02, 3.7116029179022712e-03,
          6.1595758622753705e-03, -1.4206007332307313e-03,
          2.6369627848607156e-03, 2.7530000672978086e-03,
          5.6184550863084505e-03, 2.4255092847629595e-03,
          3.8445015905780983e-04, -2.9174497116604367e-03,
          -3.0739640954355607e-02, -1.4206007332307319e-03,
          2.3378868086593157e-02, -2.1494482280353683e-03,
          -1.7056317265951733e-03, -2.1904803588360263e-03,
          -8.5159260365479644e-03, 9.5335627592632360e-04,
          2.3503715371790339e-03, -3.9567288493411630e-03,
          2.6369627848607156e-03, -2.1494482280353683e-03,
          3.2845030800567443e-02, 1.4716221971249560e-03,
          3.6091497404287104e-03, 1.5307156617074710e-04,
          2.3232465406128225e-03, -4.5376119950499318e-03,
          2.7648506336899509e-03, 2.7530000672978086e-03,
          -1.7056317265951736e-03, 1.4716221971249543e-03,
          4.6739727338929997e-02, -5.8478071551026451e-03,
          1.7034744739508551e-03, -3.7847827172698923e-03,
          -2.6932852536592569e-03, 9.6834507269197359e-03,
          5.6184550863084505e-03, -2.1904803588360263e-03,
          3.6091497404287108e-03, -5.8478071551026451e-03,
          6.5852124771092160e-02, 4.2115568697974511e-03,
          1.1382874609362012e-04, -8.4697376322444978e-03,
          2.6693931665532605e-02, 2.4255092847629595e-03,
          -8.5159260365479644e-03, 1.5307156617074710e-04,
          1.7034744739508542e-03, 4.2115568697974502e-03,
          1.3831571024354974e-02, -2.3270581429048962e-03,
          -4.3324082692717788e-03, -3.0300518848710768e-03,
          3.8445015905780983e-04, 9.5335627592632371e-04,
          2.3232465406128216e-03, -3.7847827172698923e-03,
          1.1382874609361963e-04, -2.3270581429048962e-03,
          1.0093510686796489e-01, 2.1365049814176997e-03,
          -1.0925574875548787e-02, -2.9174497116604371e-03,
          2.3503715371790334e-03, -4.5376119950499318e-03,
          -2.6932852536592578e-03, -8.4697376322444961e-03,
          -4.3324082692717779e-03, 2.1365049814176989e-03,
          7.0144452855320033e-02 ]
   - !!opencv-matrix
      rows: 9
      cols: 9
      dt: d
      data: [ 1.8917093988303615e-01, -8.5580353591746469e-03,
          -1.9690314894819046e-02, -1.8142855994313999e-02,
          -3.3126694881692237e-03, 1.0095232561110879e-04,
          1.4229523797192762e-02, -6.5456995077714528e-03,
          -1.8983339403096881e-02, -8.5580353591746469e-03,
          1.8680028739166011e-02, -1.1728949591428957e-02,
          1.1818618356142067e-02, 4.2336295626997367e-03,
          7.7105338415698905e-03, 6.8888360798045178e-03,
          1.6041149333936816e-03, 5.1170911404644637e-03,
          -1.9690314894819046e-02, -1.1728949591428959e-02,
          9.8657788656193013e-02, -1.8707322788564740e-02,
          -4.0075304145136504e-03, 2.0963376264678990e-03,
          -1.5215642571719349e-02, 3.0657986391273459e-03,
          1.6578343916829905e-04, -1.8142855994313995e-02,
          1.1818618356142067e-02, -1.8707322788564736e-02,
          4.7831384514416549e-02, 2.1322616559258565e-03,
          3.9861836985324965e-03, 7.2389212008360610e-03,
          3.9975187260423636e-03, 3.5240253423534647e-03,
          -3.3126694881692254e-03, 4.2336295626997384e-03,
          -4.0075304145136513e-03, 2.1322616559258569e-03,
          5.4955361405703479e-02, -4.9627792213882181e-03,
          3.9898268565523212e-04, -6.3406358124495814e-03,
          -1.2403198264743320e-03, 1.0095232561110945e-04,
          7.7105338415698905e-03, 2.0963376264678982e-03,
          3.9861836985324965e-03, -4.9627792213882208e-03,
          6.6774188299684734e-02, 8.2563042967962483e-04,
          1.1896842258392591e-03, -2.6922911992361726e-03,
          1.4229523797192762e-02, 6.8888360798045178e-03,
          -1.5215642571719349e-02, 7.2389212008360610e-03,
          3.9898268565523228e-04, 8.2563042967962439e-04,
          1.3472732375462071e-02, -2.2746354873210421e-03,
          2.4350805577093315e-03, -6.5456995077714493e-03,
          1.6041149333936814e-03, 3.0657986391273459e-03,
          3.9975187260423636e-03, -6.3406358124495832e-03,
          1.1896842258392586e-03, -2.2746354873210439e-03,
          1.5100970093975830e-01, 4.4020869760206501e-03,
          -1.8983339403096881e-02, 5.1170911404644654e-03,
          1.6578343916829943e-04, 3.5240253423534638e-03,
          -1.2403198264743327e-03, -2.6922911992361717e-03,
          2.4350805577093315e-03, 4.4020869760206475e-03,
          5.3212175002710561e-02 ]
   - !!opencv-matrix
      rows: 9
      cols: 9
      dt: d
      data: [ 1.3914809779237527e-01, 3.0701628809390357e-04,
          -7.8809583855617617e-03, -9.5859466132587421e-03,
          5.4137912787521668e-05, 3.8296794031640862e-03,
          1.1726074750647530e-02, -4.7645558467927463e-03,
          -1.5532985014490382e-02, 3.0701628809390275e-04,
          2.0775479797849866e-02, -1.0295928713217483e-02,
          8.2961731037521184e-03, 4.6963413076919168e-03,
          6.8417844477494721e-03, 3.0408532748282080e-03,
          1.7403979869736734e-03, 1.7569383412606072e-02,
          -7.8809583855617617e-03, -1.0295928713217481e-02,
          1.0329820426660488e-01, -9.1234046044395382e-03,
          -4.5265035022473993e-03, -1.0524670944295146e-03,
          -2.3380319827288705e-03, -1.3261063454103551e-04,
          -9.6146773114478105e-03, -9.5859466132587438e-03,
          8.2961731037521202e-03, -9.1234046044395365e-03,
          4.1765784239462006e-02, 2.4039737665205378e-03,
          3.6017571554342208e-03, 3.9823021004719260e-03,
          4.5878161689864574e-03, 5.8452226560344695e-03,
          5.4137912787522684e-05, 4.6963413076919159e-03,
          -4.5265035022474020e-03, 2.4039737665205378e-03,
          4.9506298833928535e-02, -7.2983252012864437e-03,
