%YAML:1.0
---
groups:
   - intact
   - CD19
   - blast
intactGmmnames:
   - "intact.745.0"
   - "intact.745.1"
   - "intact.745.2"
   - "intact.745.3"
   - "intact.745.4"
intactLabels:
   - FSC-A
   - SSC-A
   - SY41
   - CD19
   - CD10
   - CD20
   - CD45
   - CD34
   - CD38
intactMu: !!opencv-matrix
   rows: 5
   cols: 9
   dt: d
   data: [ 2.2081881334174485e+00, 1.7870740972780870e+00,
       2.5656492004860834e+00, 1.4999851142535368e+00,
       1.4094431782615116e+00, 1.3167389089586852e+00,
       2.6068983793902247e+00, 1.3310520051311823e+00,
       2.1488837261154412e+00, 1.1204034271013219e+00,
       2.9646774238428736e-01, 2.8852866436261579e+00,
       1.0509768288756496e+00, 8.5057152840521832e-01,
       1.0003719323696965e+00, 3.4874871716499705e+00,
       1.0539889462689398e+00, 1.6948015549620612e+00,
       9.6585777023333119e-01, 3.9540597278028000e-01,
       2.5038793886215722e+00, 8.5285933105558775e-01,
       1.0095737243755341e+00, 8.7420442209628013e-01,
       1.5767635790966283e+00, 1.0637991239662268e+00,
       1.5776485960066917e+00, 2.7459671075762699e+00,
       3.2750435678520202e+00, 2.8879750795136960e+00,
       1.7730286495769223e+00, 1.9838990964071606e+00,
       1.2232877384250387e+00, 2.7768261110010370e+00,
       1.0836496765824235e+00, 1.8308470576925893e+00,
       1.7739776493500741e+00, 5.7575030536578597e-01,
       2.4453374783014272e+00, 1.2891281757358972e+00,
       9.2365119002082652e-01, 1.0929488786507986e+00,
       3.6954548421824311e+00, 1.0861238069696295e+00,
       1.9253627310925054e+00 ]
intactSigma:
   - !!opencv-matrix
      rows: 9
      cols: 9
      dt: d
      data: [ 8.8291489343366869e-01, 4.1606522820224345e-01,
          5.8421882559960100e-02, 1.0328871817625043e-01,
          3.2661064944586329e-02, 6.8384479258159381e-02,
          1.9638610521898933e-01, -2.8131119384642708e-03,
          1.0901732872365079e-01, 4.1606522820224340e-01,
          9.9796708512975396e-01, 1.3211099393423648e-01,
          2.3007480329240323e-01, 1.5002310249216766e-01,
          8.2698256870196121e-02, 1.4158189195576351e-01,
          -6.1855565787647677e-02, -6.6556878074671810e-02,
          5.8421882559960087e-02, 1.3211099393423650e-01,
          2.7325657434516426e-01, 8.6325242067925769e-03,
          9.5368727553408375e-02, 8.6118031174628643e-02,
          8.2568244511364713e-02, -1.3401323992726413e-02,
          6.6275064857107033e-02, 1.0328871817625043e-01,
          2.3007480329240323e-01, 8.6325242067925717e-03,
          1.7760776857769625e-01, 7.0438287086513257e-02,
          1.0168187641785981e-01, 9.7064571335369595e-02,
          1.8500897061587300e-02, 2.4032550100809524e-02,
          3.2661064944586322e-02, 1.5002310249216763e-01,
          9.5368727553408375e-02, 7.0438287086513257e-02,
          2.4982751666999498e-01, 9.6912906827577625e-02,
          5.4846030449399945e-02, 1.5971985505115811e-02,
          1.6758808245878758e-02, 6.8384479258159381e-02,
          8.2698256870196121e-02, 8.6118031174628643e-02,
          1.0168187641785979e-01, 9.6912906827577625e-02,
          2.1351712184346860e-01, 1.0826763344985772e-01,
          4.5740420327359060e-02, 9.3690769855197975e-02,
          1.9638610521898933e-01, 1.4158189195576351e-01,
          8.2568244511364700e-02, 9.7064571335369609e-02,
          5.4846030449399945e-02, 1.0826763344985771e-01,
          5.5852429489792188e-01, 5.6405691717632371e-02,
          3.7766212911096808e-01, -2.8131119384642734e-03,
          -6.1855565787647677e-02, -1.3401323992726406e-02,
          1.8500897061587300e-02, 1.5971985505115808e-02,
          4.5740420327359060e-02, 5.6405691717632371e-02,
          1.8084787776505401e-01, 9.8810411067260365e-02,
          1.0901732872365075e-01, -6.6556878074671783e-02,
          6.6275064857107033e-02, 2.4032550100809538e-02,
          1.6758808245878762e-02, 9.3690769855197975e-02,
          3.7766212911096808e-01, 9.8810411067260337e-02,
          5.4311994672712460e-01 ]
   - !!opencv-matrix
      rows: 9
      cols: 9
      dt: d
      data: [ 1.3975597714375707e-01, 8.0543402747672941e-03,
          -3.5307622926650177e-02, 9.6052628035753936e-03,
          6.1397261774485826e-03, 1.7853212202794153e-02,
          2.6092336920723148e-02, -1.1758294743183277e-03,
          -2.3642578007273977e-02, 8.0543402747672941e-03,
          5.3330498281380584e-03, -3.7283554314732435e-03,
          4.4735735921060194e-03, 2.2106046695228149e-03,
          6.8384577051953553e-03, 3.1035160091380668e-03,
          2.4808365131076716e-04, -4.4166615878646629e-03,
          -3.5307622926650177e-02, -3.7283554314732443e-03,
          3.5671514418274937e-02, -1.1133237921075564e-02,
          -3.1139973953587322e-03, -5.5028696219217134e-03,
          -9.6671063421943891e-03, 4.3356737815758011e-04,
          8.5973068569576011e-03, 9.6052628035753936e-03,
          4.4735735921060194e-03, -1.1133237921075567e-02,
          9.0715138305124551e-02, 3.1388412402661922e-03,
          8.4129012382247528e-03, 4.4235521762393225e-03,
          4.1447918098793573e-03, -1.5804930336260434e-02,
          6.1397261774485843e-03, 2.2106046695228154e-03,
          -3.1139973953587330e-03, 3.1388412402661952e-03,
          4.6104963220330517e-02, -1.9460998608262410e-03,
          2.3582188671325758e-03, -5.2662838102216147e-03,
          -2.7828086364843443e-03, 1.7853212202794153e-02,
          6.8384577051953553e-03, -5.5028696219217152e-03,
          8.4129012382247528e-03, -1.9460998608262414e-03,
          7.7731102239560118e-02, 5.7328714193387682e-03,
          1.0176536100144173e-03, -1.5828591973182506e-02,
          2.6092336920723148e-02, 3.1035160091380668e-03,
          -9.6671063421943891e-03, 4.4235521762393225e-03,
          2.3582188671325758e-03, 5.7328714193387699e-03,
          1.2223306881070281e-02, -1.9538111694459297e-03,
          -7.8175593152440929e-03, -1.1758294743183285e-03,
          2.4808365131076733e-04, 4.3356737815758011e-04,
          4.1447918098793590e-03, -5.2662838102216164e-03,
          1.0176536100144173e-03, -1.9538111694459301e-03,
          1.1562513337475257e-01, 5.9986888513581665e-03,
          -2.3642578007273977e-02, -4.4166615878646611e-03,
          8.5973068569576011e-03, -1.5804930336260438e-02,
          -2.7828086364843443e-03, -1.5828591973182510e-02,
          -7.8175593152440947e-03, 5.9986888513581665e-03,
          1.8354880525051820e-01 ]
   - !!opencv-matrix
      rows: 9
      cols: 9
      dt: d
      data: [ 1.8843290925803549e-01, 3.8428408244692763e-02,
          -1.5641916663363134e-01, 3.9970221373740490e-02,
          7.2035691288252057e-03, 7.7841755284902992e-03,
          5.2057603395556082e-02, 1.3405435198051156e-02,
          2.2915172941777761e-02, 3.8428408244692763e-02,
          2.8786753620697377e-02, -2.5235007553669773e-02,
          1.8258181178379171e-02, 1.2603749730598435e-02,
          1.5156968545332159e-02, 2.9732425544190543e-02,
          6.5259574233697418e-03, 2.4982693267944840e-02,
          -1.5641916663363134e-01, -2.5235007553669767e-02,
          3.6828211317543608e-01, -7.0744962586148097e-02,
          1.8453415754671351e-02, 2.1226306894151798e-02,
          -5.6574063024034116e-02, -2.1298193129060856e-02,
          1.3981817167580058e-02, 3.9970221373740490e-02,
          1.8258181178379171e-02, -7.0744962586148097e-02,
          5.7775997989287613e-02, 7.2130546157760525e-03,
          9.0755453903555838e-03, 2.2715166685075564e-02,
          5.6135097201034075e-03, 7.3627822086226955e-03,
          7.2035691288252057e-03, 1.2603749730598439e-02,
          1.8453415754671351e-02, 7.2130546157760508e-03,
          1.0526597876496097e-01, 9.4694194897083795e-03,
          2.1668512280563563e-02, -2.1377315683010151e-03,
