%YAML:1.0
---
groups:
   - intact
   - CD19
intactGmmnames:
   - "intact.752.0"
   - "intact.752.1"
   - "intact.752.2"
   - "intact.752.3"
   - "intact.752.4"
intactLabels:
   - FSC-A
   - SSC-A
   - SY41
   - CD19
   - CD10
   - CD20
   - CD45
   - CD34
   - CD38
intactMu: !!opencv-matrix
   rows: 5
   cols: 9
   dt: d
   data: [ 3.4253920339413702e+00, 3.1828187234149623e+00,
       2.5109492039541488e+00, 1.7080719562871964e+00,
       9.7439490179064658e-01, 1.0744069569765491e+00,
       2.6821280811838677e+00, 9.9699238656832312e-01,
       1.9120566237297125e+00, 1.0459702654265350e+00,
       3.9517214327373845e-01, 2.4263646382715613e+00,
       1.0440352320459283e+00, 9.0705667137470880e-01,
       9.2168244462521964e-01, 1.2202153322546569e+00,
       9.7581791475722945e-01, 1.4557706595030262e+00,
       7.2807961239518970e-01, 3.5211014417033953e-01,
       2.6013552259745047e+00, 1.1584494188734487e+00,
       8.9564914574316734e-01, 1.0357903649021980e+00,
       3.3171703442542784e+00, 1.0196976501548927e+00,
       1.6345937681601310e+00, 2.0117440471015993e+00,
       1.6241316604892850e+00, 2.4736627780616085e+00,
       1.4724909875348167e+00, 1.1612483388848085e+00,
       1.2750669211293777e+00, 2.7475806479709046e+00,
       1.2963863670163185e+00, 2.3886124050083168e+00,
       2.7435348993496951e+00, 3.3851857358258339e+00,
       2.4338179891643192e+00, 1.7838094089473135e+00,
       1.8393726642563137e+00, 1.1869963921407038e+00,
       2.8211784091486298e+00, 1.0653775383579864e+00,
       1.6109969975024219e+00 ]
intactSigma:
   - !!opencv-matrix
      rows: 9
      cols: 9
      dt: d
      data: [ 3.4127985884219769e-01, 1.4401564920397827e-01,
          2.1064131618679531e-02, 2.6308044773290337e-02,
          1.0858875188858610e-02, 2.5043642934654751e-02,
          1.9400415231378327e-03, 4.0538654327923291e-03,
          1.2678747561383562e-02, 1.4401564920397827e-01,
          4.5900189597455887e-01, 2.1805792882311031e-02,
          8.1632171250698063e-02, 3.0301629735561865e-02,
          5.0231730513774053e-02, 2.6615617840834948e-02,
          7.5771656977825560e-03, 4.8629830155809420e-02,
          2.1064131618679531e-02, 2.1805792882311031e-02,
          1.7784784103396449e-02, 2.6866364422197067e-03,
          3.9807232416538491e-03, 1.1154939079722223e-02,
          -3.4437592283738981e-03, 8.6918878636244783e-04,
          2.0560368667844636e-02, 2.6308044773290341e-02,
          8.1632171250698035e-02, 2.6866364422197067e-03,
          3.2967141562580467e-02, 6.0142699648572358e-03,
          9.3227517038078061e-03, 4.6439444475396760e-03,
          2.1270034414514259e-03, 2.7597522249282556e-03,
          1.0858875188858610e-02, 3.0301629735561872e-02,
          3.9807232416538508e-03, 6.0142699648572367e-03,
          7.2241574740089937e-02, -1.8395618784331970e-03,
          2.8619714773081080e-03, -1.3467503556695711e-03,
          1.0769096584634180e-02, 2.5043642934654751e-02,
          5.0231730513774053e-02, 1.1154939079722221e-02,
          9.3227517038078061e-03, -1.8395618784331975e-03,
          7.8916441947796540e-02, 1.7799171875424573e-03,
          1.6745936807187412e-03, 2.2775479554979272e-02,
          1.9400415231378336e-03, 2.6615617840834941e-02,
          -3.4437592283738990e-03, 4.6439444475396760e-03,
          2.8619714773081080e-03, 1.7799171875424573e-03,
          2.6230786019381325e-02, -2.7108865576671152e-03,
          -3.4564559887272739e-03, 4.0538654327923317e-03,
          7.5771656977825551e-03, 8.6918878636244783e-04,
          2.1270034414514268e-03, -1.3467503556695711e-03,
          1.6745936807187403e-03, -2.7108865576671156e-03,
          8.9270603459713216e-02, 2.5434176854480964e-03,
          1.2678747561383567e-02, 4.8629830155809420e-02,
          2.0560368667844636e-02, 2.7597522249282564e-03,
          1.0769096584634184e-02, 2.2775479554979272e-02,
          -3.4564559887272752e-03, 2.5434176854480955e-03,
          1.0214913837881172e-01 ]
   - !!opencv-matrix
      rows: 9
      cols: 9
      dt: d
      data: [ 1.5117298176250549e-01, 1.6704080299734622e-02,
          -4.0185180942233951e-02, 5.1782303251384073e-03,
          3.4049703774918939e-03, 6.9599213690546575e-03,
          3.4288640521574110e-03, -1.0042208483769057e-03,
          2.6225585422514413e-03, 1.6704080299734622e-02,
          2.3272178866842602e-02, 4.5332510982415957e-03,
          7.0655754529805968e-03, 8.7347566471099990e-03,
          1.3556483851032763e-02, 6.8542739830827577e-03,
          2.0125863267551961e-03, 5.7465156582322541e-03,
          -4.0185180942233958e-02, 4.5332510982415966e-03,
          4.8659791957951094e-02, 1.2137064075588529e-03,
          4.1184010046123850e-03, 9.3052619205805289e-03,
          2.1934611102387325e-03, 1.6165805246390196e-03,
          2.0841947367671093e-03, 5.1782303251384082e-03,
          7.0655754529805968e-03, 1.2137064075588525e-03,
          1.4535156554375348e-02, 3.3460825440614931e-03,
          5.1920828145108969e-03, 1.1670626410566303e-03,
          1.1303746121100969e-03, -1.1640371946902573e-04,
          3.4049703774918934e-03, 8.7347566471099956e-03,
          4.1184010046123858e-03, 3.3460825440614931e-03,
          6.8387947437517582e-02, -2.7715380361374685e-03,
          9.1609321397567289e-03, 7.2101184703432227e-04,
          3.2269110898055444e-03, 6.9599213690546575e-03,
          1.3556483851032763e-02, 9.3052619205805289e-03,
          5.1920828145108969e-03, -2.7715380361374681e-03,
          7.7001872638110772e-02, 3.9893599557322352e-03,
          1.5795473932420428e-03, 3.6316837656005419e-03,
          3.4288640521574132e-03, 6.8542739830827577e-03,
          2.1934611102387321e-03, 1.1670626410566309e-03,
          9.1609321397567289e-03, 3.9893599557322378e-03,
          6.9934387345658058e-02, -1.2399948046762134e-03,
          2.2698647177425411e-03, -1.0042208483769066e-03,
          2.0125863267551969e-03, 1.6165805246390202e-03,
          1.1303746121100969e-03, 7.2101184703432281e-04,
          1.5795473932420417e-03, -1.2399948046762134e-03,
          4.7202117578791496e-02, 6.3756302645382520e-04,
          2.6225585422514413e-03, 5.7465156582322541e-03,
          2.0841947367671093e-03, -1.1640371946902570e-04,
          3.2269110898055448e-03, 3.6316837656005432e-03,
          2.2698647177425415e-03, 6.3756302645382541e-04,
          1.1499680030143631e-02 ]
   - !!opencv-matrix
      rows: 9
      cols: 9
      dt: d
      data: [ 1.4345051441231385e-01, 1.2452845277156321e-02,
          -5.1639519727332613e-02, -4.6360223301796588e-03,
          -7.7134870243218440e-04, 1.1182123725737360e-02,
          2.8774200206388836e-02, -8.0811968187873770e-03,
          -1.7613030725709519e-02, 1.2452845277156321e-02,
          1.1573770542684381e-02, -2.7573324367713989e-03,
          3.6589501129815484e-03, 4.1554040438150771e-03,
          9.6191981667037105e-03, 4.4110787906457578e-03,
          2.0951979274256047e-03, -2.0735503511434199e-03,
          -5.1639519727332613e-02, -2.7573324367713994e-03,
          3.0594392872005348e-02, 2.6732438338672878e-03,
          2.1411658408288328e-03, -4.9701471908231837e-04,
          -9.9313476706416309e-03, 4.2779628660398819e-03,
          6.4307893761120513e-03, -4.6360223301796588e-03,
          3.6589501129815475e-03, 2.6732438338672873e-03,
          3.0416546233365337e-02, 2.0197201443430974e-03,
          4.9952058425565609e-03, -8.6738841954706449e-04,
          4.0488244583706976e-03, -2.9638729830684923e-03,
          -7.7134870243218483e-04, 4.1554040438150771e-03,
          2.1411658408288328e-03, 2.0197201443430970e-03,
          6.5508652030736109e-02, -3.9476541605118712e-03,
          7.6893315357994538e-04, -3.4892846822888609e-03,
