%YAML:1.0
---
groups:
   - intact
   - CD19
   - blast
intactGmmnames:
   - "intact.759.0"
   - "intact.759.1"
   - "intact.759.2"
   - "intact.759.3"
   - "intact.759.4"
intactLabels:
   - FSC-A
   - SSC-A
   - SY41
   - CD19
   - CD10
   - CD20
   - CD45
   - CD34
   - CD38
intactMu: !!opencv-matrix
   rows: 5
   cols: 9
   dt: d
   data: [ 2.8542594801902261e+00, 3.3914241264938858e+00,
       3.2773309778485622e+00, 1.5545851797414099e+00,
       1.9656026152820489e+00, 1.1554484268044101e+00,
       2.8352439908656013e+00, 1.1509947733717554e+00,
       1.6216726946873112e+00, 2.0893033642294809e+00,
       6.2858215984101518e-01, 2.7414794852958333e+00,
       1.2062602024537930e+00, 9.0595883289290868e-01,
       1.0871138084855498e+00, 3.7398891635859903e+00,
       1.1040794330122148e+00, 1.4832827131754414e+00,
       1.0665109646137967e+00, 6.4062407692346313e-01,
       3.1462500037941479e+00, 9.2125868064528293e-01,
       1.0679457025441597e+00, 1.0258325699250963e+00,
       1.7162617890929692e+00, 1.1503440138131169e+00,
       1.8014936532874475e+00, 2.3118459494835535e+00,
       7.4770009894873768e-01, 2.5715522053681226e+00,
       1.2036927958197521e+00, 8.6343093762378254e-01,
       9.2355032131533865e-01, 3.6554102936544028e+00,
       1.1304025802851685e+00, 2.8504034932240527e+00,
       1.3084073348703460e+00, 3.2581860225855896e-01,
       3.3758190674612165e+00, 9.1711286475340836e-01,
       8.1308022901104393e-01, 9.9404411447719110e-01,
       3.4512002289547969e+00, 1.0927011092917460e+00,
       1.6079947169626760e+00 ]
intactSigma:
   - !!opencv-matrix
      rows: 9
      cols: 9
      dt: d
      data: [ 7.8963364603380837e-01, 1.8651205273830290e-01,
          1.6844298845908059e-02, 3.6530265409932948e-02,
          -1.7952558313417199e-02, 3.9646304440473658e-02,
          6.2098969583846253e-02, 5.5198154574543001e-03,
          3.6084381864221915e-02, 1.8651205273830287e-01,
          3.4099978978790935e-01, -9.6922544281738566e-03,
          6.9995058364547363e-02, 5.5610498419955912e-02,
          3.4556636574540403e-02, 3.5965305561684924e-02,
          1.0096071936032893e-02, 1.1168708378163411e-02,
          1.6844298845908070e-02, -9.6922544281738566e-03,
          8.2952349065813960e-02, -1.9064301005515108e-02,
          -1.4687518967526438e-03, 3.0014082926977702e-03,
          1.9625047240427174e-02, 2.3663805942688615e-03,
          9.2699906321196991e-03, 3.6530265409932934e-02,
          6.9995058364547363e-02, -1.9064301005515108e-02,
          4.2396080077033459e-02, 1.3191830090019488e-02,
          7.7040851855879125e-03, 4.0360154957553252e-03,
          1.7620659086275661e-03, -4.5463700311874147e-03,
          -1.7952558313417192e-02, 5.5610498419955925e-02,
          -1.4687518967526445e-03, 1.3191830090019488e-02,
          1.6985643468714787e-01, -1.4087692744719920e-03,
          4.5939121450707762e-02, 2.8338573714337305e-03,
          -4.0373119345007953e-03, 3.9646304440473651e-02,
          3.4556636574540403e-02, 3.0014082926977711e-03,
          7.7040851855879134e-03, -1.4087692744719933e-03,
          6.6423500060306728e-02, 3.0618443386768411e-03,
          2.5557721295049315e-03, 4.8511644197776153e-03,
          6.2098969583846253e-02, 3.5965305561684924e-02,
          1.9625047240427174e-02, 4.0360154957553261e-03,
          4.5939121450707762e-02, 3.0618443386768398e-03,
          7.1825711251241639e-02, 7.5570825780352994e-04,
          7.1351773051944170e-03, 5.5198154574543001e-03,
          1.0096071936032892e-02, 2.3663805942688606e-03,
          1.7620659086275668e-03, 2.8338573714337310e-03,
          2.5557721295049315e-03, 7.5570825780353027e-04,
          6.3431389457777085e-02, 1.0403069526638924e-03,
          3.6084381864221922e-02, 1.1168708378163408e-02,
          9.2699906321197043e-03, -4.5463700311874147e-03,
          -4.0373119345007945e-03, 4.8511644197776153e-03,
          7.1351773051944170e-03, 1.0403069526638924e-03,
          3.8284648474242643e-02 ]
   - !!opencv-matrix
      rows: 9
      cols: 9
      dt: d
      data: [ 2.2394435932880966e-01, 3.1907160408426527e-03,
          -7.0758089503152712e-03, -5.3208629722661131e-03,
          -2.6609306603810291e-03, -7.1867519606143987e-03,
          9.5581343580659842e-03, 1.0147365794014550e-03,
          2.7937331726652140e-04, 3.1907160408426540e-03,
          2.1531455184733962e-02, -1.0768925750850217e-02,
          9.0961593268765791e-03, 3.6441223940457722e-03,
          5.7644828930987326e-03, 6.8576003403756853e-03,
          1.8129596501723292e-03, 2.3454058643076034e-03,
          -7.0758089503152695e-03, -1.0768925750850217e-02,
          6.9093515618551649e-02, -1.3566039277356270e-02,
          -2.6136092924836699e-03, 4.1009029209846523e-03,
          -9.0884774414108100e-03, 2.7285056181093033e-03,
          1.2152716062200182e-03, -5.3208629722661122e-03,
          9.0961593268765791e-03, -1.3566039277356267e-02,
          5.0489112981181403e-02, 2.7320752551325597e-03,
          3.7110953512228240e-03, 4.1913254253812650e-03,
          2.7337884718167745e-03, -6.1500045751408574e-03,
          -2.6609306603810295e-03, 3.6441223940457709e-03,
          -2.6136092924836708e-03, 2.7320752551325605e-03,
          5.0093457682031280e-02, -6.1287449200550142e-03,
          1.0866896135867652e-03, -7.9497397645735789e-03,
          -1.4957728419799053e-03, -7.1867519606143961e-03,
          5.7644828930987326e-03, 4.1009029209846531e-03,
          3.7110953512228253e-03, -6.1287449200550124e-03,
          7.2146157681429610e-02, 6.7678590967567046e-04,
          6.6702669368040406e-04, -2.4324335064457472e-03,
          9.5581343580659877e-03, 6.8576003403756853e-03,
          -9.0884774414108065e-03, 4.1913254253812650e-03,
          1.0866896135867648e-03, 6.7678590967567057e-04,
          1.0620575090767061e-02, -2.2968280872102693e-03,
          -1.3962403305729748e-03, 1.0147365794014537e-03,
          1.8129596501723297e-03, 2.7285056181093024e-03,
          2.7337884718167740e-03, -7.9497397645735754e-03,
          6.6702669368040449e-04, -2.2968280872102706e-03,
          1.7316862424729970e-01, 5.0301527440486079e-03,
          2.7937331726652145e-04, 2.3454058643076025e-03,
          1.2152716062200182e-03, -6.1500045751408574e-03,
          -1.4957728419799051e-03, -2.4324335064457481e-03,
          -1.3962403305729750e-03, 5.0301527440486096e-03,
          5.3639172774936718e-02 ]
   - !!opencv-matrix
      rows: 9
      cols: 9
      dt: d
      data: [ 6.5690250599130462e-01, 2.9939782771510431e-01,
          -2.3496666275036607e-01, 1.4566209995770316e-01,
          7.6614371996638370e-02, 9.0119763339015863e-02,
          2.6845096134154411e-01, 5.6252052037278781e-02,
          1.1179170259321637e-01, 2.9939782771510431e-01,
          3.0886383522705063e-01, -4.6793730004169379e-02,
          1.1031597478383383e-01, 8.5825048139400242e-02,
          1.0099265330931752e-01, 2.0366513626507043e-01,
          4.8301490787403978e-02, 1.1476901960224731e-01,
          -2.3496666275036607e-01, -4.6793730004169386e-02,
          4.0714999968980498e-01, -1.1783437006577646e-01,
          3.8074901441934620e-03, 2.8456993168075061e-02,
          3.1196352579507584e-03, -1.2175936538217434e-02,
          7.5579388627533065e-02, 1.4566209995770316e-01,
          1.1031597478383383e-01, -1.1783437006577646e-01,
          1.1593623328464586e-01, 5.2757369020606779e-02,
          4.9568969078455788e-02, 9.0295515641573357e-02,
          2.9232605379970442e-02, 2.7662223057099946e-02,
          7.6614371996638370e-02, 8.5825048139400242e-02,
          3.8074901441934586e-03, 5.2757369020606779e-02,
          1.8273552367507703e-01, 6.7976496373783238e-02,
          8.2551164875109870e-02, 3.2389746711934883e-02,
