%YAML:1.0
---
groups:
   - intact
   - CD19
intactGmmnames:
   - "intact.768.0"
   - "intact.768.1"
   - "intact.768.2"
   - "intact.768.3"
   - "intact.768.4"
intactLabels:
   - FSC-A
   - SSC-A
   - SY41
   - CD19
   - CD10
   - CD20
   - CD45
   - CD34
   - CD38
intactMu: !!opencv-matrix
   rows: 5
   cols: 9
   dt: d
   data: [ 1.0646213185923981e+00, 3.8001592953534813e-01,
       2.7617607769918635e+00, 1.1323432865901397e+00,
       8.9613504362681229e-01, 1.0318064538449605e+00,
       3.6576973545643194e+00, 1.0861498093958810e+00,
       1.6644445879600760e+00, 1.4863611620554666e+00,
       3.7424125457494783e+00, 2.6939608310017538e+00,
       1.6970410228536343e+00, 2.3261687933363908e+00,
       1.2753677567135311e+00, 3.0135369561778980e+00,
       1.1216328028127187e+00, 1.5102431526896924e+00,
       2.4307664983765127e+00, 3.2747482006773723e+00,
       2.8297856480114034e+00, 1.6471404942495309e+00,
       1.1840398537315662e+00, 1.3949505940736873e+00,
       2.7549885694878640e+00, 1.1112934557294398e+00,
       1.7875654048536382e+00, 7.6881774075570164e-01,
       4.6830121333427543e-01, 2.8904289754772758e+00,
       1.0199756739120880e+00, 1.0381372192138338e+00,
       1.1785062525895240e+00, 1.2681859621112743e+00,
       1.0940935385557551e+00, 1.4556399940538940e+00,
       1.7122187209643220e+00, 2.4633039089544138e+00,
       2.9386136568779069e+00, 1.4763455052096301e+00,
       1.4571335022601701e+00, 1.5179940764835473e+00,
       2.9329916252226549e+00, 1.3597078623411512e+00,
       2.2722789883753536e+00 ]
intactSigma:
   - !!opencv-matrix
      rows: 9
      cols: 9
      dt: d
      data: [ 7.4682073255157272e-02, -2.8371116127098809e-03,
          6.6354104042126299e-06, -2.1059771359581798e-03,
          -1.3459337915203802e-03, -2.3641329695431985e-03,
          -6.9407621307901988e-04, -1.1631509011242735e-03,
          7.5653335338481218e-04, -2.8371116127098809e-03,
          2.0228467509118525e-02, -3.5866668447635049e-03,
          7.5177473568373964e-03, 6.5367722499083663e-03,
          1.4711216649376781e-02, 1.0848484201906403e-02,
          2.6926793755216298e-03, 4.2718713497622322e-03,
          6.6354104042127637e-06, -3.5866668447635049e-03,
          2.8207214656557542e-02, -5.5150599326455139e-03,
          -1.2524618296330941e-03, -1.7294615218441407e-03,
          -5.8845172536691895e-03, -5.4265102540637970e-04,
          -5.7001502729400301e-03, -2.1059771359581798e-03,
          7.5177473568373964e-03, -5.5150599326455139e-03,
          3.7930728406452167e-02, 2.0137369779029174e-03,
          7.1347172556094967e-03, 6.1631101263264739e-03,
          4.0581003742424723e-03, -8.7127734695799689e-04,
          -1.3459337915203797e-03, 6.5367722499083663e-03,
          -1.2524618296330943e-03, 2.0137369779029165e-03,
          6.8384048165768915e-02, -4.2184437290022437e-03,
          2.8142354184439926e-03, -8.1452396077777035e-03,
          -1.9229656302724597e-03, -2.3641329695431963e-03,
          1.4711216649376781e-02, -1.7294615218441415e-03,
          7.1347172556094967e-03, -4.2184437290022437e-03,
          1.1510338351856547e-01, 8.9407266310794469e-03,
          6.9225484605653354e-04, -9.8239487483076354e-03,
          -6.9407621307902010e-04, 1.0848484201906403e-02,
          -5.8845172536691887e-03, 6.1631101263264756e-03,
          2.8142354184439917e-03, 8.9407266310794486e-03,
          1.8319642347723056e-02, -8.7329586780803956e-06,
          1.3663080097979971e-02, -1.1631509011242743e-03,
          2.6926793755216298e-03, -5.4265102540638002e-04,
          4.0581003742424715e-03, -8.1452396077777052e-03,
          6.9225484605653256e-04, -8.7329586780804718e-06,
          1.8662662210244441e-01, 5.2764765228541658e-03,
          7.5653335338481240e-04, 4.2718713497622305e-03,
          -5.7001502729400301e-03, -8.7127734695799668e-04,
          -1.9229656302724594e-03, -9.8239487483076354e-03,
          1.3663080097979971e-02, 5.2764765228541684e-03,
          1.6058643439736764e-01 ]
   - !!opencv-matrix
      rows: 9
      cols: 9
      dt: d
      data: [ 2.6473384087556023e-01, 2.2115325436063035e-02,
          6.3835447000564673e-03, 6.1082244968933995e-03,
          -5.5314551518033592e-02, 1.5953210185728539e-02,
          -3.1043667879268742e-02, 1.1498677969062673e-03,
          -2.9648943635112877e-04, 2.2115325436063031e-02,
          2.5312082623644128e-01, -2.1347556630424789e-03,
          4.2633107242139583e-02, 4.9441356804197263e-03,
          1.1912526967751521e-02, 4.9849867016985789e-03,
          2.5752795599273954e-03, 2.0427521902035648e-03,
          6.3835447000564682e-03, -2.1347556630424780e-03,
          1.7903735264894194e-02, -9.2392535909676006e-04,
          2.4438205055214044e-03, 4.1962142334856650e-03,
          -4.1274687143226697e-04, 5.2610839940918602e-04,
          -5.2988811961052196e-04, 6.1082244968934021e-03,
          4.2633107242139583e-02, -9.2392535909676006e-04,
          2.6805363954665300e-02, 4.2738394584145023e-04,
          3.2270374683808388e-03, 1.2808927106430295e-03,
          8.6950309373175314e-04, -5.6518031365966580e-03,
          -5.5314551518033585e-02, 4.9441356804197263e-03,
          2.4438205055214036e-03, 4.2738394584145023e-04,
          1.2317438445184919e-01, 9.5692309589381283e-03,
          3.0884993258959818e-02, 3.0271147232254249e-03,
          -2.2079671658248608e-04, 1.5953210185728532e-02,
          1.1912526967751523e-02, 4.1962142334856668e-03,
          3.2270374683808388e-03, 9.5692309589381266e-03,
          7.5251263668557389e-02, 9.1688739159510586e-04,
          2.6691859759165738e-03, 1.5694074813173600e-04,
          -3.1043667879268752e-02, 4.9849867016985780e-03,
          -4.1274687143226665e-04, 1.2808927106430291e-03,
          3.0884993258959818e-02, 9.1688739159510586e-04,
          2.9326687989366426e-02, -1.0137634729502985e-03,
          -1.9870673416174521e-03, 1.1498677969062673e-03,
          2.5752795599273967e-03, 5.2610839940918591e-04,
          8.6950309373175390e-04, 3.0271147232254240e-03,
          2.6691859759165729e-03, -1.0137634729502978e-03,
          9.6747323503816235e-02, 1.4492962027596091e-03,
          -2.9648943635112877e-04, 2.0427521902035648e-03,
          -5.2988811961052196e-04, -5.6518031365966580e-03,
          -2.2079671658248594e-04, 1.5694074813173598e-04,
          -1.9870673416174521e-03, 1.4492962027596080e-03,
          3.2393596574244593e-02 ]
   - !!opencv-matrix
      rows: 9
      cols: 9
      dt: d
      data: [ 3.5028601031974266e-01, 9.7683172946111119e-02,
          3.1343521151973405e-02, 1.8313652479475036e-02,
          1.6256155133655921e-02, 4.1510028731339306e-02,
          7.6185554394552228e-05, 5.5060551622292250e-03,
          4.2889613121026744e-02, 9.7683172946111119e-02,
          4.9697083286393656e-01, -3.2232006307021464e-02,
          8.9082538211301104e-02, 4.7218964964390826e-02,
          3.4080053521753167e-02, 3.2179629064385151e-02,
          1.0978086414423573e-02, -1.1437842737235188e-02,
          3.1343521151973405e-02, -3.2232006307021464e-02,
          3.0588977319677010e-02, -7.1947438309334340e-03,
          -9.0741040387952465e-04, 1.0895409710557672e-02,
          -2.8918901496992472e-03, 4.8644653243343921e-04,
          2.3512714957899694e-02, 1.8313652479475036e-02,
          8.9082538211301104e-02, -7.1947438309334340e-03,
          3.7496608289887046e-02, 8.5900410617099111e-03,
          6.2413791407765953e-03, 7.7181050599756966e-03,
          2.8788105427959235e-03, -7.9109030524454546e-03,
          1.6256155133655921e-02, 4.7218964964390826e-02,
          -9.0741040387952443e-04, 8.5900410617099111e-03,
          8.0314709266063045e-02, -1.0862464771792314e-04,
          5.3438707887387554e-03, -1.6230452489487417e-03,
