%YAML:1.0
---
groups:
   - intact
   - CD19
   - blast
intactGmmnames:
   - "intact.770.0"
   - "intact.770.1"
   - "intact.770.2"
   - "intact.770.3"
   - "intact.770.4"
intactLabels:
   - FSC-A
   - SSC-A
   - SY41
   - CD19
   - CD10
   - CD20
   - CD45
   - CD34
   - CD38
intactMu: !!opencv-matrix
   rows: 5
   cols: 9
   dt: d
   data: [ 2.6282401043186514e+00, 3.3553949128291634e+00,
       3.1877129915470355e+00, 1.7184555110810307e+00,
       1.5591563225357210e+00, 1.3034953605591082e+00,
       2.8688458825660037e+00, 1.1996247795249884e+00,
       1.7563400498257760e+00, 1.0101386414991720e+00,
       4.1434112685137608e-01, 2.9760131003879997e+00,
       9.0993669364540941e-01, 1.2324979245117422e+00,
       9.4900870846344887e-01, 1.6577626901706066e+00,
       1.1390755563028119e+00, 1.6730693032330546e+00,
       1.1862660191137084e+00, 3.5582698344613678e-01,
       3.0217056890736265e+00, 1.1790725799842372e+00,
       8.8948540155913935e-01, 8.8522251075185987e-01,
       3.7931990344731341e+00, 1.1046878685428789e+00,
       1.8879154583718751e+00, 1.5603174015122911e+00,
       5.7266464002246542e-01, 2.8575755467545449e+00,
       1.3396116527219724e+00, 9.2345484714133130e-01,
       9.4880435975510824e-01, 3.8848000957752657e+00,
       1.1544138755829711e+00, 2.3274017714391575e+00,
       1.8062415593403800e+00, 1.3415078120310229e+00,
       3.1377320760716123e+00, 1.3052141343769188e+00,
       1.3271303868388458e+00, 1.2675020563429880e+00,
       2.9061224815720488e+00, 1.5875927106630612e+00,
       2.7558196551687777e+00 ]
intactSigma:
   - !!opencv-matrix
      rows: 9
      cols: 9
      dt: d
      data: [ 4.7593995294519292e-01, 1.2782899235903802e-01,
          -5.5289429550788765e-03, 3.2040178503514850e-02,
          -9.9741868493181812e-02, 4.6304727239310513e-02,
          1.2335540959842648e-03, -1.3151008685424299e-02,
          4.6179015266156712e-02, 1.2782899235903802e-01,
          4.0504004585188391e-01, -1.2364908688765991e-02,
          7.5324023767652723e-02, 6.8647884970505002e-02,
          3.3744384496580383e-02, 1.4689666609632801e-02,
          1.0687074763558957e-02, -5.5937366117436039e-03,
          -5.5289429550788747e-03, -1.2364908688765991e-02,
          1.4325807683877922e-02, -4.7273182217707540e-03,
          -3.4001529076293311e-03, 6.7137844567912331e-04,
          -1.8787008102590197e-03, 5.3091980603226494e-04,
          6.8765135938218087e-04, 3.2040178503514864e-02,
          7.5324023767652723e-02, -4.7273182217707531e-03,
          3.9234743214188884e-02, 1.1675442136627355e-02,
          8.6418973020103498e-03, 3.2929469899289731e-03,
          1.9226460602291455e-03, -4.0537458240820995e-03,
          -9.9741868493181812e-02, 6.8647884970505002e-02,
          -3.4001529076293311e-03, 1.1675442136627360e-02,
          1.6310177574537713e-01, -1.1893251968347607e-02,
          1.6073673156796416e-02, 1.0307764370099831e-02,
          -3.1955893873723031e-02, 4.6304727239310513e-02,
          3.3744384496580376e-02, 6.7137844567912374e-04,
          8.6418973020103516e-03, -1.1893251968347607e-02,
          5.3741808094415457e-02, 2.3087640038480474e-03,
          -7.0178201844605487e-04, 1.2818913806440293e-02,
          1.2335540959842648e-03, 1.4689666609632801e-02,
          -1.8787008102590203e-03, 3.2929469899289745e-03,
          1.6073673156796420e-02, 2.3087640038480474e-03,
          2.4021131234926656e-02, 9.0114366574332719e-04,
          2.4552921911035587e-03, -1.3151008685424299e-02,
          1.0687074763558957e-02, 5.3091980603226494e-04,
          1.9226460602291471e-03, 1.0307764370099831e-02,
          -7.0178201844605401e-04, 9.0114366574332763e-04,
          6.3501377416844598e-02, -2.0883565067644446e-03,
          4.6179015266156691e-02, -5.5937366117436056e-03,
          6.8765135938218087e-04, -4.0537458240821013e-03,
          -3.1955893873723031e-02, 1.2818913806440293e-02,
          2.4552921911035587e-03, -2.0883565067644451e-03,
          6.4292062998277971e-02 ]
   - !!opencv-matrix
      rows: 9
      cols: 9
      dt: d
      data: [ 9.2841223151440791e-02, 2.4947662757245411e-02,
          -4.3336375198921491e-04, 8.9514364033286796e-03,
          2.7759217183376549e-02, 1.7734732301151426e-02,
          2.5857632709218582e-02, 2.4915778429706608e-03,
          1.5493896396920429e-02, 2.4947662757245408e-02,
          2.2648062126968838e-02, 8.6902500805531701e-03,
          5.7744068519260646e-03, 1.9487641040051167e-02,
          1.4049276219379262e-02, 2.0135991032334037e-02,
          2.9877738104886497e-03, 1.3645448866102054e-02,
          -4.3336375198921502e-04, 8.6902500805531701e-03,
          1.4222307277241458e-01, -3.2699896220229938e-02,
          2.3951037513546360e-02, 6.6440401359541086e-03,
          1.3889640683219476e-02, 1.2807477847460794e-03,
          2.1846654938301915e-02, 8.9514364033286813e-03,
          5.7744068519260646e-03, -3.2699896220229938e-02,
          4.0097286387183281e-02, 2.3142866683407461e-03,
          4.5784163612430182e-03, 2.4202748992554935e-03,
          1.0079996276922264e-03, -3.5471462559419705e-03,
          2.7759217183376549e-02, 1.9487641040051167e-02,
          2.3951037513546360e-02, 2.3142866683407478e-03,
          1.4752734665450917e-01, 7.3947874589520689e-03,
          3.6867436712572359e-02, 2.1096767968860151e-03,
          2.4011557592171988e-02, 1.7734732301151426e-02,
          1.4049276219379262e-02, 6.6440401359541103e-03,
          4.5784163612430191e-03, 7.3947874589520663e-03,
          6.4740821909110360e-02, 1.2152731930455853e-02,
          1.5068653023688758e-03, 8.4001810110712772e-03,
          2.5857632709218578e-02, 2.0135991032334037e-02,
          1.3889640683219477e-02, 2.4202748992554922e-03,
          3.6867436712572359e-02, 1.2152731930455851e-02,
          1.7728076735296569e-01, 3.7740206622505672e-03,
          4.2041572691049640e-02, 2.4915778429706608e-03,
          2.9877738104886497e-03, 1.2807477847460798e-03,
          1.0079996276922273e-03, 2.1096767968860159e-03,
          1.5068653023688763e-03, 3.7740206622505672e-03,
          3.2970190835566307e-02, 3.2737356978718509e-03,
          1.5493896396920429e-02, 1.3645448866102054e-02,
          2.1846654938301915e-02, -3.5471462559419713e-03,
          2.4011557592171984e-02, 8.4001810110712772e-03,
          4.2041572691049640e-02, 3.2737356978718517e-03,
          3.9160740272608782e-02 ]
   - !!opencv-matrix
      rows: 9
      cols: 9
      dt: d
      data: [ 7.9756523205053512e-02, 5.7808577185424464e-03,
          -1.3874279253491691e-02, -9.7197155788794054e-05,
          1.9492056856582783e-03, 4.2614092252524450e-03,
          9.2382207382313355e-03, 7.0997831888688532e-04,
          -1.3717812159201825e-02, 5.7808577185424464e-03,
          1.0783809128501836e-02, -4.7568031960430936e-03,
          7.6120589998063832e-03, 2.7987329502228231e-03,
          6.4707903611709626e-03, 3.8345375548949779e-03,
          1.6959291119958666e-04, -5.7307325759379029e-03,
          -1.3874279253491691e-02, -4.7568031960430936e-03,
          1.8585886270877088e-02, -6.9046913826235155e-03,
          -1.5748389255779349e-03, -2.0623248728972882e-03,
          -4.6515597218177857e-03, 1.1290452098742672e-03,
          4.1519534405879280e-03, -9.7197155788794623e-05,
          7.6120589998063832e-03, -6.9046913826235155e-03,
          8.8920612951062072e-02, 2.2083775398727009e-03,
          5.8746988170947610e-03, 2.8133816859803530e-03,
          4.5322674974822780e-03, -1.1056481375636577e-02,
          1.9492056856582791e-03, 2.7987329502228231e-03,
          -1.5748389255779347e-03, 2.2083775398727009e-03,
          3.6759699843886405e-02, -5.4812358809707305e-03,
          1.0193593324217202e-03, -6.9778148718643244e-03,
