%YAML:1.0
---
groups:
   - intact
   - CD19
   - blast
intactGmmnames:
   - "intact.770.0"
   - "intact.770.1"
   - "intact.770.2"
   - "intact.770.3"
   - "intact.770.4"
intactLabels:
   - FSC-A
   - SSC-A
   - SY41
   - CD19
   - CD10
   - CD20
   - CD45
   - CD34
   - CD38
intactMu: !!opencv-matrix
   rows: 5
   cols: 9
   dt: d
   data: [ 2.6282401043186514e+00, 3.3553949128291634e+00,
       3.1877129915470355e+00, 1.7184555110810307e+00,
       1.5591563225357210e+00, 1.3034953605591082e+00,
       2.8688458825660037e+00, 1.1996247795249884e+00,
       1.7563400498257760e+00, 1.0101386414991720e+00,
       4.1434112685137608e-01, 2.9760131003879997e+00,
       9.0993669364540941e-01, 1.2324979245117422e+00,
       9.4900870846344887e-01, 1.6577626901706066e+00,
       1.1390755563028119e+00, 1.6730693032330546e+00,
       1.1862660191137084e+00, 3.5582698344613678e-01,
       3.0217056890736265e+00, 1.1790725799842372e+00,
       8.8948540155913935e-01, 8.8522251075185987e-01,
       3.7931990344731341e+00, 1.1046878685428789e+00,
       1.8879154583718751e+00, 1.5603174015122911e+00,
       5.7266464002246542e-01, 2.8575755467545449e+00,
       1.3396116527219724e+00, 9.2345484714133130e-01,
       9.4880435975510824e-01, 3.8848000957752657e+00,
       1.1544138755829711e+00, 2.3274017714391575e+00,
       1.8062415593403800e+00, 1.3415078120310229e+00,
       3.1377320760716123e+00, 1.3052141343769188e+00,
       1.3271303868388458e+00, 1.2675020563429880e+00,
       2.9061224815720488e+00, 1.5875927106630612e+00,
       2.7558196551687777e+00 ]
intactSigma:
   - !!opencv-matrix
      rows: 9
      cols: 9
      dt: d
      data: [ 4.7593995294519292e-01, 1.2782899235903802e-01,
          -5.5289429550788765e-03, 3.2040178503514850e-02,
          -9.9741868493181812e-02, 4.6304727239310513e-02,
          1.2335540959842648e-03, -1.3151008685424299e-02,
          4.6179015266156712e-02, 1.2782899235903802e-01,
          4.0504004585188391e-01, -1.2364908688765991e-02,
          7.5324023767652723e-02, 6.8647884970505002e-02,
          3.3744384496580383e-02, 1.4689666609632801e-02,
          1.0687074763558957e-02, -5.5937366117436039e-03,
          -5.5289429550788747e-03, -1.2364908688765991e-02,
          1.4325807683877922e-02, -4.7273182217707540e-03,
          -3.4001529076293311e-03, 6.7137844567912331e-04,
          -1.8787008102590197e-03, 5.3091980603226494e-04,
          6.8765135938218087e-04, 3.2040178503514864e-02,
          7.5324023767652723e-02, -4.7273182217707531e-03,
          3.9234743214188884e-02, 1.1675442136627355e-02,
          8.6418973020103498e-03, 3.2929469899289731e-03,
          1.9226460602291455e-03, -4.0537458240820995e-03,
          -9.9741868493181812e-02, 6.8647884970505002e-02,
          -3.4001529076293311e-03, 1.1675442136627360e-02,
          1.6310177574537713e-01, -1.1893251968347607e-02,
          1.6073673156796416e-02, 1.0307764370099831e-02,
          -3.1955893873723031e-02, 4.6304727239310513e-02,
          3.3744384496580376e-02, 6.7137844567912374e-04,
          8.6418973020103516e-03, -1.1893251968347607e-02,
          5.3741808094415457e-02, 2.3087640038480474e-03,
          -7.0178201844605487e-04, 1.2818913806440293e-02,
          1.2335540959842648e-03, 1.4689666609632801e-02,
          -1.8787008102590203e-03, 3.2929469899289745e-03,
          1.6073673156796420e-02, 2.3087640038480474e-03,
          2.4021131234926656e-02, 9.0114366574332719e-04,
          2.4552921911035587e-03, -1.3151008685424299e-02,
          1.0687074763558957e-02, 5.3091980603226494e-04,
          1.9226460602291471e-03, 1.0307764370099831e-02,
          -7.0178201844605401e-04, 9.0114366574332763e-04,
          6.3501377416844598e-02, -2.0883565067644446e-03,
          4.6179015266156691e-02, -5.5937366117436056e-03,
          6.8765135938218087e-04, -4.0537458240821013e-03,
          -3.1955893873723031e-02, 1.2818913806440293e-02,
          2.4552921911035587e-03, -2.0883565067644451e-03,
          6.4292062998277971e-02 ]
   - !!opencv-matrix
      rows: 9
      cols: 9
      dt: d
      data: [ 9.2841223151440791e-02, 2.4947662757245411e-02,
          -4.3336375198921491e-04, 8.9514364033286796e-03,
          2.7759217183376549e-02, 1.7734732301151426e-02,
          2.5857632709218582e-02, 2.4915778429706608e-03,
          1.5493896396920429e-02, 2.4947662757245408e-02,
          2.2648062126968838e-02, 8.6902500805531701e-03,
          5.7744068519260646e-03, 1.9487641040051167e-02,
          1.4049276219379262e-02, 2.0135991032334037e-02,
          2.9877738104886497e-03, 1.3645448866102054e-02,
          -4.3336375198921502e-04, 8.6902500805531701e-03,
          1.4222307277241458e-01, -3.2699896220229938e-02,
          2.3951037513546360e-02, 6.6440401359541086e-03,
          1.3889640683219476e-02, 1.2807477847460794e-03,
          2.1846654938301915e-02, 8.9514364033286813e-03,
          5.7744068519260646e-03, -3.2699896220229938e-02,
          4.0097286387183281e-02, 2.3142866683407461e-03,
          4.5784163612430182e-03, 2.4202748992554935e-03,
          1.0079996276922264e-03, -3.5471462559419705e-03,
          2.7759217183376549e-02, 1.9487641040051167e-02,
          2.3951037513546360e-02, 2.3142866683407478e-03,
          1.4752734665450917e-01, 7.3947874589520689e-03,
          3.6867436712572359e-02, 2.1096767968860151e-03,
          2.4011557592171988e-02, 1.7734732301151426e-02,
          1.4049276219379262e-02, 6.6440401359541103e-03,
          4.5784163612430191e-03, 7.3947874589520663e-03,
          6.4740821909110360e-02, 1.2152731930455853e-02,
          1.5068653023688758e-03, 8.4001810110712772e-03,
          2.5857632709218578e-02, 2.0135991032334037e-02,
          1.3889640683219477e-02, 2.4202748992554922e-03,
          3.6867436712572359e-02, 1.2152731930455851e-02,
          1.7728076735296569e-01, 3.7740206622505672e-03,
          4.2041572691049640e-02, 2.4915778429706608e-03,
          2.9877738104886497e-03, 1.2807477847460798e-03,
          1.0079996276922273e-03, 2.1096767968860159e-03,
          1.5068653023688763e-03, 3.7740206622505672e-03,
          3.2970190835566307e-02, 3.2737356978718509e-03,
          1.5493896396920429e-02, 1.3645448866102054e-02,
          2.1846654938301915e-02, -3.5471462559419713e-03,
          2.4011557592171984e-02, 8.4001810110712772e-03,
          4.2041572691049640e-02, 3.2737356978718517e-03,
          3.9160740272608782e-02 ]
   - !!opencv-matrix
      rows: 9
      cols: 9
      dt: d
      data: [ 7.9756523205053512e-02, 5.7808577185424464e-03,
          -1.3874279253491691e-02, -9.7197155788794054e-05,
          1.9492056856582783e-03, 4.2614092252524450e-03,
          9.2382207382313355e-03, 7.0997831888688532e-04,
          -1.3717812159201825e-02, 5.7808577185424464e-03,
          1.0783809128501836e-02, -4.7568031960430936e-03,
          7.6120589998063832e-03, 2.7987329502228231e-03,
          6.4707903611709626e-03, 3.8345375548949779e-03,
          1.6959291119958666e-04, -5.7307325759379029e-03,
          -1.3874279253491691e-02, -4.7568031960430936e-03,
          1.8585886270877088e-02, -6.9046913826235155e-03,
          -1.5748389255779349e-03, -2.0623248728972882e-03,
          -4.6515597218177857e-03, 1.1290452098742672e-03,
          4.1519534405879280e-03, -9.7197155788794623e-05,
          7.6120589998063832e-03, -6.9046913826235155e-03,
          8.8920612951062072e-02, 2.2083775398727009e-03,
          5.8746988170947610e-03, 2.8133816859803530e-03,
          4.5322674974822780e-03, -1.1056481375636577e-02,
          1.9492056856582791e-03, 2.7987329502228231e-03,
          -1.5748389255779347e-03, 2.2083775398727009e-03,
          3.6759699843886405e-02, -5.4812358809707305e-03,
          1.0193593324217202e-03, -6.9778148718643244e-03,
          -2.7762838099128499e-03, 4.2614092252524459e-03,
          6.4707903611709626e-03, -2.0623248728972882e-03,
          5.8746988170947628e-03, -5.4812358809707322e-03,
          6.3260932377558463e-02, 2.4705228030454094e-03,
          -1.3437208431554711e-03, -7.5048522529734089e-03,
          9.2382207382313390e-03, 3.8345375548949779e-03,
          -4.6515597218177857e-03, 2.8133816859803535e-03,
          1.0193593324217206e-03, 2.4705228030454094e-03,
          6.2655617494468269e-03, -2.1493239717472138e-03,
          -4.4903180079185799e-03, 7.0997831888688586e-04,
          1.6959291119958672e-04, 1.1290452098742677e-03,
          4.5322674974822771e-03, -6.9778148718643261e-03,
          -1.3437208431554706e-03, -2.1493239717472138e-03,
          1.5261583640520876e-01, 3.9302634075591399e-03,
          -1.3717812159201821e-02, -5.7307325759379038e-03,
          4.1519534405879280e-03, -1.1056481375636581e-02,
          -2.7762838099128499e-03, -7.5048522529734089e-03,
          -4.4903180079185799e-03, 3.9302634075591399e-03,
          1.2114176411682138e-01 ]
   - !!opencv-matrix
      rows: 9
      cols: 9
      dt: d
      data: [ 1.0755528947453738e-01, -1.7493720319879888e-03,
          -1.2225108117710037e-03, -1.1142048260643122e-02,
          -7.5890513872788599e-04, 1.3838518103099699e-03,
          2.4424382962055431e-05, -1.4661466189424855e-04,
          -1.6668609453063799e-02, -1.7493720319879881e-03,
          2.3234236191361890e-02, -1.3593731491778937e-03,
          1.2312437083021578e-02, 3.6075264268040103e-03,
          6.5560457806992751e-03, 5.5681301067833670e-03,
          3.7378361290838322e-03, 3.7026186312541613e-02,
          -1.2225108117710035e-03, -1.3593731491778934e-03,
          5.0910477295526842e-02, -9.7759649411911630e-03,
          -2.2353615600017736e-03, 1.4582941286353634e-03,
          -2.3675870876784478e-03, 6.8085302630320683e-04,
          -1.0260982270730067e-02, -1.1142048260643122e-02,
          1.2312437083021578e-02, -9.7759649411911630e-03,
          9.1804096049032863e-02, 2.0036332964493715e-03,
          4.1000967003687605e-03, 6.4920032661636862e-03,
          4.8610783183229275e-03, 1.8267299176094102e-02,
          -7.5890513872788480e-04, 3.6075264268040116e-03,
          -2.2353615600017736e-03, 2.0036332964493723e-03,
          3.9798059188041419e-02, -5.0274679358222737e-03,
          1.1033191569032347e-03, -9.4803165774740121e-03,
          -4.6680124805876643e-03, 1.3838518103099697e-03,
          6.5560457806992751e-03, 1.4582941286353640e-03,
          4.1000967003687605e-03, -5.0274679358222737e-03,
          6.5340476929207206e-02, 1.5231826709604316e-03,
          -7.4577295475219290e-04, -1.8209824898449134e-02,
          2.4424382962055546e-05, 5.5681301067833670e-03,
          -2.3675870876784478e-03, 6.4920032661636871e-03,
          1.1033191569032347e-03, 1.5231826709604310e-03,
          9.1967036882071116e-03, -1.0102472280686082e-03,
          9.5651025223252133e-03, -1.4661466189424838e-04,
          3.7378361290838305e-03, 6.8085302630320715e-04,
          4.8610783183229292e-03, -9.4803165774740121e-03,
          -7.4577295475219290e-04, -1.0102472280686082e-03,
          1.9473457166610841e-01, 2.5485582873507950e-02,
          -1.6668609453063789e-02, 3.7026186312541613e-02,
          -1.0260982270730067e-02, 1.8267299176094102e-02,
          -4.6680124805876652e-03, -1.8209824898449134e-02,
          9.5651025223252150e-03, 2.5485582873507957e-02,
          5.0246818689902517e-01 ]
   - !!opencv-matrix
      rows: 9
      cols: 9
      dt: d
      data: [ 5.1365923327552221e-01, 2.4955979036046066e-01,
          3.0588502249403602e-02, 7.1930626013130480e-02,
          1.0388092581553763e-02, 5.9817228116259245e-02,
          1.4069012268922357e-01, 3.3381541650027539e-02,
          6.2761115386297625e-02, 2.4955979036046066e-01,
          5.7939909447186666e-01, 5.2009146940350692e-02,
          1.6221026365826333e-01, 2.9711370368644078e-02,
          1.2095625882214861e-01, 1.2966630764783824e-01,
          -3.5210130247780962e-02, 1.1729778361612492e-01,
          3.0588502249403599e-02, 5.2009146940350685e-02,
          1.7592120082870402e-01, -3.0942746641285244e-02,
          3.3380999905975754e-02, 3.0260118211127833e-02,
          1.8541042741111607e-02, 1.8771546167207418e-02,
          9.2323146920835625e-02, 7.1930626013130453e-02,
          1.6221026365826333e-01, -3.0942746641285240e-02,
          1.8183601928286322e-01, 5.9644607998803880e-03,
          7.7250237976324701e-02, 1.1607486367324869e-01,
          -1.3514367396489950e-02, 4.4957693170459355e-02,
          1.0388092581553763e-02, 2.9711370368644078e-02,
          3.3380999905975754e-02, 5.9644607998803863e-03,
          2.4012657533758708e-01, 6.4978445638317020e-02,
          -7.3780218321501986e-02, -6.1967918649429861e-02,
          -7.7115168723278602e-02, 5.9817228116259245e-02,
          1.2095625882214862e-01, 3.0260118211127826e-02,
          7.7250237976324701e-02, 6.4978445638317034e-02,
          1.6920148269744692e-01, 2.7607248357439027e-02,
          -1.4404552155678804e-02, 1.3025726111967770e-02,
          1.4069012268922357e-01, 1.2966630764783824e-01,
          1.8541042741111610e-02, 1.1607486367324871e-01,
          -7.3780218321501986e-02, 2.7607248357439027e-02,
          4.9558102686339051e-01, 6.2761966846645492e-02,
          2.9224774638356071e-01, 3.3381541650027546e-02,
          -3.5210130247780962e-02, 1.8771546167207418e-02,
          -1.3514367396489946e-02, -6.1967918649429861e-02,
          -1.4404552155678797e-02, 6.2761966846645506e-02,
          3.8144824070628747e-01, 1.3596039314451122e-01,
          6.2761115386297639e-02, 1.1729778361612492e-01,
          9.2323146920835625e-02, 4.4957693170459355e-02,
          -7.7115168723278629e-02, 1.3025726111967778e-02,
          2.9224774638356066e-01, 1.3596039314451122e-01,
          5.1409425710129963e-01 ]
intactC: !!opencv-matrix
   rows: 1
   cols: 5
   dt: d
   data: [ 5.2960068202855308e-02, 2.3634496049975368e-01,
       3.2438259614322235e-01, 1.8942920797275953e-01,
       6.2092212026157584e-02 ]
intactNumEvents: 232563.
intactMaxVals: !!opencv-matrix
   rows: 1
   cols: 9
   dt: d
   data: [ 4.5000000000000000e+00, 4.5000000000000000e+00,
       4.5000000000000000e+00, 4.5000000000000000e+00,
       4.5000000000000000e+00, 4.5000000000000000e+00,
       4.5000000000000000e+00, 4.5000000000000000e+00,
       4.5000000000000000e+00 ]
CD19Gmmnames:
   - "CD19.770.0"
   - "CD19.770.1"
CD19Labels:
   - FSC-A
   - SSC-A
   - SY41
   - CD19
   - CD10
   - CD20
   - CD45
   - CD34
   - CD38
CD19Mu: !!opencv-matrix
   rows: 2
   cols: 9
   dt: d
   data: [ 1.6328782657626340e+00, 6.6621740619741310e-01,
       2.9820582244399141e+00, 3.1479062331814944e+00,
       1.7341508948758864e+00, 3.2518129601393104e+00,
       3.8094366845791332e+00, 1.2639101220454096e+00,
       2.0646061175446508e+00, 1.3686918941897361e+00,
       3.5541685263053779e-01, 2.8819232050978023e+00,
       3.1238076406367106e+00, 1.5379949694211104e+00,
       3.2760961905384955e+00, 3.7411223989491562e+00,
       1.1592373734003558e+00, 1.7421767884674810e+00 ]
CD19Sigma:
   - !!opencv-matrix
      rows: 9
      cols: 9
      dt: d
      data: [ 3.9016587338367287e-01, 2.6736569550125967e-02,
          1.7575336331670403e-02, 3.1404156642719297e-02,
          4.1856637180965731e-02, 8.8261914956397111e-02,
          5.7325387701648418e-02, -8.3226171593824060e-04,
          -6.0400287306677035e-02, 2.6736569550125960e-02,
          5.2013636367867912e-02, 1.3559578416936070e-02,
          3.3330404617426868e-02, 1.4079098851150775e-02,
          -3.5570351287018513e-03, 1.6963462051172596e-02,
          5.9450349627271977e-04, 7.5126529875787162e-02,
          1.7575336331670396e-02, 1.3559578416936066e-02,
          8.6062238189633475e-02, -1.6352655802932003e-03,
          -2.5387917616264993e-02, -5.0027954729591519e-02,
          3.9068181636731326e-03, -1.5437237838892713e-03,
          6.6887946660330197e-02, 3.1404156642719290e-02,
          3.3330404617426881e-02, -1.6352655802932003e-03,
          8.1640207117623875e-02, 7.0013371254930193e-02,
          8.5214368426381595e-02, 1.7150550062490937e-02,
          5.4876077400600898e-03, -1.9246972328163664e-02,
          4.1856637180965731e-02, 1.4079098851150773e-02,
          -2.5387917616264993e-02, 7.0013371254930193e-02,
          2.3546638604777009e-01, 2.1988439505633353e-01,
          2.1236688028142540e-02, -1.7193181894622788e-03,
          -1.4224354911184076e-01, 8.8261914956397111e-02,
          -3.5570351287018500e-03, -5.0027954729591519e-02,
          8.5214368426381595e-02, 2.1988439505633353e-01,
          4.5527693224762916e-01, 4.0850166339124389e-02,
          2.8948819199243045e-03, -3.4923201102521523e-01,
          5.7325387701648418e-02, 1.6963462051172596e-02,
          3.9068181636731309e-03, 1.7150550062490930e-02,
          2.1236688028142544e-02, 4.0850166339124389e-02,
          3.7540893600388071e-02, -1.4487107251531693e-03,
          -4.5591326595082767e-04, -8.3226171593824363e-04,
          5.9450349627271945e-04, -1.5437237838892711e-03,
          5.4876077400600898e-03, -1.7193181894622769e-03,
          2.8948819199243045e-03, -1.4487107251531686e-03,
          2.4720219311542110e-01, 6.4878171322174999e-03,
          -6.0400287306677042e-02, 7.5126529875787149e-02,
          6.6887946660330197e-02, -1.9246972328163664e-02,
          -1.4224354911184076e-01, -3.4923201102521523e-01,
          -4.5591326595082799e-04, 6.4878171322174973e-03,
          6.6742710923252335e-01 ]
   - !!opencv-matrix
      rows: 9
      cols: 9
      dt: d
      data: [ 9.6045827963269131e-02, 1.0462125364578342e-02,
          -2.4130297202108398e-02, 7.6578595264000533e-03,
          1.1922477215961257e-02, 9.5720699720373750e-03,
          1.2813002287309812e-02, 1.5990509939626098e-03,
          8.9626870026444613e-04, 1.0462125364578342e-02,
          1.1831824190851112e-02, -4.3550795140012049e-03,
          4.4668334097733367e-03, 9.5864427281989913e-03,
          6.8177169429251058e-03, 3.8806750885950602e-03,
          1.5285453202095458e-03, 3.6380047228351232e-03,
          -2.4130297202108398e-02, -4.3550795140012049e-03,
          5.9253534584527798e-02, -6.3912645513437092e-03,
          -9.9502818876770170e-03, -7.2130400702083023e-03,
          -7.3743202205251140e-03, 3.7104963732106195e-04,
          -3.0503798745777455e-03, 7.6578595264000533e-03,
          4.4668334097733367e-03, -6.3912645513437092e-03,
          1.8645482274282865e-02, 1.0023598674652766e-02,
          9.7901117476547894e-03, 3.9986525195251105e-03,
          1.0130866379030208e-03, -2.1861214484233341e-04,
          1.1922477215961258e-02, 9.5864427281989913e-03,
          -9.9502818876770170e-03, 1.0023598674652766e-02,
          1.1944601381477828e-01, 2.3167564418284197e-02,
          4.6262074538905105e-03, -2.5125258975307739e-03,
          8.1286828511303363e-03, 9.5720699720373732e-03,
          6.8177169429251066e-03, -7.2130400702083005e-03,
          9.7901117476547894e-03, 2.3167564418284197e-02,
          2.1811521927102253e-02, 3.7948898509460828e-03,
          1.3443954835308152e-03, 5.5167068761328439e-03,
          1.2813002287309814e-02, 3.8806750885950611e-03,
          -7.3743202205251148e-03, 3.9986525195251105e-03,
          4.6262074538905105e-03, 3.7948898509460819e-03,
          9.5107984378274592e-03, -1.5758924941341398e-03,
          2.9942759883851170e-03, 1.5990509939626093e-03,
          1.5285453202095454e-03, 3.7104963732106108e-04,
          1.0130866379030215e-03, -2.5125258975307739e-03,
          1.3443954835308145e-03, -1.5758924941341394e-03,
          1.5530851163572126e-01, 3.0247257021166732e-03,
          8.9626870026444634e-04, 3.6380047228351223e-03,
          -3.0503798745777464e-03, -2.1861214484233336e-04,
          8.1286828511303328e-03, 5.5167068761328439e-03,
          2.9942759883851170e-03, 3.0247257021166728e-03,
          1.2913307359456883e-01 ]
CD19C: !!opencv-matrix
   rows: 1
   cols: 2
   dt: d
   data: [ 1.0152180006873164e-02, 1.2445647941261033e-01 ]
CD19NumEvents: 36182.
CD19MaxVals: !!opencv-matrix
   rows: 1
   cols: 9
   dt: d
   data: [ 4.5000000000000000e+00, 4.5000000000000000e+00,
       4.5000000000000000e+00, 4.5000000000000000e+00,
       4.5000000000000000e+00, 4.5000000000000000e+00,
       4.5000000000000000e+00, 4.5000000000000000e+00,
       4.5000000000000000e+00 ]
blastGmmnames:
   - "blast.770.0"
blastLabels:
   - FSC-A
   - SSC-A
   - SY41
   - CD19
   - CD10
   - CD20
   - CD45
   - CD34
   - CD38
blastMu: !!opencv-matrix
   rows: 1
   cols: 9
   dt: d
   data: [ 1.4640039327193279e+00, 6.3163824318623052e-01,
       3.0764093301734143e+00, 3.3064742428915839e+00,
       2.8376043524060930e+00, 1.7018436339436744e+00,
       3.1761508182603482e+00, 2.3345785481589179e+00,
       2.1295757001760052e+00 ]
blastSigma:
   - !!opencv-matrix
      rows: 9
      cols: 9
      dt: d
      data: [ 1.5407536045836179e-01, 1.8271750280455943e-02,
          5.0031106546646357e-03, 1.0324979730072126e-02,
          1.0889057843048531e-02, -6.8387120345613089e-02,
          -2.6528147189229145e-02, 8.8265611755708739e-02,
          -1.1119449194531448e-02, 1.8271750280455943e-02,
          5.4886961868183731e-02, 4.6233129549258026e-03,
          1.1800921412223320e-02, -1.0028773803132839e-02,
          3.8983740472048937e-02, 4.4607316456388227e-02,
          -9.9758901338804148e-02, 7.7697910076328841e-02,
          5.0031106546646357e-03, 4.6233129549258026e-03,
          2.9803751980044223e-02, -1.2487101914258496e-02,
          -8.7689957958325682e-03, -2.1596836393072454e-02,
          -5.7274001821770726e-04, -2.1962469252275130e-02,
          4.3070995004169631e-02, 1.0324979730072126e-02,
          1.1800921412223320e-02, -1.2487101914258496e-02,
          2.8304857003548730e-02, 1.8442293968961139e-02,
          -2.0081226090031799e-02, 6.2446331048871817e-03,
          2.5380117778052456e-02, -9.1388955177621866e-03,
          1.0889057843048531e-02, -1.0028773803132839e-02,
          -8.7689957958325682e-03, 1.8442293968961139e-02,
          7.1898915255307033e-02, -6.3229710796691749e-02,
          1.3700697256192303e-03, 5.0596483646012755e-02,
          -5.2988099479855950e-02, -6.8387120345613089e-02,
          3.8983740472048937e-02, -2.1596836393072454e-02,
          -2.0081226090031799e-02, -6.3229710796691749e-02,
          8.4691270233559979e-01, 1.7307557578078137e-01,
          -5.7382243318245285e-01, 1.3988385250596055e-01,
          -2.6528147189229145e-02, 4.4607316456388227e-02,
          -5.7274001821770726e-04, 6.2446331048871817e-03,
          1.3700697256192303e-03, 1.7307557578078137e-01,
          1.1662421382772062e-01, -2.4774960584309386e-01,
          6.8446640609918105e-02, 8.8265611755708739e-02,
          -9.9758901338804148e-02, -2.1962469252275130e-02,
          2.5380117778052456e-02, 5.0596483646012755e-02,
          -5.7382243318245285e-01, -2.4774960584309386e-01,
          9.8763142927246494e-01, -3.1307391326481171e-01,
          -1.1119449194531448e-02, 7.7697910076328841e-02,
          4.3070995004169631e-02, -9.1388955177621866e-03,
          -5.2988099479855950e-02, 1.3988385250596055e-01,
          6.8446640609918105e-02, -3.1307391326481171e-01,
          4.0529587249012178e-01 ]
blastC: !!opencv-matrix
   rows: 1
   cols: 1
   dt: d
   data: [ 1.8229573576791468e-04 ]
blastNumEvents: 49.
blastMaxVals: !!opencv-matrix
   rows: 1
   cols: 9
   dt: d
   data: [ 4.5000000000000000e+00, 4.5000000000000000e+00,
       4.5000000000000000e+00, 4.5000000000000000e+00,
       4.5000000000000000e+00, 4.5000000000000000e+00,
       4.5000000000000000e+00, 4.5000000000000000e+00,
       4.5000000000000000e+00 ]
