%YAML:1.0
---
groups:
   - intact
   - CD19
   - blast
intactGmmnames:
   - "intact.775.0"
   - "intact.775.1"
   - "intact.775.2"
   - "intact.775.3"
   - "intact.775.4"
intactLabels:
   - FSC-A
   - SSC-A
   - SY41
   - CD19
   - CD10
   - CD20
   - CD45
   - CD34
   - CD38
intactMu: !!opencv-matrix
   rows: 5
   cols: 9
   dt: d
   data: [ 1.0559329876948254e+00, 2.9135731861282971e-01,
       3.6349558162216593e+00, 1.0075704548455660e+00,
       8.2179856043276223e-01, 9.3519537604112823e-01,
       3.6513412826797196e+00, 1.1181517328549413e+00,
       1.7378477737004294e+00, 2.5402746937207503e+00,
       2.8725901209356057e+00, 3.4948573737995292e+00,
       1.3586458364533929e+00, 1.7517168408993873e+00,
       1.2169171563105443e+00, 2.8437430423979464e+00,
       1.1804017398817890e+00, 1.7351435863337699e+00,
       8.5667851994717503e-01, 5.0934536353746040e-01,
       3.4609054495344953e+00, 9.4311411914401899e-01,
       1.0695569181606459e+00, 1.0404963852224400e+00,
       1.4551139275280576e+00, 1.1353454214250964e+00,
       1.5908607986859149e+00, 1.4936761194185590e+00,
       4.8656441563002822e-01, 3.2196765762280060e+00,
       1.1941726142685367e+00, 9.2119309233289359e-01,
       1.0166119719506006e+00, 3.7973222666283952e+00,
       1.1494602896522434e+00, 1.8250387238692694e+00,
       1.8271665817519598e+00, 1.4831923629571289e+00,
       3.6227485059411166e+00, 1.1717906958148891e+00,
       1.3952363062688393e+00, 1.4392971950007762e+00,
       2.8305178496787557e+00, 1.5621751386093927e+00,
       2.3648204009708378e+00 ]
intactSigma:
   - !!opencv-matrix
      rows: 9
      cols: 9
      dt: d
      data: [ 1.0496134069833589e-01, 4.0209158445008641e-03,
          -3.9685120058827572e-02, 2.3837746988916286e-02,
          1.1826906019226972e-02, 6.9232074488047536e-03,
          1.1125639768160571e-02, -2.9695153717099062e-03,
          -6.7866968072358373e-03, 4.0209158445008632e-03,
          7.8094942841471504e-03, -4.1066746238514525e-03,
          3.9301555418798512e-03, 3.4329212512049256e-03,
          6.4672351279431431e-03, 2.5905915462308168e-03,
          4.8838868128779883e-04, -5.9374486168808846e-03,
          -3.9685120058827572e-02, -4.1066746238514525e-03,
          4.6176424820596251e-02, -2.7685672585503682e-02,
          -1.4125643812792089e-02, -7.8845718109080681e-03,
          -8.4828460883012938e-03, 2.4309100901515851e-03,
          9.8347113335299028e-03, 2.3837746988916286e-02,
          3.9301555418798512e-03, -2.7685672585503682e-02,
          3.2783637316424807e-02, 9.4200083616800337e-03,
          6.4002022012653792e-03, 5.6632507500530309e-03,
          4.3215529039932832e-05, -1.2063734248167755e-02,
          1.1826906019226972e-02, 3.4329212512049256e-03,
          -1.4125643812792089e-02, 9.4200083616800337e-03,
          4.0784555601340346e-02, -2.5984361851068699e-03,
          3.2683202522341740e-03, -5.7294377822457937e-03,
          -7.4527286721941081e-03, 6.9232074488047536e-03,
          6.4672351279431431e-03, -7.8845718109080698e-03,
          6.4002022012653792e-03, -2.5984361851068699e-03,
          8.5584622507047042e-02, 3.0813916848671866e-03,
          3.6049105374330571e-04, -1.6048637005554926e-02,
          1.1125639768160571e-02, 2.5905915462308177e-03,
          -8.4828460883012938e-03, 5.6632507500530300e-03,
          3.2683202522341740e-03, 3.0813916848671866e-03,
          7.7307859950974936e-03, -2.0105842852808048e-03,
          -6.1211918628653354e-03, -2.9695153717099049e-03,
          4.8838868128779904e-04, 2.4309100901515851e-03,
          4.3215529039932907e-05, -5.7294377822457946e-03,
          3.6049105374330506e-04, -2.0105842852808043e-03,
          1.3854098854934388e-01, 3.3069165432041835e-03,
          -6.7866968072358373e-03, -5.9374486168808855e-03,
          9.8347113335298993e-03, -1.2063734248167755e-02,
          -7.4527286721941064e-03, -1.6048637005554926e-02,
          -6.1211918628653354e-03, 3.3069165432041817e-03,
          1.5934494710513050e-01 ]
   - !!opencv-matrix
      rows: 9
      cols: 9
      dt: d
      data: [ 5.4085366211523656e-01, 1.0635601825288767e-01,
          -1.7208938465788522e-02, 2.6451368665273443e-02,
          -9.3666745807596888e-02, 3.3688708271656757e-02,
          1.2401133756264355e-03, 1.8217564883519678e-04,
          3.0869749213851643e-02, 1.0635601825288767e-01,
          4.1826304551933152e-01, -7.5675893663603763e-02,
          8.6790766816698089e-02, 9.9584126464096076e-02,
          5.2057415742433007e-02, 2.1614716215429177e-02,
          1.2714868123099332e-02, 1.0451731867220988e-02,
          -1.7208938465788526e-02, -7.5675893663603791e-02,
          7.1493989457837540e-02, -3.7440657652065654e-02,
          -3.2018806847997468e-02, -6.7928753817456103e-03,
          -1.0993775847737960e-02, -4.1514057897841538e-04,
          3.5490599386693816e-03, 2.6451368665273436e-02,
          8.6790766816698048e-02, -3.7440657652065647e-02,
          4.2788512298998833e-02, 2.4734574241139097e-02,
          1.1464756869435702e-02, 7.3112135133745933e-03,
          2.5980852742704275e-03, -5.2897465382859069e-03,
          -9.3666745807596888e-02, 9.9584126464096048e-02,
          -3.2018806847997468e-02, 2.4734574241139097e-02,
          1.9542812703107085e-01, 1.3906352417030611e-03,
          2.8927524884307183e-02, 4.3563799713555104e-03,
          -2.3139615873227760e-02, 3.3688708271656757e-02,
          5.2057415742433007e-02, -6.7928753817456129e-03,
          1.1464756869435700e-02, 1.3906352417030598e-03,
          6.7676137440689191e-02, 2.4390348017581101e-03,
          3.1160871213677479e-03, 5.3681537316186499e-03,
          1.2401133756264338e-03, 2.1614716215429177e-02,
          -1.0993775847737960e-02, 7.3112135133745941e-03,
          2.8927524884307193e-02, 2.4390348017581109e-03,
          3.1507243714921244e-02, -5.6261117385437325e-04,
          -8.9073999650385901e-04, 1.8217564883519821e-04,
          1.2714868123099332e-02, -4.1514057897841522e-04,
          2.5980852742704267e-03, 4.3563799713555095e-03,
          3.1160871213677479e-03, -5.6261117385437347e-04,
          7.4611033909514068e-02, 9.5527467085486178e-04,
          3.0869749213851640e-02, 1.0451731867220983e-02,
          3.5490599386693816e-03, -5.2897465382859077e-03,
          -2.3139615873227760e-02, 5.3681537316186490e-03,
          -8.9073999650385901e-04, 9.5527467085486145e-04,
          7.4069121973012297e-02 ]
   - !!opencv-matrix
      rows: 9
      cols: 9
      dt: d
      data: [ 1.5299133823510799e-01, 4.2239270922497511e-02,
          -8.8786630321336588e-02, 3.7285023183442498e-02,
          4.0951636544775481e-02, 2.7107160704814916e-02,
          5.5898105454905561e-02, 6.4502719229007884e-03,
          1.6732458904973688e-02, 4.2239270922497511e-02,
          4.4239137183946779e-02, 2.6945169101616717e-04,
          3.3143590244685385e-03, 2.4446373651877174e-02,
          2.8277854869600893e-02, 4.1376195914527653e-02,
          5.6126758394746176e-03, 2.7263529675386880e-02,
          -8.8786630321336588e-02, 2.6945169101616793e-04,
          3.1000374470006969e-01, -1.2028171370504412e-01,
          -3.8900350659960274e-02, 1.3974236973144908e-02,
          -2.8691743094056702e-02, -4.9301816406563054e-03,
          4.9039822187746822e-02, 3.7285023183442498e-02,
          3.3143590244685398e-03, -1.2028171370504412e-01,
          6.3733842694696882e-02, 2.6508439064572512e-02,
          1.7532685123990786e-03, 1.7108620346265136e-02,
          1.1061277583746341e-03, -2.0037026090839717e-02,
          4.0951636544775481e-02, 2.4446373651877174e-02,
          -3.8900350659960267e-02, 2.6508439064572512e-02,
          1.1817817448809677e-01, 1.5232226678743009e-02,
