%YAML:1.0
---
groups:
   - intact
   - CD19
   - blast
intactGmmnames:
   - "intact.789.0"
   - "intact.789.1"
   - "intact.789.2"
   - "intact.789.3"
   - "intact.789.4"
intactLabels:
   - FSC-A
   - SSC-A
   - SY41
   - CD19
   - CD10
   - CD20
   - CD45
   - CD34
   - CD38
intactMu: !!opencv-matrix
   rows: 5
   cols: 9
   dt: d
   data: [ 1.1993672058509988e+00, 3.4151688778773193e-01,
       3.5398221467706534e+00, 7.7878966898055269e-01,
       8.5870439458261638e-01, 9.1635631709004373e-01,
       3.6802855802231140e+00, 1.1334036891626700e+00,
       1.3379767744497091e+00, 2.4867117604714291e+00,
       3.4466164963724841e+00, 3.3213159889135944e+00,
       1.1204614831924666e+00, 2.0349449393317078e+00,
       1.2330396029565662e+00, 3.0689390229663589e+00,
       1.2756587078659991e+00, 1.5319673708885804e+00,
       8.3905921684107743e-01, 4.9945639281939480e-01,
       3.2442406038573308e+00, 1.0316899942016420e+00,
       1.0745100107680396e+00, 1.0345970690287494e+00,
       1.7060986833380356e+00, 1.1610817885703579e+00,
       1.5836851617799432e+00, 1.9694755615335722e+00,
       1.3361705707889120e+00, 3.3027447570574950e+00,
       9.9342617176009629e-01, 1.2039919132367334e+00,
       1.2498383427335824e+00, 3.0161436146888567e+00,
       1.4337688543020679e+00, 1.7018682813705250e+00,
       8.2544783508109021e-01, 3.1062942589465242e-01,
       3.5662106586421305e+00, 1.1760807854023745e+00,
       1.3953889420223313e+00, 3.0338338039348245e+00,
       3.6066717755381683e+00, 1.1712374777235901e+00,
       1.3563246679531364e+00 ]
intactSigma:
   - !!opencv-matrix
      rows: 9
      cols: 9
      dt: d
      data: [ 1.5156084008096554e-01, 3.8061818190938796e-03,
          -2.9113673444398830e-02, 1.6039202322486821e-02,
          7.8004535668721705e-03, 4.5885766277005916e-03,
          7.0625418658459456e-03, -1.8055498050250894e-03,
          8.7958248445630521e-03, 3.8061818190938783e-03,
          2.1848420265732652e-02, -2.3976684354071093e-02,
          1.0740775254641274e-03, 9.3655395079628462e-03,
          1.2242279582500949e-02, 1.0538011917328210e-02,
          2.0940536539929477e-03, -8.3363940745671064e-03,
          -2.9113673444398830e-02, -2.3976684354071087e-02,
          7.1229004070952590e-02, -9.7385956575216735e-03,
          -1.9041238142991211e-02, -1.3353779769271965e-02,
          -2.0959871294478512e-02, -7.7239735525947253e-04,
          1.6634817699437678e-02, 1.6039202322486821e-02,
          1.0740775254641274e-03, -9.7385956575216700e-03,
          8.8573312142242334e-03, 2.7581992799837309e-03,
          5.0426632893789901e-04, -1.3710581300462391e-03,
          7.7398065947890797e-04, 2.5601933469881553e-03,
          7.8004535668721679e-03, 9.3655395079628462e-03,
          -1.9041238142991211e-02, 2.7581992799837309e-03,
          5.3809658669483999e-02, -1.5541225274138396e-03,
          6.9183912406857772e-03, -5.6680561431884605e-03,
          -6.5796705616455288e-03, 4.5885766277005890e-03,
          1.2242279582500949e-02, -1.3353779769271965e-02,
          5.0426632893789923e-04, -1.5541225274138396e-03,
          7.5362133882921567e-02, 7.0876850707757080e-03,
          3.3215377903275043e-04, -7.9911487750048762e-03,
          7.0625418658459456e-03, 1.0538011917328210e-02,
          -2.0959871294478512e-02, -1.3710581300462391e-03,
          6.9183912406857754e-03, 7.0876850707757080e-03,
          1.4805229788344646e-02, -6.3757078631225539e-04,
          -1.2364804135070188e-02, -1.8055498050250907e-03,
          2.0940536539929481e-03, -7.7239735525947220e-04,
          7.7398065947890731e-04, -5.6680561431884605e-03,
          3.3215377903274989e-04, -6.3757078631225550e-04,
          1.6223631203836825e-01, 1.9108775956490909e-03,
          8.7958248445630521e-03, -8.3363940745671047e-03,
          1.6634817699437678e-02, 2.5601933469881553e-03,
          -6.5796705616455271e-03, -7.9911487750048762e-03,
          -1.2364804135070188e-02, 1.9108775956490909e-03,
          2.4268467016686297e-02 ]
   - !!opencv-matrix
      rows: 9
      cols: 9
      dt: d
      data: [ 7.4756141553644317e-01, 7.1881847085630918e-02,
          6.1546948640667327e-03, 6.2363690534238826e-02,
          -1.9439042391456532e-01, 3.4814986670978987e-02,
          -6.7980583388444246e-02, -6.1797107649969709e-03,
          3.7818483680688367e-02, 7.1881847085630918e-02,
          3.5150647772359417e-01, -3.3926048022285847e-02,
          1.6698899927651879e-02, 7.4269229242987053e-02,
          3.4227163244128653e-02, 3.1222436954631307e-02,
          1.4337829517464321e-02, -4.8433355064805223e-03,
          6.1546948640667327e-03, -3.3926048022285847e-02,
          6.4565282155617881e-02, -1.1805068572567939e-02,
          -3.0753856955298791e-02, -9.3295451419824892e-04,
          -1.4855717858359358e-02, -1.6423939457962577e-03,
          6.5085142645586232e-03, 6.2363690534238826e-02,
          1.6698899927651886e-02, -1.1805068572567939e-02,
          2.5449656172560526e-02, -1.5375628518713430e-02,
          2.9135390119003177e-03, -7.3544907911352710e-03,
          -7.6368377874282373e-04, 6.6569887549763488e-03,
          -1.9439042391456529e-01, 7.4269229242987053e-02,
          -3.0753856955298794e-02, -1.5375628518713430e-02,
          2.5056633188876054e-01, -6.3538201545968740e-03,
          7.1288870966516343e-02, 7.9164035397223855e-03,
          -2.4069269317619175e-02, 3.4814986670978994e-02,
          3.4227163244128653e-02, -9.3295451419824859e-04,
          2.9135390119003190e-03, -6.3538201545968748e-03,
          5.9326471103209696e-02, 1.4783290264841400e-03,
          2.1243513429063023e-03, 1.2080431745636977e-03,
          -6.7980583388444260e-02, 3.1222436954631307e-02,
          -1.4855717858359358e-02, -7.3544907911352710e-03,
          7.1288870966516343e-02, 1.4783290264841404e-03,
          4.9601546121466805e-02, 3.5917383678487334e-04,
          -1.3081451037008500e-02, -6.1797107649969717e-03,
          1.4337829517464321e-02, -1.6423939457962593e-03,
          -7.6368377874282394e-04, 7.9164035397223838e-03,
          2.1243513429063032e-03, 3.5917383678487458e-04,
          9.9645466335905680e-02, -5.1105056709578806e-04,
          3.7818483680688367e-02, -4.8433355064805240e-03,
          6.5085142645586232e-03, 6.6569887549763488e-03,
          -2.4069269317619175e-02, 1.2080431745636973e-03,
          -1.3081451037008500e-02, -5.1105056709578741e-04,
          1.0780991812424040e-02 ]
   - !!opencv-matrix
      rows: 9
      cols: 9
      dt: d
      data: [ 1.5325576652862161e-01, 2.9210796109803015e-02,
          -8.9440573482699473e-02, 1.9002363883528474e-02,
          -5.3936427593781321e-03, 3.9950250949230869e-03,
          3.9690226629212073e-02, 2.2483959376155747e-02,
          -1.6140140856804456e-03, 2.9210796109803008e-02,
          4.2784015170795990e-02, -3.0090284583395234e-03,
          3.4728950243794534e-04, 1.5170927382016339e-02,
          2.0841965607301952e-02, 4.5079449633042452e-02,
          1.3467254739067829e-02, 5.4301851925519953e-04,
          -8.9440573482699473e-02, -3.0090284583395247e-03,
          2.6526479774254985e-01, -6.4414661342590190e-02,
          1.2391500925552613e-02, 2.4630494924643032e-02,
          -1.6059850733166396e-02, -2.3293721806227938e-02,
          8.0139596077480682e-03, 1.9002363883528474e-02,
          3.4728950243794506e-04, -6.4414661342590190e-02,
          2.2262490740713813e-02, 7.2026131470139334e-04,
          -3.5785483028754534e-03, -2.1995192984894168e-03,
          3.5695083216062428e-03, -2.7772202327738158e-03,
          -5.3936427593781339e-03, 1.5170927382016339e-02,
          1.2391500925552613e-02, 7.2026131470139367e-04,
          8.6768113121391433e-02, 9.5518415504101811e-03,
