%YAML:1.0
---
groups:
   - intact
   - CD19
intactGmmnames:
   - "intact.802.0"
   - "intact.802.1"
   - "intact.802.2"
   - "intact.802.3"
   - "intact.802.4"
intactLabels:
   - FSC-A
   - SSC-A
   - SY41
   - CD19
   - CD10
   - CD20
   - CD45
   - CD34
   - CD38
intactMu: !!opencv-matrix
   rows: 5
   cols: 9
   dt: d
   data: [ 1.8941403636416234e+00, 5.3270632330387113e-01,
       2.1655578859921056e+00, 1.1724211547348338e+00,
       9.4840965613929107e-01, 9.3331882744816219e-01,
       3.6791768104049072e+00, 1.1463679863350658e+00,
       1.3418715008861997e+00, 2.0220708734411805e+00,
       1.4270085689723315e+00, 2.2928525308870227e+00,
       1.4606976633125759e+00, 1.0436012055453119e+00,
       1.1049709607964695e+00, 3.7107838065521626e+00,
       1.1809514531758332e+00, 1.5152932841898648e+00,
       2.6944597712815632e+00, 2.8879010881199840e+00,
       2.7496216035292638e+00, 1.5943853955866552e+00,
       1.5586534897560449e+00, 1.3250726463826037e+00,
       2.8735178477670753e+00, 1.4149452413958172e+00,
       2.1868482679170689e+00, 1.3844263917540649e+00,
       7.1509542487272915e-01, 2.4416574511060043e+00,
       1.0011505111213856e+00, 1.0351866734809234e+00,
       9.9320868710513766e-01, 1.6235532476708916e+00,
       1.2132595125761279e+00, 1.3432738803702986e+00,
       2.0859156696404737e+00, 6.9698815574436435e-01,
       2.2787752933840970e+00, 1.2076853374691225e+00,
       9.7561456915871181e-01, 9.5855040993141816e-01,
       3.6236713354334991e+00, 1.3674741439852580e+00,
       2.8917032546762909e+00 ]
intactSigma:
   - !!opencv-matrix
      rows: 9
      cols: 9
      dt: d
      data: [ 2.0681476640568663e-01, 4.2367375958380976e-03,
          1.9030646666861769e-02, 5.3189133870606715e-03,
          1.9971109507142435e-04, 5.2354991558880770e-03,
          2.1731410962971699e-02, 5.9099222081480943e-05,
          -1.9778871443775662e-02, 4.2367375958380984e-03,
          3.0976914525038490e-02, 1.5951669680246510e-02,
          1.2919988747531355e-02, 7.9878323918915143e-03,
          8.7778960929813538e-03, 7.5408070374378749e-03,
          2.3452061434890035e-03, -6.0550202038491723e-03,
          1.9030646666861769e-02, 1.5951669680246510e-02,
          9.3054214485539286e-02, 5.1095004583900467e-03,
          4.7671872828896475e-03, 7.4783317210255990e-03,
          1.0067785098244996e-02, 9.4814443072974586e-04,
          -2.4084217405018699e-03, 5.3189133870606689e-03,
          1.2919988747531351e-02, 5.1095004583900485e-03,
          1.0326568775668186e-01, 3.4646334159880001e-03,
          3.6091592527645513e-03, 1.0777709236423653e-02,
          3.0827405076108215e-03, -2.6938280339465732e-02,
          1.9971109507142435e-04, 7.9878323918915143e-03,
          4.7671872828896475e-03, 3.4646334159880022e-03,
          6.8710645291354969e-02, -6.7784500923241493e-03,
          2.0026538802041176e-03, -2.1916695323304777e-03,
          -2.9322688676441328e-03, 5.2354991558880778e-03,
          8.7778960929813538e-03, 7.4783317210255990e-03,
          3.6091592527645508e-03, -6.7784500923241493e-03,
          6.8569032392990462e-02, 5.1764143676671474e-03,
          1.4366981066981852e-03, -6.6118901619405786e-03,
          2.1731410962971699e-02, 7.5408070374378749e-03,
          1.0067785098244996e-02, 1.0777709236423653e-02,
          2.0026538802041167e-03, 5.1764143676671483e-03,
          2.7553703699020778e-02, -2.9268865796899681e-05,
          -1.0713150194543240e-02, 5.9099222081481309e-05,
          2.3452061434890031e-03, 9.4814443072974500e-04,
          3.0827405076108206e-03, -2.1916695323304781e-03,
          1.4366981066981867e-03, -2.9268865796899697e-05,
          1.4280428047202445e-01, 2.7281314009683891e-03,
          -1.9778871443775662e-02, -6.0550202038491723e-03,
          -2.4084217405018699e-03, -2.6938280339465725e-02,
          -2.9322688676441328e-03, -6.6118901619405803e-03,
          -1.0713150194543246e-02, 2.7281314009683900e-03,
          2.1844434754646153e-01 ]
   - !!opencv-matrix
      rows: 9
      cols: 9
      dt: d
      data: [ 3.0995047442349188e-01, 2.8125606357070647e-03,
          3.4595365619553183e-02, -4.3414280719282416e-03,
          3.9917815508314480e-03, -3.1459387192496685e-03,
          3.0000310389582868e-02, 1.1268408133450149e-02,
          -2.2949129399787100e-03, 2.8125606357070647e-03,
          4.1582200226871735e-01, 3.0095487878411140e-02,
          1.1729263820664936e-01, 2.3145690065681682e-02,
          3.0003378819409173e-02, -3.2720230463183465e-03,
          8.8336494440602494e-03, -3.5463568573228431e-02,
          3.4595365619553183e-02, 3.0095487878411140e-02,
          6.9503822526295875e-02, 8.6219337450203232e-03,
          1.1488406099028849e-02, 1.0308064900665161e-02,
          9.2120454732674013e-03, 9.1092492810328479e-03,
          1.9393675575877005e-02, -4.3414280719282416e-03,
          1.1729263820664936e-01, 8.6219337450203232e-03,
          1.5533417545685069e-01, 3.1690928949314572e-02,
          8.8579585085229742e-02, 2.7917314676442644e-03,
          8.2594623682881226e-03, -1.6752159979292049e-02,
          3.9917815508314480e-03, 2.3145690065681679e-02,
          1.1488406099028851e-02, 3.1690928949314565e-02,
          9.3978883759666912e-02, 4.0915660858954303e-02,
          1.3346677761089522e-03, 5.7435402438170240e-03,
          7.7749095559627515e-03, -3.1459387192496677e-03,
          3.0003378819409173e-02, 1.0308064900665164e-02,
          8.8579585085229728e-02, 4.0915660858954303e-02,
          2.3379264201693359e-01, 3.8349616014045750e-03,
          9.5545840111178684e-03, 4.6821930786825313e-03,
          3.0000310389582868e-02, -3.2720230463183452e-03,
          9.2120454732674013e-03, 2.7917314676442644e-03,
          1.3346677761089522e-03, 3.8349616014045759e-03,
          2.7641377509799760e-02, 8.4655132363046798e-04,
          -1.8980820203544141e-03, 1.1268408133450149e-02,
          8.8336494440602546e-03, 9.1092492810328444e-03,
          8.2594623682881192e-03, 5.7435402438170248e-03,
          9.5545840111178771e-03, 8.4655132363046755e-04,
          1.6076014022794027e-01, 1.0406882479494332e-02,
          -2.2949129399787117e-03, -3.5463568573228445e-02,
          1.9393675575877005e-02, -1.6752159979292049e-02,
          7.7749095559627541e-03, 4.6821930786825330e-03,
          -1.8980820203544132e-03, 1.0406882479494332e-02,
          4.6516509866263467e-01 ]
   - !!opencv-matrix
      rows: 9
      cols: 9
      dt: d
      data: [ 8.6873563210582427e-01, 3.3841326531801791e-01,
          3.3175261216154564e-02, 4.1276733567543987e-02,
          5.8215359930801867e-02, -1.4939589894604331e-02,
          1.0046106917751317e-01, -1.1547177615695195e-01,
          -1.2316167977523575e-02, 3.3841326531801791e-01,
          1.1355375130281220e+00, 6.0412587016179527e-02,
          2.0437545636654283e-01, 8.8038257435950590e-02,
          -5.4126034621942423e-03, 1.6068680577636954e-01,
          -1.3463013861315168e-01, -1.5451296542961396e-01,
          3.3175261216154564e-02, 6.0412587016179513e-02,
          1.0799650568289526e-01, 1.8069584407433689e-03,
          3.8777367581251186e-02, 3.4992156710702806e-02,
          8.2630019094046912e-03, 3.1374594496601287e-02,
          8.1038442422671410e-03, 4.1276733567543994e-02,
          2.0437545636654278e-01, 1.8069584407433687e-03,
          1.0520957832699740e-01, 3.2554140381753950e-02,
          2.2154254683973688e-02, 4.4955671767708566e-02,
          -1.7962470037164495e-02, -1.3654932788252342e-02,
          5.8215359930801854e-02, 8.8038257435950604e-02,
          3.8777367581251186e-02, 3.2554140381753950e-02,
          2.3719299511639405e-01, 5.1728286502049511e-02,
          5.0416042334503634e-02, 6.5186284195592565e-03,
