%YAML:1.0
---
groups:
   - intact
   - CD19
intactGmmnames:
   - "intact.811.0"
   - "intact.811.1"
   - "intact.811.2"
   - "intact.811.3"
   - "intact.811.4"
intactLabels:
   - FSC-A
   - SSC-A
   - SY41
   - CD19
   - CD10
   - CD20
   - CD45
   - CD34
   - CD38
intactMu: !!opencv-matrix
   rows: 5
   cols: 9
   dt: d
   data: [ 2.2733588468748871e+00, 2.7794963797699404e+00,
       4.0245823534476823e+00, 1.0872429212750634e+00,
       1.1933733862243598e+00, 1.2990860871198762e+00,
       2.6464411813706237e+00, 1.1273718293922237e+00,
       2.2823432913296724e+00, 9.5242592974674789e-01,
       3.3665625410711170e-01, 3.9113669514008005e+00,
       9.5567359682265252e-01, 1.1079288593000043e+00,
       8.7487265390213187e-01, 3.5945183860248311e+00,
       1.0845540526065511e+00, 1.9373215539339106e+00,
       2.1302032094103023e+00, 3.3921521538570962e+00,
       3.7654006763946302e+00, 1.2563089609817455e+00,
       2.0221836027451352e+00, 1.0742956812837208e+00,
       2.9065817253256170e+00, 1.1363161517301135e+00,
       1.9693801985828352e+00, 1.7214582837870271e+00,
       1.4420863185438049e+00, 3.7522067417961655e+00,
       1.2162728572960855e+00, 1.3868614969955888e+00,
       1.3019947025411225e+00, 3.1142555180847955e+00,
       1.4915894987340086e+00, 2.4302775009984448e+00,
       1.1175511377726290e+00, 6.6652707692546953e-01,
       3.7440370813447554e+00, 9.9195050264243834e-01,
       1.1408838403505901e+00, 9.2806708503092450e-01,
       1.6265946966483065e+00, 1.3854551789518939e+00,
       1.9211491366781446e+00 ]
intactSigma:
   - !!opencv-matrix
      rows: 9
      cols: 9
      dt: d
      data: [ 5.4579204021053895e-01, 2.9612569170321046e-01,
          -7.3821624168556761e-03, 3.7683993378501209e-02,
          7.7292348492460751e-03, 1.5044982906468433e-02,
          3.4975777130687981e-02, 2.3758245154209758e-03,
          -6.3279019061130648e-02, 2.9612569170321051e-01,
          5.7188766962378401e-01, -1.1223021683900434e-02,
          6.0255499527788837e-02, 2.2244234477390001e-02,
          7.1001796756638202e-02, 6.9338526307589812e-02,
          5.4797728917230547e-03, 9.3072035622654078e-03,
          -7.3821624168556761e-03, -1.1223021683900434e-02,
          5.3894643667830387e-02, -4.5708136902325384e-02,
          -8.8632089867460712e-03, 1.0450381193833956e-02,
          -8.7644653693783100e-03, 4.7188903905749291e-03,
          1.7778302215374207e-02, 3.7683993378501209e-02,
          6.0255499527788837e-02, -4.5708136902325384e-02,
          5.1026530774550036e-02, 1.0261630926343709e-02,
          -8.0041914056444173e-04, 1.3126575188440365e-02,
          -2.8284478193002466e-03, -1.4428816513886717e-02,
          7.7292348492460769e-03, 2.2244234477390001e-02,
          -8.8632089867460712e-03, 1.0261630926343709e-02,
          1.0875692910683415e-02, 9.0193464856707997e-03,
          3.3265635735690111e-03, 3.5588937617840892e-04,
          8.1448085186291725e-03, 1.5044982906468433e-02,
          7.1001796756638216e-02, 1.0450381193833956e-02,
          -8.0041914056444151e-04, 9.0193464856707980e-03,
          9.2665259100444472e-02, 2.5854863228107401e-03,
          6.0444431239157137e-03, 5.2520386179582094e-02,
          3.4975777130687981e-02, 6.9338526307589812e-02,
          -8.7644653693783100e-03, 1.3126575188440365e-02,
          3.3265635735690120e-03, 2.5854863228107414e-03,
          4.0427578960324888e-02, -3.4753511856220865e-03,
          -1.6833177183934230e-03, 2.3758245154209766e-03,
          5.4797728917230591e-03, 4.7188903905749317e-03,
          -2.8284478193002479e-03, 3.5588937617840919e-04,
          6.0444431239157154e-03, -3.4753511856220865e-03,
          7.8295855494930885e-02, 6.8794280712393572e-03,
          -6.3279019061130648e-02, 9.3072035622654009e-03,
          1.7778302215374207e-02, -1.4428816513886715e-02,
          8.1448085186291725e-03, 5.2520386179582094e-02,
          -1.6833177183934239e-03, 6.8794280712393555e-03,
          9.4797471321644219e-02 ]
   - !!opencv-matrix
      rows: 9
      cols: 9
      dt: d
      data: [ 1.2551798706608833e-01, 1.7491744063560168e-02,
          -6.0474431674556829e-02, 4.1901731640871021e-02,
          1.2718903727295729e-02, 2.8664205195161441e-02,
          2.3403406391584086e-02, -3.8887911379341545e-03,
          -3.6652526623932387e-03, 1.7491744063560164e-02,
          1.4786514522557342e-02, -1.3013805749700239e-02,
          8.2460496153913265e-03, 3.1089018877272700e-03,
          1.1671702067462526e-02, 8.4578386912543893e-03,
          4.7834500069241409e-04, -1.1866305870495803e-03,
          -6.0474431674556829e-02, -1.3013805749700237e-02,
          9.0811459557710486e-02, -5.4215847761579387e-02,
          -1.6511930876402413e-02, -2.6344241332603380e-02,
          -1.8639357345027707e-02, 4.2295977135130558e-03,
          4.6837817351531490e-03, 4.1901731640871034e-02,
          8.2460496153913265e-03, -5.4215847761579387e-02,
          4.1382598500655267e-02, 1.1232251044970118e-02,
          1.8639655286241827e-02, 1.1546309143299330e-02,
          -1.7236083447388904e-03, -3.0465014527008404e-03,
          1.2718903727295729e-02, 3.1089018877272696e-03,
          -1.6511930876402413e-02, 1.1232251044970118e-02,
          8.5992865048501298e-03, 4.7590682443924221e-03,
          3.8890567556217909e-03, -1.6701239006375822e-03,
          -1.0320434953569511e-03, 2.8664205195161441e-02,
          1.1671702067462526e-02, -2.6344241332603373e-02,
          1.8639655286241827e-02, 4.7590682443924221e-03,
          8.7958181755145706e-02, 1.2110140687333031e-02,
          -9.6099032816598820e-05, -4.2790627091990703e-03,
          2.3403406391584086e-02, 8.4578386912543893e-03,
          -1.8639357345027707e-02, 1.1546309143299330e-02,
          3.8890567556217909e-03, 1.2110140687333029e-02,
          1.7268229380917249e-02, -3.0137180601323785e-03,
          -2.3307540769033014e-03, -3.8887911379341567e-03,
          4.7834500069241382e-04, 4.2295977135130558e-03,
          -1.7236083447388889e-03, -1.6701239006375818e-03,
          -9.6099032816598400e-05, -3.0137180601323785e-03,
          1.6614605940690985e-01, 1.4859505573961117e-03,
          -3.6652526623932387e-03, -1.1866305870495805e-03,
          4.6837817351531490e-03, -3.0465014527008417e-03,
          -1.0320434953569506e-03, -4.2790627091990711e-03,
          -2.3307540769033014e-03, 1.4859505573961112e-03,
          6.3405564315490489e-03 ]
   - !!opencv-matrix
      rows: 9
      cols: 9
      dt: d
      data: [ 3.8012893629937189e-01, 1.3742749702597520e-01,
          -2.8056491926839455e-02, 2.7815293623594070e-02,
          -5.3236188218038910e-02, 2.6099020122053673e-02,
          -2.2865085483817479e-02, 2.4414296022975475e-03,
          4.9783631681513726e-03, 1.3742749702597518e-01,
          3.7582896099368818e-01, -1.9598476004025627e-02,
          4.3292827365318261e-02, 3.1108876378876708e-02,
          4.2809393873021191e-02, 1.9482776640096941e-02,
          8.1739877839673274e-03, 3.7164050406226492e-03,
          -2.8056491926839455e-02, -1.9598476004025627e-02,
          1.3627454503496306e-01, -6.8741494341327439e-02,
          4.3967773219436325e-03, -1.7876189378361572e-02,
          -1.5321331533159207e-02, 4.2421554903175739e-03,
          1.2665627238959349e-03, 2.7815293623594070e-02,
          4.3292827365318261e-02, -6.8741494341327425e-02,
          5.1669915895710482e-02, 4.7011137077595608e-03,
          1.5344978187882226e-02, 1.0688583367449746e-02,
          -5.1535698965386202e-04, -1.4488158418124908e-03,
          -5.3236188218038917e-02, 3.1108876378876708e-02,
          4.3967773219436342e-03, 4.7011137077595626e-03,
          2.3135829341527978e-01, 8.9160014774590651e-03,
          6.6884673594553301e-02, 5.0518421135277575e-03,
