%YAML:1.0
---
groups:
   - intact
   - CD19
   - blast
intactGmmnames:
   - "intact.812.0"
   - "intact.812.1"
   - "intact.812.2"
   - "intact.812.3"
   - "intact.812.4"
intactLabels:
   - FSC-A
   - SSC-A
   - SY41
   - CD19
   - CD10
   - CD20
   - CD45
   - CD34
   - CD38
intactMu: !!opencv-matrix
   rows: 5
   cols: 9
   dt: d
   data: [ 8.0953637248881305e-01, 3.9981872953496672e-01,
       2.6329153028274241e+00, 1.1577020560791724e+00,
       9.6081133652291639e-01, 7.8480885762493202e-01,
       1.3846995215030864e+00, 1.0794764709593709e+00,
       1.3170345762133837e+00, 9.0005040227745681e-01,
       2.6130770088401600e-01, 2.5057144212822449e+00,
       1.5010131087717147e+00, 8.5509288750712198e-01,
       7.6930540329148245e-01, 3.2251875637796519e+00,
       1.0535183408255206e+00, 2.0030618036440497e+00,
       1.9581043146285468e+00, 1.8650338432500431e+00,
       2.5699073101309118e+00, 1.7071961124053980e+00,
       1.4696392196128423e+00, 1.1787014727835603e+00,
       2.8260731778800374e+00, 1.3696155140624406e+00,
       2.0226296126526719e+00, 2.0942925922421161e+00,
       1.1383445488426678e+00, 1.7309424130123443e+00,
       1.3474289311899270e+00, 9.0262346895085444e-01,
       7.9685280891371169e-01, 1.3856739608236033e+00,
       1.1821220680668811e+00, 1.2493729710257624e+00,
       1.3992326851111858e+00, 3.3200595056797189e-01,
       2.4917858555319379e+00, 1.5548677264013464e+00,
       8.6527007738447892e-01, 7.8972245355765125e-01,
       3.2850396246387823e+00, 1.0617500754366349e+00,
       2.0679297238396597e+00 ]
intactSigma:
   - !!opencv-matrix
      rows: 9
      cols: 9
      dt: d
      data: [ 4.5385973339042922e-02, 1.9840102243502321e-02,
          4.0880190816926293e-03, 4.3405142003480153e-03,
          4.8420872412670603e-03, 6.7899238881951388e-03,
          2.9105544456267101e-03, 1.5640592161051080e-03,
          4.6740560777463391e-03, 1.9840102243502321e-02,
          3.2243784459752359e-02, 1.4969016054773064e-02,
          7.2144341313811616e-03, 1.1837870463947263e-02,
          1.0924901651014457e-02, 7.2419859840450471e-03,
          2.8544824151344357e-03, 9.4751822345445196e-03,
          4.0880190816926293e-03, 1.4969016054773064e-02,
          1.4820423634725544e-01, -8.4332257655336355e-03,
          -1.4880908798594597e-02, -2.1020057141469362e-02,
          3.2607778346701436e-03, 6.1583305235013222e-03,
          1.0814111748114304e-02, 4.3405142003480153e-03,
          7.2144341313811599e-03, -8.4332257655336373e-03,
          1.8009262023442354e-02, 6.5713864200044334e-03,
          5.9344481627641365e-03, 2.0248260638822818e-03,
          8.9612177319214157e-05, -2.1491964883685265e-03,
          4.8420872412670603e-03, 1.1837870463947263e-02,
          -1.4880908798594602e-02, 6.5713864200044334e-03,
          6.4844296136945215e-02, 6.0127935648883702e-03,
          8.1829819867764164e-03, 1.7783946090088009e-05,
          8.5008022321162759e-03, 6.7899238881951388e-03,
          1.0924901651014457e-02, -2.1020057141469362e-02,
          5.9344481627641348e-03, 6.0127935648883702e-03,
          4.5374409802431771e-02, 4.0989435819474345e-03,
          4.3330048790259559e-06, 3.6167257323087075e-03,
          2.9105544456267097e-03, 7.2419859840450488e-03,
          3.2607778346701432e-03, 2.0248260638822818e-03,
          8.1829819867764164e-03, 4.0989435819474328e-03,
          1.6541621266753209e-02, 2.4286813200030421e-03,
          9.4056644033519831e-03, 1.5640592161051082e-03,
          2.8544824151344348e-03, 6.1583305235013222e-03,
          8.9612177319214062e-05, 1.7783946090088032e-05,
          4.3330048790261296e-06, 2.4286813200030412e-03,
          3.5571175933882253e-02, 3.3029075628627450e-03,
          4.6740560777463382e-03, 9.4751822345445196e-03,
          1.0814111748114303e-02, -2.1491964883685265e-03,
          8.5008022321162741e-03, 3.6167257323087066e-03,
          9.4056644033519831e-03, 3.3029075628627442e-03,
          3.1598797678241905e-02 ]
   - !!opencv-matrix
      rows: 9
      cols: 9
      dt: d
      data: [ 2.8066970468373972e-02, 5.5293719796012549e-04,
          -5.5015635428479308e-03, 2.3315675204881544e-03,
          7.4528380376191172e-05, 8.3799603812221137e-04,
          3.1030147389117294e-03, -5.4952748832997418e-04,
          3.8871063705979690e-03, 5.5293719796012549e-04,
          8.5163612674638133e-03, -1.7696968910705473e-03,
          3.2888285622966495e-03, 3.0911030953505877e-03,
          3.8669101160716981e-03, 2.3430994138026397e-03,
          6.7830888018003549e-04, -8.7543961934032129e-05,
          -5.5015635428479308e-03, -1.7696968910705473e-03,
          2.1081332055006931e-02, -2.5692040181585045e-03,
          -1.4645748912635824e-03, -2.2832856608327335e-03,
          -2.8422757066204497e-03, 4.1367567673737324e-04,
          -2.6765045092485710e-03, 2.3315675204881544e-03,
          3.2888285622966495e-03, -2.5692040181585045e-03,
          2.7257808854397679e-02, 2.0182341128715505e-03,
          2.4279918238968665e-03, 5.6451147961641048e-03,
          7.4938017126108248e-04, -1.3837656761415513e-03,
          7.4528380376191226e-05, 3.0911030953505868e-03,
          -1.4645748912635835e-03, 2.0182341128715505e-03,
          3.7804840937228433e-02, -3.8941735586040570e-03,
          8.7439800312606524e-04, -3.2378772875826687e-03,
          7.7973279761702432e-06, 8.3799603812221137e-04,
          3.8669101160716981e-03, -2.2832856608327335e-03,
          2.4279918238968657e-03, -3.8941735586040570e-03,
          3.3442467493688316e-02, 1.4924502789957985e-03,
          1.1108135458513502e-06, -1.8692764128739969e-03,
          3.1030147389117298e-03, 2.3430994138026397e-03,
          -2.8422757066204497e-03, 5.6451147961641048e-03,
          8.7439800312606503e-04, 1.4924502789957980e-03,
          9.7658906439177830e-03, 5.9346823528087800e-04,
          6.0854755074039174e-03, -5.4952748832997429e-04,
          6.7830888018003549e-04, 4.1367567673737340e-04,
          7.4938017126108215e-04, -3.2378772875826692e-03,
          1.1108135458513277e-06, 5.9346823528087832e-04,
          1.0721575179658627e-01, 3.4225237461746648e-03,
          3.8871063705979698e-03, -8.7543961934032278e-05,
          -2.6765045092485714e-03, -1.3837656761415509e-03,
          7.7973279761706887e-06, -1.8692764128739969e-03,
          6.0854755074039174e-03, 3.4225237461746631e-03,
          6.7348617698471239e-02 ]
   - !!opencv-matrix
      rows: 9
      cols: 9
      dt: d
      data: [ 7.3143297948943409e-01, 1.3664402016174845e-01,
          -2.3917472686173107e-02, 3.6844823425278610e-02,
          -6.9716811479669502e-02, -1.5590971679615550e-02,
          5.2216382092051011e-02, 1.7176791025259357e-02,
          6.3442697554632665e-02, 1.3664402016174845e-01,
          1.1250624717871787e+00, 2.9288295137046352e-02,
          1.0500842742437209e-01, 2.3610852252164147e-01,
          6.0645522001249931e-02, 5.3386941743697102e-03,
          7.0031347297127275e-02, -1.2831043195150474e-01,
          -2.3917472686173100e-02, 2.9288295137046352e-02,
          1.3549928055121405e-01, -1.0519680887093295e-03,
          -9.2861905962365512e-03, -2.1409520683311500e-03,
          -2.5037998918386716e-03, 1.8251781498357896e-03,
          1.0549903708199125e-02, 3.6844823425278603e-02,
          1.0500842742437208e-01, -1.0519680887093295e-03,
          8.8120551413832501e-02, 4.9000664819610261e-02,
          5.9278139662142508e-02, 6.9250140390631390e-02,
          -8.1913032996786556e-03, 4.0737626597288669e-03,
          -6.9716811479669502e-02, 2.3610852252164147e-01,
          -9.2861905962365512e-03, 4.9000664819610261e-02,
          3.5187321721273107e-01, 1.0549662488967529e-01,
          1.1213145996856851e-02, 6.3114244065195181e-03,
