%YAML:1.0
---
groups:
   - intact
   - CD19
intactGmmnames:
   - "intact.814.0"
   - "intact.814.1"
   - "intact.814.2"
   - "intact.814.3"
   - "intact.814.4"
intactLabels:
   - FSC-A
   - SSC-A
   - SY41
   - CD19
   - CD10
   - CD20
   - CD45
   - CD34
   - CD38
intactMu: !!opencv-matrix
   rows: 5
   cols: 9
   dt: d
   data: [ 1.4636449068329773e+00, 1.4876436712079073e+00,
       3.0917828031306365e+00, 1.1281566863692283e+00,
       1.2817227245789649e+00, 1.2975619490191650e+00,
       3.2233718253701453e+00, 1.3084975968375905e+00,
       2.1839093511321357e+00, 1.9809324297679851e+00,
       3.5759883251488245e+00, 3.0210638407540751e+00,
       1.7142614181702296e+00, 1.3257622958568500e+00,
       1.4228637039328584e+00, 3.3369398832247366e+00,
       1.1357215948550274e+00, 1.9255101013630818e+00,
       1.7573122407557877e+00, 3.3310677552062122e+00,
       3.0012857711657861e+00, 1.6677096382289047e+00,
       2.5453978273911706e+00, 1.3523142586061272e+00,
       3.3766071254680203e+00, 1.1237262535005519e+00,
       1.6880132371526191e+00, 1.5262221395772879e+00,
       2.9115767587914747e+00, 2.9963575572866583e+00,
       1.5005592512081307e+00, 1.3532732022240652e+00,
       1.2692024970551148e+00, 3.3226492381609436e+00,
       1.0907351680475454e+00, 1.8014603449266979e+00,
       1.4453802638200270e+00, 2.7113841979517144e+00,
       2.9833359886812145e+00, 1.4264834301714444e+00,
       2.6716446269853433e+00, 1.2092358613166854e+00,
       3.3457752277488817e+00, 1.0765816572159035e+00,
       1.6357787387037741e+00 ]
intactSigma:
   - !!opencv-matrix
      rows: 9
      cols: 9
      dt: d
      data: [ 5.0782653431170610e-01, 6.0544017646327453e-01,
          2.8759289019644359e-02, 1.8685366177191767e-01,
          2.1671358556189504e-01, 1.5636587619377887e-01,
          1.0224187447243399e-01, 7.5980098093861803e-02,
          5.9809578103138042e-02, 6.0544017646327453e-01,
          1.3898925271920006e+00, 6.9179568429531962e-02,
          4.1078457342624797e-01, 4.8900433030615065e-01,
          3.2302391477894432e-01, 2.7195085005730368e-01,
          2.0302879074353275e-01, 1.4250695022338145e-01,
          2.8759289019644359e-02, 6.9179568429531976e-02,
          5.0441588624999541e-02, -3.6817234044026078e-03,
          2.6175486669329690e-02, 1.8349520675826153e-02,
          -7.5385579173692610e-02, 9.7452292997802885e-03,
          -1.9826024387872079e-02, 1.8685366177191767e-01,
          4.1078457342624797e-01, -3.6817234044026086e-03,
          2.3440637183839766e-01, 1.6353585596786585e-01,
          1.2087015793346646e-01, 1.6671926379980148e-01,
          9.4764864018053549e-02, 7.7854428099081857e-02,
          2.1671358556189504e-01, 4.8900433030615065e-01,
          2.6175486669329697e-02, 1.6353585596786588e-01,
          3.4036819621621273e-01, 1.4345122962451606e-01,
          9.5968394786333483e-02, 1.0603319590141846e-01,
          1.9923851021613908e-02, 1.5636587619377887e-01,
          3.2302391477894443e-01, 1.8349520675826153e-02,
          1.2087015793346646e-01, 1.4345122962451606e-01,
          1.7446057528697240e-01, 8.8173096240137791e-02,
          1.1226112615864896e-01, 5.8202694288190582e-02,
          1.0224187447243396e-01, 2.7195085005730368e-01,
          -7.5385579173692610e-02, 1.6671926379980148e-01,
          9.5968394786333483e-02, 8.8173096240137791e-02,
          7.9922699391725760e-01, 1.3409368341298436e-01,
          3.5335576407658142e-01, 7.5980098093861803e-02,
          2.0302879074353275e-01, 9.7452292997802850e-03,
          9.4764864018053549e-02, 1.0603319590141846e-01,
          1.1226112615864896e-01, 1.3409368341298436e-01,
          3.5201395175054873e-01, 1.4469414721537965e-01,
          5.9809578103138042e-02, 1.4250695022338139e-01,
          -1.9826024387872076e-02, 7.7854428099081857e-02,
          1.9923851021613908e-02, 5.8202694288190582e-02,
          3.5335576407658142e-01, 1.4469414721537965e-01,
          6.1322557057753846e-01 ]
   - !!opencv-matrix
      rows: 9
      cols: 9
      dt: d
      data: [ 2.6718040129810017e-01, 4.6348305413271680e-02,
          2.6470314328431712e-03, 4.1782880854848445e-03,
          1.0081095676481180e-02, 1.3910344118263940e-02,
          -3.0366136921374833e-03, -1.5097000539670302e-03,
          2.5680846570270689e-02, 4.6348305413271673e-02,
          3.0005967884812906e-01, 4.3977060982189741e-03,
          4.1153705545986977e-02, 2.3263967598617204e-02,
          1.6461205101584126e-02, 1.2513949365235066e-02,
          2.9065786229818939e-03, 4.8025932155514161e-03,
          2.6470314328431704e-03, 4.3977060982189741e-03,
          2.3728939862136260e-03, 7.7872675158213061e-04,
          1.6156351554077141e-03, 1.7077758861056512e-03,
          -6.6123455250606815e-04, 3.0427217831831120e-04,
          1.8920666110939749e-03, 4.1782880854848437e-03,
          4.1153705545986977e-02, 7.7872675158213061e-04,
          2.6261518065905608e-02, 7.3801564474449870e-03,
          3.2892478177593220e-03, 2.6939501749831734e-03,
          1.2599444878855510e-03, -4.0406526576398996e-03,
          1.0081095676481184e-02, 2.3263967598617204e-02,
          1.6156351554077147e-03, 7.3801564474449870e-03,
          8.6036945669422979e-02, 6.3381793651733388e-03,
          5.5784791683289999e-03, 3.6381726012550807e-03,
          2.7245950560638994e-03, 1.3910344118263940e-02,
          1.6461205101584123e-02, 1.7077758861056512e-03,
          3.2892478177593220e-03, 6.3381793651733388e-03,
          2.8347205651206464e-02, 1.3170017618919744e-03,
          3.2431393806692439e-03, 9.1127252705661497e-03,
          -3.0366136921374833e-03, 1.2513949365235066e-02,
          -6.6123455250606793e-04, 2.6939501749831734e-03,
          5.5784791683289999e-03, 1.3170017618919744e-03,
          1.5109426923819374e-02, -7.5558219422155223e-04,
          -2.0355307234956321e-03, -1.5097000539670308e-03,
          2.9065786229818947e-03, 3.0427217831831131e-04,
          1.2599444878855510e-03, 3.6381726012550794e-03,
          3.2431393806692447e-03, -7.5558219422155223e-04,
          1.2568659846279451e-01, 1.5112645415480135e-03,
          2.5680846570270682e-02, 4.8025932155514144e-03,
          1.8920666110939751e-03, -4.0406526576398996e-03,
          2.7245950560638994e-03, 9.1127252705661480e-03,
          -2.0355307234956321e-03, 1.5112645415480146e-03,
          8.7113018308483350e-02 ]
   - !!opencv-matrix
      rows: 9
      cols: 9
      dt: d
      data: [ 1.9561183946072117e-01, 8.2035452720569252e-02,
          1.1060054945136622e-03, 1.0174131518989578e-02,
          2.0672805344766884e-02, 9.0791754127572157e-03,
          -2.3222489411770923e-03, 1.2295424405735740e-04,
          3.8937660485356246e-03, 8.2035452720569252e-02,
          3.4083406087833062e-01, 9.1250248360929161e-03,
          4.3998056319707823e-02, 6.1585112121373253e-03,
          1.9880419415785094e-02, 8.8126130981036935e-04,
          4.1377314374197246e-04, 6.1856325192726639e-03,
          1.1060054945136624e-03, 9.1250248360929195e-03,
          2.4331044026700182e-03, 8.7343982513342724e-04,
          -1.8818783686238472e-03, 5.4788300937482198e-04,
          -1.9786378915740083e-03, -7.1193233549797131e-05,
          -1.6376195822059077e-04, 1.0174131518989578e-02,
          4.3998056319707823e-02, 8.7343982513342724e-04,
          2.8420478780875825e-02, 2.0802879605605253e-03,
          3.5338933431707810e-03, 1.4494806250778896e-03,
          2.4327744545305230e-03, -4.2601260364376493e-03,
          2.0672805344766881e-02, 6.1585112121373227e-03,
          -1.8818783686238470e-03, 2.0802879605605258e-03,
          1.5388878712608084e-01, 1.4738285085840052e-02,
          9.8049407114491460e-03, -3.8790721535615847e-04,
