%YAML:1.0
---
groups:
   - intact
   - CD19
intactGmmnames:
   - "intact.Bln060.0"
   - "intact.Bln060.1"
   - "intact.Bln060.2"
   - "intact.Bln060.3"
   - "intact.Bln060.4"
intactLabels:
   - FSC-A
   - SSC-A
   - SY41
   - CD19
   - CD10
   - CD20
   - CD45
   - CD34
   - CD38
   - CD58
intactMu: !!opencv-matrix
   rows: 5
   cols: 10
   dt: d
   data: [ 9.4564233574127576e-01, 3.6386598391271113e-01,
       2.7222371895847468e+00, 7.6804636159762363e-01,
       8.6788913239495324e-01, 9.9744182130580783e-01,
       2.7568355378767082e+00, 9.7867476713271195e-01,
       2.1228408332403039e+00, 1.7878355729951352e+00,
       2.2056376186576618e+00, 2.5283524078969144e+00,
       2.7848256879250539e+00, 1.0473834218428515e+00,
       2.6003778243586866e+00, 1.0798129583739386e+00,
       2.1050115143387975e+00, 1.2109470516130882e+00,
       2.1247854236151977e+00, 2.1001644346191459e+00,
       1.6416512211350036e+00, 1.1247470590019224e+00,
       2.8095872956836776e+00, 9.3904323959467351e-01,
       1.2169569465546979e+00, 1.2219122101131208e+00,
       2.2652776256817027e+00, 1.1704602839673193e+00,
       2.2323996596235571e+00, 1.9211380883725129e+00,
       3.7704250883181722e-01, 2.4133367895716981e-01,
       3.1618482006492470e+00, 8.2679821067530579e-01,
       9.2825461200957449e-01, 1.0715696102296519e+00,
       2.6534938216588726e+00, 1.0098064143329248e+00,
       2.5998852042871903e+00, 1.3707156260452544e+00,
       6.2578683471036378e-01, 3.7282119063161506e-01,
       3.1225606625279636e+00, 7.3296889341442650e-01,
       6.8715891156888809e-01, 9.8937435949786767e-01,
       1.1061826274363933e+00, 1.0918408132401303e+00,
       1.3938419677047946e+00, 2.1099139199017460e+00 ]
intactSigma:
   - !!opencv-matrix
      rows: 10
      cols: 10
      dt: d
      data: [ 1.0027144566104898e-01, 1.2264446938738705e-02,
          -5.4651971493157085e-02, -9.5401614627615267e-04,
          -3.6945615928377796e-03, -2.4596279904641315e-03,
          2.5643264561254420e-02, -3.4866663944907716e-04,
          3.4775307649025713e-02, 4.8499824191186730e-02,
          1.2264446938738705e-02, 9.3282126456229516e-03,
          -1.0033221307613518e-02, 7.3937313180920741e-04,
          -6.7394761518015079e-04, 1.5409563780358361e-04,
          1.0567077799310955e-02, 1.4451896389038139e-03,
          1.7232659105992924e-02, 2.1453945994666952e-02,
          -5.4651971493157078e-02, -1.0033221307613518e-02,
          7.4494599974883946e-02, 1.6475369133651717e-03,
          4.2291947521208035e-03, 2.0109410573161028e-03,
          -2.1478405462405960e-02, 1.4744878429698753e-03,
          -4.4217028036208632e-02, -3.8526394794807912e-02,
          -9.5401614627615289e-04, 7.3937313180920774e-04,
          1.6475369133651710e-03, 5.0193855376339670e-02,
          1.5407020352759127e-03, 1.4862331614574678e-03,
          2.3220502179000076e-05, -1.0852875078103785e-03,
          8.6796774684453812e-04, -1.3744183161974099e-03,
          -3.6945615928377796e-03, -6.7394761518015079e-04,
          4.2291947521208035e-03, 1.5407020352759132e-03,
          2.1302362021630133e-02, 7.8161971978070552e-04,
          1.6215776750338660e-04, -8.3872400887158218e-04,
          -3.0180347746853382e-03, -2.1425724751762337e-02,
          -2.4596279904641315e-03, 1.5409563780358361e-04,
          2.0109410573161024e-03, 1.4862331614574676e-03,
          7.8161971978070520e-04, 1.2097957689648052e-02,
          -1.0584700342551405e-03, 5.3955726340959792e-04,
          4.3611500912175082e-04, -1.1655220243539099e-03,
          2.5643264561254420e-02, 1.0567077799310955e-02,
          -2.1478405462405960e-02, 2.3220502179000252e-05,
          1.6215776750338660e-04, -1.0584700342551410e-03,
          2.8581179386555335e-02, 1.1624664147372641e-03,
          2.1307634423483147e-02, 3.5003278706507275e-02,
          -3.4866663944907726e-04, 1.4451896389038137e-03,
          1.4744878429698753e-03, -1.0852875078103785e-03,
          -8.3872400887158218e-04, 5.3955726340959803e-04,
          1.1624664147372643e-03, 4.3778032831689167e-03,
          2.8310415546010680e-03, 7.3177022737511569e-03,
          3.4775307649025713e-02, 1.7232659105992917e-02,
          -4.4217028036208632e-02, 8.6796774684453802e-04,
          -3.0180347746853382e-03, 4.3611500912174968e-04,
          2.1307634423483147e-02, 2.8310415546010680e-03,
          6.2627540085693623e-01, 1.6929283805132842e-02,
          4.8499824191186730e-02, 2.1453945994666958e-02,
          -3.8526394794807912e-02, -1.3744183161974103e-03,
          -2.1425724751762337e-02, -1.1655220243539097e-03,
          3.5003278706507282e-02, 7.3177022737511586e-03,
          1.6929283805132849e-02, 1.5565295724534017e-01 ]
   - !!opencv-matrix
      rows: 10
      cols: 10
      dt: d
      data: [ 4.9581834532309765e-01, 3.0585285337742091e-01,
          -4.6913712534965277e-02, 2.9807587638754875e-02,
          7.2498166045316434e-02, 1.7171328272252810e-02,
          1.0900814266781519e-01, 4.5735580733442374e-02,
          8.6876388467037408e-02, 7.1936863188740693e-02,
          3.0585285337742091e-01, 4.4088868639602019e-01,
          -2.5717398020210808e-02, 3.0028218497438801e-02,
          5.8804888005742274e-02, 2.0617603480841955e-02,
          8.2877207465121977e-02, 5.0490434383750359e-02,
          9.8332840229554311e-02, 7.3717252883688911e-02,
          -4.6913712534965291e-02, -2.5717398020210808e-02,
          9.1641418414698722e-02, -5.1125616545766688e-03,
          -1.8807125638956576e-02, 3.5050338010083975e-03,
          -2.2839826022878758e-02, -1.3662146264805013e-03,
          -5.3792017804170028e-03, -1.0247529624970162e-02,
          2.9807587638754875e-02, 3.0028218497438801e-02,
          -5.1125616545766661e-03, 9.7606051066279884e-02,
          5.6817163810651994e-02, 3.6392480072799929e-03,
          4.5095666896311046e-02, 1.1317210819183295e-02,
          1.9154219950875441e-02, 2.6349671192375038e-02,
          7.2498166045316448e-02, 5.8804888005742281e-02,
          -1.8807125638956573e-02, 5.6817163810651994e-02,
          1.7968081052872134e-01, 7.5847580996704512e-03,
          1.2894391886607273e-01, 4.1103514195861592e-02,
          3.9594063927621798e-02, 6.2507477167104614e-02,
          1.7171328272252814e-02, 2.0617603480841951e-02,
          3.5050338010083970e-03, 3.6392480072799938e-03,
          7.5847580996704512e-03, 1.1709265695967447e-02,
          8.8627200474683913e-03, 6.4586651397280249e-03,
          7.1038942510785229e-03, 7.7855993725201396e-03,
          1.0900814266781519e-01, 8.2877207465121977e-02,
          -2.2839826022878752e-02, 4.5095666896311053e-02,
          1.2894391886607276e-01, 8.8627200474683948e-03,
          1.4640253875949252e-01, 3.7044617172963069e-02,
          5.2375645789561866e-02, 6.8620390528584582e-02,
          4.5735580733442374e-02, 5.0490434383750359e-02,
          -1.3662146264805013e-03, 1.1317210819183295e-02,
          4.1103514195861592e-02, 6.4586651397280266e-03,
          3.7044617172963069e-02, 3.5811848541953580e-02,
          2.2262287165600015e-02, 2.5760145711226534e-02,
          8.6876388467037366e-02, 9.8332840229554311e-02,
          -5.3792017804170011e-03, 1.9154219950875444e-02,
          3.9594063927621798e-02, 7.1038942510785220e-03,
          5.2375645789561866e-02, 2.2262287165600015e-02,
          8.6866465425359848e-02, 4.8944942802859479e-02,
          7.1936863188740693e-02, 7.3717252883688911e-02,
          -1.0247529624970162e-02, 2.6349671192375038e-02,
          6.2507477167104614e-02, 7.7855993725201413e-03,
          6.8620390528584582e-02, 2.5760145711226534e-02,
          4.8944942802859485e-02, 6.3033927851128005e-02 ]
   - !!opencv-matrix
      rows: 10
      cols: 10
      dt: d
