%YAML:1.0
---
groups:
   - intact
   - CD19
   - blast
intactGmmnames:
   - "intact.Bln017.0"
   - "intact.Bln017.1"
   - "intact.Bln017.2"
   - "intact.Bln017.3"
   - "intact.Bln017.4"
intactLabels:
   - FSC-A
   - SSC-A
   - SY41
   - CD19
   - CD10
   - CD20
   - CD45
   - CD34
   - CD38
   - CD58
intactMu: !!opencv-matrix
   rows: 5
   cols: 10
   dt: d
   data: [ 9.7928653095643170e-01, 2.1853522796276584e-01,
       2.4507333995711944e+00, 6.0552741812622857e-01,
       8.0272652887136287e-01, 8.4407128342590920e-01,
       2.3139729382490146e+00, 6.9350862092351606e-01,
       1.9250488037561511e+00, 8.8004823947541821e-01,
       1.9565198057724746e+00, 8.6718308729260440e-01,
       2.5508938253776896e+00, 8.4642897178789100e-01,
       1.2023437903365319e+00, 1.0416240926292324e+00,
       1.9882136674489663e+00, 1.1079260647472211e+00,
       1.9612904231784909e+00, 1.7089079825552256e+00,
       8.7567694336159918e-01, 4.4961171306484560e-01,
       2.5688108200975335e+00, 6.0910963601846291e-01,
       9.1565550434115139e-01, 8.5875639908770929e-01,
       7.2047807977537615e-01, 7.5775572895652410e-01,
       1.1820104392445274e+00, 1.8685865770335131e+00,
       1.2124226053803036e+00, 3.5216658474786389e-01,
       2.3656375922958159e+00, 6.2955165147414405e-01,
       8.9925320514682994e-01, 8.4774541398844327e-01,
       2.4128439206274948e+00, 6.9340994235804587e-01,
       1.7188735708280325e+00, 1.2655783892489223e+00,
       2.8624597887050127e+00, 2.9923146505645430e+00,
       2.4379898610542265e+00, 6.9108826371445864e-01,
       1.5669580517332402e+00, 9.3316019298183195e-01,
       1.9471024188952930e+00, 9.0359499522716891e-01,
       1.8037119329586824e+00, 1.7797669343881695e+00 ]
intactSigma:
   - !!opencv-matrix
      rows: 10
      cols: 10
      dt: d
      data: [ 4.6979667892495615e-02, 7.3148482395400866e-04,
          -5.8648281272597096e-03, 1.2530473687941365e-04,
          3.8184886449183446e-04, -4.2165598331650364e-04,
          3.0154990921269242e-03, -2.6750443215120870e-03,
          2.9356532082409876e-04, 1.7694334032290269e-03,
          7.3148482395400834e-04, 1.6063661631003751e-03,
          7.3749359017302089e-04, 1.4290704313692709e-04,
          2.7986469838805740e-04, 1.1774460081566270e-04,
          1.6373408608603534e-03, 4.0434249858365025e-04,
          -3.3128065864779970e-03, 8.5871885650726275e-04,
          -5.8648281272597096e-03, 7.3749359017302089e-04,
          7.1339988022941668e-03, 2.6666297611471800e-04,
          3.9157124013571498e-04, 2.9386734958172209e-04,
          1.3266456372131893e-03, 1.2040385805930727e-03,
          -1.6905975333150313e-03, 7.2913556066654878e-04,
          1.2530473687941368e-04, 1.4290704313692709e-04,
          2.6666297611471806e-04, 4.9760165531886075e-03,
          1.1052576471152077e-04, -9.9866118645944234e-05,
          2.6669470722173917e-04, -2.3004718087787904e-04,
          4.0730789462376481e-04, 2.7679889901310227e-04,
          3.8184886449183446e-04, 2.7986469838805740e-04,
          3.9157124013571498e-04, 1.1052576471152075e-04,
          1.7955893897970885e-03, 3.8001955009082331e-05,
          8.2069069234927145e-04, 7.7113512514631543e-05,
          -7.2044383424459330e-04, 2.8975535299824781e-04,
          -4.2165598331650364e-04, 1.1774460081566266e-04,
          2.9386734958172203e-04, -9.9866118645944207e-05,
          3.8001955009082365e-05, 6.5834304415559285e-04,
          1.5416433850453973e-04, 9.5845794058432276e-05,
          -1.9546574980669768e-03, 9.7133126912671270e-05,
          3.0154990921269242e-03, 1.6373408608603532e-03,
          1.3266456372131893e-03, 2.6669470722173928e-04,
          8.2069069234927156e-04, 1.5416433850453976e-04,
          6.8382900951943770e-03, 3.8141741261554817e-04,
          -3.1705152122513051e-03, 3.3214263938586560e-04,
          -2.6750443215120870e-03, 4.0434249858365025e-04,
          1.2040385805930727e-03, -2.3004718087787907e-04,
          7.7113512514631570e-05, 9.5845794058432276e-05,
          3.8141741261554817e-04, 1.6556460076958511e-03,
          -1.4953412828791208e-03, 3.7185867722651107e-04,
          2.9356532082409881e-04, -3.3128065864779970e-03,
          -1.6905975333150313e-03, 4.0730789462376475e-04,
          -7.2044383424459298e-04, -1.9546574980669768e-03,
          -3.1705152122513064e-03, -1.4953412828791210e-03,
          1.4747847666620828e-01, -4.4552541796629716e-03,
          1.7694334032290274e-03, 8.5871885650726286e-04,
          7.2913556066654878e-04, 2.7679889901310216e-04,
          2.8975535299824781e-04, 9.7133126912671202e-05,
          3.3214263938586549e-04, 3.7185867722651096e-04,
          -4.4552541796629716e-03, 5.9561489402532985e-03 ]
   - !!opencv-matrix
      rows: 10
      cols: 10
      dt: d
      data: [ 8.0599837695149645e-01, 3.7501454298046893e-01,
          7.4842395770411768e-02, 8.6327103139072880e-02,
          4.6524684562036699e-02, 4.6402681981603043e-02,
          4.3310503366344379e-02, 1.4074680460423411e-01,
          1.9818116049767284e-01, 2.1136403164172865e-01,
          3.7501454298046905e-01, 3.2738911832914158e-01,
          6.0919724326335141e-02, 6.5693452953532044e-02,
          5.3796845951118409e-02, 3.9380077275977567e-02,
          -2.5753168676435324e-02, 9.9921679517913836e-02,
          1.3394827603109472e-01, 1.4383102592545821e-01,
          7.4842395770411768e-02, 6.0919724326335141e-02,
          1.0988247545036776e-01, 4.6822887401228307e-04,
          1.7098167685317578e-02, 5.5429788806309120e-04,
          6.6199629527270937e-04, 1.0753387261510984e-03,
          5.4622733299417386e-02, 3.7465823982188090e-02,
          8.6327103139072880e-02, 6.5693452953532044e-02,
          4.6822887401228307e-04, 1.1526775634900120e-01,
          8.3170232010899278e-02, 5.6384071133279777e-02,
          1.8869207506137457e-02, 5.3931494863079223e-02,
          4.3464547978239287e-02, 4.1429354418655556e-02,
          4.6524684562036699e-02, 5.3796845951118423e-02,
          1.7098167685317578e-02, 8.3170232010899278e-02,
          2.8674965656384349e-01, 2.4079527946143024e-03,
          4.3602344534313997e-02, 1.3752603503931931e-02,
          3.6902722103081466e-02, 5.0875176486733835e-02,
          4.6402681981603036e-02, 3.9380077275977574e-02,
          5.5429788806309098e-04, 5.6384071133279777e-02,
          2.4079527946143024e-03, 1.0365428490925140e-01,
          9.1498976494237029e-03, 5.3923946525596046e-02,
          -3.1030696578746228e-03, 1.8014159708519609e-02,
          4.3310503366344393e-02, -2.5753168676435324e-02,
          6.6199629527270828e-04, 1.8869207506137457e-02,
          4.3602344534313983e-02, 9.1498976494236994e-03,
          3.9729635701316718e-01, -7.7001127905505312e-02,
          9.4783027519271298e-02, -2.9019499852741267e-02,
          1.4074680460423411e-01, 9.9921679517913836e-02,
          1.0753387261510977e-03, 5.3931494863079209e-02,
          1.3752603503931931e-02, 5.3923946525596046e-02,
          -7.7001127905505312e-02, 1.7324263861901282e-01,
          1.9670951533513680e-02, 7.1901002818051743e-02,
          1.9818116049767284e-01, 1.3394827603109472e-01,
          5.4622733299417386e-02, 4.3464547978239287e-02,
          3.6902722103081466e-02, -3.1030696578746228e-03,
          9.4783027519271312e-02, 1.9670951533513680e-02,
          4.3964947910389479e-01, 7.3393985094848277e-02,
          2.1136403164172865e-01, 1.4383102592545821e-01,
          3.7465823982188090e-02, 4.1429354418655556e-02,
          5.0875176486733835e-02, 1.8014159708519609e-02,
          -2.9019499852741274e-02, 7.1901002818051743e-02,
          7.3393985094848277e-02, 1.8697059541319985e-01 ]
   - !!opencv-matrix
      rows: 10
      cols: 10
      dt: d
