%YAML:1.0
---
groups:
   - intact
   - CD19
   - blast
intactGmmnames:
   - "intact.Bln054.0"
   - "intact.Bln054.1"
   - "intact.Bln054.2"
   - "intact.Bln054.3"
   - "intact.Bln054.4"
intactLabels:
   - FSC-A
   - SSC-A
   - SY41
   - CD19
   - CD10
   - CD20
   - CD45
   - CD34
   - CD38
   - CD58
intactMu: !!opencv-matrix
   rows: 5
   cols: 10
   dt: d
   data: [ 1.3405449405296215e+00, 5.5697926242134144e-01,
       2.6534580722081711e+00, 8.2448346011865825e-01,
       8.1456711817885086e-01, 1.1590172864030810e+00,
       2.5571739783655527e+00, 1.0152282803749100e+00,
       3.5517404650480029e+00, 1.9721484304040615e+00,
       8.5647259274022602e-01, 2.4287154172414829e-01,
       2.7784590836436172e+00, 8.2207518461536122e-01,
       8.6848459920732990e-01, 1.1929823644985205e+00,
       2.3884548810975588e+00, 9.9557469000429089e-01,
       2.4348039112505258e+00, 1.1735794463965101e+00,
       2.6969468666740037e+00, 1.4994701192044588e+00,
       2.7184265123983540e+00, 1.0308795511230975e+00,
       1.3307942605619900e+00, 1.3274665763789484e+00,
       2.3047462593373287e+00, 1.3318664217750895e+00,
       2.9287287115648462e+00, 2.1534095315674602e+00,
       1.2651687134162397e+00, 6.2052080099508999e-01,
       2.8444929860109216e+00, 8.6562468587342245e-01,
       1.2086023084594850e+00, 1.2114232237247775e+00,
       1.7989473991351488e+00, 1.1424167075140428e+00,
       2.3360785514135527e+00, 2.0640934686248786e+00,
       1.2213074630352485e+00, 4.1279457995308283e-01,
       2.6596214776248512e+00, 7.9779841251448969e-01,
       8.1586979814619953e-01, 1.1877892549117253e+00,
       2.5149770955195807e+00, 9.7959621434154065e-01,
       2.0972906498702408e+00, 1.8731726078404494e+00 ]
intactSigma:
   - !!opencv-matrix
      rows: 10
      cols: 10
      dt: d
      data: [ 5.1072325293042634e-02, 7.2972962403532364e-03,
          1.6438977543059821e-03, 3.0227442433585302e-04,
          3.3816858393740071e-03, -1.8350889462355067e-03,
          3.6041975060653029e-03, 2.2317528250180793e-04,
          1.7063419548976781e-02, -3.8884137158805105e-03,
          7.2972962403532356e-03, 1.5572534682459000e-02,
          4.5307373811671360e-03, 1.0705652451933837e-03,
          3.7649624640260560e-03, -1.9325482840359437e-03,
          2.6195555551931514e-03, 1.2935217460739495e-03,
          2.4833870371871933e-02, -4.6854323836460626e-03,
          1.6438977543059821e-03, 4.5307373811671360e-03,
          2.7400003794992016e-02, 9.6444214621919672e-04,
          2.1024086280674913e-03, 2.9461836657414578e-04,
          4.2597080178794272e-03, 1.2638377850101472e-03,
          6.0156067383918717e-03, 1.3167680357034368e-03,
          3.0227442433585373e-04, 1.0705652451933835e-03,
          9.6444214621919629e-04, 5.8805655523689410e-02,
          7.2591002632960849e-04, -4.9448153872364237e-04,
          3.4339013128871319e-04, -2.4144106138495281e-03,
          4.4770125016591203e-03, 2.6640134210597212e-04,
          3.3816858393740071e-03, 3.7649624640260560e-03,
          2.1024086280674913e-03, 7.2591002632960827e-04,
          2.4185882946154414e-02, -1.1214810152041046e-04,
          1.2693443999896780e-03, -1.4310106555087501e-03,
          5.5469920225953854e-03, -1.4250814550652585e-02,
          -1.8350889462355072e-03, -1.9325482840359441e-03,
          2.9461836657414595e-04, -4.9448153872364258e-04,
          -1.1214810152041033e-04, 1.0323280079488855e-02,
          4.0798408540239275e-04, -1.1549948570627059e-04,
          -9.6571252710534860e-03, 1.9581426590684833e-03,
          3.6041975060653033e-03, 2.6195555551931505e-03,
          4.2597080178794272e-03, 3.4339013128871330e-04,
          1.2693443999896780e-03, 4.0798408540239291e-04,
          1.3284738566340281e-02, 8.4708569587602415e-04,
          -2.6785433782030204e-03, 7.9787080801922219e-03,
          2.2317528250180804e-04, 1.2935217460739497e-03,
          1.2638377850101475e-03, -2.4144106138495290e-03,
          -1.4310106555087496e-03, -1.1549948570627061e-04,
          8.4708569587602415e-04, 7.0720560511264409e-03,
          7.3015590554599830e-03, 5.3861595050317063e-03,
          1.7063419548976781e-02, 2.4833870371871937e-02,
          6.0156067383918717e-03, 4.4770125016591186e-03,
          5.5469920225953854e-03, -9.6571252710534843e-03,
          -2.6785433782030204e-03, 7.3015590554599830e-03,
          1.1246389993362180e-01, -9.9593161447500272e-03,
          -3.8884137158805092e-03, -4.6854323836460626e-03,
          1.3167680357034368e-03, 2.6640134210597206e-04,
          -1.4250814550652581e-02, 1.9581426590684838e-03,
          7.9787080801922219e-03, 5.3861595050317063e-03,
          -9.9593161447500255e-03, 6.3807913068791203e-02 ]
   - !!opencv-matrix
      rows: 10
      cols: 10
      dt: d
      data: [ 3.1671828912185014e-02, 9.1692851278505694e-04,
          -1.2774496902972884e-02, -4.4130000492321293e-04,
          1.6533050474191666e-04, -5.5735892230215662e-04,
          2.9888762960677035e-03, -3.7434429421567632e-03,
          8.7888803610374627e-04, -1.4600566087923815e-03,
          9.1692851278505727e-04, 2.4846974504372679e-03,
          4.5875352175801413e-04, 4.6954725201335448e-04,
          3.1492679382318670e-04, 2.4981699821505346e-04,
          2.5013921199810918e-03, 1.0575591166428887e-03,
          -4.3283203608937264e-03, 6.7951838529107661e-03,
          -1.2774496902972884e-02, 4.5875352175801413e-04,
          1.8086673702300535e-02, 1.2588101827976316e-03,
          7.0980379036860244e-04, 7.1511529193587413e-04,
          4.5055252656804590e-04, 4.2855096368938483e-03,
          -5.2366291334598096e-03, 5.5340493572042047e-03,
          -4.4130000492321341e-04, 4.6954725201335453e-04,
          1.2588101827976314e-03, 5.5434472784430165e-02,
          1.5884496934967242e-04, -1.3416436029319863e-04,
          5.8766707811216761e-04, -1.5535689058817801e-03,
          -5.9159670211059710e-04, 1.4598864352722975e-03,
          1.6533050474191660e-04, 3.1492679382318686e-04,
          7.0980379036860244e-04, 1.5884496934967247e-04,
          7.4468704147160917e-03, 1.4570192013688141e-04,
          7.5552212287684803e-04, -1.4026805268637410e-04,
          -2.4562150070135775e-03, -4.7450813525692463e-03,
          -5.5735892230215662e-04, 2.4981699821505340e-04,
          7.1511529193587391e-04, -1.3416436029319874e-04,
          1.4570192013688135e-04, 1.6878549086793745e-03,
          2.9287523742523459e-04, 2.9860399415326062e-04,
          -2.7431383853343560e-03, 8.8337066153338381e-04,
          2.9888762960677039e-03, 2.5013921199810918e-03,
          4.5055252656804622e-04, 5.8766707811216761e-04,
          7.5552212287684803e-04, 2.9287523742523464e-04,
          8.3118369786431973e-03, 8.7958757594689644e-04,
          -7.1901309798592340e-03, 9.0636200261950926e-03,
          -3.7434429421567632e-03, 1.0575591166428885e-03,
          4.2855096368938483e-03, -1.5535689058817801e-03,
          -1.4026805268637410e-04, 2.9860399415326062e-04,
          8.7958757594689644e-04, 5.4292900602049467e-03,
          -1.7407070092086360e-03, 6.0521365826221073e-03,
          8.7888803610374627e-04, -4.3283203608937264e-03,
          -5.2366291334598079e-03, -5.9159670211059699e-04,
          -2.4562150070135771e-03, -2.7431383853343560e-03,
          -7.1901309798592340e-03, -1.7407070092086369e-03,
          1.8718143562595477e-01, -9.0181234208999306e-03,
          -1.4600566087923812e-03, 6.7951838529107661e-03,
          5.5340493572042047e-03, 1.4598864352722977e-03,
          -4.7450813525692455e-03, 8.8337066153338381e-04,
          9.0636200261950926e-03, 6.0521365826221082e-03,
          -9.0181234208999306e-03, 8.3807338650577379e-02 ]
   - !!opencv-matrix
      rows: 10
      cols: 10
      dt: d
