%YAML:1.0
---
groups:
   - intact
   - CD19
   - blast
intactGmmnames:
   - "intact.Bln001.0"
   - "intact.Bln001.1"
   - "intact.Bln001.2"
   - "intact.Bln001.3"
   - "intact.Bln001.4"
intactLabels:
   - FSC-A
   - SSC-A
   - SY41
   - CD19
   - CD10
   - CD20
   - CD45
   - CD34
   - CD38
   - CD58
intactMu: !!opencv-matrix
   rows: 5
   cols: 10
   dt: d
   data: [ 2.1341695730776014e+00, 1.2726616476028219e+00,
       2.7497733160051498e+00, 7.9365532574988740e-01,
       1.2519492536881092e+00, 7.4067981548140793e-01,
       1.6936220259655426e+00, 9.9280308473497869e-01,
       2.1649010176643917e+00, 1.8876855697127661e+00,
       8.7645412279781743e-01, 2.5421364124011397e-01,
       2.5990654097447350e+00, 5.9258273603903122e-01,
       8.3380454743250609e-01, 5.6654832420155021e-01,
       1.9745077298312852e+00, 7.0716583965431412e-01,
       1.7314047523265457e+00, 9.6013474004737265e-01,
       1.0805105677215023e+00, 5.1940673167881635e-01,
       2.6661846868224472e+00, 6.2311502788416928e-01,
       8.7877999385376737e-01, 6.0010973048670913e-01,
       7.7995681115690807e-01, 7.6227451037750793e-01,
       1.2957912270683711e+00, 1.9152706357361904e+00,
       2.8890561761940705e+00, 3.0184222052941365e+00,
       2.4977161537705754e+00, 7.1546225731549029e-01,
       1.6017014993427465e+00, 7.2886143492502820e-01,
       1.7632549815971668e+00, 7.9815186249518888e-01,
       1.7184802880901049e+00, 1.6327213898308985e+00,
       1.2692672500861171e+00, 4.2850080236883908e-01,
       2.4573358819362152e+00, 6.0873992938963417e-01,
       8.5733399643145658e-01, 5.5049565420790525e-01,
       2.0189653832630770e+00, 7.1840590166693519e-01,
       1.9034296167722542e+00, 1.2865600968854107e+00 ]
intactSigma:
   - !!opencv-matrix
      rows: 10
      cols: 10
      dt: d
      data: [ 7.0863829569138292e-01, 3.7961827175273510e-01,
          8.8364689748112735e-02, 4.3297339560947480e-02,
          3.5543134004657910e-02, 4.0444132635951618e-02,
          1.1088801370570762e-01, 3.8527111181263091e-02,
          9.5512813866029195e-02, 9.8750978427789793e-02,
          3.7961827175273510e-01, 5.7418021351909632e-01,
          4.1207909473140875e-02, 5.1097392939954196e-02,
          6.6498835824756505e-02, 4.2651698840826008e-02,
          1.3117712588251088e-01, 2.1425644419471677e-02,
          1.3845452798066163e-01, 4.4342646511620065e-02,
          8.8364689748112735e-02, 4.1207909473140868e-02,
          7.7738599637289782e-02, -7.8486071738906732e-03,
          9.3690901434293518e-03, -1.7162734559916546e-02,
          -2.0338531205062425e-02, 6.9392715827424171e-03,
          1.3946155121834012e-02, 4.2218252661890832e-02,
          4.3297339560947480e-02, 5.1097392939954203e-02,
          -7.8486071738906732e-03, 1.0351937633150567e-01,
          4.1698325192228380e-02, 8.2362281202612089e-02,
          4.8186258405273089e-02, 3.1697851529702309e-02,
          4.4064030968841490e-02, 2.2839591302862776e-02,
          3.5543134004657910e-02, 6.6498835824756505e-02,
          9.3690901434293535e-03, 4.1698325192228380e-02,
          1.4972768268945524e-01, 1.8948372763974645e-02,
          2.6559821037762173e-02, 1.8673641108321450e-02,
          8.6754049243965934e-03, 6.1042072850066381e-02,
          4.0444132635951618e-02, 4.2651698840826008e-02,
          -1.7162734559916546e-02, 8.2362281202612089e-02,
          1.8948372763974652e-02, 1.6037205983672498e-01,
          4.6941056763330817e-02, 5.2065208224800562e-02,
          -7.9872656521560829e-03, 1.5530592468452646e-02,
          1.1088801370570762e-01, 1.3117712588251088e-01,
          -2.0338531205062425e-02, 4.8186258405273089e-02,
          2.6559821037762173e-02, 4.6941056763330817e-02,
          3.2594799637665428e-01, 3.7359933574063822e-02,
          1.7606536983533821e-01, -6.8261048484749356e-03,
          3.8527111181263091e-02, 2.1425644419471684e-02,
          6.9392715827424171e-03, 3.1697851529702309e-02,
          1.8673641108321450e-02, 5.2065208224800562e-02,
          3.7359933574063822e-02, 1.0039148421618155e-01,
          7.0789752525124178e-02, 3.8877969938917088e-02,
          9.5512813866029236e-02, 1.3845452798066163e-01,
          1.3946155121834013e-02, 4.4064030968841490e-02,
          8.6754049243965951e-03, -7.9872656521560881e-03,
          1.7606536983533813e-01, 7.0789752525124178e-02,
          4.8124763961599776e-01, 7.2617179866211967e-02,
          9.8750978427789793e-02, 4.4342646511620079e-02,
          4.2218252661890832e-02, 2.2839591302862776e-02,
          6.1042072850066381e-02, 1.5530592468452651e-02,
          -6.8261048484749391e-03, 3.8877969938917095e-02,
          7.2617179866211967e-02, 1.9769527124880759e-01 ]
   - !!opencv-matrix
      rows: 10
      cols: 10
      dt: d
      data: [ 4.7044023521929879e-02, 1.8771489228542055e-03,
          -1.8147628676326716e-02, -1.9613418596089796e-04,
          -2.4755099332507093e-04, -1.3644713051322289e-03,
          2.0063413748956358e-03, -2.4199624253251981e-03,
          4.2420669689805200e-03, -1.1928044731677385e-03,
          1.8771489228542051e-03, 2.3026145660041300e-03,
          3.6122629831643500e-04, 1.1710550932452205e-04,
          6.7072897930963208e-04, 3.7113225497485328e-04,
          1.9510309804895746e-03, 4.0449523884450439e-04,
          -6.9190303934946774e-03, 9.8110976154441800e-04,
          -1.8147628676326712e-02, 3.6122629831643500e-04,
          1.3997406203711505e-02, 1.8248532250982375e-04,
          1.1411598545961587e-03, 1.2913384159161611e-03,
          -5.0794389861080758e-04, 2.1791622906049161e-03,
          -1.4452166678413460e-02, 2.0270941840692539e-03,
          -1.9613418596089801e-04, 1.1710550932452202e-04,
          1.8248532250982364e-04, 4.1594013683982052e-03,
          9.8626263721074781e-06, -1.7691609441935978e-04,
          -6.6309045391911591e-04, -2.7058292244962011e-04,
          2.4854655274649039e-03, 3.0573986544243947e-04,
          -2.4755099332507093e-04, 6.7072897930963197e-04,
          1.1411598545961587e-03, 9.8626263721074561e-06,
          3.1995724026808326e-03, 2.4016187530613266e-04,
          3.5898032565939036e-03, 8.4606840225112613e-04,
          -4.8145439259557688e-03, 1.8268547867267570e-03,
          -1.3644713051322284e-03, 3.7113225497485333e-04,
          1.2913384159161613e-03, -1.7691609441935989e-04,
          2.4016187530613266e-04, 4.1957134986154053e-03,
          -5.5181088179172299e-04, 2.4965692816784993e-04,
          -7.4088883356423071e-03, 3.3448611955065973e-04,
          2.0063413748956367e-03, 1.9510309804895746e-03,
          -5.0794389861080758e-04, -6.6309045391911591e-04,
          3.5898032565939036e-03, -5.5181088179172299e-04,
          9.6412989211008146e-02, 4.8707202077270448e-04,
          1.9908521417785416e-02, -2.9763288607389817e-03,
          -2.4199624253251981e-03, 4.0449523884450450e-04,
          2.1791622906049157e-03, -2.7058292244962017e-04,
          8.4606840225112613e-04, 2.4965692816784988e-04,
          4.8707202077270470e-04, 1.9900451163452561e-03,
          -3.3969682241186587e-03, 1.2403759707587032e-03,
          4.2420669689805192e-03, -6.9190303934946774e-03,
          -1.4452166678413460e-02, 2.4854655274649030e-03,
          -4.8145439259557679e-03, -7.4088883356423071e-03,
          1.9908521417785419e-02, -3.3969682241186587e-03,
          2.0776397811345435e-01, -5.8818671720264008e-03,
          -1.1928044731677385e-03, 9.8110976154441800e-04,
          2.0270941840692543e-03, 3.0573986544243947e-04,
          1.8268547867267570e-03, 3.3448611955065973e-04,
          -2.9763288607389826e-03, 1.2403759707587032e-03,
          -5.8818671720263999e-03, 5.5430553420168088e-03 ]
   - !!opencv-matrix
      rows: 10
      cols: 10
      dt: d
