%YAML:1.0
---
groups:
   - intact
   - CD19
   - blast
intactGmmnames:
   - "intact.Bln008.0"
   - "intact.Bln008.1"
   - "intact.Bln008.2"
   - "intact.Bln008.3"
   - "intact.Bln008.4"
intactLabels:
   - FSC-A
   - SSC-A
   - SY41
   - CD19
   - CD10
   - CD20
   - CD45
   - CD34
   - CD38
   - CD58
intactMu: !!opencv-matrix
   rows: 5
   cols: 10
   dt: d
   data: [ 9.7459391083094626e-01, 2.7322344110868491e-01,
       1.9432999534835573e+00, 5.8013403600536972e-01,
       7.8944216268756773e-01, 5.7969779186867343e-01,
       2.1388025616957411e+00, 7.0009603432212930e-01,
       1.9281631374846608e+00, 8.8752733782169335e-01,
       2.7211531981545232e+00, 3.2857694537087201e+00,
       2.0422177164202608e+00, 6.6574627398782560e-01,
       1.4047580408579385e+00, 7.0862531208997581e-01,
       1.6922699991126939e+00, 7.9917140133469156e-01,
       1.9117427557993607e+00, 1.8204674277976249e+00,
       1.1715353116171878e+00, 5.4444788278010947e-01,
       2.0512517382108610e+00, 5.7277983275275768e-01,
       7.6796983813926623e-01, 5.6487021725517850e-01,
       2.1894737159190316e+00, 7.0497138536819837e-01,
       1.8985369134919290e+00, 1.3692870764835599e+00,
       9.2726404778301341e-01, 4.4804242263185451e-01,
       2.3060594512568473e+00, 5.6816733490586679e-01,
       6.8660614503573580e-01, 5.9934072851323272e-01,
       7.7866686512218353e-01, 7.3176581445240385e-01,
       9.5212411080825532e-01, 1.8784856065986617e+00,
       1.8313601528311121e+00, 1.0390884630286337e+00,
       2.0856776547128364e+00, 8.1763799728482001e-01,
       9.6798663983241162e-01, 8.7833288028742140e-01,
       1.7842817867612455e+00, 9.6681456949458078e-01,
       1.9064575476385675e+00, 1.5927893622206315e+00 ]
intactSigma:
   - !!opencv-matrix
      rows: 10
      cols: 10
      dt: d
      data: [ 2.6455265724732398e-02, 1.9420959918782495e-03,
          -1.6585326991466450e-03, 6.6655863238208838e-05,
          2.3733803598758688e-04, -9.4977282636708911e-04,
          3.8376965702141492e-03, -9.2844928787345741e-04,
          2.0199207798641552e-03, -2.8261896634355478e-06,
          1.9420959918782493e-03, 3.0372398636672143e-03,
          9.5673868284530531e-04, 2.1926274984615730e-04,
          3.2215147839215739e-04, 2.7672283392251446e-04,
          2.5190945158438745e-03, 2.0502165842809522e-04,
          -4.9804703214783048e-03, 9.8918792762617432e-04,
          -1.6585326991466450e-03, 9.5673868284530499e-04,
          7.3515674840073708e-02, 1.6896034728361049e-03,
          3.9690831543548396e-04, 1.4808510730534110e-03,
          2.1026243644426015e-03, 1.3783455451234262e-03,
          -3.8538882362536748e-03, 1.3528507306695735e-03,
          6.6655863238208865e-05, 2.1926274984615730e-04,
          1.6896034728361049e-03, 3.8618610852551227e-03,
          7.1342687768675886e-06, -5.2434182589490578e-05,
          7.0314901825462768e-05, -2.1892053696533626e-04,
          -9.1667541935254156e-04, 2.4422100987763157e-04,
          2.3733803598758688e-04, 3.2215147839215734e-04,
          3.9690831543548358e-04, 7.1342687768675742e-06,
          1.1431882613279190e-03, 1.0518847718139093e-04,
          8.1383698980624529e-04, 1.2915249384035223e-05,
          -1.1904578581159160e-03, -2.4066898850666203e-04,
          -9.4977282636708922e-04, 2.7672283392251456e-04,
          1.4808510730534110e-03, -5.2434182589490639e-05,
          1.0518847718139097e-04, 4.8620318303385351e-03,
          1.2142804365429306e-04, 2.7568779179653756e-04,
          -7.1244713537138883e-03, 4.2100713544747386e-04,
          3.8376965702141492e-03, 2.5190945158438745e-03,
          2.1026243644426020e-03, 7.0314901825462755e-05,
          8.1383698980624529e-04, 1.2142804365429316e-04,
          1.1269936060343667e-02, 1.2821709622333431e-04,
          -3.6694399244699325e-03, 3.3800542195046844e-05,
          -9.2844928787345709e-04, 2.0502165842809514e-04,
          1.3783455451234262e-03, -2.1892053696533634e-04,
          1.2915249384035243e-05, 2.7568779179653751e-04,
          1.2821709622333425e-04, 1.3387695890662594e-03,
          -4.2856219475000525e-04, 4.1895776872854942e-04,
          2.0199207798641552e-03, -4.9804703214783048e-03,
          -3.8538882362536735e-03, -9.1667541935254188e-04,
          -1.1904578581159160e-03, -7.1244713537138883e-03,
          -3.6694399244699325e-03, -4.2856219475000508e-04,
          1.7575281624757660e-01, -4.7417518943611379e-03,
          -2.8261896634355566e-06, 9.8918792762617410e-04,
          1.3528507306695735e-03, 2.4422100987763157e-04,
          -2.4066898850666200e-04, 4.2100713544747386e-04,
          3.3800542195046925e-05, 4.1895776872854953e-04,
          -4.7417518943611370e-03, 4.3644775658396714e-03 ]
   - !!opencv-matrix
      rows: 10
      cols: 10
      dt: d
      data: [ 3.4241753545751646e-01, 9.0214798557641696e-02,
          1.9104787393248071e-02, -4.2708967532103473e-04,
          -1.1950733835649810e-01, 1.4938568218953459e-02,
          -3.9127342537375848e-02, 1.5562188140300999e-02,
          1.3196687179694855e-01, 1.4769663601563673e-03,
          9.0214798557641696e-02, 4.8658049528769387e-01,
          2.4447754811707169e-02, 1.6997477575179443e-02,
          1.5404273977514968e-01, 1.5686577377634844e-02,
          8.9098977805873558e-02, 1.0486731591965648e-02,
          -3.7234997534588490e-02, 3.6480183209526770e-02,
          1.9104787393248071e-02, 2.4447754811707162e-02,
          6.4900494439489323e-02, 1.3919592071721029e-03,
          -3.8082315738368166e-03, 4.4880149941896779e-03,
          8.9637344923711496e-04, 3.7450415387976143e-03,
          1.5035633034647698e-02, 5.1936974790738610e-03,
          -4.2708967532103565e-04, 1.6997477575179443e-02,
          1.3919592071721036e-03, 1.2027290262823571e-02,
          1.7084612077306018e-02, 1.9365453451479020e-03,
          8.4122604794043543e-03, 3.8223573354593572e-04,
          -2.6000791977885806e-03, 3.9917656381764964e-03,
          -1.1950733835649810e-01, 1.5404273977514968e-01,
          -3.8082315738368166e-03, 1.7084612077306015e-02,
          2.8156502382241977e-01, 2.3446258477634926e-03,
          9.7948757442642892e-02, -5.2215095478979224e-03,
          -1.3302129030260224e-01, 1.8926410428455036e-02,
          1.4938568218953459e-02, 1.5686577377634840e-02,
          4.4880149941896796e-03, 1.9365453451479022e-03,
          2.3446258477634913e-03, 9.9717500878111140e-03,
          2.9971813322409286e-03, 2.5523046954934667e-03,
          4.7665647920221155e-03, 2.1769907569885705e-03,
          -3.9127342537375848e-02, 8.9098977805873572e-02,
          8.9637344923711409e-04, 8.4122604794043543e-03,
          9.7948757442642878e-02, 2.9971813322409286e-03,
          5.7877016395536447e-02, 2.4064228763548336e-04,
          -5.8240026620983543e-02, 1.0601655332956263e-02,
          1.5562188140300996e-02, 1.0486731591965649e-02,
          3.7450415387976143e-03, 3.8223573354593572e-04,
          -5.2215095478979207e-03, 2.5523046954934667e-03,
          2.4064228763548336e-04, 5.3457156488694486e-03,
          9.9667390782550314e-03, 2.3930394159774769e-03,
          1.3196687179694855e-01, -3.7234997534588504e-02,
          1.5035633034647694e-02, -2.6000791977885815e-03,
          -1.3302129030260224e-01, 4.7665647920221155e-03,
          -5.8240026620983550e-02, 9.9667390782550332e-03,
          1.8227995804905525e-01, 3.9087529674429293e-03,
          1.4769663601563673e-03, 3.6480183209526770e-02,
          5.1936974790738610e-03, 3.9917656381764964e-03,
          1.8926410428455036e-02, 2.1769907569885710e-03,
          1.0601655332956265e-02, 2.3930394159774764e-03,
          3.9087529674429284e-03, 2.1407382769148470e-02 ]
   - !!opencv-matrix
      rows: 10
      cols: 10
      dt: d
