%YAML:1.0
---
groups:
   - intact
   - CD19
   - blast
intactGmmnames:
   - "intact.Bln086.0"
   - "intact.Bln086.1"
   - "intact.Bln086.2"
   - "intact.Bln086.3"
   - "intact.Bln086.4"
intactLabels:
   - FSC-A
   - SSC-A
   - SY41
   - CD19
   - CD10
   - CD20
   - CD45
   - CD34
   - CD38
   - CD58
intactMu: !!opencv-matrix
   rows: 5
   cols: 10
   dt: d
   data: [ 2.9321364201421392e+00, 2.0515158103648465e+00,
       1.8578943061341120e+00, 7.9209838318855397e-01,
       1.6398161600260848e+00, 1.0499447883618158e+00,
       1.7835294098133418e+00, 1.0538721738616665e+00,
       2.2304251007696076e+00, 1.9758479572919199e+00,
       1.6936447750458368e+00, 1.0745694630364155e+00,
       1.7266297492146527e+00, 9.2797943025170426e-01,
       1.0701285610523523e+00, 1.2284828581257630e+00,
       1.8095146267195075e+00, 1.2514927728879721e+00,
       2.3910371213406529e+00, 2.1908376754252723e+00,
       2.9552062331626083e+00, 2.8271961802099903e+00,
       1.9269600124349902e+00, 9.1923068948982145e-01,
       2.2756492132227106e+00, 1.1124014225792327e+00,
       1.9563481036415133e+00, 1.1874164594317300e+00,
       2.4425874732675541e+00, 2.1870784580568161e+00,
       1.1785170616049616e+00, 3.3784761946311942e-01,
       1.2904502647914884e+00, 7.2049941518621652e-01,
       8.5940728178083914e-01, 1.0106873000362151e+00,
       2.4799273880748904e+00, 9.5724881305519816e-01,
       2.2414367829065469e+00, 1.4268961414940682e+00,
       2.8237868464466587e+00, 2.3104621088521200e+00,
       2.0379735911280723e+00, 8.6823774274501297e-01,
       2.1063316700964645e+00, 1.0854916722882173e+00,
       1.9109101709573877e+00, 1.1457389970476073e+00,
       2.3655578052583843e+00, 2.1759346408647260e+00 ]
intactSigma:
   - !!opencv-matrix
      rows: 10
      cols: 10
      dt: d
      data: [ 4.0368109210584391e-01, 1.1022106505049023e-01,
          -7.9274215188618116e-03, -5.9677254442441665e-04,
          -1.5441821060885548e-02, 7.1079122205422859e-03,
          3.7770741145411514e-03, 8.4543845292331405e-03,
          3.4998016807221900e-02, 1.3466072190479364e-02,
          1.1022106505049023e-01, 2.1110876886430441e-01,
          3.1024825704787821e-04, 8.5252654082829706e-03,
          2.7129033778632648e-02, 8.6696862016023973e-03,
          2.1836247634161657e-02, 1.4410046933343978e-02,
          4.1066927823845252e-02, 3.8064520166833773e-02,
          -7.9274215188618099e-03, 3.1024825704787848e-04,
          2.6068196801688502e-02, 2.9743587397567084e-03,
          2.1465220435669253e-03, 2.0902771777874017e-03,
          8.4507711630341098e-03, 4.0266085482981951e-03,
          3.8845441497228780e-03, 1.2085020669043186e-02,
          -5.9677254442441709e-04, 8.5252654082829706e-03,
          2.9743587397567084e-03, 5.6703051003733934e-02,
          9.8327172181418392e-03, -2.8539869296234047e-04,
          3.7112518447998404e-03, -2.0425814986479284e-03,
          1.9504204676790877e-03, 5.2152240212663794e-03,
          -1.5441821060885545e-02, 2.7129033778632648e-02,
          2.1465220435669262e-03, 9.8327172181418409e-03,
          1.8103719713993213e-01, -4.3578440547629221e-03,
          2.4058103735603298e-02, -9.0803296999284241e-03,
          -4.9062668621428725e-02, -3.5534180441055292e-03,
          7.1079122205422868e-03, 8.6696862016023973e-03,
          2.0902771777874017e-03, -2.8539869296234025e-04,
          -4.3578440547629230e-03, 8.2250212336008339e-03,
          1.2734621889752742e-03, 2.5707465941977215e-03,
          8.4520203231005543e-03, 5.6540546986897835e-03,
          3.7770741145411522e-03, 2.1836247634161657e-02,
          8.4507711630341098e-03, 3.7112518447998404e-03,
          2.4058103735603301e-02, 1.2734621889752742e-03,
          2.1313123192753337e-02, 2.4617345819762429e-03,
          -6.5578754424461692e-05, 1.1593689529169515e-02,
          8.4543845292331422e-03, 1.4410046933343976e-02,
          4.0266085482981951e-03, -2.0425814986479280e-03,
          -9.0803296999284241e-03, 2.5707465941977215e-03,
          2.4617345819762425e-03, 9.9537060779973669e-03,
          1.4603659261719243e-02, 1.1774462885504830e-02,
          3.4998016807221900e-02, 4.1066927823845259e-02,
          3.8845441497228771e-03, 1.9504204676790880e-03,
          -4.9062668621428718e-02, 8.4520203231005543e-03,
          -6.5578754424461543e-05, 1.4603659261719243e-02,
          1.1110358010114874e-01, 4.0783014063100143e-02,
          1.3466072190479364e-02, 3.8064520166833773e-02,
          1.2085020669043186e-02, 5.2152240212663802e-03,
          -3.5534180441055309e-03, 5.6540546986897844e-03,
          1.1593689529169518e-02, 1.1774462885504829e-02,
          4.0783014063100143e-02, 4.8297229116151773e-02 ]
   - !!opencv-matrix
      rows: 10
      cols: 10
      dt: d
      data: [ 6.6046663235229253e-01, 4.9409272238929219e-01,
          9.4473536683497578e-03, 1.1091408704925086e-01,
          2.1295879154466810e-01, 9.1631698413385837e-02,
          2.7834860992265642e-01, 1.0298475374029255e-01,
          3.4097375483367137e-01, 3.1562245213691185e-02,
          4.9409272238929219e-01, 5.8331107590903875e-01,
          2.9042613160981967e-03, 8.0983694780436169e-02,
          2.2134286495079256e-01, 3.1872786190157008e-02,
          2.7112354211829232e-01, 6.8497586351511777e-02,
          3.8300216123493341e-01, 4.4780106142053806e-02,
          9.4473536683497544e-03, 2.9042613160981923e-03,
          1.4115998635467608e-01, 3.1797582839559104e-03,
          1.2872981675000396e-02, -8.1435219020222129e-03,
          -9.7226055631604261e-02, 1.5565285237871982e-02,
          -6.8719932918185830e-02, 2.9068257111452250e-02,
          1.1091408704925086e-01, 8.0983694780436169e-02,
          3.1797582839559121e-03, 2.0702299842648267e-01,
          8.5630868983901626e-02, 1.5918801582412881e-01,
          6.7698752243465193e-02, 1.0430485224436013e-01,
          1.0153537956526273e-01, 5.6191422416507777e-02,
          2.1295879154466810e-01, 2.2134286495079256e-01,
          1.2872981675000401e-02, 8.5630868983901626e-02,
          2.3495890141279674e-01, 7.6504224342542754e-02,
          9.5514014487686455e-02, 6.9970945499980064e-02,
          1.0026824430923813e-01, 3.5569226093966127e-03,
          9.1631698413385865e-02, 3.1872786190157008e-02,
          -8.1435219020222129e-03, 1.5918801582412881e-01,
          7.6504224342542754e-02, 2.6954582732057047e-01,
          7.4851378837517593e-02, 1.2870625986405607e-01,
          5.8048026949485493e-02, 6.1979078931636497e-02,
          2.7834860992265642e-01, 2.7112354211829232e-01,
          -9.7226055631604261e-02, 6.7698752243465193e-02,
          9.5514014487686455e-02, 7.4851378837517593e-02,
          4.3997311569798220e-01, 4.1353647507734383e-02,
          4.0832559295025167e-01, 5.1373610801279938e-02,
          1.0298475374029255e-01, 6.8497586351511777e-02,
          1.5565285237871986e-02, 1.0430485224436013e-01,
          6.9970945499980064e-02, 1.2870625986405607e-01,
          4.1353647507734383e-02, 1.4574580474923843e-01,
          1.0785607977168091e-01, 7.9033390311769758e-02,
          3.4097375483367137e-01, 3.8300216123493341e-01,
          -6.8719932918185830e-02, 1.0153537956526273e-01,
          1.0026824430923813e-01, 5.8048026949485507e-02,
          4.0832559295025167e-01, 1.0785607977168091e-01,
          7.7213722062731649e-01, 1.6645811904609437e-01,
          3.1562245213691185e-02, 4.4780106142053820e-02,
          2.9068257111452250e-02, 5.6191422416507777e-02,
          3.5569226093966119e-03, 6.1979078931636497e-02,
          5.1373610801279945e-02, 7.9033390311769758e-02,
          1.6645811904609431e-01, 1.8319634077739977e-01 ]
   - !!opencv-matrix
      rows: 10
      cols: 10
      dt: d
