%YAML:1.0
---
groups:
   - intact
   - CD19
   - blast
intactGmmnames:
   - "intact.Bln020.0"
   - "intact.Bln020.1"
   - "intact.Bln020.2"
   - "intact.Bln020.3"
   - "intact.Bln020.4"
intactLabels:
   - FSC-A
   - SSC-A
   - SY41
   - CD19
   - CD10
   - CD20
   - CD45
   - CD34
   - CD38
   - CD58
intactMu: !!opencv-matrix
   rows: 5
   cols: 10
   dt: d
   data: [ 1.0753136113222550e+00, 2.9314244500326098e-01,
       2.3079143509777249e+00, 5.7468035542137996e-01,
       7.9411256475874858e-01, 8.9333463808212077e-01,
       2.1725560890716769e+00, 6.7880464071146362e-01,
       1.7729021160460201e+00, 8.9921969640665578e-01,
       2.6338095654413385e+00, 1.6455640642588774e+00,
       2.5170521662807572e+00, 6.2254391426502875e-01,
       1.1945070352013303e+00, 9.0466469646574610e-01,
       2.3235044188187270e+00, 7.8480521182230178e-01,
       2.3003194610651687e+00, 1.6571305469810522e+00,
       1.2242435361232287e+00, 4.7264740200219213e-01,
       2.3216829656573554e+00, 5.7485840820985290e-01,
       7.7438407399414233e-01, 8.9106412193205287e-01,
       2.2171030693163916e+00, 6.9547672481663869e-01,
       2.0713311393025244e+00, 1.3517580013424275e+00,
       1.0813813016723124e+00, 6.4708664001984662e-01,
       2.4711546058121274e+00, 5.7474815687269842e-01,
       8.0665262731002851e-01, 9.0283874199306968e-01,
       8.7431030265520859e-01, 7.5779915545995635e-01,
       1.2137052320331578e+00, 1.7689632609674799e+00,
       2.1733238128308479e+00, 1.2360344715111751e+00,
       2.6218995757246608e+00, 8.4097495706999370e-01,
       1.0798133518099435e+00, 1.1595016499428374e+00,
       1.7831861888610316e+00, 1.0741763923514975e+00,
       2.0547186536435587e+00, 1.6452990976415451e+00 ]
intactSigma:
   - !!opencv-matrix
      rows: 10
      cols: 10
      dt: d
      data: [ 2.6772165683721504e-02, 2.8533063431215428e-03,
          -1.2437289066072697e-03, 1.3778075094591832e-04,
          5.1160593760191456e-04, -1.2343717786525565e-04,
          2.4585498654717220e-03, -5.3793014406494459e-04,
          -7.0487145817866529e-03, 9.4223870887938355e-04,
          2.8533063431215428e-03, 3.6090154820342668e-03,
          4.1038159384475497e-04, 2.2546230810317096e-04,
          4.6505338075352023e-04, 9.7372686361452728e-05,
          2.3004946478518509e-03, 4.9592896581693378e-05,
          -7.1660992316382741e-03, 1.2333465764336588e-03,
          -1.2437289066072701e-03, 4.1038159384475492e-04,
          1.1984799820769779e-02, 2.9731990454544743e-04,
          1.8366135006856984e-04, 1.3139925089892374e-04,
          7.8592513237044190e-04, 5.0155655015237809e-04,
          -1.4781013565345518e-03, 5.1800354080769188e-04,
          1.3778075094591840e-04, 2.2546230810317107e-04,
          2.9731990454544732e-04, 2.7168320630355700e-03,
          4.7219173973187869e-05, -3.3729205822126580e-06,
          2.3769617710724472e-04, -1.5305057848848897e-04,
          -9.2361167210995576e-04, 2.0564483049018636e-04,
          5.1160593760191467e-04, 4.6505338075352023e-04,
          1.8366135006856978e-04, 4.7219173973187889e-05,
          1.1422306505868469e-03, 2.3783981444601288e-05,
          6.3345610469120689e-04, -2.4321361408667543e-05,
          -1.7940576622846242e-03, -9.4899776054854155e-05,
          -1.2343717786525562e-04, 9.7372686361452755e-05,
          1.3139925089892369e-04, -3.3729205822126530e-06,
          2.3783981444601308e-05, 3.9080366848906391e-04,
          1.1193094639064185e-04, 1.3525534908540444e-05,
          -1.9498473788627925e-03, 1.0613601422376282e-04,
          2.4585498654717225e-03, 2.3004946478518509e-03,
          7.8592513237044157e-04, 2.3769617710724472e-04,
          6.3345610469120689e-04, 1.1193094639064176e-04,
          6.5977002193888159e-03, -1.4389966524449351e-05,
          -7.1557703299061663e-03, 3.9708753946725116e-04,
          -5.3793014406494438e-04, 4.9592896581693378e-05,
          5.0155655015237798e-04, -1.5305057848848897e-04,
          -2.4321361408667522e-05, 1.3525534908540444e-05,
          -1.4389966524449356e-05, 7.8704862734587375e-04,
          7.5876729707728826e-04, 1.5055448552383989e-04,
          -7.0487145817866546e-03, -7.1660992316382758e-03,
          -1.4781013565345526e-03, -9.2361167210995641e-04,
          -1.7940576622846242e-03, -1.9498473788627925e-03,
          -7.1557703299061663e-03, 7.5876729707728859e-04,
          1.8416839700316884e-01, -6.3121362711364764e-03,
          9.4223870887938323e-04, 1.2333465764336588e-03,
          5.1800354080769155e-04, 2.0564483049018628e-04,
          -9.4899776054854182e-05, 1.0613601422376278e-04,
          3.9708753946725116e-04, 1.5055448552383984e-04,
          -6.3121362711364773e-03, 4.5269171066502000e-03 ]
   - !!opencv-matrix
      rows: 10
      cols: 10
      dt: d
      data: [ 6.3012062860808582e-01, 6.0819323502469491e-01,
          1.0066444258549254e-02, 1.4373273139289260e-02,
          1.6698592587411368e-01, 7.2218525375483981e-03,
          -2.4833250465621345e-02, 2.5502213192151412e-02,
          -4.3431772647882810e-02, 3.5327777728234741e-02,
          6.0819323502469491e-01, 1.3628863461733125e+00,
          -5.3555922175962514e-02, 3.6855218038841245e-02,
          5.1247253799358827e-01, 2.0946666183222943e-02,
          -1.6832558600460126e-01, 4.2082183880646232e-02,
          -3.3237683990603539e-01, -2.6894188368126615e-02,
          1.0066444258549254e-02, -5.3555922175962528e-02,
          3.7124019757334731e-02, -1.6629340112589710e-03,
          -4.6386819409819785e-02, -1.6942065263844540e-03,
          3.4429875847621465e-02, 9.0067251379198653e-04,
          6.0904051213292620e-02, 3.6759285865657035e-02,
          1.4373273139289260e-02, 3.6855218038841238e-02,
          -1.6629340112589710e-03, 9.2738506870230983e-03,
          2.0745175034362469e-02, 1.1708166059454909e-03,
          -4.3248986244901495e-03, 1.0726838187189417e-03,
          -1.4136091760550978e-02, -1.7897862196991150e-03,
          1.6698592587411362e-01, 5.1247253799358827e-01,
          -4.6386819409819785e-02, 2.0745175034362465e-02,
          3.4689781065285719e-01, 9.6764158503761608e-03,
          -8.3439975686664780e-02, 1.2829261834946142e-02,
          -2.2686355828053148e-01, -5.2877116581414321e-02,
          7.2218525375483981e-03, 2.0946666183222943e-02,
          -1.6942065263844540e-03, 1.1708166059454909e-03,
          9.6764158503761591e-03, 2.5883893245799328e-03,
          -5.1882696341947416e-03, 1.1157665013137366e-03,
          -1.5641016942991276e-02, -3.1825445860508119e-03,
          -2.4833250465621338e-02, -1.6832558600460129e-01,
          3.4429875847621465e-02, -4.3248986244901495e-03,
          -8.3439975686664780e-02, -5.1882696341947416e-03,
          7.7081336457831121e-02, -3.1674069636634769e-03,
          1.2885193802464437e-01, 5.1007844180072232e-02,
          2.5502213192151409e-02, 4.2082183880646232e-02,
          9.0067251379198686e-04, 1.0726838187189417e-03,
          1.2829261834946142e-02, 1.1157665013137364e-03,
          -3.1674069636634778e-03, 7.4585644389687580e-03,
          4.4652960900394621e-04, 3.0766891204131361e-03,
          -4.3431772647882824e-02, -3.3237683990603539e-01,
          6.0904051213292620e-02, -1.4136091760550978e-02,
          -2.2686355828053148e-01, -1.5641016942991276e-02,
          1.2885193802464434e-01, 4.4652960900394626e-04,
          5.3490701845820854e-01, 1.0416758755341640e-01,
          3.5327777728234741e-02, -2.6894188368126622e-02,
          3.6759285865657035e-02, -1.7897862196991146e-03,
          -5.2877116581414321e-02, -3.1825445860508119e-03,
          5.1007844180072232e-02, 3.0766891204131361e-03,
          1.0416758755341639e-01, 1.2514583610138127e-01 ]
   - !!opencv-matrix
      rows: 10
      cols: 10
      dt: d
