%YAML:1.0
---
groups:
   - intact
   - CD19
   - blast
intactGmmnames:
   - "intact.Bln006.0"
   - "intact.Bln006.1"
   - "intact.Bln006.2"
   - "intact.Bln006.3"
   - "intact.Bln006.4"
intactLabels:
   - FSC-A
   - SSC-A
   - SY41
   - CD19
   - CD10
   - CD20
   - CD45
   - CD34
   - CD38
   - CD58
intactMu: !!opencv-matrix
   rows: 5
   cols: 10
   dt: d
   data: [ 1.1840170057259933e+00, 3.2484767658086744e-01,
       2.4455670953693227e+00, 5.7470031329774240e-01,
       8.1082726453674081e-01, 5.9395132424962283e-01,
       2.4451334119632659e+00, 6.8973985442277386e-01,
       2.0067803238250126e+00, 1.1050287657640618e+00,
       9.5681732576169132e-01, 4.2931977515513342e-01,
       2.5984737589397517e+00, 5.5913941223869190e-01,
       7.5654866222309347e-01, 6.0215068033932118e-01,
       6.7859091540886929e-01, 7.4284149045144066e-01,
       1.3190652535396377e+00, 1.9415360642906481e+00,
       3.4659374126762730e+00, 3.1412648848368194e+00,
       2.5501137036735968e+00, 8.6621787188117738e-01,
       1.8660700711608698e+00, 9.2228417510035410e-01,
       2.1737791504666895e+00, 1.0104759634328297e+00,
       2.2204483683940675e+00, 1.7308627201430697e+00,
       1.5710097474607163e+00, 8.2644549601459305e-01,
       2.8051559597811235e+00, 6.3698421276407591e-01,
       9.7059881962035821e-01, 6.7166889377417405e-01,
       1.0256800877511452e+00, 8.6283253482481281e-01,
       2.0698591133502702e+00, 2.2867922574765136e+00,
       1.8852455713886140e+00, 8.4797536309848642e-01,
       2.6455524053750490e+00, 7.6639975165019725e-01,
       1.0481547898935117e+00, 8.7245136376687116e-01,
       2.0144794756586166e+00, 9.4897210374963092e-01,
       2.2093161637536358e+00, 1.8096985541686006e+00 ]
intactSigma:
   - !!opencv-matrix
      rows: 10
      cols: 10
      dt: d
      data: [ 4.6533986953188659e-02, 7.2730214609945144e-03,
          -2.4819986494204202e-03, 3.2298345198738312e-04,
          3.3912513397551413e-04, 1.0848189162559735e-04,
          5.7864011927130348e-03, -6.2305578486568456e-04,
          -1.5528058873821006e-02, 2.1006419669912096e-02,
          7.2730214609945162e-03, 9.0696483398788452e-03,
          2.6439476376497731e-04, 5.9714332275486023e-04,
          6.5595549970329760e-05, 2.9782784497293702e-04,
          3.9374905145871750e-03, 3.5378926757497007e-04,
          -1.7375676134086849e-02, 2.3510220181882306e-02,
          -2.4819986494204194e-03, 2.6439476376497736e-04,
          7.8803494221416567e-03, 2.0909748028971891e-04,
          9.8727455565336586e-05, 2.9876217974322399e-04,
          -1.9251056341089564e-03, 6.1297245050029477e-04,
          -2.3112020054009683e-03, -1.5966275666149529e-04,
          3.2298345198738322e-04, 5.9714332275486023e-04,
          2.0909748028971891e-04, 3.3644262664972611e-03,
          2.6789877319742371e-04, 6.8032495053880880e-05,
          4.5468865068223088e-04, -1.5464845661544249e-04,
          -5.9763877044869296e-04, 2.2922930122207582e-03,
          3.3912513397551402e-04, 6.5595549970329733e-05,
          9.8727455565336599e-05, 2.6789877319742381e-04,
          2.5993344742471871e-03, 9.1888102881146688e-05,
          1.3382277632670169e-03, -1.0691416488204135e-05,
          1.2184706438719492e-04, -2.9700231916220134e-03,
          1.0848189162559750e-04, 2.9782784497293702e-04,
          2.9876217974322377e-04, 6.8032495053880907e-05,
          9.1888102881146580e-05, 6.2511740801977165e-03,
          1.7829651091234226e-04, 1.3883085051699445e-04,
          1.3101103661174542e-03, 1.3209783612317949e-03,
          5.7864011927130357e-03, 3.9374905145871750e-03,
          -1.9251056341089555e-03, 4.5468865068223088e-04,
          1.3382277632670169e-03, 1.7829651091234226e-04,
          1.1681577988766758e-02, 1.5780007301267258e-04,
          -2.5551574244290754e-03, 6.9424680589853949e-03,
          -6.2305578486568456e-04, 3.5378926757497007e-04,
          6.1297245050029466e-04, -1.5464845661544255e-04,
          -1.0691416488204140e-05, 1.3883085051699442e-04,
          1.5780007301267255e-04, 1.2704239787664920e-03,
          3.5461000568561804e-05, 2.0039600272177631e-03,
          -1.5528058873821009e-02, -1.7375676134086849e-02,
          -2.3112020054009688e-03, -5.9763877044869296e-04,
          1.2184706438719505e-04, 1.3101103661174547e-03,
          -2.5551574244290754e-03, 3.5461000568561892e-05,
          2.7926117967851272e-01, -7.0790480413377960e-02,
          2.1006419669912096e-02, 2.3510220181882306e-02,
          -1.5966275666149543e-04, 2.2922930122207578e-03,
          -2.9700231916220134e-03, 1.3209783612317949e-03,
          6.9424680589853949e-03, 2.0039600272177631e-03,
          -7.0790480413377946e-02, 1.2975925352413850e-01 ]
   - !!opencv-matrix
      rows: 10
      cols: 10
      dt: d
      data: [ 4.4364422544078359e-02, 9.4338117796500393e-03,
          1.0543913209968749e-02, 1.5017524587567646e-04,
          -4.4327438621018093e-04, 3.8419905480702529e-04,
          3.4451543895135006e-03, 1.6762562441691368e-03,
          2.3897954773638101e-03, 9.6300810662702466e-03,
          9.4338117796500375e-03, 1.0844083492965336e-02,
          7.0845263690113430e-03, 1.6903711013289033e-04,
          -1.1097424090601254e-04, 5.9337732079238394e-04,
          3.2251086365634126e-03, 1.8445733271223606e-03,
          1.1752852113524016e-02, 1.2229729151640794e-02,
          1.0543913209968749e-02, 7.0845263690113430e-03,
          2.1578928006035253e-02, 2.0809716272017105e-04,
          -9.2571781065541866e-05, 9.5745154796689680e-04,
          -4.9218136309019155e-04, 2.3565623555026850e-03,
          5.9017154018165541e-03, 8.9391983901595910e-03,
          1.5017524587567649e-04, 1.6903711013289038e-04,
          2.0809716272017099e-04, 2.9393720008618080e-03,
          2.5752696585089801e-04, -1.1832814613181365e-04,
          5.1440736918173589e-04, -3.5144347762266104e-04,
          1.8808751869347545e-03, 1.4801164974908269e-04,
          -4.4327438621018093e-04, -1.1097424090601257e-04,
          -9.2571781065541893e-05, 2.5752696585089801e-04,
          7.7502924850811295e-03, 7.8713760610653877e-05,
          1.5922782592481942e-03, -1.3443535580318769e-04,
          4.7777250970081290e-03, -2.7547615725782245e-03,
          3.8419905480702513e-04, 5.9337732079238394e-04,
          9.5745154796689636e-04, -1.1832814613181366e-04,
          7.8713760610653877e-05, 2.7302069738229123e-03,
          2.4823347028136148e-04, 3.5002974295865583e-04,
          1.0257561017544665e-03, 1.1488849149871234e-03,
          3.4451543895135015e-03, 3.2251086365634126e-03,
          -4.9218136309019166e-04, 5.1440736918173589e-04,
          1.5922782592481942e-03, 2.4823347028136137e-04,
          1.7569271725292167e-02, 9.7802025677268191e-04,
          2.3458297404143267e-02, 1.8406937355438151e-05,
          1.6762562441691366e-03, 1.8445733271223604e-03,
          2.3565623555026850e-03, -3.5144347762266093e-04,
          -1.3443535580318774e-04, 3.5002974295865583e-04,
          9.7802025677268191e-04, 2.5631182821211846e-03,
          4.4940117077780532e-03, 4.4569099720064018e-03,
          2.3897954773638092e-03, 1.1752852113524016e-02,
          5.9017154018165515e-03, 1.8808751869347545e-03,
          4.7777250970081290e-03, 1.0257561017544662e-03,
          2.3458297404143263e-02, 4.4940117077780532e-03,
          1.2033487159594047e-01, 2.9033452145697528e-02,
          9.6300810662702466e-03, 1.2229729151640792e-02,
          8.9391983901595910e-03, 1.4801164974908275e-04,
          -2.7547615725782241e-03, 1.1488849149871229e-03,
          1.8406937355438121e-05, 4.4569099720064018e-03,
          2.9033452145697528e-02, 4.3420517429447941e-02 ]
   - !!opencv-matrix
      rows: 10
      cols: 10
      dt: d
