%YAML:1.0
---
groups:
   - intact
   - CD19
   - blast
intactGmmnames:
   - "intact.Bln050.0"
   - "intact.Bln050.1"
   - "intact.Bln050.2"
   - "intact.Bln050.3"
   - "intact.Bln050.4"
intactLabels:
   - FSC-A
   - SSC-A
   - SY41
   - CD19
   - CD10
   - CD20
   - CD45
   - CD34
   - CD38
   - CD58
intactMu: !!opencv-matrix
   rows: 5
   cols: 10
   dt: d
   data: [ 2.2574227677468701e+00, 1.2612381801873151e+00,
       2.8413649830640555e+00, 1.2758216864714194e+00,
       1.7731137581118628e+00, 1.7894191734030045e+00,
       1.6326337304702103e+00, 1.5844979501414653e+00,
       2.3280298984693544e+00, 2.2068728700450877e+00,
       1.2347979832262923e+00, 4.3902009384657681e-01,
       2.6347480816017623e+00, 6.4361813739625295e-01,
       1.0842277559872451e+00, 1.0728379000162904e+00,
       2.4748394323604654e+00, 9.8423764858165086e-01,
       2.2678123951214659e+00, 1.8599279838419485e+00,
       2.8598009525594508e+00, 3.0996343188057587e+00,
       2.8337915755527701e+00, 1.0362317185776753e+00,
       1.9026053932120994e+00, 1.1989172902282215e+00,
       2.1062852934221490e+00, 1.2014539697362316e+00,
       2.5032202727188455e+00, 2.3678229148941328e+00,
       9.8092292641229706e-01, 4.9630684052927970e-01,
       2.9719781597728852e+00, 6.5409396031910638e-01,
       1.1956645038207294e+00, 1.0026828115586619e+00,
       9.1652343023650507e-01, 1.1099484198676364e+00,
       1.4760369803784059e+00, 2.4095139533553387e+00,
       1.2805612765115195e+00, 2.8833919131147806e-01,
       2.7186207264204367e+00, 2.4886744530911944e+00,
       3.3796507239339451e+00, 4.9431454087878529e-01,
       1.2101749983943557e+00, 2.6665363746221358e+00,
       3.1960342026982458e+00, 2.1419393331095922e+00 ]
intactSigma:
   - !!opencv-matrix
      rows: 10
      cols: 10
      dt: d
      data: [ 8.9607900441673616e-01, 4.2764625249760352e-01,
          9.1908135969579648e-03, 2.2257538435652147e-01,
          1.9662215132508776e-01, 1.8322453636386671e-01,
          8.6377970512539440e-02, 1.3467925054812291e-01,
          1.4792430500522283e-01, 1.1107758755283986e-01,
          4.2764625249760357e-01, 6.2865151532399022e-01,
          4.0913470209636989e-02, 1.9540552975348977e-01,
          2.0150079624606090e-01, 1.5453502246445688e-01,
          1.2338285802958834e-01, 5.2450273718560377e-02,
          2.0034330284730620e-01, 7.8295860076114498e-02,
          9.1908135969579613e-03, 4.0913470209636982e-02,
          2.1709192941643093e-01, 1.6878483126430453e-02,
          5.7112951771155225e-02, -2.7236842400223593e-03,
          8.9639585087684687e-02, -2.0302768686815718e-02,
          8.4434895224867551e-02, 8.4968471889996469e-02,
          2.2257538435652147e-01, 1.9540552975348979e-01,
          1.6878483126430453e-02, 4.4252217967920787e-01,
          3.0930543598239096e-01, 3.4384392796790358e-01,
          8.8109236252971637e-02, 1.5005434199804504e-01,
          2.2136194742700363e-01, 7.8310165289652262e-02,
          1.9662215132508776e-01, 2.0150079624606090e-01,
          5.7112951771155225e-02, 3.0930543598239096e-01,
          4.9046215418842476e-01, 3.1094015373314571e-01,
          1.0640151141211651e-01, 1.2900251271310428e-01,
          2.5315265017364014e-01, 1.1212604476738958e-01,
          1.8322453636386671e-01, 1.5453502246445688e-01,
          -2.7236842400223571e-03, 3.4384392796790358e-01,
          3.1094015373314571e-01, 4.7389923273866280e-01,
          7.5837222525377265e-02, 1.6806704465666475e-01,
          2.0166990118285011e-01, 5.4396115818606768e-02,
          8.6377970512539440e-02, 1.2338285802958836e-01,
          8.9639585087684687e-02, 8.8109236252971637e-02,
          1.0640151141211651e-01, 7.5837222525377265e-02,
          3.4323228066249001e-01, -1.5785161356560069e-02,
          2.0835983250735557e-01, 3.4684592504324908e-02,
          1.3467925054812291e-01, 5.2450273718560377e-02,
          -2.0302768686815718e-02, 1.5005434199804502e-01,
          1.2900251271310428e-01, 1.6806704465666475e-01,
          -1.5785161356560069e-02, 2.0415120339907514e-01,
          8.0662132827150915e-02, 5.3826918232171533e-02,
          1.4792430500522277e-01, 2.0034330284730620e-01,
          8.4434895224867551e-02, 2.2136194742700363e-01,
          2.5315265017364014e-01, 2.0166990118285011e-01,
          2.0835983250735557e-01, 8.0662132827150915e-02,
          4.6888208770907208e-01, 1.2653805438732615e-01,
          1.1107758755283986e-01, 7.8295860076114498e-02,
          8.4968471889996469e-02, 7.8310165289652262e-02,
          1.1212604476738958e-01, 5.4396115818606761e-02,
          3.4684592504324915e-02, 5.3826918232171540e-02,
          1.2653805438732615e-01, 2.0452950101512751e-01 ]
   - !!opencv-matrix
      rows: 10
      cols: 10
      dt: d
      data: [ 6.9093552968031699e-02, 1.0812407546635082e-02,
          -1.4707338075112727e-02, 1.1725914238896061e-02,
          7.7271249103409659e-03, -1.8702461651174489e-02,
          9.9069446558126082e-03, -7.4103268948452639e-03,
          6.6301013666775106e-03, 3.7940580720633915e-02,
          1.0812407546635084e-02, 1.5289284246713978e-02,
          -6.3141453532358678e-03, 1.3516684618146115e-02,
          3.7614110614307594e-03, -1.1152542887617476e-02,
          8.7821097298190712e-03, -3.5215304308483081e-03,
          4.1349510622903415e-02, 2.6442706362466130e-02,
          -1.4707338075112727e-02, -6.3141453532358678e-03,
          3.1289113849940063e-02, -6.0974694766735707e-03,
          1.6206425028018976e-03, 1.2237400739839609e-02,
          -2.1209047454281834e-03, 5.7431345716687423e-03,
          -1.7568434162008616e-02, -1.0061852632361970e-02,
          1.1725914238896061e-02, 1.3516684618146115e-02,
          -6.0974694766735707e-03, 2.9417988081109108e-02,
          5.4195774080099167e-03, -9.7499384612007370e-03,
          7.9777983216771618e-03, -4.6162699523929502e-03,
          3.2561690899532134e-02, 2.6370933505067088e-02,
          7.7271249103409651e-03, 3.7614110614307603e-03,
          1.6206425028018974e-03, 5.4195774080099167e-03,
          3.7496213428081397e-02, 8.1882881573272226e-03,
          6.2173432695482658e-03, 2.7697725685213201e-05,
          -1.8473913012989677e-02, 3.5026821034556885e-02,
          -1.8702461651174489e-02, -1.1152542887617476e-02,
          1.2237400739839609e-02, -9.7499384612007370e-03,
          8.1882881573272226e-03, 4.6873786414347092e-02,
          -3.7811996601843341e-03, 6.2595534704330347e-03,
          -3.2405872873076086e-02, -2.1209346604742493e-02,
          9.9069446558126082e-03, 8.7821097298190712e-03,
          -2.1209047454281834e-03, 7.9777983216771601e-03,
          6.2173432695482641e-03, -3.7811996601843328e-03,
          2.5713032138534667e-02, -1.6491620913856328e-03,
          3.3716193635151728e-02, 1.6796973332015831e-02,
          -7.4103268948452639e-03, -3.5215304308483086e-03,
          5.7431345716687423e-03, -4.6162699523929502e-03,
          2.7697725685213119e-05, 6.2595534704330364e-03,
          -1.6491620913856324e-03, 6.4861534255020135e-03,
          -1.0098367734916968e-02, -7.4489325299126642e-03,
          6.6301013666775124e-03, 4.1349510622903415e-02,
          -1.7568434162008623e-02, 3.2561690899532134e-02,
          -1.8473913012989677e-02, -3.2405872873076086e-02,
          3.3716193635151728e-02, -1.0098367734916971e-02,
          5.6736373761053649e-01, 9.5067654767481535e-03,
          3.7940580720633915e-02, 2.6442706362466133e-02,
          -1.0061852632361970e-02, 2.6370933505067088e-02,
          3.5026821034556885e-02, -2.1209346604742493e-02,
          1.6796973332015831e-02, -7.4489325299126642e-03,
          9.5067654767481569e-03, 1.3646357977537474e-01 ]
   - !!opencv-matrix
      rows: 10
      cols: 10
      dt: d
      data: [ 3.3337881034966299e-01, 1.8893965649129676e-01,
          -3.0439901610592002e-03, 9.1897905667410237e-04,
          -1.7428267412849561e-02, -2.1431423319437496e-03,
          -5.0071396525473285e-03, 1.1131824102233250e-02,
          3.3203973551655268e-02, 7.3861492188919816e-03,
          1.8893965649129676e-01, 4.5345165179017033e-01,
          4.0929280187330941e-03, 2.1726246385112551e-02,
          9.2359388089808203e-02, 8.4923838623578284e-03,
          3.4520367023015683e-02, 2.4273698486055678e-02,
          2.2536324271261770e-02, 2.7896236653448182e-02,
          -3.0439901610591984e-03, 4.0929280187330958e-03,
          1.7474076269769271e-02, 7.1138715082672884e-03,
          2.5202683786292078e-03, 1.1179209784679111e-02,
          7.2869604137963575e-04, 5.9721553335797539e-03,
          6.4361509269431029e-03, 5.8914275950460639e-03,
          9.1897905667410367e-04, 2.1726246385112551e-02,
          7.1138715082672884e-03, 9.4450706755625877e-02,
          3.4505225561022992e-02, 7.5628774294215070e-03,
          1.2934516967252431e-02, 3.9138836398100356e-03,
          6.9383262456943155e-03, 9.9353106967462503e-03,
          -1.7428267412849564e-02, 9.2359388089808203e-02,
          2.5202683786292065e-03, 3.4505225561022999e-02,
          2.3669365359422218e-01, 1.0233696550936485e-03,
          5.6309291683305604e-02, 1.1705342440511562e-02,
          -2.0080000463349776e-02, 1.5805364100400465e-02,
          -2.1431423319437492e-03, 8.4923838623578284e-03,
          1.1179209784679111e-02, 7.5628774294215096e-03,
          1.0233696550936487e-03, 2.9558284333856440e-02,
          -4.8092500275766822e-04, 4.8234483926384956e-03,
          2.7764546397072033e-03, 2.3882538511081600e-03,
          -5.0071396525473285e-03, 3.4520367023015683e-02,
          7.2869604137963553e-04, 1.2934516967252431e-02,
          5.6309291683305604e-02, -4.8092500275766806e-04,
          3.5184109315850275e-02, 4.7900576857904872e-03,
          -5.2380267251641785e-03, 8.9724940034283576e-03,
          1.1131824102233252e-02, 2.4273698486055675e-02,
          5.9721553335797539e-03, 3.9138836398100356e-03,
          1.1705342440511562e-02, 4.8234483926384956e-03,
          4.7900576857904855e-03, 1.6819113989482198e-02,
          6.6533907095163072e-03, 5.9511026700191597e-03,
          3.3203973551655268e-02, 2.2536324271261773e-02,
          6.4361509269431029e-03, 6.9383262456943181e-03,
          -2.0080000463349772e-02, 2.7764546397072037e-03,
          -5.2380267251641768e-03, 6.6533907095163072e-03,
          5.7993785924706047e-02, 1.2100898618852772e-02,
          7.3861492188919799e-03, 2.7896236653448182e-02,
          5.8914275950460648e-03, 9.9353106967462468e-03,
          1.5805364100400465e-02, 2.3882538511081591e-03,
          8.9724940034283576e-03, 5.9511026700191606e-03,
          1.2100898618852772e-02, 1.9429846286369432e-02 ]
   - !!opencv-matrix
      rows: 10
      cols: 10
      dt: d
      data: [ 1.1567309709071109e-01, 3.0152238963538198e-02,
          1.6214403045016548e-02, 1.9350456639714780e-02,
          1.9869266275897610e-02, 1.8868316889079368e-03,
          1.5839425013116984e-02, 7.0427870382022860e-03,
          3.2426718627314020e-02, 2.5679049358048787e-02,
          3.0152238963538202e-02, 2.8670467848898300e-02,
          1.5740954137527140e-02, 1.9077988566129404e-02,
          1.8210823085133613e-02, 2.8957070901795261e-03,
          1.0769558887041359e-02, 7.4862622089193016e-03,
          3.3296458937342358e-02, 2.6195327698902298e-02,
          1.6214403045016552e-02, 1.5740954137527140e-02,
          4.7892449004842824e-02, 1.0392087152790459e-02,
          1.4811548478132838e-02, 5.3474336027702751e-03,
          2.0036686826055524e-02, 1.0102029022913591e-02,
          2.8288016156194935e-02, 2.1616164684427782e-02,
          1.9350456639714780e-02, 1.9077988566129401e-02,
          1.0392087152790459e-02, 4.2756610434519754e-02,
          1.2990594268020338e-02, 2.4766692705978609e-03,
          7.3504681122293419e-03, 2.9079554622489616e-03,
          2.5675706007860483e-02, 1.7655183374950683e-02,
          1.9869266275897610e-02, 1.8210823085133609e-02,
          1.4811548478132838e-02, 1.2990594268020341e-02,
          3.4028704604016760e-02, 3.2084109436185948e-03,
          2.2677949017939174e-03, 7.7661227017753309e-03,
          3.0382545635785109e-02, 2.5667140498274597e-02,
          1.8868316889079353e-03, 2.8957070901795261e-03,
          5.3474336027702725e-03, 2.4766692705978609e-03,
          3.2084109436185948e-03, 9.0878950627970734e-03,
          4.1835708583226458e-03, 1.5632708809021831e-03,
          8.2291293595746252e-03, 2.9449429122925773e-03,
          1.5839425013116984e-02, 1.0769558887041359e-02,
          2.0036686826055524e-02, 7.3504681122293419e-03,
          2.2677949017939178e-03, 4.1835708583226458e-03,
          6.7382517353534704e-02, 5.4784770333965406e-03,
          1.3931597051770543e-02, -7.1898721219427336e-03,
          7.0427870382022860e-03, 7.4862622089193033e-03,
          1.0102029022913591e-02, 2.9079554622489616e-03,
          7.7661227017753300e-03, 1.5632708809021837e-03,
          5.4784770333965414e-03, 1.2524298244246593e-02,
          1.2202978611148874e-02, 9.6845904742706938e-03,
          3.2426718627314020e-02, 3.3296458937342344e-02,
          2.8288016156194935e-02, 2.5675706007860483e-02,
          3.0382545635785109e-02, 8.2291293595746270e-03,
          1.3931597051770540e-02, 1.2202978611148874e-02,
          1.2593847329790173e-01, 4.4665454979272948e-02,
          2.5679049358048777e-02, 2.6195327698902298e-02,
          2.1616164684427782e-02, 1.7655183374950683e-02,
          2.5667140498274597e-02, 2.9449429122925773e-03,
          -7.1898721219427310e-03, 9.6845904742706938e-03,
          4.4665454979272948e-02, 5.0765994274494644e-02 ]
   - !!opencv-matrix
      rows: 10
      cols: 10
      dt: d
      data: [ 8.7199370543494276e-02, 6.1314991568347573e-03,
          -1.4577205110592767e-02, 2.3136144778636625e-02,
          -5.0009148507478719e-03, -3.2558881969058512e-03,
          -9.2246669013294185e-03, 3.4462003946422355e-02,
          -8.4126540824771396e-04, 5.8682207259714118e-03,
          6.1314991568347573e-03, 4.5751402760494681e-03,
          -1.0082205281779352e-03, 9.6143064343639593e-03,
          -2.2935307526278847e-03, -1.0353015148908096e-03,
          -3.4857132916801354e-03, 1.0081914516695925e-02,
          9.3703705934301135e-04, 3.3161274855030391e-03,
          -1.4577205110592767e-02, -1.0082205281779352e-03,
          1.1977747659082960e-02, -3.2410052386837190e-03,
          -1.7574818865586678e-03, -1.3250235014185415e-03,
          -2.1025418615309033e-03, 5.1903746878162096e-03,
          -2.5171222549756514e-03, -4.0450780957430269e-03,
          2.3136144778636625e-02, 9.6143064343639593e-03,
          -3.2410052386837190e-03, 1.6595307828727679e-01,
          -2.2980685615935852e-02, -1.0860603281982061e-02,
          -6.8486096917245887e-02, 1.1957625407991705e-01,
          1.3326025063071061e-02, 2.3061293912540061e-02,
          -5.0009148507478675e-03, -2.2935307526278847e-03,
          -1.7574818865586678e-03, -2.2980685615935852e-02,
          8.5457491798334478e-02, -1.7204681688899879e-03,
          2.5638024824062557e-02, -2.8907975703107536e-02,
          -3.9432331989798763e-04, 2.7178437402412386e-04,
          -3.2558881969058512e-03, -1.0353015148908096e-03,
          -1.3250235014185413e-03, -1.0860603281982061e-02,
          -1.7204681688899872e-03, 1.6034159593162237e-02,
          6.1423774506711827e-03, -2.5428518709159194e-02,
          3.4688801041551508e-03, 6.6080392531973247e-03,
          -9.2246669013294168e-03, -3.4857132916801354e-03,
          -2.1025418615309016e-03, -6.8486096917245887e-02,
          2.5638024824062553e-02, 6.1423774506711845e-03,
          1.2567418314452894e-01, -1.1120392456425399e-01,
          1.0808763050837026e-02, -1.5420237664031765e-02,
          3.4462003946422369e-02, 1.0081914516695925e-02,
          5.1903746878162078e-03, 1.1957625407991705e-01,
          -2.8907975703107540e-02, -2.5428518709159187e-02,
          -1.1120392456425399e-01, 2.7488457746797462e-01,
          -2.8731152576113538e-02, -1.5915534061540918e-03,
          -8.4126540824771363e-04, 9.3703705934301167e-04,
          -2.5171222549756514e-03, 1.3326025063071061e-02,
          -3.9432331989798719e-04, 3.4688801041551508e-03,
          1.0808763050837025e-02, -2.8731152576113545e-02,
          4.4300619987687737e-02, 2.0292758648157126e-02,
          5.8682207259714118e-03, 3.3161274855030391e-03,
          -4.0450780957430269e-03, 2.3061293912540061e-02,
          2.7178437402412386e-04, 6.6080392531973247e-03,
          -1.5420237664031769e-02, -1.5915534061540933e-03,
          2.0292758648157126e-02, 4.3393940429044056e-02 ]
intactC: !!opencv-matrix
   rows: 1
   cols: 5
   dt: d
   data: [ 7.9960511704690422e-03, 2.4509037698888046e-02,
       1.4329271148766087e-02, 1.9359299100786462e-02,
       1.7848955528062080e-03 ]
intactNumEvents: 22544.
intactMaxVals: !!opencv-matrix
   rows: 1
   cols: 10
   dt: d
   data: [ 4.5000000000000000e+00, 4.5000000000000000e+00,
       4.5000000000000000e+00, 4.5000000000000000e+00,
       4.5000000000000000e+00, 4.5000000000000000e+00,
       4.5000000000000000e+00, 4.5000000000000000e+00,
       4.5000000000000000e+00, 4.5000000000000000e+00 ]
CD19Gmmnames:
   - "CD19.Bln050.0"
   - "CD19.Bln050.1"
CD19Labels:
   - FSC-A
   - SSC-A
   - SY41
   - CD19
   - CD10
   - CD20
   - CD45
   - CD34
   - CD38
   - CD58
CD19Mu: !!opencv-matrix
   rows: 2
   cols: 10
   dt: d
   data: [ 9.7286606755819571e-01, 2.8474218837067267e-01,
       2.7836126109636607e+00, 9.6175548335277472e-01,
       1.0685864503275948e+00, 1.2380707368552326e+00,
       2.0454370844952670e+00, 1.0397016119613725e+00,
       1.9470452973677344e+00, 1.5798329716395241e+00,
       1.0418376609149003e+00, 3.0072153499413490e-01,
       2.7034007519744043e+00, 2.9841051050562903e+00,
       1.0907072343601127e+00, 3.3619130050552730e+00,
       2.4742431777277059e+00, 1.0582934831481949e+00,
       2.1511187971358736e+00, 1.1343426607336287e+00 ]
CD19Sigma:
   - !!opencv-matrix
      rows: 10
      cols: 10
      dt: d
      data: [ 1.1822535701786391e-01, 1.6610120598329552e-02,
          -3.5000107123727642e-02, 1.3799700707400688e-02,
          2.2251274495722444e-02, -6.6577186506206996e-03,
          4.0345615930189947e-02, 3.3098814415226007e-05,
          2.5254411356185554e-05, 4.1275225989961896e-02,
          1.6610120598329552e-02, 1.1932533220314703e-02,
          -3.0826661667109098e-03, 1.2419680710058468e-02,
          1.2800410830060494e-02, 5.9835891868443083e-04,
          -1.1093899176130920e-02, 5.6229882690138899e-03,
          -4.5728902789166212e-03, 3.4380450333401293e-02,
          -3.5000107123727642e-02, -3.0826661667109098e-03,
          5.6532938419739755e-02, 1.4681152984853778e-03,
          -2.7267069090857491e-03, 6.1661489070111508e-03,
          -1.3633023195034294e-02, 5.5305517606017160e-03,
          -8.9444304356848907e-04, 2.8332142874240612e-03,
          1.3799700707400688e-02, 1.2419680710058468e-02,
          1.4681152984853778e-03, 7.0920168995675423e-02,
          2.3587578725473651e-02, 2.2709599218509124e-02,
          -6.8030306698597931e-04, 1.2751414929021375e-02,
          1.8779167991742566e-02, 2.4094726008172720e-02,
          2.2251274495722444e-02, 1.2800410830060494e-02,
          -2.7267069090857491e-03, 2.3587578725473651e-02,
          5.7619450261583521e-02, 1.8000360213998569e-02,
          -1.4928561928500835e-02, 1.0179546237803700e-02,
          -3.9084088241521367e-03, 6.0209324952529765e-02,
          -6.6577186506206996e-03, 5.9835891868443083e-04,
          6.1661489070111508e-03, 2.2709599218509124e-02,
          1.8000360213998569e-02, 8.7304095817136967e-02,
          6.0457882007422387e-02, 1.5221044533840000e-02,
          5.6409282102599344e-02, -4.2680120767895763e-02,
          4.0345615930189947e-02, -1.1093899176130920e-02,
          -1.3633023195034294e-02, -6.8030306698597931e-04,
          -1.4928561928500835e-02, 6.0457882007422387e-02,
          4.2877985176537570e-01, -1.8433514430054889e-02,
          2.0876427478777917e-01, -1.7953639945635860e-01,
          3.3098814415226007e-05, 5.6229882690138899e-03,
          5.5305517606017160e-03, 1.2751414929021375e-02,
          1.0179546237803700e-02, 1.5221044533840000e-02,
          -1.8433514430054889e-02, 2.2248162434965718e-02,
          1.0665611949182625e-03, 8.4590260811933868e-03,
          2.5254411356185554e-05, -4.5728902789166212e-03,
          -8.9444304356848907e-04, 1.8779167991742566e-02,
          -3.9084088241521367e-03, 5.6409282102599344e-02,
          2.0876427478777917e-01, 1.0665611949182625e-03,
          3.6111777821616919e-01, -1.3201427902326268e-01,
          4.1275225989961896e-02, 3.4380450333401293e-02,
          2.8332142874240612e-03, 2.4094726008172720e-02,
          6.0209324952529765e-02, -4.2680120767895763e-02,
          -1.7953639945635860e-01, 8.4590260811933868e-03,
          -1.3201427902326268e-01, 2.6839794950460760e-01 ]
   - !!opencv-matrix
      rows: 10
      cols: 10
      dt: d
      data: [ 7.0450892328328768e-02, 1.3768234900329081e-02,
          -1.4062542673312894e-02, 1.4813418175813288e-02,
          1.5436138322673338e-02, 1.3837269828164295e-02,
          1.4109734544109446e-02, -8.6481008143772704e-04,
          3.6977460675292834e-03, 2.4147424795256365e-02,
          1.3768234900329081e-02, 8.0027457847820487e-03,
          -9.5184661542179914e-04, 7.0557288581232702e-03,
          7.1579016529835842e-03, 7.6096643282417857e-03,
          4.9911498309370009e-03, 1.7564671400347980e-03,
          4.4158644269285362e-03, 1.4236574450694980e-02,
          -1.4062542673312894e-02, -9.5184661542179892e-04,
          3.1861806341539602e-02, -1.7139055904764700e-03,
          1.1547527465241374e-03, 1.5136138785500780e-04,
          -1.3051316340248777e-03, 5.9294107942211849e-03,
          5.0202596202592476e-03, 4.2265064269770601e-03,
          1.4813418175813288e-02, 7.0557288581232702e-03,
          -1.7139055904764695e-03, 4.0086144262578401e-02,
          1.1297913705627152e-02, 2.4879696161206045e-02,
          1.2189962222146810e-02, 4.1715055306490965e-03,
          2.5154709510268904e-02, 8.6496469700185156e-03,
          1.5436138322673338e-02, 7.1579016529835842e-03,
          1.1547527465241379e-03, 1.1297913705627152e-02,
          5.6487152572806766e-02, 1.7673389468915758e-02,
          5.1893437083033378e-03, 3.6691989094704744e-03,
          1.9231369183627639e-02, 1.7414996673949946e-02,
          1.3837269828164295e-02, 7.6096643282417857e-03,
          1.5136138785500780e-04, 2.4879696161206045e-02,
          1.7673389468915758e-02, 4.7482945749796203e-02,
          1.6595014750259041e-02, 6.0523586975321690e-03,
          2.3209943249219871e-02, 9.7673665084822090e-03,
          1.4109734544109446e-02, 4.9911498309370009e-03,
          -1.3051316340248777e-03, 1.2189962222146810e-02,
          5.1893437083033378e-03, 1.6595014750259041e-02,
          1.9744068763178860e-02, 2.0704754025453291e-03,
          1.2492339519517831e-02, 4.8431455968938044e-03,
          -8.6481008143772704e-04, 1.7564671400347980e-03,
          5.9294107942211849e-03, 4.1715055306490965e-03,
          3.6691989094704744e-03, 6.0523586975321690e-03,
          2.0704754025453291e-03, 8.7867174725417534e-03,
          5.5338988614997801e-03, 4.1171338907061072e-03,
          3.6977460675292834e-03, 4.4158644269285362e-03,
          5.0202596202592476e-03, 2.5154709510268904e-02,
          1.9231369183627639e-02, 2.3209943249219871e-02,
          1.2492339519517837e-02, 5.5338988614997801e-03,
          1.3621259230499153e-01, -6.0634767269992303e-04,
          2.4147424795256365e-02, 1.4236574450694980e-02,
          4.2265064269770601e-03, 8.6496469700185156e-03,
          1.7414996673949943e-02, 9.7673665084822090e-03,
          4.8431455968938044e-03, 4.1171338907061072e-03,
          -6.0634767269992303e-04, 5.8662390069348001e-02 ]
CD19C: !!opencv-matrix
   rows: 1
   cols: 2
   dt: d
   data: [ 1.1304285505939470e-01, 4.2101068663745390e-02 ]
CD19NumEvents: 51451.
CD19MaxVals: !!opencv-matrix
   rows: 1
   cols: 10
   dt: d
   data: [ 4.5000000000000000e+00, 4.5000000000000000e+00,
       4.5000000000000000e+00, 4.5000000000000000e+00,
       4.5000000000000000e+00, 4.5000000000000000e+00,
       4.5000000000000000e+00, 4.5000000000000000e+00,
       4.5000000000000000e+00, 4.5000000000000000e+00 ]
blastGmmnames:
   - "blast.Bln050.0"
   - "blast.Bln050.1"
blastLabels:
   - FSC-A
   - SSC-A
   - SY41
   - CD19
   - CD10
   - CD20
   - CD45
   - CD34
   - CD38
   - CD58
blastMu: !!opencv-matrix
   rows: 2
   cols: 10
   dt: d
   data: [ 1.3210959379960276e+00, 2.9979917641580878e-01,
       2.6567243009289978e+00, 2.2088429175258160e+00,
       3.1489839607129295e+00, 2.6984773532467288e+00,
       1.7747982051672644e+00, 1.2694080403463284e+00,
       3.0402154907408430e+00, 1.9406425533641156e+00,
       1.1275082002105901e+00, 2.7505098800420830e-01,
       2.7132701562691759e+00, 2.3620507907700832e+00,
       3.2861335723445713e+00, 2.5448468932240589e+00,
       1.7782119228507611e+00, 1.3806059914620139e+00,
       3.1727642631084052e+00, 2.0645851954141565e+00 ]
blastSigma:
   - !!opencv-matrix
      rows: 10
      cols: 10
      dt: d
      data: [ 3.1470286190929703e-01, 2.6332995406429926e-02,
          -3.7508679991035174e-02, 9.8315326445249249e-02,
          5.4731610308448191e-02, 9.8532438709186640e-02,
          4.9294663114123956e-02, 3.0842200906514010e-02,
          6.6592937562173840e-02, 6.8947084912455464e-02,
          2.6332995406429926e-02, 1.6983735347083272e-02,
          1.5963123895683017e-02, 2.5960718054521451e-02,
          8.8575816807801421e-03, 2.8608890470784663e-02,
          2.0105364278772915e-02, 1.4179283245908999e-02,
          1.3927764546090082e-02, 2.1320007077887122e-02,
          -3.7508679991035174e-02, 1.5963123895683017e-02,
          1.0981852074246432e-01, 6.6247156310402580e-03,
          9.5146492209630291e-03, 2.0255040354966371e-02,
          3.0893618255320311e-02, 3.3803668240725539e-02,
          1.0043911704180029e-02, 2.8630479332164931e-02,
          9.8315326445249249e-02, 2.5960718054521451e-02,
          6.6247156310402563e-03, 2.2399270562959475e-01,
          5.1469407868683696e-02, 2.1976053636916920e-01,
          7.4362777615649231e-02, 3.7236877152807227e-02,
          7.6567555562225859e-02, 7.1420582090903198e-02,
          5.4731610308448191e-02, 8.8575816807801421e-03,
          9.5146492209630257e-03, 5.1469407868683696e-02,
          1.0160693788719868e-01, 4.3791959254932157e-02,
          2.6430016791145920e-02, 4.3284321767322075e-02,
          3.8968570931062922e-02, 3.8046152374061067e-02,
          9.8532438709186640e-02, 2.8608890470784663e-02,
          2.0255040354966371e-02, 2.1976053636916920e-01,
          4.3791959254932157e-02, 5.1064011455986691e-01,
          9.8003638034331736e-02, 2.7536816206523030e-02,
          5.7468095964326726e-02, 6.6893554001508010e-02,
          4.9294663114123956e-02, 2.0105364278772922e-02,
          3.0893618255320311e-02, 7.4362777615649231e-02,
          2.6430016791145920e-02, 9.8003638034331736e-02,
          8.0321548562292386e-02, 1.8168927218604629e-02,
          3.7750913530427151e-02, 4.8541748337770314e-02,
          3.0842200906514010e-02, 1.4179283245908999e-02,
          3.3803668240725539e-02, 3.7236877152807227e-02,
          4.3284321767322081e-02, 2.7536816206523037e-02,
          1.8168927218604622e-02, 1.0793162825043268e-01,
          2.5125249230498341e-02, 2.8581928106977971e-02,
          6.6592937562173826e-02, 1.3927764546090082e-02,
          1.0043911704180029e-02, 7.6567555562225872e-02,
          3.8968570931062922e-02, 5.7468095964326726e-02,
          3.7750913530427158e-02, 2.5125249230498345e-02,
          8.1193419256083824e-02, 5.7780563138705263e-02,
          6.8947084912455464e-02, 2.1320007077887122e-02,
          2.8630479332164931e-02, 7.1420582090903198e-02,
          3.8046152374061067e-02, 6.6893554001508010e-02,
          4.8541748337770314e-02, 2.8581928106977971e-02,
          5.7780563138705263e-02, 8.7545139738836708e-02 ]
   - !!opencv-matrix
      rows: 10
      cols: 10
      dt: d
      data: [ 6.8746158279477249e-02, 5.7791723692532928e-03,
          -2.3385975970911951e-02, 2.5122562730423036e-02,
          8.9459227131148296e-03, 2.9944095228158298e-02,
          4.6402200469749921e-03, 1.1045074759326690e-02,
          1.3106426479743825e-02, 1.3526837785784993e-02,
          5.7791723692532937e-03, 3.1976287078661265e-03,
          -2.7528400253186867e-03, 9.4997132346124943e-03,
          -2.1919785019017577e-04, 1.6682983868479880e-02,
          3.7410940679258754e-03, 1.3520255019724391e-03,
          4.1607381597573876e-03, 4.9733794778933343e-03,
          -2.3385975970911951e-02, -2.7528400253186858e-03,
          1.8128313348491611e-02, -1.1684916359249132e-02,
          -4.0302999448350021e-03, -1.9586454662325239e-02,
          -4.8028388599149745e-03, 1.8949039807794196e-03,
          -5.7589217614297189e-03, -4.7092979976303831e-03,
          2.5122562730423039e-02, 9.4997132346124943e-03,
          -1.1684916359249132e-02, 1.1733837573637523e-01,
          -1.0048109356725961e-03, 1.3108058966309966e-01,
          1.7348114682413901e-02, 2.0786506191853134e-02,
          2.2074586044587011e-02, 1.5583727268690338e-02,
          8.9459227131148331e-03, -2.1919785019017577e-04,
          -4.0302999448350038e-03, -1.0048109356725961e-03,
          6.5638396923973927e-02, -1.0966871568357102e-02,
          -3.0106729413745602e-03, 3.6574865752040775e-02,
          3.0871085770494563e-03, 2.7439644089585200e-03,
          2.9944095228158291e-02, 1.6682983868479880e-02,
          -1.9586454662325239e-02, 1.3108058966309966e-01,
          -1.0966871568357099e-02, 5.3643098383806065e-01,
          8.6061884061348362e-02, -4.4803852741418917e-02,
          1.2420203844327680e-02, 1.2526674049816467e-02,
          4.6402200469749921e-03, 3.7410940679258762e-03,
          -4.8028388599149737e-03, 1.7348114682413904e-02,
          -3.0106729413745593e-03, 8.6061884061348376e-02,
          5.3392466705700102e-02, -4.0588052299191969e-02,
          6.4504408688771135e-03, 4.8175937525743008e-03,
          1.1045074759326689e-02, 1.3520255019724397e-03,
          1.8949039807794196e-03, 2.0786506191853130e-02,
          3.6574865752040761e-02, -4.4803852741418917e-02,
          -4.0588052299191969e-02, 1.6738259269217967e-01,
          4.2687404156074643e-03, 7.5029418031298707e-03,
          1.3106426479743825e-02, 4.1607381597573868e-03,
          -5.7589217614297189e-03, 2.2074586044587011e-02,
          3.0871085770494571e-03, 1.2420203844327682e-02,
          6.4504408688771135e-03, 4.2687404156074643e-03,
          3.5477775553514515e-02, 1.3719007075308848e-02,
          1.3526837785784993e-02, 4.9733794778933343e-03,
          -4.7092979976303831e-03, 1.5583727268690339e-02,
          2.7439644089585213e-03, 1.2526674049816465e-02,
          4.8175937525743008e-03, 7.5029418031298690e-03,
          1.3719007075308851e-02, 2.5591697993760251e-02 ]
blastC: !!opencv-matrix
   rows: 1
   cols: 2
   dt: d
   data: [ 1.4980195063434520e-01, 6.2707557097079891e-01 ]
blastNumEvents: 257639.
blastMaxVals: !!opencv-matrix
   rows: 1
   cols: 10
   dt: d
   data: [ 4.5000000000000000e+00, 4.5000000000000000e+00,
       4.5000000000000000e+00, 4.5000000000000000e+00,
       4.5000000000000000e+00, 4.5000000000000000e+00,
       4.5000000000000000e+00, 4.5000000000000000e+00,
       4.5000000000000000e+00, 4.5000000000000000e+00 ]
