%YAML:1.0
---
groups:
   - intact
   - CD19
   - blast
intactGmmnames:
   - "intact.Bln050.0"
   - "intact.Bln050.1"
   - "intact.Bln050.2"
   - "intact.Bln050.3"
   - "intact.Bln050.4"
intactLabels:
   - FSC-A
   - SSC-A
   - SY41
   - CD19
   - CD10
   - CD20
   - CD45
   - CD34
   - CD38
   - CD58
intactMu: !!opencv-matrix
   rows: 5
   cols: 10
   dt: d
   data: [ 2.2574227677468701e+00, 1.2612381801873151e+00,
       2.8413649830640555e+00, 1.2758216864714194e+00,
       1.7731137581118628e+00, 1.7894191734030045e+00,
       1.6326337304702103e+00, 1.5844979501414653e+00,
       2.3280298984693544e+00, 2.2068728700450877e+00,
       1.2347979832262923e+00, 4.3902009384657681e-01,
       2.6347480816017623e+00, 6.4361813739625295e-01,
       1.0842277559872451e+00, 1.0728379000162904e+00,
       2.4748394323604654e+00, 9.8423764858165086e-01,
       2.2678123951214659e+00, 1.8599279838419485e+00,
       2.8598009525594508e+00, 3.0996343188057587e+00,
       2.8337915755527701e+00, 1.0362317185776753e+00,
       1.9026053932120994e+00, 1.1989172902282215e+00,
       2.1062852934221490e+00, 1.2014539697362316e+00,
       2.5032202727188455e+00, 2.3678229148941328e+00,
       9.8092292641229706e-01, 4.9630684052927970e-01,
       2.9719781597728852e+00, 6.5409396031910638e-01,
       1.1956645038207294e+00, 1.0026828115586619e+00,
       9.1652343023650507e-01, 1.1099484198676364e+00,
       1.4760369803784059e+00, 2.4095139533553387e+00,
       1.2805612765115195e+00, 2.8833919131147806e-01,
       2.7186207264204367e+00, 2.4886744530911944e+00,
       3.3796507239339451e+00, 4.9431454087878529e-01,
       1.2101749983943557e+00, 2.6665363746221358e+00,
       3.1960342026982458e+00, 2.1419393331095922e+00 ]
intactSigma:
   - !!opencv-matrix
      rows: 10
      cols: 10
      dt: d
      data: [ 8.9607900441673616e-01, 4.2764625249760352e-01,
          9.1908135969579648e-03, 2.2257538435652147e-01,
          1.9662215132508776e-01, 1.8322453636386671e-01,
          8.6377970512539440e-02, 1.3467925054812291e-01,
          1.4792430500522283e-01, 1.1107758755283986e-01,
          4.2764625249760357e-01, 6.2865151532399022e-01,
          4.0913470209636989e-02, 1.9540552975348977e-01,
          2.0150079624606090e-01, 1.5453502246445688e-01,
          1.2338285802958834e-01, 5.2450273718560377e-02,
          2.0034330284730620e-01, 7.8295860076114498e-02,
          9.1908135969579613e-03, 4.0913470209636982e-02,
          2.1709192941643093e-01, 1.6878483126430453e-02,
          5.7112951771155225e-02, -2.7236842400223593e-03,
          8.9639585087684687e-02, -2.0302768686815718e-02,
          8.4434895224867551e-02, 8.4968471889996469e-02,
          2.2257538435652147e-01, 1.9540552975348979e-01,
          1.6878483126430453e-02, 4.4252217967920787e-01,
          3.0930543598239096e-01, 3.4384392796790358e-01,
          8.8109236252971637e-02, 1.5005434199804504e-01,
          2.2136194742700363e-01, 7.8310165289652262e-02,
          1.9662215132508776e-01, 2.0150079624606090e-01,
          5.7112951771155225e-02, 3.0930543598239096e-01,
          4.9046215418842476e-01, 3.1094015373314571e-01,
          1.0640151141211651e-01, 1.2900251271310428e-01,
          2.5315265017364014e-01, 1.1212604476738958e-01,
          1.8322453636386671e-01, 1.5453502246445688e-01,
          -2.7236842400223571e-03, 3.4384392796790358e-01,
          3.1094015373314571e-01, 4.7389923273866280e-01,
          7.5837222525377265e-02, 1.6806704465666475e-01,
          2.0166990118285011e-01, 5.4396115818606768e-02,
          8.6377970512539440e-02, 1.2338285802958836e-01,
          8.9639585087684687e-02, 8.8109236252971637e-02,
          1.0640151141211651e-01, 7.5837222525377265e-02,
          3.4323228066249001e-01, -1.5785161356560069e-02,
          2.0835983250735557e-01, 3.4684592504324908e-02,
          1.3467925054812291e-01, 5.2450273718560377e-02,
          -2.0302768686815718e-02, 1.5005434199804502e-01,
          1.2900251271310428e-01, 1.6806704465666475e-01,
          -1.5785161356560069e-02, 2.0415120339907514e-01,
          8.0662132827150915e-02, 5.3826918232171533e-02,
          1.4792430500522277e-01, 2.0034330284730620e-01,
          8.4434895224867551e-02, 2.2136194742700363e-01,
          2.5315265017364014e-01, 2.0166990118285011e-01,
          2.0835983250735557e-01, 8.0662132827150915e-02,
          4.6888208770907208e-01, 1.2653805438732615e-01,
          1.1107758755283986e-01, 7.8295860076114498e-02,
          8.4968471889996469e-02, 7.8310165289652262e-02,
          1.1212604476738958e-01, 5.4396115818606761e-02,
          3.4684592504324915e-02, 5.3826918232171540e-02,
          1.2653805438732615e-01, 2.0452950101512751e-01 ]
   - !!opencv-matrix
      rows: 10
      cols: 10
      dt: d
      data: [ 6.9093552968031699e-02, 1.0812407546635082e-02,
          -1.4707338075112727e-02, 1.1725914238896061e-02,
          7.7271249103409659e-03, -1.8702461651174489e-02,
          9.9069446558126082e-03, -7.4103268948452639e-03,
          6.6301013666775106e-03, 3.7940580720633915e-02,
          1.0812407546635084e-02, 1.5289284246713978e-02,
          -6.3141453532358678e-03, 1.3516684618146115e-02,
          3.7614110614307594e-03, -1.1152542887617476e-02,
          8.7821097298190712e-03, -3.5215304308483081e-03,
          4.1349510622903415e-02, 2.6442706362466130e-02,
          -1.4707338075112727e-02, -6.3141453532358678e-03,
          3.1289113849940063e-02, -6.0974694766735707e-03,
          1.6206425028018976e-03, 1.2237400739839609e-02,
          -2.1209047454281834e-03, 5.7431345716687423e-03,
          -1.7568434162008616e-02, -1.0061852632361970e-02,
          1.1725914238896061e-02, 1.3516684618146115e-02,
          -6.0974694766735707e-03, 2.9417988081109108e-02,
          5.4195774080099167e-03, -9.7499384612007370e-03,
          7.9777983216771618e-03, -4.6162699523929502e-03,
          3.2561690899532134e-02, 2.6370933505067088e-02,
          7.7271249103409651e-03, 3.7614110614307603e-03,
          1.6206425028018974e-03, 5.4195774080099167e-03,
          3.7496213428081397e-02, 8.1882881573272226e-03,
          6.2173432695482658e-03, 2.7697725685213201e-05,
          -1.8473913012989677e-02, 3.5026821034556885e-02,
          -1.8702461651174489e-02, -1.1152542887617476e-02,
          1.2237400739839609e-02, -9.7499384612007370e-03,
          8.1882881573272226e-03, 4.6873786414347092e-02,
          -3.7811996601843341e-03, 6.2595534704330347e-03,
          -3.2405872873076086e-02, -2.1209346604742493e-02,
          9.9069446558126082e-03, 8.7821097298190712e-03,
          -2.1209047454281834e-03, 7.9777983216771601e-03,
          6.2173432695482641e-03, -3.7811996601843328e-03,
          2.5713032138534667e-02, -1.6491620913856328e-03,
          3.3716193635151728e-02, 1.6796973332015831e-02,
          -7.4103268948452639e-03, -3.5215304308483086e-03,
          5.7431345716687423e-03, -4.6162699523929502e-03,
          2.7697725685213119e-05, 6.2595534704330364e-03,
          -1.6491620913856324e-03, 6.4861534255020135e-03,
          -1.0098367734916968e-02, -7.4489325299126642e-03,
          6.6301013666775124e-03, 4.1349510622903415e-02,
          -1.7568434162008623e-02, 3.2561690899532134e-02,
          -1.8473913012989677e-02, -3.2405872873076086e-02,
          3.3716193635151728e-02, -1.0098367734916971e-02,
          5.6736373761053649e-01, 9.5067654767481535e-03,
          3.7940580720633915e-02, 2.6442706362466133e-02,
          -1.0061852632361970e-02, 2.6370933505067088e-02,
          3.5026821034556885e-02, -2.1209346604742493e-02,
          1.6796973332015831e-02, -7.4489325299126642e-03,
          9.5067654767481569e-03, 1.3646357977537474e-01 ]
   - !!opencv-matrix
      rows: 10
      cols: 10
      dt: d
