%YAML:1.0
---
groups:
   - intact
   - CD19
   - blast
intactGmmnames:
   - "intact.Bln044.0"
   - "intact.Bln044.1"
   - "intact.Bln044.2"
   - "intact.Bln044.3"
   - "intact.Bln044.4"
intactLabels:
   - FSC-A
   - SSC-A
   - SY41
   - CD19
   - CD10
   - CD20
   - CD45
   - CD34
   - CD38
   - CD58
intactMu: !!opencv-matrix
   rows: 5
   cols: 10
   dt: d
   data: [ 9.7299648271885009e-01, 2.1322528293496537e-01,
       2.9000536438121109e+00, 6.7332283571531648e-01,
       8.7439043802281957e-01, 9.7863839272482267e-01,
       2.1107284875921533e+00, 9.6279435338855657e-01,
       2.3543599165384865e+00, 1.0139907968602819e+00,
       1.6790780885863943e+00, 1.0098192285904575e+00,
       3.2140955161276450e+00, 6.8274236689745338e-01,
       1.1001046873981013e+00, 1.0305865027315306e+00,
       1.0143402171495111e+00, 1.2513500734631124e+00,
       2.1070152832554689e+00, 2.8577199165872402e+00,
       9.0515028640067952e-01, 5.1011809145999898e-01,
       2.9532425040726968e+00, 6.2877664519780441e-01,
       8.7115056991301043e-01, 9.9147216916166558e-01,
       8.4336322930871488e-01, 1.0852189585209331e+00,
       1.4296678887511758e+00, 2.5486997923416106e+00,
       1.1503640958134826e+00, 3.6821049246410770e-01,
       2.7770091863154853e+00, 6.5626306112022015e-01,
       8.7030737476961084e-01, 9.8742292014072963e-01,
       2.1171678908076403e+00, 9.5896177991541109e-01,
       1.9391663933628065e+00, 1.6132397178957845e+00,
       2.4404378995606764e+00, 2.3452047722677873e+00,
       2.9215672280021523e+00, 9.7801122259836126e-01,
       1.6195756131210139e+00, 1.2380875990068934e+00,
       1.8562717128350630e+00, 1.3199455172629198e+00,
       2.6482051729044680e+00, 2.2182978885221054e+00 ]
intactSigma:
   - !!opencv-matrix
      rows: 10
      cols: 10
      dt: d
      data: [ 8.4461264325211560e-02, 1.1563054310175425e-03,
          -2.3980099951897631e-02, -2.1377075493073296e-03,
          8.7894335389082360e-05, -2.5198877941827800e-03,
          3.5223449406879188e-03, -5.5258444843496327e-03,
          3.7885387589559395e-03, -1.0574361869440663e-03,
          1.1563054310175425e-03, 1.4998324566258790e-03,
          6.6760873182978989e-04, 8.0307946841041175e-04,
          5.1326392801766068e-04, 2.1577755319372990e-04,
          1.0502421535016010e-03, 6.4451100823912819e-04,
          -4.5780124621627467e-03, 2.0760167400752606e-03,
          -2.3980099951897631e-02, 6.6760873182978989e-04,
          5.3152690201508139e-02, 3.3408219539956207e-03,
          1.5952250194909679e-03, 2.0374825156334779e-03,
          6.0708939217619107e-03, 4.6629231594545375e-03,
          -9.2882201167779311e-04, 5.9347182643185187e-03,
          -2.1377075493073288e-03, 8.0307946841041175e-04,
          3.3408219539956215e-03, 3.9314660100529294e-02,
          7.9894101802520747e-04, -4.0400566124918413e-04,
          1.2942720884399860e-03, -4.0654790120966722e-04,
          -2.3270598597769482e-03, 2.4996006512916754e-03,
          8.7894335389082442e-05, 5.1326392801766057e-04,
          1.5952250194909679e-03, 7.9894101802520747e-04,
          5.5856215969510049e-03, 1.8881969368052032e-04,
          1.1530479948616951e-03, 3.9188981413443991e-04,
          -2.0706501750923094e-03, 7.9801831803640011e-04,
          -2.5198877941827800e-03, 2.1577755319372982e-04,
          2.0374825156334775e-03, -4.0400566124918397e-04,
          1.8881969368052032e-04, 6.6946694432198682e-03,
          2.3331440936536242e-04, 4.9935936999269393e-04,
          -1.7179154208456350e-03, 6.9718797448782598e-04,
          3.5223449406879188e-03, 1.0502421535016010e-03,
          6.0708939217619098e-03, 1.2942720884399858e-03,
          1.1530479948616953e-03, 2.3331440936536247e-04,
          1.0475360518367276e-02, 8.1247096601763365e-04,
          -8.5657219798654263e-04, 1.6262803817334553e-03,
          -5.5258444843496344e-03, 6.4451100823912819e-04,
          4.6629231594545375e-03, -4.0654790120966733e-04,
          3.9188981413443991e-04, 4.9935936999269393e-04,
          8.1247096601763365e-04, 4.1860162006799205e-03,
          -2.4859867152234837e-03, 2.3326534205082702e-03,
          3.7885387589559373e-03, -4.5780124621627467e-03,
          -9.2882201167779257e-04, -2.3270598597769487e-03,
          -2.0706501750923094e-03, -1.7179154208456357e-03,
          -8.5657219798654328e-04, -2.4859867152234837e-03,
          1.7621545713264636e-01, -1.2421180223924001e-02,
          -1.0574361869440658e-03, 2.0760167400752606e-03,
          5.9347182643185205e-03, 2.4996006512916758e-03,
          7.9801831803640022e-04, 6.9718797448782577e-04,
          1.6262803817334553e-03, 2.3326534205082702e-03,
          -1.2421180223924005e-02, 1.2457575990349797e-02 ]
   - !!opencv-matrix
      rows: 10
      cols: 10
      dt: d
      data: [ 5.3107840903632619e-01, 2.4507397188188468e-01,
          7.4260557605285354e-02, 4.9674588477846933e-03,
          3.0935756052073854e-02, 1.1637290539830951e-02,
          3.3436379017097992e-02, 6.2844169251191809e-02,
          8.9435032651984006e-02, 9.5543915865646714e-02,
          2.4507397188188468e-01, 1.6348630303444991e-01,
          4.9756300802366191e-02, 4.3192168458563232e-03,
          2.1365223389219704e-02, 1.0105687540681165e-02,
          2.3684163148383581e-02, 4.4335271834690139e-02,
          7.2819288155648809e-02, 5.8961316689935192e-02,
          7.4260557605285354e-02, 4.9756300802366177e-02,
          4.6080610297719427e-02, 3.3589650360762078e-03,
          4.2561991671718601e-03, 5.6953533299607265e-03,
          1.6162699649271823e-02, 2.1308572514965800e-02,
          2.6080578992635748e-02, 2.5051481506586551e-02,
          4.9674588477846950e-03, 4.3192168458563241e-03,
          3.3589650360762091e-03, 8.1037545948836179e-02,
          9.2936487451672142e-03, 6.8982288620786987e-04,
          4.4037482507570903e-03, -2.3211211096083313e-03,
          9.2552842741162634e-03, -6.7677637353086658e-05,
          3.0935756052073854e-02, 2.1365223389219704e-02,
          4.2561991671718601e-03, 9.2936487451672142e-03,
          1.3996028372829752e-01, 3.3674168298471778e-03,
          6.7511068619440645e-04, 4.4529474572014968e-03,
          3.7115561116286278e-02, 3.8481774966486614e-03,
          1.1637290539830947e-02, 1.0105687540681165e-02,
          5.6953533299607265e-03, 6.8982288620786922e-04,
          3.3674168298471778e-03, 9.3496700106431765e-03,
          3.4962462440277869e-03, 5.3938494896853565e-03,
          9.3918946484005117e-03, 2.9148252620125052e-03,
          3.3436379017097992e-02, 2.3684163148383584e-02,
          1.6162699649271823e-02, 4.4037482507570903e-03,
          6.7511068619440602e-04, 3.4962462440277869e-03,
          1.0877352276731639e-01, -6.4453059563182428e-04,
          5.6119386587466673e-02, -1.7834310849855511e-02,
          6.2844169251191795e-02, 4.4335271834690146e-02,
          2.1308572514965800e-02, -2.3211211096083313e-03,
          4.4529474572014976e-03, 5.3938494896853565e-03,
          -6.4453059563182482e-04, 2.8362150463062549e-02,
          2.1660427787232678e-02, 2.1410582790134868e-02,
          8.9435032651983992e-02, 7.2819288155648809e-02,
          2.6080578992635748e-02, 9.2552842741162669e-03,
          3.7115561116286278e-02, 9.3918946484005117e-03,
          5.6119386587466673e-02, 2.1660427787232678e-02,
          2.2241382686990346e-01, 1.5110727294502519e-02,
          9.5543915865646714e-02, 5.8961316689935192e-02,
          2.5051481506586551e-02, -6.7677637353086130e-05,
          3.8481774966486614e-03, 2.9148252620125052e-03,
          -1.7834310849855511e-02, 2.1410582790134868e-02,
          1.5110727294502519e-02, 4.0637224001327056e-02 ]
   - !!opencv-matrix
      rows: 10
      cols: 10
      dt: d
