%YAML:1.0
---
groups:
   - intact
   - CD19
   - blast
intactGmmnames:
   - "intact.Bln035.0"
   - "intact.Bln035.1"
   - "intact.Bln035.2"
   - "intact.Bln035.3"
   - "intact.Bln035.4"
intactLabels:
   - FSC-A
   - SSC-A
   - SY41
   - CD19
   - CD10
   - CD20
   - CD45
   - CD34
   - CD38
   - CD58
intactMu: !!opencv-matrix
   rows: 5
   cols: 10
   dt: d
   data: [ 2.7277247191078744e+00, 3.0032185863905938e+00,
       2.2475684399802627e+00, 1.1582783969700732e+00,
       2.1898363567877621e+00, 1.2320700483027658e+00,
       1.9403369735352369e+00, 1.4324194393379632e+00,
       2.6943494746296608e+00, 2.2328003282056192e+00,
       1.1078719664221763e+00, 3.1225815403088802e-01,
       2.2304811438559402e+00, 8.7000987358459614e-01,
       1.0381499835197294e+00, 9.8958337610750435e-01,
       2.4160427617474611e+00, 9.2534722928180690e-01,
       2.3835732015741593e+00, 1.5514229222300404e+00,
       2.2928167321227968e+00, 1.3988843104948638e+00,
       2.3296479028423396e+00, 1.2340870544171338e+00,
       1.5185431999582952e+00, 1.3417688090154083e+00,
       1.9194909164959044e+00, 1.5996147469080533e+00,
       2.7905808429319272e+00, 2.1488999747010200e+00,
       1.0586072798520609e+00, 4.7443630252898544e-01,
       2.3465487132051517e+00, 8.8056746845681055e-01,
       1.4197995404220174e+00, 1.0282733427101161e+00,
       8.4887332103221091e-01, 1.2463389686045421e+00,
       2.3582791360295055e+00, 2.4686811320413895e+00,
       2.7737203200411087e+00, 3.2554101642603674e+00,
       2.1602027039747176e+00, 1.2248376309598206e+00,
       2.5785951323571563e+00, 1.1976771570731637e+00,
       2.1614184123566718e+00, 1.4850762343923116e+00,
       2.7356626483924611e+00, 2.3741711681575919e+00 ]
intactSigma:
   - !!opencv-matrix
      rows: 10
      cols: 10
      dt: d
      data: [ 3.5910960574283851e-01, 1.5719910266374246e-01,
          1.0678739332253875e-02, 1.1420406490900967e-02,
          -3.3849274512526069e-02, 1.7326082203312464e-02,
          1.5696571512915768e-02, 3.5830947598329305e-02,
          4.2002250668699739e-02, 1.8248179207454529e-02,
          1.5719910266374243e-01, 3.4159542489007372e-01,
          -2.6516395419247548e-05, 2.5866722218808775e-02,
          4.8368214920419601e-02, 1.9901331729616233e-02,
          2.9047795457778934e-02, 4.1968903237031827e-02,
          3.0508938290127800e-02, 3.6234926559441868e-02,
          1.0678739332253875e-02, -2.6516395419248168e-05,
          6.7990540206525271e-02, 2.2492337230482721e-02,
          6.5062908796123566e-03, 2.8352806174834544e-02,
          -1.7797240269266717e-03, 3.3399087624216783e-02,
          3.6844358593581331e-02, 1.3344379817095808e-02,
          1.1420406490900972e-02, 2.5866722218808775e-02,
          2.2492337230482721e-02, 9.6487952134330687e-02,
          3.2880501003136386e-02, 1.4468892875119278e-02,
          9.5664674042923378e-03, 1.8168259757714186e-02,
          1.8850565708555405e-02, 1.1022148205224342e-02,
          -3.3849274512526069e-02, 4.8368214920419594e-02,
          6.5062908796123540e-03, 3.2880501003136386e-02,
          2.0639116302780758e-01, 1.1173644150759139e-02,
          3.7133424689574979e-02, 2.3614978572987225e-02,
          -1.7299592289534590e-02, 1.1163821287496382e-02,
          1.7326082203312464e-02, 1.9901331729616233e-02,
          2.8352806174834544e-02, 1.4468892875119278e-02,
          1.1173644150759139e-02, 3.3442026894106698e-02,
          -1.7451174872297882e-04, 2.4797550464443711e-02,
          2.0607949035924073e-02, 7.2321969887002213e-03,
          1.5696571512915768e-02, 2.9047795457778938e-02,
          -1.7797240269266717e-03, 9.5664674042923396e-03,
          3.7133424689574986e-02, -1.7451174872297896e-04,
          3.9158356693040373e-02, 1.4597809980249501e-02,
          2.5733156483144491e-03, 1.5458287545932812e-02,
          3.5830947598329298e-02, 4.1968903237031827e-02,
          3.3399087624216783e-02, 1.8168259757714189e-02,
          2.3614978572987225e-02, 2.4797550464443711e-02,
          1.4597809980249501e-02, 6.0481230793636508e-02,
          3.0431321047831333e-02, 1.7991689993069476e-02,
          4.2002250668699739e-02, 3.0508938290127803e-02,
          3.6844358593581324e-02, 1.8850565708555405e-02,
          -1.7299592289534593e-02, 2.0607949035924073e-02,
          2.5733156483144478e-03, 3.0431321047831326e-02,
          6.6899937266113763e-02, 2.1298718700751878e-02,
          1.8248179207454529e-02, 3.6234926559441875e-02,
          1.3344379817095804e-02, 1.1022148205224345e-02,
          1.1163821287496382e-02, 7.2321969887002213e-03,
          1.5458287545932810e-02, 1.7991689993069476e-02,
          2.1298718700751878e-02, 2.9792820576663746e-02 ]
   - !!opencv-matrix
      rows: 10
      cols: 10
      dt: d
      data: [ 1.0217033419473401e-01, 1.3984160310383907e-02,
          -1.1099812141649271e-02, -2.7683238285290384e-03,
          -1.3569286368391616e-03, -8.9376271814370148e-03,
          1.1150636449178540e-02, -2.0395925019157671e-02,
          -2.3936435641336011e-02, 3.8695033068253136e-02,
          1.3984160310383903e-02, 1.4721421879976982e-02,
          -2.6223782523240023e-03, 1.5909417426473007e-03,
          -8.7117952400124282e-04, -4.0575402642842266e-03,
          7.3556444060883909e-03, -4.8885908720797764e-03,
          9.3501445732767537e-03, 3.3464561987780583e-02,
          -1.1099812141649271e-02, -2.6223782523240023e-03,
          1.8771159415703852e-02, 2.6798524472764827e-03,
          1.0885854274520436e-03, 4.8818693471004088e-03,
          3.4114634177784355e-03, 1.1784687976024694e-02,
          -5.8259512238656094e-04, -4.1375374272166797e-03,
          -2.7683238285290393e-03, 1.5909417426473009e-03,
          2.6798524472764827e-03, 6.0637543556054017e-02,
          4.5691039517904876e-04, -1.7044345173913684e-03,
          2.0632700450678755e-03, -3.2170675433731673e-03,
          1.9166365235547215e-02, -1.2098165426727382e-03,
          -1.3569286368391616e-03, -8.7117952400124303e-04,
          1.0885854274520431e-03, 4.5691039517904876e-04,
          3.0840833605304359e-03, 6.1979339721246246e-04,
          6.3183232323988053e-04, 6.3629262968031884e-04,
          4.2743440959245290e-03, -8.1515383169666420e-03,
          -8.9376271814370148e-03, -4.0575402642842266e-03,
          4.8818693471004097e-03, -1.7044345173913688e-03,
          6.1979339721246246e-04, 1.7684106315251427e-02,
          -1.9154454461631110e-03, 9.3403415051554924e-03,
          -2.8241911356293930e-02, -5.2675212110910672e-03,
          1.1150636449178538e-02, 7.3556444060883909e-03,
          3.4114634177784368e-03, 2.0632700450678755e-03,
          6.3183232323988053e-04, -1.9154454461631110e-03,
          1.7308509687303110e-02, -1.3990366322459765e-03,
          1.5201913593050143e-02, 1.3408175768371784e-02,
          -2.0395925019157667e-02, -4.8885908720797764e-03,
          1.1784687976024694e-02, -3.2170675433731673e-03,
          6.3629262968031884e-04, 9.3403415051554924e-03,
          -1.3990366322459760e-03, 3.7376834660561555e-02,
          -2.8441941201107178e-02, -2.6869663053484764e-03,
          -2.3936435641336004e-02, 9.3501445732767554e-03,
          -5.8259512238656062e-04, 1.9166365235547208e-02,
          4.2743440959245290e-03, -2.8241911356293930e-02,
          1.5201913593050143e-02, -2.8441941201107185e-02,
          5.1535136979709006e-01, -7.8703639681353743e-02,
          3.8695033068253136e-02, 3.3464561987780583e-02,
          -4.1375374272166789e-03, -1.2098165426727391e-03,
          -8.1515383169666420e-03, -5.2675212110910672e-03,
          1.3408175768371784e-02, -2.6869663053484772e-03,
          -7.8703639681353771e-02, 1.8026523540521147e-01 ]
   - !!opencv-matrix
      rows: 10
      cols: 10
      dt: d
