%YAML:1.0
---
groups:
   - intact
   - CD19
   - blast
intactGmmnames:
   - "intact.Bue075.0"
   - "intact.Bue075.1"
   - "intact.Bue075.2"
   - "intact.Bue075.3"
   - "intact.Bue075.4"
intactLabels:
   - FSC-A
   - SSC-A
   - SY41
   - CD19
   - CD10
   - CD20
   - CD45
   - CD34
   - CD38
   - CD58
intactMu: !!opencv-matrix
   rows: 5
   cols: 10
   dt: d
   data: [ 7.8585799328923622e-01, 2.2510537493760954e-01,
       2.8226395995508815e+00, 9.2549926688631179e-01,
       8.1791213868916213e-01, 9.1293260145988153e-01,
       1.5712500571966415e+00, 1.2004599614169233e+00,
       1.4059961058801107e+00, 2.6869860827476404e+00,
       1.1856491256654327e+00, 2.3535290808309650e-01,
       2.9014272757714519e+00, 9.4630065460093249e-01,
       8.1246465171270998e-01, 9.8881142790087573e-01,
       3.3166892050174752e+00, 1.1909447033225153e+00,
       2.3809962929817852e+00, 1.6516324021177340e+00,
       1.8633989898618795e+00, 9.3779977244719748e-01,
       3.1267886628186332e+00, 1.0693738944670146e+00,
       1.0084112443658335e+00, 1.2858125518000767e+00,
       2.5615180153184842e+00, 1.7036073927585065e+00,
       2.5708714126377692e+00, 2.5517165519946352e+00,
       1.2853737516008796e+00, 3.9386523504526438e-01,
       3.0991158258804168e+00, 9.6634322245716031e-01,
       8.8228321296993950e-01, 1.0089211075786482e+00,
       1.8226512452788741e+00, 1.4019193396553309e+00,
       1.6007286007587724e+00, 2.8663777121548635e+00,
       2.0727703877742956e+00, 2.6353808800535208e+00,
       2.8602486275946215e+00, 1.0574215935011604e+00,
       2.0072934289606676e+00, 1.3145129517861511e+00,
       2.9386950381908243e+00, 1.6453443211476313e+00,
       2.2481054609880937e+00, 2.6533782830667136e+00 ]
intactSigma:
   - !!opencv-matrix
      rows: 10
      cols: 10
      dt: d
      data: [ 6.5583862320145580e-03, 2.2928012582346066e-03,
          9.8921348728678196e-04, -1.8964037870855175e-04,
          5.5659486354364615e-05, 2.4422241700346597e-05,
          1.4684738451037033e-03, -4.0865109212384328e-04,
          1.6223854729846842e-03, 3.1394013145273369e-03,
          2.2928012582346070e-03, 2.5296393433118032e-03,
          9.8604911896487454e-04, -6.7896779930135242e-06,
          2.7583901710366793e-04, 2.5533445926286756e-04,
          1.0024352739942109e-03, 4.4911340946276915e-04,
          1.2565651596602337e-03, 3.1314414671683444e-03,
          9.8921348728678196e-04, 9.8604911896487475e-04,
          1.0484347641576458e-02, 7.0345071698628422e-06,
          4.4824883363480571e-04, 1.3837207115489738e-03,
          2.5147271478486171e-03, 2.8955770745066759e-03,
          1.2213616262145405e-03, 2.1269908725436394e-03,
          -1.8964037870855199e-04, -6.7896779930135208e-06,
          7.0345071698629015e-06, 2.0454749730891068e-02,
          4.0468314924440002e-04, -1.4534720742013982e-03,
          9.8762790685893089e-05, -9.1846290691379555e-03,
          1.3348884403916681e-04, 1.6424375261388946e-04,
          5.5659486354364717e-05, 2.7583901710366804e-04,
          4.4824883363480598e-04, 4.0468314924439964e-04,
          3.1990967987308806e-02, 7.7729929696923128e-04,
          1.8299197480750387e-03, -3.7152745607003743e-03,
          2.7034976969704668e-04, -2.5748257650082561e-04,
          2.4422241700346665e-05, 2.5533445926286750e-04,
          1.3837207115489738e-03, -1.4534720742013982e-03,
          7.7729929696923063e-04, 6.0602593256863194e-02,
          1.5837805040313803e-03, -8.2422451880076854e-04,
          -1.8149257308972837e-03, 1.0791360971875992e-03,
          1.4684738451037037e-03, 1.0024352739942107e-03,
          2.5147271478486171e-03, 9.8762790685893022e-05,
          1.8299197480750394e-03, 1.5837805040313795e-03,
          3.0700728229743936e-02, 2.9925544231589538e-03,
          6.6024596169013069e-04, 2.1566836177185834e-04,
          -4.0865109212384360e-04, 4.4911340946276931e-04,
          2.8955770745066759e-03, -9.1846290691379520e-03,
          -3.7152745607003735e-03, -8.2422451880076876e-04,
          2.9925544231589538e-03, 3.9786398992994514e-02,
          9.1912534625518871e-04, 1.1854111379826411e-03,
          1.6223854729846847e-03, 1.2565651596602337e-03,
          1.2213616262145403e-03, 1.3348884403916679e-04,
          2.7034976969704652e-04, -1.8149257308972837e-03,
          6.6024596169013069e-04, 9.1912534625518925e-04,
          8.3828856761440328e-03, 2.8221777301154849e-03,
          3.1394013145273378e-03, 3.1314414671683444e-03,
          2.1269908725436394e-03, 1.6424375261388948e-04,
          -2.5748257650082571e-04, 1.0791360971875992e-03,
          2.1566836177185821e-04, 1.1854111379826409e-03,
          2.8221777301154849e-03, 1.2966773853619783e-02 ]
   - !!opencv-matrix
      rows: 10
      cols: 10
      dt: d
      data: [ 3.2725998005621253e-02, 1.3373242341377468e-02,
          3.2432731085318455e-03, 2.1095159451683395e-04,
          -9.4304466595246741e-04, -3.8878437678506257e-03,
          1.5226687905336942e-02, -1.9893876957784797e-02,
          1.3253238458876814e-02, 4.9454788692993482e-02,
          1.3373242341377468e-02, 1.0129987826708580e-02,
          6.5048675866496324e-04, 2.8748372393530629e-04,
          1.8002551459109765e-04, -1.4992860070317767e-03,
          9.9466071420251882e-03, -1.1050274708681000e-02,
          8.7409072567416410e-03, 4.1385782916355425e-02,
          3.2432731085318446e-03, 6.5048675866496346e-04,
          7.4193236076808052e-03, 1.7111038531160798e-04,
          1.0390832972029886e-04, 2.6109821357405295e-04,
          1.0381752358202797e-03, 2.7170799102618163e-03,
          -4.1031210291447191e-03, -4.5750019177096912e-04,
          2.1095159451683384e-04, 2.8748372393530629e-04,
          1.7111038531160807e-04, 2.4557319092613782e-02,
          3.8018936554861261e-04, -2.0886047198521436e-03,
          2.2573406548994274e-05, -7.5377445494432945e-03,
          2.1071989097982552e-03, 1.7445036216452677e-03,
          -9.4304466595246709e-04, 1.8002551459109760e-04,
          1.0390832972029882e-04, 3.8018936554861234e-04,
          2.1989862164613544e-02, 8.4581710193145905e-04,
          -2.2606571388912160e-04, -1.0337749325329188e-03,
          -2.0954532246560834e-03, 1.3826626185435423e-03,
          -3.8878437678506257e-03, -1.4992860070317765e-03,
          2.6109821357405295e-04, -2.0886047198521436e-03,
          8.4581710193145905e-04, 1.1782991483799921e-01,
          -2.1303101665118311e-03, 3.8803153206647570e-03,
          -3.3846664565330246e-03, -2.5524131947785096e-03,
          1.5226687905336945e-02, 9.9466071420251882e-03,
          1.0381752358202794e-03, 2.2573406548994447e-05,
          -2.2606571388912168e-04, -2.1303101665118311e-03,
          1.9871144771337147e-02, -1.3728493081433521e-02,
          9.7467201064645754e-03, 3.7378389798686934e-02,
          -1.9893876957784801e-02, -1.1050274708681000e-02,
          2.7170799102618163e-03, -7.5377445494432945e-03,
          -1.0337749325329193e-03, 3.8803153206647570e-03,
          -1.3728493081433519e-02, 6.0658473163914893e-02,
          -2.8032551989974890e-02, -3.6041203550433991e-02,
          1.3253238458876814e-02, 8.7409072567416410e-03,
          -4.1031210291447183e-03, 2.1071989097982548e-03,
          -2.0954532246560825e-03, -3.3846664565330229e-03,
          9.7467201064645771e-03, -2.8032551989974890e-02,
          3.4173369872689818e-01, 9.5355955104384877e-04,
          4.9454788692993475e-02, 4.1385782916355425e-02,
          -4.5750019177096988e-04, 1.7445036216452673e-03,
          1.3826626185435423e-03, -2.5524131947785118e-03,
          3.7378389798686927e-02, -3.6041203550433991e-02,
          9.5355955104384931e-04, 2.9769760224365849e-01 ]
   - !!opencv-matrix
      rows: 10
      cols: 10
      dt: d
