%YAML:1.0
---
groups:
   - intact
   - CD19
   - blast
intactGmmnames:
   - "intact.Bue029.0"
   - "intact.Bue029.1"
   - "intact.Bue029.2"
   - "intact.Bue029.3"
   - "intact.Bue029.4"
intactLabels:
   - FSC-A
   - SSC-A
   - SY41
   - CD19
   - CD10
   - CD20
   - CD45
   - CD34
   - CD38
   - CD58
intactMu: !!opencv-matrix
   rows: 5
   cols: 10
   dt: d
   data: [ 9.1286650352330134e-01, 2.6415467382545998e-01,
       2.4129817304326240e+00, 1.1926127631601158e+00,
       8.9327667858662541e-01, 1.1022602618894675e+00,
       1.4051392253037058e+00, 1.3377675410231080e+00,
       1.1479562516041115e+00, 2.8034110986638847e+00,
       2.5016874416481976e+00, 1.6443578164725856e+00,
       2.5585145727685887e+00, 1.3255117680045529e+00,
       1.5631260314480302e+00, 1.4383517299229189e+00,
       2.6452318105747668e+00, 2.0828736242772914e+00,
       2.4259889589656947e+00, 2.8168945900250231e+00,
       1.3070607659195423e+00, 4.4099918749006539e-01,
       2.7262772400230908e+00, 1.2151707950931991e+00,
       1.0087970380859854e+00, 1.1248577328865990e+00,
       1.5920703311830409e+00, 1.4117337117177275e+00,
       1.3596041060940061e+00, 2.6333194948209795e+00,
       1.2755072394723055e+00, 4.0731560044063292e-01,
       2.6147976250273337e+00, 1.2207886198353686e+00,
       1.0045463401882238e+00, 1.1188617911086256e+00,
       1.5754982260188553e+00, 1.3978897680749627e+00,
       1.4522204383843480e+00, 2.9796281401007558e+00,
       1.1837401315962548e+00, 2.8436700470099352e-01,
       2.0684562910074495e+00, 1.2204033525823088e+00,
       1.0285506429786722e+00, 1.1342041536048417e+00,
       3.3995804141644901e+00, 1.1554412857954903e+00,
       1.8299740406265126e+00, 1.9068118282871165e+00 ]
intactSigma:
   - !!opencv-matrix
      rows: 10
      cols: 10
      dt: d
      data: [ 1.4052093305545951e-02, 3.0166658618191954e-03,
          -3.2797646926851056e-03, -6.6728111482753830e-05,
          5.0396557016355666e-04, -2.0832210736631104e-05,
          1.1824764244998567e-03, 4.7590042782491744e-03,
          2.1290934116909993e-03, 3.3322896556803963e-03,
          3.0166658618191954e-03, 3.5193464881181019e-03,
          -5.4396378055780888e-04, -2.5344618978143843e-05,
          4.3230960234893524e-04, 2.2058386476542797e-05,
          1.5941432805508218e-03, 3.5228582256640610e-03,
          2.9189686700294461e-03, 4.2925639070027439e-03,
          -3.2797646926851056e-03, -5.4396378055780877e-04,
          7.7822045209728387e-03, -5.7895915927745988e-05,
          -2.9160630597679623e-04, -1.7022110068765453e-04,
          -8.8370697637276481e-04, -2.3882955047214156e-03,
          1.1813966954902081e-05, -1.0112058428600626e-03,
          -6.6728111482753844e-05, -2.5344618978143856e-05,
          -5.7895915927745948e-05, 7.5571728992565841e-03,
          1.2727003472655211e-04, -3.8305730656841482e-04,
          -4.3818778627333839e-05, -1.0229251048715436e-02,
          1.3707802470796728e-04, 1.7867839708640366e-05,
          5.0396557016355633e-04, 4.3230960234893508e-04,
          -2.9160630597679623e-04, 1.2727003472655222e-04,
          4.1339455786433207e-02, 3.2374382001027749e-04,
          1.4052279143845542e-03, -5.8985313618221662e-03,
          1.5984941428326361e-04, -1.4664691793484718e-03,
          -2.0832210736631080e-05, 2.2058386476542797e-05,
          -1.7022110068765472e-04, -3.8305730656841477e-04,
          3.2374382001027733e-04, 1.2597746591795468e-02,
          1.7506523445892423e-05, -3.0851055141588955e-03,
          -2.4556686512328383e-03, 8.2821210686828361e-05,
          1.1824764244998563e-03, 1.5941432805508216e-03,
          -8.8370697637276492e-04, -4.3818778627333832e-05,
          1.4052279143845540e-03, 1.7506523445892477e-05,
          1.7169843441097638e-02, 1.6697602931058208e-03,
          2.4294047788742576e-03, 1.6301834529230919e-03,
          4.7590042782491744e-03, 3.5228582256640602e-03,
          -2.3882955047214156e-03, -1.0229251048715436e-02,
          -5.8985313618221662e-03, -3.0851055141588972e-03,
          1.6697602931058212e-03, 1.3412106455440748e-01,
          1.0525659559589148e-03, 4.3665275204842315e-03,
          2.1290934116909993e-03, 2.9189686700294461e-03,
          1.1813966954902159e-05, 1.3707802470796734e-04,
          1.5984941428326359e-04, -2.4556686512328383e-03,
          2.4294047788742576e-03, 1.0525659559589143e-03,
          3.1271767174720806e-02, 5.9814350255101914e-03,
          3.3322896556803967e-03, 4.2925639070027439e-03,
          -1.0112058428600624e-03, 1.7867839708640376e-05,
          -1.4664691793484718e-03, 8.2821210686828402e-05,
          1.6301834529230924e-03, 4.3665275204842315e-03,
          5.9814350255101914e-03, 1.5042126534397959e-02 ]
   - !!opencv-matrix
      rows: 10
      cols: 10
      dt: d
      data: [ 4.9885231561916615e-01, 3.6533908932201170e-01,
          2.2614421021281760e-02, -2.4064376379935186e-02,
          -7.0334146836296667e-03, -1.3156349460167709e-02,
          1.4627193238996772e-01, 1.7993560276528708e-02,
          1.2581331150732686e-01, 6.8903913257696681e-02,
          3.6533908932201170e-01, 4.6092693456492623e-01,
          1.3064199400980712e-02, -8.7991602884920292e-03,
          7.0474878147736189e-02, 3.2284577045150420e-02,
          1.4331638080225900e-01, 5.4504863054367213e-02,
          7.3589101095125092e-02, 5.4789829324638439e-02,
          2.2614421021281760e-02, 1.3064199400980712e-02,
          4.8544372608581805e-02, 5.3043086857792066e-04,
          -3.9983267283604913e-02, 1.6502177250779571e-02,
          -2.3549227208226622e-02, 1.7559884189008324e-02,
          7.0815244229668088e-03, 4.7936495075448548e-03,
          -2.4064376379935182e-02, -8.7991602884920327e-03,
          5.3043086857792045e-04, 5.7983531117363457e-02,
          4.4931905615425927e-02, 2.4156612858872391e-02,
          -5.7676301504532880e-03, 2.0798363293566598e-02,
          -1.0851719757077528e-02, 2.2551999205772744e-03,
          -7.0334146836296676e-03, 7.0474878147736175e-02,
          -3.9983267283604913e-02, 4.4931905615425927e-02,
          4.8075630406955128e-01, 2.1898424691593556e-02,
          7.3560847573668472e-02, 2.4500577579749321e-02,
          -1.3195855697790013e-01, 1.3269000707883909e-02,
          -1.3156349460167705e-02, 3.2284577045150427e-02,
          1.6502177250779567e-02, 2.4156612858872391e-02,
          2.1898424691593556e-02, 1.2552106735891735e-01,
          5.2914349144780074e-03, 7.8568124854995966e-02,
          -2.9317867477206438e-02, 6.0017788003349467e-04,
          1.4627193238996772e-01, 1.4331638080225900e-01,
          -2.3549227208226622e-02, -5.7676301504532880e-03,
          7.3560847573668472e-02, 5.2914349144780074e-03,
          1.7024572009763084e-01, 1.9554590302853177e-02,
          5.3231639819811792e-02, 3.0928787390466745e-02,
          1.7993560276528708e-02, 5.4504863054367213e-02,
          1.7559884189008324e-02, 2.0798363293566591e-02,
          2.4500577579749307e-02, 7.8568124854995966e-02,
          1.9554590302853177e-02, 2.2030736672526127e-01,
          1.8988902527282060e-02, 7.7314972228877572e-03,
          1.2581331150732686e-01, 7.3589101095125092e-02,
          7.0815244229668105e-03, -1.0851719757077530e-02,
          -1.3195855697790013e-01, -2.9317867477206438e-02,
          5.3231639819811799e-02, 1.8988902527282060e-02,
          2.7239817415345918e-01, 2.3618982863714291e-02,
          6.8903913257696681e-02, 5.4789829324638425e-02,
          4.7936495075448556e-03, 2.2551999205772753e-03,
          1.3269000707883906e-02, 6.0017788003349532e-04,
          3.0928787390466745e-02, 7.7314972228877572e-03,
          2.3618982863714291e-02, 5.1220685262292003e-02 ]
   - !!opencv-matrix
      rows: 10
      cols: 10
      dt: d
