%YAML:1.0
---
groups:
   - intact
   - CD19
   - blast
intactGmmnames:
   - "intact.Bue073.0"
   - "intact.Bue073.1"
   - "intact.Bue073.2"
   - "intact.Bue073.3"
   - "intact.Bue073.4"
intactLabels:
   - FSC-A
   - SSC-A
   - SY41
   - CD19
   - CD10
   - CD20
   - CD45
   - CD34
   - CD38
   - CD58
intactMu: !!opencv-matrix
   rows: 5
   cols: 10
   dt: d
   data: [ 1.6798955296609435e+00, 5.0101263998535828e-01,
       3.1115826078084434e+00, 1.0725795161213887e+00,
       8.2767563473977057e-01, 1.1453287526345601e+00,
       3.3079682207189105e+00, 1.0473999255176611e+00,
       3.4475354268557794e+00, 2.3661028501197370e+00,
       2.4635176763731410e+00, 3.1895976038327931e+00,
       3.2017297310429886e+00, 1.1793199384862010e+00,
       2.1293407981926311e+00, 1.2667616373896562e+00,
       2.6774527491248015e+00, 1.6679521373112061e+00,
       2.2132617064718931e+00, 2.7606566983355663e+00,
       1.4129416213884887e+00, 3.3316641970425992e-01,
       3.1845857297729965e+00, 1.0590332627860644e+00,
       8.2488419365331500e-01, 1.1161713291273720e+00,
       3.2504492923035260e+00, 1.1386200263414890e+00,
       1.8219403767715567e+00, 1.9831427207728864e+00,
       1.2608091985785617e+00, 2.2459471529221842e-01,
       3.2036113213543382e+00, 1.0533761310623044e+00,
       7.9228445560013772e-01, 1.1032168326932159e+00,
       3.1914838924935709e+00, 1.1269258618595728e+00,
       2.0461804410542972e+00, 8.1621585985261214e-01,
       1.9197383865697353e+00, 1.0071938516102494e+00,
       3.3403289899555748e+00, 1.1703951962082431e+00,
       9.7913921551683791e-01, 1.2950788509507105e+00,
       2.0436539149364847e+00, 1.4864412409093473e+00,
       1.9887204066731825e+00, 2.7728401415079311e+00 ]
intactSigma:
   - !!opencv-matrix
      rows: 10
      cols: 10
      dt: d
      data: [ 2.1253048099936313e-02, 5.8073355102378748e-03,
          3.2624607765135657e-03, 2.0237970892289557e-04,
          5.4919931425302800e-04, -1.6274541862173190e-04,
          5.9223718557250594e-03, -6.4189596890007927e-04,
          7.8096355296506329e-03, 3.9304239320169529e-03,
          5.8073355102378748e-03, 8.4873035037856624e-03,
          6.1881057587228000e-04, 6.2332744412591326e-04,
          6.7494549950053852e-04, 4.5499937976599321e-04,
          2.6689572838044847e-03, -6.0492870124769752e-05,
          8.9044401266378422e-03, 7.1966380046945850e-03,
          3.2624607765135648e-03, 6.1881057587227989e-04,
          2.2339208250206723e-02, 3.6978117456389515e-05,
          -3.9615619737218028e-04, -3.3775640817591808e-05,
          1.1133731556690497e-03, 7.3106790605351408e-04,
          -2.4117837171369976e-03, -1.5705997350877491e-03,
          2.0237970892289566e-04, 6.2332744412591326e-04,
          3.6978117456389413e-05, 1.7490648495465024e-02,
          -5.0361648807839832e-05, -1.3228234130956470e-03,
          3.4426518564876872e-04, -8.0764019226434013e-03,
          1.8728205808131863e-03, 1.2007662546748214e-03,
          5.4919931425302800e-04, 6.7494549950053884e-04,
          -3.9615619737218006e-04, -5.0361648807839629e-05,
          2.5718707798574676e-02, 3.1116789554216467e-04,
          1.1229031549262385e-03, -2.7967837775185935e-03,
          1.3320899652462129e-04, -2.7656634327498733e-04,
          -1.6274541862173198e-04, 4.5499937976599354e-04,
          -3.3775640817591639e-05, -1.3228234130956470e-03,
          3.1116789554216440e-04, 9.8941251645519979e-02,
          1.2209324971185821e-03, -1.6503852170120493e-03,
          1.8589124327042935e-03, 1.1555419839148632e-03,
          5.9223718557250594e-03, 2.6689572838044847e-03,
          1.1133731556690494e-03, 3.4426518564876883e-04,
          1.1229031549262387e-03, 1.2209324971185823e-03,
          1.7393229953175517e-02, 6.4432056774577792e-05,
          3.0554408936028263e-03, 4.9763486553239238e-03,
          -6.4189596890007927e-04, -6.0492870124769630e-05,
          7.3106790605351408e-04, -8.0764019226434013e-03,
          -2.7967837775185918e-03, -1.6503852170120503e-03,
          6.4432056774577507e-05, 4.2775242537277353e-02,
          -6.3732297359078999e-03, 8.9148326014528844e-04,
          7.8096355296506329e-03, 8.9044401266378422e-03,
          -2.4117837171369967e-03, 1.8728205808131863e-03,
          1.3320899652462099e-04, 1.8589124327042935e-03,
          3.0554408936028263e-03, -6.3732297359078999e-03,
          6.1483405621536293e-02, 1.2698505741819957e-02,
          3.9304239320169529e-03, 7.1966380046945850e-03,
          -1.5705997350877491e-03, 1.2007662546748210e-03,
          -2.7656634327498706e-04, 1.1555419839148640e-03,
          4.9763486553239238e-03, 8.9148326014528811e-04,
          1.2698505741819957e-02, 3.4017252555960678e-02 ]
   - !!opencv-matrix
      rows: 10
      cols: 10
      dt: d
      data: [ 9.2027641710836508e-02, 1.0438553984808156e-01,
          7.0789794782429851e-03, -1.3217261963505386e-04,
          -6.0971526811911064e-02, 1.2233652826071931e-02,
          -2.1680854182130564e-02, 3.1103716227288157e-02,
          3.7902524149292155e-02, 2.8008314987982550e-03,
          1.0438553984808155e-01, 3.8298849505185140e-01,
          -4.6747345043261779e-03, 3.9208601029186059e-03,
          5.7555142904688807e-02, 1.4390225122508924e-02,
          3.4509431176513949e-02, 4.0669749222707545e-02,
          3.1748824887998003e-02, 2.5662110106778671e-02,
          7.0789794782429869e-03, -4.6747345043261753e-03,
          1.2353858875370983e-02, 1.1626658290941868e-03,
          -1.6082680027610458e-02, 2.0663772223437956e-03,
          -5.5877296555552338e-03, 3.6695758385822327e-03,
          7.5662824269539970e-03, -1.7739712987219149e-03,
          -1.3217261963505416e-04, 3.9208601029186076e-03,
          1.1626658290941863e-03, 5.3625190189097616e-02,
          2.3416481794974162e-02, 3.0932178181306900e-03,
          1.1400114513299168e-02, -1.0826874910642652e-02,
          1.3522956076715371e-03, 3.6411133761525467e-03,
          -6.0971526811911078e-02, 5.7555142904688793e-02,
          -1.6082680027610458e-02, 2.3416481794974159e-02,
          3.2492634341478371e-01, 4.2361074266472881e-03,
          1.2622776297992372e-01, -8.2515238714333545e-03,
          -5.8196240959278590e-02, 2.8264887095338528e-02,
          1.2233652826071931e-02, 1.4390225122508924e-02,
          2.0663772223437956e-03, 3.0932178181306900e-03,
          4.2361074266472863e-03, 4.2663422555931738e-02,
          3.6196146779884815e-03, 8.6997466627761876e-03,
          3.1018424495767314e-03, 2.3807553552254949e-03,
          -2.1680854182130560e-02, 3.4509431176513949e-02,
          -5.5877296555552356e-03, 1.1400114513299168e-02,
          1.2622776297992372e-01, 3.6196146779884806e-03,
          7.5018747156930507e-02, 6.4334179355650921e-04,
          -2.5693033618401431e-02, 1.3965467987380900e-02,
          3.1103716227288157e-02, 4.0669749222707545e-02,
          3.6695758385822327e-03, -1.0826874910642652e-02,
          -8.2515238714333580e-03, 8.6997466627761859e-03,
          6.4334179355650899e-04, 9.5207643357098651e-02,
          1.0028078953922472e-02, 3.8891534263030803e-03,
          3.7902524149292155e-02, 3.1748824887997996e-02,
          7.5662824269539970e-03, 1.3522956076715373e-03,
          -5.8196240959278576e-02, 3.1018424495767314e-03,
          -2.5693033618401431e-02, 1.0028078953922472e-02,
          6.7125549022042763e-02, -9.2605085199582555e-04,
          2.8008314987982550e-03, 2.5662110106778664e-02,
          -1.7739712987219149e-03, 3.6411133761525467e-03,
          2.8264887095338528e-02, 2.3807553552254949e-03,
          1.3965467987380900e-02, 3.8891534263030803e-03,
          -9.2605085199582522e-04, 1.1740392003233697e-02 ]
   - !!opencv-matrix
      rows: 10
      cols: 10
      dt: d
