%YAML:1.0
---
groups:
   - intact
   - CD19
   - blast
intactGmmnames:
   - "intact.Bue074.0"
   - "intact.Bue074.1"
   - "intact.Bue074.2"
   - "intact.Bue074.3"
   - "intact.Bue074.4"
intactLabels:
   - FSC-A
   - SSC-A
   - SY41
   - CD19
   - CD10
   - CD20
   - CD45
   - CD34
   - CD38
   - CD58
intactMu: !!opencv-matrix
   rows: 5
   cols: 10
   dt: d
   data: [ 2.1917187531070952e+00, 1.9865289700012037e+00,
       2.6811513400446465e+00, 1.1133507428515923e+00,
       9.7991941853833853e-01, 1.2979532813071157e+00,
       2.8547883678174237e+00, 1.5608242059524435e+00,
       2.7677054799139889e+00, 2.6157122223078728e+00,
       1.0704482641102160e+00, 3.0756856216521178e-01,
       2.5897251238359482e+00, 1.0550643745519694e+00,
       8.0832386694461278e-01, 1.1157927405332910e+00,
       1.5579946165915937e+00, 1.3360707743575821e+00,
       1.4361872023804765e+00, 2.7818573459346707e+00,
       1.1408411750085397e+00, 2.4062771143718298e-01,
       2.5192859620103163e+00, 1.0595856957970335e+00,
       8.0800503637584509e-01, 1.1358868018643888e+00,
       3.3554087158411918e+00, 1.2585402917347865e+00,
       2.0390793838293253e+00, 1.6286774182221657e+00,
       1.6066478691037198e+00, 6.1400669085223925e-01,
       2.9151203816930753e+00, 1.2702901880959849e+00,
       1.0459468486630361e+00, 1.3486462375801154e+00,
       2.3578425683861814e+00, 1.6027965743317740e+00,
       2.1339518909588566e+00, 2.5607420597244746e+00,
       2.1044554754588836e+00, 2.9227483607841176e+00,
       2.3874479578360916e+00, 1.1529702786373863e+00,
       2.1807748737597379e+00, 1.3769911955070184e+00,
       3.0815853421299035e+00, 1.6390362776806868e+00,
       2.1037871414233491e+00, 2.6485894751696857e+00 ]
intactSigma:
   - !!opencv-matrix
      rows: 10
      cols: 10
      dt: d
      data: [ 1.3922733593931416e-01, 2.4586670599183560e-01,
          4.5420824166988095e-02, 1.6291340236224592e-03,
          1.7874122397705111e-02, 2.3262389867543150e-02,
          -4.1711271773862871e-02, 3.0745881769509601e-02,
          3.5219187060193141e-02, 1.1758479430679508e-02,
          2.4586670599183566e-01, 8.9371913820001336e-01,
          5.2745930184575025e-02, 2.6864965130800767e-03,
          6.5192677723997283e-02, 6.8789475607418091e-02,
          -1.9132184363783319e-01, 8.9897149240414490e-02,
          -1.1198746055416797e-01, -6.7603843079556301e-03,
          4.5420824166988095e-02, 5.2745930184575032e-02,
          7.6086686372255588e-02, -1.0019434962974039e-03,
          1.3000879225677265e-03, 3.9574383695003094e-03,
          -3.0594245100725278e-02, 2.3001262697144439e-03,
          4.3762186535055279e-02, 2.4208841741880632e-03,
          1.6291340236224592e-03, 2.6864965130800763e-03,
          -1.0019434962974037e-03, 3.2694552185948349e-02,
          1.9559741757016035e-03, 9.1754215810031683e-04,
          3.5143211335068873e-03, -3.9562002320278049e-03,
          5.0419921954649729e-05, 1.5514607164875160e-03,
          1.7874122397705108e-02, 6.5192677723997283e-02,
          1.3000879225677255e-03, 1.9559741757016031e-03,
          4.9120753992402046e-02, 7.7460633022604763e-03,
          -4.0261284703477351e-03, 7.3687113681156040e-03,
          -9.9610772154075568e-03, 9.2333612143682866e-04,
          2.3262389867543150e-02, 6.8789475607418091e-02,
          3.9574383695003094e-03, 9.1754215810031759e-04,
          7.7460633022604754e-03, 6.8950313808046046e-02,
          -1.7318746495696997e-02, 2.2174636413072723e-02,
          -2.5567356832080539e-02, 1.2938898554418572e-03,
          -4.1711271773862871e-02, -1.9132184363783319e-01,
          -3.0594245100725271e-02, 3.5143211335068873e-03,
          -4.0261284703477359e-03, -1.7318746495696993e-02,
          1.3943828984193096e-01, -1.7580860130643448e-02,
          5.5180918001820872e-02, 2.4497283765000377e-02,
          3.0745881769509587e-02, 8.9897149240414490e-02,
          2.3001262697144448e-03, -3.9562002320278067e-03,
          7.3687113681156014e-03, 2.2174636413072723e-02,
          -1.7580860130643448e-02, 5.1710832821823288e-02,
          -3.2758513029383957e-02, 2.1954845008083099e-03,
          3.5219187060193141e-02, -1.1198746055416797e-01,
          4.3762186535055286e-02, 5.0419921954649817e-05,
          -9.9610772154075499e-03, -2.5567356832080546e-02,
          5.5180918001820872e-02, -3.2758513029383957e-02,
          2.1927792263854576e-01, 2.6074323899802174e-02,
          1.1758479430679508e-02, -6.7603843079556318e-03,
          2.4208841741880640e-03, 1.5514607164875160e-03,
          9.2333612143682866e-04, 1.2938898554418572e-03,
          2.4497283765000377e-02, 2.1954845008083099e-03,
          2.6074323899802174e-02, 1.7397863575022147e-02 ]
   - !!opencv-matrix
      rows: 10
      cols: 10
      dt: d
      data: [ 8.1623451117682794e-02, 2.1145805539528769e-02,
          4.8288995706512849e-02, 1.7548599364069818e-03,
          4.9516813248853975e-03, 2.7173380099941445e-03,
          2.4133406024090857e-02, 4.7326358464047152e-03,
          1.2463025321313704e-02, 2.6606152612108133e-02,
          2.1145805539528769e-02, 9.3963218974116979e-03,
          1.3286958221200003e-02, 7.8853228994404695e-04,
          2.0768976573205125e-03, 1.3121478722003443e-03,
          8.9088175685820177e-03, 2.4897364219524237e-03,
          5.1497965209104154e-03, 9.3593244983690583e-03,
          4.8288995706512849e-02, 1.3286958221200003e-02,
          1.4303216360223558e-01, 3.3867191609292442e-03,
          4.5293364988576324e-03, 6.8875113424372138e-03,
          2.1966033894539737e-02, 1.2717311157363040e-02,
          1.3778748835999133e-02, 1.7465878078586645e-02,
          1.7548599364069820e-03, 7.8853228994404728e-04,
          3.3867191609292442e-03, 1.4943427092421465e-02,
          1.6664719306263907e-03, -1.5824545719310998e-04,
          1.3193506405536702e-03, -3.1124847310958128e-03,
          1.0278257067811449e-03, 6.9695345234055796e-04,
          4.9516813248853984e-03, 2.0768976573205130e-03,
          4.5293364988576315e-03, 1.6664719306263907e-03,
          3.6798027731581306e-02, 9.7545388526592072e-04,
          3.4333713694205199e-03, -1.3112045565731212e-03,
          1.7270536144122055e-03, 6.8679802753481359e-04,
          2.7173380099941445e-03, 1.3121478722003448e-03,
          6.8875113424372138e-03, -1.5824545719310998e-04,
          9.7545388526592018e-04, 1.8507010984285688e-02,
          2.2248444600728987e-03, 1.3394351810051238e-03,
          4.5402966265678963e-04, 1.2920886299007824e-03,
          2.4133406024090857e-02, 8.9088175685820177e-03,
          2.1966033894539737e-02, 1.3193506405536706e-03,
          3.4333713694205199e-03, 2.2248444600728996e-03,
          3.9602022245115165e-02, 3.5732511826297953e-03,
          6.6733858913092785e-03, 8.8526328921954816e-03,
          4.7326358464047152e-03, 2.4897364219524237e-03,
          1.2717311157363040e-02, -3.1124847310958132e-03,
          -1.3112045565731208e-03, 1.3394351810051240e-03,
          3.5732511826297962e-03, 1.5719473204742578e-02,
          2.7786488819934296e-03, 2.1864065332363302e-03,
          1.2463025321313704e-02, 5.1497965209104145e-03,
          1.3778748835999133e-02, 1.0278257067811447e-03,
          1.7270536144122055e-03, 4.5402966265678968e-04,
          6.6733858913092785e-03, 2.7786488819934296e-03,
          1.0899602115775883e-02, 4.4757849690803021e-03,
          2.6606152612108133e-02, 9.3593244983690566e-03,
          1.7465878078586645e-02, 6.9695345234055764e-04,
          6.8679802753481391e-04, 1.2920886299007824e-03,
          8.8526328921954816e-03, 2.1864065332363315e-03,
          4.4757849690803039e-03, 2.0153281380722889e-02 ]
   - !!opencv-matrix
      rows: 10
      cols: 10
      dt: d
