%YAML:1.0
---
groups:
   - intact
   - CD19
   - blast
intactGmmnames:
   - "intact.Bue027.0"
   - "intact.Bue027.1"
   - "intact.Bue027.2"
   - "intact.Bue027.3"
   - "intact.Bue027.4"
intactLabels:
   - FSC-A
   - SSC-A
   - SY41
   - CD19
   - CD10
   - CD20
   - CD45
   - CD34
   - CD38
   - CD58
intactMu: !!opencv-matrix
   rows: 5
   cols: 10
   dt: d
   data: [ 1.6199153484286350e+00, 4.9623420610073143e-01,
       2.0882467551892989e+00, 1.1831688334450257e+00,
       1.1382195585181700e+00, 1.3018448542777408e+00,
       3.4843096340825213e+00, 1.3161123332347997e+00,
       3.0175330129506732e+00, 2.4797820625936691e+00,
       2.3547635012262336e+00, 2.7109962711123821e+00,
       2.2052752010469003e+00, 1.2371148987322036e+00,
       2.0976033558771925e+00, 1.3833250924977907e+00,
       2.9989061309532454e+00, 1.9828830211441182e+00,
       2.0096606482601778e+00, 2.8711019920767171e+00,
       1.0707943158308382e+00, 2.8999392873064217e-01,
       2.1326744997598861e+00, 1.1661035090520997e+00,
       1.1180358772172312e+00, 1.2941320233497373e+00,
       1.4410221444304443e+00, 1.4086372567403505e+00,
       1.2821908123589014e+00, 2.8626759978235619e+00,
       1.2279944973104968e+00, 2.5826109437042655e-01,
       2.0694957834899070e+00, 1.1682789189140668e+00,
       1.1302324959307204e+00, 1.2996700532494847e+00,
       3.4454646174475898e+00, 1.2446625904831703e+00,
       1.8553374256408359e+00, 1.5997096966765327e+00,
       2.1050313844052986e+00, 1.3046694147549855e+00,
       2.5458490737839714e+00, 1.2341883397101026e+00,
       1.2476652604452452e+00, 1.3881935423991520e+00,
       2.6359372926455547e+00, 1.8972454928154288e+00,
       2.3838730594119735e+00, 2.8215261729159176e+00 ]
intactSigma:
   - !!opencv-matrix
      rows: 10
      cols: 10
      dt: d
      data: [ 1.3692598508697915e-01, 6.9858953150704131e-02,
          5.2629916064900438e-02, 3.7043321949941851e-03,
          2.8363126975896585e-03, 1.4659870108268403e-03,
          -1.0426045248430793e-02, 6.5076129577832154e-02,
          -1.0036531706816247e-02, 7.8997091546456510e-02,
          6.9858953150704131e-02, 5.2142175997631678e-02,
          2.7542277136080054e-02, 2.2741973973960509e-03,
          1.9588885813840926e-03, 9.4418576018339328e-04,
          -5.2751309546357839e-03, 4.5246083615903501e-02,
          -1.1148560790038353e-02, 5.5790128528445643e-02,
          5.2629916064900438e-02, 2.7542277136080054e-02,
          3.8154819722551095e-02, 1.0787751077242867e-03,
          7.9102980489163279e-04, 3.7120069475195515e-04,
          -1.3064163740166088e-02, 2.5261267656347071e-02,
          -1.1938718964711383e-02, 3.0452857362093036e-02,
          3.7043321949941838e-03, 2.2741973973960505e-03,
          1.0787751077242862e-03, 7.2632902418106951e-03,
          1.1727121534609802e-04, -4.0773818471687688e-04,
          5.5789296684845525e-05, -4.7627774527290740e-03,
          6.4909985749009443e-04, 2.8181142324456591e-03,
          2.8363126975896576e-03, 1.9588885813840934e-03,
          7.9102980489163268e-04, 1.1727121534609798e-04,
          6.0838343893226078e-03, 7.6187763035305981e-05,
          6.6670552029949844e-04, 2.6897624031086103e-04,
          -7.4391415180368934e-04, 1.5695612230573468e-03,
          1.4659870108268396e-03, 9.4418576018339296e-04,
          3.7120069475195515e-04, -4.0773818471687688e-04,
          7.6187763035306008e-05, 1.6261751584253546e-02,
          1.8338237266773516e-05, 9.9537635977437204e-04,
          -3.1468021468795339e-03, 4.7581897722482149e-04,
          -1.0426045248430793e-02, -5.2751309546357856e-03,
          -1.3064163740166088e-02, 5.5789296684845525e-05,
          6.6670552029949844e-04, 1.8338237266773360e-05,
          2.0151909353263275e-02, -2.6058145115529867e-03,
          2.4536329246562017e-03, -1.9086806463324911e-03,
          6.5076129577832167e-02, 4.5246083615903501e-02,
          2.5261267656347067e-02, -4.7627774527290740e-03,
          2.6897624031086120e-04, 9.9537635977437269e-04,
          -2.6058145115529867e-03, 1.1937577582425689e-01,
          -2.3759061658911850e-02, 5.5032091582733332e-02,
          -1.0036531706816247e-02, -1.1148560790038356e-02,
          -1.1938718964711381e-02, 6.4909985749009422e-04,
          -7.4391415180368944e-04, -3.1468021468795352e-03,
          2.4536329246562013e-03, -2.3759061658911843e-02,
          1.3421468222728186e-01, -2.1018275767425425e-02,
          7.8997091546456510e-02, 5.5790128528445643e-02,
          3.0452857362093036e-02, 2.8181142324456591e-03,
          1.5695612230573462e-03, 4.7581897722482160e-04,
          -1.9086806463324904e-03, 5.5032091582733339e-02,
          -2.1018275767425425e-02, 9.1123420608602970e-02 ]
   - !!opencv-matrix
      rows: 10
      cols: 10
      dt: d
      data: [ 7.5244652871839679e-02, 1.0639001861086342e-01,
          1.6199356002776555e-02, 2.3532382122429842e-03,
          -3.8425446645809644e-02, 6.9309653725034403e-03,
          -1.1683985105656864e-02, 3.4752131873076061e-02,
          3.1677353730924757e-02, 2.8030839908193741e-03,
          1.0639001861086342e-01, 3.7306667632353285e-01,
          1.0585769555756762e-02, 4.5145635345400052e-03,
          5.0784073150067569e-02, 7.7182323772921075e-03,
          2.8888283467779170e-02, 4.2408000919176049e-02,
          4.5669219662613274e-02, 1.5902058776624720e-02,
          1.6199356002776555e-02, 1.0585769555756760e-02,
          1.4895504464538292e-02, -4.2427096093916020e-04,
          -3.2612760983824582e-02, 1.1561972169527811e-03,
          -1.2758896087444415e-02, 7.2755040423045725e-03,
          1.5080745081160611e-02, -2.2086808609149741e-03,
          2.3532382122429833e-03, 4.5145635345400070e-03,
          -4.2427096093915992e-04, 2.5848968798611073e-02,
          7.7051356507617848e-03, 1.1660323294951337e-03,
          3.1167180254170995e-03, -7.1976345188863268e-03,
          -2.3618491926577331e-03, 1.3769111991021182e-03,
          -3.8425446645809637e-02, 5.0784073150067569e-02,
          -3.2612760983824575e-02, 7.7051356507617822e-03,
          2.8787749451053901e-01, 9.8660796129787791e-04,
          8.0245937155195124e-02, -1.1068110742628022e-02,
          -7.2400968512854824e-02, 1.7427351722773588e-02,
          6.9309653725034403e-03, 7.7182323772921066e-03,
          1.1561972169527809e-03, 1.1660323294951341e-03,
          9.8660796129787748e-04, 1.0043408232025975e-02,
          8.3520409026240647e-04, 7.4798631688777501e-03,
          -2.0418292120739372e-03, 1.4236623821220584e-03,
          -1.1683985105656870e-02, 2.8888283467779170e-02,
          -1.2758896087444415e-02, 3.1167180254170995e-03,
          8.0245937155195124e-02, 8.3520409026240701e-04,
          3.7211891189749095e-02, -7.5616683077653032e-04,
          -2.4441258046484924e-02, 7.2033371826518786e-03,
          3.4752131873076061e-02, 4.2408000919176049e-02,
          7.2755040423045725e-03, -7.1976345188863259e-03,
          -1.1068110742628024e-02, 7.4798631688777492e-03,
          -7.5616683077653010e-04, 1.0207868245451039e-01,
          3.7531984487205181e-04, 5.1286799683107481e-03,
          3.1677353730924757e-02, 4.5669219662613281e-02,
          1.5080745081160611e-02, -2.3618491926577345e-03,
          -7.2400968512854810e-02, -2.0418292120739368e-03,
          -2.4441258046484924e-02, 3.7531984487205192e-04,
          9.7881039425246938e-02, -2.5417064572056556e-03,
          2.8030839908193736e-03, 1.5902058776624720e-02,
          -2.2086808609149741e-03, 1.3769111991021189e-03,
          1.7427351722773585e-02, 1.4236623821220584e-03,
          7.2033371826518786e-03, 5.1286799683107499e-03,
          -2.5417064572056548e-03, 7.8769561671011169e-03 ]
   - !!opencv-matrix
      rows: 10
      cols: 10
      dt: d
