%YAML:1.0
---
groups:
   - intact
   - CD19
   - blast
intactGmmnames:
   - "intact.Bue089.0"
   - "intact.Bue089.1"
   - "intact.Bue089.2"
   - "intact.Bue089.3"
   - "intact.Bue089.4"
intactLabels:
   - FSC-A
   - SSC-A
   - SY41
   - CD19
   - CD10
   - CD20
   - CD45
   - CD34
   - CD38
   - CD58
intactMu: !!opencv-matrix
   rows: 5
   cols: 10
   dt: d
   data: [ 7.5394243883690393e-01, 1.9778765456541572e-01,
       2.1990175232041573e+00, 1.0412567979709484e+00,
       8.6523058742387904e-01, 9.8411649239071974e-01,
       1.3733085510795155e+00, 1.1756760775130706e+00,
       1.3286045433774429e+00, 2.7279600980925442e+00,
       1.8567127414815598e+00, 9.8025057317337250e-01,
       2.3980975466727803e+00, 1.1415819408779608e+00,
       1.0646636637802236e+00, 1.1539053220721971e+00,
       2.4468285771730849e+00, 1.4886105228330357e+00,
       2.3841133100948801e+00, 2.6843741002300145e+00,
       1.0909118621514633e+00, 2.1290836544548844e-01,
       2.0349505745077452e+00, 1.0417539410854151e+00,
       8.8024274400787905e-01, 1.0117210371041856e+00,
       3.1831213924140593e+00, 1.1154218779750400e+00,
       1.6792538301012283e+00, 1.6922238919114099e+00,
       1.2157909468030978e+00, 3.2831240441751536e-01,
       2.4310380391535480e+00, 1.0604531920463096e+00,
       8.9153773264363911e-01, 9.9306987941335778e-01,
       1.4502347181332946e+00, 1.1985175984662007e+00,
       1.4242659279567433e+00, 2.9171224559152451e+00,
       9.0151697478807891e-01, 1.8810563785515882e-01,
       2.3572220509868274e+00, 1.0494727398749493e+00,
       8.7772031185764654e-01, 9.9187660385733634e-01,
       1.3875234771246925e+00, 1.1643191279144178e+00,
       1.3465615212193764e+00, 2.0795046618449331e+00 ]
intactSigma:
   - !!opencv-matrix
      rows: 10
      cols: 10
      dt: d
      data: [ 1.5115051861621770e-02, 3.3883117490269878e-03,
          6.3695766662701008e-03, -2.3726310704241367e-05,
          5.5999739178381276e-04, 5.4065094482669598e-05,
          1.1915279128339111e-03, 1.1830661405254318e-03,
          6.6308429793469664e-04, 6.7414536723885985e-03,
          3.3883117490269878e-03, 1.7036364984745025e-03,
          2.0584446386671474e-03, 2.8934646507124695e-05,
          2.1401066060569015e-04, 4.0474839379390652e-05,
          5.4499105667132365e-04, 4.1749994295158861e-04,
          3.2672091321279295e-04, 2.8108490439857129e-03,
          6.3695766662700999e-03, 2.0584446386671474e-03,
          1.0943748480752129e-02, 1.5499515029322676e-06,
          2.8169095784628349e-04, 7.1160260529070095e-05,
          -1.8732314301387926e-04, 9.1747821723474473e-04,
          2.1901303264489582e-04, 3.1667250813607866e-03,
          -2.3726310704241357e-05, 2.8934646507124716e-05,
          1.5499515029322597e-06, 9.7077667981880552e-03,
          2.8227933670850599e-04, -5.0771252216513362e-04,
          -6.0458011386524469e-06, -4.0618835330705049e-03,
          4.3045793994023916e-05, 1.3723671782665144e-04,
          5.5999739178381287e-04, 2.1401066060569015e-04,
          2.8169095784628349e-04, 2.8227933670850572e-04,
          1.8658903498233629e-02, 2.4821869524850441e-04,
          2.5797692855962279e-04, -2.6983347743029626e-03,
          7.1107615844783666e-05, -6.6806303721764747e-04,
          5.4065094482669530e-05, 4.0474839379390679e-05,
          7.1160260529070231e-05, -5.0771252216513340e-04,
          2.4821869524850436e-04, 1.5816604341773403e-02,
          -1.0913072927576431e-04, -1.2659211991248361e-03,
          -8.2258050442214994e-04, 2.2850058379324944e-04,
          1.1915279128339106e-03, 5.4499105667132365e-04,
          -1.8732314301387945e-04, -6.0458011386524444e-06,
          2.5797692855962279e-04, -1.0913072927576427e-04,
          8.5198132028228672e-03, 2.0448800455842204e-04,
          7.7469679908885865e-05, 1.1224597834396828e-03,
          1.1830661405254320e-03, 4.1749994295158850e-04,
          9.1747821723474506e-04, -4.0618835330705049e-03,
          -2.6983347743029613e-03, -1.2659211991248366e-03,
          2.0448800455842196e-04, 1.9376853873055749e-02,
          -1.1156368330528870e-04, 1.1552725011740217e-03,
          6.6308429793469675e-04, 3.2672091321279295e-04,
          2.1901303264489587e-04, 4.3045793994023922e-05,
          7.1107615844783639e-05, -8.2258050442214972e-04,
          7.7469679908885811e-05, -1.1156368330528870e-04,
          1.7791880022552705e-03, 8.1920390191807311e-04,
          6.7414536723885985e-03, 2.8108490439857129e-03,
          3.1667250813607879e-03, 1.3723671782665153e-04,
          -6.6806303721764736e-04, 2.2850058379324953e-04,
          1.1224597834396830e-03, 1.1552725011740217e-03,
          8.1920390191807311e-04, 1.3597905236666482e-02 ]
   - !!opencv-matrix
      rows: 10
      cols: 10
      dt: d
      data: [ 3.9121453353637448e-01, 3.1839906506907534e-01,
          7.3144191912188780e-02, 7.6660672929443506e-03,
          2.4072334049170540e-02, -1.2943700516954594e-02,
          9.2663889919882891e-02, 6.7910530043748640e-02,
          1.3151650552942740e-01, 8.9806169783176820e-02,
          3.1839906506907528e-01, 7.2618143583235395e-01,
          5.6640208642865147e-02, 6.3393481153099463e-03,
          9.2825723648816597e-02, 2.8093948050073213e-02,
          4.6619235654576943e-02, 1.1082418054821255e-01,
          1.4848293003620433e-01, 1.1044213730978594e-01,
          7.3144191912188780e-02, 5.6640208642865147e-02,
          6.0854615433426455e-02, -2.1601313672050941e-03,
          -7.2455949789847055e-04, -7.2014185719977341e-03,
          -5.2766950437286617e-02, 1.5240827277477857e-02,
          9.2690235967739806e-04, 3.8746401429589933e-02,
          7.6660672929443506e-03, 6.3393481153099481e-03,
          -2.1601313672050941e-03, 6.5034950848922163e-02,
          1.5533873095842586e-02, 2.3178078073379738e-02,
          1.6663328903238930e-02, 2.3979073613507033e-02,
          -1.6324878009125992e-03, 5.5918690173019231e-03,
          2.4072334049170540e-02, 9.2825723648816597e-02,
          -7.2455949789847034e-04, 1.5533873095842586e-02,
          1.1179583805481318e-01, 1.9620116957970508e-02,
          1.3317250250498560e-02, 3.0452632093810970e-02,
          -3.5863489126684356e-02, 1.3779529930923412e-02,
          -1.2943700516954594e-02, 2.8093948050073213e-02,
          -7.2014185719977359e-03, 2.3178078073379738e-02,
          1.9620116957970508e-02, 1.4485275424144725e-01,
          3.1460092576679338e-02, 2.7580215549861200e-02,
          -6.9918447436369408e-02, -8.4595822139024082e-03,
          9.2663889919882891e-02, 4.6619235654576943e-02,
          -5.2766950437286617e-02, 1.6663328903238930e-02,
          1.3317250250498560e-02, 3.1460092576679338e-02,
          4.1519298059847365e-01, 5.8193017756961703e-03,
          7.8410590744334499e-02, -5.4994497449573840e-02,
          6.7910530043748640e-02, 1.1082418054821253e-01,
          1.5240827277477859e-02, 2.3979073613507033e-02,
          3.0452632093810970e-02, 2.7580215549861200e-02,
          5.8193017756961712e-03, 2.3170338539482616e-01,
          6.0793853110282001e-02, 3.8817767581862617e-02,
          1.3151650552942740e-01, 1.4848293003620433e-01,
          9.2690235967739806e-04, -1.6324878009125999e-03,
          -3.5863489126684356e-02, -6.9918447436369408e-02,
          7.8410590744334499e-02, 6.0793853110281987e-02,
          5.6524806645933712e-01, 2.7585453832010717e-02,
          8.9806169783176820e-02, 1.1044213730978594e-01,
          3.8746401429589933e-02, 5.5918690173019231e-03,
          1.3779529930923412e-02, -8.4595822139024099e-03,
          -5.4994497449573861e-02, 3.8817767581862617e-02,
          2.7585453832010727e-02, 1.2105986865165333e-01 ]
   - !!opencv-matrix
      rows: 10
      cols: 10
      dt: d
      data: [ 5.9667413658927866e-02, 1.2356173873726050e-02,
          1.2289034877838811e-02, 4.4456097650323595e-04,
          2.3922247549774973e-03, 2.7480592942648319e-03,
          2.6511578882236202e-02, 2.9706129587412115e-04,
          -3.2145761385180670e-03, 8.2080796162104397e-02,
          1.2356173873726050e-02, 4.0712041413834112e-03,
          2.3546846943984486e-03, 1.9794961197303895e-04,
          6.7537908561952388e-04, 6.0865117622286040e-04,
          7.0864157274339928e-03, 3.3760248290625806e-04,
          -4.5457788285622482e-04, 2.4272339157159015e-02,
          1.2289034877838811e-02, 2.3546846943984481e-03,
          1.3950571665413417e-02, 1.5267066804033571e-04,
          4.9907342223454512e-04, 1.4936981590584229e-04,
          3.3753604251776843e-03, 8.0784217327935324e-04,
          -5.9867660347604507e-03, 1.2099210679054425e-02,
          4.4456097650323606e-04, 1.9794961197303908e-04,
          1.5267066804033582e-04, 8.6771536198809521e-03,
          2.7444616776394810e-04, -5.7127873911248491e-04,
          2.6726652950118389e-04, -2.7799356319010904e-03,
          1.1218960988762264e-04, 1.4605837555532030e-03,
          2.3922247549774973e-03, 6.7537908561952388e-04,
          4.9907342223454545e-04, 2.7444616776394810e-04,
          1.3917422925497434e-02, 3.2444082753235959e-04,
          1.3793849129448315e-03, -1.9030100489727292e-03,
          -1.6921240877738424e-03, 2.7626998428374552e-03,
          2.7480592942648306e-03, 6.0865117622286040e-04,
          1.4936981590584235e-04, -5.7127873911248480e-04,
          3.2444082753235959e-04, 2.6523986576021438e-02,
          2.3666009199314105e-03, -7.7984752914196003e-04,
          -5.4815098262634126e-03, 7.5781661946617059e-03,
          2.6511578882236202e-02, 7.0864157274339928e-03,
          3.3753604251776843e-03, 2.6726652950118389e-04,
          1.3793849129448313e-03, 2.3666009199314109e-03,
          2.3960127113865314e-02, 5.0938604653506781e-04,
          2.8105697838533379e-03, 4.7591815421676495e-02,
          2.9706129587412115e-04, 3.3760248290625806e-04,
          8.0784217327935324e-04, -2.7799356319010899e-03,
          -1.9030100489727288e-03, -7.7984752914195970e-04,
          5.0938604653506781e-04, 1.2154869739678208e-02,
          -3.3337608971948521e-05, 8.8638634771928682e-04,
          -3.2145761385180670e-03, -4.5457788285622460e-04,
          -5.9867660347604507e-03, 1.1218960988762256e-04,
          -1.6921240877738430e-03, -5.4815098262634117e-03,
          2.8105697838533379e-03, -3.3337608971948548e-05,
          1.9930947230025856e-01, -1.4424130643316326e-02,
          8.2080796162104397e-02, 2.4272339157159022e-02,
          1.2099210679054425e-02, 1.4605837555532030e-03,
          2.7626998428374543e-03, 7.5781661946617085e-03,
          4.7591815421676488e-02, 8.8638634771928682e-04,
          -1.4424130643316322e-02, 3.1492565279082990e-01 ]
   - !!opencv-matrix
      rows: 10
      cols: 10
      dt: d
      data: [ 9.6078026003349512e-02, 1.9615383607613564e-02,
          3.1201952032618861e-02, -6.6137881644401321e-04,
          2.7779432394194102e-03, 7.6535708718646382e-04,
          8.3146893836310663e-03, 1.9348235977104031e-03,
          4.7447079939718223e-03, 2.4215171006595673e-02,
          1.9615383607613564e-02, 8.5181262600294190e-03,
          7.4101514501652152e-03, -2.1101029612624270e-04,
          1.1744176825108203e-03, 3.3453004453400575e-04,
          3.8121915755018297e-03, 1.0604867952500757e-03,
          3.1652818539543701e-03, 6.0764521791217040e-03,
          3.1201952032618854e-02, 7.4101514501652178e-03,
          2.5545106455100469e-02, -6.2109880251755344e-04,
          7.2590202280290318e-04, 2.7327184650794838e-04,
          2.0658824936043888e-04, 2.3123003534268379e-03,
          -2.9047214796627764e-03, 7.8976525359084390e-03,
          -6.6137881644401299e-04, -2.1101029612624267e-04,
          -6.2109880251755322e-04, 1.4086672110462347e-02,
          2.5614533228418107e-04, -5.3045597711610731e-04,
          2.1518013914869453e-04, -5.3822764263159297e-03,
          1.1920475324852876e-04, 1.2799807524895566e-04,
          2.7779432394194102e-03, 1.1744176825108203e-03,
          7.2590202280290350e-04, 2.5614533228418112e-04,
          2.6441035968748822e-02, 1.2090712377392977e-04,
          1.2484113803219892e-03, -2.7190353023870584e-03,
          8.0902641949232859e-04, -2.6687868728687332e-04,
          7.6535708718646306e-04, 3.3453004453400575e-04,
          2.7327184650794860e-04, -5.3045597711610731e-04,
          1.2090712377392985e-04, 1.8448716306000996e-02,
          6.6902254467471171e-04, -1.0427833462924880e-03,
          -9.7634828843266202e-04, 6.4779066330148685e-04,
          8.3146893836310645e-03, 3.8121915755018306e-03,
          2.0658824936043896e-04, 2.1518013914869453e-04,
          1.2484113803219897e-03, 6.6902254467471149e-04,
          1.7134737689736588e-02, 3.2148046270866215e-04,
          3.9420301167259579e-03, 2.3230274127086646e-03,
          1.9348235977104031e-03, 1.0604867952500755e-03,
          2.3123003534268383e-03, -5.3822764263159297e-03,
          -2.7190353023870584e-03, -1.0427833462924882e-03,
          3.2148046270866204e-04, 2.6837889949391954e-02,
          -3.8204673720943812e-04, 2.6826448705105921e-03,
          4.7447079939718223e-03, 3.1652818539543701e-03,
          -2.9047214796627764e-03, 1.1920475324852867e-04,
          8.0902641949232859e-04, -9.7634828843266202e-04,
          3.9420301167259579e-03, -3.8204673720943790e-04,
          1.4627953373592404e-02, 3.2540511324438817e-04,
          2.4215171006595673e-02, 6.0764521791217040e-03,
          7.8976525359084390e-03, 1.2799807524895579e-04,
          -2.6687868728687321e-04, 6.4779066330148674e-04,
          2.3230274127086646e-03, 2.6826448705105921e-03,
          3.2540511324438801e-04, 2.0246620800141633e-02 ]
   - !!opencv-matrix
      rows: 10
      cols: 10
      dt: d
      data: [ 9.6945332554419339e-02, 2.1213118148766606e-02,
          3.2743017771106005e-02, 3.0341110073593968e-04,
          5.3860936701453964e-03, 1.5828016801082698e-03,
          1.0429016223136495e-02, 5.3002802740917173e-03,
          5.9949623101552404e-03, 4.6238869848354430e-02,
          2.1213118148766606e-02, 1.1664522543171352e-02,
          1.4430618866143144e-02, 3.7590322213078596e-04,
          2.5646436871636178e-03, 8.1497250228024579e-04,
          5.4952589960065882e-03, 3.7787602351133866e-03,
          4.1972384292187706e-03, 3.9300261460526766e-02,
          3.2743017771106012e-02, 1.4430618866143143e-02,
          6.0660912380847344e-02, 7.2405144529491831e-04,
          3.9054122969982867e-03, 2.9797488752254754e-03,
          5.5776813205123529e-03, 1.3002857009124203e-02,
          6.0578600192783532e-03, 6.2879380338799709e-02,
          3.0341110073594000e-04, 3.7590322213078596e-04,
          7.2405144529491864e-04, 1.0062219944218027e-02,
          5.5413286796186225e-04, -4.4873146758328569e-05,
          6.4741157945647301e-04, -2.4237529424327117e-03,
          4.0409780609664605e-04, 3.0009010545174112e-03,
          5.3860936701453982e-03, 2.5646436871636178e-03,
          3.9054122969982862e-03, 5.5413286796186258e-04,
          1.4633684801485504e-02, 5.4601165150530706e-04,
          1.9209562038471650e-03, -5.2991112937683920e-04,
          1.0715186926946521e-03, 8.5501732012027622e-03,
          1.5828016801082694e-03, 8.1497250228024579e-04,
          2.9797488752254758e-03, -4.4873146758328616e-05,
          5.4601165150530684e-04, 1.7322992826574415e-02,
          8.8620790956849850e-04, 7.1874905696022893e-04,
          -1.2674690524651946e-04, 3.6121568303146838e-03,
          1.0429016223136495e-02, 5.4952589960065882e-03,
          5.5776813205123520e-03, 6.4741157945647269e-04,
          1.9209562038471650e-03, 8.8620790956849839e-04,
          1.5581052971307234e-02, 2.5254525208943559e-03,
          2.4152481241065749e-03, 2.1685648096500126e-02,
          5.3002802740917156e-03, 3.7787602351133866e-03,
          1.3002857009124203e-02, -2.4237529424327117e-03,
          -5.2991112937683909e-04, 7.1874905696022893e-04,
          2.5254525208943551e-03, 1.9254620802821316e-02,
          1.6964586207574351e-03, 2.5498159908348177e-02,
          5.9949623101552413e-03, 4.1972384292187706e-03,
          6.0578600192783558e-03, 4.0409780609664589e-04,
          1.0715186926946523e-03, -1.2674690524651949e-04,
          2.4152481241065749e-03, 1.6964586207574349e-03,
          5.4762177269314840e-03, 1.8364961965810053e-02,
          4.6238869848354430e-02, 3.9300261460526766e-02,
          6.2879380338799709e-02, 3.0009010545174091e-03,
          8.5501732012027622e-03, 3.6121568303146838e-03,
          2.1685648096500129e-02, 2.5498159908348181e-02,
          1.8364961965810049e-02, 4.6636148792978122e-01 ]
intactC: !!opencv-matrix
   rows: 1
   cols: 5
   dt: d
   data: [ 4.1332589771754530e-01, 6.1918728590647412e-02,
       2.1057464285799837e-01, 2.0776578727941183e-01,
       3.2180147652429672e-02 ]
intactNumEvents: 743046.
intactMaxVals: !!opencv-matrix
   rows: 1
   cols: 10
   dt: d
   data: [ 4.5000000000000000e+00, 4.5000000000000000e+00,
       4.5000000000000000e+00, 4.5000000000000000e+00,
       4.5000000000000000e+00, 4.5000000000000000e+00,
       4.5000000000000000e+00, 4.5000000000000000e+00,
       4.5000000000000000e+00, 4.5000000000000000e+00 ]
CD19Gmmnames:
   - "CD19.Bue089.0"
   - "CD19.Bue089.1"
CD19Labels:
   - FSC-A
   - SSC-A
   - SY41
   - CD19
   - CD10
   - CD20
   - CD45
   - CD34
   - CD38
   - CD58
CD19Mu: !!opencv-matrix
   rows: 2
   cols: 10
   dt: d
   data: [ 1.3166500688156026e+00, 2.8921910182301863e-01,
       2.0318147235795045e+00, 3.1245965829411877e+00,
       1.1990270798549623e+00, 3.3188231835489730e+00,
       3.1323632476487657e+00, 1.1478521703204541e+00,
       1.4864410882192207e+00, 1.9663480775951652e+00,
       1.0443818978699497e+00, 1.9338847000358997e-01,
       1.9159710283489899e+00, 3.1048681418225104e+00,
       9.0079414537029101e-01, 3.2570415596580093e+00,
       3.1170387330397289e+00, 1.0789302581379809e+00,
       1.2987729095052698e+00, 1.4863371521621518e+00 ]
CD19Sigma:
   - !!opencv-matrix
      rows: 10
      cols: 10
      dt: d
      data: [ 1.6773468667951366e-01, 3.0160400780942828e-02,
          4.6344675091011131e-02, 2.7661838292985991e-02,
          -3.5921677426884471e-02, 1.2512080235795472e-02,
          3.9574946857038482e-02, 1.1556603177337116e-02,
          3.1513702954425286e-02, 8.4182254540495507e-02,
          3.0160400780942828e-02, 1.5029101471837355e-02,
          1.3925526150902428e-02, 6.9250378299152426e-03,
          -1.3148004094300312e-02, -7.9439325764738531e-04,
          8.5451172844610533e-03, 9.4183508807797415e-03,
          1.6747317321549791e-02, 3.9634493688802015e-02,
          4.6344675091011138e-02, 1.3925526150902428e-02,
          6.7851782175756228e-02, -6.0493526972547436e-03,
          -2.0532332023393923e-02, -2.7150877583938048e-02,
          -2.3740819237717571e-03, 1.7909802582924076e-02,
          2.8233381842670501e-02, 5.2878221201796687e-02,
          2.7661838292985980e-02, 6.9250378299152392e-03,
          -6.0493526972547418e-03, 6.3401129421603489e-02,
          -6.8235626415827609e-03, 6.6936274429365603e-02,
          2.8500521222176802e-02, -1.1584010124688132e-02,
          -3.2328813626586399e-02, 1.0047419836233931e-02,
          -3.5921677426884471e-02, -1.3148004094300312e-02,
          -2.0532332023393923e-02, -6.8235626415827609e-03,
          1.7982342374502536e-01, 1.0125648538228563e-02,
          -6.2599210265705651e-03, -1.3471388105591784e-02,
          4.3179980267105521e-03, -5.9280708184835496e-02,
          1.2512080235795472e-02, -7.9439325764738553e-04,
          -2.7150877583938051e-02, 6.6936274429365603e-02,
          1.0125648538228562e-02, 2.1565869446647584e-01,
          4.6877643744367106e-02, -1.1120399557556480e-02,
          -1.4141222103818760e-01, -7.6351244680698295e-03,
          3.9574946857038475e-02, 8.5451172844610533e-03,
          -2.3740819237717567e-03, 2.8500521222176806e-02,
          -6.2599210265705668e-03, 4.6877643744367106e-02,
          6.1536744493583172e-02, -3.8071117567164280e-03,
          -2.5782242563902699e-02, 3.1259343899325415e-02,
          1.1556603177337118e-02, 9.4183508807797415e-03,
          1.7909802582924076e-02, -1.1584010124688132e-02,
          -1.3471388105591784e-02, -1.1120399557556485e-02,
          -3.8071117567164262e-03, 1.4443161369702281e-01,
          2.3119594963393827e-02, 2.8554100968494936e-02,
          3.1513702954425286e-02, 1.6747317321549791e-02,
          2.8233381842670501e-02, -3.2328813626586399e-02,
          4.3179980267105539e-03, -1.4141222103818760e-01,
          -2.5782242563902699e-02, 2.3119594963393827e-02,
          3.0890119438993835e-01, 2.3598586108773252e-02,
          8.4182254540495521e-02, 3.9634493688802015e-02,
          5.2878221201796687e-02, 1.0047419836233931e-02,
          -5.9280708184835509e-02, -7.6351244680698304e-03,
          3.1259343899325415e-02, 2.8554100968494943e-02,
          2.3598586108773259e-02, 2.2469544875208486e-01 ]
   - !!opencv-matrix
      rows: 10
      cols: 10
      dt: d
      data: [ 3.3463867433977793e-02, 6.3821340208413532e-03,
          6.9893923941344053e-03, 1.2550631814462662e-02,
          1.5735016309536736e-03, 1.4520319218938576e-02,
          1.5230918250389646e-02, -6.7861562902998265e-04,
          -4.3515955047027282e-03, 2.9865464434540471e-02,
          6.3821340208413532e-03, 2.2121730138456065e-03,
          6.4548464463501896e-04, 3.2437681159200862e-03,
          4.6770044202204634e-04, 4.4154993974515498e-03,
          3.6848379713087403e-03, -6.6077849568484049e-06,
          -1.1660613389973991e-03, 9.7766606122752335e-03,
          6.9893923941344053e-03, 6.4548464463501896e-04,
          1.4689951004920215e-02, 7.6671657922423232e-05,
          -1.4492076403486525e-05, -1.6836486168862565e-03,
          1.0080391590198622e-04, 2.3979278835158419e-04,
          1.1497418518472144e-04, 2.0764553806714796e-03,
          1.2550631814462662e-02, 3.2437681159200862e-03,
          7.6671657922423205e-05, 3.1329156326391584e-02,
          -2.9526675648900444e-04, 1.7485629485466805e-02,
          1.1784579015830490e-02, -5.7141037944915653e-03,
          -2.3596640835713617e-03, 8.1621745033170177e-03,
          1.5735016309536742e-03, 4.6770044202204645e-04,
          -1.4492076403486588e-05, -2.9526675648900455e-04,
          1.9560593386741452e-02, 2.1656486121457048e-03,
          6.3285561832103206e-04, -1.1285025532005890e-03,
          8.7533693044961731e-04, -9.8067923762035745e-05,
          1.4520319218938576e-02, 4.4154993974515498e-03,
          -1.6836486168862559e-03, 1.7485629485466805e-02,
          2.1656486121457040e-03, 3.5069399034817969e-02,
          1.0782218740174232e-02, -9.7181377439220919e-04,
          -7.3591624954478857e-03, 1.4061775110947101e-02,
          1.5230918250389646e-02, 3.6848379713087403e-03,
          1.0080391590198612e-04, 1.1784579015830490e-02,
          6.3285561832103206e-04, 1.0782218740174231e-02,
          1.8903081683045022e-02, -6.0200873230780078e-04,
          -1.7274564674552646e-03, 1.6207813718549246e-02,
          -6.7861562902998254e-04, -6.6077849568484006e-06,
          2.3979278835158433e-04, -5.7141037944915653e-03,
          -1.1285025532005897e-03, -9.7181377439220929e-04,
          -6.0200873230780068e-04, 5.7054895451999696e-02,
          -9.2086724584043776e-04, 8.1341228706509003e-04,
          -4.3515955047027282e-03, -1.1660613389973993e-03,
          1.1497418518472140e-04, -2.3596640835713617e-03,
          8.7533693044961709e-04, -7.3591624954478857e-03,
          -1.7274564674552646e-03, -9.2086724584043809e-04,
          3.7801203357491625e-02, -9.7663201985511167e-03,
          2.9865464434540464e-02, 9.7766606122752352e-03,
          2.0764553806714809e-03, 8.1621745033170177e-03,
          -9.8067923762035528e-05, 1.4061775110947101e-02,
          1.6207813718549246e-02, 8.1341228706509035e-04,
          -9.7663201985511167e-03, 1.2774132712749262e-01 ]
CD19C: !!opencv-matrix
   rows: 1
   cols: 2
   dt: d
   data: [ 9.9551836996732840e-03, 6.4201120146811383e-02 ]
CD19NumEvents: 59520.
CD19MaxVals: !!opencv-matrix
   rows: 1
   cols: 10
   dt: d
   data: [ 4.5000000000000000e+00, 4.5000000000000000e+00,
       4.5000000000000000e+00, 4.5000000000000000e+00,
       4.5000000000000000e+00, 4.5000000000000000e+00,
       4.5000000000000000e+00, 4.5000000000000000e+00,
       4.5000000000000000e+00, 4.5000000000000000e+00 ]
blastGmmnames:
   - "blast.Bue089.0"
blastLabels:
   - FSC-A
   - SSC-A
   - SY41
   - CD19
   - CD10
   - CD20
   - CD45
   - CD34
   - CD38
   - CD58
blastMu: !!opencv-matrix
   rows: 1
   cols: 10
   dt: d
   data: [ 1.3132262182614158e+00, 3.3012308830779696e-01,
       2.1684788673643083e+00, 3.1866066985660129e+00,
       2.9101732723296632e+00, 3.0343518484206426e+00,
       1.7368060766704498e+00, 1.2929658837734705e+00,
       1.9603759107135590e+00, 2.6673226413272673e+00 ]
blastSigma:
   - !!opencv-matrix
      rows: 10
      cols: 10
      dt: d
      data: [ 6.8988086380785837e-02, 1.9546831152571997e-02,
          2.1828616984199991e-02, -2.4976301618887019e-03,
          4.6652347749131153e-03, 1.5331184953271728e-02,
          2.6357081832821358e-02, -8.2553941903466856e-03,
          1.3723055111679231e-02, 3.3232145011615179e-02,
          1.9546831152571997e-02, 8.7740380158726258e-03,
          7.0175745377772068e-03, -1.3594673106719017e-03,
          2.4095127144533528e-03, 4.4555561925693687e-03,
          1.0083196935388393e-02, 2.1892186871359429e-03,
          5.0941480391939612e-03, 1.5222046200601858e-02,
          2.1828616984199991e-02, 7.0175745377772068e-03,
          1.9903745895304636e-02, -3.4592288181918805e-03,
          -5.9947764571184285e-03, -8.9508829676367870e-03,
          5.4616899317068536e-03, 5.8477013469642502e-03,
          -5.9117641084398629e-03, 1.2420539451878439e-02,
          -2.4976301618887019e-03, -1.3594673106719017e-03,
          -3.4592288181918805e-03, 8.2838459218813873e-02,
          1.7042929685917595e-02, -1.2633577347537655e-02,
          -5.6784051962237517e-03, 1.5400298412570305e-03,
          -2.4103710425790469e-02, -4.8540162131044525e-04,
          4.6652347749131153e-03, 2.4095127144533528e-03,
          -5.9947764571184285e-03, 1.7042929685917595e-02,
          8.8092321042232816e-02, 1.3808530872408379e-02,
          -3.5268897919796989e-02, -1.3389158615234466e-02,
          1.3750824068385884e-02, 5.5404394648396766e-03,
          1.5331184953271728e-02, 4.4555561925693687e-03,
          -8.9508829676367870e-03, -1.2633577347537655e-02,
          1.3808530872408379e-02, 9.3136640024888584e-02,
          7.4894939367263708e-05, -1.4286334375812747e-02,
          2.7025912187775853e-02, -6.7160901346435646e-03,
          2.6357081832821358e-02, 1.0083196935388393e-02,
          5.4616899317068536e-03, -5.6784051962237517e-03,
          -3.5268897919796989e-02, 7.4894939367263708e-05,
          1.2102005415467861e-01, 6.2395052238158003e-03,
          3.5384345356123351e-02, 6.7921368077174873e-03,
          -8.2553941903466856e-03, 2.1892186871359429e-03,
          5.8477013469642502e-03, 1.5400298412570305e-03,
          -1.3389158615234466e-02, -1.4286334375812747e-02,
          6.2395052238158003e-03, 1.7545634908664381e-01,
          -1.3798000098000970e-02, 2.0191238499127052e-02,
          1.3723055111679231e-02, 5.0941480391939612e-03,
          -5.9117641084398629e-03, -2.4103710425790469e-02,
          1.3750824068385884e-02, 2.7025912187775853e-02,
          3.5384345356123351e-02, -1.3798000098000970e-02,
          1.4207613008475653e-01, -8.1141682234672930e-03,
          3.3232145011615179e-02, 1.5222046200601858e-02,
          1.2420539451878439e-02, -4.8540162131044525e-04,
          5.5404394648396766e-03, -6.7160901346435646e-03,
          6.7921368077174873e-03, 2.0191238499127052e-02,
          -8.1141682234672930e-03, 6.1467363502351574e-02 ]
blastC: !!opencv-matrix
   rows: 1
   cols: 1
   dt: d
   data: [ 7.8492055482670128e-05 ]
blastNumEvents: 63.
blastMaxVals: !!opencv-matrix
   rows: 1
   cols: 10
   dt: d
   data: [ 4.5000000000000000e+00, 4.5000000000000000e+00,
       4.5000000000000000e+00, 4.5000000000000000e+00,
       4.5000000000000000e+00, 4.5000000000000000e+00,
       4.5000000000000000e+00, 4.5000000000000000e+00,
       4.5000000000000000e+00, 4.5000000000000000e+00 ]
