%YAML:1.0
---
groups:
   - intact
   - CD19
   - blast
intactGmmnames:
   - "intact.Bue065.0"
   - "intact.Bue065.1"
   - "intact.Bue065.2"
   - "intact.Bue065.3"
   - "intact.Bue065.4"
intactLabels:
   - FSC-A
   - SSC-A
   - SY41
   - CD19
   - CD10
   - CD20
   - CD45
   - CD34
   - CD38
   - CD58
intactMu: !!opencv-matrix
   rows: 5
   cols: 10
   dt: d
   data: [ 7.1991268473172609e-01, 1.7512266814011829e-01,
       3.5914151525733531e+00, 1.0511846304227961e+00,
       8.7601289182791142e-01, 1.0739461459237054e+00,
       1.3322678809876178e+00, 1.2238338848416952e+00,
       1.2495805069472585e+00, 2.3310093218572865e+00,
       1.4461763503148037e+00, 6.7607228535352282e-01,
       3.8625563831136289e+00, 1.2010958078939937e+00,
       1.2151220349842684e+00, 1.3778814439454949e+00,
       2.5172660485143128e+00, 1.7423364163747350e+00,
       1.9824729226069362e+00, 2.2490172302796196e+00,
       1.0715447084333316e+00, 2.1540583017226436e-01,
       3.6805125658353437e+00, 1.0589716666709243e+00,
       9.0267617026007640e-01, 1.1434005068473709e+00,
       3.6529168454249779e+00, 1.1709859985757265e+00,
       2.0516180916626605e+00, 1.3462489161309572e+00,
       1.8706241096452796e+00, 2.1711290057505024e+00,
       3.6021559212529524e+00, 1.1531987286328262e+00,
       2.4515429982148693e+00, 1.2693516730481775e+00,
       3.2293515218051496e+00, 1.6642195155435686e+00,
       1.9795355724860419e+00, 2.4681582063371912e+00,
       2.0324864082884346e+00, 1.4718785140805879e+00,
       3.8363017595751416e+00, 1.1135539170314155e+00,
       1.0141825330646406e+00, 1.2198141454775910e+00,
       3.0564535925698215e+00, 1.6306080031744548e+00,
       2.6816247273558531e+00, 2.3845229593050230e+00 ]
intactSigma:
   - !!opencv-matrix
      rows: 10
      cols: 10
      dt: d
      data: [ 4.2120020551704281e-02, 9.7405747403840372e-03,
          2.7535154568977253e-02, 1.1756584794344236e-03,
          1.2254791601545114e-03, 1.2752855493255236e-03,
          3.6083347494304109e-03, 3.5383981745160291e-03,
          6.4072146744366745e-03, 2.7494229416750129e-02,
          9.7405747403840372e-03, 3.8099112509201475e-03,
          6.9271906656064646e-03, 3.2577970719751816e-04,
          5.5204671145600624e-04, 4.7646427543395457e-04,
          2.0809913776756199e-03, 1.6967447057417828e-03,
          2.3795109159579415e-03, 9.3221007501327995e-03,
          2.7535154568977253e-02, 6.9271906656064655e-03,
          5.0795593527397452e-02, 1.9421207816789970e-03,
          2.9009904137326163e-04, 1.6009111184122665e-03,
          -5.0618070132528786e-03, 3.2813221331531132e-03,
          4.8819411154726816e-03, 1.5994278044846832e-02,
          1.1756584794344234e-03, 3.2577970719751810e-04,
          1.9421207816789968e-03, 8.2302834636929709e-03,
          2.4486673349868697e-04, -2.6388547018209432e-04,
          -1.2128777432527819e-04, -4.4542257560366153e-03,
          4.0779420496366172e-04, 9.8818065955390603e-04,
          1.2254791601545112e-03, 5.5204671145600624e-04,
          2.9009904137326147e-04, 2.4486673349868692e-04,
          1.5531440496540098e-02, 2.7917106163346996e-04,
          1.1442507588304558e-03, -2.1328498259152720e-03,
          4.6503961246690872e-04, -2.6287111514596977e-04,
          1.2752855493255234e-03, 4.7646427543395457e-04,
          1.6009111184122665e-03, -2.6388547018209448e-04,
          2.7917106163347023e-04, 1.5069878599990337e-02,
          5.7071624952902350e-04, -5.7856241628247010e-04,
          -6.4486253839596362e-04, 1.0369506880334072e-03,
          3.6083347494304096e-03, 2.0809913776756203e-03,
          -5.0618070132528786e-03, -1.2128777432527803e-04,
          1.1442507588304560e-03, 5.7071624952902340e-04,
          7.5548332433686777e-02, 1.7740259272652327e-03,
          7.4687748462193358e-04, 4.4332304368503361e-03,
          3.5383981745160296e-03, 1.6967447057417830e-03,
          3.2813221331531132e-03, -4.4542257560366153e-03,
          -2.1328498259152720e-03, -5.7856241628246989e-04,
          1.7740259272652327e-03, 2.9948242908597662e-02,
          1.2254305273034845e-03, 3.9335100182102270e-03,
          6.4072146744366745e-03, 2.3795109159579415e-03,
          4.8819411154726816e-03, 4.0779420496366188e-04,
          4.6503961246690872e-04, -6.4486253839596383e-04,
          7.4687748462193358e-04, 1.2254305273034845e-03,
          6.5297240085305840e-03, 6.9493787726108451e-03,
          2.7494229416750129e-02, 9.3221007501327995e-03,
          1.5994278044846832e-02, 9.8818065955390603e-04,
          -2.6287111514596988e-04, 1.0369506880334076e-03,
          4.4332304368503361e-03, 3.9335100182102288e-03,
          6.9493787726108459e-03, 5.2713842325208024e-02 ]
   - !!opencv-matrix
      rows: 10
      cols: 10
      dt: d
      data: [ 2.8144291312320752e-01, 1.8810929571593510e-01,
          3.7147503479060720e-02, 2.7910561102143801e-02,
          9.4396819512063260e-02, 2.1527380712975837e-02,
          2.2523030600914007e-01, 7.9241171055361145e-02,
          1.6616268204857784e-01, 1.0515376619380118e-01,
          1.8810929571593510e-01, 3.4802836890321687e-01,
          1.9934349025197140e-02, 6.0300845131701794e-02,
          2.1231533441467035e-01, 1.2301305879099507e-01,
          2.2119380531976476e-01, 1.6034398194542876e-01,
          1.2400193706323984e-01, 1.1479104521381087e-01,
          3.7147503479060720e-02, 1.9934349025197137e-02,
          9.2394276184475294e-02, 4.9918879390213966e-03,
          -6.5988093617686660e-03, 7.7216557109191508e-03,
          -5.4303837701256318e-02, 1.9616629038579664e-02,
          -2.2032350762947916e-02, -7.6861510077476103e-03,
          2.7910561102143801e-02, 6.0300845131701794e-02,
          4.9918879390213966e-03, 9.3694131555669025e-02,
          5.1523198142050156e-02, 7.8450388871154603e-02,
          5.8036789778564545e-02, 5.6028591597541311e-02,
          1.3299073399497475e-02, 2.2997977668190641e-02,
          9.4396819512063260e-02, 2.1231533441467032e-01,
          -6.5988093617686660e-03, 5.1523198142050156e-02,
          3.0484258369083672e-01, 9.4924116912598153e-02,
          1.7778982257334253e-01, 1.0654208899534344e-01,
          4.7274513840595327e-02, 5.8511287514222618e-02,
          2.1527380712975837e-02, 1.2301305879099507e-01,
          7.7216557109191508e-03, 7.8450388871154603e-02,
          9.4924116912598153e-02, 2.9893676763465726e-01,
          1.3383785364005912e-01, 1.8708330333718995e-01,
          -3.3439235414502448e-03, 1.7182751426017988e-02,
          2.2523030600914007e-01, 2.2119380531976479e-01,
          -5.4303837701256318e-02, 5.8036789778564545e-02,
          1.7778982257334253e-01, 1.3383785364005912e-01,
          9.4460832096418890e-01, 1.7116382433072033e-01,
          4.2029457574211043e-01, -6.5206031841973691e-05,
          7.9241171055361145e-02, 1.6034398194542879e-01,
          1.9616629038579664e-02, 5.6028591597541311e-02,
          1.0654208899534344e-01, 1.8708330333718995e-01,
          1.7116382433072033e-01, 4.0418895277450834e-01,
          1.2163286583279641e-01, 6.5153995697440820e-02,
          1.6616268204857784e-01, 1.2400193706323982e-01,
          -2.2032350762947919e-02, 1.3299073399497475e-02,
          4.7274513840595327e-02, -3.3439235414502448e-03,
          4.2029457574211043e-01, 1.2163286583279639e-01,
          5.4117411315090724e-01, 2.1894383524646857e-02,
          1.0515376619380119e-01, 1.1479104521381088e-01,
          -7.6861510077476120e-03, 2.2997977668190641e-02,
          5.8511287514222618e-02, 1.7182751426017988e-02,
          -6.5206031841973867e-05, 6.5153995697440806e-02,
          2.1894383524646857e-02, 3.2255214946939409e-01 ]
   - !!opencv-matrix
      rows: 10
      cols: 10
      dt: d
