%YAML:1.0
---
groups:
   - intact
   - CD19
   - blast
intactGmmnames:
   - "intact.Bue087.0"
   - "intact.Bue087.1"
   - "intact.Bue087.2"
   - "intact.Bue087.3"
   - "intact.Bue087.4"
intactLabels:
   - FSC-A
   - SSC-A
   - SY41
   - CD19
   - CD10
   - CD20
   - CD45
   - CD34
   - CD38
   - CD58
intactMu: !!opencv-matrix
   rows: 5
   cols: 10
   dt: d
   data: [ 2.2823361083968003e+00, 1.3897202211650350e+00,
       2.5704931130961226e+00, 1.1811148947213768e+00,
       1.4998508537177722e+00, 1.4567032431892113e+00,
       2.6517303288410377e+00, 1.8869950316809159e+00,
       2.0449371458157506e+00, 2.7030393734660016e+00,
       1.0042195147704034e+00, 1.8121132468591369e-01,
       2.3192784299746818e+00, 9.7822044861160340e-01,
       9.1045179338504234e-01, 1.0750365648957956e+00,
       3.0003986614117570e+00, 1.1000021728170679e+00,
       1.3774225685833563e+00, 1.6357132946604449e+00,
       1.0076247894164736e+00, 1.8690592541874071e-01,
       2.3108283669898557e+00, 1.0945764468432193e+00,
       1.1848370235357382e+00, 1.0969195022706026e+00,
       3.0164935151831274e+00, 1.1343828880422324e+00,
       1.9063376854522562e+00, 1.7662554633025573e+00,
       9.9493482878721751e-01, 2.2164069774160258e-01,
       2.6075227124820892e+00, 9.6604738758540409e-01,
       8.8706961928375327e-01, 1.0629482480717645e+00,
       1.4463199341695669e+00, 1.1746544347890200e+00,
       1.3382680968076788e+00, 2.5462615695597566e+00,
       1.5252659489843339e+00, 6.9498879998711449e-01,
       2.5421532824602808e+00, 1.3124934823234473e+00,
       1.8068913197254719e+00, 1.3178554649080449e+00,
       2.0670657346668539e+00, 1.7594331453544043e+00,
       1.8300642538929874e+00, 2.2971164377801285e+00 ]
intactSigma:
   - !!opencv-matrix
      rows: 10
      cols: 10
      dt: d
      data: [ 1.7949430609273700e-01, 1.0978608064216341e-01,
          5.7916323216710393e-03, 1.5356364858640476e-02,
          1.2196544413067978e-02, 2.7638043862607781e-02,
          2.6933986349430516e-02, 4.7610687021831195e-02,
          3.6030068035694009e-02, 1.9522211073228549e-02,
          1.0978608064216341e-01, 1.2439089426176002e-01,
          5.4583233085192043e-03, 1.0857905642135460e-02,
          3.1021167563820003e-02, 1.9741778247433502e-02,
          3.9433684076629213e-02, 3.0087152177718797e-02,
          2.5542520089218236e-02, 1.8657606682063788e-02,
          5.7916323216710384e-03, 5.4583233085192025e-03,
          9.4942655763856926e-03, 1.9563419613132657e-04,
          -1.0467000024806147e-02, 4.1674533537949610e-03,
          -8.2664985085771393e-03, 9.2876351344750776e-03,
          9.2812507983881035e-03, -6.0211873626652074e-04,
          1.5356364858640472e-02, 1.0857905642135460e-02,
          1.9563419613132662e-04, 1.0057783946276810e-01,
          3.0940430394548850e-02, 7.2221215026237870e-03,
          1.9631912139023041e-02, -4.4922212950681824e-04,
          3.0625547580181906e-03, 7.3427014635810582e-03,
          1.2196544413067978e-02, 3.1021167563819996e-02,
          -1.0467000024806146e-02, 3.0940430394548850e-02,
          2.4285629212737975e-01, 7.6002065049997642e-03,
          9.1318879385649032e-02, -1.1576882981498834e-02,
          -5.0099453241157679e-02, 2.1826508072895743e-02,
          2.7638043862607781e-02, 1.9741778247433502e-02,
          4.1674533537949619e-03, 7.2221215026237861e-03,
          7.6002065049997651e-03, 4.0525272707338821e-02,
          7.3593038528568860e-03, 2.2651360354104148e-02,
          7.3369283521380543e-03, 5.5554861686943650e-03,
          2.6933986349430516e-02, 3.9433684076629213e-02,
          -8.2664985085771393e-03, 1.9631912139023041e-02,
          9.1318879385649032e-02, 7.3593038528568834e-03,
          8.7547485034263808e-02, -1.3951520195858295e-03,
          -3.3526184563886147e-02, 2.0382799718061180e-02,
          4.7610687021831195e-02, 3.0087152177718783e-02,
          9.2876351344750759e-03, -4.4922212950681845e-04,
          -1.1576882981498841e-02, 2.2651360354104148e-02,
          -1.3951520195858299e-03, 9.5162534461031303e-02,
          2.4634628355318475e-02, 5.9650704454290611e-03,
          3.6030068035694002e-02, 2.5542520089218236e-02,
          9.2812507983881052e-03, 3.0625547580181898e-03,
          -5.0099453241157672e-02, 7.3369283521380543e-03,
          -3.3526184563886147e-02, 2.4634628355318471e-02,
          1.0202760369164818e-01, 1.5326673736424550e-03,
          1.9522211073228549e-02, 1.8657606682063788e-02,
          -6.0211873626652074e-04, 7.3427014635810564e-03,
          2.1826508072895743e-02, 5.5554861686943659e-03,
          2.0382799718061180e-02, 5.9650704454290628e-03,
          1.5326673736424537e-03, 1.3550990929862471e-02 ]
   - !!opencv-matrix
      rows: 10
      cols: 10
      dt: d
      data: [ 2.7440202758580140e-02, 4.6987666779941374e-03,
          -4.0615541275232786e-03, 1.2857204042084052e-03,
          3.2648545986031815e-03, 5.6427426518639023e-04,
          1.1115996146637459e-02, -4.4962696822173692e-03,
          -6.9289976257261169e-03, 2.8475565103731917e-02,
          4.6987666779941374e-03, 2.4760115330704768e-03,
          -9.4711060392450202e-04, 6.1732504247003286e-04,
          1.5450998686344902e-03, 2.2252267295031633e-04,
          4.1918914012715859e-03, -8.2761667430529114e-05,
          -3.0124775730284198e-03, 1.3184347324345910e-02,
          -4.0615541275232786e-03, -9.4711060392450202e-04,
          4.5812075366677687e-03, -1.1344854331686000e-04,
          -6.8200812516248097e-04, -1.9204987876747534e-04,
          -3.8187477670598804e-03, 1.1474738495319107e-03,
          1.3888352013347921e-03, -6.3551126719191839e-03,
          1.2857204042084052e-03, 6.1732504247003276e-04,
          -1.1344854331685992e-04, 3.2127890220093942e-02,
          4.2665798990409246e-03, -1.1286306115171404e-03,
          8.5356220661576311e-04, -1.0707896835691958e-02,
          -1.4326902901283880e-03, 7.9293096616905191e-03,
          3.2648545986031815e-03, 1.5450998686344906e-03,
          -6.8200812516248097e-04, 4.2665798990409246e-03,
          4.6810932827580851e-02, 1.0228415840249239e-03,
          3.4499312668003512e-03, -1.2613124756088038e-03,
          -3.5851441200693722e-03, 2.2210220863896627e-02,
          5.6427426518639002e-04, 2.2252267295031647e-04,
          -1.9204987876747536e-04, -1.1286306115171399e-03,
          1.0228415840249239e-03, 1.1338603163013590e-02,
          6.1062088562640932e-04, -1.3582001971670420e-03,
          -1.6205018062724389e-03, 2.0353215552143984e-03,
          1.1115996146637459e-02, 4.1918914012715859e-03,
          -3.8187477670598804e-03, 8.5356220661576279e-04,
          3.4499312668003512e-03, 6.1062088562640943e-04,
          2.7416216324921038e-02, -1.8720325188285047e-03,
          -5.4091398145991150e-03, 2.2974620684083426e-02,
          -4.4962696822173692e-03, -8.2761667430529101e-05,
          1.1474738495319107e-03, -1.0707896835691958e-02,
          -1.2613124756088038e-03, -1.3582001971670415e-03,
          -1.8720325188285054e-03, 7.2675518496172278e-02,
          -1.2008498589357716e-03, 7.1126733664008529e-04,
          -6.9289976257261169e-03, -3.0124775730284198e-03,
          1.3888352013347925e-03, -1.4326902901283887e-03,
          -3.5851441200693730e-03, -1.6205018062724385e-03,
          -5.4091398145991142e-03, -1.2008498589357701e-03,
          2.5899188161418150e-02, -2.6010682720268012e-02,
          2.8475565103731917e-02, 1.3184347324345910e-02,
          -6.3551126719191831e-03, 7.9293096616905208e-03,
          2.2210220863896627e-02, 2.0353215552143989e-03,
          2.2974620684083426e-02, 7.1126733664008594e-04,
          -2.6010682720268012e-02, 1.9134698016751414e-01 ]
   - !!opencv-matrix
      rows: 10
      cols: 10
      dt: d
