%YAML:1.0
---
groups:
   - intact
   - CD19
intactGmmnames:
   - "intact.Bue038.0"
   - "intact.Bue038.1"
   - "intact.Bue038.2"
   - "intact.Bue038.3"
   - "intact.Bue038.4"
intactLabels:
   - FSC-A
   - SSC-A
   - SY41
   - CD19
   - CD10
   - CD20
   - CD45
   - CD34
   - CD38
   - CD58
intactMu: !!opencv-matrix
   rows: 5
   cols: 10
   dt: d
   data: [ 1.3330681501197195e+00, 2.6061222971508052e-01,
       3.3314621910236011e+00, 1.0349819603492607e+00,
       9.1264667775890607e-01, 1.0799617542703435e+00,
       3.3787410000713165e+00, 1.4187862644167928e+00,
       1.7888301267026618e+00, 1.8816248979651000e+00,
       1.4321156149712373e+00, 3.3699771339744466e-01,
       3.4473383988159196e+00, 1.0324974984107247e+00,
       9.2042446235143227e-01, 1.1512711335227004e+00,
       3.3414039572866980e+00, 1.3048258737432761e+00,
       1.9620420076083940e+00, 1.8087691710373754e+00,
       1.2699886278860268e+00, 1.7736529295589537e-01,
       3.3285248007359161e+00, 1.0328597466254481e+00,
       9.0478849948315587e-01, 1.0756024880891593e+00,
       3.3473491413866361e+00, 1.4202020708124345e+00,
       1.9866026498089093e+00, 8.0373801003409795e-01,
       2.0158010967645188e+00, 1.0655583595420954e+00,
       3.5239785472349952e+00, 1.1217608918246877e+00,
       1.1383337021200679e+00, 1.2457958270825746e+00,
       3.2603598454128955e+00, 1.9396485434245976e+00,
       2.2584825754719184e+00, 2.5398895621862283e+00,
       1.0329491116622023e+00, 3.6512047129914044e-01,
       3.3569051834876138e+00, 1.0345920515880866e+00,
       9.1829917841217179e-01, 1.0769718735313627e+00,
       1.5883004130839991e+00, 1.5404405193123025e+00,
       1.1178327349394488e+00, 2.6793307463325373e+00 ]
intactSigma:
   - !!opencv-matrix
      rows: 10
      cols: 10
      dt: d
      data: [ 2.6783133932894877e-02, 5.4264898791588677e-03,
          5.1525515273637586e-03, 2.3435104297385003e-04,
          1.4480744470772007e-03, 2.3804555450563825e-04,
          6.9085141650045961e-03, -4.9498507778644139e-03,
          -1.9660940280036985e-02, 7.6143584006985905e-03,
          5.4264898791588677e-03, 4.4780554252681157e-03,
          8.6778407913215214e-04, 1.4154334901537015e-04,
          5.2482796464001257e-04, 1.9979094929276594e-05,
          3.3080835187776327e-03, -3.7003809341027878e-03,
          -6.5899848398694588e-03, 1.0853792429484069e-02,
          5.1525515273637586e-03, 8.6778407913215214e-04,
          6.3059532115336131e-03, 1.1472765577488920e-04,
          3.7090389116190871e-04, 1.8212537765364273e-04,
          1.5926109809110988e-03, 4.2308219660863282e-03,
          -6.9634335007726610e-03, 2.4753156010675785e-04,
          2.3435104297384998e-04, 1.4154334901537026e-04,
          1.1472765577488924e-04, 7.6169998644772859e-03,
          7.7799250231762548e-05, -4.3354663080510367e-04,
          -5.9675401101929889e-05, -6.0300587812003878e-03,
          7.5592547037164437e-04, -8.8372478733186150e-05,
          1.4480744470772011e-03, 5.2482796464001257e-04,
          3.7090389116190876e-04, 7.7799250231762548e-05,
          1.2849835381063775e-02, 3.1280524446316633e-04,
          7.2307216551026885e-04, -2.3273816491281947e-03,
          -2.8404017480218196e-03, -8.0293426995937706e-04,
          2.3804555450563825e-04, 1.9979094929276550e-05,
          1.8212537765364297e-04, -4.3354663080510350e-04,
          3.1280524446316622e-04, 2.5221275066796264e-02,
          6.4792904576561569e-04, 2.1519888591053281e-04,
          -4.8347352656009637e-03, 1.2152580271146956e-03,
          6.9085141650045961e-03, 3.3080835187776327e-03,
          1.5926109809110990e-03, -5.9675401101929950e-05,
          7.2307216551026907e-04, 6.4792904576561590e-04,
          1.0655181186972902e-02, -4.4426320165465794e-03,
          -6.4749361380512776e-03, 4.4782751220365227e-03,
          -4.9498507778644139e-03, -3.7003809341027887e-03,
          4.2308219660863273e-03, -6.0300587812003878e-03,
          -2.3273816491281947e-03, 2.1519888591053281e-04,
          -4.4426320165465803e-03, 1.0310005324032584e-01,
          6.5190338323834517e-03, -2.9624220980255067e-03,
          -1.9660940280036988e-02, -6.5899848398694554e-03,
          -6.9634335007726601e-03, 7.5592547037164502e-04,
          -2.8404017480218192e-03, -4.8347352656009628e-03,
          -6.4749361380512776e-03, 6.5190338323834517e-03,
          3.5509361055411920e-01, -1.6540552752567137e-02,
          7.6143584006985914e-03, 1.0853792429484069e-02,
          2.4753156010675752e-04, -8.8372478733186110e-05,
          -8.0293426995937652e-04, 1.2152580271146953e-03,
          4.4782751220365227e-03, -2.9624220980255076e-03,
          -1.6540552752567137e-02, 9.4562339582395918e-02 ]
   - !!opencv-matrix
      rows: 10
      cols: 10
      dt: d
      data: [ 4.5308096364090923e-02, 1.0489698770489558e-02,
          4.9520221113460246e-04, 2.8576355413048252e-04,
          1.2075360026742663e-03, -8.9785297152749559e-04,
          7.4748144863964376e-03, -1.0422053145630389e-02,
          4.0676349254238076e-02, 4.2126928747028905e-02,
          1.0489698770489556e-02, 1.1433745682180087e-02,
          5.8936667291085781e-04, 1.4786269488434542e-04,
          7.4344128253664150e-04, -3.7255796179428493e-04,
          6.7308015148872646e-03, 1.0166288218525299e-03,
          1.1781748966836886e-02, 4.1952807206553672e-02,
          4.9520221113460278e-04, 5.8936667291085759e-04,
          4.3058342635350300e-02, 1.2218489549831562e-04,
          -6.4222819487355317e-04, -2.4116896594210068e-03,
          9.3126861349107151e-03, -3.2209721022311145e-03,
          -3.7159596926216849e-02, -6.0246810801382264e-03,
          2.8576355413048262e-04, 1.4786269488434545e-04,
          1.2218489549831565e-04, 6.2696742376513702e-03,
          2.0124303124688838e-05, -3.6063145465789969e-04,
          -8.7836343007504850e-05, -6.5441942569717353e-03,
          6.3803616844628299e-04, 7.7239305231152112e-04,
          1.2075360026742663e-03, 7.4344128253664172e-04,
          -6.4222819487355339e-04, 2.0124303124688828e-05,
          1.3640826048181256e-02, 4.8935873251824708e-04,
          7.4432215213325571e-04, -3.4066730309142766e-03,
          -2.9334393192355216e-03, -4.5678485515235768e-04,
          -8.9785297152749494e-04, -3.7255796179428493e-04,
          -2.4116896594210072e-03, -3.6063145465789958e-04,
          4.8935873251824708e-04, 8.8047508720831003e-02,
          4.5237432232161324e-03, -4.9209789091793753e-03,
          -3.7147341924306798e-02, 5.8466876155166261e-03,
          7.4748144863964376e-03, 6.7308015148872654e-03,
          9.3126861349107151e-03, -8.7836343007504795e-05,
          7.4432215213325538e-04, 4.5237432232161324e-03,
          3.3709703627700718e-02, -1.4619086849730572e-02,
          -3.3637398239944063e-03, 1.4156003512215415e-02,
          -1.0422053145630385e-02, 1.0166288218525301e-03,
          -3.2209721022311158e-03, -6.5441942569717353e-03,
          -3.4066730309142775e-03, -4.9209789091793753e-03,
          -1.4619086849730572e-02, 1.2265140372190055e-01,
          2.7221968743414749e-02, 5.5349063913549840e-03,
          4.0676349254238083e-02, 1.1781748966836886e-02,
          -3.7159596926216849e-02, 6.3803616844628299e-04,
          -2.9334393192355221e-03, -3.7147341924306812e-02,
          -3.3637398239944054e-03, 2.7221968743414759e-02,
          6.4587447183013713e-01, 3.4370555036679962e-02,
          4.2126928747028898e-02, 4.1952807206553679e-02,
          -6.0246810801382238e-03, 7.7239305231152091e-04,
          -4.5678485515235752e-04, 5.8466876155166261e-03,
          1.4156003512215415e-02, 5.5349063913549866e-03,
          3.4370555036679948e-02, 3.3185446421418507e-01 ]
   - !!opencv-matrix
      rows: 10
      cols: 10
      dt: d
