%YAML:1.0
---
groups:
   - intact
   - CD19
   - blast
intactGmmnames:
   - "intact.Bue094.0"
   - "intact.Bue094.1"
   - "intact.Bue094.2"
   - "intact.Bue094.3"
   - "intact.Bue094.4"
intactLabels:
   - FSC-A
   - SSC-A
   - SY41
   - CD19
   - CD10
   - CD20
   - CD45
   - CD34
   - CD38
   - CD58
intactMu: !!opencv-matrix
   rows: 5
   cols: 10
   dt: d
   data: [ 1.0870806542499667e+00, 1.9088703442256441e-01,
       2.1642976153540787e+00, 8.2122130875146226e-01,
       8.5671632094971795e-01, 1.0688420978197541e+00,
       2.8079728584191805e+00, 1.1460414657718805e+00,
       1.6714800219520713e+00, 1.2928940746222912e+00,
       9.2705337038953195e-01, 1.6302646039494922e-01,
       2.2063220960554366e+00, 9.6720384397246117e-01,
       8.5262845163535739e-01, 1.0835309782871225e+00,
       2.7573369236583596e+00, 1.1985222387247996e+00,
       1.6451249372956700e+00, 1.2422627908175827e+00,
       1.9761749477217867e+00, 1.7284281807677475e+00,
       2.3210634649045581e+00, 1.1386729986166273e+00,
       1.3408938336936753e+00, 1.2875583294987472e+00,
       2.5238027485649068e+00, 1.5126108641840099e+00,
       1.8164697861111676e+00, 2.4804960782746868e+00,
       1.1918477653381181e+00, 3.0223753582268170e-01,
       2.2253788690246035e+00, 1.0696802787778275e+00,
       8.8855955494969219e-01, 1.1643478575688764e+00,
       2.8914955007905698e+00, 1.1918466287089899e+00,
       2.1182578657842437e+00, 1.9264435492543512e+00,
       9.4074184042998321e-01, 2.7767721711167470e-01,
       2.3658322564471828e+00, 8.8959774853239826e-01,
       8.5619358027875192e-01, 1.0735246351865571e+00,
       1.4790009428121875e+00, 1.2084797762243020e+00,
       1.3010796272648615e+00, 2.4547025215253306e+00 ]
intactSigma:
   - !!opencv-matrix
      rows: 10
      cols: 10
      dt: d
      data: [ 1.8475205413136984e-02, 2.7628838054428295e-03,
          3.1485597144626596e-03, 1.0844016641957408e-03,
          9.7838548222552993e-04, -8.1817097797232504e-05,
          5.2608342819535020e-03, 6.0752307646275345e-04,
          -8.8368123728542348e-03, 1.3933778545765380e-02,
          2.7628838054428286e-03, 2.0891590685272630e-03,
          4.1468547838357568e-04, 4.3116273358436878e-04,
          3.7066015746871383e-04, 9.3910189396676009e-05,
          2.2653211576080115e-03, 1.1276930722181192e-04,
          -3.2812389995199569e-03, 7.5860748461334653e-03,
          3.1485597144626596e-03, 4.1468547838357557e-04,
          3.1426105613522291e-03, 1.0725035001057366e-04,
          1.1314369175651641e-04, -1.7484031730554509e-04,
          -6.6561027885052087e-04, 2.2752869914255126e-04,
          -2.4195879347667392e-03, 2.6342127523017758e-04,
          1.0844016641957408e-03, 4.3116273358436856e-04,
          1.0725035001057363e-04, 1.4792966816374466e-02,
          4.3059386758372806e-04, -5.6954631291505691e-04,
          4.0753163071406993e-04, -4.1707152663007516e-03,
          2.0058900643001932e-04, 1.2261535100825376e-03,
          9.7838548222552971e-04, 3.7066015746871377e-04,
          1.1314369175651634e-04, 4.3059386758372828e-04,
          1.3244786943225319e-02, 3.1067663999193176e-04,
          4.9663052273130341e-04, -1.5963458893069101e-03,
          -1.4794431875975573e-03, -3.1817463610852431e-04,
          -8.1817097797232368e-05, 9.3910189396676009e-05,
          -1.7484031730554512e-04, -5.6954631291505659e-04,
          3.1067663999193181e-04, 1.3230112882497832e-02,
          -2.5016952299451012e-05, -1.6998997973792669e-04,
          -2.0710147380207521e-03, 1.3603081606374889e-03,
          5.2608342819535012e-03, 2.2653211576080115e-03,
          -6.6561027885052087e-04, 4.0753163071407009e-04,
          4.9663052273130287e-04, -2.5016952299451050e-05,
          1.6260207234250437e-02, 1.6675174453824428e-06,
          -2.0203638017085359e-04, 1.0286183887445902e-02,
          6.0752307646275334e-04, 1.1276930722181196e-04,
          2.2752869914255118e-04, -4.1707152663007525e-03,
          -1.5963458893069097e-03, -1.6998997973792661e-04,
          1.6675174453824654e-06, 9.2708696974772679e-03,
          -1.1445005379032366e-03, 1.6542521346000964e-03,
          -8.8368123728542348e-03, -3.2812389995199569e-03,
          -2.4195879347667388e-03, 2.0058900643001926e-04,
          -1.4794431875975575e-03, -2.0710147380207512e-03,
          -2.0203638017085324e-04, -1.1445005379032373e-03,
          9.7904540184384159e-02, -2.8527894023743738e-02,
          1.3933778545765376e-02, 7.5860748461334653e-03,
          2.6342127523017742e-04, 1.2261535100825376e-03,
          -3.1817463610852399e-04, 1.3603081606374885e-03,
          1.0286183887445902e-02, 1.6542521346000971e-03,
          -2.8527894023743734e-02, 1.4453423824112352e-01 ]
   - !!opencv-matrix
      rows: 10
      cols: 10
      dt: d
      data: [ 2.1135077202848782e-02, 2.4894355514356054e-03,
          -5.7522623191897746e-03, 9.2518539390095741e-03,
          6.3577301062846985e-04, -2.5802614494247351e-04,
          6.3480643788573843e-03, -6.1083329597276417e-04,
          -2.5788937057260805e-03, 7.5181869370736986e-03,
          2.4894355514356059e-03, 1.2516309163426182e-03,
          -5.8908139196538656e-04, 1.8695106171421588e-03,
          2.9173094466052166e-04, 2.8242558735045868e-04,
          1.5620103146772616e-03, -5.0735021247560856e-06,
          -1.1252460240313616e-03, 4.1250366384976544e-03,
          -5.7522623191897746e-03, -5.8908139196538656e-04,
          5.5872288888367868e-03, -3.6004157402160634e-03,
          -1.6503866992059269e-04, 7.3719093850722715e-06,
          -3.4606917359491984e-03, 9.6672854935866677e-04,
          -1.0069206644112510e-03, -1.3099417180102231e-03,
          9.2518539390095758e-03, 1.8695106171421588e-03,
          -3.6004157402160630e-03, 5.3277204587079630e-02,
          9.8261959727284631e-04, 1.0484235920301969e-03,
          3.7228665429564784e-03, -1.0002076338630077e-02,
          1.4416673794764902e-03, 6.0016008296854394e-03,
          6.3577301062847028e-04, 2.9173094466052166e-04,
          -1.6503866992059263e-04, 9.8261959727284675e-04,
          1.3010924125640160e-02, 5.1931831419353529e-04,
          5.5744347499254402e-04, -1.6924477267889705e-03,
          -5.9309158876214116e-04, -6.3820766923436141e-04,
          -2.5802614494247335e-04, 2.8242558735045868e-04,
          7.3719093850722470e-06, 1.0484235920301969e-03,
          5.1931831419353507e-04, 1.5418263232525981e-02,
          2.5905221492248141e-04, -5.7992882198532427e-04,
          -1.0508277078937068e-03, 2.2036014348260171e-03,
          6.3480643788573852e-03, 1.5620103146772616e-03,
          -3.4606917359491984e-03, 3.7228665429564784e-03,
          5.5744347499254380e-04, 2.5905221492248157e-04,
          1.4102368520994925e-02, -8.2193746241753895e-04,
          1.3228562204783930e-03, 6.1789560138180866e-03,
          -6.1083329597276417e-04, -5.0735021247560822e-06,
          9.6672854935866677e-04, -1.0002076338630077e-02,
          -1.6924477267889701e-03, -5.7992882198532438e-04,
          -8.2193746241753895e-04, 1.5524815249382340e-02,
          -6.6835969416322559e-04, 1.9569368438988109e-03,
          -2.5788937057260805e-03, -1.1252460240313616e-03,
          -1.0069206644112508e-03, 1.4416673794764895e-03,
          -5.9309158876214116e-04, -1.0508277078937072e-03,
          1.3228562204783934e-03, -6.6835969416322559e-04,
          6.2791142365073660e-02, -7.7301202141866797e-03,
          7.5181869370736978e-03, 4.1250366384976544e-03,
          -1.3099417180102231e-03, 6.0016008296854412e-03,
          -6.3820766923436065e-04, 2.2036014348260171e-03,
          6.1789560138180884e-03, 1.9569368438988109e-03,
          -7.7301202141866823e-03, 1.1226661487448300e-01 ]
   - !!opencv-matrix
      rows: 10
      cols: 10
      dt: d
