%YAML:1.0
---
groups:
   - intact
   - CD19
   - blast
intactGmmnames:
   - "intact.Bue023.0"
   - "intact.Bue023.1"
   - "intact.Bue023.2"
   - "intact.Bue023.3"
   - "intact.Bue023.4"
intactLabels:
   - FSC-A
   - SSC-A
   - SY41
   - CD19
   - CD10
   - CD20
   - CD45
   - CD34
   - CD38
   - CD58
intactMu: !!opencv-matrix
   rows: 5
   cols: 10
   dt: d
   data: [ 1.0818890753715709e+00, 3.0545537899144631e-01,
       3.7364432442955011e+00, 1.1970454454250428e+00,
       1.0997651553220162e+00, 1.2607822720830746e+00,
       1.7318757050714770e+00, 1.2786646275489628e+00,
       1.2722078527609280e+00, 2.5013206849516325e+00,
       1.9004984376767970e+00, 1.2949820514681905e+00,
       3.7583465092701305e+00, 1.2682852067278862e+00,
       1.2380761908103426e+00, 1.3960955512934830e+00,
       2.7606218697107967e+00, 1.7099479764207819e+00,
       2.3900664138186336e+00, 2.6379978274056648e+00,
       7.5994946026062016e-01, 2.1142134144069896e-01,
       3.6634288617158828e+00, 1.1825476636896119e+00,
       1.0842662720729501e+00, 1.2509550481422507e+00,
       1.5474069685737890e+00, 1.2557190447222031e+00,
       1.2169133031280577e+00, 2.6818678375182756e+00,
       1.0926183981079731e+00, 2.6874626517579958e-01,
       3.5853695760779569e+00, 1.1936724405668970e+00,
       1.1053768229616578e+00, 1.2645254453639481e+00,
       3.1649756660167592e+00, 1.1750201860210991e+00,
       1.8513768667475865e+00, 1.6402460650945376e+00,
       1.9210439944596054e+00, 2.3644362454370000e+00,
       3.5842049055812000e+00, 1.2803781712874289e+00,
       2.0686954727639657e+00, 1.3201455520816530e+00,
       2.8267664825300209e+00, 1.7071445431938757e+00,
       1.9277785383344732e+00, 2.7033035770443776e+00 ]
intactSigma:
   - !!opencv-matrix
      rows: 10
      cols: 10
      dt: d
      data: [ 1.4953865773896396e-01, 3.9654786688540590e-02,
          5.7069327246131847e-02, -8.5663098033507033e-04,
          2.0521985797408264e-03, 1.2363862998723723e-04,
          7.2249534678436075e-02, 1.4707995862103012e-02,
          1.2536115666776300e-02, 1.1510346210828924e-01,
          3.9654786688540590e-02, 2.1032618251467732e-02,
          2.1776708015779519e-02, 2.1633840323291828e-04,
          1.7008150276091331e-03, 6.6098056391285047e-04,
          3.3233893361178858e-02, 1.2982091316388760e-02,
          7.7407022231157398e-03, 5.7389337814148497e-02,
          5.7069327246131847e-02, 2.1776708015779512e-02,
          5.8345595733692961e-02, 3.0888105509719964e-04,
          1.7999482110050060e-03, 9.9864946214323655e-04,
          5.4936973307075483e-02, 2.3532232798180158e-02,
          6.6457492458838830e-03, 7.9033220331720250e-02,
          -8.5663098033507076e-04, 2.1633840323291822e-04,
          3.0888105509719959e-04, 5.3448927910744164e-03,
          1.6346102283684036e-04, -6.3210791043731020e-05,
          4.4119830556539977e-04, -4.7222318359856066e-03,
          2.8408720768872487e-04, 1.6416354735692110e-03,
          2.0521985797408268e-03, 1.7008150276091329e-03,
          1.7999482110050060e-03, 1.6346102283684036e-04,
          8.2981624480895130e-03, 2.7648283204201454e-04,
          3.8891297123743421e-03, -2.5840408419311261e-04,
          8.3833028818215379e-04, 2.5703675145597304e-03,
          1.2363862998723748e-04, 6.6098056391285037e-04,
          9.9864946214323655e-04, -6.3210791043731047e-05,
          2.7648283204201475e-04, 4.5982205703965894e-03,
          1.3897969137841469e-03, 7.2416368582047528e-04,
          -1.9446193021850617e-04, 1.0088799539013579e-03,
          7.2249534678436089e-02, 3.3233893361178858e-02,
          5.4936973307075483e-02, 4.4119830556539998e-04,
          3.8891297123743421e-03, 1.3897969137841469e-03,
          1.6133518053400669e-01, 2.9192698609729489e-02,
          1.2422963421704536e-02, 9.8299549871615627e-02,
          1.4707995862103012e-02, 1.2982091316388764e-02,
          2.3532232798180158e-02, -4.7222318359856066e-03,
          -2.5840408419311250e-04, 7.2416368582047484e-04,
          2.9192698609729482e-02, 8.6109260915512589e-02,
          5.2467449673188112e-03, 4.3480654781710912e-02,
          1.2536115666776298e-02, 7.7407022231157398e-03,
          6.6457492458838812e-03, 2.8408720768872498e-04,
          8.3833028818215379e-04, -1.9446193021850619e-04,
          1.2422963421704533e-02, 5.2467449673188130e-03,
          8.8789507429509404e-03, 1.9999316990994494e-02,
          1.1510346210828924e-01, 5.7389337814148497e-02,
          7.9033220331720250e-02, 1.6416354735692112e-03,
          2.5703675145597299e-03, 1.0088799539013579e-03,
          9.8299549871615668e-02, 4.3480654781710912e-02,
          1.9999316990994491e-02, 3.2588542451602759e-01 ]
   - !!opencv-matrix
      rows: 10
      cols: 10
      dt: d
      data: [ 3.7586771246791456e-01, 2.9199889051451322e-01,
          4.3197274153914909e-02, -5.9171507598280776e-03,
          2.1237587269233839e-02, -3.4217590452357477e-02,
          1.1473767250385318e-01, 1.0358928971579601e-02,
          1.6965472394510683e-01, 6.9513131841189083e-02,
          2.9199889051451322e-01, 7.7476302467816194e-01,
          -9.5910074285718658e-03, 2.2442511935001148e-02,
          9.4463328788108772e-02, 4.3459509556007796e-02,
          5.3774296911390781e-02, 1.3478693669368960e-01,
          8.4949521657213617e-02, 7.2565446023341890e-02,
          4.3197274153914909e-02, -9.5910074285718641e-03,
          4.5704309326892394e-02, -5.0496715494243133e-04,
          -1.7681506125554775e-03, 2.0530286565304608e-03,
          2.6908380961138318e-03, 1.5586522080889235e-02,
          8.4611839552466532e-03, 1.5038549454631234e-02,
          -5.9171507598280758e-03, 2.2442511935001144e-02,
          -5.0496715494243100e-04, 4.3280772208786525e-02,
          1.1839879787233314e-02, 2.9548386972881032e-02,
          5.4152982180691433e-03, 2.1681311077740909e-02,
          -1.4833895365768113e-02, 4.6575328875363012e-03,
          2.1237587269233839e-02, 9.4463328788108772e-02,
          -1.7681506125554775e-03, 1.1839879787233314e-02,
          6.8517137144136098e-02, 2.1323721464962822e-02,
          1.3634076546248052e-02, 3.6687919208973477e-02,
          -2.9625456291019602e-02, 6.7978725394049599e-03,
          -3.4217590452357477e-02, 4.3459509556007796e-02,
          2.0530286565304599e-03, 2.9548386972881032e-02,
          2.1323721464962822e-02, 1.1607374058844763e-01,
          1.4823877945740463e-03, 9.6536497894552875e-02,
          -5.5961921567587190e-02, -6.3065608427040928e-04,
          1.1473767250385318e-01, 5.3774296911390775e-02,
          2.6908380961138305e-03, 5.4152982180691442e-03,
          1.3634076546248052e-02, 1.4823877945740463e-03,
          2.4621786509397131e-01, 3.7163066681359784e-03,
          1.4256125944247336e-01, 2.0109526706269594e-02,
          1.0358928971579601e-02, 1.3478693669368957e-01,
          1.5586522080889238e-02, 2.1681311077740909e-02,
          3.6687919208973477e-02, 9.6536497894552875e-02,
          3.7163066681359775e-03, 2.9219283840027016e-01,
          -5.5655206182881063e-02, 2.6882317614252315e-02,
          1.6965472394510683e-01, 8.4949521657213659e-02,
          8.4611839552466515e-03, -1.4833895365768113e-02,
          -2.9625456291019602e-02, -5.5961921567587190e-02,
          1.4256125944247336e-01, -5.5655206182881063e-02,
          4.4880649006558498e-01, 2.3552371557280152e-02,
          6.9513131841189083e-02, 7.2565446023341890e-02,
          1.5038549454631235e-02, 4.6575328875363012e-03,
          6.7978725394049599e-03, -6.3065608427040972e-04,
          2.0109526706269587e-02, 2.6882317614252315e-02,
          2.3552371557280145e-02, 7.3083895061450133e-02 ]
   - !!opencv-matrix
      rows: 10
      cols: 10
      dt: d
