%YAML:1.0
---
groups:
   - intact
   - CD19
   - blast
intactGmmnames:
   - "intact.Bue027.0"
   - "intact.Bue027.1"
   - "intact.Bue027.2"
   - "intact.Bue027.3"
   - "intact.Bue027.4"
intactLabels:
   - FSC-A
   - SSC-A
   - SY41
   - CD19
   - CD10
   - CD20
   - CD45
   - CD34
   - CD38
   - CD58
intactMu: !!opencv-matrix
   rows: 5
   cols: 10
   dt: d
   data: [ 1.6199153484286350e+00, 4.9623420610073143e-01,
       2.0882467551892989e+00, 1.1831688334450257e+00,
       1.1382195585181700e+00, 1.3018448542777408e+00,
       3.4843096340825213e+00, 1.3161123332347997e+00,
       3.0175330129506732e+00, 2.4797820625936691e+00,
       2.3547635012262336e+00, 2.7109962711123821e+00,
       2.2052752010469003e+00, 1.2371148987322036e+00,
       2.0976033558771925e+00, 1.3833250924977907e+00,
       2.9989061309532454e+00, 1.9828830211441182e+00,
       2.0096606482601778e+00, 2.8711019920767171e+00,
       1.0707943158308382e+00, 2.8999392873064217e-01,
       2.1326744997598861e+00, 1.1661035090520997e+00,
       1.1180358772172312e+00, 1.2941320233497373e+00,
       1.4410221444304443e+00, 1.4086372567403505e+00,
       1.2821908123589014e+00, 2.8626759978235619e+00,
       1.2279944973104968e+00, 2.5826109437042655e-01,
       2.0694957834899070e+00, 1.1682789189140668e+00,
       1.1302324959307204e+00, 1.2996700532494847e+00,
       3.4454646174475898e+00, 1.2446625904831703e+00,
       1.8553374256408359e+00, 1.5997096966765327e+00,
       2.1050313844052986e+00, 1.3046694147549855e+00,
       2.5458490737839714e+00, 1.2341883397101026e+00,
       1.2476652604452452e+00, 1.3881935423991520e+00,
       2.6359372926455547e+00, 1.8972454928154288e+00,
       2.3838730594119735e+00, 2.8215261729159176e+00 ]
intactSigma:
   - !!opencv-matrix
      rows: 10
      cols: 10
      dt: d
      data: [ 1.3692598508697915e-01, 6.9858953150704131e-02,
          5.2629916064900438e-02, 3.7043321949941851e-03,
          2.8363126975896585e-03, 1.4659870108268403e-03,
          -1.0426045248430793e-02, 6.5076129577832154e-02,
          -1.0036531706816247e-02, 7.8997091546456510e-02,
          6.9858953150704131e-02, 5.2142175997631678e-02,
          2.7542277136080054e-02, 2.2741973973960509e-03,
          1.9588885813840926e-03, 9.4418576018339328e-04,
          -5.2751309546357839e-03, 4.5246083615903501e-02,
          -1.1148560790038353e-02, 5.5790128528445643e-02,
          5.2629916064900438e-02, 2.7542277136080054e-02,
          3.8154819722551095e-02, 1.0787751077242867e-03,
          7.9102980489163279e-04, 3.7120069475195515e-04,
          -1.3064163740166088e-02, 2.5261267656347071e-02,
          -1.1938718964711383e-02, 3.0452857362093036e-02,
          3.7043321949941838e-03, 2.2741973973960505e-03,
          1.0787751077242862e-03, 7.2632902418106951e-03,
          1.1727121534609802e-04, -4.0773818471687688e-04,
          5.5789296684845525e-05, -4.7627774527290740e-03,
          6.4909985749009443e-04, 2.8181142324456591e-03,
          2.8363126975896576e-03, 1.9588885813840934e-03,
          7.9102980489163268e-04, 1.1727121534609798e-04,
          6.0838343893226078e-03, 7.6187763035305981e-05,
          6.6670552029949844e-04, 2.6897624031086103e-04,
          -7.4391415180368934e-04, 1.5695612230573468e-03,
          1.4659870108268396e-03, 9.4418576018339296e-04,
          3.7120069475195515e-04, -4.0773818471687688e-04,
          7.6187763035306008e-05, 1.6261751584253546e-02,
          1.8338237266773516e-05, 9.9537635977437204e-04,
          -3.1468021468795339e-03, 4.7581897722482149e-04,
          -1.0426045248430793e-02, -5.2751309546357856e-03,
          -1.3064163740166088e-02, 5.5789296684845525e-05,
          6.6670552029949844e-04, 1.8338237266773360e-05,
          2.0151909353263275e-02, -2.6058145115529867e-03,
          2.4536329246562017e-03, -1.9086806463324911e-03,
          6.5076129577832167e-02, 4.5246083615903501e-02,
          2.5261267656347067e-02, -4.7627774527290740e-03,
          2.6897624031086120e-04, 9.9537635977437269e-04,
          -2.6058145115529867e-03, 1.1937577582425689e-01,
          -2.3759061658911850e-02, 5.5032091582733332e-02,
          -1.0036531706816247e-02, -1.1148560790038356e-02,
          -1.1938718964711381e-02, 6.4909985749009422e-04,
          -7.4391415180368944e-04, -3.1468021468795352e-03,
          2.4536329246562013e-03, -2.3759061658911843e-02,
          1.3421468222728186e-01, -2.1018275767425425e-02,
          7.8997091546456510e-02, 5.5790128528445643e-02,
          3.0452857362093036e-02, 2.8181142324456591e-03,
          1.5695612230573462e-03, 4.7581897722482160e-04,
          -1.9086806463324904e-03, 5.5032091582733339e-02,
          -2.1018275767425425e-02, 9.1123420608602970e-02 ]
   - !!opencv-matrix
      rows: 10
      cols: 10
      dt: d
      data: [ 7.5244652871839679e-02, 1.0639001861086342e-01,
          1.6199356002776555e-02, 2.3532382122429842e-03,
          -3.8425446645809644e-02, 6.9309653725034403e-03,
          -1.1683985105656864e-02, 3.4752131873076061e-02,
          3.1677353730924757e-02, 2.8030839908193741e-03,
          1.0639001861086342e-01, 3.7306667632353285e-01,
          1.0585769555756762e-02, 4.5145635345400052e-03,
          5.0784073150067569e-02, 7.7182323772921075e-03,
          2.8888283467779170e-02, 4.2408000919176049e-02,
          4.5669219662613274e-02, 1.5902058776624720e-02,
          1.6199356002776555e-02, 1.0585769555756760e-02,
          1.4895504464538292e-02, -4.2427096093916020e-04,
          -3.2612760983824582e-02, 1.1561972169527811e-03,
          -1.2758896087444415e-02, 7.2755040423045725e-03,
          1.5080745081160611e-02, -2.2086808609149741e-03,
          2.3532382122429833e-03, 4.5145635345400070e-03,
          -4.2427096093915992e-04, 2.5848968798611073e-02,
          7.7051356507617848e-03, 1.1660323294951337e-03,
          3.1167180254170995e-03, -7.1976345188863268e-03,
          -2.3618491926577331e-03, 1.3769111991021182e-03,
          -3.8425446645809637e-02, 5.0784073150067569e-02,
          -3.2612760983824575e-02, 7.7051356507617822e-03,
          2.8787749451053901e-01, 9.8660796129787791e-04,
          8.0245937155195124e-02, -1.1068110742628022e-02,
          -7.2400968512854824e-02, 1.7427351722773588e-02,
          6.9309653725034403e-03, 7.7182323772921066e-03,
          1.1561972169527809e-03, 1.1660323294951341e-03,
          9.8660796129787748e-04, 1.0043408232025975e-02,
          8.3520409026240647e-04, 7.4798631688777501e-03,
          -2.0418292120739372e-03, 1.4236623821220584e-03,
          -1.1683985105656870e-02, 2.8888283467779170e-02,
          -1.2758896087444415e-02, 3.1167180254170995e-03,
          8.0245937155195124e-02, 8.3520409026240701e-04,
          3.7211891189749095e-02, -7.5616683077653032e-04,
          -2.4441258046484924e-02, 7.2033371826518786e-03,
          3.4752131873076061e-02, 4.2408000919176049e-02,
          7.2755040423045725e-03, -7.1976345188863259e-03,
          -1.1068110742628024e-02, 7.4798631688777492e-03,
          -7.5616683077653010e-04, 1.0207868245451039e-01,
          3.7531984487205181e-04, 5.1286799683107481e-03,
          3.1677353730924757e-02, 4.5669219662613281e-02,
          1.5080745081160611e-02, -2.3618491926577345e-03,
          -7.2400968512854810e-02, -2.0418292120739368e-03,
          -2.4441258046484924e-02, 3.7531984487205192e-04,
          9.7881039425246938e-02, -2.5417064572056556e-03,
          2.8030839908193736e-03, 1.5902058776624720e-02,
          -2.2086808609149741e-03, 1.3769111991021189e-03,
          1.7427351722773585e-02, 1.4236623821220584e-03,
          7.2033371826518786e-03, 5.1286799683107499e-03,
          -2.5417064572056548e-03, 7.8769561671011169e-03 ]
   - !!opencv-matrix
      rows: 10
      cols: 10
      dt: d
      data: [ 1.0737172858828875e-01, 4.9929566869412308e-02,
          8.3612288870811763e-02, 8.4580502285625328e-04,
          3.1620208548248578e-03, 1.2338863352866296e-03,
          4.0292086005633491e-02, 3.6104234597342882e-02,
          2.1114230623766845e-02, 5.4655149585883640e-02,
          4.9929566869412308e-02, 4.0021052551042088e-02,
          4.7329138873457355e-02, 5.1889033439245843e-04,
          2.2449480441271421e-03, 9.9085819681281285e-04,
          2.5799843206678698e-02, 3.0165057636645082e-02,
          1.4295397888440128e-02, 3.8573022014542956e-02,
          8.3612288870811763e-02, 4.7329138873457355e-02,
          1.1204384483222214e-01, 9.0239425896154030e-04,
          2.9915599284420624e-03, 1.4790926664301346e-03,
          4.0615859302708293e-02, 3.8983773524717477e-02,
          1.9934034571987384e-02, 4.7392611427350642e-02,
          8.4580502285625306e-04, 5.1889033439245832e-04,
          9.0239425896154074e-04, 6.0553308380591345e-03,
          1.3903937442141304e-04, -6.9987534879051281e-05,
          5.4504687007041154e-04, -5.7108303887419458e-03,
          3.1561802709442451e-04, 6.2901832779553623e-04,
          3.1620208548248582e-03, 2.2449480441271421e-03,
          2.9915599284420624e-03, 1.3903937442141304e-04,
          8.6304141754582307e-03, 1.8173121461459007e-04,
          2.1702428151250423e-03, -1.2102961728066689e-04,
          9.2807166907093455e-04, 1.4705474351047816e-03,
          1.2338863352866299e-03, 9.9085819681281264e-04,
          1.4790926664301344e-03, -6.9987534879051308e-05,
          1.8173121461459007e-04, 3.5728803402749515e-03,
          9.7345417618241795e-04, -1.2792056191324411e-05,
          -1.1132594078990995e-04, 8.6423753122932421e-04,
          4.0292086005633485e-02, 2.5799843206678698e-02,
          4.0615859302708293e-02, 5.4504687007041165e-04,
          2.1702428151250419e-03, 9.7345417618241784e-04,
          3.7370959783076488e-02, 2.0821781931133716e-02,
          1.0769586435536410e-02, 2.4406813615679528e-02,
          3.6104234597342882e-02, 3.0165057636645093e-02,
          3.8983773524717477e-02, -5.7108303887419458e-03,
          -1.2102961728066690e-04, -1.2792056191324362e-05,
          2.0821781931133716e-02, 8.2510876445217859e-02,
          1.0702479634775906e-02, 3.0037635522902017e-02,
          2.1114230623766845e-02, 1.4295397888440128e-02,
          1.9934034571987384e-02, 3.1561802709442451e-04,
          9.2807166907093487e-04, -1.1132594078991004e-04,
          1.0769586435536410e-02, 1.0702479634775906e-02,
          1.1066563329662348e-02, 1.4826683590005362e-02,
          5.4655149585883640e-02, 3.8573022014542956e-02,
          4.7392611427350642e-02, 6.2901832779553633e-04,
          1.4705474351047812e-03, 8.6423753122932389e-04,
          2.4406813615679528e-02, 3.0037635522902017e-02,
          1.4826683590005362e-02, 5.1980340782997382e-02 ]
   - !!opencv-matrix
      rows: 10
      cols: 10
      dt: d
      data: [ 2.5031671629131620e-02, 6.5462622376323198e-03,
          4.2935994109258068e-03, 8.3795964308556041e-05,
          5.5864162223381115e-04, 1.3199020531370312e-04,
          6.6226514281363218e-03, -2.0610091870660228e-03,
          -2.1794739886345109e-02, 3.4855703851441801e-02,
          6.5462622376323215e-03, 5.0203724290584732e-03,
          -3.9131271837630511e-04, 8.0895477689726415e-05,
          3.2346905892344599e-04, 7.7191148981763964e-05,
          4.5335437146789203e-03, -1.0932784239734278e-03,
          -1.1018997725797473e-02, 2.2545821963051799e-02,
          4.2935994109258068e-03, -3.9131271837630522e-04,
          1.9397574199102201e-02, 9.4780710143742744e-05,
          9.2200349597206833e-05, -3.7793141104788324e-05,
          -2.7430005742152788e-03, 3.1479869382404209e-03,
          -5.6206067567974210e-03, -3.9404136119981868e-03,
          8.3795964308555987e-05, 8.0895477689726361e-05,
          9.4780710143742717e-05, 4.3824840936928303e-03,
          1.0667978998614972e-04, -1.8314143787388993e-04,
          1.1391780746899206e-04, -3.7038487554783383e-03,
          -9.4669899596207542e-05, 1.1159202985173997e-04,
          5.5864162223381105e-04, 3.2346905892344604e-04,
          9.2200349597206888e-05, 1.0667978998614979e-04,
          4.1494245361858358e-03, 5.8946233946489196e-05,
          4.7636184923042260e-04, -1.3764379165017303e-03,
          -1.4281754322937894e-03, 1.8916370010924988e-04,
          1.3199020531370323e-04, 7.7191148981763937e-05,
          -3.7793141104788392e-05, -1.8314143787388993e-04,
          5.8946233946489176e-05, 5.3329751945250274e-03,
          1.6254549530409231e-04, -4.6359165843377681e-04,
          -2.2272325933830428e-03, 1.2462053266162169e-03,
          6.6226514281363218e-03, 4.5335437146789203e-03,
          -2.7430005742152784e-03, 1.1391780746899209e-04,
          4.7636184923042282e-04, 1.6254549530409236e-04,
          1.0019365693027365e-02, -1.6577753301279419e-03,
          -9.9346362481163211e-03, 1.8903882954529383e-02,
          -2.0610091870660232e-03, -1.0932784239734278e-03,
          3.1479869382404204e-03, -3.7038487554783379e-03,
          -1.3764379165017303e-03, -4.6359165843377675e-04,
          -1.6577753301279423e-03, 3.8707744326337577e-02,
          -9.0408995315694398e-05, -5.3599227287404998e-03,
          -2.1794739886345109e-02, -1.1018997725797475e-02,
          -5.6206067567974227e-03, -9.4669899596207339e-05,
          -1.4281754322937894e-03, -2.2272325933830415e-03,
          -9.9346362481163211e-03, -9.0408995315694317e-05,
          2.3010872422042036e-01, -9.7541508830067403e-02,
          3.4855703851441801e-02, 2.2545821963051799e-02,
          -3.9404136119981868e-03, 1.1159202985173989e-04,
          1.8916370010924977e-04, 1.2462053266162172e-03,
          1.8903882954529383e-02, -5.3599227287405016e-03,
          -9.7541508830067403e-02, 2.5362075424943181e-01 ]
   - !!opencv-matrix
      rows: 10
      cols: 10
      dt: d
      data: [ 4.8038532194892941e-01, 3.9662727406466058e-01,
          8.4999729783275857e-02, 5.1998345094008153e-03,
          1.5991253630143823e-02, -1.9115443963140036e-02,
          1.4327295001495050e-01, 7.5621119020682109e-02,
          3.2669485180746338e-01, 9.9771810035394801e-02,
          3.9662727406466058e-01, 8.7439574640655116e-01,
          6.2407423883670238e-02, 7.2057110787929592e-03,
          5.6035828071434125e-02, -1.0485520546651206e-04,
          8.4429766724306812e-02, 1.1006819352757956e-01,
          2.6586591288681866e-01, 1.4703145779927326e-01,
          8.4999729783275871e-02, 6.2407423883670265e-02,
          1.1406198796672476e-01, 8.8304611823034778e-04,
          -1.0314866555343020e-03, 4.0174100931947409e-03,
          -5.0922472439889607e-02, 5.5975003531933645e-02,
          3.2202281092212404e-02, 3.8614412210565413e-02,
          5.1998345094008179e-03, 7.2057110787929575e-03,
          8.8304611823034735e-04, 4.1361389824225055e-02,
          8.1573090179266373e-03, 1.3630441706509977e-02,
          1.9891151605970180e-02, 1.1821868831332268e-02,
          9.1080148635757380e-03, 3.8276928770484323e-03,
          1.5991253630143816e-02, 5.6035828071434111e-02,
          -1.0314866555343020e-03, 8.1573090179266356e-03,
          5.9575929890807108e-02, 8.5789676654513657e-03,
          3.0456031245401059e-02, 2.1342168657691032e-02,
          -3.1887508456965035e-03, 1.9486203449117381e-03,
          -1.9115443963140029e-02, -1.0485520546651172e-04,
          4.0174100931947409e-03, 1.3630441706509977e-02,
          8.5789676654513657e-03, 6.7587191479424602e-02,
          2.2879394850707280e-02, 3.1250002969446362e-02,
          -3.5852533788918645e-02, -6.5398689655861309e-03,
          1.4327295001495052e-01, 8.4429766724306812e-02,
          -5.0922472439889607e-02, 1.9891151605970180e-02,
          3.0456031245401059e-02, 2.2879394850707269e-02,
          4.4821851486795827e-01, 7.7939395804578330e-04,
          2.7306904929781334e-01, -4.3943222459961073e-02,
          7.5621119020682095e-02, 1.1006819352757956e-01,
          5.5975003531933645e-02, 1.1821868831332268e-02,
          2.1342168657691032e-02, 3.1250002969446362e-02,
          7.7939395804578753e-04, 3.0222987076969821e-01,
          5.1167059495407861e-02, 9.4032692653202299e-02,
          3.2669485180746338e-01, 2.6586591288681866e-01,
          3.2202281092212404e-02, 9.1080148635757380e-03,
          -3.1887508456965030e-03, -3.5852533788918645e-02,
          2.7306904929781334e-01, 5.1167059495407848e-02,
          7.0882307508197218e-01, 3.0898435696987219e-03,
          9.9771810035394787e-02, 1.4703145779927329e-01,
          3.8614412210565413e-02, 3.8276928770484323e-03,
          1.9486203449117381e-03, -6.5398689655861318e-03,
          -4.3943222459961073e-02, 9.4032692653202299e-02,
          3.0898435696987249e-03, 2.3528373256933877e-01 ]
intactC: !!opencv-matrix
   rows: 1
   cols: 5
   dt: d
   data: [ 1.0036746053430237e-01, 2.4071523388458407e-01,
       2.3651698353756984e-01, 3.0651863107162919e-01,
       9.0314652532677037e-02 ]
intactNumEvents: 142847.
intactMaxVals: !!opencv-matrix
   rows: 1
   cols: 10
   dt: d
   data: [ 4.5000000000000000e+00, 4.5000000000000000e+00,
       4.5000000000000000e+00, 4.5000000000000000e+00,
       4.5000000000000000e+00, 4.5000000000000000e+00,
       4.5000000000000000e+00, 4.5000000000000000e+00,
       4.5000000000000000e+00, 4.5000000000000000e+00 ]
CD19Gmmnames:
   - "CD19.Bue027.0"
   - "CD19.Bue027.1"
CD19Labels:
   - FSC-A
   - SSC-A
   - SY41
   - CD19
   - CD10
   - CD20
   - CD45
   - CD34
   - CD38
   - CD58
CD19Mu: !!opencv-matrix
   rows: 2
   cols: 10
   dt: d
   data: [ 1.1191152662956818e+00, 2.1885545947961244e-01,
       1.8978137081523720e+00, 3.2610076480123449e+00,
       1.2001602878686164e+00, 3.4654888948635785e+00,
       3.3544443398446004e+00, 1.2567221638375037e+00,
       1.3620722691156542e+00, 1.6695338340917325e+00,
       1.8212053404577173e+00, 5.4650517538893839e-01,
       2.5520742593086370e+00, 3.1113410959183714e+00,
       1.2007784064639402e+00, 2.6296382475728457e+00,
       3.3524746555332019e+00, 1.7742566204004344e+00,
       2.6608562428962639e+00, 2.4986784412358984e+00 ]
CD19Sigma:
   - !!opencv-matrix
      rows: 10
      cols: 10
      dt: d
      data: [ 1.9368987948680784e-02, 4.3783089239335252e-03,
          4.0546614924864754e-03, -2.0136101712035057e-03,
          -2.9025206728725168e-03, 1.6328588034785399e-04,
          6.7110594273103981e-03, -8.0838917305735010e-04,
          -2.5011864246714394e-03, 2.2938436616464560e-02,
          4.3783089239335252e-03, 2.9070630024426525e-03,
          8.2551644549571388e-04, 3.2040234197947909e-04,
          -4.5309382349035024e-04, 1.3926096383328067e-03,
          2.3537190244395166e-03, 4.8391989327327660e-05,
          4.6359876220150244e-05, 1.1938058792946829e-02,
          4.0546614924864754e-03, 8.2551644549571355e-04,
          6.4869253694063373e-03, -2.7067197925956482e-03,
          -5.0913757120966410e-04, -2.6626989020828214e-03,
          -3.4971225364557163e-04, 1.4151024832068481e-04,
          -6.2555329950470472e-04, 5.1402482083896459e-03,
          -2.0136101712035057e-03, 3.2040234197947898e-04,
          -2.7067197925956486e-03, 3.5880448846094051e-02,
          -5.5816263461301741e-03, 1.0458041990489541e-02,
          6.0522696524548981e-04, -1.0118834965306878e-02,
          2.4718697509661282e-05, -7.9850197006572643e-03,
          -2.9025206728725168e-03, -4.5309382349035035e-04,
          -5.0913757120966464e-04, -5.5816263461301741e-03,
          7.7920600817819000e-02, 1.8618777693253355e-03,
          -4.7259431832218975e-03, -3.2132150016693623e-03,
          3.0542185182859744e-02, -3.5404665985431720e-03,
          1.6328588034785399e-04, 1.3926096383328071e-03,
          -2.6626989020828214e-03, 1.0458041990489541e-02,
          1.8618777693253359e-03, 2.0290356750755592e-02,
          -1.3188501496433513e-04, 2.2981528090657887e-03,
          1.2931760618106690e-03, -2.9689156868040146e-03,
          6.7110594273103973e-03, 2.3537190244395166e-03,
          -3.4971225364557158e-04, 6.0522696524548981e-04,
          -4.7259431832218967e-03, -1.3188501496433523e-04,
          1.3153952263225265e-02, -1.7831022265399083e-03,
          -3.5212720416702057e-03, 1.2443663588593310e-02,
          -8.0838917305734977e-04, 4.8391989327327585e-05,
          1.4151024832068464e-04, -1.0118834965306880e-02,
          -3.2132150016693640e-03, 2.2981528090657891e-03,
          -1.7831022265399079e-03, 1.6247398137174315e-01,
          -2.7008035645458197e-03, 1.5599214858360425e-03,
          -2.5011864246714389e-03, 4.6359876220150183e-05,
          -6.2555329950470505e-04, 2.4718697509661431e-05,
          3.0542185182859744e-02, 1.2931760618106697e-03,
          -3.5212720416702070e-03, -2.7008035645458197e-03,
          1.2053542136776438e-01, -1.1608972350239423e-02,
          2.2938436616464560e-02, 1.1938058792946829e-02,
          5.1402482083896459e-03, -7.9850197006572626e-03,
          -3.5404665985431724e-03, -2.9689156868040146e-03,
          1.2443663588593307e-02, 1.5599214858360438e-03,
          -1.1608972350239419e-02, 1.1610893272608812e-01 ]
   - !!opencv-matrix
      rows: 10
      cols: 10
      dt: d
      data: [ 4.7747580477746215e-01, 9.9479157487690678e-02,
          7.5551147431738533e-02, -9.9669138860126044e-03,
          -7.9818627112386228e-03, -3.6775042157149201e-01,
          -1.6389892379131160e-02, -2.0986128847952937e-02,
          6.0807533962921934e-01, 1.3242108437622174e-01,
          9.9479157487690678e-02, 5.5578927198961174e-02,
          2.2907791157036145e-02, 7.2031957213890213e-03,
          3.6175217095193832e-03, -7.6354767440114352e-02,
          9.1412452325127114e-03, 2.2707306552311783e-02,
          1.5970236708436600e-01, 7.0718109094081799e-02,
          7.5551147431738533e-02, 2.2907791157036145e-02,
          1.9626863052492496e-01, 2.8393485341785440e-02,
          9.1733436224367172e-03, 2.7775461045430647e-02,
          1.6259568778556156e-02, 1.2865394421323031e-01,
          5.3127838385900617e-03, 5.0895798036694612e-02,
          -9.9669138860126044e-03, 7.2031957213890196e-03,
          2.8393485341785440e-02, 1.0731861461427496e-01,
          6.4408891921245758e-03, 1.8444811100588163e-01,
          3.5548265316713679e-02, 2.5920352663670574e-02,
          -1.4663218944847781e-01, 1.2662488048192663e-02,
          -7.9818627112386228e-03, 3.6175217095193832e-03,
          9.1733436224367172e-03, 6.4408891921245758e-03,
          6.2318655998233115e-02, 4.0776252366009826e-02,
          4.2434668959287474e-03, 2.8965153013496864e-02,
          -2.1044890595571068e-02, -3.5671349907038519e-03,
          -3.6775042157149201e-01, -7.6354767440114352e-02,
          2.7775461045430647e-02, 1.8444811100588160e-01,
          4.0776252366009832e-02, 1.1231547057306939e+00,
          5.8193828590472070e-02, 1.6375806522937159e-01,
          -1.1805530010541503e+00, -1.3184884200436800e-01,
          -1.6389892379131160e-02, 9.1412452325127114e-03,
          1.6259568778556152e-02, 3.5548265316713679e-02,
          4.2434668959287474e-03, 5.8193828590472049e-02,
          6.4040988944439242e-02, 3.6791553312672254e-03,
          -3.6493353917401321e-02, 2.8486575824435336e-02,
          -2.0986128847952933e-02, 2.2707306552311783e-02,
          1.2865394421323031e-01, 2.5920352663670574e-02,
          2.8965153013496860e-02, 1.6375806522937159e-01,
          3.6791553312672267e-03, 3.6270420183778401e-01,
          -1.4257045746016972e-01, 4.5617694867190500e-02,
          6.0807533962921934e-01, 1.5970236708436600e-01,
          5.3127838385900574e-03, -1.4663218944847781e-01,
          -2.1044890595571068e-02, -1.1805530010541503e+00,
          -3.6493353917401321e-02, -1.4257045746016972e-01,
          1.7407145208797763e+00, 2.2801894347616727e-01,
          1.3242108437622177e-01, 7.0718109094081799e-02,
          5.0895798036694612e-02, 1.2662488048192665e-02,
          -3.5671349907038514e-03, -1.3184884200436800e-01,
          2.8486575824435336e-02, 4.5617694867190500e-02,
          2.2801894347616727e-01, 1.8145035825728620e-01 ]
CD19C: !!opencv-matrix
   rows: 1
   cols: 2
   dt: d
   data: [ 1.9923956353021612e-02, 5.1655760321212447e-03 ]
CD19NumEvents: 3678.
CD19MaxVals: !!opencv-matrix
   rows: 1
   cols: 10
   dt: d
   data: [ 4.5000000000000000e+00, 4.5000000000000000e+00,
       4.5000000000000000e+00, 4.5000000000000000e+00,
       4.5000000000000000e+00, 4.5000000000000000e+00,
       4.5000000000000000e+00, 4.5000000000000000e+00,
       4.5000000000000000e+00, 4.5000000000000000e+00 ]
blastGmmnames:
   - "blast.Bue027.0"
blastLabels:
   - FSC-A
   - SSC-A
   - SY41
   - CD19
   - CD10
   - CD20
   - CD45
   - CD34
   - CD38
   - CD58
blastMu: !!opencv-matrix
   rows: 1
   cols: 10
   dt: d
   data: [ 1.2332002418381827e+00, 2.9687594813959939e-01,
       1.9558964371681213e+00, 3.4737597227096555e+00,
       3.5887191738401141e+00, 2.6500002384185790e+00,
       2.7595538888658795e+00, 1.7051582389910305e+00,
       2.3031243971415929e+00, 2.1636158687727791e+00 ]
blastSigma:
   - !!opencv-matrix
      rows: 10
      cols: 10
      dt: d
      data: [ 1.8859599705657856e-02, 7.5740708355549321e-03,
          1.4885889477647393e-02, 4.0986390126133187e-03,
          -2.6783368080007255e-04, 2.4483860029889514e-03,
          5.7570451265448203e-03, 2.4967294833301668e-02,
          -1.6892237236618167e-02, 7.6231352411096969e-03,
          7.5740708355549321e-03, 8.0556305766282237e-03,
          1.3116006624910369e-02, 1.1434046678445489e-02,
          2.3004809972840352e-04, 8.4324031223633692e-03,
          8.2508997304494777e-03, -5.3270370679550866e-04,
          7.4033063241262763e-03, 1.0583724945933855e-02,
          1.4885889477647393e-02, 1.3116006624910369e-02,
          4.3414805099186840e-02, -4.1409658189372018e-03,
          1.2750018911014697e-03, -3.1735740488055522e-03,
          2.4360400959271352e-03, 1.8792891508694114e-02,
          -1.7196302056328862e-02, 1.6040818677528428e-02,
          4.0986390126133187e-03, 1.1434046678445489e-02,
          -4.1409658189372018e-03, 8.7799241505567421e-02,
          -4.1736790474072895e-03, 3.7483420221236262e-02,
          2.9219465723267283e-02, -7.6859349501612093e-02,
          1.1741550571912909e-01, 1.5670234607068324e-02,
          -2.6783368080007255e-04, 2.3004809972840352e-04,
          1.2750018911014697e-03, -4.1736790474072895e-03,
          7.1777506597471064e-02, 1.8598547330849109e-02,
          -1.9801650199220079e-03, 4.8037658679488310e-02,
          -2.6635590033733964e-02, 1.3055482538694759e-02,
          2.4483860029889514e-03, 8.4324031223633692e-03,
          -3.1735740488055522e-03, 3.7483420221236262e-02,
          1.8598547330849109e-02, 3.3225138503931628e-01,
          4.7519068373990093e-02, -1.9615197715438865e-02,
          8.4863956370806959e-02, -9.4408913520206729e-03,
          5.7570451265448203e-03, 8.2508997304494777e-03,
          2.4360400959271352e-03, 2.9219465723267283e-02,
          -1.9801650199220079e-03, 4.7519068373990093e-02,
          4.4352929653906657e-02, -5.6197176395558983e-02,
          6.5550266359350545e-02, 7.5431562350004051e-03,
          2.4967294833301668e-02, -5.3270370679550866e-04,
          1.8792891508694114e-02, -7.6859349501612093e-02,
          4.8037658679488310e-02, -1.9615197715438865e-02,
          -5.6197176395558983e-02, 7.0990419430605056e-01,
          -2.9251157189555477e-01, 5.7343902540209470e-02,
          -1.6892237236618167e-02, 7.4033063241262763e-03,
          -1.7196302056328862e-02, 1.1741550571912909e-01,
          -2.6635590033733964e-02, 8.4863956370806959e-02,
          6.5550266359350545e-02, -2.9251157189555477e-01,
          4.5773757769790707e-01, 3.7055148594156958e-03,
          7.6231352411096969e-03, 1.0583724945933855e-02,
          1.6040818677528428e-02, 1.5670234607068324e-02,
          1.3055482538694759e-02, -9.4408913520206729e-03,
          7.5431562350004051e-03, 5.7343902540209470e-02,
          3.7055148594156958e-03, 5.5597972046761375e-02 ]
blastC: !!opencv-matrix
   rows: 1
   cols: 1
   dt: d
   data: [ 4.7750605409461620e-04 ]
blastNumEvents: 70.
blastMaxVals: !!opencv-matrix
   rows: 1
   cols: 10
   dt: d
   data: [ 4.5000000000000000e+00, 4.5000000000000000e+00,
       4.5000000000000000e+00, 4.5000000000000000e+00,
       4.5000000000000000e+00, 4.5000000000000000e+00,
       4.5000000000000000e+00, 4.5000000000000000e+00,
       4.5000000000000000e+00, 4.5000000000000000e+00 ]
