%YAML:1.0
---
groups:
   - intact
   - CD19
   - blast
intactGmmnames:
   - "intact.Bue054.0"
   - "intact.Bue054.1"
   - "intact.Bue054.2"
   - "intact.Bue054.3"
   - "intact.Bue054.4"
intactLabels:
   - FSC-A
   - SSC-A
   - SY41
   - CD19
   - CD10
   - CD20
   - CD45
   - CD34
   - CD38
   - CD58
intactMu: !!opencv-matrix
   rows: 5
   cols: 10
   dt: d
   data: [ 1.3193358930142363e+00, 3.3906217424065460e-01,
       2.3735638549786757e+00, 8.1578496718591798e-01,
       8.1376199390249571e-01, 9.5668733052526334e-01,
       3.3411551405323832e+00, 1.0723017469521772e+00,
       3.1685610171656675e+00, 2.2133164450872806e+00,
       2.0746083252657654e+00, 2.3948319693567002e+00,
       2.6698561116862369e+00, 9.7289417865919092e-01,
       1.8344407739564343e+00, 1.2597602576102134e+00,
       3.0254812870513477e+00, 1.8387557722761827e+00,
       2.0089569971282342e+00, 2.7063765267008950e+00,
       1.1666089515425919e+00, 3.4134896850825491e-01,
       2.6555104101349767e+00, 7.8875340747868050e-01,
       8.3616296463206785e-01, 9.6884780415840643e-01,
       1.7325648988907432e+00, 1.3567677442236288e+00,
       1.1969553519544072e+00, 2.8731759954950760e+00,
       1.9301192565561638e+00, 1.0371769705640776e+00,
       2.7847237932025313e+00, 9.8218584338199455e-01,
       1.0220186799247559e+00, 1.2351468586343370e+00,
       2.5565293315553563e+00, 1.7758974724599053e+00,
       2.1453659753711323e+00, 2.6240717228895591e+00,
       1.1658470949596840e+00, 2.3297408821278220e-01,
       2.4073023406922771e+00, 7.7960964083058593e-01,
       8.1572821650507932e-01, 9.8330102440138978e-01,
       3.2977665234345217e+00, 1.1353950079810640e+00,
       1.6082976034169216e+00, 1.5929063560453918e+00 ]
intactSigma:
   - !!opencv-matrix
      rows: 10
      cols: 10
      dt: d
      data: [ 1.1671658243209775e-02, 2.7364583170681727e-03,
          3.3187896009446998e-03, 7.2918228714210478e-04,
          4.1912463488690487e-04, -4.5423930731426290e-04,
          4.7234171405291098e-03, 8.1375747342663971e-04,
          5.5185476962131023e-03, 5.7845501208954224e-03,
          2.7364583170681727e-03, 3.0701909772655462e-03,
          1.4949331320291790e-03, 3.1463604949089134e-04,
          2.4402264569390168e-04, -5.4235057234281142e-04,
          7.8630735232950019e-04, 1.6362040434177619e-04,
          4.7273106247031479e-03, 4.0458742494342463e-03,
          3.3187896009446993e-03, 1.4949331320291794e-03,
          2.4916121682632800e-02, -8.0942262162734320e-04,
          -5.0590601358156619e-04, -1.6423309244313639e-03,
          -6.5358899160431003e-03, -9.4224035442024663e-04,
          -3.7288938189503980e-03, 9.9400636690251203e-04,
          7.2918228714210500e-04, 3.1463604949089123e-04,
          -8.0942262162734277e-04, 5.5855260444319293e-02,
          8.8104466846397101e-04, -4.5166020989748359e-03,
          1.3273593054116447e-03, -2.1589522919191608e-02,
          3.1916199395823730e-03, 1.5315503025545849e-03,
          4.1912463488690487e-04, 2.4402264569390182e-04,
          -5.0590601358156608e-04, 8.8104466846397112e-04,
          1.8706234756111044e-02, 2.5115386130317071e-04,
          1.1232605798711611e-03, -4.1136779799520722e-03,
          4.1714347662406430e-04, -4.8990152773579435e-04,
          -4.5423930731426263e-04, -5.4235057234281109e-04,
          -1.6423309244313639e-03, -4.5166020989748359e-03,
          2.5115386130317071e-04, 1.7759201276633896e-01,
          4.1138325374081757e-03, -2.5868318452943709e-03,
          -7.0765151474977087e-03, -1.4574541040227424e-03,
          4.7234171405291098e-03, 7.8630735232950019e-04,
          -6.5358899160431003e-03, 1.3273593054116447e-03,
          1.1232605798711611e-03, 4.1138325374081748e-03,
          3.2468413847978488e-02, 1.5468220655075182e-03,
          1.6837770006373192e-03, 6.0173948320025733e-03,
          8.1375747342663928e-04, 1.6362040434177619e-04,
          -9.4224035442024663e-04, -2.1589522919191605e-02,
          -4.1136779799520722e-03, -2.5868318452943709e-03,
          1.5468220655075189e-03, 7.1924354129076579e-02,
          -2.5968079595312605e-03, 1.0208127049505342e-03,
          5.5185476962131023e-03, 4.7273106247031488e-03,
          -3.7288938189503989e-03, 3.1916199395823734e-03,
          4.1714347662406381e-04, -7.0765151474977087e-03,
          1.6837770006373188e-03, -2.5968079595312613e-03,
          6.3593740318986750e-02, 1.1341343887409922e-02,
          5.7845501208954224e-03, 4.0458742494342463e-03,
          9.9400636690251160e-04, 1.5315503025545853e-03,
          -4.8990152773579446e-04, -1.4574541040227439e-03,
          6.0173948320025733e-03, 1.0208127049505338e-03,
          1.1341343887409922e-02, 2.9714407604188794e-02 ]
   - !!opencv-matrix
      rows: 10
      cols: 10
      dt: d
      data: [ 4.6868552342508044e-02, 8.6917921925819638e-02,
          9.8579432216599604e-03, 5.1793588898122371e-03,
          1.7938108079879685e-03, 1.5888732544410394e-02,
          2.9028177027840208e-04, 2.7276214207814849e-02,
          2.3037683641209089e-02, 8.2288920589423352e-03,
          8.6917921925819638e-02, 3.0813259824475769e-01,
          3.3320856054739237e-02, -1.6255720932311149e-03,
          -3.5378136701486344e-03, 2.3740220527220118e-02,
          -7.4253061909674350e-03, 5.1502324476407381e-02,
          5.7256216201938125e-02, 1.5373008040625788e-02,
          9.8579432216599604e-03, 3.3320856054739237e-02,
          1.4692384275934878e-02, 2.0111112716305173e-04,
          -6.2475158670785439e-03, 3.4595521059530795e-03,
          -3.7393865546427761e-03, 7.3649059286678082e-03,
          8.0803268841766959e-03, 8.4760924703159368e-04,
          5.1793588898122380e-03, -1.6255720932311149e-03,
          2.0111112716305162e-04, 1.5718085196164083e-01,
          2.1396603171807846e-02, 8.9772386189427827e-03,
          1.2913349987067885e-02, -1.6292494882331834e-02,
          4.0237698350073237e-03, 3.6898785669389755e-03,
          1.7938108079879689e-03, -3.5378136701486344e-03,
          -6.2475158670785439e-03, 2.1396603171807853e-02,
          1.5710923392645340e-01, 1.2260392841629717e-02,
          4.2158566031369457e-02, 7.6683393911706720e-03,
          -9.0627421085221482e-03, 6.5883905699295085e-03,
          1.5888732544410394e-02, 2.3740220527220114e-02,
          3.4595521059530799e-03, 8.9772386189427809e-03,
          1.2260392841629716e-02, 9.1247926552743483e-02,
          8.2869728045018246e-03, 2.6272772754233422e-02,
          2.7439195002764132e-03, 5.9206588890345973e-03,
          2.9028177027840219e-04, -7.4253061909674333e-03,
          -3.7393865546427761e-03, 1.2913349987067885e-02,
          4.2158566031369450e-02, 8.2869728045018264e-03,
          3.0276681702858296e-02, 8.2044595635510538e-03,
          -3.3467533216318926e-03, 3.1915559498827545e-03,
          2.7276214207814849e-02, 5.1502324476407388e-02,
          7.3649059286678099e-03, -1.6292494882331830e-02,
          7.6683393911706720e-03, 2.6272772754233422e-02,
          8.2044595635510538e-03, 1.1368048467669178e-01,
          1.1094393129425735e-02, 8.2897757700829047e-03,
          2.3037683641209082e-02, 5.7256216201938125e-02,
          8.0803268841766942e-03, 4.0237698350073245e-03,
          -9.0627421085221482e-03, 2.7439195002764141e-03,
          -3.3467533216318913e-03, 1.1094393129425738e-02,
          6.5170826432550275e-02, 5.7643690642235623e-03,
          8.2288920589423335e-03, 1.5373008040625788e-02,
          8.4760924703159400e-04, 3.6898785669389764e-03,
          6.5883905699295094e-03, 5.9206588890345965e-03,
          3.1915559498827545e-03, 8.2897757700829047e-03,
          5.7643690642235615e-03, 8.0223294634602423e-03 ]
   - !!opencv-matrix
      rows: 10
      cols: 10
      dt: d
