%YAML:1.0
---
groups:
   - intact
   - CD19
   - blast
intactGmmnames:
   - "intact.Bue095.0"
   - "intact.Bue095.1"
   - "intact.Bue095.2"
   - "intact.Bue095.3"
   - "intact.Bue095.4"
intactLabels:
   - FSC-A
   - SSC-A
   - SY41
   - CD19
   - CD10
   - CD20
   - CD45
   - CD34
   - CD38
   - CD58
intactMu: !!opencv-matrix
   rows: 5
   cols: 10
   dt: d
   data: [ 1.0368419445987891e+00, 2.9838446471553676e-01,
       2.7337665826544506e+00, 1.1411890338340664e+00,
       8.1729360821499564e-01, 1.0457924718910565e+00,
       1.4086703116450789e+00, 1.1994755336814003e+00,
       1.3363275880070018e+00, 2.8299505819338271e+00,
       2.2274581556113988e+00, 2.7888210099725694e+00,
       2.7268904551871218e+00, 1.1970612740448772e+00,
       2.1129473479427263e+00, 1.1611839555566170e+00,
       2.6981578167392275e+00, 1.5522888616437112e+00,
       1.9178734617913424e+00, 2.7769214410672092e+00,
       1.1179757762673233e+00, 2.8576889677745182e-01,
       2.5647098385931071e+00, 1.1427673590002245e+00,
       8.1949360556716588e-01, 1.0616025848989739e+00,
       3.0112152710658746e+00, 1.1382684355523482e+00,
       1.6455289623716536e+00, 1.6849131431953177e+00,
       1.4369749565760201e+00, 6.5074487474333254e-01,
       2.7226422932115284e+00, 1.2337195385368447e+00,
       1.0199320151739459e+00, 1.1952516819790424e+00,
       2.0762671782897892e+00, 1.3592112865159542e+00,
       1.7868695604435565e+00, 2.2700473011492401e+00,
       1.3412007414033542e+00, 3.6293096672797193e-01,
       2.6058088262856285e+00, 1.1465754520771210e+00,
       8.2063329027766818e-01, 1.0616592558456368e+00,
       3.1472100614042491e+00, 1.1408265310612591e+00,
       2.7994163805454773e+00, 2.2393236516231689e+00 ]
intactSigma:
   - !!opencv-matrix
      rows: 10
      cols: 10
      dt: d
      data: [ 1.2437713781010672e-01, 3.1933000063216727e-02,
          4.0047680040688288e-02, 1.2444769905017136e-03,
          6.8513363367458269e-03, 5.7728198118392081e-04,
          1.9377693907765194e-02, 2.9917562365927401e-03,
          9.3817197682883168e-03, 4.3440309485870708e-02,
          3.1933000063216720e-02, 1.1325987075566719e-02,
          1.1063295002285981e-02, 4.5225156857774042e-04,
          2.3849961618672682e-03, 2.2549541270250694e-04,
          6.7441356406276291e-03, 9.4415772547757064e-04,
          3.5650204938620640e-03, 1.2304550680569876e-02,
          4.0047680040688288e-02, 1.1063295002285981e-02,
          3.2094583925263515e-02, 3.3166666939792489e-04,
          1.6363056461200290e-03, 6.8608323161980063e-05,
          4.3431240657819808e-03, 2.1598409720992857e-03,
          2.2708738100693810e-03, 1.3543932258638675e-02,
          1.2444769905017132e-03, 4.5225156857774037e-04,
          3.3166666939792499e-04, 4.8091726742124606e-03,
          5.6182900373035534e-04, -1.5652626298152898e-04,
          5.6468080624765167e-04, -3.0001628213794764e-03,
          2.4887069392269502e-04, 4.3409472885265954e-04,
          6.8513363367458269e-03, 2.3849961618672686e-03,
          1.6363056461200284e-03, 5.6182900373035513e-04,
          3.9913092004921581e-02, 5.7235568363855536e-04,
          2.6885345963971619e-03, -3.2561467248087964e-03,
          1.1240650435336108e-03, 1.0594824122615906e-03,
          5.7728198118392156e-04, 2.2549541270250692e-04,
          6.8608323161980050e-05, -1.5652626298152890e-04,
          5.7235568363855536e-04, 1.0068790125600186e-02,
          3.0113479247357618e-04, -8.9962828869704996e-04,
          -4.6309158165089759e-04, 2.5693931550389279e-04,
          1.9377693907765194e-02, 6.7441356406276300e-03,
          4.3431240657819808e-03, 5.6468080624765178e-04,
          2.6885345963971619e-03, 3.0113479247357612e-04,
          2.7321756202765946e-02, 5.8388994121812978e-04,
          2.7310479369988118e-03, 6.7810821420155850e-03,
          2.9917562365927401e-03, 9.4415772547757064e-04,
          2.1598409720992853e-03, -3.0001628213794755e-03,
          -3.2561467248087973e-03, -8.9962828869705029e-04,
          5.8388994121812935e-04, 1.9413580383102730e-02,
          -3.6861166080091359e-06, 1.5791936617956233e-03,
          9.3817197682883168e-03, 3.5650204938620640e-03,
          2.2708738100693810e-03, 2.4887069392269502e-04,
          1.1240650435336099e-03, -4.6309158165089753e-04,
          2.7310479369988118e-03, -3.6861166080091427e-06,
          4.5395053028312255e-03, 3.1816404261496363e-03,
          4.3440309485870708e-02, 1.2304550680569876e-02,
          1.3543932258638675e-02, 4.3409472885265954e-04,
          1.0594824122615912e-03, 2.5693931550389290e-04,
          6.7810821420155824e-03, 1.5791936617956239e-03,
          3.1816404261496363e-03, 2.8417733995703104e-02 ]
   - !!opencv-matrix
      rows: 10
      cols: 10
      dt: d
      data: [ 9.8125281119217825e-02, 1.5628568131004486e-01,
          1.8345245104544612e-02, 2.8254629831862702e-03,
          7.2857052666756381e-03, 8.4398260916939832e-03,
          1.0799168251397763e-02, 2.9128756567287514e-02,
          2.7857605154402745e-02, 1.4245104371819407e-02,
          1.5628568131004489e-01, 4.0953192250631465e-01,
          3.0553401894526731e-02, 4.6313341872886906e-03,
          2.6932805577973295e-02, 1.4160650078835746e-02,
          2.6221322622782386e-02, 4.8374506011485199e-02,
          6.5290326288027500e-02, 2.4515830703952440e-02,
          1.8345245104544612e-02, 3.0553401894526731e-02,
          1.1302057006436135e-02, 6.1657348217056805e-04,
          -9.5220650515777437e-04, 2.2150609650410441e-03,
          1.8206299157709487e-03, 7.3187017573299170e-03,
          5.3047226417174348e-03, 3.0217503366335025e-03,
          2.8254629831862698e-03, 4.6313341872886889e-03,
          6.1657348217056826e-04, 1.7812881371258190e-02,
          3.7065851070616821e-03, 5.6748791475633499e-05,
          2.0233341765562309e-03, -7.1894156925769188e-03,
          8.4480574507454873e-04, 8.3946172862868842e-04,
          7.2857052666756381e-03, 2.6932805577973284e-02,
          -9.5220650515777502e-04, 3.7065851070616821e-03,
          1.2188358988949574e-01, 2.3651955592358721e-03,
          3.0641349157938591e-02, -3.8020491215743804e-03,
          -3.6510366718107050e-03, 5.9127021827664787e-03,
          8.4398260916939832e-03, 1.4160650078835746e-02,
          2.2150609650410441e-03, 5.6748791475633520e-05,
          2.3651955592358716e-03, 2.1650796064907257e-02,
          1.5650161469409739e-03, 3.2818074048393099e-03,
          6.7650996211065942e-04, 1.3875940093404705e-03,
          1.0799168251397762e-02, 2.6221322622782390e-02,
          1.8206299157709487e-03, 2.0233341765562309e-03,
          3.0641349157938591e-02, 1.5650161469409739e-03,
          2.3713480869315622e-02, 2.3530102167342764e-03,
          -4.3967626941581709e-04, 3.3592310769837278e-03,
          2.9128756567287514e-02, 4.8374506011485199e-02,
          7.3187017573299162e-03, -7.1894156925769188e-03,
          -3.8020491215743804e-03, 3.2818074048393099e-03,
          2.3530102167342755e-03, 6.6312222974816995e-02,
          9.2511389722243174e-03, 4.2799052842743442e-03,
          2.7857605154402745e-02, 6.5290326288027528e-02,
          5.3047226417174340e-03, 8.4480574507454873e-04,
          -3.6510366718107033e-03, 6.7650996211065921e-04,
          -4.3967626941581692e-04, 9.2511389722243174e-03,
          4.5078594530306819e-02, 5.7311018063879258e-03,
          1.4245104371819407e-02, 2.4515830703952440e-02,
          3.0217503366335038e-03, 8.3946172862868842e-04,
          5.9127021827664770e-03, 1.3875940093404705e-03,
          3.3592310769837287e-03, 4.2799052842743442e-03,
          5.7311018063879275e-03, 8.3353834821459864e-03 ]
   - !!opencv-matrix
      rows: 10
      cols: 10
      dt: d
