%YAML:1.0
---
groups:
   - intact
   - CD19
   - blast
intactGmmnames:
   - "intact.Bue058.0"
   - "intact.Bue058.1"
   - "intact.Bue058.2"
   - "intact.Bue058.3"
   - "intact.Bue058.4"
intactLabels:
   - FSC-A
   - SSC-A
   - SY41
   - CD19
   - CD10
   - CD20
   - CD45
   - CD34
   - CD38
   - CD58
intactMu: !!opencv-matrix
   rows: 5
   cols: 10
   dt: d
   data: [ 2.2629149416334675e+00, 2.6846957479620794e+00,
       2.7753409985623292e+00, 9.4103436555021724e-01,
       1.5268886713847274e+00, 1.1306278474090783e+00,
       2.6368369483528347e+00, 1.5315354829583396e+00,
       2.3712117509235151e+00, 2.7117849332410580e+00,
       1.3870539983803831e+00, 4.4748376695288589e-01,
       2.7238144981463033e+00, 8.2838966396600455e-01,
       8.3504536226376780e-01, 1.0803190288117903e+00,
       1.6334182391339369e+00, 1.3284715629732824e+00,
       1.1125424472516858e+00, 2.8403153053501331e+00,
       1.9272973896727783e+00, 1.0532985175331702e+00,
       2.8017766750763764e+00, 9.6882363747873623e-01,
       1.0077997987593128e+00, 1.3364187491148274e+00,
       2.4359103369043238e+00, 1.7618864079950456e+00,
       2.0752028338382615e+00, 2.4971765978159972e+00,
       1.3298836684218605e+00, 2.9515857938242845e-01,
       2.7066969766254432e+00, 8.4974150969433726e-01,
       8.1339665806050720e-01, 1.0992884160760936e+00,
       3.0942310725821152e+00, 1.0723849444396301e+00,
       1.6613048252081866e+00, 1.3149029891388964e+00,
       2.2040574601909566e+00, 2.9550689242895993e+00,
       2.6524474854176052e+00, 8.8750340227416302e-01,
       1.7678198982771096e+00, 1.1120694111559284e+00,
       2.7512317559512058e+00, 1.4061427895514389e+00,
       2.3141962209339919e+00, 2.7300562950858911e+00 ]
intactSigma:
   - !!opencv-matrix
      rows: 10
      cols: 10
      dt: d
      data: [ 1.2344976852865117e-01, 1.5251082317563749e-01,
          1.0821852335064676e-02, -1.2334530007010187e-03,
          1.3706755962800710e-02, 1.9195865457030945e-03,
          1.8404334095809469e-02, 1.7507172718709513e-02,
          2.9021816696339825e-02, 1.8994726930351397e-02,
          1.5251082317563749e-01, 4.8164717956514935e-01,
          -1.6888447843518141e-03, 1.3861354419078320e-02,
          8.8324894729146217e-02, 7.0233733115381428e-03,
          7.1529832125993301e-02, 4.5285308427691337e-02,
          2.0854605038634531e-02, 5.0715647407598194e-02,
          1.0821852335064677e-02, -1.6888447843518152e-03,
          3.6330835808934113e-02, -6.4716096949508101e-03,
          -3.7408694011842811e-02, -4.1632077125820571e-04,
          -1.7791875622762545e-02, 4.6902528203480610e-03,
          3.1681602801065425e-02, -1.9275789072035470e-03,
          -1.2334530007010191e-03, 1.3861354419078320e-02,
          -6.4716096949508101e-03, 7.6224003947543320e-02,
          3.6421570824940123e-02, 4.5089091405016581e-04,
          2.0646416683516629e-02, -1.2023880648692713e-02,
          -4.2036977593150832e-03, 2.9589441067707808e-03,
          1.3706755962800710e-02, 8.8324894729146217e-02,
          -3.7408694011842811e-02, 3.6421570824940123e-02,
          2.5184369022120018e-01, 1.2018028501681665e-02,
          1.0846061714164183e-01, 2.9235981215931676e-02,
          -7.2095864452786693e-02, 2.3743571755102118e-02,
          1.9195865457030943e-03, 7.0233733115381428e-03,
          -4.1632077125820566e-04, 4.5089091405016625e-04,
          1.2018028501681665e-02, 3.4637283554127929e-02,
          7.1524435092581032e-03, 5.5076712434191715e-03,
          -4.1045754919510806e-03, 9.8793576755628275e-04,
          1.8404334095809466e-02, 7.1529832125993315e-02,
          -1.7791875622762545e-02, 2.0646416683516629e-02,
          1.0846061714164183e-01, 7.1524435092581006e-03,
          8.7117100575078321e-02, 2.1071370519149323e-02,
          -2.7183088925616196e-02, 1.6561320197363647e-02,
          1.7507172718709513e-02, 4.5285308427691337e-02,
          4.6902528203480627e-03, -1.2023880648692713e-02,
          2.9235981215931676e-02, 5.5076712434191733e-03,
          2.1071370519149323e-02, 1.1183582431324263e-01,
          3.1189193993473485e-03, 1.3435465745049113e-02,
          2.9021816696339815e-02, 2.0854605038634531e-02,
          3.1681602801065425e-02, -4.2036977593150841e-03,
          -7.2095864452786693e-02, -4.1045754919510806e-03,
          -2.7183088925616189e-02, 3.1189193993473485e-03,
          1.3441620760447559e-01, 4.5524688336678080e-03,
          1.8994726930351400e-02, 5.0715647407598194e-02,
          -1.9275789072035463e-03, 2.9589441067707795e-03,
          2.3743571755102118e-02, 9.8793576755628297e-04,
          1.6561320197363644e-02, 1.3435465745049117e-02,
          4.5524688336678071e-03, 3.0783753420439125e-02 ]
   - !!opencv-matrix
      rows: 10
      cols: 10
      dt: d
      data: [ 1.5402873101234116e-01, 6.0749400897151209e-02,
          6.1994446781870043e-02, -6.3454541077556149e-04,
          7.7876267730444546e-03, 1.0307807512274687e-03,
          3.8232666354717060e-02, 2.6067320936999660e-02,
          7.1381075680263736e-02, 5.5998337545191824e-02,
          6.0749400897151209e-02, 4.4678217485548101e-02,
          2.8172308129304085e-02, -1.7695891148278402e-03,
          4.9360292008184684e-03, 6.5620081585129268e-04,
          2.1996584592090015e-02, 2.6473582707476198e-02,
          5.0323034390224897e-02, 3.8857698480849204e-02,
          6.1994446781870050e-02, 2.8172308129304085e-02,
          5.3419516237614172e-02, 1.4823383717426860e-03,
          3.3730740422370335e-03, 1.5446691669255884e-03,
          2.2789166906852679e-02, 1.1056552549221294e-02,
          3.9706070769550135e-02, 2.5841298968876516e-02,
          -6.3454541077556138e-04, -1.7695891148278402e-03,
          1.4823383717426860e-03, 2.9043851022471690e-02,
          3.1083829441439848e-04, -8.8091095359379810e-05,
          2.9441342903773924e-04, -2.0255288496048199e-02,
          1.3152198118411207e-03, -1.1770087180455397e-03,
          7.7876267730444546e-03, 4.9360292008184675e-03,
          3.3730740422370348e-03, 3.1083829441439848e-04,
          3.5141799726283590e-02, 1.9951425516710286e-04,
          3.9423373444724581e-03, -2.4750322070204922e-03,
          6.5813033911329699e-03, 3.1166084793465142e-03,
          1.0307807512274689e-03, 6.5620081585129279e-04,
          1.5446691669255886e-03, -8.8091095359379837e-05,
          1.9951425516710302e-04, 1.5203372016261726e-02,
          6.3197695111698380e-04, -2.4006474562851396e-03,
          -2.3061659799237053e-03, 5.2221291759601207e-04,
          3.8232666354717060e-02, 2.1996584592090015e-02,
          2.2789166906852679e-02, 2.9441342903773908e-04,
          3.9423373444724581e-03, 6.3197695111698391e-04,
          3.8708138989111879e-02, 1.1421451682000795e-02,
          3.0397685439698920e-02, 1.7663277908366842e-02,
          2.6067320936999653e-02, 2.6473582707476198e-02,
          1.1056552549221299e-02, -2.0255288496048192e-02,
          -2.4750322070204917e-03, -2.4006474562851396e-03,
          1.1421451682000792e-02, 9.9610996100484295e-02,
          2.3109480816394145e-02, 2.5194622432549978e-02,
          7.1381075680263736e-02, 5.0323034390224904e-02,
          3.9706070769550135e-02, 1.3152198118411209e-03,
          6.5813033911329690e-03, -2.3061659799237045e-03,
          3.0397685439698920e-02, 2.3109480816394141e-02,
          1.9344741382370706e-01, 4.3570146727726494e-02,
          5.5998337545191824e-02, 3.8857698480849204e-02,
          2.5841298968876512e-02, -1.1770087180455406e-03,
          3.1166084793465146e-03, 5.2221291759601185e-04,
          1.7663277908366842e-02, 2.5194622432549978e-02,
          4.3570146727726494e-02, 5.2087164212731608e-02 ]
   - !!opencv-matrix
      rows: 10
      cols: 10
      dt: d
