%YAML:1.0
---
groups:
   - intact
   - CD19
intactGmmnames:
   - "intact.Bue083.0"
   - "intact.Bue083.1"
   - "intact.Bue083.2"
   - "intact.Bue083.3"
   - "intact.Bue083.4"
intactLabels:
   - FSC-A
   - SSC-A
   - SY41
   - CD19
   - CD10
   - CD20
   - CD45
   - CD34
   - CD38
   - CD58
intactMu: !!opencv-matrix
   rows: 5
   cols: 10
   dt: d
   data: [ 1.8893995242216624e+00, 1.2741621625630688e+00,
       2.3796050403420579e+00, 1.3264235237806725e+00,
       1.1212108055688563e+00, 1.6033307305259461e+00,
       2.4141861414868675e+00, 2.2937422717815714e+00,
       2.1208303220174920e+00, 2.5070561451153277e+00,
       1.3829811124401685e+00, 6.5133523937726534e-01,
       2.6700849214361622e+00, 1.4837743157071506e+00,
       9.3517725443146338e-01, 2.1248257270600379e+00,
       1.7635256769687062e+00, 3.1303548226197395e+00,
       1.7371962176576810e+00, 2.7180740521431268e+00,
       1.4096762113146890e+00, 2.9029252123093013e-01,
       2.3373907036726291e+00, 1.0869829598584506e+00,
       8.1141974302776010e-01, 1.2687437660889869e+00,
       3.0701821857451930e+00, 2.2517910580154163e+00,
       2.1085372900556174e+00, 1.8001023031182835e+00,
       1.0360110111947749e+00, 3.8026013286702942e-01,
       2.4262457425909081e+00, 1.0559056577581962e+00,
       8.1229386630395850e-01, 1.1548934314061012e+00,
       1.4352470344591119e+00, 2.0999482864699295e+00,
       1.2625049098585206e+00, 2.7205614344117000e+00,
       2.2568564234810449e+00, 3.0110655777941662e+00,
       2.3566086936934143e+00, 1.5030425565325352e+00,
       2.3236834174552561e+00, 1.9529486113755621e+00,
       2.9347818662276506e+00, 2.6598463753945190e+00,
       2.4976510032517423e+00, 2.8616597917407929e+00 ]
intactSigma:
   - !!opencv-matrix
      rows: 10
      cols: 10
      dt: d
      data: [ 3.2038234261435045e-01, 1.8027210474258332e-01,
          4.6267663683142661e-02, -1.8440076063402568e-03,
          4.3329700340518217e-02, -3.2325753695517608e-02,
          5.5889334934143740e-02, -5.2100616808365514e-03,
          7.9370319712742651e-02, 7.4275346852537713e-02,
          1.8027210474258332e-01, 9.2207892278344372e-01,
          2.5637577616283987e-02, 1.0220291960307448e-01,
          2.9459160098754394e-01, 1.7547648304929428e-01,
          1.4244626088639886e-01, 1.7479998492378926e-01,
          2.5622484503768417e-01, 1.4226415799128422e-01,
          4.6267663683142661e-02, 2.5637577616283987e-02,
          8.0032869555420605e-02, 1.9675475175382873e-02,
          1.2357002151994858e-02, 4.5237896305096864e-02,
          5.7096257455340402e-02, 6.4928424290142964e-02,
          6.6038973874137943e-02, 2.9614752149917888e-02,
          -1.8440076063402546e-03, 1.0220291960307448e-01,
          1.9675475175382873e-02, 2.6382671385425505e-01,
          5.5406767537924867e-02, 2.4355628052739581e-01,
          7.8522301212154436e-02, 1.5401818471399184e-01,
          5.1512221078591013e-02, 3.0998773736428380e-02,
          4.3329700340518217e-02, 2.9459160098754394e-01,
          1.2357002151994853e-02, 5.5406767537924881e-02,
          2.7098520982703711e-01, 1.0290728902716095e-01,
          1.0286506476830860e-01, 8.6566805936941049e-02,
          9.7337204169776703e-02, 5.4009163801583174e-02,
          -3.2325753695517614e-02, 1.7547648304929428e-01,
          4.5237896305096871e-02, 2.4355628052739581e-01,
          1.0290728902716097e-01, 5.4935293060988954e-01,
          1.1915083308574094e-01, 3.6862704301419230e-01,
          1.0981132095448613e-01, 5.6225953472406477e-02,
          5.5889334934143747e-02, 1.4244626088639886e-01,
          5.7096257455340402e-02, 7.8522301212154436e-02,
          1.0286506476830859e-01, 1.1915083308574094e-01,
          5.1653579584469078e-01, 5.8811532048462740e-02,
          3.5158510570305679e-01, 2.2704272647482402e-02,
          -5.2100616808365436e-03, 1.7479998492378926e-01,
          6.4928424290142964e-02, 1.5401818471399184e-01,
          8.6566805936941035e-02, 3.6862704301419230e-01,
          5.8811532048462740e-02, 5.0662877143231821e-01,
          1.5920423646182563e-01, 7.3886233115417338e-02,
          7.9370319712742651e-02, 2.5622484503768422e-01,
          6.6038973874137916e-02, 5.1512221078591006e-02,
          9.7337204169776703e-02, 1.0981132095448613e-01,
          3.5158510570305679e-01, 1.5920423646182563e-01,
          6.9174881121321918e-01, 8.1446214388868857e-02,
          7.4275346852537741e-02, 1.4226415799128422e-01,
          2.9614752149917888e-02, 3.0998773736428391e-02,
          5.4009163801583174e-02, 5.6225953472406456e-02,
          2.2704272647482406e-02, 7.3886233115417324e-02,
          8.1446214388868857e-02, 1.7386824535687087e-01 ]
   - !!opencv-matrix
      rows: 10
      cols: 10
      dt: d
      data: [ 2.1560028014837240e-01, 7.4729981298522125e-02,
          3.0592393623202530e-02, 2.3972525220027942e-03,
          1.5488437531592016e-02, 1.0141745506030161e-02,
          4.1581284299409119e-02, 4.0813723446406207e-02,
          6.3385133069627772e-02, 3.1744015384443061e-02,
          7.4729981298522125e-02, 7.0298292435908946e-02,
          2.1833900319961942e-02, 1.4479767372670640e-02,
          1.1209104266091303e-02, 1.7583346660293622e-02,
          3.0739691245284757e-02, 2.6521868961906510e-02,
          7.4049815868341376e-02, 2.2842742912990613e-02,
          3.0592393623202530e-02, 2.1833900319961942e-02,
          2.1750362593586946e-02, 1.8525885728677766e-02,
          8.0508552331627920e-03, 2.9811969946617604e-02,
          1.5036629491382640e-02, 1.9778940691016437e-02,
          1.0444986937395005e-02, 1.1657445390313097e-02,
          2.3972525220027933e-03, 1.4479767372670638e-02,
          1.8525885728677766e-02, 2.8283858991380834e-01,
          2.0990124112691107e-03, 5.9583272835283668e-02,
          2.2457529681888602e-02, 2.8192546989553945e-02,
          -8.8934835700642378e-03, 9.3176811312846632e-03,
          1.5488437531592021e-02, 1.1209104266091303e-02,
          8.0508552331627920e-03, 2.0990124112691124e-03,
          5.5623438194052577e-02, 1.6985691368033164e-02,
          1.4483178082666831e-02, 1.0544216904078127e-02,
          5.4224853676965888e-03, 3.8777853544473464e-03,
          1.0141745506030159e-02, 1.7583346660293622e-02,
          2.9811969946617601e-02, 5.9583272835283647e-02,
          1.6985691368033164e-02, 1.3669348243665930e-01,
          3.3693172512144022e-02, 5.2592153334450387e-02,
          -3.6312776003627888e-02, 1.6221562031785427e-02,
          4.1581284299409119e-02, 3.0739691245284757e-02,
          1.5036629491382642e-02, 2.2457529681888602e-02,
          1.4483178082666831e-02, 3.3693172512144015e-02,
          1.0215491846783155e-01, 2.0765503596830024e-02,
          2.5289021107537630e-02, 1.0978083806357472e-02,
          4.0813723446406207e-02, 2.6521868961906510e-02,
          1.9778940691016437e-02, 2.8192546989553948e-02,
          1.0544216904078125e-02, 5.2592153334450387e-02,
          2.0765503596830024e-02, 4.7002841161586442e-02,
          1.3361025999288173e-02, 1.0798714579709391e-02,
          6.3385133069627786e-02, 7.4049815868341376e-02,
          1.0444986937395002e-02, -8.8934835700642430e-03,
          5.4224853676965905e-03, -3.6312776003627888e-02,
          2.5289021107537626e-02, 1.3361025999288170e-02,
          2.0981224526260014e-01, 1.4803357343815609e-02,
          3.1744015384443061e-02, 2.2842742912990613e-02,
          1.1657445390313097e-02, 9.3176811312846650e-03,
          3.8777853544473473e-03, 1.6221562031785423e-02,
          1.0978083806357477e-02, 1.0798714579709391e-02,
          1.4803357343815609e-02, 3.9959674860765376e-02 ]
   - !!opencv-matrix
      rows: 10
      cols: 10
      dt: d
      data: [ 4.2476668844075020e-02, 1.2258089773594038e-02,
