%YAML:1.0
---
groups:
   - intact
   - CD19
   - blast
intactGmmnames:
   - "intact.Bue033.0"
   - "intact.Bue033.1"
   - "intact.Bue033.2"
   - "intact.Bue033.3"
   - "intact.Bue033.4"
intactLabels:
   - FSC-A
   - SSC-A
   - SY41
   - CD19
   - CD10
   - CD20
   - CD45
   - CD34
   - CD38
   - CD58
intactMu: !!opencv-matrix
   rows: 5
   cols: 10
   dt: d
   data: [ 2.6443404895176688e+00, 2.0129106399478274e+00,
       2.6444634657333306e+00, 1.2746123908366147e+00,
       2.7251488955860474e+00, 1.3756192586234874e+00,
       2.3693209249659382e+00, 1.9916426301502652e+00,
       2.1599231489356816e+00, 2.8591876761892348e+00,
       1.5137268097778982e+00, 1.0057623084515837e+00,
       2.8081928754138108e+00, 1.0967324302048291e+00,
       1.1999411328619864e+00, 1.1331934765717280e+00,
       9.6474742033453686e-01, 1.8241242288469841e+00,
       1.3300364092428159e+00, 3.1835708880993878e+00,
       2.2340456275692984e+00, 1.5177003162173288e+00,
       2.8410258146876237e+00, 1.2800714858501223e+00,
       2.1187857401385406e+00, 1.4565751742359205e+00,
       1.9597710825374086e+00, 2.3749170445924572e+00,
       2.3922675385165300e+00, 2.7985288202569172e+00,
       2.9904419373141673e+00, 1.8153070949891219e+00,
       2.6458262685797198e+00, 1.1869711227372319e+00,
       1.5823724416925107e+00, 1.3378293486342345e+00,
       2.0721919628744883e+00, 2.0215952912696675e+00,
       2.1919302602999342e+00, 2.7426861398466671e+00,
       1.7044167920200854e+00, 1.5605291222155513e+00,
       3.0871633181513212e+00, 1.3837981214111010e+00,
       2.2890049959055641e+00, 1.5291678855832900e+00,
       2.0960568770069101e+00, 2.3751227742450407e+00,
       2.1012804668544089e+00, 2.6219293831771839e+00 ]
intactSigma:
   - !!opencv-matrix
      rows: 10
      cols: 10
      dt: d
      data: [ 2.8654477050031707e-01, 2.0529286152839471e-01,
          -7.6498304166482900e-02, -2.2792541992543127e-02,
          3.1033058285884281e-03, -1.1995430081734556e-02,
          1.2467924308395772e-02, -4.0430002601543665e-03,
          1.5085847304834922e-02, 5.4452357954171190e-03,
          2.0529286152839468e-01, 2.3973581608747119e-01,
          -5.1634934711594825e-02, -1.0316581335328749e-02,
          1.9112459945067699e-02, -1.7289882410299561e-03,
          2.2756567075555647e-02, 2.3247356670995974e-02,
          2.7719102662208010e-02, 8.1398857192225924e-03,
          -7.6498304166482900e-02, -5.1634934711594839e-02,
          4.2852733858867231e-02, 1.5702407241820766e-02,
          -7.8884648598704773e-05, 1.6596037826036365e-02,
          -1.4972740262772710e-03, 2.9555706040036947e-02,
          6.6578371115577429e-03, 2.2450499585287232e-03,
          -2.2792541992543127e-02, -1.0316581335328751e-02,
          1.5702407241820770e-02, 6.1245685912870752e-02,
          5.7844543331395069e-03, 1.0171042577407929e-02,
          3.6396157774874088e-03, -2.1773733259975387e-03,
          9.4167447387052145e-03, 3.8214034711534966e-03,
          3.1033058285884251e-03, 1.9112459945067699e-02,
          -7.8884648598704868e-05, 5.7844543331395069e-03,
          6.7716973990421397e-02, 3.9107572021040834e-03,
          1.8706239260228064e-02, 6.1181699381592661e-03,
          7.3595101657238544e-03, 4.4075145399600762e-03,
          -1.1995430081734560e-02, -1.7289882410299561e-03,
          1.6596037826036372e-02, 1.0171042577407925e-02,
          3.9107572021040834e-03, 4.3442202752448332e-02,
          3.8650098394821439e-03, 2.9530818323538505e-02,
          9.4979117470145348e-03, 4.5349974656335194e-03,
          1.2467924308395772e-02, 2.2756567075555647e-02,
          -1.4972740262772710e-03, 3.6396157774874070e-03,
          1.8706239260228068e-02, 3.8650098394821452e-03,
          2.7364390204969415e-02, 1.0333105231615607e-02,
          7.9499799966835649e-03, 3.2683167398622139e-03,
          -4.0430002601543683e-03, 2.3247356670995971e-02,
          2.9555706040036954e-02, -2.1773733259975369e-03,
          6.1181699381592678e-03, 2.9530818323538498e-02,
          1.0333105231615606e-02, 2.3888561996303784e-01,
          2.9119242283752664e-02, 1.3093032925940129e-02,
          1.5085847304834929e-02, 2.7719102662208003e-02,
          6.6578371115577429e-03, 9.4167447387052180e-03,
          7.3595101657238544e-03, 9.4979117470145383e-03,
          7.9499799966835649e-03, 2.9119242283752664e-02,
          4.9426105265012552e-02, 7.9699354738824463e-03,
          5.4452357954171198e-03, 8.1398857192225924e-03,
          2.2450499585287232e-03, 3.8214034711534961e-03,
          4.4075145399600762e-03, 4.5349974656335194e-03,
          3.2683167398622139e-03, 1.3093032925940129e-02,
          7.9699354738824463e-03, 7.6161999597833844e-03 ]
   - !!opencv-matrix
      rows: 10
      cols: 10
      dt: d
      data: [ 2.3890792027917529e-01, 9.8120522371225854e-03,
          6.8320617442493806e-02, 1.9326972877822095e-03,
          2.3376780856274971e-02, 1.9619696057823276e-03,
          3.9424800690718374e-02, 4.8507066779489780e-03,
          5.7335189679844920e-03, -2.1203208184181047e-02,
          9.8120522371225854e-03, 3.2610077161140373e-02,
          -3.5814338652146258e-03, 9.0497452754869402e-03,
          5.8807519926964017e-03, 1.2108560393483947e-03,
          -1.5960819161745569e-02, 1.0446269682241428e-02,
          4.8068561780775605e-03, 1.6349350267785744e-02,
          6.8320617442493806e-02, -3.5814338652146254e-03,
          6.9038827726540866e-02, -2.2794109233696962e-03,
          1.8894982187252825e-02, 4.7732143752201949e-04,
          3.3796993693015080e-02, -2.5141170012165287e-04,
          2.9507517012017951e-03, -1.9521326092341609e-02,
          1.9326972877822108e-03, 9.0497452754869420e-03,
          -2.2794109233696979e-03, 2.0023423817622822e-02,
          3.7192596779917321e-03, 6.6211178480256948e-05,
          -5.9737060351102936e-03, -7.5329823544386734e-03,
          1.6580872526389067e-03, 6.5930425919783825e-03,
          2.3376780856274971e-02, 5.8807519926964017e-03,
          1.8894982187252829e-02, 3.7192596779917313e-03,
          1.8128753363152020e-01, 7.1668234378739534e-03,
          2.5937187733609340e-02, 1.8830547847841821e-02,
          8.7215013625346720e-03, -1.0504137802457883e-02,
          1.9619696057823276e-03, 1.2108560393483952e-03,
          4.7732143752201911e-04, 6.6211178480256894e-05,
          7.1668234378739551e-03, 1.5118880890032041e-02,
          1.3575280532671687e-03, -2.8586155476497272e-04,
          -3.5649258336573579e-04, -2.6752720412946153e-04,
          3.9424800690718381e-02, -1.5960819161745569e-02,
          3.3796993693015087e-02, -5.9737060351102936e-03,
          2.5937187733609337e-02, 1.3575280532671687e-03,
          6.9121406067917363e-02, -5.5679695720829937e-03,
          -1.6499742728635957e-03, -3.8763293281642137e-02,
          4.8507066779489745e-03, 1.0446269682241428e-02,
          -2.5141170012165411e-04, -7.5329823544386726e-03,
          1.8830547847841821e-02, -2.8586155476497251e-04,
          -5.5679695720829954e-03, 1.0857209653476775e-01,
          5.9182707051582311e-03, 1.2317796953245266e-02,
          5.7335189679844920e-03, 4.8068561780775596e-03,
          2.9507517012017943e-03, 1.6580872526389069e-03,
          8.7215013625346720e-03, -3.5649258336573579e-04,
          -1.6499742728635954e-03, 5.9182707051582319e-03,
          9.6909405083620143e-03, 3.8416387766462270e-03,
          -2.1203208184181047e-02, 1.6349350267785744e-02,
          -1.9521326092341605e-02, 6.5930425919783825e-03,
          -1.0504137802457889e-02, -2.6752720412946132e-04,
          -3.8763293281642137e-02, 1.2317796953245265e-02,
          3.8416387766462270e-03, 3.7359147780734077e-02 ]
   - !!opencv-matrix
      rows: 10
      cols: 10
      dt: d
