%YAML:1.0
---
groups:
   - intact
   - CD19
   - blast
intactGmmnames:
   - "intact.Bue089.0"
   - "intact.Bue089.1"
   - "intact.Bue089.2"
   - "intact.Bue089.3"
   - "intact.Bue089.4"
intactLabels:
   - FSC-A
   - SSC-A
   - SY41
   - CD19
   - CD10
   - CD20
   - CD45
   - CD34
   - CD38
   - CD58
intactMu: !!opencv-matrix
   rows: 5
   cols: 10
   dt: d
   data: [ 7.5394243883690393e-01, 1.9778765456541572e-01,
       2.1990175232041573e+00, 1.0412567979709484e+00,
       8.6523058742387904e-01, 9.8411649239071974e-01,
       1.3733085510795155e+00, 1.1756760775130706e+00,
       1.3286045433774429e+00, 2.7279600980925442e+00,
       1.8567127414815598e+00, 9.8025057317337250e-01,
       2.3980975466727803e+00, 1.1415819408779608e+00,
       1.0646636637802236e+00, 1.1539053220721971e+00,
       2.4468285771730849e+00, 1.4886105228330357e+00,
       2.3841133100948801e+00, 2.6843741002300145e+00,
       1.0909118621514633e+00, 2.1290836544548844e-01,
       2.0349505745077452e+00, 1.0417539410854151e+00,
       8.8024274400787905e-01, 1.0117210371041856e+00,
       3.1831213924140593e+00, 1.1154218779750400e+00,
       1.6792538301012283e+00, 1.6922238919114099e+00,
       1.2157909468030978e+00, 3.2831240441751536e-01,
       2.4310380391535480e+00, 1.0604531920463096e+00,
       8.9153773264363911e-01, 9.9306987941335778e-01,
       1.4502347181332946e+00, 1.1985175984662007e+00,
       1.4242659279567433e+00, 2.9171224559152451e+00,
       9.0151697478807891e-01, 1.8810563785515882e-01,
       2.3572220509868274e+00, 1.0494727398749493e+00,
       8.7772031185764654e-01, 9.9187660385733634e-01,
       1.3875234771246925e+00, 1.1643191279144178e+00,
       1.3465615212193764e+00, 2.0795046618449331e+00 ]
intactSigma:
   - !!opencv-matrix
      rows: 10
      cols: 10
      dt: d
      data: [ 1.5115051861621770e-02, 3.3883117490269878e-03,
          6.3695766662701008e-03, -2.3726310704241367e-05,
          5.5999739178381276e-04, 5.4065094482669598e-05,
          1.1915279128339111e-03, 1.1830661405254318e-03,
          6.6308429793469664e-04, 6.7414536723885985e-03,
          3.3883117490269878e-03, 1.7036364984745025e-03,
          2.0584446386671474e-03, 2.8934646507124695e-05,
          2.1401066060569015e-04, 4.0474839379390652e-05,
          5.4499105667132365e-04, 4.1749994295158861e-04,
          3.2672091321279295e-04, 2.8108490439857129e-03,
          6.3695766662700999e-03, 2.0584446386671474e-03,
          1.0943748480752129e-02, 1.5499515029322676e-06,
          2.8169095784628349e-04, 7.1160260529070095e-05,
          -1.8732314301387926e-04, 9.1747821723474473e-04,
          2.1901303264489582e-04, 3.1667250813607866e-03,
          -2.3726310704241357e-05, 2.8934646507124716e-05,
          1.5499515029322597e-06, 9.7077667981880552e-03,
          2.8227933670850599e-04, -5.0771252216513362e-04,
          -6.0458011386524469e-06, -4.0618835330705049e-03,
          4.3045793994023916e-05, 1.3723671782665144e-04,
          5.5999739178381287e-04, 2.1401066060569015e-04,
          2.8169095784628349e-04, 2.8227933670850572e-04,
          1.8658903498233629e-02, 2.4821869524850441e-04,
          2.5797692855962279e-04, -2.6983347743029626e-03,
          7.1107615844783666e-05, -6.6806303721764747e-04,
          5.4065094482669530e-05, 4.0474839379390679e-05,
          7.1160260529070231e-05, -5.0771252216513340e-04,
          2.4821869524850436e-04, 1.5816604341773403e-02,
          -1.0913072927576431e-04, -1.2659211991248361e-03,
          -8.2258050442214994e-04, 2.2850058379324944e-04,
          1.1915279128339106e-03, 5.4499105667132365e-04,
          -1.8732314301387945e-04, -6.0458011386524444e-06,
          2.5797692855962279e-04, -1.0913072927576427e-04,
          8.5198132028228672e-03, 2.0448800455842204e-04,
          7.7469679908885865e-05, 1.1224597834396828e-03,
          1.1830661405254320e-03, 4.1749994295158850e-04,
          9.1747821723474506e-04, -4.0618835330705049e-03,
          -2.6983347743029613e-03, -1.2659211991248366e-03,
          2.0448800455842196e-04, 1.9376853873055749e-02,
          -1.1156368330528870e-04, 1.1552725011740217e-03,
          6.6308429793469675e-04, 3.2672091321279295e-04,
          2.1901303264489587e-04, 4.3045793994023922e-05,
          7.1107615844783639e-05, -8.2258050442214972e-04,
          7.7469679908885811e-05, -1.1156368330528870e-04,
          1.7791880022552705e-03, 8.1920390191807311e-04,
          6.7414536723885985e-03, 2.8108490439857129e-03,
          3.1667250813607879e-03, 1.3723671782665153e-04,
          -6.6806303721764736e-04, 2.2850058379324953e-04,
          1.1224597834396830e-03, 1.1552725011740217e-03,
          8.1920390191807311e-04, 1.3597905236666482e-02 ]
   - !!opencv-matrix
      rows: 10
      cols: 10
      dt: d
      data: [ 3.9121453353637448e-01, 3.1839906506907534e-01,
          7.3144191912188780e-02, 7.6660672929443506e-03,
          2.4072334049170540e-02, -1.2943700516954594e-02,
          9.2663889919882891e-02, 6.7910530043748640e-02,
          1.3151650552942740e-01, 8.9806169783176820e-02,
          3.1839906506907528e-01, 7.2618143583235395e-01,
          5.6640208642865147e-02, 6.3393481153099463e-03,
          9.2825723648816597e-02, 2.8093948050073213e-02,
          4.6619235654576943e-02, 1.1082418054821255e-01,
          1.4848293003620433e-01, 1.1044213730978594e-01,
          7.3144191912188780e-02, 5.6640208642865147e-02,
          6.0854615433426455e-02, -2.1601313672050941e-03,
          -7.2455949789847055e-04, -7.2014185719977341e-03,
          -5.2766950437286617e-02, 1.5240827277477857e-02,
          9.2690235967739806e-04, 3.8746401429589933e-02,
          7.6660672929443506e-03, 6.3393481153099481e-03,
          -2.1601313672050941e-03, 6.5034950848922163e-02,
          1.5533873095842586e-02, 2.3178078073379738e-02,
          1.6663328903238930e-02, 2.3979073613507033e-02,
          -1.6324878009125992e-03, 5.5918690173019231e-03,
          2.4072334049170540e-02, 9.2825723648816597e-02,
          -7.2455949789847034e-04, 1.5533873095842586e-02,
          1.1179583805481318e-01, 1.9620116957970508e-02,
          1.3317250250498560e-02, 3.0452632093810970e-02,
          -3.5863489126684356e-02, 1.3779529930923412e-02,
          -1.2943700516954594e-02, 2.8093948050073213e-02,
          -7.2014185719977359e-03, 2.3178078073379738e-02,
          1.9620116957970508e-02, 1.4485275424144725e-01,
          3.1460092576679338e-02, 2.7580215549861200e-02,
          -6.9918447436369408e-02, -8.4595822139024082e-03,
          9.2663889919882891e-02, 4.6619235654576943e-02,
          -5.2766950437286617e-02, 1.6663328903238930e-02,
          1.3317250250498560e-02, 3.1460092576679338e-02,
          4.1519298059847365e-01, 5.8193017756961703e-03,
          7.8410590744334499e-02, -5.4994497449573840e-02,
          6.7910530043748640e-02, 1.1082418054821253e-01,
          1.5240827277477859e-02, 2.3979073613507033e-02,
          3.0452632093810970e-02, 2.7580215549861200e-02,
          5.8193017756961712e-03, 2.3170338539482616e-01,
          6.0793853110282001e-02, 3.8817767581862617e-02,
          1.3151650552942740e-01, 1.4848293003620433e-01,
          9.2690235967739806e-04, -1.6324878009125999e-03,
          -3.5863489126684356e-02, -6.9918447436369408e-02,
          7.8410590744334499e-02, 6.0793853110281987e-02,
          5.6524806645933712e-01, 2.7585453832010717e-02,
          8.9806169783176820e-02, 1.1044213730978594e-01,
          3.8746401429589933e-02, 5.5918690173019231e-03,
          1.3779529930923412e-02, -8.4595822139024099e-03,
          -5.4994497449573861e-02, 3.8817767581862617e-02,
          2.7585453832010727e-02, 1.2105986865165333e-01 ]
   - !!opencv-matrix
      rows: 10
      cols: 10
      dt: d
