%YAML:1.0
---
groups:
   - intact
   - CD19
intactGmmnames:
   - "intact.Bue108.0"
   - "intact.Bue108.1"
   - "intact.Bue108.2"
   - "intact.Bue108.3"
   - "intact.Bue108.4"
intactLabels:
   - FSC-A
   - SSC-A
   - SY41
   - CD19
   - CD10
   - CD20
   - CD45
   - CD34
   - CD38
   - CD58
intactMu: !!opencv-matrix
   rows: 5
   cols: 10
   dt: d
   data: [ 1.2570326648222396e+00, 4.2496108548063954e-01,
       2.3019773351917094e+00, 1.2128413390858426e+00,
       8.4929850089229231e-01, 1.0110531206107884e+00,
       2.4328504066039769e+00, 1.2407021093839399e+00,
       1.9521873674646764e+00, 2.1103327897353084e+00,
       2.0581359353688575e+00, 2.7216956086502107e+00,
       2.3925326905324442e+00, 1.2884449423102984e+00,
       2.3855997389538555e+00, 1.1717354220670888e+00,
       2.7307303809447552e+00, 1.8846627752149538e+00,
       1.9894693162193631e+00, 2.7853492564968447e+00,
       8.7596871730661474e-01, 2.6648582055478259e-01,
       2.3280654662035998e+00, 1.1892129439462258e+00,
       8.0161215632725547e-01, 9.7219418412313896e-01,
       1.4757391004362819e+00, 1.1153980677240889e+00,
       1.3307761195157177e+00, 2.7292398817236116e+00,
       1.7124241644920484e+00, 1.5553795753329909e+00,
       2.3513373752228333e+00, 1.3652861894787403e+00,
       1.3999146227053425e+00, 1.2573447488724239e+00,
       2.5624010979886838e+00, 1.8246284787431866e+00,
       2.3091168141958076e+00, 2.5822107483849903e+00,
       1.1206918390107656e+00, 3.1059308804054392e-01,
       2.1380970408008042e+00, 1.1937175059450575e+00,
       8.1002897722880152e-01, 1.0068635966170758e+00,
       3.1700503243916387e+00, 1.0153341222545651e+00,
       2.1332367687089770e+00, 1.7811837030504947e+00 ]
intactSigma:
   - !!opencv-matrix
      rows: 10
      cols: 10
      dt: d
      data: [ 3.1724885867972796e-01, 1.1987982015041351e-01,
          3.3135048500527904e-02, 5.1738824155803942e-03,
          2.2209776954881560e-02, 9.3906404782741707e-03,
          1.5617528762293217e-01, 1.0119046400683164e-01,
          1.6190321285307688e-01, 2.5175903900572860e-01,
          1.1987982015041351e-01, 8.2160689763552452e-02,
          1.1223613308133320e-02, 3.5945054915684565e-03,
          1.4576762473026857e-02, 6.2449879916508053e-03,
          7.4095775688066745e-02, 7.5827920367959392e-02,
          1.0955415553540226e-01, 1.5050805507589751e-01,
          3.3135048500527897e-02, 1.1223613308133323e-02,
          2.5764864001200777e-02, -5.7922754462421679e-04,
          2.1783798826271192e-03, 7.4711737344418863e-05,
          -2.9787918710262713e-02, 8.3560920148709576e-03,
          -1.0458006241069538e-02, 3.0549950701377400e-02,
          5.1738824155803959e-03, 3.5945054915684557e-03,
          -5.7922754462421636e-04, 6.6420448824755056e-03,
          1.1606882328425285e-03, 7.6822738541559399e-04,
          1.0409006803407976e-02, 1.3621126602851724e-04,
          6.2372419359275066e-03, 7.7621033251365360e-03,
          2.2209776954881556e-02, 1.4576762473026856e-02,
          2.1783798826271201e-03, 1.1606882328425282e-03,
          3.6986463513298054e-02, 2.4538709619911676e-03,
          1.9248720940638505e-02, 1.3837923893026273e-02,
          1.7918161598973973e-02, 3.1939927607811711e-02,
          9.3906404782741672e-03, 6.2449879916508079e-03,
          7.4711737344419012e-05, 7.6822738541559420e-04,
          2.4538709619911698e-03, 2.9094592301367267e-02,
          1.6882578327596251e-02, 8.6885098041466612e-03,
          1.4206919669040021e-02, 1.5316531318089788e-02,
          1.5617528762293217e-01, 7.4095775688066745e-02,
          -2.9787918710262713e-02, 1.0409006803407979e-02,
          1.9248720940638502e-02, 1.6882578327596251e-02,
          5.6864899485175602e-01, 8.4941273157864552e-02,
          2.7941063127107491e-01, 1.8614877982257610e-01,
          1.0119046400683167e-01, 7.5827920367959392e-02,
          8.3560920148709594e-03, 1.3621126602851721e-04,
          1.3837923893026273e-02, 8.6885098041466630e-03,
          8.4941273157864539e-02, 1.7772517288578416e-01,
          1.1136660161664752e-01, 1.5122818598345392e-01,
          1.6190321285307688e-01, 1.0955415553540231e-01,
          -1.0458006241069536e-02, 6.2372419359275049e-03,
          1.7918161598973970e-02, 1.4206919669040021e-02,
          2.7941063127107491e-01, 1.1136660161664752e-01,
          4.5584092666811477e-01, 2.0113183731693834e-01,
          2.5175903900572860e-01, 1.5050805507589754e-01,
          3.0549950701377393e-02, 7.7621033251365395e-03,
          3.1939927607811704e-02, 1.5316531318089788e-02,
          1.8614877982257613e-01, 1.5122818598345392e-01,
          2.0113183731693843e-01, 5.0339946984771566e-01 ]
   - !!opencv-matrix
      rows: 10
      cols: 10
      dt: d
      data: [ 6.3564547544042838e-02, 1.1616514661994419e-01,
          1.0264316964090879e-02, 2.4655330876969615e-03,
          1.7083638734621208e-03, 1.1340464398916309e-02,
          4.8458022857526409e-03, 3.1240865531410731e-02,
          1.9098675806987424e-02, 9.0045036217581004e-03,
          1.1616514661994419e-01, 3.6806102381326422e-01,
          2.4351808900884776e-02, 2.9572670657589178e-03,
          3.6563127490471040e-02, 1.7807766881678944e-02,
          3.2353453786262726e-02, 5.7839690693373698e-02,
          4.6063467396851167e-02, 1.6646805394787408e-02,
          1.0264316964090879e-02, 2.4351808900884779e-02,
          5.4950497558649879e-03, -2.4769701510503518e-04,
          -5.7188631262265035e-03, 2.0134952902456024e-03,
          -2.2958308397606946e-03, 7.3586201852058044e-03,
          4.3943452178583069e-03, 1.4482377395103401e-03,
          2.4655330876969623e-03, 2.9572670657589169e-03,
          -2.4769701510503496e-04, 2.2823643209806500e-02,
          9.5739225357533413e-03, 2.9396092465770189e-03,
          5.5077768223383856e-03, -5.1319499465879957e-03,
          2.1925024768994885e-03, 1.8463265763831386e-03,
          1.7083638734621208e-03, 3.6563127490471040e-02,
          -5.7188631262265035e-03, 9.5739225357533413e-03,
          1.3736973654428139e-01, 7.7013087858802311e-03,
          5.0677091943246315e-02, 4.5610346325743558e-04,
          -8.2301572386404877e-03, 3.7004589659270690e-03,
          1.1340464398916311e-02, 1.7807766881678948e-02,
          2.0134952902456024e-03, 2.9396092465770198e-03,
          7.7013087858802311e-03, 4.1249132167036670e-02,
          5.4339007673005462e-03, 1.1057523775731500e-02,
          2.6329079255755020e-03, 3.4674856663332049e-03,
          4.8458022857526409e-03, 3.2353453786262726e-02,
          -2.2958308397606946e-03, 5.5077768223383838e-03,
          5.0677091943246315e-02, 5.4339007673005453e-03,
          3.8809768474517031e-02, 5.7058846503328722e-03,
          -3.1213366792857957e-03, 2.3389602866788180e-03,
          3.1240865531410731e-02, 5.7839690693373698e-02,
          7.3586201852058044e-03, -5.1319499465879957e-03,
          4.5610346325743531e-04, 1.1057523775731500e-02,
          5.7058846503328722e-03, 1.2640176842654571e-01,
          1.3323562480646469e-02, 7.4547204158285753e-03,
          1.9098675806987427e-02, 4.6063467396851160e-02,
          4.3943452178583069e-03, 2.1925024768994885e-03,
          -8.2301572386404877e-03, 2.6329079255755024e-03,
          -3.1213366792857953e-03, 1.3323562480646468e-02,
          4.9138050666885605e-02, 6.1401419499676410e-03,
          9.0045036217581021e-03, 1.6646805394787408e-02,
          1.4482377395103401e-03, 1.8463265763831390e-03,
          3.7004589659270699e-03, 3.4674856663332045e-03,
          2.3389602866788180e-03, 7.4547204158285753e-03,
          6.1401419499676410e-03, 8.1899255205935412e-03 ]
   - !!opencv-matrix
      rows: 10
      cols: 10
      dt: d
      data: [ 8.6779423340424100e-02, 2.1986739583500687e-02,
