%YAML:1.0
---
groups:
   - intact
   - CD19
   - blast
intactGmmnames:
   - "intact.Bue105.0"
   - "intact.Bue105.1"
   - "intact.Bue105.2"
   - "intact.Bue105.3"
   - "intact.Bue105.4"
intactLabels:
   - FSC-A
   - SSC-A
   - SY41
   - CD19
   - CD10
   - CD20
   - CD45
   - CD34
   - CD38
   - CD58
intactMu: !!opencv-matrix
   rows: 5
   cols: 10
   dt: d
   data: [ 1.3635143198867834e+00, 8.0614831908176843e-01,
       2.3249455718459417e+00, 1.8961875109868596e+00,
       2.2002645713212940e+00, 2.1155984120075035e+00,
       2.2567643371857966e+00, 2.3767828707656684e+00,
       1.9198833108560751e+00, 2.7456199288981864e+00,
       1.2329136451702003e+00, 2.6518515532738612e-01,
       2.2561107579153936e+00, 1.0532607521033011e+00,
       9.3883659317795565e-01, 1.0141136640116595e+00,
       2.6164673339916082e+00, 1.2158853574500179e+00,
       9.6675303385021927e-01, 2.4254029930829604e+00,
       1.0913964692435305e+00, 6.0156523005295481e-01,
       2.5925294261000817e+00, 1.7018359000651908e+00,
       2.2708607039320321e+00, 2.0208396226653189e+00,
       1.6730495705401767e+00, 1.3607142364204088e+00,
       1.6641734695679364e+00, 1.9270472166988162e+00,
       1.1607174491957781e+00, 2.0173531555288166e-01,
       2.2603744402281514e+00, 1.0555020522113847e+00,
       9.3976280362725961e-01, 1.0211467132428302e+00,
       2.9574181878552843e+00, 1.1413458576753428e+00,
       1.6254987854136393e+00, 1.7078621211428355e+00,
       2.0655977413124833e+00, 1.5900244834681609e+00,
       2.2451946621665377e+00, 1.3535524847165863e+00,
       1.4621298614540577e+00, 1.5484361832226703e+00,
       2.3179844807508734e+00, 2.1631283186229204e+00,
       1.8280962780297803e+00, 2.8569846504991827e+00 ]
intactSigma:
   - !!opencv-matrix
      rows: 10
      cols: 10
      dt: d
      data: [ 2.0260671229165927e-01, 1.4548760839800620e-01,
          2.8647324662200924e-02, 1.2851886243195332e-01,
          1.1056134542910269e-01, 5.9910391638414273e-02,
          6.3730390255829369e-02, 2.0836176736666247e-02,
          1.2814435135328070e-01, 7.3824624420136306e-02,
          1.4548760839800620e-01, 3.3698863215663061e-01,
          -2.0343229174438843e-02, 2.1740691285549182e-01,
          2.4109322097796262e-01, 2.2702445710117211e-01,
          -2.5322699952589098e-02, 2.8668562104579542e-01,
          8.1403290940807893e-02, 2.7704235555464490e-01,
          2.8647324662200921e-02, -2.0343229174438839e-02,
          1.1707544029572178e-01, -4.5394434037804889e-03,
          2.8489309323204795e-03, -7.8206449987863663e-02,
          2.2083123478394320e-02, -8.3733199820024973e-02,
          6.4772261047072316e-02, -9.4081990954189607e-02,
          1.2851886243195332e-01, 2.1740691285549182e-01,
          -4.5394434037804915e-03, 6.8800088671757620e-01,
          6.2648182664698560e-01, 3.8669162386613731e-01,
          -5.0073326936334962e-02, 3.5470748413311115e-01,
          2.5240852005382997e-01, 1.8629643224376044e-01,
          1.1056134542910269e-01, 2.4109322097796262e-01,
          2.8489309323204760e-03, 6.2648182664698560e-01,
          1.0126083294635966e+00, 4.3646033477545582e-01,
          -1.2695163769848225e-01, 5.0220698439857492e-01,
          3.4801704045788745e-01, 2.7894047378557069e-01,
          5.9910391638414273e-02, 2.2702445710117211e-01,
          -7.8206449987863663e-02, 3.8669162386613731e-01,
          4.3646033477545582e-01, 6.1640977822614962e-01,
          -8.8016117212385947e-02, 4.0329531127455359e-01,
          4.4383871807315296e-02, 3.0761615979730167e-01,
          6.3730390255829369e-02, -2.5322699952589102e-02,
          2.2083123478394324e-02, -5.0073326936334955e-02,
          -1.2695163769848222e-01, -8.8016117212385975e-02,
          2.6939340598399353e-01, -2.3936388772629474e-01,
          -9.7245767765009820e-03, -1.1728106997641748e-01,
          2.0836176736666243e-02, 2.8668562104579542e-01,
          -8.3733199820024987e-02, 3.5470748413311115e-01,
          5.0220698439857492e-01, 4.0329531127455359e-01,
          -2.3936388772629474e-01, 8.6652734925436448e-01,
          1.8799078373583515e-02, 4.4046336474381342e-01,
          1.2814435135328070e-01, 8.1403290940807879e-02,
          6.4772261047072330e-02, 2.5240852005383002e-01,
          3.4801704045788734e-01, 4.4383871807315303e-02,
          -9.7245767765009733e-03, 1.8799078373583515e-02,
          5.3027749927435075e-01, 5.3302606492162535e-03,
          7.3824624420136292e-02, 2.7704235555464490e-01,
          -9.4081990954189607e-02, 1.8629643224376050e-01,
          2.7894047378557069e-01, 3.0761615979730167e-01,
          -1.1728106997641750e-01, 4.4046336474381342e-01,
          5.3302606492162501e-03, 5.0446915695421957e-01 ]
   - !!opencv-matrix
      rows: 10
      cols: 10
      dt: d
      data: [ 8.0842826081298502e-02, 1.7975990246977946e-02,
          -3.0430259181085492e-02, 2.1726093390925950e-03,
          1.9181358240035950e-03, -2.9824245018129838e-04,
          1.1812679300292073e-01, -1.0606815007732794e-02,
          -1.8258200054490969e-02, 9.7118042742216232e-04,
          1.7975990246977946e-02, 9.2759410180340857e-03,
          -8.1267446265309851e-03, 1.8089425455844782e-03,
          4.4321432326693260e-03, 9.4077833694318917e-05,
          1.2174487550791332e-02, 1.3260093642903689e-03,
          -2.1962669368627715e-03, 1.2509701828292476e-02,
          -3.0430259181085492e-02, -8.1267446265309851e-03,
          9.6541583417771623e-02, 2.9529062701917452e-03,
          1.3848661351226492e-02, 3.3360507875932689e-03,
          -9.5174375025796648e-02, 2.4240379082158935e-02,
          1.6735018627853777e-02, 1.2569918180695574e-02,
          2.1726093390925954e-03, 1.8089425455844782e-03,
          2.9529062701917452e-03, 6.3897248059293532e-02,
          1.4429752129986125e-02, -1.8482313228786850e-03,
          -5.5539742451590256e-03, -9.1240467087748932e-03,
          2.9669774204137966e-03, 6.4048404893586857e-03,
          1.9181358240035950e-03, 4.4321432326693251e-03,
          1.3848661351226492e-02, 1.4429752129986125e-02,
          7.5679610194255648e-02, 4.1367643467294683e-03,
          -2.3706862865351338e-02, 5.9243132476355723e-03,
          7.7289244443298696e-03, 1.3300319922470922e-02,
          -2.9824245018129816e-04, 9.4077833694318890e-05,
          3.3360507875932694e-03, -1.8482313228786850e-03,
          4.1367643467294692e-03, 2.1252404607353372e-02,
          -6.3580977191981950e-03, -8.5686462768034383e-04,
          -7.3535706802603138e-04, 2.3859101636433751e-03,
          1.1812679300292074e-01, 1.2174487550791334e-02,
          -9.5174375025796648e-02, -5.5539742451590291e-03,
          -2.3706862865351331e-02, -6.3580977191981941e-03,
          5.0147180875044495e-01, -6.6242766050946075e-02,
          -7.1769286631420903e-02, -1.3343633394710100e-01,
          -1.0606815007732794e-02, 1.3260093642903689e-03,
          2.4240379082158932e-02, -9.1240467087748914e-03,
          5.9243132476355714e-03, -8.5686462768034427e-04,
          -6.6242766050946075e-02, 7.6201396091072168e-02,
          9.7383447771700934e-03, 2.5550992710298398e-02,
          -1.8258200054490969e-02, -2.1962669368627715e-03,
          1.6735018627853777e-02, 2.9669774204137953e-03,
          7.7289244443298662e-03, -7.3535706802603138e-04,
          -7.1769286631420903e-02, 9.7383447771700899e-03,
          1.8319671044252292e-02, 1.6561500077746521e-02,
          9.7118042742216101e-04, 1.2509701828292476e-02,
          1.2569918180695578e-02, 6.4048404893586840e-03,
          1.3300319922470922e-02, 2.3859101636433742e-03,
          -1.3343633394710100e-01, 2.5550992710298398e-02,
          1.6561500077746517e-02, 8.8394275305845843e-02 ]
   - !!opencv-matrix
      rows: 10
      cols: 10
      dt: d
