%YAML:1.0
---
groups:
   - intact
   - CD19
   - blast
intactGmmnames:
   - "intact.2014-2714.0"
   - "intact.2014-2714.1"
   - "intact.2014-2714.2"
   - "intact.2014-2714.3"
   - "intact.2014-2714.4"
intactLabels:
   - FSC-A
   - SSC-A
   - SY41
   - CD19
   - CD10
   - CD20
   - CD45
   - CD34
   - CD38
   - CD58
intactMu: !!opencv-matrix
   rows: 5
   cols: 10
   dt: d
   data: [ 1.3891670391860607e+00, 6.9762341890194957e-01,
       3.2026491200050962e+00, 1.3790977590415556e+00,
       1.3126821934352206e+00, 1.0421695129488378e+00,
       3.1602336807459346e+00, 1.1858470809180934e+00,
       1.6734664070313381e+00, 1.1457255197115785e+00,
       1.4511966557954390e+00, 4.1351690938176705e-01,
       3.1377936071118717e+00, 1.2981868940940835e+00,
       1.0211010017762017e+00, 1.0375942919082022e+00,
       3.1544267583125194e+00, 1.1784280572780665e+00,
       1.6757194823302530e+00, 1.0076544403387824e+00,
       2.1673368976206007e+00, 6.8869139609741592e-01,
       2.8220812724299664e+00, 1.4905849013040686e+00,
       1.0072257522091961e+00, 1.0237865799910626e+00,
       3.4026826453957590e+00, 1.1807359693200559e+00,
       1.9111952691258922e+00, 1.2788338217002027e+00,
       2.6737610947422485e+00, 2.4430340340423893e+00,
       3.0151963292848101e+00, 1.7182224739658216e+00,
       1.6691286121616788e+00, 1.1127179120994359e+00,
       2.6088206873203235e+00, 1.3044527498717231e+00,
       1.8417203733078251e+00, 1.5867063046523471e+00,
       1.8501218474030583e+00, 8.5457283447932442e-01,
       2.7528648196352057e+00, 1.1980779862718356e+00,
       1.2932937370279469e+00, 1.0686311726025883e+00,
       1.4318417999099506e+00, 1.2731696830437782e+00,
       1.5146978180266544e+00, 1.8271545518966672e+00 ]
intactSigma:
   - !!opencv-matrix
      rows: 10
      cols: 10
      dt: d
      data: [ 1.1496176478292736e-01, 3.4558996805404515e-02,
          -3.5426464814761020e-02, 1.5968011073753018e-02,
          -8.6543686811958731e-03, -9.9336024561038684e-04,
          1.7343849820353276e-02, -1.5231099173511986e-03,
          2.0308096795515762e-03, 2.6570720582951853e-02,
          3.4558996805404515e-02, 1.2206719270470426e-01,
          -7.4850779792645554e-03, 3.2308094537212749e-02,
          -5.9328802503797726e-02, -4.3896009537176665e-04,
          5.9866123279458802e-03, -2.9555917521529196e-04,
          -1.4396038997711307e-03, 5.0649173980178486e-02,
          -3.5426464814761020e-02, -7.4850779792645554e-03,
          2.4046521787336385e-02, -3.9454526277528049e-03,
          2.8048388688228913e-03, 5.8312823944617375e-04,
          -5.9048510576226046e-03, 5.2744983042028412e-04,
          -1.0741681575610451e-03, -6.1900096509099715e-03,
          1.5968011073753022e-02, 3.2308094537212749e-02,
          -3.9454526277528041e-03, 5.8144092208523387e-02,
          -1.3063234487412834e-02, -2.6096517702112001e-03,
          6.6695988017409545e-03, -6.1691055005181001e-04,
          -3.6833598090824384e-03, 1.7393183592447278e-02,
          -8.6543686811958731e-03, -5.9328802503797740e-02,
          2.8048388688228913e-03, -1.3063234487412837e-02,
          1.2655055152489317e-01, -5.3278810383866507e-04,
          1.9128356852790864e-03, -2.3819170178766925e-04,
          3.3036973222557095e-03, -6.5147272591011612e-03,
          -9.9336024561038727e-04, -4.3896009537176708e-04,
          5.8312823944617418e-04, -2.6096517702111992e-03,
          -5.3278810383866485e-04, 2.7506627830290543e-02,
          -3.8723121111474903e-04, -4.3745356207058311e-03,
          -6.0374640523646831e-03, 7.2449353109464471e-04,
          1.7343849820353283e-02, 5.9866123279458811e-03,
          -5.9048510576226046e-03, 6.6695988017409545e-03,
          1.9128356852790864e-03, -3.8723121111474882e-04,
          1.6087594049664918e-02, -2.7499159434390583e-04,
          3.5263263358538185e-03, 8.6314442076524788e-03,
          -1.5231099173511982e-03, -2.9555917521529147e-04,
          5.2744983042028412e-04, -6.1691055005180979e-04,
          -2.3819170178766914e-04, -4.3745356207058319e-03,
          -2.7499159434390621e-04, 3.9928762703566663e-02,
          2.3679302693827443e-03, 2.7566759691572832e-03,
          2.0308096795515771e-03, -1.4396038997711305e-03,
          -1.0741681575610446e-03, -3.6833598090824384e-03,
          3.3036973222557104e-03, -6.0374640523646840e-03,
          3.5263263358538176e-03, 2.3679302693827447e-03,
          1.3893171244956705e-02, 3.7331573243093940e-03,
          2.6570720582951856e-02, 5.0649173980178486e-02,
          -6.1900096509099715e-03, 1.7393183592447275e-02,
          -6.5147272591011647e-03, 7.2449353109464492e-04,
          8.6314442076524805e-03, 2.7566759691572840e-03,
          3.7331573243093953e-03, 2.1069035790209736e-01 ]
   - !!opencv-matrix
      rows: 10
      cols: 10
      dt: d
      data: [ 1.2741566453871489e-01, 1.2146405716846106e-02,
          -4.5049126942674024e-02, 9.9316663478462540e-03,
          -1.3153182251642794e-03, -7.1658399922790617e-04,
          1.7734120707409966e-02, -2.0207462599546237e-03,
          3.5874045432988049e-04, 1.2756979552877913e-02,
          1.2146405716846108e-02, 1.7548663836241693e-02,
          -2.6884707288773431e-03, 6.3797290527207381e-03,
          4.6505202307013725e-04, 9.5832537673527893e-05,
          5.6880376486636089e-03, -2.2589731909501999e-04,
          1.1013169383003988e-04, 3.6894759819363840e-02,
          -4.5049126942674024e-02, -2.6884707288773431e-03,
          3.2817094099163800e-02, -2.3328825161994240e-03,
          1.4633374502951715e-03, 3.2528973254964148e-04,
          -5.3344759155209828e-03, 8.2882117152032549e-04,
          -5.3264013738001863e-04, -2.6154144042440908e-03,
          9.9316663478462540e-03, 6.3797290527207364e-03,
          -2.3328825161994253e-03, 5.3110238243123518e-02,
          7.6605717126814127e-04, -2.9799496210564888e-03,
          5.8047168549210130e-03, -6.7134226641943785e-04,
          -3.5523703051977178e-03, 1.0540197380599987e-02,
          -1.3153182251642787e-03, 4.6505202307013736e-04,
          1.4633374502951717e-03, 7.6605717126814105e-04,
          3.5332039632242851e-02, 4.0594770577025845e-05,
          2.6331973277646963e-04, -2.1033773001377223e-04,
          -1.6750602706666601e-04, 3.1855687814833439e-03,
          -7.1658399922790595e-04, 9.5832537673527934e-05,
          3.2528973254964143e-04, -2.9799496210564888e-03,
          4.0594770577025912e-05, 2.5537498606443814e-02,
          -4.7687639780974250e-04, -3.9644488964556560e-03,
          -5.5128804836030850e-03, 6.7449545062568369e-04,
          1.7734120707409970e-02, 5.6880376486636089e-03,
          -5.3344759155209854e-03, 5.8047168549210130e-03,
          2.6331973277646974e-04, -4.7687639780974255e-04,
          1.5144198687466930e-02, -9.5049360205631399e-05,
          2.9618229406434731e-03, 5.1290256769068419e-03,
          -2.0207462599546237e-03, -2.2589731909501969e-04,
          8.2882117152032527e-04, -6.7134226641943806e-04,
          -2.1033773001377201e-04, -3.9644488964556569e-03,
          -9.5049360205631399e-05, 3.6432166465457633e-02,
          2.0030482467233600e-03, -5.2968051687299084e-04,
          3.5874045432988060e-04, 1.1013169383003994e-04,
          -5.3264013738001884e-04, -3.5523703051977169e-03,
          -1.6750602706666609e-04, -5.5128804836030850e-03,
          2.9618229406434731e-03, 2.0030482467233595e-03,
          1.3019657624717839e-02, 9.3458214986323683e-04,
          1.2756979552877910e-02, 3.6894759819363840e-02,
          -2.6154144042440921e-03, 1.0540197380599987e-02,
          3.1855687814833426e-03, 6.7449545062568369e-04,
          5.1290256769068385e-03, -5.2968051687299084e-04,
          9.3458214986323672e-04, 1.5500080041714215e-01 ]
   - !!opencv-matrix
      rows: 10
