%YAML:1.0
---
groups:
   - intact
   - CD19
   - blast
intactGmmnames:
   - "intact.2014-3946.0"
   - "intact.2014-3946.1"
   - "intact.2014-3946.2"
   - "intact.2014-3946.3"
   - "intact.2014-3946.4"
intactLabels:
   - FSC-A
   - SSC-A
   - SY41
   - CD19
   - CD10
   - CD20
   - CD45
   - CD34
   - CD38
   - CD58
intactMu: !!opencv-matrix
   rows: 5
   cols: 10
   dt: d
   data: [ 1.5803140882524895e+00, 4.2362163885005555e-01,
       3.7427346603900751e+00, 1.0873355570532772e+00,
       1.0609082507196448e+00, 1.0201829549144295e+00,
       3.4592721052937874e+00, 1.1070134227074853e+00,
       2.0624609038446287e+00, 1.0788050695795921e+00,
       1.5258569963699606e+00, 6.3088221814231682e-01,
       3.9396544669140221e+00, 1.2155945866008850e+00,
       1.3476120518401709e+00, 1.0484306055000618e+00,
       1.5242204697984651e+00, 1.2470290647027187e+00,
       1.5997899801950337e+00, 2.4098127169094270e+00,
       2.4015659503712210e+00, 1.3065141126564830e+00,
       3.7281726567826201e+00, 1.2848003513238455e+00,
       1.1946787584563250e+00, 1.0262407222053658e+00,
       3.4188110734746093e+00, 1.2490396427894055e+00,
       2.3220413608159465e+00, 1.4327051429396847e+00,
       2.9124079229205426e+00, 2.9485836119413498e+00,
       3.9096189094968450e+00, 1.6997724563552539e+00,
       1.7895820526055755e+00, 1.2480149329599297e+00,
       2.4857454187019004e+00, 1.2462983495948170e+00,
       1.6469572340695027e+00, 1.9908628885617770e+00,
       1.8259009657232277e+00, 7.4035034399960320e-01,
       3.6107676357775951e+00, 1.1283055604644259e+00,
       1.0809906806977421e+00, 1.0004345889946744e+00,
       3.6131357075873214e+00, 1.0881417481427540e+00,
       2.4692937066476390e+00, 1.5501155122175225e+00 ]
intactSigma:
   - !!opencv-matrix
      rows: 10
      cols: 10
      dt: d
      data: [ 1.2698919407584300e-01, 1.9254017703904260e-02,
          -1.9251288990174614e-02, 1.5029208712485911e-03,
          1.0124740271221673e-03, 1.3568332658794426e-04,
          1.1299198316197611e-02, -3.5571884955871544e-03,
          1.5461375365399095e-03, 1.7963946685203354e-02,
          1.9254017703904260e-02, 1.9526176467158249e-02,
          -8.0632332163580300e-03, 1.4122733330381647e-03,
          1.0201000504179139e-03, -3.3377071376067040e-05,
          9.6299151807753940e-03, -2.9375888387313878e-03,
          -6.2044826161786106e-04, 3.5662942570435091e-02,
          -1.9251288990174614e-02, -8.0632332163580300e-03,
          1.7693474456494808e-02, 3.5025791275235854e-04,
          -7.1310032642487761e-06, 3.3980562516768898e-04,
          -5.8043052077159209e-03, 1.8839550031687193e-03,
          -2.7192655434075189e-03, -9.7253331859695671e-03,
          1.5029208712485900e-03, 1.4122733330381653e-03,
          3.5025791275235859e-04, 3.5187830527174120e-02,
          2.9715987332514161e-04, -3.2165292801952521e-03,
          -1.9862804246342201e-03, 1.5179599803732280e-04,
          -5.5346452578408445e-03, 3.5158382436893832e-03,
          1.0124740271221669e-03, 1.0201000504179135e-03,
          -7.1310032642487668e-06, 2.9715987332514144e-04,
          1.1422766242990448e-02, 9.0602750750916238e-05,
          3.1099088553497117e-04, -4.9971105140387585e-04,
          -7.6289948560875995e-04, 3.5364001050309881e-03,
          1.3568332658794448e-04, -3.3377071376066904e-05,
          3.3980562516768882e-04, -3.2165292801952508e-03,
          9.0602750750916388e-05, 3.4498913111305755e-02,
          -4.2120528882350137e-04, -5.9754165748042432e-03,
          -1.1349817486395923e-02, 4.1743374668181299e-04,
          1.1299198316197611e-02, 9.6299151807753940e-03,
          -5.8043052077159209e-03, -1.9862804246342193e-03,
          3.1099088553497139e-04, -4.2120528882350121e-04,
          1.2388706464508310e-02, -3.0640833098443069e-03,
          5.5126620006498888e-03, 1.3537868636073190e-02,
          -3.5571884955871544e-03, -2.9375888387313891e-03,
          1.8839550031687195e-03, 1.5179599803732280e-04,
          -4.9971105140387607e-04, -5.9754165748042440e-03,
          -3.0640833098443069e-03, 4.7609134235128678e-02,
          3.7766924192299970e-03, -4.2848175956367472e-03,
          1.5461375365399095e-03, -6.2044826161786041e-04,
          -2.7192655434075184e-03, -5.5346452578408445e-03,
          -7.6289948560875995e-04, -1.1349817486395925e-02,
          5.5126620006498888e-03, 3.7766924192299935e-03,
          5.6426233324718980e-02, -5.9549279772136299e-03,
          1.7963946685203354e-02, 3.5662942570435091e-02,
          -9.7253331859695671e-03, 3.5158382436893832e-03,
          3.5364001050309868e-03, 4.1743374668181326e-04,
          1.3537868636073190e-02, -4.2848175956367472e-03,
          -5.9549279772136317e-03, 1.6430316683144044e-01 ]
   - !!opencv-matrix
      rows: 10
      cols: 10
      dt: d
      data: [ 3.8530335129630494e-01, 1.1801156667734190e-01,
          2.8611330584026712e-03, 2.4979348512168986e-02,
          2.9548521666788938e-02, 2.9186352547722260e-03,
          5.2361006129079700e-02, 6.8692734481346322e-03,
          5.3863342448974685e-02, 4.3068397192162322e-02,
          1.1801156667734190e-01, 6.7319473002999605e-02,
          8.1814639180737506e-03, 1.3091034209462116e-02,
          1.8724206992169434e-02, 1.5532655237980868e-03,
          3.2230656091490055e-02, 4.5847595407277784e-03,
          3.3529306611916762e-02, 2.4875132976571665e-02,
          2.8611330584026699e-03, 8.1814639180737506e-03,
          6.4227981135064949e-02, 5.5112468232958439e-04,
          6.7263368775959953e-03, -1.6198448024427886e-04,
          1.9290303154015434e-02, 1.4864486778171221e-03,
          1.9164665087709441e-02, 1.2837514602795608e-02,
          2.4979348512168986e-02, 1.3091034209462116e-02,
          5.5112468232958384e-04, 1.3375366520998090e-02,
          3.9332803940897460e-03, -1.4941479661914182e-03,
          3.5160392760567403e-03, 7.2848952516449178e-04,
          4.4525711182113598e-03, 4.2368952367649489e-03,
          2.9548521666788938e-02, 1.8724206992169434e-02,
          6.7263368775959884e-03, 3.9332803940897460e-03,
          8.3976682676091333e-02, 7.3534884482413798e-04,
          1.8181847925173782e-02, 2.9491477763655236e-03,
          2.1700415278931795e-02, 1.9265848217924816e-02,
          2.9186352547722286e-03, 1.5532655237980857e-03,
          -1.6198448024427897e-04, -1.4941479661914182e-03,
          7.3534884482413896e-04, 2.3624332210409483e-02,
          8.7605952085418237e-04, -1.2348235925144333e-03,
          -4.4846401696565065e-03, 6.8281326891619996e-04,
          5.2361006129079693e-02, 3.2230656091490055e-02,
          1.9290303154015431e-02, 3.5160392760567403e-03,
          1.8181847925173782e-02, 8.7605952085418335e-04,
          8.3429524124232421e-02, 7.3944447668676449e-03,
          5.6132394037117207e-02, 2.1628351691607445e-02,
          6.8692734481346322e-03, 4.5847595407277784e-03,
          1.4864486778171217e-03, 7.2848952516449178e-04,
          2.9491477763655236e-03, -1.2348235925144333e-03,
          7.3944447668676432e-03, 1.2167332634688150e-02,
          7.2747550150411124e-03, 1.8619727921536915e-03,
          5.3863342448974706e-02, 3.3529306611916762e-02,
          1.9164665087709441e-02, 4.4525711182113598e-03,
          2.1700415278931795e-02, -4.4846401696565065e-03,
          5.6132394037117207e-02, 7.2747550150411124e-03,
          7.1843511210614483e-02, 2.0350849110127012e-02,
          4.3068397192162322e-02, 2.4875132976571665e-02,
          1.2837514602795608e-02, 4.2368952367649480e-03,
          1.9265848217924816e-02, 6.8281326891619996e-04,
          2.1628351691607445e-02, 1.8619727921536915e-03,
          2.0350849110127012e-02, 4.0993805131477858e-02 ]
   - !!opencv-matrix
      rows: 10
      cols: 10
      dt: d
