%YAML:1.0
---
groups:
   - intact
   - CD19
intactGmmnames:
   - "intact.2014-1877.0"
   - "intact.2014-1877.1"
   - "intact.2014-1877.2"
   - "intact.2014-1877.3"
   - "intact.2014-1877.4"
intactLabels:
   - FSC-A
   - SSC-A
   - SY41
   - CD19
   - CD10
   - CD20
   - CD45
   - CD34
   - CD38
   - CD58
intactMu: !!opencv-matrix
   rows: 5
   cols: 10
   dt: d
   data: [ 8.1811052122452865e-01, 4.2854781287285371e-01,
       2.8302600072766828e+00, 1.0495551142503738e+00,
       1.1123394887032758e+00, 1.0181944554747171e+00,
       1.2146024982051029e+00, 1.1624488940442150e+00,
       1.5787975714856910e+00, 2.0835486864930757e+00,
       1.3610971692155802e+00, 3.3899391764453490e-01,
       2.8293542312087219e+00, 1.2745517535209503e+00,
       7.6988202157589658e-01, 9.9726436221902526e-01,
       3.2493705391945085e+00, 1.1355420572427168e+00,
       1.8280285232326734e+00, 9.3654097786532287e-01,
       1.8140930642261828e+00, 1.4929331951519658e+00,
       2.8882164924122313e+00, 1.4120989759514742e+00,
       1.1303808219115246e+00, 1.1531918465045683e+00,
       2.5033280216024512e+00, 1.3605586332599640e+00,
       2.2816645416939179e+00, 1.7454617337163445e+00,
       1.4039548586785568e+00, 5.6828516441736676e-01,
       2.6441262967900729e+00, 1.3635559979536920e+00,
       8.0561009363125524e-01, 1.0134198736402207e+00,
       3.3220483518966462e+00, 1.1499977849008345e+00,
       2.3912937687370666e+00, 1.3359688736824551e+00,
       2.1912438158545662e+00, 2.5293249330580565e+00,
       2.5924142084070465e+00, 1.5712783153709360e+00,
       1.4092436611570054e+00, 1.0237221092915929e+00,
       2.4035784656769335e+00, 1.2163406615061745e+00,
       1.7052723177817501e+00, 1.6483897929542608e+00 ]
intactSigma:
   - !!opencv-matrix
      rows: 10
      cols: 10
      dt: d
      data: [ 5.8213782994013523e-02, 1.4892696770559233e-02,
          -1.9142896551280649e-03, 4.5662372523639283e-03,
          1.5230104047976050e-02, 4.0355404111784587e-04,
          3.2462673181864435e-03, 3.0776431177426144e-04,
          1.1857962610153014e-03, 1.3517889094765100e-02,
          1.4892696770559233e-02, 1.7950004998464220e-02,
          7.4990659865215373e-03, 2.9422647531283036e-03,
          1.3999067874005034e-02, 3.9580873943027367e-04,
          2.9744547029686551e-03, 7.1846173692505656e-04,
          1.1046918958968030e-03, 1.5439408005325280e-02,
          -1.9142896551280651e-03, 7.4990659865215364e-03,
          1.0167305457961900e-01, -1.4484009958584034e-02,
          7.4481974208342766e-04, 6.8483325337320873e-04,
          1.0122039304462508e-04, 4.1249115421673702e-03,
          2.8780582079279663e-03, 8.7109073400466579e-03,
          4.5662372523639283e-03, 2.9422647531283028e-03,
          -1.4484009958584034e-02, 1.2227885583463806e-02,
          5.4201953238704591e-03, -1.5903527813566796e-03,
          6.1266086338436618e-04, -5.3887547523744019e-04,
          -8.0440573972699505e-04, 2.7166595635729675e-03,
          1.5230104047976048e-02, 1.3999067874005034e-02,
          7.4481974208342766e-04, 5.4201953238704583e-03,
          1.3767064095341658e-01, 1.1854270867631869e-03,
          3.6198509357788528e-03, -2.1547422774703638e-03,
          3.2872129266689333e-03, 2.1859458636258794e-02,
          4.0355404111784603e-04, 3.9580873943027367e-04,
          6.8483325337320852e-04, -1.5903527813566796e-03,
          1.1854270867631873e-03, 1.7548946698805409e-02,
          3.2441104613274577e-04, -7.1820113133205484e-04,
          -1.2321421836531158e-03, 3.8973981904300752e-04,
          3.2462673181864435e-03, 2.9744547029686543e-03,
          1.0122039304462523e-04, 6.1266086338436596e-04,
          3.6198509357788524e-03, 3.2441104613274593e-04,
          2.2885573651138334e-02, 2.7199704572833995e-03,
          1.3662258600752257e-03, 4.5033362117931621e-03,
          3.0776431177426139e-04, 7.1846173692505667e-04,
          4.1249115421673694e-03, -5.3887547523744019e-04,
          -2.1547422774703638e-03, -7.1820113133205462e-04,
          2.7199704572833990e-03, 9.0818636660057236e-03,
          1.9199155835356938e-04, 7.9232905837561525e-04,
          1.1857962610153012e-03, 1.1046918958968030e-03,
          2.8780582079279663e-03, -8.0440573972699516e-04,
          3.2872129266689333e-03, -1.2321421836531158e-03,
          1.3662258600752257e-03, 1.9199155835356941e-04,
          1.3241257446184214e-03, 1.6126292659572033e-03,
          1.3517889094765100e-02, 1.5439408005325280e-02,
          8.7109073400466561e-03, 2.7166595635729667e-03,
          2.1859458636258794e-02, 3.8973981904300763e-04,
          4.5033362117931630e-03, 7.9232905837561547e-04,
          1.6126292659572033e-03, 4.3179629602162893e-02 ]
   - !!opencv-matrix
      rows: 10
      cols: 10
      dt: d
      data: [ 1.3050043244990470e-01, 2.5778974873415452e-03,
          -2.4695470376511791e-02, 7.5439195987980264e-03,
          5.2157007013123270e-03, -3.9603441174078223e-04,
          3.8627991447011713e-03, -2.9781596376406133e-04,
          1.1817641293209956e-03, 8.6629541785398622e-03,
          2.5778974873415456e-03, 9.3153892395606928e-03,
          -4.9045039052700102e-03, 4.8189540697244964e-03,
          2.6173204971629525e-03, -1.7574757142202813e-04,
          5.2477297111390231e-03, -2.5641189782650320e-04,
          -7.4895758442969379e-05, 1.7233348574705383e-02,
          -2.4695470376511781e-02, -4.9045039052700102e-03,
          2.8152746574172369e-02, -6.7351447042170443e-03,
          -5.3038521968785538e-03, 3.5758262129848863e-04,
          -5.3592504838618996e-03, 8.7933173012269496e-04,
          -1.3217883842113275e-04, -1.3437938837587959e-02,
          7.5439195987980264e-03, 4.8189540697244964e-03,
          -6.7351447042170443e-03, 3.3150889760850101e-02,
          2.0705023520533176e-03, -2.6247527302348515e-03,
          4.7626718349515042e-03, -2.4202245237063343e-04,
          -1.1546801586833891e-03, 9.2047326195619193e-03,
          5.2157007013123270e-03, 2.6173204971629521e-03,
          -5.3038521968785538e-03, 2.0705023520533180e-03,
          2.8581351187670377e-02, 5.1072163796752205e-05,
          1.6718707865922943e-03, -1.1126115213581790e-03,
          -2.2851919463867974e-04, 7.8185892716416405e-03,
          -3.9603441174078196e-04, -1.7574757142202832e-04,
          3.5758262129848819e-04, -2.6247527302348523e-03,
          5.1072163796752205e-05, 3.0483166505564274e-02,
          -1.6795950026070604e-04, -4.0243548087477779e-03,
          -4.8600856744359542e-03, -1.6886303018428069e-04,
          3.8627991447011730e-03, 5.2477297111390231e-03,
          -5.3592504838618979e-03, 4.7626718349515059e-03,
          1.6718707865922943e-03, -1.6795950026070598e-04,
          9.3740135543521133e-03, 1.2151436135655303e-04,
          1.8800303834178608e-03, 9.0962865746407641e-03,
          -2.9781596376406101e-04, -2.5641189782650326e-04,
          8.7933173012269452e-04, -2.4202245237063330e-04,
          -1.1126115213581792e-03, -4.0243548087477796e-03,
          1.2151436135655295e-04, 4.9581927851608608e-02,
          -1.5857399377171581e-04, -1.2239575513585512e-03,
          1.1817641293209956e-03, -7.4895758442969379e-05,
          -1.3217883842113259e-04, -1.1546801586833893e-03,
          -2.2851919463867958e-04, -4.8600856744359542e-03,
          1.8800303834178606e-03, -1.5857399377171568e-04,
          1.1391951240525782e-02, -1.7966778392728337e-03,
          8.6629541785398622e-03, 1.7233348574705383e-02,
          -1.3437938837587954e-02, 9.2047326195619193e-03,
          7.8185892716416371e-03, -1.6886303018428053e-04,
          9.0962865746407641e-03, -1.2239575513585516e-03,
          -1.7966778392728337e-03, 1.0597840851912249e-01 ]
   - !!opencv-matrix
      rows: 10
      cols: 10
      dt: d
