%YAML:1.0
---
groups:
   - intact
   - CD19
   - blast
intactGmmnames:
   - "intact.2014-3501.0"
   - "intact.2014-3501.1"
   - "intact.2014-3501.2"
   - "intact.2014-3501.3"
   - "intact.2014-3501.4"
intactLabels:
   - FSC-A
   - SSC-A
   - SY41
   - CD19
   - CD10
   - CD20
   - CD45
   - CD34
   - CD38
   - CD58
intactMu: !!opencv-matrix
   rows: 5
   cols: 10
   dt: d
   data: [ 1.7635659648735000e+00, 6.3362386526626435e-01,
       3.0832137791797321e+00, 1.4828867598818090e+00,
       1.4821072490993923e+00, 1.0401002376510242e+00,
       3.6996004164897611e+00, 1.0256379253844219e+00,
       2.6103466807275111e+00, 1.7028187829159560e+00,
       1.0920749906810621e+00, 3.2365311321586582e-01,
       3.0720398020993636e+00, 1.1339739340160133e+00,
       1.1868253515765461e+00, 9.8808397975960582e-01,
       1.4968972632711108e+00, 1.2149915635413979e+00,
       1.4961459823990793e+00, 2.3985838953488798e+00,
       2.6774889193632139e+00, 2.5584749553756652e+00,
       3.1650285294487381e+00, 1.6735952903934572e+00,
       1.6894520933722643e+00, 1.0439798622582688e+00,
       2.7644460926803398e+00, 1.2185725997608090e+00,
       1.7328703916374302e+00, 2.2864373061182923e+00,
       1.5728701142349391e+00, 4.7309029158852872e-01,
       2.9981571115415266e+00, 1.4428194520713717e+00,
       1.4301324732609240e+00, 9.6638697989360756e-01,
       3.7910338552887595e+00, 9.9117315642310821e-01,
       2.2064269084869870e+00, 1.8120585525950259e+00,
       1.2982313991463714e+00, 2.8386365003163327e-01,
       3.2370878300069510e+00, 1.3115646631386337e+00,
       1.2770006029640040e+00, 9.4538090574171985e-01,
       3.6410125864636789e+00, 1.0898476968489843e+00,
       2.1295753270464663e+00, 1.0465631245583014e+00 ]
intactSigma:
   - !!opencv-matrix
      rows: 10
      cols: 10
      dt: d
      data: [ 2.3496851224700172e-01, 7.0734622590774177e-02,
          -1.4625423575723545e-02, 2.7582846952795358e-02,
          2.9945246210940687e-02, 1.2117126295945168e-02,
          2.0332719158801586e-02, 1.2240563023937535e-02,
          3.5777947025099073e-02, 1.0251287628692422e-01,
          7.0734622590774177e-02, 1.0978326632285082e-01,
          -7.1029566306914675e-03, 3.6091857043653808e-02,
          7.9415279504770220e-03, 3.0168464514310715e-02,
          2.0624728631729737e-03, 2.0344896338288194e-02,
          7.3188204589150468e-03, 7.3768283776277255e-02,
          -1.4625423575723542e-02, -7.1029566306914640e-03,
          1.1102986013356946e-01, -5.8630654766299063e-03,
          -3.3684061580457419e-02, 4.1790081430815229e-03,
          -8.4329995313307884e-03, 2.0123459206097052e-02,
          -6.4745418321008052e-02, -5.4529172729224772e-02,
          2.7582846952795365e-02, 3.6091857043653808e-02,
          -5.8630654766299072e-03, 9.5242427027142723e-02,
          1.5226900690576818e-02, 3.4383943063004373e-02,
          7.4005953997777658e-03, 1.2195217373845396e-03,
          2.3444405757363116e-03, 3.0240249157182434e-02,
          2.9945246210940669e-02, 7.9415279504770203e-03,
          -3.3684061580457419e-02, 1.5226900690576818e-02,
          3.2953963682587173e-01, -1.4909899236573978e-02,
          9.5089295445816464e-03, -1.5899966654624856e-02,
          5.0502377754744657e-02, 5.5619953405578848e-02,
          1.2117126295945168e-02, 3.0168464514310721e-02,
          4.1790081430815194e-03, 3.4383943063004373e-02,
          -1.4909899236573978e-02, 2.2928841279653706e-01,
          2.2033742634252193e-05, 1.7175060967408076e-03,
          -4.9927300230401150e-02, 7.9866826300321794e-03,
          2.0332719158801586e-02, 2.0624728631729724e-03,
          -8.4329995313307884e-03, 7.4005953997777658e-03,
          9.5089295445816447e-03, 2.2033742634252054e-05,
          2.6410524079850239e-02, -1.3870701634788016e-02,
          1.2831919635639939e-02, 1.3693236406105005e-02,
          1.2240563023937535e-02, 2.0344896338288194e-02,
          2.0123459206097059e-02, 1.2195217373845396e-03,
          -1.5899966654624852e-02, 1.7175060967408089e-03,
          -1.3870701634788022e-02, 1.5303471263429994e-01,
          -9.7992176206734369e-03, -4.0856970676547396e-03,
          3.5777947025099073e-02, 7.3188204589150459e-03,
          -6.4745418321008052e-02, 2.3444405757363112e-03,
          5.0502377754744657e-02, -4.9927300230401143e-02,
          1.2831919635639939e-02, -9.7992176206734352e-03,
          1.7591006213168511e-01, 8.6195310276355186e-02,
          1.0251287628692424e-01, 7.3768283776277255e-02,
          -5.4529172729224772e-02, 3.0240249157182441e-02,
          5.5619953405578848e-02, 7.9866826300321759e-03,
          1.3693236406105008e-02, -4.0856970676547361e-03,
          8.6195310276355186e-02, 2.6291545692125434e-01 ]
   - !!opencv-matrix
      rows: 10
      cols: 10
      dt: d
      data: [ 9.3373331019070568e-02, 2.0665543516172270e-02,
          8.3812214076074958e-03, 5.4789650216891779e-03,
          4.6810180429356502e-03, 5.5086636901664646e-04,
          9.5221988203799957e-03, 9.2897802227235183e-04,
          8.1786813573173217e-03, 2.0856636891279590e-02,
          2.0665543516172270e-02, 1.1317074012592540e-02,
          8.6259293776670557e-04, 2.9667869953030742e-03,
          1.9307519916361253e-03, 6.6066994491238446e-04,
          4.5189916888965110e-03, 6.7625857099239779e-04,
          3.5748216981006716e-03, 9.7677930141400800e-03,
          8.3812214076074958e-03, 8.6259293776670568e-04,
          1.3285809415320238e-01, 2.3826964612546145e-04,
          1.8855150649144231e-04, -4.3370829452449029e-04,
          2.5989976340314558e-03, 9.7526887757223607e-04,
          4.0507930565191917e-03, 8.6910002353589675e-03,
          5.4789650216891762e-03, 2.9667869953030742e-03,
          2.3826964612546153e-04, 1.3187590780916284e-02,
          1.0820642942656561e-03, -1.9560208534967552e-03,
          5.5788270228465252e-04, 3.9831796886021290e-04,
          -4.7653310784325945e-04, 2.5778009251757879e-03,
          4.6810180429356493e-03, 1.9307519916361246e-03,
          1.8855150649144223e-04, 1.0820642942656561e-03,
          2.2010622595051512e-02, 3.6900989327876433e-04,
          -6.4468648722257999e-04, -1.8510412500308951e-04,
          1.3985898206658354e-03, 2.8073660926721260e-03,
          5.5086636901664635e-04, 6.6066994491238457e-04,
          -4.3370829452448980e-04, -1.9560208534967552e-03,
          3.6900989327876433e-04, 3.0576388254804614e-02,
          7.3160051097552069e-04, -1.5911075124341821e-03,
          -4.3393633687088843e-03, 3.9355360282675086e-04,
          9.5221988203799974e-03, 4.5189916888965110e-03,
          2.5989976340314558e-03, 5.5788270228465241e-04,
          -6.4468648722258021e-04, 7.3160051097552069e-04,
          2.6377426791156171e-02, 1.9911235701924406e-03,
          1.2343214713236171e-02, 6.4565149879961606e-03,
          9.2897802227235151e-04, 6.7625857099239779e-04,
          9.7526887757223586e-04, 3.9831796886021274e-04,
          -1.8510412500308951e-04, -1.5911075124341821e-03,
          1.9911235701924406e-03, 1.0855740643728141e-02,
          1.3151061322638686e-03, 7.4341422590345292e-04,
          8.1786813573173182e-03, 3.5748216981006707e-03,
          4.0507930565191934e-03, -4.7653310784325962e-04,
          1.3985898206658354e-03, -4.3393633687088843e-03,
          1.2343214713236171e-02, 1.3151061322638688e-03,
          1.6342951013147800e-02, 5.5791680455466756e-03,
          2.0856636891279590e-02, 9.7677930141400835e-03,
          8.6910002353589675e-03, 2.5778009251757883e-03,
          2.8073660926721264e-03, 3.9355360282675048e-04,
          6.4565149879961606e-03, 7.4341422590345314e-04,
          5.5791680455466756e-03, 2.2941999193029264e-02 ]
   - !!opencv-matrix
      rows: 10
      cols: 10
      dt: d
