%YAML:1.0
---
groups:
   - intact
   - CD19
   - blast
intactGmmnames:
   - "intact.2014-3953.0"
   - "intact.2014-3953.1"
   - "intact.2014-3953.2"
   - "intact.2014-3953.3"
   - "intact.2014-3953.4"
intactLabels:
   - FSC-A
   - SSC-A
   - SY41
   - CD19
   - CD10
   - CD20
   - CD45
   - CD34
   - CD38
   - CD58
intactMu: !!opencv-matrix
   rows: 5
   cols: 10
   dt: d
   data: [ 2.8445852950880726e+00, 3.2884087818956669e+00,
       3.1075382748338867e+00, 1.7039151487565452e+00,
       2.1484578449574339e+00, 1.0577257249839915e+00,
       3.2874673330720507e+00, 1.1949509365436839e+00,
       2.1013261980536071e+00, 2.1631708421862399e+00,
       1.7274248174165407e+00, 5.7649744785292822e-01,
       3.1781810785051299e+00, 1.0236709081154278e+00,
       1.2404081802611813e+00, 8.9493691991618041e-01,
       3.4945647045098709e+00, 1.1078019163588702e+00,
       2.3559248983007941e+00, 1.5280601131840563e+00,
       1.2766130111939022e+00, 4.4376820473898454e-01,
       3.2655967597212006e+00, 1.1016788717858637e+00,
       1.1760786955643074e+00, 9.4740807941023419e-01,
       1.1648207567794917e+00, 1.1544165143652951e+00,
       1.0739775201155202e+00, 2.1796690985662766e+00,
       1.5024745714492209e+00, 3.8020963003891356e-01,
       3.1761586745419503e+00, 9.4831145358477364e-01,
       1.1795130216960235e+00, 8.8371137490878904e-01,
       3.4124792471032968e+00, 1.1193773934173421e+00,
       2.3225186613436284e+00, 1.0852490705285123e+00,
       2.5925969943214047e+00, 2.1496480103335656e+00,
       3.0367718515865709e+00, 1.5807727969053849e+00,
       1.3768655291221201e+00, 1.1764839983791899e+00,
       2.6119359638508168e+00, 1.2466571413781291e+00,
       1.9351795449480604e+00, 1.8130673961435122e+00 ]
intactSigma:
   - !!opencv-matrix
      rows: 10
      cols: 10
      dt: d
      data: [ 2.7055915641856854e-01, 6.4776753268271842e-02,
          2.5003406779450497e-03, 2.0787546631602320e-02,
          -1.3087257763703850e-02, 1.7193923497093169e-02,
          1.2186340197828521e-02, 8.3883025832378055e-03,
          1.3771678863025301e-02, 1.1113199160358604e-02,
          6.4776753268271856e-02, 5.2936114149906444e-01,
          -1.2905671549248455e-02, 8.7336463000285081e-02,
          2.0995347848702134e-01, -4.7645037219422197e-02,
          -3.8045038304411402e-02, -2.9711721291422834e-02,
          -1.2695940440094838e-01, -3.5986391250570293e-02,
          2.5003406779450484e-03, -1.2905671549248458e-02,
          5.4358057441408134e-02, -1.3352576474290289e-03,
          -1.7173522049193757e-02, 5.3167021722982247e-03,
          1.7888633666946381e-03, 3.8890452002647794e-03,
          1.0496214642148642e-02, 4.6331238717628523e-03,
          2.0787546631602320e-02, 8.7336463000285081e-02,
          -1.3352576474290289e-03, 6.2927634157315809e-02,
          3.5677753036835000e-02, -5.3070794010581079e-03,
          -3.6321688676881855e-03, -2.8356728077793768e-03,
          -2.1395482861891121e-02, -2.1151857106196008e-03,
          -1.3087257763703859e-02, 2.0995347848702134e-01,
          -1.7173522049193760e-02, 3.5677753036835000e-02,
          3.0647665687953879e-01, -4.2169574381631290e-02,
          -1.8327902193427947e-02, -2.7304667626423303e-02,
          -8.9874085463923836e-02, -3.3873787360596701e-02,
          1.7193923497093165e-02, -4.7645037219422197e-02,
          5.3167021722982247e-03, -5.3070794010581087e-03,
          -4.2169574381631290e-02, 1.0424822300976536e-01,
          1.2341657473490598e-02, 4.6318994601949152e-03,
          2.2221082864533042e-02, 1.7952586508158265e-02,
          1.2186340197828523e-02, -3.8045038304411402e-02,
          1.7888633666946385e-03, -3.6321688676881850e-03,
          -1.8327902193427947e-02, 1.2341657473490598e-02,
          3.2881399098932014e-02, 7.4764478440381907e-03,
          3.5181090476309726e-02, 1.0970587460443422e-02,
          8.3883025832378090e-03, -2.9711721291422834e-02,
          3.8890452002647794e-03, -2.8356728077793764e-03,
          -2.7304667626423293e-02, 4.6318994601949152e-03,
          7.4764478440381907e-03, 9.3963219237285817e-02,
          2.8930004259998712e-02, 1.0729249807543440e-02,
          1.3771678863025301e-02, -1.2695940440094838e-01,
          1.0496214642148642e-02, -2.1395482861891121e-02,
          -8.9874085463923836e-02, 2.2221082864533042e-02,
          3.5181090476309726e-02, 2.8930004259998712e-02,
          1.3109624613305057e-01, 3.6427725707529938e-02,
          1.1113199160358600e-02, -3.5986391250570286e-02,
          4.6331238717628532e-03, -2.1151857106196004e-03,
          -3.3873787360596701e-02, 1.7952586508158258e-02,
          1.0970587460443422e-02, 1.0729249807543436e-02,
          3.6427725707529938e-02, 3.0593520613555643e-02 ]
   - !!opencv-matrix
      rows: 10
      cols: 10
      dt: d
      data: [ 1.0099046959992847e-01, 1.2194923231146560e-02,
          1.2630999274945774e-03, 1.6395474466135045e-03,
          3.5765169482862712e-03, -2.6285274377421198e-03,
          4.5606924958002913e-03, -3.3603927923790953e-03,
          1.0338276545521366e-02, 1.4559323724956861e-02,
          1.2194923231146564e-02, 2.5724134895891686e-02,
          -6.1439009982639425e-04, 4.9843421059951685e-03,
          3.1317799304864179e-03, -2.8822153731295438e-03,
          5.7363304988882835e-03, -2.8896107434288397e-03,
          2.2027070304902537e-02, 2.8871163753355834e-02,
          1.2630999274945774e-03, -6.1439009982639425e-04,
          3.2162778101335478e-02, -8.2470730046503256e-04,
          -8.1490139285464300e-05, 4.4606431303910677e-05,
          -8.6065184089730148e-04, 3.1163060025392742e-04,
          -3.4016639738948388e-05, -3.1985160260311861e-03,
          1.6395474466135045e-03, 4.9843421059951676e-03,
          -8.2470730046503235e-04, 1.0389690070301648e-01,
          1.1974609577407537e-02, -6.1408340232295177e-03,
          -4.2046579841417374e-03, -2.6903468965952262e-03,
          -6.9982852842769682e-03, 5.3659508732407431e-03,
          3.5765169482862695e-03, 3.1317799304864200e-03,
          -8.1490139285464206e-05, 1.1974609577407537e-02,
          2.7037771304650371e-01, 3.0258111191020008e-04,
          4.7217862215676547e-04, -1.6924004613449858e-03,
          1.0112822220583512e-02, 8.8617618833924331e-03,
          -2.6285274377421198e-03, -2.8822153731295451e-03,
          4.4606431303910473e-05, -6.1408340232295159e-03,
          3.0258111191020019e-04, 8.5816653541254215e-02,
          -1.8485128416650151e-03, -1.4759470361624850e-02,
          -2.8863680081685307e-02, -3.3370279207937739e-03,
          4.5606924958002931e-03, 5.7363304988882835e-03,
          -8.6065184089730148e-04, -4.2046579841417374e-03,
          4.7217862215676536e-04, -1.8485128416650149e-03,
          1.2888607243355240e-02, -1.6195950113257287e-03,
          1.7085134723375677e-02, 1.0431300602228931e-02,
          -3.3603927923790953e-03, -2.8896107434288405e-03,
          3.1163060025392699e-04, -2.6903468965952253e-03,
          -1.6924004613449871e-03, -1.4759470361624847e-02,
          -1.6195950113257287e-03, 1.0554663598413687e-01,
          1.3714815555872133e-02, -6.4783536099511903e-03,
          1.0338276545521366e-02, 2.2027070304902540e-02,
          -3.4016639738947900e-05, -6.9982852842769699e-03,
          1.0112822220583515e-02, -2.8863680081685300e-02,
          1.7085134723375677e-02, 1.3714815555872135e-02,
          1.7828058451110831e-01, 2.0880189959433720e-02,
          1.4559323724956857e-02, 2.8871163753355831e-02,
          -3.1985160260311861e-03, 5.3659508732407431e-03,
          8.8617618833924348e-03, -3.3370279207937748e-03,
          1.0431300602228934e-02, -6.4783536099511903e-03,
          2.0880189959433731e-02, 1.3717390731124907e-01 ]
   - !!opencv-matrix
      rows: 10
      cols: 10
