%YAML:1.0
---
groups:
   - intact
   - CD19
   - blast
intactGmmnames:
   - "intact.2014-2945.0"
   - "intact.2014-2945.1"
   - "intact.2014-2945.2"
   - "intact.2014-2945.3"
   - "intact.2014-2945.4"
intactLabels:
   - FSC-A
   - SSC-A
   - SY41
   - CD19
   - CD10
   - CD20
   - CD45
   - CD34
   - CD38
   - CD58
intactMu: !!opencv-matrix
   rows: 5
   cols: 10
   dt: d
   data: [ 1.2104437166318085e+00, 4.2411085802160736e-01,
       3.3029211902371243e+00, 1.2191947670822250e+00,
       1.1681582248906788e+00, 1.0156448829800759e+00,
       3.3172091867086411e+00, 1.0765221494879600e+00,
       1.9206329482610180e+00, 9.5197517533500708e-01,
       2.4926038570498417e+00, 8.0079020699023173e-01,
       2.9122905844688716e+00, 1.4422171793429805e+00,
       1.1582152060420814e+00, 9.8747541521460469e-01,
       3.5666203895961841e+00, 1.0158355208218461e+00,
       2.2908204400468266e+00, 1.1550405165017199e+00,
       1.3719380314676828e+00, 6.3534143809378796e-01,
       3.2832771464922570e+00, 1.1548557629879828e+00,
       1.2234627446414410e+00, 1.0367818622970904e+00,
       1.3920959176106280e+00, 1.1336650580310144e+00,
       1.4630830317719152e+00, 2.4828417003640122e+00,
       2.7998696549803110e+00, 2.6319148696629022e+00,
       3.1530318588001101e+00, 1.7238040757757611e+00,
       1.5480815374761410e+00, 1.0750606348345624e+00,
       2.7083303997549244e+00, 1.1735441524995447e+00,
       1.8701727576950042e+00, 1.9195141962859257e+00,
       1.8573467983939047e+00, 4.2656359556186479e-01,
       2.8801363224251477e+00, 1.2079421664100347e+00,
       1.1638433953819256e+00, 1.0059243311801005e+00,
       3.3211093075442912e+00, 1.0776221058071702e+00,
       1.9246333364145363e+00, 9.1895195699333521e-01 ]
intactSigma:
   - !!opencv-matrix
      rows: 10
      cols: 10
      dt: d
      data: [ 8.1334062176251290e-02, 6.2610579813952034e-03,
          -2.6078333749239690e-02, 2.5200767830743142e-03,
          8.2595540954296211e-04, -1.0141924477737175e-03,
          7.3724656618049051e-03, -1.7021494940664740e-03,
          -1.5470396690412877e-04, 3.8610309612332537e-03,
          6.2610579813952034e-03, 1.5915116505900891e-02,
          2.3363892387917914e-03, 7.1865405793836261e-03,
          4.7481957482840219e-04, -5.7667644513816695e-05,
          4.6097282404059005e-03, -8.9460178962750647e-04,
          -8.5009721361625540e-04, 2.2392374702592682e-02,
          -2.6078333749239690e-02, 2.3363892387917909e-03,
          2.1888307172466401e-02, 3.5722402961023548e-03,
          -6.0247644637942421e-04, 4.0077470619031825e-04,
          -1.3177941669962521e-03, 5.7482729150051446e-04,
          -1.3994117654338846e-03, 2.7483219421453853e-03,
          2.5200767830743150e-03, 7.1865405793836261e-03,
          3.5722402961023548e-03, 8.5578434404319934e-02,
          1.7941685618188966e-03, -4.5156876663687909e-03,
          2.8986882864056682e-03, -1.6584624614707452e-03,
          -7.6730792981285871e-03, 8.6969925880487648e-03,
          8.2595540954296200e-04, 4.7481957482840240e-04,
          -6.0247644637942454e-04, 1.7941685618188962e-03,
          9.0033677555521607e-02, -2.0577520394547458e-05,
          -7.7730180307229941e-04, -8.5925606923562028e-05,
          4.3571198789023807e-04, 8.9145305597461064e-04,
          -1.0141924477737178e-03, -5.7667644513816519e-05,
          4.0077470619031825e-04, -4.5156876663687909e-03,
          -2.0577520394547573e-05, 3.3140895640452049e-02,
          -3.0713209545778154e-04, -7.3567741840590414e-03,
          -9.9108637195995039e-03, -6.1754807220967540e-04,
          7.3724656618049051e-03, 4.6097282404059014e-03,
          -1.3177941669962516e-03, 2.8986882864056682e-03,
          -7.7730180307229897e-04, -3.0713209545778176e-04,
          1.2455145186121225e-02, -5.8376248547045771e-04,
          2.4135474326965924e-03, 2.3928804834061988e-03,
          -1.7021494940664742e-03, -8.9460178962750658e-04,
          5.7482729150051424e-04, -1.6584624614707452e-03,
          -8.5925606923561919e-05, -7.3567741840590414e-03,
          -5.8376248547045739e-04, 7.5136548847042975e-02,
          5.5553825689880088e-03, 6.5391143918901704e-04,
          -1.5470396690412842e-04, -8.5009721361625626e-04,
          -1.3994117654338850e-03, -7.6730792981285871e-03,
          4.3571198789023763e-04, -9.9108637195995056e-03,
          2.4135474326965924e-03, 5.5553825689880088e-03,
          5.5611440576560194e-02, -2.0318065837057939e-03,
          3.8610309612332537e-03, 2.2392374702592682e-02,
          2.7483219421453853e-03, 8.6969925880487613e-03,
          8.9145305597461031e-04, -6.1754807220967584e-04,
          2.3928804834061996e-03, 6.5391143918901726e-04,
          -2.0318065837057957e-03, 1.2156824405986844e-01 ]
   - !!opencv-matrix
      rows: 10
      cols: 10
      dt: d
      data: [ 3.8661963677277889e-01, 3.0239912600112873e-02,
          -6.0909643773589496e-03, 2.3465282423933115e-02,
          3.6693747397822697e-03, -1.6462017792098179e-03,
          3.4485587592804970e-02, -1.3423413341387516e-02,
          4.4767711945651420e-02, 7.3099143885926214e-03,
          3.0239912600112873e-02, 5.1282842280279170e-02,
          2.5093708952639319e-03, 2.1728246564767923e-02,
          -3.4878816643434856e-03, -2.3065412174492839e-03,
          1.0443454541795868e-02, -3.2748190592219958e-03,
          2.7072746294175658e-02, 2.0974503417954315e-02,
          -6.0909643773589504e-03, 2.5093708952639328e-03,
          1.5730381779703751e-02, 4.8072585510839719e-03,
          -3.9656863648721207e-03, 3.5522515813191840e-04,
          1.8237596810315188e-03, -8.7226027748003073e-04,
          -1.1983326513693793e-03, -1.8991477662438749e-05,
          2.3465282423933115e-02, 2.1728246564767923e-02,
          4.8072585510839719e-03, 1.1095533435989911e-01,
          1.6383422877091990e-03, -7.4650958811368255e-03,
          1.1867101145634849e-02, -5.4165944270761057e-03,
          1.2421535031372593e-02, 4.2456737710746062e-03,
          3.6693747397822715e-03, -3.4878816643434847e-03,
          -3.9656863648721216e-03, 1.6383422877091975e-03,
          2.6818878737780050e-01, 1.7785853425948764e-03,
          -2.5839370478992936e-03, 2.7697292564762914e-03,
          -3.8273305509051092e-03, 8.8330300231932359e-03,
          -1.6462017792098192e-03, -2.3065412174492839e-03,
          3.5522515813191861e-04, -7.4650958811368229e-03,
          1.7785853425948755e-03, 5.8278812470312490e-02,
          -2.1821406376984049e-03, -1.3871675962899212e-02,
          -2.1687787420868253e-02, 1.1922609094673828e-03,
          3.4485587592804977e-02, 1.0443454541795866e-02,
          1.8237596810315188e-03, 1.1867101145634849e-02,
          -2.5839370478992949e-03, -2.1821406376984049e-03,
          2.5929144003772987e-02, -6.3350988939084663e-03,
          2.1187468558078855e-02, -1.7598256301525604e-03,
          -1.3423413341387516e-02, -3.2748190592219949e-03,
          -8.7226027748003073e-04, -5.4165944270761074e-03,
          2.7697292564762897e-03, -1.3871675962899212e-02,
          -6.3350988939084680e-03, 1.4522016281262973e-01,
          1.0368406537922925e-03, 4.3130452477966787e-03,
          4.4767711945651420e-02, 2.7072746294175658e-02,
          -1.1983326513693793e-03, 1.2421535031372593e-02,
          -3.8273305509051122e-03, -2.1687787420868250e-02,
          2.1187468558078862e-02, 1.0368406537922938e-03,
          1.6219156367726445e-01, -1.3503679662365028e-02,
          7.3099143885926180e-03, 2.0974503417954315e-02,
          -1.8991477662438884e-05, 4.2456737710746045e-03,
          8.8330300231932359e-03, 1.1922609094673824e-03,
          -1.7598256301525604e-03, 4.3130452477966787e-03,
          -1.3503679662365035e-02, 1.9739856433080419e-01 ]
   - !!opencv-matrix
      rows: 10
