%YAML:1.0
---
groups:
   - intact
   - CD19
intactGmmnames:
   - "intact.2014-1592.0"
   - "intact.2014-1592.1"
   - "intact.2014-1592.2"
   - "intact.2014-1592.3"
   - "intact.2014-1592.4"
intactLabels:
   - FSC-A
   - SSC-A
   - SY41
   - CD19
   - CD10
   - CD20
   - CD45
   - CD34
   - CD38
   - CD58
intactMu: !!opencv-matrix
   rows: 5
   cols: 10
   dt: d
   data: [ 1.0897188269022944e+00, 3.1911163519595498e-01,
       3.0262003186596682e+00, 1.3628552623391335e+00,
       1.2667591144707087e+00, 9.4852188584263075e-01,
       3.5082503026275629e+00, 1.1658510623935237e+00,
       2.3915099601447638e+00, 9.8347211035751969e-01,
       2.6012657550135634e+00, 3.5521591268144723e+00,
       3.1622448449380287e+00, 1.7526216219603510e+00,
       2.1487360722388340e+00, 1.0327100632255111e+00,
       2.6919863520108969e+00, 1.2254921587680043e+00,
       1.9748138006326306e+00, 2.3113286352672060e+00,
       2.0148603855131362e+00, 1.7633020359520259e+00,
       2.7697087344983289e+00, 1.6207298662629108e+00,
       1.5425555508437101e+00, 1.3597444109420087e+00,
       3.0835613863657749e+00, 1.3075016602031664e+00,
       2.5772437633451251e+00, 2.0382803855014422e+00,
       1.1705466510693276e+00, 6.9374528063361374e-01,
       2.8432707412609015e+00, 1.1761624860509530e+00,
       1.2276447816880576e+00, 1.1177771409283230e+00,
       1.7560930007329587e+00, 1.3705673719441849e+00,
       1.5892722947946292e+00, 2.4442724959897006e+00,
       1.3548398016723324e+00, 5.0372240932940726e-01,
       2.8069722939954667e+00, 1.4830426903386498e+00,
       1.3606760991454059e+00, 9.4180937341934834e-01,
       3.6146116351860962e+00, 1.2015302422529268e+00,
       2.3460924395347309e+00, 1.5465741671632274e+00 ]
intactSigma:
   - !!opencv-matrix
      rows: 10
      cols: 10
      dt: d
      data: [ 5.1700442518834246e-02, 3.7052650802715027e-03,
          -2.0920164163613763e-02, 1.8689688932781621e-03,
          1.1845445422012577e-03, -2.0120757430672734e-03,
          4.7238334142344672e-03, -4.7738106961279456e-04,
          7.9150298790500086e-03, -3.3344147482063016e-03,
          3.7052650802715018e-03, 6.3694542323419253e-03,
          -3.5352007019611421e-03, 2.6213013602158714e-03,
          1.6692444245512857e-03, -3.9827113541938085e-04,
          2.6301159981540856e-03, 1.8428197828789108e-04,
          1.4759761937591521e-04, 1.8283296913628119e-02,
          -2.0920164163613763e-02, -3.5352007019611421e-03,
          3.2384121837850416e-02, 5.5031912318122386e-04,
          -1.8781795572328822e-03, 2.6031267449524668e-03,
          -4.2055560278363192e-03, 1.0844306616125247e-03,
          -5.3389785722239569e-03, 2.0557544756259214e-03,
          1.8689688932781630e-03, 2.6213013602158709e-03,
          5.5031912318122397e-04, 7.7415116501552916e-02,
          -7.8130131112563131e-04, -6.5472235582057139e-03,
          1.8677144405121130e-03, -3.0754044299605851e-05,
          -5.3160556384330522e-03, 4.8898066101582477e-03,
          1.1845445422012572e-03, 1.6692444245512850e-03,
          -1.8781795572328814e-03, -7.8130131112563142e-04,
          1.2553623049274051e-01, -2.4467859795148170e-04,
          4.4501439025105075e-04, -5.4344025946052139e-04,
          -3.6318149416078636e-04, 6.2655663069099785e-03,
          -2.0120757430672743e-03, -3.9827113541938101e-04,
          2.6031267449524672e-03, -6.5472235582057156e-03,
          -2.4467859795148180e-04, 8.4115109383234729e-02,
          -1.0397037898515174e-03, -1.1307734661572489e-02,
          -1.2790842848213189e-02, 4.9317381576824480e-04,
          4.7238334142344681e-03, 2.6301159981540856e-03,
          -4.2055560278363210e-03, 1.8677144405121117e-03,
          4.4501439025105085e-04, -1.0397037898515174e-03,
          6.6894384694927986e-03, 6.9920809453364392e-04,
          2.5972292715222391e-03, 1.1206922861944036e-03,
          -4.7738106961279505e-04, 1.8428197828789097e-04,
          1.0844306616125258e-03, -3.0754044299606264e-05,
          -5.4344025946052139e-04, -1.1307734661572489e-02,
          6.9920809453364392e-04, 8.6014288833974203e-02,
          2.3024314647998811e-03, 9.1016719130706763e-05,
          7.9150298790500086e-03, 1.4759761937591516e-04,
          -5.3389785722239560e-03, -5.3160556384330556e-03,
          -3.6318149416078604e-04, -1.2790842848213189e-02,
          2.5972292715222391e-03, 2.3024314647998819e-03,
          5.5073633685966121e-02, -6.5429019451648275e-04,
          -3.3344147482063011e-03, 1.8283296913628119e-02,
          2.0557544756259218e-03, 4.8898066101582495e-03,
          6.2655663069099759e-03, 4.9317381576824339e-04,
          1.1206922861944041e-03, 9.1016719130707142e-05,
          -6.5429019451648265e-04, 1.5682735932563738e-01 ]
   - !!opencv-matrix
      rows: 10
      cols: 10
      dt: d
      data: [ 4.3582234802447217e-01, 8.8959602075743535e-02,
          9.2638477157840960e-04, 1.7545646384238046e-02,
          -2.7473596295344193e-02, 3.9108612073315407e-03,
          -2.8166618289930695e-02, 2.1099756045882849e-03,
          -3.5970377808476591e-03, 4.1857845580745914e-03,
          8.8959602075743535e-02, 2.7659935426258131e-01,
          -2.3773881568249972e-02, 4.5551787316542601e-02,
          4.0144281185240452e-02, 2.9929736026501224e-03,
          2.1269658668485493e-02, 3.2568518360003339e-03,
          2.3341876559336568e-02, 1.3674563987062190e-02,
          9.2638477157840939e-04, -2.3773881568249975e-02,
          4.1832126221452895e-02, -3.1523088478838590e-03,
          -1.6251299346123033e-02, 1.8286350197095093e-03,
          -1.0578938069147278e-02, -3.0484023474170170e-05,
          -7.3724319359829340e-03, -2.4951023803754364e-03,
          1.7545646384238046e-02, 4.5551787316542594e-02,
          -3.1523088478838594e-03, 3.7941377890768249e-02,
          3.9286512358788009e-03, -2.7255104139215459e-03,
          3.0214283362675356e-03, 4.9470093754431176e-04,
          -2.0860554307840762e-03, 1.9363933441828901e-03,
          -2.7473596295344183e-02, 4.0144281185240452e-02,
          -1.6251299346123033e-02, 3.9286512358788000e-03,
          1.3499250847715449e-01, -1.0284210953417437e-03,
          3.7039760926179353e-02, 5.5892255229857200e-04,
          1.4871031410502424e-02, 2.3902766057710282e-03,
          3.9108612073315398e-03, 2.9929736026501237e-03,
          1.8286350197095082e-03, -2.7255104139215455e-03,
          -1.0284210953417448e-03, 6.8634628164132239e-02,
          -5.0484511360217278e-04, -4.9800598438314529e-03,
          -1.5801192471997353e-02, 6.8679217697355135e-04,
          -2.8166618289930705e-02, 2.1269658668485483e-02,
          -1.0578938069147278e-02, 3.0214283362675364e-03,
          3.7039760926179360e-02, -5.0484511360217332e-04,
          5.1957885414913092e-02, 2.1929544450346437e-03,
          1.4014849835626298e-02, -1.1769477827155173e-04,
          2.1099756045882866e-03, 3.2568518360003352e-03,
          -3.0484023474170075e-05, 4.9470093754431176e-04,
          5.5892255229857146e-04, -4.9800598438314511e-03,
          2.1929544450346437e-03, 4.4690674212098512e-02,
          2.5256802509942438e-03, 9.0980410936495465e-04,
          -3.5970377808476604e-03, 2.3341876559336568e-02,
          -7.3724319359829314e-03, -2.0860554307840780e-03,
          1.4871031410502424e-02, -1.5801192471997353e-02,
          1.4014849835626300e-02, 2.5256802509942438e-03,
          5.4895923372401303e-02, 2.7630043829137193e-03,
          4.1857845580745914e-03, 1.3674563987062190e-02,
          -2.4951023803754364e-03, 1.9363933441828897e-03,
          2.3902766057710277e-03, 6.8679217697355135e-04,
          -1.1769477827155177e-04, 9.0980410936495454e-04,
          2.7630043829137206e-03, 1.4769557323110773e-02 ]
   - !!opencv-matrix
      rows: 10
      cols: 10
      dt: d
