%YAML:1.0
---
groups:
   - intact
   - CD19
intactGmmnames:
   - "intact.2015-0415.0"
   - "intact.2015-0415.1"
   - "intact.2015-0415.2"
   - "intact.2015-0415.3"
   - "intact.2015-0415.4"
intactLabels:
   - FSC-A
   - SSC-A
   - SY41
   - CD19
   - CD10
   - CD20
   - CD45
   - CD34
   - CD38
   - CD58
intactMu: !!opencv-matrix
   rows: 5
   cols: 10
   dt: d
   data: [ 1.6750328145534359e+00, 3.0414987586694081e-01,
       2.6052283237804859e+00, 1.3188458338580389e+00,
       8.8488130394620534e-01, 1.0812191535203066e+00,
       3.4644246640026530e+00, 9.8971973063240415e-01,
       2.2478174419979156e+00, 1.0393197521638933e+00,
       2.1128472673076453e+00, 6.4565379210717366e-01,
       2.5136558811192944e+00, 1.4581476492883130e+00,
       9.1879172952890631e-01, 1.0449532638954526e+00,
       3.5966225687936917e+00, 9.3168491290441491e-01,
       2.9171098692495860e+00, 1.6111567552314541e+00,
       3.2703853925182544e+00, 3.4887736358328181e+00,
       2.7199385919676762e+00, 1.7307301452231261e+00,
       1.9519547069787571e+00, 1.1052854015284883e+00,
       2.4997031991022003e+00, 1.1898881403519292e+00,
       1.6162477719751909e+00, 2.2028113962910476e+00,
       2.0047290147413985e+00, 4.9981391837212846e-01,
       2.5603797358552249e+00, 1.3962161542219462e+00,
       9.2906585710099709e-01, 1.0685628914748546e+00,
       3.5904530005559212e+00, 1.0084937964357554e+00,
       2.2731434376888471e+00, 1.3770102794525023e+00,
       2.3193187408225509e+00, 1.0725867447619188e+00,
       2.7063346231533880e+00, 1.4742956753455749e+00,
       1.1755686000232286e+00, 1.1527662549855526e+00,
       2.4520067265295284e+00, 1.1579913471897922e+00,
       1.9515726601341876e+00, 1.9444336147445260e+00 ]
intactSigma:
   - !!opencv-matrix
      rows: 10
      cols: 10
      dt: d
      data: [ 6.2380585939445843e-02, 6.9657540866221610e-03,
          -5.3134843233735591e-03, 1.6222904375650618e-03,
          -1.5659137224161047e-05, -6.0077186089271860e-04,
          4.6241552520823346e-03, -2.2361580377407257e-03,
          4.9955924629353585e-03, 4.8046047345698167e-04,
          6.9657540866221610e-03, 9.0770546046574675e-03,
          -8.5971651582251996e-04, 1.7664015548366865e-03,
          1.3198696889006741e-03, 2.6291787114039684e-04,
          2.2988268703594654e-03, -7.3874716623125304e-04,
          7.4375190644540839e-04, 2.6503625995367396e-02,
          -5.3134843233735591e-03, -8.5971651582252017e-04,
          1.0683738620641200e-02, 1.0483777098512102e-03,
          5.5811666896405309e-04, 1.8641604951376094e-04,
          3.9252530239890649e-04, 7.8992857928643085e-04,
          -2.1328925177880177e-04, 1.1311806288018041e-03,
          1.6222904375650634e-03, 1.7664015548366865e-03,
          1.0483777098512104e-03, 2.5980972364955342e-02,
          1.5907988681055176e-04, -2.8514324265300024e-03,
          8.7904748864465229e-04, 1.2072614432897105e-03,
          -2.2041194311878747e-04, 4.5330551886096984e-03,
          -1.5659137224160990e-05, 1.3198696889006741e-03,
          5.5811666896405320e-04, 1.5907988681055152e-04,
          5.1935934059772169e-02, 1.1358848742874656e-04,
          -2.3192528572731284e-04, -7.1215583655347419e-04,
          6.7173332016305686e-04, 6.2131072500942455e-03,
          -6.0077186089271882e-04, 2.6291787114039684e-04,
          1.8641604951376078e-04, -2.8514324265300015e-03,
          1.1358848742874660e-04, 2.6596808938998597e-02,
          2.6157832700990694e-04, -4.1847746090799987e-03,
          -9.6676957902803538e-03, 5.9165879263763273e-04,
          4.6241552520823346e-03, 2.2988268703594658e-03,
          3.9252530239890655e-04, 8.7904748864465229e-04,
          -2.3192528572731286e-04, 2.6157832700990694e-04,
          6.5482556937218077e-03, -2.9235912906085300e-03,
          3.5388389053628028e-03, -8.9781814134155867e-04,
          -2.2361580377407249e-03, -7.3874716623125304e-04,
          7.8992857928643042e-04, 1.2072614432897114e-03,
          -7.1215583655347419e-04, -4.1847746090799987e-03,
          -2.9235912906085300e-03, 6.2621801725591814e-02,
          -6.3387615975053616e-04, 2.6318032246414752e-04,
          4.9955924629353551e-03, 7.4375190644540860e-04,
          -2.1328925177880161e-04, -2.2041194311878771e-04,
          6.7173332016305588e-04, -9.6676957902803538e-03,
          3.5388389053628028e-03, -6.3387615975053638e-04,
          6.3544596444265591e-02, -5.0821995347006426e-04,
          4.8046047345698189e-04, 2.6503625995367396e-02,
          1.1311806288018050e-03, 4.5330551886096993e-03,
          6.2131072500942438e-03, 5.9165879263763262e-04,
          -8.9781814134155889e-04, 2.6318032246414790e-04,
          -5.0821995347006513e-04, 1.7230658680986055e-01 ]
   - !!opencv-matrix
      rows: 10
      cols: 10
      dt: d
      data: [ 9.3976133319770741e-02, 1.4186511159248077e-02,
          3.4167415923109509e-04, -1.1799833912358680e-03,
          2.0195792989246186e-03, -8.3409331529256495e-05,
          -6.0065936649626442e-03, 6.6611300249342842e-03,
          -4.3363108549092505e-03, 4.1749683830936916e-03,
          1.4186511159248077e-02, 2.6301077647031480e-02,
          -1.0232392220009538e-04, 3.8301360605748009e-03,
          3.1724246511973361e-03, -3.5240292355691902e-03,
          1.4863131014999521e-03, 2.3796846141366660e-03,
          1.1015204648757953e-02, 3.6844121611235375e-02,
          3.4167415923109509e-04, -1.0232392220009538e-04,
          9.7529238589490266e-03, 1.7365365880858514e-03,
          7.7573813124401944e-04, 1.1541932403538707e-03,
          9.1954995925192505e-04, 5.2640047838908128e-04,
          9.3042675897794813e-04, -7.6510291036373127e-04,
          -1.1799833912358680e-03, 3.8301360605748009e-03,
          1.7365365880858514e-03, 4.0298526695457762e-02,
          1.8458397596095597e-03, -7.5166544873130608e-03,
          5.3947110457209842e-03, 2.7580077376832994e-04,
          3.6410130138199866e-03, 7.2168689522509565e-03,
          2.0195792989246182e-03, 3.1724246511973357e-03,
          7.7573813124401944e-04, 1.8458397596095607e-03,
          7.1082360064428265e-02, -8.9014544432159217e-04,
          6.7502652232876727e-04, -1.3368707753257506e-03,
          2.5250211018515594e-03, 6.7363310920726784e-03,
          -8.3409331529256820e-05, -3.5240292355691902e-03,
          1.1541932403538707e-03, -7.5166544873130608e-03,
          -8.9014544432159260e-04, 6.1699727819835432e-02,
          1.3070655301669703e-03, -4.1002108037934762e-03,
          -1.8038508670616678e-02, -4.9773661840353100e-03,
          -6.0065936649626459e-03, 1.4863131014999527e-03,
          9.1954995925192505e-04, 5.3947110457209842e-03,
          6.7502652232876760e-04, 1.3070655301669698e-03,
          1.6424055092779465e-02, -6.2866712747350140e-03,
          -2.8609735004664670e-03, 4.6450453641382885e-03,
          6.6611300249342824e-03, 2.3796846141366660e-03,
          5.2640047838908106e-04, 2.7580077376833021e-04,
          -1.3368707753257502e-03, -4.1002108037934762e-03,
          -6.2866712747350140e-03, 9.0418384087343540e-02,
          -4.7336876659816660e-03, 2.4521393179368291e-03,
          -4.3363108549092514e-03, 1.1015204648757953e-02,
          9.3042675897794856e-04, 3.6410130138199875e-03,
          2.5250211018515594e-03, -1.8038508670616678e-02,
          -2.8609735004664670e-03, -4.7336876659816660e-03,
          6.9606507835098017e-02, 1.8392698396659718e-02,
          4.1749683830936907e-03, 3.6844121611235375e-02,
          -7.6510291036373127e-04, 7.2168689522509565e-03,
          6.7363310920726784e-03, -4.9773661840353091e-03,
          4.6450453641382877e-03, 2.4521393179368269e-03,
          1.8392698396659725e-02, 1.4224111875267337e-01 ]
   - !!opencv-matrix
      rows: 10
      cols: 10
      dt: d
