%YAML:1.0
---
groups:
   - intact
   - CD19
   - blast
intactGmmnames:
   - "intact.2015-0704.0"
   - "intact.2015-0704.1"
   - "intact.2015-0704.2"
   - "intact.2015-0704.3"
   - "intact.2015-0704.4"
intactLabels:
   - FSC-A
   - SSC-A
   - SY41
   - CD19
   - CD10
   - CD20
   - CD45
   - CD34
   - CD38
   - CD58
intactMu: !!opencv-matrix
   rows: 5
   cols: 10
   dt: d
   data: [ 1.4393566136813642e+00, 7.6154217436937177e-01,
       3.5946058037476885e+00, 1.1740623256395961e+00,
       1.0813411101831454e+00, 9.8961145605130929e-01,
       3.8826659188916337e+00, 1.2464654805926947e+00,
       2.5319261003981040e+00, 1.4369298192022135e+00,
       2.4159880155397229e+00, 3.5298428908244683e+00,
       3.8509404781270891e+00, 1.6314347539302132e+00,
       1.9596013417462006e+00, 1.0071191961387247e+00,
       2.9852291610870587e+00, 1.2453614164888314e+00,
       1.4200742824627430e+00, 2.0060000405816645e+00,
       1.2980663413098266e+00, 5.8393005685486432e-01,
       3.6951440253848098e+00, 1.1349138717421834e+00,
       1.0832690309718576e+00, 1.0593346153235654e+00,
       3.9324552132404742e+00, 1.1733549526814080e+00,
       1.1011739873960751e+00, 1.2831637875617254e+00,
       1.0821647664470964e+00, 5.4644706608714655e-01,
       3.8676955560867068e+00, 1.1835495383803409e+00,
       1.2340575561685279e+00, 9.9011272162313080e-01,
       1.7593870700790599e+00, 1.2109801305356640e+00,
       1.3665842205489864e+00, 2.2988614048260771e+00,
       2.3424143995502287e+00, 1.8905336677194706e+00,
       3.7049471227670265e+00, 1.4670410022791176e+00,
       1.3905118584316456e+00, 1.1315330544617188e+00,
       3.1188551339663384e+00, 1.3852773447590885e+00,
       1.7757791025696144e+00, 1.7247676463558028e+00 ]
intactSigma:
   - !!opencv-matrix
      rows: 10
      cols: 10
      dt: d
      data: [ 5.4001065162761062e-02, 7.0972224844385980e-03,
          -3.6418653468012680e-03, 1.8249346984654418e-03,
          5.5093609403429492e-04, 4.3746569296707961e-04,
          6.9275120613174223e-04, 1.0790570093652293e-03,
          7.7928798085404529e-05, 6.9241050738989120e-03,
          7.0972224844385963e-03, 2.3104806360688537e-02,
          -9.2683042112561150e-04, 3.0072088997171315e-03,
          1.3602330409890635e-03, -8.9113355767484013e-04,
          1.3891501555238219e-03, 3.8176189368862357e-03,
          1.6937425864320812e-02, 2.4040200614923325e-02,
          -3.6418653468012680e-03, -9.2683042112561150e-04,
          3.0760817851834956e-02, 9.4892881427464926e-04,
          3.3920352973121473e-04, 4.0263550769935249e-04,
          -5.3692049835624177e-04, 1.8123438149020130e-03,
          5.3398241091489208e-03, -9.6090836987082961e-04,
          1.8249346984654422e-03, 3.0072088997171306e-03,
          9.4892881427464893e-04, 5.0464465370353227e-02,
          1.0514819943550498e-03, -9.6280673734544936e-03,
          -1.8414622057266563e-03, 4.5291971574625608e-03,
          3.9724002543348571e-03, 3.4569159791616459e-03,
          5.5093609403429524e-04, 1.3602330409890643e-03,
          3.3920352973121462e-04, 1.0514819943550498e-03,
          4.7476311939707000e-02, 5.2630934323582646e-04,
          7.8524824916120914e-04, -7.1760487272157095e-03,
          -1.3474573027999633e-03, 2.9736320045822863e-03,
          4.3746569296707988e-04, -8.9113355767484067e-04,
          4.0263550769935259e-04, -9.6280673734544901e-03,
          5.2630934323582548e-04, 1.2434742374852216e-01,
          2.9905691770028085e-03, -1.2122594112672129e-02,
          -2.4984519158218105e-02, 1.7222842652384316e-03,
          6.9275120613174245e-04, 1.3891501555238219e-03,
          -5.3692049835624188e-04, -1.8414622057266561e-03,
          7.8524824916120979e-04, 2.9905691770028089e-03,
          1.2168452798957979e-02, -1.7371539287294646e-03,
          -1.6253772968424434e-02, 7.5765009734398000e-03,
          1.0790570093652293e-03, 3.8176189368862349e-03,
          1.8123438149020136e-03, 4.5291971574625643e-03,
          -7.1760487272157086e-03, -1.2122594112672129e-02,
          -1.7371539287294646e-03, 1.8807095550524741e-01,
          2.0252926313146593e-02, 3.5314473976653655e-03,
          7.7928798085404163e-05, 1.6937425864320812e-02,
          5.3398241091489216e-03, 3.9724002543348553e-03,
          -1.3474573027999627e-03, -2.4984519158218105e-02,
          -1.6253772968424438e-02, 2.0252926313146603e-02,
          1.8598330163387547e-01, -4.1156148233561151e-03,
          6.9241050738989111e-03, 2.4040200614923325e-02,
          -9.6090836987082961e-04, 3.4569159791616451e-03,
          2.9736320045822850e-03, 1.7222842652384321e-03,
          7.5765009734398000e-03, 3.5314473976653655e-03,
          -4.1156148233561160e-03, 1.0077054754953597e-01 ]
   - !!opencv-matrix
      rows: 10
      cols: 10
      dt: d
      data: [ 2.2041313611231661e-01, 7.2734950536757978e-02,
          -1.0001772749983918e-02, 1.2497767992780216e-02,
          -5.6423490588654909e-02, 1.2105089757477371e-03,
          -1.3084979771346284e-02, 2.3992959871890454e-03,
          1.8661989936459084e-02, -5.4536574250254348e-03,
          7.2734950536757978e-02, 2.8787844534783619e-01,
          -1.9761224146637394e-02, 3.9084358316583107e-02,
          3.3956082085921678e-02, 1.5595248981420662e-03,
          6.7324291521059215e-03, 5.8442102123489074e-03,
          1.2463017116578023e-02, 2.1956437430518675e-02,
          -1.0001772749983918e-02, -1.9761224146637394e-02,
          3.3559537318714437e-02, -1.5099914953280778e-03,
          -9.7385539138220966e-03, 3.8446898614250392e-04,
          -3.6511436310335695e-03, 3.5303857331726721e-04,
          1.2238376260950258e-03, -3.2819865760168191e-03,
          1.2497767992780216e-02, 3.9084358316583113e-02,
          -1.5099914953280778e-03, 2.7376246567485503e-02,
          5.3806017422851210e-03, -2.7768903692420165e-03,
          1.3322465935696390e-03, 1.5402239281579733e-03,
          -4.6259594054607472e-04, 2.1957146293250141e-03,
          -5.6423490588654909e-02, 3.3956082085921678e-02,
          -9.7385539138220966e-03, 5.3806017422851167e-03,
          2.1243988038152184e-01, 1.7201272112187739e-03,
          3.7313890421184347e-02, -1.1729829367049191e-03,
          -2.0058149904285096e-02, 1.9435705400144276e-02,
          1.2105089757477371e-03, 1.5595248981420662e-03,
          3.8446898614250382e-04, -2.7768903692420165e-03,
          1.7201272112187744e-03, 4.9037050196024771e-02,
          1.1590860097022470e-03, -4.4577054317547883e-03,
          -1.2969641392185351e-02, 8.1762781551286437e-05,
          -1.3084979771346284e-02, 6.7324291521059206e-03,
          -3.6511436310335712e-03, 1.3322465935696394e-03,
          3.7313890421184347e-02, 1.1590860097022474e-03,
          3.1772013812668996e-02, -7.1410294378542523e-04,
          -3.9846339679469149e-03, 1.6456766987329016e-03,
          2.3992959871890472e-03, 5.8442102123489074e-03,
          3.5303857331726776e-04, 1.5402239281579726e-03,
          -1.1729829367049215e-03, -4.4577054317547883e-03,
          -7.1410294378542610e-04, 6.5865251007388312e-02,
          2.4200668373851246e-03, 1.2995671577595714e-03,
          1.8661989936459081e-02, 1.2463017116578016e-02,
          1.2238376260950261e-03, -4.6259594054607516e-04,
          -2.0058149904285092e-02, -1.2969641392185345e-02,
          -3.9846339679469158e-03, 2.4200668373851250e-03,
          5.3855659606945994e-02, -1.4931953185991183e-03,
          -5.4536574250254348e-03, 2.1956437430518675e-02,
          -3.2819865760168208e-03, 2.1957146293250141e-03,
          1.9435705400144269e-02, 8.1762781551286221e-05,
          1.6456766987329016e-03, 1.2995671577595708e-03,
          -1.4931953185991181e-03, 2.9312945001934654e-02 ]
   - !!opencv-matrix
      rows: 10
      cols: 10
      dt: d
