%YAML:1.0
---
groups:
   - intact
   - CD19
   - blast
intactGmmnames:
   - "intact.2015-3636.0"
   - "intact.2015-3636.1"
   - "intact.2015-3636.2"
   - "intact.2015-3636.3"
   - "intact.2015-3636.4"
intactLabels:
   - FSC-A
   - SSC-A
   - SY41
   - CD19
   - CD10
   - CD20
   - CD45
   - CD34
   - CD38
   - CD58
intactMu: !!opencv-matrix
   rows: 5
   cols: 10
   dt: d
   data: [ 1.3398347233257797e+00, 5.4869909359820024e-01,
       3.7722485776700596e+00, 1.3030895420574713e+00,
       2.5201783607776136e+00, 9.8078983304618372e-01,
       3.8316941135699891e+00, 2.2654480308513603e+00,
       1.8574011660592833e+00, 1.6166999016529027e+00,
       1.0297629631848730e+00, 4.4583126889737118e-01,
       3.8062726838292309e+00, 1.2055079568906866e+00,
       1.3040133230314830e+00, 1.0909675587581833e+00,
       1.7047175584225562e+00, 1.1474723805063414e+00,
       1.4452706069911174e+00, 2.2658662801223111e+00,
       2.8068272053679912e+00, 2.6561536186055759e+00,
       4.1317025645529686e+00, 1.6064758840854558e+00,
       2.1700575579010577e+00, 1.1250299468277489e+00,
       2.8479442753182713e+00, 1.6283100746652541e+00,
       1.7034061483879621e+00, 2.1279487019350727e+00,
       1.0623501949263845e+00, 2.9065435263296702e-01,
       4.1631007528079413e+00, 1.2215494027211382e+00,
       1.7496592858185507e+00, 1.0124013654234956e+00,
       3.6668784019196750e+00, 1.8638025520037302e+00,
       1.8344333806323365e+00, 9.2445224941956006e-01,
       1.2706621885041227e+00, 4.8545831569301862e-01,
       3.9032678769629849e+00, 1.2740121492076075e+00,
       1.8316105327166790e+00, 1.0162236871065637e+00,
       3.7306744794711437e+00, 1.7808486105397849e+00,
       1.6698663226764301e+00, 1.3629182554627601e+00 ]
intactSigma:
   - !!opencv-matrix
      rows: 10
      cols: 10
      dt: d
      data: [ 6.5796116319112585e-02, 1.4024197820491798e-02,
          -1.6412831977471270e-02, 3.5752489194134512e-03,
          2.1209257348386915e-02, -2.3476860579846352e-03,
          5.1149886113632794e-03, 9.0665399723188732e-03,
          1.8299037429157717e-02, 4.8165922620856455e-03,
          1.4024197820491798e-02, 1.5024763472658711e-02,
          -7.8236161264569389e-03, 3.0372284273939990e-03,
          1.4085360285114690e-02, -2.3603922022301734e-03,
          4.1773439971608366e-03, 7.4863953545378599e-03,
          2.5014752791892636e-02, 1.3268935536668474e-02,
          -1.6412831977471270e-02, -7.8236161264569372e-03,
          1.0172932153611813e-01, -5.4563659956163310e-03,
          -1.5721106658356944e-02, 1.8182466955012257e-04,
          -4.5640256714058556e-03, -6.3571698553650169e-03,
          -1.4233151266701584e-02, -2.3302729741158428e-04,
          3.5752489194134504e-03, 3.0372284273939999e-03,
          -5.4563659956163328e-03, 3.5170645169393042e-02,
          3.3090125274889619e-03, -4.3264033206454012e-03,
          6.6039670016929380e-04, 3.4363769360761455e-03,
          -1.6786067255651238e-03, 2.0849777824551853e-03,
          2.1209257348386915e-02, 1.4085360285114689e-02,
          -1.5721106658356947e-02, 3.3090125274889610e-03,
          8.5772812906830004e-02, -4.2937128261629747e-03,
          1.1505270314481788e-02, 1.7298868731418265e-02,
          3.9086481232918364e-02, 3.5505630395189875e-03,
          -2.3476860579846356e-03, -2.3603922022301734e-03,
          1.8182466955012246e-04, -4.3264033206454012e-03,
          -4.2937128261629730e-03, 4.1596197969764867e-02,
          -1.7024906550239906e-03, -7.2243715945869633e-03,
          -2.8780436493541638e-02, -1.3085709915587691e-03,
          5.1149886113632794e-03, 4.1773439971608366e-03,
          -4.5640256714058565e-03, 6.6039670016929380e-04,
          1.1505270314481788e-02, -1.7024906550239906e-03,
          1.1069001286268072e-02, 8.9934465819523496e-03,
          -5.3467926230437359e-03, 2.3083156405062505e-03,
          9.0665399723188714e-03, 7.4863953545378599e-03,
          -6.3571698553650151e-03, 3.4363769360761460e-03,
          1.7298868731418265e-02, -7.2243715945869607e-03,
          8.9934465819523478e-03, 5.4854493591008774e-02,
          1.7449494175879116e-02, 2.5177803031339830e-03,
          1.8299037429157720e-02, 2.5014752791892639e-02,
          -1.4233151266701582e-02, -1.6786067255651234e-03,
          3.9086481232918364e-02, -2.8780436493541631e-02,
          -5.3467926230437359e-03, 1.7449494175879109e-02,
          3.3721416570144169e-01, 6.5263966001164065e-03,
          4.8165922620856463e-03, 1.3268935536668474e-02,
          -2.3302729741158447e-04, 2.0849777824551853e-03,
          3.5505630395189875e-03, -1.3085709915587702e-03,
          2.3083156405062509e-03, 2.5177803031339848e-03,
          6.5263966001164082e-03, 7.2968730119855024e-02 ]
   - !!opencv-matrix
      rows: 10
      cols: 10
      dt: d
      data: [ 1.0890497090200636e-01, 3.6176912505751745e-02,
          -2.6125552528820997e-02, 8.0431838274524648e-03,
          4.9125617695500549e-03, 1.1506854717220282e-03,
          3.8121912591609124e-02, 2.3032802498476956e-02,
          1.9485191255165204e-02, 1.6319689340424525e-03,
          3.6176912505751745e-02, 3.2239717002026186e-02,
          -2.3871030755603626e-02, 7.1934537810239407e-03,
          2.6102094915775409e-03, 1.0226197672337776e-03,
          3.2283653365526695e-02, 2.0366419888450563e-02,
          1.2138717712424450e-02, -3.9657030470921185e-03,
          -2.6125552528820997e-02, -2.3871030755603626e-02,
          2.2072801861211927e-01, -1.4983247199371604e-02,
          1.3876233419443829e-02, -3.9477670516907216e-03,
          -2.5923725845867804e-03, -2.6497267973418080e-02,
          5.7520777245357431e-02, 5.8791508109134499e-02,
          8.0431838274524648e-03, 7.1934537810239407e-03,
          -1.4983247199371608e-02, 9.6108726056865958e-03,
          1.0568403792282615e-03, -1.4867645304710029e-03,
          3.4593117968468408e-03, 5.4759892273105485e-03,
          -1.4685206040246739e-03, -2.5113329400468488e-03,
          4.9125617695500549e-03, 2.6102094915775422e-03,
          1.3876233419443829e-02, 1.0568403792282619e-03,
          7.4927989582534785e-02, -1.3269564021403814e-04,
          -5.8311723625268114e-03, -4.8555945575099804e-03,
          2.1994205126259454e-02, 2.0135398933852647e-02,
          1.1506854717220282e-03, 1.0226197672337776e-03,
          -3.9477670516907216e-03, -1.4867645304710029e-03,
          -1.3269564021403777e-04, 2.3792752158102969e-02,
          -2.3159254532500599e-04, -9.1292547464593180e-04,
          -1.4219146477078752e-02, -2.1894342573487323e-03,
          3.8121912591609117e-02, 3.2283653365526695e-02,
          -2.5923725845867821e-03, 3.4593117968468408e-03,
          -5.8311723625268123e-03, -2.3159254532500624e-04,
          2.5933832718557631e-01, 3.1459116569578879e-02,
          1.0141220770899784e-01, 1.0873579098300749e-02,
          2.3032802498476949e-02, 2.0366419888450563e-02,
          -2.6497267973418084e-02, 5.4759892273105485e-03,
          -4.8555945575099813e-03, -9.1292547464593115e-04,
          3.1459116569578879e-02, 1.3679695868610475e-01,
          9.1774840364265194e-03, -1.8159327417947874e-02,
          1.9485191255165197e-02, 1.2138717712424450e-02,
          5.7520777245357438e-02, -1.4685206040246750e-03,
          2.1994205126259447e-02, -1.4219146477078748e-02,
          1.0141220770899784e-01, 9.1774840364265177e-03,
          1.8510538399639417e-01, 5.8308167435173079e-02,
          1.6319689340424525e-03, -3.9657030470921185e-03,
          5.8791508109134499e-02, -2.5113329400468492e-03,
          2.0135398933852650e-02, -2.1894342573487331e-03,
          1.0873579098300749e-02, -1.8159327417947877e-02,
          5.8308167435173065e-02, 1.0398006030314422e-01 ]
   - !!opencv-matrix
      rows: 10
      cols: 10
