%YAML:1.0
---
groups:
   - intact
   - CD19
   - blast
intactGmmnames:
   - "intact.2015-1434.0"
   - "intact.2015-1434.1"
   - "intact.2015-1434.2"
   - "intact.2015-1434.3"
   - "intact.2015-1434.4"
intactLabels:
   - FSC-A
   - SSC-A
   - SY41
   - CD19
   - CD10
   - CD20
   - CD45
   - CD34
   - CD38
   - CD58
intactMu: !!opencv-matrix
   rows: 5
   cols: 10
   dt: d
   data: [ 1.6939262554362047e+00, 2.0968291661995173e+00,
       3.7352664688722061e+00, 1.5576256388886283e+00,
       1.5523869053106090e+00, 1.2808442814924974e+00,
       3.1133215214707697e+00, 1.4017086715619507e+00,
       1.7363121413622444e+00, 1.6201851839329469e+00,
       1.0623609415071720e+00, 5.1211790520129841e-01,
       3.9302575042892198e+00, 1.0600499278368201e+00,
       1.1466184933241121e+00, 1.0870548365816257e+00,
       3.7906740466182329e+00, 1.1776080583861530e+00,
       1.6348786311016117e+00, 1.4357990140361845e+00,
       2.0988177557069188e+00, 3.4641155104278880e+00,
       3.8232096704434331e+00, 1.7428751184539506e+00,
       2.3305111086373520e+00, 1.1088497056717037e+00,
       3.4419136001967154e+00, 1.3322818550387752e+00,
       1.5365176772629081e+00, 2.0014973137651291e+00,
       7.5447665666267871e-01, 4.8553488628272579e-01,
       4.0251232410977300e+00, 1.1312359013414679e+00,
       1.3852182475310157e+00, 1.0971247052766744e+00,
       1.7232590808779196e+00, 1.1976801113908548e+00,
       1.4586995189274963e+00, 2.0707400606750759e+00,
       9.1214710847067793e-01, 3.2248163908225952e-01,
       4.0271256169084921e+00, 1.0178799022927674e+00,
       1.1289645855517088e+00, 1.0786466223051656e+00,
       3.7315837764680300e+00, 1.1505550362968304e+00,
       1.5253467480102521e+00, 1.2220634751682724e+00 ]
intactSigma:
   - !!opencv-matrix
      rows: 10
      cols: 10
      dt: d
      data: [ 4.3521536500142227e-01, 4.2708641217694993e-01,
          1.6009517226696236e-02, 5.5463392652516826e-02,
          6.1461987935866248e-02, -4.9211670417635640e-02,
          2.3862134068068423e-02, 3.9169157694110342e-02,
          2.6564945671494967e-02, 8.8213609073091795e-02,
          4.2708641217694993e-01, 1.4828043734105203e+00,
          -1.2180605609219525e-01, 2.2253063863951189e-01,
          3.3771223123360927e-01, -1.3310032947713082e-01,
          -2.9074273561808112e-02, 5.0138173146010726e-02,
          -6.9581801342111102e-02, 1.2133652917552426e-01,
          1.6009517226696236e-02, -1.2180605609219525e-01,
          1.1309890063535152e-01, -1.4684252382442316e-02,
          -6.4032382179069577e-02, 1.9861838104782290e-02,
          7.1802645664157547e-02, -5.2353994172215177e-03,
          4.6801374743597191e-02, 2.7505985565599401e-02,
          5.5463392652516826e-02, 2.2253063863951195e-01,
          -1.4684252382442314e-02, 1.4670368477041615e-01,
          5.7787886763829587e-02, 8.2026424288665536e-02,
          1.6059007351198151e-02, 1.1368864938795157e-02,
          -2.9990100837295489e-02, 9.4425095100431310e-03,
          6.1461987935866248e-02, 3.3771223123360927e-01,
          -6.4032382179069577e-02, 5.7787886763829573e-02,
          2.8510915704330464e-01, -2.5844664603971886e-02,
          -2.9030028708562947e-02, -5.3346732558818260e-03,
          -5.9742105350484180e-02, 8.0487251355858113e-03,
          -4.9211670417635640e-02, -1.3310032947713082e-01,
          1.9861838104782290e-02, 8.2026424288665536e-02,
          -2.5844664603971876e-02, 2.5125179058108515e-01,
          6.0666761816382538e-02, -3.3993123591572168e-03,
          -3.6712834855614322e-02, -2.9435689620454890e-02,
          2.3862134068068423e-02, -2.9074273561808112e-02,
          7.1802645664157547e-02, 1.6059007351198151e-02,
          -2.9030028708562954e-02, 6.0666761816382545e-02,
          4.7660885904378913e-01, -8.5781219898919004e-03,
          1.2600216586881413e-01, 4.8528182207566314e-02,
          3.9169157694110342e-02, 5.0138173146010712e-02,
          -5.2353994172215194e-03, 1.1368864938795161e-02,
          -5.3346732558818251e-03, -3.3993123591572177e-03,
          -8.5781219898919004e-03, 2.0159066545756821e-01,
          1.8536146229841607e-02, 4.6007628015902434e-02,
          2.6564945671494956e-02, -6.9581801342111102e-02,
          4.6801374743597191e-02, -2.9990100837295485e-02,
          -5.9742105350484173e-02, -3.6712834855614322e-02,
          1.2600216586881416e-01, 1.8536146229841611e-02,
          2.0701913109782541e-01, 6.3537198614405585e-02,
          8.8213609073091795e-02, 1.2133652917552426e-01,
          2.7505985565599404e-02, 9.4425095100431344e-03,
          8.0487251355858113e-03, -2.9435689620454893e-02,
          4.8528182207566314e-02, 4.6007628015902434e-02,
          6.3537198614405585e-02, 1.4771882069359599e-01 ]
   - !!opencv-matrix
      rows: 10
      cols: 10
      dt: d
      data: [ 8.1543050493518024e-02, 6.7602977775689825e-03,
          -2.7267063637883653e-02, 1.5017122157642735e-03,
          1.4435277512147308e-03, -5.1943403075613629e-04,
          1.2686406724642482e-02, -2.4615229185842027e-04,
          -7.2477058240184456e-03, 1.5735984198311462e-02,
          6.7602977775689825e-03, 3.2615505963162789e-02,
          1.6683718434436807e-03, 6.8670993451685940e-03,
          1.1732463629490150e-03, -5.7328356672243792e-04,
          4.1048919243554414e-03, -3.2301267566514565e-04,
          -1.3510713089937232e-02, 1.2778330564110168e-02,
          -2.7267063637883664e-02, 1.6683718434436807e-03,
          5.2270974118964468e-02, 2.4650465116746417e-03,
          -5.0895934403970614e-04, 8.3964779278613015e-04,
          -8.1447566472111921e-03, 2.4142045501876251e-03,
          3.1224889680811023e-03, -5.6687332649055329e-03,
          1.5017122157642729e-03, 6.8670993451685940e-03,
          2.4650465116746421e-03, 8.6083676409333912e-02,
          1.5358459300757743e-03, -3.1162700033971458e-03,
          -3.0795552665685458e-03, 6.5467452696873910e-03,
          -6.9443614987479609e-03, 1.1517635909921900e-03,
          1.4435277512147289e-03, 1.1732463629490150e-03,
          -5.0895934403970581e-04, 1.5358459300757734e-03,
          5.3603754385598230e-02, 7.0434601262611338e-04,
          4.0198001822466025e-04, -6.3332010105827269e-04,
          -1.3494883597452299e-03, 1.2600944170954723e-03,
          -5.1943403075613596e-04, -5.7328356672243814e-04,
          8.3964779278613015e-04, -3.1162700033971458e-03,
          7.0434601262611414e-04, 3.5727136196322451e-02,
          -3.7724539468359121e-04, -6.9436521288316457e-03,
          -1.0843606177325608e-02, -4.0526667283733385e-04,
          1.2686406724642484e-02, 4.1048919243554440e-03,
          -8.1447566472111887e-03, -3.0795552665685458e-03,
          4.0198001822466030e-04, -3.7724539468359159e-04,
          1.4583976880336011e-02, -1.3602381890680444e-03,
          -1.5789427559536689e-03, 9.2965725481265662e-03,
          -2.4615229185842038e-04, -3.2301267566514614e-04,
          2.4142045501876256e-03, 6.5467452696873893e-03,
          -6.3332010105827171e-04, -6.9436521288316466e-03,
          -1.3602381890680437e-03, 1.8565596920265545e-01,
          2.6034972757215777e-03, 6.2932927790093640e-04,
          -7.2477058240184447e-03, -1.3510713089937228e-02,
          3.1224889680811019e-03, -6.9443614987479618e-03,
          -1.3494883597452299e-03, -1.0843606177325609e-02,
          -1.5789427559536689e-03, 2.6034972757215755e-03,
          7.3588896709231730e-02, -1.6631341600776027e-02,
          1.5735984198311462e-02, 1.2778330564110168e-02,
          -5.6687332649055346e-03, 1.1517635909921897e-03,
          1.2600944170954728e-03, -4.0526667283733396e-04,
          9.2965725481265662e-03, 6.2932927790093759e-04,
          -1.6631341600776027e-02, 8.1387075842066350e-02 ]
   - !!opencv-matrix
      rows: 10
      cols: 10
