%YAML:1.0
---
groups:
   - intact
   - CD19
   - blast
intactGmmnames:
   - "intact.2015-3692.0"
   - "intact.2015-3692.1"
   - "intact.2015-3692.2"
   - "intact.2015-3692.3"
   - "intact.2015-3692.4"
intactLabels:
   - FSC-A
   - SSC-A
   - SY41
   - CD19
   - CD10
   - CD20
   - CD45
   - CD34
   - CD38
   - CD58
intactMu: !!opencv-matrix
   rows: 5
   cols: 10
   dt: d
   data: [ 1.4855408303304904e+00, 6.2293641170364955e-01,
       3.4585109645494398e+00, 1.3344529677175252e+00,
       1.1408248691721781e+00, 9.9963335524261288e-01,
       3.6551554653849991e+00, 1.8372087486245774e+00,
       1.9681329398629057e+00, 1.4366779094735869e+00,
       2.4709975986269197e+00, 2.9076013647964518e+00,
       3.7724836704382141e+00, 1.7216392112307575e+00,
       1.4728929860805460e+00, 1.1714826530731872e+00,
       3.1245213619858165e+00, 1.9308793300384646e+00,
       1.5432654479877443e+00, 1.8339096076358603e+00,
       1.3235331525844609e+00, 3.6300320248702755e-01,
       3.7006153909902704e+00, 1.2696593294012306e+00,
       1.1159523267609603e+00, 1.0354641696622982e+00,
       3.5577246733470624e+00, 1.6194739323397827e+00,
       1.5022583235558373e+00, 1.1611884548826819e+00,
       1.4940629881419776e+00, 1.0237210926755540e+00,
       2.9353282896392403e+00, 1.3711026789606422e+00,
       1.2590096642158111e+00, 1.1633494802992148e+00,
       1.5457170977967838e+00, 1.8043811715272449e+00,
       1.4387182697639842e+00, 1.6474813017848162e+00,
       1.1186268286361012e+00, 2.6626741803853121e-01,
       3.7751357378494403e+00, 1.2421527228788678e+00,
       1.0800203337947945e+00, 1.0329124973985384e+00,
       3.5116178285903765e+00, 1.8179917068464471e+00,
       1.6086547978938639e+00, 1.0095770860678717e+00 ]
intactSigma:
   - !!opencv-matrix
      rows: 10
      cols: 10
      dt: d
      data: [ 1.7572329406776224e-01, 1.3901426451373333e-02,
          -4.8602104617841299e-02, 2.2752195977578113e-03,
          -5.7907463944772487e-04, -7.1988199886628230e-03,
          8.2180254230403010e-03, 8.0680904211931498e-03,
          4.9904878317040040e-02, 1.8988209497111445e-02,
          1.3901426451373329e-02, 3.8484323680045431e-02,
          -4.2773638673661782e-03, 7.7272848434086451e-03,
          4.4469744989583402e-03, -1.8625030139812679e-03,
          3.8317785269177782e-03, 1.0472200476624871e-02,
          2.7861894948737229e-02, 3.4693089639034752e-02,
          -4.8602104617841299e-02, -4.2773638673661791e-03,
          9.0198725375784466e-02, -1.9080577476801891e-03,
          1.4638213643456883e-03, 6.1239163764301701e-03,
          -9.1679305666647528e-03, 3.9072511154223935e-03,
          -2.5957885314771063e-02, -1.8819079617154399e-02,
          2.2752195977578113e-03, 7.7272848434086451e-03,
          -1.9080577476801885e-03, 3.3898203865495823e-02,
          1.6250888405307583e-03, -5.7796148719427478e-03,
          1.3772409791506296e-03, 5.6517070370681582e-03,
          5.2393420936794549e-03, 1.0775798056390092e-02,
          -5.7907463944772476e-04, 4.4469744989583402e-03,
          1.4638213643456861e-03, 1.6250888405307589e-03,
          1.0186805801442138e-01, 1.7567668887686764e-03,
          1.4476253881600751e-04, -4.3169415728738780e-04,
          -1.5548597937082426e-03, 1.4188448794770882e-02,
          -7.1988199886628230e-03, -1.8625030139812679e-03,
          6.1239163764301701e-03, -5.7796148719427495e-03,
          1.7567668887686768e-03, 7.9473326768931152e-02,
          -2.7124376273026888e-03, -7.2893952530839416e-03,
          -2.3808395383338270e-02, -2.9591676300307558e-03,
          8.2180254230403010e-03, 3.8317785269177769e-03,
          -9.1679305666647528e-03, 1.3772409791506291e-03,
          1.4476253881600751e-04, -2.7124376273026888e-03,
          1.9376582440122900e-02, 1.3195658050805806e-02,
          4.0620719942429615e-04, 1.6665364551240642e-02,
          8.0680904211931498e-03, 1.0472200476624872e-02,
          3.9072511154223961e-03, 5.6517070370681608e-03,
          -4.3169415728738791e-04, -7.2893952530839416e-03,
          1.3195658050805803e-02, 1.8965358488224363e-01,
          4.2414308745118562e-03, 2.4844075584684749e-02,
          4.9904878317040040e-02, 2.7861894948737229e-02,
          -2.5957885314771067e-02, 5.2393420936794549e-03,
          -1.5548597937082402e-03, -2.3808395383338260e-02,
          4.0620719942429572e-04, 4.2414308745118553e-03,
          2.2968003804469497e-01, 3.0046280045425519e-02,
          1.8988209497111448e-02, 3.4693089639034759e-02,
          -1.8819079617154399e-02, 1.0775798056390092e-02,
          1.4188448794770877e-02, -2.9591676300307545e-03,
          1.6665364551240638e-02, 2.4844075584684749e-02,
          3.0046280045425519e-02, 1.5779488553053003e-01 ]
   - !!opencv-matrix
      rows: 10
      cols: 10
      dt: d
      data: [ 5.7767620001237363e-01, 4.1538018529868426e-01,
          1.3537701187371885e-02, 9.3217928627585041e-03,
          3.9422337540605326e-02, -5.5923769346308896e-02,
          -6.7479594354620531e-02, 2.9003112628160650e-02,
          -2.4749014494063939e-03, 9.9135816057006540e-02,
          4.1538018529868426e-01, 1.1973013636275918e+00,
          1.3875243396768653e-02, 6.7026729254606787e-02,
          1.1250757029141296e-01, -1.1911984026159897e-01,
          -1.8605607726289028e-01, 1.1950377633749048e-02,
          -3.5566502978010443e-02, 2.3076763705583436e-01,
          1.3537701187371885e-02, 1.3875243396768650e-02,
          5.8122713788010295e-02, -1.1962363847590128e-02,
          -5.0837127138809368e-03, -1.3690525539062168e-02,
          -1.6872359812626032e-02, -5.7684842994130030e-03,
          -6.5199290984716560e-03, 7.3063784652126315e-04,
          9.3217928627585076e-03, 6.7026729254606787e-02,
          -1.1962363847590132e-02, 8.9520240568396831e-02,
          1.3076997007548316e-02, 6.0416633363427598e-02,
          -7.3934317538213237e-03, 8.0388099487907518e-03,
          1.9185125169021830e-03, 7.7973882742997640e-03,
          3.9422337540605319e-02, 1.1250757029141296e-01,
          -5.0837127138809350e-03, 1.3076997007548316e-02,
          2.1848682818501891e-01, -7.1726636784915426e-03,
          -2.2857725941374120e-02, 1.1279034245388080e-02,
          -2.3078044026060573e-04, 4.6364086049884790e-02,
          -5.5923769346308896e-02, -1.1911984026159897e-01,
          -1.3690525539062168e-02, 6.0416633363427598e-02,
          -7.1726636784915409e-03, 1.6469807487703378e-01,
          2.0993916575563695e-02, 1.0069814656531156e-02,
          9.2395279709978279e-04, -2.7169897948722509e-02,
          -6.7479594354620559e-02, -1.8605607726289028e-01,
          -1.6872359812626032e-02, -7.3934317538213246e-03,
          -2.2857725941374120e-02, 2.0993916575563692e-02,
          1.0009049485895893e-01, 1.9784089629348568e-02,
          8.2120977097499947e-03, -4.0394264656367640e-02,
          2.9003112628160656e-02, 1.1950377633749050e-02,
          -5.7684842994130047e-03, 8.0388099487907518e-03,
          1.1279034245388082e-02, 1.0069814656531152e-02,
          1.9784089629348574e-02, 1.8977490891660762e-01,
          1.4707166745948928e-02, 3.6140228995346448e-02,
          -2.4749014494063930e-03, -3.5566502978010443e-02,
          -6.5199290984716551e-03, 1.9185125169021839e-03,
          -2.3078044026060579e-04, 9.2395279709978279e-04,
          8.2120977097499964e-03, 1.4707166745948928e-02,
          2.7333357558059036e-02, 1.4854139734985152e-03,
          9.9135816057006540e-02, 2.3076763705583433e-01,
          7.3063784652126315e-04, 7.7973882742997658e-03,
          4.6364086049884790e-02, -2.7169897948722509e-02,
          -4.0394264656367654e-02, 3.6140228995346454e-02,
          1.4854139734985158e-03, 1.4923170808044298e-01 ]
   - !!opencv-matrix
      rows: 10
      cols: 10
      dt: d
