%YAML:1.0
---
groups:
   - intact
   - CD19
   - blast
intactGmmnames:
   - "intact.2015-0388.0"
   - "intact.2015-0388.1"
   - "intact.2015-0388.2"
   - "intact.2015-0388.3"
   - "intact.2015-0388.4"
intactLabels:
   - FSC-A
   - SSC-A
   - SY41
   - CD19
   - CD10
   - CD20
   - CD45
   - CD34
   - CD38
   - CD58
intactMu: !!opencv-matrix
   rows: 5
   cols: 10
   dt: d
   data: [ 2.6449755181041836e+00, 2.1579509892656161e+00,
       3.4716321815350848e+00, 1.6428385964125314e+00,
       1.6017084599079556e+00, 1.1148594414739630e+00,
       3.0982781016533401e+00, 1.3318421396903346e+00,
       2.2124671310516280e+00, 1.7145940468855809e+00,
       1.9441669592774249e+00, 4.3257282004020381e-01,
       3.6292048094569540e+00, 1.3163136330626970e+00,
       1.2262840407664097e+00, 9.9114594778387632e-01,
       3.4746165062505212e+00, 1.0223570792793555e+00,
       1.9848116227243884e+00, 9.7131097711537229e-01,
       2.0103970030726330e+00, 7.6970278208538911e-01,
       3.4082261411244610e+00, 1.4184308451902450e+00,
       1.3302996122502551e+00, 9.8228040271150385e-01,
       3.6200267534064423e+00, 1.0982222392437009e+00,
       1.9758791003822112e+00, 1.3261837808630990e+00,
       2.1559863133719595e+00, 1.1875026085463110e+00,
       3.1570200512116635e+00, 1.2804788510994980e+00,
       1.3850831412567439e+00, 1.1055041395279477e+00,
       1.8727489387995597e+00, 1.4847665766937346e+00,
       1.7331227974548349e+00, 2.3377789882775861e+00,
       2.1184490354189585e+00, 1.0949522935881530e+00,
       3.1043367142604943e+00, 1.5065178033947184e+00,
       1.5166425795258811e+00, 8.7384694193392243e-01,
       3.6975389312597899e+00, 1.3057359771564043e+00,
       2.8251958509432118e+00, 1.3213726498373002e+00 ]
intactSigma:
   - !!opencv-matrix
      rows: 10
      cols: 10
      dt: d
      data: [ 6.5372487931436785e-01, 1.1612691285709474e-01,
          -1.9832050447241664e-02, 2.4170454226878402e-02,
          4.2273009988326199e-02, -4.5276083518267313e-02,
          1.1886043752174387e-01, 6.7545316143812373e-02,
          1.2144724667297080e-01, 1.0680542130983847e-01,
          1.1612691285709474e-01, 1.1585254949184245e+00,
          -1.9646278424751903e-02, 1.2150962970130887e-01,
          1.8307735608540190e-01, -9.3496464448780108e-03,
          -7.5350890015988076e-02, 5.5269077310338519e-02,
          -1.4730939055071804e-01, 2.1444517759642984e-01,
          -1.9832050447241668e-02, -1.9646278424751907e-02,
          1.9628723000194304e-01, -1.0010917699452070e-02,
          -1.7698758810610993e-02, -9.3341913393442701e-03,
          5.9700177728734531e-02, -1.9805287503173195e-02,
          -2.0906715733077721e-04, 7.3488130428379927e-03,
          2.4170454226878402e-02, 1.2150962970130889e-01,
          -1.0010917699452065e-02, 1.4845121068425107e-01,
          9.5531683528334202e-02, 7.3332566666428220e-02,
          8.3495796599369163e-02, -4.8872023361848198e-04,
          2.2653519195522942e-02, 4.3065489808637621e-02,
          4.2273009988326199e-02, 1.8307735608540190e-01,
          -1.7698758810611000e-02, 9.5531683528334202e-02,
          3.7572194239459006e-01, 2.5817314017796539e-02,
          4.5992195293121263e-02, 1.5338843011384957e-02,
          2.0631964244214714e-02, 1.4993215867644433e-01,
          -4.5276083518267306e-02, -9.3496464448780108e-03,
          -9.3341913393442701e-03, 7.3332566666428220e-02,
          2.5817314017796546e-02, 2.4034334091813822e-01,
          -1.3457846634485434e-02, 2.3076683157178007e-02,
          -4.2181398229578809e-02, 2.5395043661403185e-02,
          1.1886043752174387e-01, -7.5350890015988103e-02,
          5.9700177728734531e-02, 8.3495796599369163e-02,
          4.5992195293121270e-02, -1.3457846634485442e-02,
          6.5399258732401078e-01, -6.0873153298509029e-03,
          2.3252780382038477e-01, -7.0910499409416503e-02,
          6.7545316143812359e-02, 5.5269077310338519e-02,
          -1.9805287503173195e-02, -4.8872023361848089e-04,
          1.5338843011384969e-02, 2.3076683157178007e-02,
          -6.0873153298509029e-03, 2.6442989285499424e-01,
          4.0001786172345496e-02, 7.3399386518191514e-02,
          1.2144724667297083e-01, -1.4730939055071804e-01,
          -2.0906715733077789e-04, 2.2653519195522942e-02,
          2.0631964244214703e-02, -4.2181398229578795e-02,
          2.3252780382038477e-01, 4.0001786172345490e-02,
          2.4607451836923205e-01, 1.9260191797135087e-02,
          1.0680542130983850e-01, 2.1444517759642984e-01,
          7.3488130428379901e-03, 4.3065489808637634e-02,
          1.4993215867644433e-01, 2.5395043661403195e-02,
          -7.0910499409416503e-02, 7.3399386518191528e-02,
          1.9260191797135087e-02, 4.3707000411237973e-01 ]
   - !!opencv-matrix
      rows: 10
      cols: 10
      dt: d
      data: [ 7.8331357137802912e-02, 8.7540971830366333e-03,
          -1.6984913775042864e-02, 2.4826276397291935e-03,
          5.3814857926474577e-04, -6.4641818521716827e-04,
          4.5981199009042587e-03, -2.0656661547169513e-03,
          8.9099439421313052e-05, 1.9193311634301904e-03,
          8.7540971830366333e-03, 1.6444245248512013e-02,
          -3.7554559870535066e-03, 2.7052382317639817e-03,
          1.8075740748814341e-03, -1.2061006885819220e-04,
          3.0423851199102539e-03, 2.2043151241729145e-04,
          -3.1183389063156001e-04, 3.4844990856477374e-02,
          -1.6984913775042864e-02, -3.7554559870535066e-03,
          1.9233121451705689e-02, -4.0609526588870383e-04,
          5.0196907504491376e-04, 3.2499904850036109e-04,
          -2.9856729753296582e-03, 1.7315741859999152e-03,
          1.2228263811753009e-04, 1.1378391402892393e-03,
          2.4826276397291935e-03, 2.7052382317639808e-03,
          -4.0609526588870361e-04, 3.3707153911846303e-02,
          2.4786403502131274e-03, -3.8690526086528629e-03,
          1.3416266780603061e-03, 1.6772895528434973e-03,
          -6.1768448611986026e-04, 4.0297185826994250e-03,
          5.3814857926474577e-04, 1.8075740748814341e-03,
          5.0196907504491430e-04, 2.4786403502131283e-03,
          8.1747251078726851e-02, 3.5950886527721915e-04,
          1.2317634079674533e-03, -1.6177330481532419e-03,
          1.0012575013188184e-04, 4.8427005929381518e-03,
          -6.4641818521716751e-04, -1.2061006885819226e-04,
          3.2499904850036098e-04, -3.8690526086528629e-03,
          3.5950886527721932e-04, 4.0071591573958718e-02,
          -1.9859289978496912e-04, -6.7159074735006867e-03,
          -7.1524963950386541e-03, 4.4900663625124715e-05,
          4.5981199009042587e-03, 3.0423851199102539e-03,
          -2.9856729753296582e-03, 1.3416266780603061e-03,
          1.2317634079674533e-03, -1.9859289978496898e-04,
          6.5641874864962434e-03, -1.9492465428601119e-03,
          8.8948459338988742e-04, -7.1209846016112078e-04,
          -2.0656661547169522e-03, 2.2043151241729126e-04,
          1.7315741859999139e-03, 1.6772895528434988e-03,
          -1.6177330481532423e-03, -6.7159074735006850e-03,
          -1.9492465428601110e-03, 8.8047429892939746e-02,
          -7.0226072113333449e-04, 2.4434310710030713e-03,
          8.9099439421313174e-05, -3.1183389063156011e-04,
          1.2228263811753007e-04, -6.1768448611986069e-04,
          1.0012575013188191e-04, -7.1524963950386541e-03,
          8.8948459338988753e-04, -7.0226072113333449e-04,
          2.0998411483832951e-02, -4.8741336148434459e-04,
          1.9193311634301913e-03, 3.4844990856477374e-02,
          1.1378391402892408e-03, 4.0297185826994250e-03,
          4.8427005929381518e-03, 4.4900663625124370e-05,
          -7.1209846016112078e-04, 2.4434310710030726e-03,
          -4.8741336148434443e-04, 1.6304418775711263e-01 ]
   - !!opencv-matrix
      rows: 10
      cols: 10
      dt: d
