%YAML:1.0
---
groups:
   - intact
   - CD19
intactGmmnames:
   - "intact.2015-0758.0"
   - "intact.2015-0758.1"
   - "intact.2015-0758.2"
   - "intact.2015-0758.3"
   - "intact.2015-0758.4"
intactLabels:
   - FSC-A
   - SSC-A
   - SY41
   - CD19
   - CD10
   - CD20
   - CD45
   - CD34
   - CD38
   - CD58
intactMu: !!opencv-matrix
   rows: 5
   cols: 10
   dt: d
   data: [ 2.0865053235374336e+00, 3.8118814457656200e+00,
       3.5751059462078834e+00, 1.6981225183391058e+00,
       2.0288868601950480e+00, 1.1672373781225913e+00,
       3.0999540740518738e+00, 1.2511783247871910e+00,
       1.5773995527560465e+00, 1.9435595286478566e+00,
       1.1851974240197960e+00, 5.5582109897228238e-01,
       3.4111439272008082e+00, 1.1494473558474425e+00,
       1.2475113247740475e+00, 1.1426937409798004e+00,
       3.9085621039237815e+00, 1.2282214777663900e+00,
       1.5833311196485782e+00, 1.0545511342362832e+00,
       9.0488928692289605e-01, 4.2450610749641593e-01,
       3.7559138686024336e+00, 1.1105620001711409e+00,
       1.3442167087469346e+00, 1.1561324517269616e+00,
       1.5521625147604443e+00, 1.1670142787645630e+00,
       1.5425342543553608e+00, 2.0319763540501232e+00,
       1.2863585104724518e+00, 6.8432774162674848e-01,
       3.4250625752720589e+00, 1.1794348997389013e+00,
       1.2090516009429013e+00, 1.1543981290165986e+00,
       3.8808046855347009e+00, 1.3084578881074638e+00,
       2.0304714134767829e+00, 1.0321550735790397e+00,
       1.9428341337034845e+00, 2.0278276155728761e+00,
       3.5865138044889013e+00, 1.4395852407505063e+00,
       1.4255535450505763e+00, 1.2087536840221036e+00,
       2.8804923030142788e+00, 1.4370000217764494e+00,
       1.9549275124178558e+00, 1.9495475735764396e+00 ]
intactSigma:
   - !!opencv-matrix
      rows: 10
      cols: 10
      dt: d
      data: [ 1.8082848965356310e-01, 3.9521744655744137e-02,
          -7.8654153425047404e-03, 6.9143063791649575e-03,
          -5.4757900826170790e-02, 1.0996830106086647e-03,
          -1.5169862755701931e-02, 9.8976286553033115e-04,
          5.4661696706978426e-03, -7.6067934557633079e-03,
          3.9521744655744123e-02, 2.0407488099819054e-01,
          7.0378915646842023e-03, 3.0091597928307578e-02,
          2.0015969795126081e-02, 4.8288083607835074e-04,
          6.8036523581870558e-03, 2.2898083611318965e-03,
          3.5652075885362011e-04, 8.7743475305401310e-03,
          -7.8654153425047457e-03, 7.0378915646841980e-03,
          3.7010208911572057e-02, 1.9991476029685836e-03,
          1.4840661119268511e-03, 4.7859530361003152e-05,
          -1.6661702914451387e-03, 6.9252290511141019e-04,
          -2.2619251083100347e-05, 3.8626727059116548e-03,
          6.9143063791649575e-03, 3.0091597928307585e-02,
          1.9991476029685845e-03, 2.6859641846471046e-02,
          5.4584680688426626e-03, -1.4287923490029410e-03,
          7.0277673578997182e-04, 1.7558482176504809e-03,
          -1.2886038852963542e-03, 9.5679643098071682e-04,
          -5.4757900826170790e-02, 2.0015969795126081e-02,
          1.4840661119268515e-03, 5.4584680688426644e-03,
          2.4241966798980372e-01, 1.7942927570102832e-04,
          4.0396913243489770e-02, 1.0703052475660401e-03,
          -5.5151228545070050e-03, 1.9640406252315883e-02,
          1.0996830106086643e-03, 4.8288083607835036e-04,
          4.7859530361003315e-05, -1.4287923490029415e-03,
          1.7942927570102827e-04, 1.5440458204789757e-02,
          1.2133594843800666e-04, -2.9357300373535644e-03,
          -2.3654431570168276e-03, 1.5369768474694548e-04,
          -1.5169862755701931e-02, 6.8036523581870558e-03,
          -1.6661702914451387e-03, 7.0277673578997204e-04,
          4.0396913243489770e-02, 1.2133594843800668e-04,
          3.5052195131876601e-02, -1.1455585255816668e-03,
          -1.0909913231268793e-03, 3.2240786574349567e-03,
          9.8976286553033137e-04, 2.2898083611318947e-03,
          6.9252290511141040e-04, 1.7558482176504809e-03,
          1.0703052475660409e-03, -2.9357300373535635e-03,
          -1.1455585255816664e-03, 1.0610422059690641e-01,
          9.5654903324470658e-04, 1.7218571253052031e-03,
          5.4661696706978435e-03, 3.5652075885362001e-04,
          -2.2619251083100324e-05, -1.2886038852963542e-03,
          -5.5151228545070050e-03, -2.3654431570168271e-03,
          -1.0909913231268785e-03, 9.5654903324470658e-04,
          5.3058186311559083e-03, -5.7703924718288332e-04,
          -7.6067934557633061e-03, 8.7743475305401327e-03,
          3.8626727059116539e-03, 9.5679643098071682e-04,
          1.9640406252315883e-02, 1.5369768474694545e-04,
          3.2240786574349567e-03, 1.7218571253052020e-03,
          -5.7703924718288311e-04, 2.3033190519709881e-02 ]
   - !!opencv-matrix
      rows: 10
      cols: 10
      dt: d
      data: [ 6.5375636141248708e-02, 2.2722726598148984e-02,
          1.0324243543751988e-02, 3.8020217272119084e-03,
          -6.3531952373628601e-03, -3.5764077274110504e-04,
          1.3747791110697710e-02, 7.1231859359068596e-03,
          -4.5698484067111930e-03, 2.6028567795266331e-02,
          2.2722726598148984e-02, 2.4663741954291316e-02,
          8.2209682668897867e-03, 4.7509833416676467e-03,
          -4.9440538046826559e-03, -3.7459750611511656e-04,
          1.3231598156033498e-02, 6.4836165994163570e-03,
          -3.8199559628128918e-03, 2.7959554136750549e-02,
          1.0324243543751986e-02, 8.2209682668897867e-03,
          3.7695786005876267e-02, 3.6344067256348649e-03,
          6.9212276162882932e-04, 7.9082946034206782e-06,
          8.5094970368867224e-03, 3.9973391819076963e-03,
          -2.0313862854609778e-03, 1.4721983097254471e-02,
          3.8020217272119092e-03, 4.7509833416676467e-03,
          3.6344067256348649e-03, 6.4177844577249274e-02,
          4.9774709647666905e-03, -2.3117298125892604e-03,
          1.5607107569929378e-03, 7.7805566364140483e-03,
          -2.5556918542616676e-03, 6.9385361371314767e-03,
          -6.3531952373628601e-03, -4.9440538046826568e-03,
          6.9212276162882965e-04, 4.9774709647666922e-03,
          2.1882136051194448e-01, 1.9672566034950693e-04,
          -4.3697826566042363e-03, -5.1921122931973193e-03,
          1.8898040312634772e-03, 2.1381735441144148e-04,
          -3.5764077274110531e-04, -3.7459750611511646e-04,
          7.9082946034205817e-06, -2.3117298125892595e-03,
          1.9672566034950690e-04, 1.9128496166336332e-02,
          -1.5838940713002738e-04, -1.0219636833549761e-02,
          -4.6078302893476329e-03, 4.0569391137779077e-04,
          1.3747791110697708e-02, 1.3231598156033496e-02,
          8.5094970368867224e-03, 1.5607107569929385e-03,
          -4.3697826566042371e-03, -1.5838940713002733e-04,
          1.4892270004906904e-02, 2.7590721291464713e-03,
          -3.4833939695610126e-03, 1.5769539291189842e-02,
          7.1231859359068596e-03, 6.4836165994163562e-03,
          3.9973391819076963e-03, 7.7805566364140492e-03,
          -5.1921122931973211e-03, -1.0219636833549763e-02,
          2.7590721291464704e-03, 2.6121725868365026e-01,
          1.8302973369430106e-03, 6.3273053133012097e-03,
          -4.5698484067111930e-03, -3.8199559628128918e-03,
          -2.0313862854609778e-03, -2.5556918542616676e-03,
          1.8898040312634774e-03, -4.6078302893476347e-03,
          -3.4833939695610126e-03, 1.8302973369430113e-03,
          1.3040363135434010e-02, -9.8525974883860220e-03,
          2.6028567795266331e-02, 2.7959554136750549e-02,
          1.4721983097254476e-02, 6.9385361371314767e-03,
          2.1381735441144064e-04, 4.0569391137779061e-04,
          1.5769539291189839e-02, 6.3273053133012166e-03,
          -9.8525974883860237e-03, 1.1671610271765126e-01 ]
   - !!opencv-matrix
      rows: 10
      cols: 10
      dt: d
