%YAML:1.0
---
groups:
   - intact
   - CD19
   - blast
intactGmmnames:
   - "intact.2015-2883.0"
   - "intact.2015-2883.1"
   - "intact.2015-2883.2"
   - "intact.2015-2883.3"
   - "intact.2015-2883.4"
intactLabels:
   - FSC-A
   - SSC-A
   - SY41
   - CD19
   - CD10
   - CD20
   - CD45
   - CD34
   - CD38
   - CD58
intactMu: !!opencv-matrix
   rows: 5
   cols: 10
   dt: d
   data: [ 1.3783407528159171e+00, 5.5718517516668131e-01,
       3.0631223034311637e+00, 1.4907895170489247e+00,
       1.5220558802863782e+00, 1.0197539780628797e+00,
       3.9456332000601235e+00, 1.3819256618325308e+00,
       1.8554342981808292e+00, 1.3409754152042370e+00,
       2.8653561344080885e+00, 3.5340417688777186e+00,
       3.3706218403084498e+00, 1.8047272173865205e+00,
       1.9652646309109514e+00, 1.0897290789710654e+00,
       3.0388576911420162e+00, 1.3731376541030997e+00,
       1.4829456013733888e+00, 1.9986125740743361e+00,
       1.0921939392654394e+00, 3.1481835759893689e-01,
       3.2779480045715914e+00, 1.3908742084815753e+00,
       1.3756520069184945e+00, 1.0307784412341512e+00,
       3.8006097876151834e+00, 1.2736169972952676e+00,
       1.8430427593180407e+00, 8.7458705776147549e-01,
       1.8678139978636248e+00, 1.3146692922391214e+00,
       3.2894173841931358e+00, 1.6084051066749259e+00,
       1.5734806004299569e+00, 1.2844023258609902e+00,
       3.1523074438723175e+00, 1.7653104705950888e+00,
       1.9907016351417712e+00, 1.6554119010189376e+00,
       9.7969633080513419e-01, 4.7604986100569252e-01,
       3.2650689695939064e+00, 1.2745947193638738e+00,
       1.4214744545680333e+00, 1.0668609654186545e+00,
       2.0250809751496215e+00, 1.2599985093301747e+00,
       1.5171590127314829e+00, 2.3410093022576537e+00 ]
intactSigma:
   - !!opencv-matrix
      rows: 10
      cols: 10
      dt: d
      data: [ 8.0433520289485153e-02, 1.2635589883335732e-02,
          -1.9599192149286251e-02, 3.6797222337134569e-03,
          8.7077796018972826e-03, -2.0349655843097279e-03,
          3.6483681990298086e-03, 8.9070516719618256e-03,
          1.4739734739455386e-03, 6.3757373717102774e-03,
          1.2635589883335732e-02, 2.1214447153629214e-02,
          -1.2177760596554595e-02, 5.5674386386063979e-03,
          9.3392722788247732e-03, -4.0166245162524938e-03,
          5.6598832647750527e-03, 7.4561323150924884e-03,
          2.8907426743260644e-02, 2.6232479829271006e-02,
          -1.9599192149286251e-02, -1.2177760596554595e-02,
          4.3681709444624815e-02, -5.5124206494127784e-03,
          -1.3352508456271119e-02, 3.2245438373428672e-03,
          -9.5209844348508460e-03, -4.6786670004037171e-03,
          -1.0600709932824406e-02, -1.7127006020131747e-02,
          3.6797222337134577e-03, 5.5674386386063979e-03,
          -5.5124206494127784e-03, 3.9428457556183211e-02,
          4.5734838759282160e-03, -5.9892685734622229e-03,
          5.0320993272793945e-03, 6.8233898591709271e-03,
          1.5656980058920938e-03, 6.5356146154284811e-03,
          8.7077796018972808e-03, 9.3392722788247732e-03,
          -1.3352508456271122e-02, 4.5734838759282177e-03,
          3.7851737988657580e-01, -3.4931185375374112e-03,
          6.2513749173024619e-03, -3.6340020139018826e-03,
          2.5130700819911832e-02, 1.0499391180617107e-02,
          -2.0349655843097283e-03, -4.0166245162524938e-03,
          3.2245438373428672e-03, -5.9892685734622229e-03,
          -3.4931185375374134e-03, 7.2073743781792390e-02,
          -1.5642712901283253e-03, -3.2858645283930343e-02,
          -3.7738456819156843e-02, -5.4829651994494268e-03,
          3.6483681990298099e-03, 5.6598832647750527e-03,
          -9.5209844348508495e-03, 5.0320993272793954e-03,
          6.2513749173024602e-03, -1.5642712901283258e-03,
          1.3431654032755676e-02, 7.2724914235760131e-04,
          4.5883716762485345e-03, 7.1635110813867454e-03,
          8.9070516719618274e-03, 7.4561323150924867e-03,
          -4.6786670004037145e-03, 6.8233898591709289e-03,
          -3.6340020139018813e-03, -3.2858645283930350e-02,
          7.2724914235760131e-04, 2.5475617934716310e-01,
          3.5046190901433662e-02, 7.2556374899611789e-03,
          1.4739734739455394e-03, 2.8907426743260644e-02,
          -1.0600709932824403e-02, 1.5656980058920934e-03,
          2.5130700819911832e-02, -3.7738456819156843e-02,
          4.5883716762485354e-03, 3.5046190901433655e-02,
          3.3946594204331082e-01, 1.7551447363405911e-02,
          6.3757373717102774e-03, 2.6232479829271006e-02,
          -1.7127006020131747e-02, 6.5356146154284785e-03,
          1.0499391180617100e-02, -5.4829651994494268e-03,
          7.1635110813867480e-03, 7.2556374899611789e-03,
          1.7551447363405911e-02, 1.4795120239754198e-01 ]
   - !!opencv-matrix
      rows: 10
      cols: 10
      dt: d
      data: [ 4.1884634009263211e-01, 4.7542600742939131e-02,
          -1.7565486183020153e-02, 1.5345992841028515e-02,
          -7.9344359443664372e-02, -9.7794576643262291e-04,
          -1.5922931636640672e-02, -1.3596023273629392e-03,
          5.5600860767642368e-02, -1.0894772190666487e-02,
          4.7542600742939131e-02, 2.7854366589623997e-01,
          -7.3930708886033383e-03, 4.0027212721526491e-02,
          6.2318105983937368e-02, 2.0417868845612852e-03,
          1.2741889275812986e-02, 1.4509187542865391e-02,
          -1.9984442952313709e-03, 2.2095068663129970e-02,
          -1.7565486183020153e-02, -7.3930708886033383e-03,
          1.4059252207058937e-02, -1.9236304245792493e-03,
          2.9281072968600718e-03, 2.0473993297459082e-04,
          -1.8354015488501077e-03, 7.7246922246428009e-04,
          -6.0456004152957656e-03, 3.9739591544854307e-04,
          1.5345992841028515e-02, 4.0027212721526491e-02,
          -1.9236304245792489e-03, 2.1770737601455138e-02,
          7.7761177046783859e-03, -1.8281258060792028e-03,
          2.3618338818551837e-03, 2.9485606315031265e-03,
          -2.2143840146903568e-03, 2.6319208749155283e-03,
          -7.9344359443664386e-02, 6.2318105983937354e-02,
          2.9281072968600718e-03, 7.7761177046783885e-03,
          2.2951628931331600e-01, 4.7516500142331282e-03,
          1.7554795580751868e-02, 7.0517985930130100e-03,
          -3.3303675131225181e-02, 1.9765258898169987e-02,
          -9.7794576643262378e-04, 2.0417868845612843e-03,
          2.0473993297459082e-04, -1.8281258060792028e-03,
          4.7516500142331308e-03, 4.6774028842793906e-02,
          -3.9772616982489584e-04, -9.3867685952333298e-03,
          -1.8626574551316610e-02, 5.5687669410040626e-04,
          -1.5922931636640672e-02, 1.2741889275812990e-02,
          -1.8354015488501072e-03, 2.3618338818551829e-03,
          1.7554795580751868e-02, -3.9772616982489578e-04,
          2.5812142447044516e-02, 4.7562274468087955e-04,
          1.8212655046141580e-03, 1.5811165412677401e-03,
          -1.3596023273629398e-03, 1.4509187542865376e-02,
          7.7246922246428009e-04, 2.9485606315031265e-03,
          7.0517985930130048e-03, -9.3867685952333281e-03,
          4.7562274468088025e-04, 9.7889984688678530e-02,
          -1.3266717217101512e-03, 4.3193597016539182e-03,
          5.5600860767642368e-02, -1.9984442952313709e-03,
          -6.0456004152957673e-03, -2.2143840146903568e-03,
          -3.3303675131225181e-02, -1.8626574551316607e-02,
          1.8212655046141580e-03, -1.3266717217101530e-03,
          9.5107874431378206e-02, -6.8732950244699536e-03,
          -1.0894772190666490e-02, 2.2095068663129970e-02,
          3.9739591544854297e-04, 2.6319208749155287e-03,
          1.9765258898169991e-02, 5.5687669410040659e-04,
          1.5811165412677401e-03, 4.3193597016539182e-03,
          -6.8732950244699536e-03, 2.4428471167371128e-02 ]
   - !!opencv-matrix
      rows: 10
      cols: 10
