%YAML:1.0
---
groups:
   - intact
   - CD19
   - blast
intactGmmnames:
   - "intact.2015-1202.0"
   - "intact.2015-1202.1"
   - "intact.2015-1202.2"
   - "intact.2015-1202.3"
   - "intact.2015-1202.4"
intactLabels:
   - FSC-A
   - SSC-A
   - SY41
   - CD19
   - CD10
   - CD20
   - CD45
   - CD34
   - CD38
   - CD58
intactMu: !!opencv-matrix
   rows: 5
   cols: 10
   dt: d
   data: [ 1.1576689834978382e+00, 5.6963522240725373e-01,
       3.1716920349039186e+00, 1.1635960410992889e+00,
       1.1023156446798419e+00, 9.1913131231263290e-01,
       3.7105021463834640e+00, 1.1296207528438651e+00,
       1.4906359422165130e+00, 1.3003817618771498e+00,
       2.2335916330180838e+00, 3.7175461428371590e+00,
       3.4079025364756306e+00, 1.6630541294204246e+00,
       2.1223410939034428e+00, 9.5873524313668690e-01,
       2.8190717614755827e+00, 1.2034744558596553e+00,
       1.3127936257421606e+00, 2.0438063370173789e+00,
       1.0646446106283316e+00, 6.5975424227941093e-01,
       3.1152780427766489e+00, 1.1720705169407335e+00,
       1.2752523431710947e+00, 9.5252952642822197e-01,
       1.6256536444431591e+00, 1.1589370285605751e+00,
       1.2629682720840627e+00, 2.4178533489896461e+00,
       1.0676861625425627e+00, 3.7193745163025593e-01,
       3.3484377308148248e+00, 1.1235712425250626e+00,
       1.0829056252706986e+00, 9.2076475664205204e-01,
       3.6233519156548923e+00, 1.1186065160345429e+00,
       1.4532440328937097e+00, 7.5661197063010421e-01,
       1.6029289479201394e+00, 1.1406845766227818e+00,
       3.1409955625233890e+00, 1.2954390932194704e+00,
       1.3500663015444900e+00, 9.8808769704530874e-01,
       2.6163648391867840e+00, 1.2925592274601967e+00,
       1.5618390223511605e+00, 1.6811011430517460e+00 ]
intactSigma:
   - !!opencv-matrix
      rows: 10
      cols: 10
      dt: d
      data: [ 3.9594263564693651e-02, 1.3282260099058082e-02,
          -2.3975306174410928e-02, 1.9328062929499716e-03,
          -5.4596282481363578e-04, -7.4360941347139189e-04,
          2.1717732665579321e-03, 9.9399322421141450e-05,
          6.7378248633132914e-03, 1.1733304766805687e-02,
          1.3282260099058082e-02, 2.8292939400941797e-02,
          -2.9018937030130077e-02, 4.1450456124802132e-03,
          1.9941813567914695e-05, -1.0229581439052833e-03,
          7.7819937975024617e-03, -8.1013453121826762e-04,
          1.2149853559594458e-02, 3.1763617577065410e-02,
          -2.3975306174410928e-02, -2.9018937030130077e-02,
          1.5788923242973135e-01, -6.1323644353305463e-03,
          4.6898859966700745e-04, 2.6454585405064853e-03,
          -1.5153478123870075e-02, 1.7668302347615345e-03,
          -1.7933957327143504e-02, -4.1693733695392123e-02,
          1.9328062929499718e-03, 4.1450456124802132e-03,
          -6.1323644353305489e-03, 4.4450250277067796e-02,
          4.9526500541055519e-04, -2.5344984464128169e-03,
          1.8684888296168953e-04, 2.4500592932784702e-03,
          -1.6710715864126464e-03, 5.9678856566902066e-03,
          -5.4596282481363546e-04, 1.9941813567914796e-05,
          4.6898859966700755e-04, 4.9526500541055476e-04,
          3.0222612650976918e-02, 5.2657868073219467e-04,
          1.2549719534349498e-04, -1.5451728627303304e-03,
          -2.6212693105080493e-03, -1.3445782772370442e-03,
          -7.4360941347139222e-04, -1.0229581439052833e-03,
          2.6454585405064853e-03, -2.5344984464128165e-03,
          5.2657868073219456e-04, 6.7854151635513796e-02,
          -8.7076224665293169e-05, -1.2430999839634223e-02,
          -2.1641416279060018e-02, -6.3242213909227860e-04,
          2.1717732665579316e-03, 7.7819937975024617e-03,
          -1.5153478123870075e-02, 1.8684888296168953e-04,
          1.2549719534349501e-04, -8.7076224665293101e-05,
          1.4149925912722808e-02, -2.2670475454032802e-03,
          -4.7645859038381302e-03, 9.5677014835604032e-03,
          9.9399322421141775e-05, -8.1013453121826903e-04,
          1.7668302347615340e-03, 2.4500592932784702e-03,
          -1.5451728627303319e-03, -1.2430999839634218e-02,
          -2.2670475454032806e-03, 1.7812580144834306e-01,
          4.5492064346832296e-03, -2.7271857475476171e-03,
          6.7378248633132914e-03, 1.2149853559594458e-02,
          -1.7933957327143504e-02, -1.6710715864126458e-03,
          -2.6212693105080479e-03, -2.1641416279060025e-02,
          -4.7645859038381302e-03, 4.5492064346832305e-03,
          1.7084660417642200e-01, 1.9691776627186199e-03,
          1.1733304766805687e-02, 3.1763617577065410e-02,
          -4.1693733695392129e-02, 5.9678856566902083e-03,
          -1.3445782772370442e-03, -6.3242213909227860e-04,
          9.5677014835604049e-03, -2.7271857475476150e-03,
          1.9691776627186203e-03, 1.5132830269868247e-01 ]
   - !!opencv-matrix
      rows: 10
      cols: 10
      dt: d
      data: [ 2.2120025057365869e-01, 4.1407757577433903e-02,
          -5.7733666240297240e-03, 7.9188243109373641e-03,
          -1.2783321526865207e-01, 1.1380036928895958e-03,
          -3.5972432070942993e-02, 1.3200306818650512e-03,
          1.4622577678355505e-02, -1.2629597623960577e-02,
          4.1407757577433889e-02, 2.1771182803916297e-01,
          -1.5326306268230302e-02, 2.9792243386553473e-02,
          4.8943953163980841e-02, 1.7663814515022358e-03,
          7.9520155749566897e-03, 2.2546555759402152e-03,
          1.4896309119943164e-04, 1.3662069119596542e-02,
          -5.7733666240297223e-03, -1.5326306268230302e-02,
          7.4997834904416985e-02, -2.6078498450911617e-03,
          4.2663977697794724e-04, 5.4787374673257404e-04,
          -5.2877130199079437e-03, 1.1333940254338105e-03,
          -2.1602713228484859e-03, 1.6451715134197331e-03,
          7.9188243109373641e-03, 2.9792243386553469e-02,
          -2.6078498450911617e-03, 2.5494151797299358e-02,
          8.2887883751738885e-03, -3.9447785356885466e-04,
          1.5967009441775573e-03, 2.0584230966462919e-03,
          -2.9837763305096800e-03, 1.6209135718808190e-03,
          -1.2783321526865205e-01, 4.8943953163980855e-02,
          4.2663977697794659e-04, 8.2887883751738851e-03,
          3.0944729810384719e-01, 3.0759375310303408e-04,
          5.6082108504761655e-02, -6.2341690385123876e-04,
          -2.2186415178218392e-02, 2.9400102227691717e-02,
          1.1380036928895947e-03, 1.7663814515022365e-03,
          5.4787374673257404e-04, -3.9447785356885450e-04,
          3.0759375310303333e-04, 5.3380101378095630e-02,
          3.7298995684801153e-04, -3.9507331240357657e-03,
          -1.0786915147051315e-02, 7.5030003261533109e-04,
          -3.5972432070942993e-02, 7.9520155749566914e-03,
          -5.2877130199079454e-03, 1.5967009441775575e-03,
          5.6082108504761682e-02, 3.7298995684801163e-04,
          4.7965341154557972e-02, -2.5342179029131232e-03,
          -2.1198344095249722e-03, 4.1357139791203135e-03,
          1.3200306818650512e-03, 2.2546555759402160e-03,
          1.1333940254338111e-03, 2.0584230966462919e-03,
          -6.2341690385123985e-04, -3.9507331240357683e-03,
          -2.5342179029131219e-03, 7.3389598427423361e-02,
          5.0430929965367946e-04, 5.0493978703936124e-04,
          1.4622577678355505e-02, 1.4896309119943169e-04,
          -2.1602713228484867e-03, -2.9837763305096800e-03,
          -2.2186415178218392e-02, -1.0786915147051315e-02,
          -2.1198344095249718e-03, 5.0430929965367935e-04,
          2.7129582662836101e-02, -2.6088736846644391e-03,
          -1.2629597623960579e-02, 1.3662069119596542e-02,
          1.6451715134197338e-03, 1.6209135718808197e-03,
          2.9400102227691721e-02, 7.5030003261533119e-04,
          4.1357139791203144e-03, 5.0493978703936167e-04,
          -2.6088736846644391e-03, 1.8711577801220684e-02 ]
   - !!opencv-matrix
      rows: 10
      cols: 10
