%YAML:1.0
---
groups:
   - intact
   - CD19
   - blast
intactGmmnames:
   - "intact.2015-2245.0"
   - "intact.2015-2245.1"
   - "intact.2015-2245.2"
   - "intact.2015-2245.3"
   - "intact.2015-2245.4"
intactLabels:
   - FSC-A
   - SSC-A
   - SY41
   - CD19
   - CD10
   - CD20
   - CD45
   - CD34
   - CD38
   - CD58
intactMu: !!opencv-matrix
   rows: 5
   cols: 10
   dt: d
   data: [ 1.1691639195294066e+00, 3.3068060876634559e-01,
       3.4505379292860607e+00, 1.3308438998385810e+00,
       1.0595748977054669e+00, 1.0860302589411130e+00,
       3.7087252583878580e+00, 1.1831415831180245e+00,
       1.7586948489043701e+00, 9.0059988891674547e-01,
       1.1760186770661061e+00, 7.9499920365118182e-01,
       3.1940472604189543e+00, 1.3252867855089858e+00,
       1.4013208612081165e+00, 1.1286689927604276e+00,
       2.0046333659246209e+00, 1.2371877301711962e+00,
       1.3915255245971672e+00, 2.0277602398558718e+00,
       1.4712204132919489e+00, 4.8439842727434340e-01,
       3.2686445827468051e+00, 1.3982959863911721e+00,
       1.0898087048324341e+00, 1.0786519746212788e+00,
       3.7915475959154263e+00, 1.1962907221446943e+00,
       1.6457073614752280e+00, 1.1529360765376560e+00,
       1.6084422156609448e+00, 7.6770877418534700e-01,
       2.9409801978148966e+00, 1.4999846418301501e+00,
       1.0840527422141770e+00, 1.0125916510730379e+00,
       3.8873467274003564e+00, 1.2296350263956528e+00,
       2.7947673396131214e+00, 1.7199666796212922e+00,
       2.3947907415468488e+00, 2.3229882322519888e+00,
       3.2926179915130542e+00, 1.7714366230779186e+00,
       1.7366980732403874e+00, 1.1574399336574721e+00,
       3.5247246180968332e+00, 1.2817011412917525e+00,
       2.0310801388661335e+00, 1.8555661597429840e+00 ]
intactSigma:
   - !!opencv-matrix
      rows: 10
      cols: 10
      dt: d
      data: [ 6.2443530205462935e-02, 8.2284102856586740e-03,
          -2.9522870405727163e-02, 4.6185694476287113e-03,
          8.1021434265113123e-05, -5.2967470066393469e-04,
          6.5006359974383509e-03, -1.2811289456817476e-03,
          1.7267290138469266e-03, -3.2077864858785950e-03,
          8.2284102856586740e-03, 6.5445084464489916e-03,
          -4.9096674851370498e-03, 3.0597798609457039e-03,
          8.4943764169531102e-04, 2.1629280004960366e-05,
          2.4575262902401373e-03, 2.4657452130668572e-05,
          -2.2872007737953829e-03, 1.4355017350796627e-02,
          -2.9522870405727163e-02, -4.9096674851370507e-03,
          2.8690582706818436e-02, -2.5707131776244872e-03,
          1.3088351545601314e-05, 6.9558218796652389e-04,
          -4.3358944579513399e-03, 9.0548760681706281e-04,
          -2.4787525903755378e-03, 2.9602642906434969e-03,
          4.6185694476287113e-03, 3.0597798609457031e-03,
          -2.5707131776244885e-03, 6.4181379237084113e-02,
          7.1730287229503445e-04, -2.6441689472732669e-03,
          1.0984354424992519e-03, 2.6090756152691852e-03,
          -6.9296026201833127e-03, 5.0743857646357582e-03,
          8.1021434265112798e-05, 8.4943764169531102e-04,
          1.3088351545601190e-05, 7.1730287229503423e-04,
          4.2287688343911389e-02, -4.2671543158553216e-04,
          8.8521922554322827e-05, -2.0618206142129255e-03,
          -1.2004075606224440e-03, 3.6022763841449378e-03,
          -5.2967470066393458e-04, 2.1629280004960389e-05,
          6.9558218796652443e-04, -2.6441689472732673e-03,
          -4.2671543158553232e-04, 3.9014855759938787e-02,
          4.0685277636738944e-06, -6.0449013883379461e-03,
          -1.6221316678657470e-02, 2.0708528558624730e-04,
          6.5006359974383527e-03, 2.4575262902401373e-03,
          -4.3358944579513399e-03, 1.0984354424992519e-03,
          8.8521922554322786e-05, 4.0685277636739258e-06,
          5.8256393967849656e-03, -1.6287132584668854e-03,
          5.4460285660887377e-05, -3.0715627587032658e-04,
          -1.2811289456817478e-03, 2.4657452130668579e-05,
          9.0548760681706173e-04, 2.6090756152691843e-03,
          -2.0618206142129251e-03, -6.0449013883379461e-03,
          -1.6287132584668865e-03, 1.3930070222878604e-01,
          4.4551511767314663e-03, 1.1003187754946180e-03,
          1.7267290138469258e-03, -2.2872007737953825e-03,
          -2.4787525903755378e-03, -6.9296026201833127e-03,
          -1.2004075606224431e-03, -1.6221316678657463e-02,
          5.4460285660887377e-05, 4.4551511767314655e-03,
          1.4021127450415735e-01, 8.5017480141204933e-04,
          -3.2077864858785963e-03, 1.4355017350796627e-02,
          2.9602642906434952e-03, 5.0743857646357591e-03,
          3.6022763841449374e-03, 2.0708528558624730e-04,
          -3.0715627587032674e-04, 1.1003187754946170e-03,
          8.5017480141205053e-04, 1.2455480066605248e-01 ]
   - !!opencv-matrix
      rows: 10
      cols: 10
      dt: d
      data: [ 2.5952875155916566e-01, 1.8275286295678086e-01,
          -7.2152567906526105e-02, 4.7421623063014028e-02,
          6.7797066566279507e-03, 6.1638874257830129e-03,
          5.3324582779345757e-02, 1.1434042573889800e-02,
          -2.5319737328892561e-03, -4.1663933543570300e-02,
          1.8275286295678084e-01, 3.7974875696394716e-01,
          -1.0382100337065084e-01, 9.1080343392235058e-02,
          6.4474931203800604e-03, 7.7403924018324384e-03,
          3.3363392033119978e-02, 1.4021081935413031e-02,
          -2.9262168774041190e-02, -1.0426872622846929e-01,
          -7.2152567906526105e-02, -1.0382100337065084e-01,
          3.9759129046756553e-01, -2.0751156431624080e-02,
          5.0060498735705415e-02, -6.3858408669004423e-03,
          7.2522676256641924e-02, -1.1374227668110274e-02,
          6.7267828896865473e-02, 9.2377374170700646e-02,
          4.7421623063014021e-02, 9.1080343392235058e-02,
          -2.0751156431624073e-02, 5.7426211115581327e-02,
          1.4252944851185331e-02, 1.2321773878848864e-03,
          2.0411737943586722e-02, 5.6683291869095535e-03,
          -3.1891672422924189e-03, -1.4667119816430926e-02,
          6.7797066566279533e-03, 6.4474931203800578e-03,
          5.0060498735705415e-02, 1.4252944851185331e-02,
          1.8310242673459551e-01, -1.0881034279715154e-03,
          4.3680604408667799e-02, -4.6442039079994139e-03,
          5.4721599911087548e-02, 4.4482919593878983e-02,
          6.1638874257830146e-03, 7.7403924018324393e-03,
          -6.3858408669004441e-03, 1.2321773878848860e-03,
          -1.0881034279715165e-03, 3.1774410841370386e-02,
          1.2518113088054489e-03, -4.9134001628363703e-04,
          -1.2184029745315803e-02, -6.2505160891686623e-03,
          5.3324582779345757e-02, 3.3363392033119985e-02,
          7.2522676256641924e-02, 2.0411737943586729e-02,
          4.3680604408667799e-02, 1.2518113088054480e-03,
          9.6304979941644508e-01, -1.0739143334323230e-02,
          1.3985886404587725e-01, 1.1361599735365085e-01,
          1.1434042573889800e-02, 1.4021081935413028e-02,
          -1.1374227668110274e-02, 5.6683291869095527e-03,
          -4.6442039079994139e-03, -4.9134001628363703e-04,
          -1.0739143334323227e-02, 4.9200845839775922e-02,
          -5.9836769496385874e-04, -7.9677998485027136e-03,
          -2.5319737328892583e-03, -2.9262168774041190e-02,
          6.7267828896865473e-02, -3.1891672422924189e-03,
          5.4721599911087562e-02, -1.2184029745315806e-02,
          1.3985886404587727e-01, -5.9836769496385950e-04,
          1.4452632384174163e-01, 7.8172884257602313e-02,
          -4.1663933543570300e-02, -1.0426872622846929e-01,
          9.2377374170700646e-02, -1.4667119816430926e-02,
          4.4482919593878983e-02, -6.2505160891686623e-03,
          1.1361599735365088e-01, -7.9677998485027136e-03,
          7.8172884257602340e-02, 2.1990496045452471e-01 ]
   - !!opencv-matrix
      rows: 10
      cols: 10
