%YAML:1.0
---
groups:
   - intact
   - CD19
   - blast
intactGmmnames:
   - "intact.2015-4355.0"
   - "intact.2015-4355.1"
   - "intact.2015-4355.2"
   - "intact.2015-4355.3"
   - "intact.2015-4355.4"
intactLabels:
   - FSC-A
   - SSC-A
   - SY41
   - CD19
   - CD10
   - CD20
   - CD45
   - CD34
   - CD38
   - CD58
intactMu: !!opencv-matrix
   rows: 5
   cols: 10
   dt: d
   data: [ 3.0355513894069719e+00, 2.6235387567025490e+00,
       3.3634235134660861e+00, 1.7234058636837184e+00,
       2.0200960705283797e+00, 1.0793201211005081e+00,
       3.1178068621158683e+00, 1.5268177919656687e+00,
       1.6205839830675146e+00, 2.2354852480541165e+00,
       1.2160932604988706e+00, 3.8205793315682007e-01,
       3.2294049686703286e+00, 1.1162366464587241e+00,
       1.3833204873544360e+00, 1.0221630609804846e+00,
       3.8402802305688568e+00, 2.0869579219163112e+00,
       1.4981773619486962e+00, 1.2375400278449797e+00,
       1.8227034952421366e+00, 1.4066167492659654e+00,
       3.3515966336486840e+00, 1.3872732028832730e+00,
       1.5646496394172105e+00, 1.0980500930495303e+00,
       2.4998180078170469e+00, 1.4258689316181159e+00,
       1.5362017250089497e+00, 2.0991589691498307e+00,
       2.0584473749027477e+00, 1.6064961279273886e+00,
       2.8759533554907795e+00, 1.5331288110390540e+00,
       1.5099078078150452e+00, 1.2332368481453604e+00,
       3.7561549444638285e+00, 2.3939266046029211e+00,
       2.7914383947897807e+00, 2.1050543275564872e+00,
       3.2181918682282702e+00, 3.3632818231386348e+00,
       3.1162886571073916e+00, 1.9314106907049802e+00,
       2.3169657338283023e+00, 1.0830461488452849e+00,
       3.1630821510893101e+00, 1.6691780326709371e+00,
       1.6586108520062042e+00, 2.2661322174615357e+00 ]
intactSigma:
   - !!opencv-matrix
      rows: 10
      cols: 10
      dt: d
      data: [ 3.3356359968227522e-01, 1.2520669380516217e-01,
          -2.8087191569298491e-02, 2.9597137321258165e-02,
          -1.5679441467955659e-02, 8.6370173829679613e-04,
          3.4563734810374178e-03, 2.2571118977325741e-03,
          2.4673132553676994e-02, 2.3384329612106398e-03,
          1.2520669380516217e-01, 2.3625093692032828e-01,
          -3.6553433683107983e-02, 4.8064138418874872e-02,
          3.1211294399647949e-03, 2.7319724402890678e-03,
          1.2812186556959726e-02, 4.9366661815358247e-03,
          2.5805786689474086e-02, 1.1052630949746059e-02,
          -2.8087191569298488e-02, -3.6553433683107976e-02,
          3.5799704668747864e-02, -6.0919232041850221e-03,
          6.8846177955072052e-03, -4.6814735466790141e-04,
          -2.1515228086661582e-03, 8.4353426007150790e-04,
          -8.2726471838691744e-03, -2.3078914599295908e-03,
          2.9597137321258165e-02, 4.8064138418874872e-02,
          -6.0919232041850239e-03, 4.5220073240818233e-02,
          -3.6937917501672587e-03, -2.6956877239921410e-03,
          1.4841594968681589e-03, -4.8957598768530660e-04,
          4.1136860630596524e-04, 1.9141109434183149e-03,
          -1.5679441467955659e-02, 3.1211294399647966e-03,
          6.8846177955072052e-03, -3.6937917501672587e-03,
          1.8311561059169223e-01, 5.6474616713164053e-04,
          1.0106019954757349e-02, -8.7154781494076696e-04,
          2.2834647045827123e-03, 5.5682563260781178e-04,
          8.6370173829679688e-04, 2.7319724402890678e-03,
          -4.6814735466790141e-04, -2.6956877239921414e-03,
          5.6474616713163967e-04, 3.2486149482566180e-02,
          2.2634914205518390e-04, -5.7138118777193877e-03,
          -1.2364665237978042e-02, 3.8984036650596977e-05,
          3.4563734810374169e-03, 1.2812186556959732e-02,
          -2.1515228086661582e-03, 1.4841594968681589e-03,
          1.0106019954757349e-02, 2.2634914205518355e-04,
          2.1911414969802822e-02, 5.0736283349388928e-03,
          3.2720140066545269e-04, -1.3781269665442328e-03,
          2.2571118977325741e-03, 4.9366661815358264e-03,
          8.4353426007150855e-04, -4.8957598768530660e-04,
          -8.7154781494076610e-04, -5.7138118777193860e-03,
          5.0736283349388928e-03, 1.8685759854917938e-01,
          3.3549887542505281e-03, 7.2713039447758123e-04,
          2.4673132553676994e-02, 2.5805786689474086e-02,
          -8.2726471838691744e-03, 4.1136860630596519e-04,
          2.2834647045827119e-03, -1.2364665237978042e-02,
          3.2720140066545291e-04, 3.3549887542505289e-03,
          6.6902826012825226e-02, 2.0028683158936104e-03,
          2.3384329612106398e-03, 1.1052630949746059e-02,
          -2.3078914599295908e-03, 1.9141109434183145e-03,
          5.5682563260781124e-04, 3.8984036650596923e-05,
          -1.3781269665442332e-03, 7.2713039447758123e-04,
          2.0028683158936104e-03, 1.0573951957873065e-02 ]
   - !!opencv-matrix
      rows: 10
      cols: 10
      dt: d
      data: [ 6.0516575923904262e-02, 1.5168586887644379e-02,
          -3.7061414192786440e-02, 1.0159868924479926e-02,
          7.3635353786890862e-03, -1.0924659433131547e-03,
          1.3237969999327687e-02, 2.2563475603551583e-02,
          5.5353920995354581e-03, 3.5130724941042822e-02,
          1.5168586887644379e-02, 1.7420234237688032e-02,
          -3.0141412019757969e-02, 9.3198984887437452e-03,
          8.7201507664439182e-03, -1.7248772406363512e-03,
          1.4892614783767976e-02, 2.5402502180828762e-02,
          6.0045500750629749e-03, 4.0855315634723076e-02,
          -3.7061414192786434e-02, -3.0141412019757972e-02,
          9.5135877165173466e-02, -1.7925432365415529e-02,
          -1.7788360299782806e-02, 3.0286595725112775e-03,
          -3.3147846814738341e-02, -5.4138241357111733e-02,
          -2.0311319067131180e-03, -8.4273347064540538e-02,
          1.0159868924479924e-02, 9.3198984887437452e-03,
          -1.7925432365415522e-02, 1.3901802166869401e-01,
          7.7034968291507192e-03, -6.3537565412641319e-03,
          7.3813434978369716e-03, 2.0470901991517503e-02,
          -1.1741940270005524e-02, 2.4961597401175033e-02,
          7.3635353786890879e-03, 8.7201507664439182e-03,
          -1.7788360299782809e-02, 7.7034968291507175e-03,
          2.1595205828031705e-01, -3.2682468979807508e-04,
          7.8534178617133497e-03, 1.1468332009045706e-02,
          8.0585504359990609e-03, 2.4729828152259780e-02,
          -1.0924659433131545e-03, -1.7248772406363506e-03,
          3.0286595725112784e-03, -6.3537565412641319e-03,
          -3.2682468979807448e-04, 4.2489019774956713e-02,
          -1.1730530583132382e-03, -9.0296796291611664e-03,
          -2.6814408076371192e-02, -2.1920207598273597e-03,
          1.3237969999327687e-02, 1.4892614783767980e-02,
          -3.3147846814738341e-02, 7.3813434978369742e-03,
          7.8534178617133497e-03, -1.1730530583132384e-03,
          2.3362842946332497e-02, 3.2731126278581102e-02,
          -4.5133235662547519e-03, 4.0704916446681109e-02,
          2.2563475603551580e-02, 2.5402502180828762e-02,
          -5.4138241357111719e-02, 2.0470901991517507e-02,
          1.1468332009045706e-02, -9.0296796291611664e-03,
          3.2731126278581102e-02, 1.6884609534884329e-01,
          9.3182142395228425e-03, 7.0203996567308885e-02,
          5.5353920995354581e-03, 6.0045500750629749e-03,
          -2.0311319067131185e-03, -1.1741940270005524e-02,
          8.0585504359990592e-03, -2.6814408076371185e-02,
          -4.5133235662547528e-03, 9.3182142395228425e-03,
          2.2636186500814245e-01, -2.5247435224797068e-02,
          3.5130724941042815e-02, 4.0855315634723076e-02,
          -8.4273347064540538e-02, 2.4961597401175029e-02,
          2.4729828152259787e-02, -2.1920207598273588e-03,
          4.0704916446681109e-02, 7.0203996567308871e-02,
          -2.5247435224797068e-02, 2.2823951694168554e-01 ]
   - !!opencv-matrix
      rows: 10
      cols: 10
      dt: d
