%YAML:1.0
---
groups:
   - intact
   - CD19
   - blast
intactGmmnames:
   - "intact.2015-1209.0"
   - "intact.2015-1209.1"
   - "intact.2015-1209.2"
   - "intact.2015-1209.3"
   - "intact.2015-1209.4"
intactLabels:
   - FSC-A
   - SSC-A
   - SY41
   - CD19
   - CD10
   - CD20
   - CD45
   - CD34
   - CD38
   - CD58
intactMu: !!opencv-matrix
   rows: 5
   cols: 10
   dt: d
   data: [ 2.0810297703327105e+00, 2.1141644482188897e+00,
       3.8837956798418096e+00, 1.5221505656745298e+00,
       1.6177079615379457e+00, 1.1488774642495150e+00,
       3.3359885323371565e+00, 1.3865135471314838e+00,
       1.8128605306971453e+00, 1.7368646831809786e+00,
       1.2347206195417624e+00, 6.8999072370772618e-01,
       3.6826206331571232e+00, 1.1737230606356033e+00,
       1.7243083934884900e+00, 1.1641428378087786e+00,
       3.7810808718375992e+00, 1.2560901370693038e+00,
       2.4883052961616601e+00, 1.2241023928092598e+00,
       1.6036064424492980e+00, 3.3349726333056862e+00,
       3.8114157384236682e+00, 1.7262388953486729e+00,
       2.8973981613835451e+00, 1.0647717702111432e+00,
       3.3552438788391670e+00, 1.2864002336875535e+00,
       1.4337069591720113e+00, 2.0388990564569212e+00,
       1.2297307139628844e+00, 8.4443646032304132e-01,
       3.5771074012947204e+00, 1.2685707820571896e+00,
       1.2945770763344437e+00, 1.0888043123344668e+00,
       1.9394208486364013e+00, 1.4631311726603515e+00,
       1.4161556277916731e+00, 2.1746606585205490e+00,
       8.5857644148846113e-01, 3.8489180864293976e-01,
       3.9950089193327414e+00, 1.1321805086148411e+00,
       1.4332233955924063e+00, 1.0010930301261265e+00,
       3.7126355626941514e+00, 1.1794001572545876e+00,
       1.4603044304553705e+00, 9.6726603375832299e-01 ]
intactSigma:
   - !!opencv-matrix
      rows: 10
      cols: 10
      dt: d
      data: [ 7.2434422943446808e-01, 5.1826054431197199e-01,
          -4.8633994282965713e-02, 8.3510432560249162e-02,
          2.6831052321282549e-03, 1.1271178775693919e-02,
          -4.6421290660754511e-02, 3.4390262915294470e-02,
          5.9805216358980270e-02, 1.8809806182870786e-01,
          5.1826054431197188e-01, 1.1613668396587646e+00,
          -7.4992349776950046e-02, 2.1596900622466672e-01,
          2.9592007027120625e-03, -5.1710975212359407e-02,
          -1.8782474046253797e-01, -4.2197808226403559e-02,
          -1.0410452714012698e-01, 2.3235805193513878e-01,
          -4.8633994282965727e-02, -7.4992349776950018e-02,
          1.0442604641465668e-01, -1.1271362426518782e-02,
          1.4609290691909476e-02, 4.5712449868938873e-03,
          2.1075248116678835e-02, -2.7003165377721566e-03,
          1.6590299726037525e-02, -3.3119992012984871e-02,
          8.3510432560249162e-02, 2.1596900622466672e-01,
          -1.1271362426518779e-02, 1.2107238083646765e-01,
          2.5032700401943799e-02, 1.6285421648975423e-02,
          -4.4272752170117280e-02, -7.3077818789055726e-03,
          -2.2732694847897490e-02, 4.4510718536044595e-02,
          2.6831052321282566e-03, 2.9592007027120560e-03,
          1.4609290691909476e-02, 2.5032700401943803e-02,
          3.1732281755225311e-01, 1.9031642806233737e-02,
          4.2348380044706688e-02, -3.4989816685855389e-03,
          5.8497189870806508e-02, 1.2775035056885650e-02,
          1.1271178775693922e-02, -5.1710975212359407e-02,
          4.5712449868938873e-03, 1.6285421648975420e-02,
          1.9031642806233734e-02, 1.6993639167434449e-01,
          2.9312245128431759e-02, 4.6362577778699163e-02,
          5.9986820511617252e-02, 1.0553884782113969e-02,
          -4.6421290660754511e-02, -1.8782474046253794e-01,
          2.1075248116678838e-02, -4.4272752170117273e-02,
          4.2348380044706688e-02, 2.9312245128431769e-02,
          2.3946592934641450e-01, 3.4641447535136262e-04,
          8.9982032618040053e-02, -6.0297974345710444e-02,
          3.4390262915294477e-02, -4.2197808226403552e-02,
          -2.7003165377721557e-03, -7.3077818789055744e-03,
          -3.4989816685855406e-03, 4.6362577778699163e-02,
          3.4641447535136219e-04, 2.5098735631939956e-01,
          6.2946924180326269e-02, 4.4475582314946048e-02,
          5.9805216358980291e-02, -1.0410452714012698e-01,
          1.6590299726037525e-02, -2.2732694847897490e-02,
          5.8497189870806515e-02, 5.9986820511617252e-02,
          8.9982032618040039e-02, 6.2946924180326269e-02,
          2.8988115840642881e-01, 2.4237108253141629e-02,
          1.8809806182870786e-01, 2.3235805193513884e-01,
          -3.3119992012984871e-02, 4.4510718536044595e-02,
          1.2775035056885653e-02, 1.0553884782113972e-02,
          -6.0297974345710437e-02, 4.4475582314946048e-02,
          2.4237108253141629e-02, 2.2082502911013727e-01 ]
   - !!opencv-matrix
      rows: 10
      cols: 10
      dt: d
      data: [ 6.2263826757171355e-02, 1.4402968644860847e-02,
          -2.5206165044285241e-02, 2.6508857616858953e-03,
          5.6968319535006962e-03, 2.3248772897722708e-03,
          3.1529191999307964e-03, 4.2076631270028959e-04,
          8.8735558138084893e-03, 6.6668485991051227e-03,
          1.4402968644860847e-02, 2.9486279563452206e-02,
          -1.7600818381725159e-02, 5.0219824915119999e-03,
          1.1712335183355594e-02, 7.5499685286313659e-03,
          5.7554301943920855e-03, 4.8887001460190763e-03,
          2.4614927466032374e-02, 2.3641740821473942e-02,
          -2.5206165044285241e-02, -1.7600818381725159e-02,
          7.8731724244936019e-02, -4.4380272331842564e-03,
          -1.4498133271679538e-02, -4.5603790631638082e-03,
          -6.7620455495579716e-03, -2.6234431495450734e-03,
          -1.6193938824218754e-02, -1.2445398186619831e-02,
          2.6508857616858944e-03, 5.0219824915119999e-03,
          -4.4380272331842564e-03, 5.4326450045027147e-02,
          6.9804577287330399e-03, -5.4999185538575296e-03,
          -1.2868234707828425e-03, 3.0822723543100952e-03,
          1.6893554176113177e-03, 4.1542288354367010e-03,
          5.6968319535007006e-03, 1.1712335183355595e-02,
          -1.4498133271679538e-02, 6.9804577287330355e-03,
          4.3218902597279479e-01, 1.2548793829812534e-02,
          6.3667802936467413e-03, -5.2516497053753742e-03,
          2.3439629193172277e-02, 1.0297597952603484e-02,
          2.3248772897722712e-03, 7.5499685286313642e-03,
          -4.5603790631638091e-03, -5.4999185538575270e-03,
          1.2548793829812537e-02, 1.4213673290524709e-01,
          4.5410778132578336e-03, -8.0657205789760964e-03,
          1.8759384960047309e-02, 5.2899824910474487e-03,
          3.1529191999307964e-03, 5.7554301943920864e-03,
          -6.7620455495579716e-03, -1.2868234707828423e-03,
          6.3667802936467413e-03, 4.5410778132578327e-03,
          1.0679569588909003e-02, 1.0996689330332577e-03,
          7.9016270177895004e-03, 2.4255802086350616e-03,
          4.2076631270028796e-04, 4.8887001460190763e-03,
          -2.6234431495450734e-03, 3.0822723543100956e-03,
          -5.2516497053753750e-03, -8.0657205789760947e-03,
          1.0996689330332579e-03, 2.2574741150633959e-01,
          1.5205090007004903e-02, 1.0360090554657473e-03,
          8.8735558138084911e-03, 2.4614927466032374e-02,
          -1.6193938824218754e-02, 1.6893554176113177e-03,
          2.3439629193172273e-02, 1.8759384960047309e-02,
          7.9016270177895004e-03, 1.5205090007004915e-02,
          1.1053855481034568e-01, 2.0466690965221610e-02,
          6.6668485991051218e-03, 2.3641740821473942e-02,
          -1.2445398186619825e-02, 4.1542288354367027e-03,
          1.0297597952603484e-02, 5.2899824910474487e-03,
          2.4255802086350620e-03, 1.0360090554657462e-03,
          2.0466690965221610e-02, 1.3896576354537279e-01 ]
   - !!opencv-matrix
      rows: 10
      cols: 10
      dt: d
