%YAML:1.0
---
groups:
   - intact
   - CD19
   - blast
intactGmmnames:
   - "intact.2015-3543.0"
   - "intact.2015-3543.1"
   - "intact.2015-3543.2"
   - "intact.2015-3543.3"
   - "intact.2015-3543.4"
intactLabels:
   - FSC-A
   - SSC-A
   - SY41
   - CD19
   - CD10
   - CD20
   - CD45
   - CD34
   - CD38
   - CD58
intactMu: !!opencv-matrix
   rows: 5
   cols: 10
   dt: d
   data: [ 2.9606760919541508e+00, 2.7207255917779070e+00,
       3.1254943405946052e+00, 1.7854846217265050e+00,
       1.5262193820814443e+00, 1.0806062373998828e+00,
       3.1774245835871859e+00, 1.4769494203239801e+00,
       1.6547899653742841e+00, 2.0028107853885895e+00,
       1.4885151517735276e+00, 3.9272013923263926e-01,
       3.1492473216270915e+00, 1.2749693410029650e+00,
       1.1191545303018040e+00, 1.0246228595536533e+00,
       3.7593671710905010e+00, 1.8513360741585103e+00,
       1.5671656046379241e+00, 9.5366992952252017e-01,
       2.4068364648786407e+00, 3.1408576366707996e+00,
       2.9921553301147727e+00, 1.9287898267875059e+00,
       1.3948199160539401e+00, 1.0619959496309999e+00,
       3.0698075619694589e+00, 1.4100266265193944e+00,
       1.8194820582469509e+00, 1.9802209576517353e+00,
       2.9274971113779391e+00, 3.6824064900740185e+00,
       3.0564620353961534e+00, 2.0554168702544500e+00,
       1.4464273170546667e+00, 1.0990961927619958e+00,
       3.1518371698613188e+00, 1.4691389814860476e+00,
       1.7396586086405585e+00, 2.0926206407260044e+00,
       2.2517498317735498e+00, 1.3272767441892352e+00,
       3.2526674699233431e+00, 1.7615946714415280e+00,
       1.6672779878006352e+00, 1.1548302144463838e+00,
       2.9419176986871394e+00, 2.4830386977346786e+00,
       2.1802995982067350e+00, 2.2066841050185877e+00 ]
intactSigma:
   - !!opencv-matrix
      rows: 10
      cols: 10
      dt: d
      data: [ 2.2454371329746670e-01, 1.0901406711578454e-01,
          3.0303766967812958e-02, 4.0072249237284009e-02,
          4.9556551443938904e-02, -2.7000253296509441e-03,
          2.2594611334217755e-02, 2.4517207552212757e-02,
          7.7374594809066655e-03, 1.1922876174537357e-02,
          1.0901406711578454e-01, 4.0320038438585160e-01,
          1.8246530290015724e-02, 6.9985012840831529e-02,
          1.8473750213058172e-02, 3.8393179015952872e-03,
          -3.1401402842825710e-03, 1.3320066001415984e-02,
          1.5904141267856223e-02, 1.8394300879127311e-02,
          3.0303766967812958e-02, 1.8246530290015720e-02,
          1.3000344633889802e-01, 1.0992129376826370e-02,
          4.2915475221223215e-02, -2.8017392028270253e-03,
          4.0848436363789594e-03, 2.9337730165016236e-03,
          3.6119793429016554e-03, -6.4820596325260681e-03,
          4.0072249237284009e-02, 6.9985012840831529e-02,
          1.0992129376826367e-02, 6.9075794955781505e-02,
          1.5495509790269875e-02, -3.4171390701722391e-03,
          3.1419709489485838e-03, 1.2487187775569867e-02,
          -9.4808709999341049e-03, 2.6271124223553573e-03,
          4.9556551443938897e-02, 1.8473750213058172e-02,
          4.2915475221223215e-02, 1.5495509790269871e-02,
          1.4197641028895777e-01, -1.7766741324664798e-03,
          1.7748791578483625e-02, 2.1643930426732311e-02,
          2.9583189570978664e-03, 5.8980477566704277e-03,
          -2.7000253296509428e-03, 3.8393179015952907e-03,
          -2.8017392028270261e-03, -3.4171390701722404e-03,
          -1.7766741324664794e-03, 3.7540679900990581e-02,
          -5.7223216509131550e-04, -1.0290769934297140e-02,
          -1.9655900082409083e-02, -8.1418323207437698e-04,
          2.2594611334217765e-02, -3.1401402842825723e-03,
          4.0848436363789594e-03, 3.1419709489485838e-03,
          1.7748791578483629e-02, -5.7223216509131572e-04,
          2.5224946907590744e-02, 1.4869592124875581e-02,
          -1.8678696758023870e-03, 4.9683836450668591e-03,
          2.4517207552212757e-02, 1.3320066001415984e-02,
          2.9337730165016245e-03, 1.2487187775569867e-02,
          2.1643930426732318e-02, -1.0290769934297141e-02,
          1.4869592124875580e-02, 1.9982978756621536e-01,
          8.6769573877684292e-03, 5.4619686970561673e-03,
          7.7374594809066673e-03, 1.5904141267856230e-02,
          3.6119793429016554e-03, -9.4808709999340997e-03,
          2.9583189570978664e-03, -1.9655900082409083e-02,
          -1.8678696758023864e-03, 8.6769573877684275e-03,
          1.6593325714686347e-01, 1.7473029625097228e-02,
          1.1922876174537357e-02, 1.8394300879127305e-02,
          -6.4820596325260689e-03, 2.6271124223553573e-03,
          5.8980477566704277e-03, -8.1418323207437698e-04,
          4.9683836450668591e-03, 5.4619686970561673e-03,
          1.7473029625097225e-02, 3.5873682350083307e-02 ]
   - !!opencv-matrix
      rows: 10
      cols: 10
      dt: d
      data: [ 2.4791365353935980e-02, 1.8782658311549106e-03,
          3.3409682062545895e-03, 2.2138011024839077e-03,
          4.9805481473410001e-04, -1.0321692303353715e-04,
          2.0936863344829322e-03, 3.4513104936807247e-03,
          -4.0782807639092996e-03, 5.4048072555580003e-03,
          1.8782658311549097e-03, 8.5440650789377036e-03,
          2.6274405284805497e-03, 4.2799645457950349e-03,
          8.9523803219639976e-04, 2.6986649277356823e-05,
          2.7166882184695368e-03, 3.9921732122374411e-03,
          -6.5699344543343205e-03, 1.0594049583369207e-02,
          3.3409682062545886e-03, 2.6274405284805497e-03,
          5.0666625999208695e-02, -1.2234274511493859e-03,
          -3.1645850033434761e-04, 4.1640118144360988e-05,
          -6.6319387663660382e-05, -3.8459818601424437e-04,
          -5.7997857993439730e-03, -1.1269792484564845e-03,
          2.2138011024839081e-03, 4.2799645457950340e-03,
          -1.2234274511493859e-03, 1.4992889393267372e-01,
          1.5951809580683099e-03, -6.1897172435982665e-03,
          1.6974007255766217e-03, 1.2435092352636888e-02,
          -1.8742945722623069e-02, 1.1174645583834866e-02,
          4.9805481473410023e-04, 8.9523803219639997e-04,
          -3.1645850033434788e-04, 1.5951809580683094e-03,
          3.5762211856217932e-02, 1.5520184438733170e-04,
          3.5184048436071220e-04, -2.7000263343397862e-03,
          -1.0176901893806530e-03, 6.2502999720037509e-03,
          -1.0321692303353712e-04, 2.6986649277356948e-05,
          4.1640118144360846e-05, -6.1897172435982683e-03,
          1.5520184438733156e-04, 4.0745469769616606e-02,
          -2.3671759146488703e-04, -1.2530273176533234e-02,
          -2.4004617582190923e-02, 2.5843399117520742e-04,
          2.0936863344829322e-03, 2.7166882184695364e-03,
          -6.6319387663660382e-05, 1.6974007255766217e-03,
          3.5184048436071226e-04, -2.3671759146488714e-04,
          6.0002015119892888e-03, 5.5498260511220579e-03,
          -3.0804888070358237e-03, 4.7076536444823572e-03,
          3.4513104936807252e-03, 3.9921732122374402e-03,
          -3.8459818601424296e-04, 1.2435092352636890e-02,
          -2.7000263343397862e-03, -1.2530273176533232e-02,
          5.5498260511220561e-03, 1.7551396776375550e-01,
          4.6204619049158768e-03, 1.5658129911114392e-02,
          -4.0782807639092988e-03, -6.5699344543343214e-03,
          -5.7997857993439764e-03, -1.8742945722623069e-02,
          -1.0176901893806521e-03, -2.4004617582190933e-02,
          -3.0804888070358237e-03, 4.6204619049158785e-03,
          1.6504326073476056e-01, -1.1694170472024801e-02,
          5.4048072555580003e-03, 1.0594049583369205e-02,
          -1.1269792484564845e-03, 1.1174645583834866e-02,
          6.2502999720037491e-03, 2.5843399117520698e-04,
          4.7076536444823590e-03, 1.5658129911114392e-02,
          -1.1694170472024801e-02, 1.3290211288159937e-01 ]
   - !!opencv-matrix
      rows: 10
      cols: 10
      dt: d
