%YAML:1.0
---
groups:
   - intact
   - CD19
   - blast
intactGmmnames:
   - "intact.2016-5987.0"
   - "intact.2016-5987.1"
   - "intact.2016-5987.2"
   - "intact.2016-5987.3"
   - "intact.2016-5987.4"
intactLabels:
   - FSC-A
   - SSC-A
   - SY41
   - CD19
   - CD10
   - CD20
   - CD45
   - CD34
   - CD38
   - CD58
intactMu: !!opencv-matrix
   rows: 5
   cols: 10
   dt: d
   data: [ 1.5049410101401668e+00, 5.7701957282124217e-01,
       2.9763906742016313e+00, 1.6968034212429246e+00,
       1.1487092201610607e+00, 1.0937420623145275e+00,
       3.9066379943923315e+00, 1.6934688657261370e+00,
       2.4472108774040402e+00, 1.7844679713745897e+00,
       1.1080832207489490e+00, 2.7716105515796569e-01,
       3.4171479108225711e+00, 1.4402103761131699e+00,
       1.0737957871900932e+00, 1.0777360784061647e+00,
       3.6814000390544144e+00, 1.4523702953064606e+00,
       1.7264893981557237e+00, 1.0314321542079921e+00,
       1.1243865251915290e+00, 5.8524701834496184e-01,
       3.2889959434022882e+00, 1.2783672354381341e+00,
       1.3568570537411493e+00, 1.1714053565129141e+00,
       2.1778636605882893e+00, 1.2015000695583000e+00,
       1.7171416813216511e+00, 2.4435250052821913e+00,
       2.1332978493670480e+00, 1.9873221893826836e+00,
       3.3064633492663482e+00, 1.8852527743935037e+00,
       1.4519639446940196e+00, 1.4473442054166898e+00,
       3.0126395787298543e+00, 1.9074062366988118e+00,
       2.4257037016677065e+00, 2.0204454692943568e+00,
       1.0936332745842166e+00, 6.1391910285395002e-01,
       3.4214745544143144e+00, 1.7642072496166712e+00,
       1.2212218823331451e+00, 1.8667210789017075e+00,
       3.6296133664324679e+00, 1.5008789628122048e+00,
       1.7371846811643616e+00, 1.1490120689357100e+00 ]
intactSigma:
   - !!opencv-matrix
      rows: 10
      cols: 10
      dt: d
      data: [ 6.6865824840425594e-02, 9.1201132196198180e-03,
          -1.4768851402513895e-02, 8.0180182877388415e-03,
          -3.1999271843922692e-03, -2.2564337093595789e-03,
          6.6046809723684019e-03, 5.9302152491333155e-03,
          2.1183226575773096e-03, 7.5202196326271138e-03,
          9.1201132196198180e-03, 2.8936917123696723e-02,
          -2.5539315335441494e-02, 9.9820681507565966e-03,
          3.4451239584671312e-03, 5.2115162790509519e-04,
          6.5110969976466000e-03, 1.2749697172603967e-02,
          5.7284527240123430e-02, 2.7481193988681211e-02,
          -1.4768851402513898e-02, -2.5539315335441497e-02,
          9.2882003788654591e-02, -9.9709892021200616e-03,
          7.7278119648916440e-04, 1.8506150879934239e-03,
          -1.1737322561098596e-02, -1.3970432080801504e-02,
          -5.4735505882668185e-02, -2.9482560384315518e-02,
          8.0180182877388397e-03, 9.9820681507565984e-03,
          -9.9709892021200616e-03, 7.1491941132366801e-02,
          6.8569844849546494e-03, -5.7665491079248012e-03,
          1.0826773178988421e-02, 1.6412836358776630e-02,
          4.2703474231492577e-05, 1.2666358300940289e-02,
          -3.1999271843922692e-03, 3.4451239584671321e-03,
          7.7278119648916473e-04, 6.8569844849546459e-03,
          1.1680032828554730e-01, 9.4920691171091909e-03,
          7.2884453699476309e-04, -1.6514161313022457e-03,
          5.7344224935718469e-03, 9.7360978608087619e-03,
          -2.2564337093595797e-03, 5.2115162790509616e-04,
          1.8506150879934239e-03, -5.7665491079248038e-03,
          9.4920691171091892e-03, 9.5891921572086217e-02,
          -1.5180735167284001e-03, -1.5168500397563692e-02,
          4.6451626634073408e-03, 1.8678229628985631e-03,
          6.6046809723684001e-03, 6.5110969976466000e-03,
          -1.1737322561098596e-02, 1.0826773178988421e-02,
          7.2884453699476319e-04, -1.5180735167284001e-03,
          1.3423576654411346e-02, 1.0401175222235819e-02,
          -3.0967763328527548e-03, 1.0172197928853492e-02,
          5.9302152491333164e-03, 1.2749697172603967e-02,
          -1.3970432080801504e-02, 1.6412836358776630e-02,
          -1.6514161313022457e-03, -1.5168500397563690e-02,
          1.0401175222235820e-02, 1.6681660585497937e-01,
          2.6475199867723107e-02, 1.7288805040744856e-02,
          2.1183226575773088e-03, 5.7284527240123430e-02,
          -5.4735505882668185e-02, 4.2703474231491744e-05,
          5.7344224935718512e-03, 4.6451626634073434e-03,
          -3.0967763328527548e-03, 2.6475199867723120e-02,
          3.4507572201827447e-01, 4.2112191489632592e-02,
          7.5202196326271103e-03, 2.7481193988681211e-02,
          -2.9482560384315518e-02, 1.2666358300940291e-02,
          9.7360978608087654e-03, 1.8678229628985626e-03,
          1.0172197928853490e-02, 1.7288805040744860e-02,
          4.2112191489632592e-02, 9.3830468339041587e-02 ]
   - !!opencv-matrix
      rows: 10
      cols: 10
      dt: d
      data: [ 4.8512057059402501e-02, 5.2019730517600732e-03,
          -9.0136755242288015e-03, 9.5460695641550429e-03,
          1.0103050429404983e-03, -9.9761817300306546e-04,
          7.8992618875182771e-03, 4.8127393805495432e-03,
          2.2826330042386429e-03, 7.1634054767897529e-03,
          5.2019730517600732e-03, 7.3899888337705683e-03,
          -3.9083402237519491e-04, 5.3124753453894719e-03,
          2.4280149898965402e-03, -9.1506412621415701e-05,
          3.4375731880187947e-03, 3.8556672725126129e-03,
          -7.4716504881148214e-04, 2.0130082592790654e-02,
          -9.0136755242287998e-03, -3.9083402237519502e-04,
          6.3728471604467410e-03, -1.3360294538367235e-03,
          2.2857733717189139e-04, 3.5928930079590001e-04,
          -1.1617113343745972e-03, 2.3647588401893592e-04,
          -2.1737380696579701e-03, -1.8426853983649023e-04,
          9.5460695641550446e-03, 5.3124753453894719e-03,
          -1.3360294538367237e-03, 6.7523555850614134e-02,
          3.4055980404624274e-03, -4.5494528968009788e-03,
          5.2757136958234462e-03, 1.0387456169242476e-02,
          -2.3831129490951820e-03, 1.1517087894127703e-02,
          1.0103050429404988e-03, 2.4280149898965398e-03,
          2.2857733717189144e-04, 3.4055980404624282e-03,
          6.8892891725936115e-02, 1.1882501503581483e-03,
          1.1582736962740838e-03, -1.9194795802435004e-03,
          -5.6450633292809795e-04, 1.1051500999441691e-02,
          -9.9761817300306503e-04, -9.1506412621415742e-05,
          3.5928930079590001e-04, -4.5494528968009814e-03,
          1.1882501503581479e-03, 4.2016542666414289e-02,
          -2.7946409787861032e-04, -1.4074938368927531e-02,
          -8.0910252153177514e-03, 8.5440446640805444e-04,
          7.8992618875182753e-03, 3.4375731880187947e-03,
          -1.1617113343745972e-03, 5.2757136958234462e-03,
          1.1582736962740842e-03, -2.7946409787861032e-04,
          8.4209389070296226e-03, 2.9863423242724478e-03,
          1.0713415576203416e-03, 5.6733783923619491e-03,
          4.8127393805495423e-03, 3.8556672725126129e-03,
          2.3647588401893581e-04, 1.0387456169242476e-02,
          -1.9194795802435014e-03, -1.4074938368927531e-02,
          2.9863423242724478e-03, 1.4642754187817258e-01,
          3.9923768993267161e-03, 8.6415526057158788e-03,
          2.2826330042386420e-03, -7.4716504881148214e-04,
          -2.1737380696579705e-03, -2.3831129490951820e-03,
          -5.6450633292809719e-04, -8.0910252153177497e-03,
          1.0713415576203416e-03, 3.9923768993267161e-03,
          4.3666942687779632e-02, -3.3608668232426035e-03,
          7.1634054767897503e-03, 2.0130082592790654e-02,
          -1.8426853983649014e-04, 1.1517087894127699e-02,
          1.1051500999441688e-02, 8.5440446640805542e-04,
          5.6733783923619500e-03, 8.6415526057158770e-03,
          -3.3608668232426040e-03, 1.7131116217563203e-01 ]
   - !!opencv-matrix
      rows: 10
      cols: 10
      dt: d
