%YAML:1.0
---
groups:
   - intact
   - CD19
   - blast
intactGmmnames:
   - "intact.2016-1395.0"
   - "intact.2016-1395.1"
   - "intact.2016-1395.2"
   - "intact.2016-1395.3"
   - "intact.2016-1395.4"
intactLabels:
   - FSC-A
   - SSC-A
   - SY41
   - CD19
   - CD10
   - CD20
   - CD45
   - CD34
   - CD38
   - CD58
intactMu: !!opencv-matrix
   rows: 5
   cols: 10
   dt: d
   data: [ 1.7109711949509501e+00, 9.0744995391517336e-01,
       2.3221848545082757e+00, 1.3509859366090069e+00,
       1.1073485394136131e+00, 1.1416939411321492e+00,
       2.2651954796456075e+00, 2.3681166371361844e+00,
       1.3949210706714334e+00, 1.9952100117313558e+00,
       1.2097557540413784e+00, 4.2041173864086628e-01,
       3.2353256808013025e+00, 1.3634778324420400e+00,
       1.0763992661139790e+00, 1.0311128848072644e+00,
       3.6842461524255783e+00, 1.8079775340486710e+00,
       1.5676312033593267e+00, 1.4566402083980410e+00,
       9.0807738661644988e-01, 4.6876202201341244e-01,
       3.0557781008203260e+00, 1.2442367083718475e+00,
       1.2491410240691072e+00, 1.0729745677372955e+00,
       1.6654372815406080e+00, 1.0820007987436715e+00,
       1.1852478157317279e+00, 2.3497186952105382e+00,
       1.8564681029353660e+00, 2.1041080102217049e+00,
       3.3050955483550419e+00, 1.6607258216914536e+00,
       1.9318402814816609e+00, 1.1556804840460162e+00,
       2.9633866794890404e+00, 1.6057595013246653e+00,
       1.6287754195490005e+00, 2.0653941974193275e+00,
       6.3501862599407233e-01, 2.8360704591251046e-01,
       3.6115709481184544e+00, 1.3025048985740659e+00,
       1.0707304883174478e+00, 1.0379784294290721e+00,
       3.5730919657097640e+00, 1.6859152141736886e+00,
       1.4497063978220646e+00, 1.1252499962341236e+00 ]
intactSigma:
   - !!opencv-matrix
      rows: 10
      cols: 10
      dt: d
      data: [ 4.0649401995961348e-01, 2.2282058430171933e-01,
          7.7257611151074226e-02, 5.1330464720214991e-02,
          2.1041650119147475e-02, 1.2710113222654792e-02,
          1.5547010055602919e-01, 1.3638108158469714e-01,
          8.5395415646037462e-02, 1.4317345689661123e-01,
          2.2282058430171933e-01, 2.5274267512902859e-01,
          7.1867188108826030e-02, 5.6533441454559553e-02,
          2.0688076569252999e-02, 1.2547329731079386e-02,
          1.5832599878740161e-01, 1.5734924121420885e-01,
          8.4727794560109718e-02, 1.5231368441327420e-01,
          7.7257611151074226e-02, 7.1867188108826030e-02,
          3.7060236728922835e-02, 1.6635884656574892e-02,
          6.7435912057067079e-03, 5.0461013404930954e-03,
          4.3830104701992285e-02, 4.5227231779584542e-02,
          2.5801016785605303e-02, 4.1553133049313400e-02,
          5.1330464720214991e-02, 5.6533441454559553e-02,
          1.6635884656574892e-02, 2.5771786802631834e-02,
          6.2314138593162482e-03, 4.8797368989780197e-04,
          3.2930417400323868e-02, 3.4793774299953922e-02,
          1.6215817329159860e-02, 3.4463882644039594e-02,
          2.1041650119147479e-02, 2.0688076569252992e-02,
          6.7435912057067079e-03, 6.2314138593162491e-03,
          1.1176913010029034e-01, 1.6141359472806138e-03,
          1.6919160638953032e-04, 1.1517436506436548e-02,
          8.3321110003078160e-03, 1.2503899650618020e-02,
          1.2710113222654794e-02, 1.2547329731079386e-02,
          5.0461013404930963e-03, 4.8797368989780165e-04,
          1.6141359472806136e-03, 4.7245492458796140e-02,
          7.3693424274241942e-03, 2.8437748882295844e-03,
          -8.1496915824547916e-03, 7.7460462462144389e-03,
          1.5547010055602919e-01, 1.5832599878740161e-01,
          4.3830104701992292e-02, 3.2930417400323868e-02,
          1.6919160638952969e-04, 7.3693424274241942e-03,
          1.8495331605291368e-01, 1.1977312280070525e-01,
          6.0174719260440344e-02, 1.2338140514826475e-01,
          1.3638108158469714e-01, 1.5734924121420885e-01,
          4.5227231779584542e-02, 3.4793774299953922e-02,
          1.1517436506436546e-02, 2.8437748882295835e-03,
          1.1977312280070525e-01, 1.6939854864515716e-01,
          6.0291118302913893e-02, 1.1211850060574449e-01,
          8.5395415646037476e-02, 8.4727794560109718e-02,
          2.5801016785605299e-02, 1.6215817329159860e-02,
          8.3321110003078194e-03, -8.1496915824547916e-03,
          6.0174719260440344e-02, 6.0291118302913893e-02,
          6.6534957792942190e-02, 5.7395284561383104e-02,
          1.4317345689661123e-01, 1.5231368441327420e-01,
          4.1553133049313400e-02, 3.4463882644039594e-02,
          1.2503899650618022e-02, 7.7460462462144389e-03,
          1.2338140514826475e-01, 1.1211850060574449e-01,
          5.7395284561383104e-02, 1.3639881868205089e-01 ]
   - !!opencv-matrix
      rows: 10
      cols: 10
      dt: d
      data: [ 1.4719789363303387e-01, 3.7987248254573976e-03,
          -7.4195404474709653e-02, 2.3032313024683331e-03,
          -6.8145907807989306e-04, -4.6598021542280750e-03,
          9.0342940699019332e-03, 4.8117136110805573e-03,
          -7.8121489344670277e-03, 2.7580938150646956e-02,
          3.7987248254573989e-03, 2.5412644914161984e-02,
          -1.1506583752520616e-02, 6.3482145098016562e-03,
          2.0478067708444201e-03, -2.0589177026371381e-03,
          2.7300305411130260e-03, 8.0550207032575299e-03,
          2.6814781801686585e-02, 2.4727410241852432e-02,
          -7.4195404474709653e-02, -1.1506583752520616e-02,
          1.0680125358123344e-01, -4.0201690057741768e-03,
          9.1178158891111558e-04, 5.3626237841549540e-03,
          -1.0764957269540253e-02, -3.1300352840253403e-03,
          -1.9808673739251045e-02, -3.6087823625601465e-02,
          2.3032313024683323e-03, 6.3482145098016562e-03,
          -4.0201690057741768e-03, 3.2997059253113935e-02,
          8.8120026042902519e-04, -3.8594783020017313e-03,
          4.4619166228345390e-03, 9.8055211093688917e-03,
          -1.5654592203020968e-04, 8.8880634735676624e-03,
          -6.8145907807989241e-04, 2.0478067708444201e-03,
          9.1178158891111558e-04, 8.8120026042902519e-04,
          7.5054780673916216e-02, -1.2637992376032963e-04,
          -1.6840170987351147e-04, -3.7960441299434160e-03,
          2.1635272705587604e-03, 4.6814556058085146e-03,
          -4.6598021542280741e-03, -2.0589177026371377e-03,
          5.3626237841549532e-03, -3.8594783020017300e-03,
          -1.2637992376033001e-04, 5.2397989589160601e-02,
          -4.2637665627799360e-04, -1.1631629241121344e-02,
          -2.3768277086333556e-02, -2.9995523416204489e-03,
          9.0342940699019332e-03, 2.7300305411130260e-03,
          -1.0764957269540255e-02, 4.4619166228345398e-03,
          -1.6840170987351120e-04, -4.2637665627799312e-04,
          1.8483147736447905e-02, 1.7038831941637928e-02,
          -4.3628555377336637e-03, 1.5144986697306838e-02,
          4.8117136110805573e-03, 8.0550207032575299e-03,
          -3.1300352840253416e-03, 9.8055211093688935e-03,
          -3.7960441299434160e-03, -1.1631629241121344e-02,
          1.7038831941637932e-02, 1.7561964268018440e-01,
          8.7655589629631863e-03, 1.9655856802082119e-02,
          -7.8121489344670251e-03, 2.6814781801686585e-02,
          -1.9808673739251045e-02, -1.5654592203020966e-04,
          2.1635272705587600e-03, -2.3768277086333556e-02,
          -4.3628555377336620e-03, 8.7655589629631863e-03,
          2.9177823472635539e-01, 1.4859479385750305e-02,
          2.7580938150646956e-02, 2.4727410241852432e-02,
          -3.6087823625601458e-02, 8.8880634735676624e-03,
          4.6814556058085164e-03, -2.9995523416204511e-03,
          1.5144986697306838e-02, 1.9655856802082122e-02,
          1.4859479385750305e-02, 1.5823172741104805e-01 ]
   - !!opencv-matrix
      rows: 10
      cols: 10
      dt: d
