%YAML:1.0
---
groups:
   - intact
   - CD19
   - blast
intactGmmnames:
   - "intact.2016-5216.0"
   - "intact.2016-5216.1"
   - "intact.2016-5216.2"
   - "intact.2016-5216.3"
   - "intact.2016-5216.4"
intactLabels:
   - FSC-A
   - SSC-A
   - SY41
   - CD19
   - CD10
   - CD20
   - CD45
   - CD34
   - CD38
   - CD58
intactMu: !!opencv-matrix
   rows: 5
   cols: 10
   dt: d
   data: [ 9.5892727669345079e-01, 2.9351053714629299e-01,
       3.5423267593983954e+00, 1.4765925855602493e+00,
       1.6244482061793306e+00, 1.0775181749620413e+00,
       3.8280286216106973e+00, 1.4916298600190949e+00,
       2.1388311628337968e+00, 7.8660253398794888e-01,
       1.8875457535830000e+00, 3.1322873418196902e+00,
       3.4089725953080721e+00, 1.8112547145701332e+00,
       2.9295137950446009e+00, 1.1297136673565507e+00,
       3.3054917082931148e+00, 1.3109614587485932e+00,
       1.7269217826968137e+00, 2.2643417176372096e+00,
       2.3560664766012289e+00, 2.9401108366418174e+00,
       3.4630585465069945e+00, 1.7765976921091646e+00,
       1.9670267435275592e+00, 1.1458258240505437e+00,
       3.0847008124695536e+00, 1.2413450952059319e+00,
       1.8649858743322760e+00, 2.1150283585433045e+00,
       1.0675554462709986e+00, 4.1426873141724924e-01,
       3.4216021273891952e+00, 1.5300210741089226e+00,
       1.8527998642438106e+00, 1.1006145788811248e+00,
       3.8794878252104703e+00, 1.5044090388564124e+00,
       2.1284738131846739e+00, 1.4385288296519032e+00,
       1.2321628096545403e+00, 9.3222778990629684e-01,
       3.4904802328854667e+00, 1.4339296926296621e+00,
       1.6333896697362775e+00, 1.2434077717794778e+00,
       2.2521470024350032e+00, 1.4456237932519220e+00,
       1.8399948072901302e+00, 2.2247181130366780e+00 ]
intactSigma:
   - !!opencv-matrix
      rows: 10
      cols: 10
      dt: d
      data: [ 2.4349672869450310e-02, 3.7244056757202238e-03,
          -6.4810056458987353e-03, 4.1262750461313899e-03,
          2.0018026610752770e-03, -6.5413930213315322e-04,
          3.7925356819483820e-03, 2.8764578156018311e-03,
          -8.3263359752191297e-04, 1.7216307489693898e-03,
          3.7244056757202238e-03, 3.8911150498949993e-03,
          -3.8369691455655830e-03, 3.1467178966787480e-03,
          2.6370236596750954e-03, -6.1059597538206734e-04,
          3.1088659296682171e-03, 2.4204807812529708e-03,
          -2.8397250995622950e-03, 2.5764478793085582e-03,
          -6.4810056458987362e-03, -3.8369691455655830e-03,
          2.5231961715538102e-02, -3.5332011640387515e-03,
          -3.2653042989607165e-03, 4.2174084928077031e-04,
          -4.1363763014799779e-03, -3.2335973205931423e-03,
          -2.5144779816930601e-04, -5.1874759647876282e-04,
          4.1262750461313899e-03, 3.1467178966787467e-03,
          -3.5332011640387515e-03, 3.9445643706891610e-02,
          4.2558684756014258e-03, -4.1802537324645891e-03,
          3.0344789311607164e-03, 6.7611898291450746e-03,
          -3.3999503939518322e-03, 1.1984949293845004e-03,
          2.0018026610752757e-03, 2.6370236596750954e-03,
          -3.2653042989607152e-03, 4.2558684756014258e-03,
          2.3496149998822902e-01, 4.9864775135671750e-05,
          2.9710373066309647e-03, -5.1889075788637403e-03,
          -3.9839806940498946e-03, 3.8152554359039970e-03,
          -6.5413930213315333e-04, -6.1059597538206723e-04,
          4.2174084928077010e-04, -4.1802537324645882e-03,
          4.9864775135672075e-05, 4.7049089248960278e-02,
          -5.3138876116134060e-04, -1.7923607659036771e-02,
          -1.0629020779397784e-02, -4.9610715981138285e-04,
          3.7925356819483820e-03, 3.1088659296682171e-03,
          -4.1363763014799779e-03, 3.0344789311607155e-03,
          2.9710373066309638e-03, -5.3138876116134070e-04,
          6.2760594506852257e-03, 2.0480895865169989e-03,
          -1.0155586671578307e-03, 1.3834752636257466e-03,
          2.8764578156018302e-03, 2.4204807812529703e-03,
          -3.2335973205931414e-03, 6.7611898291450728e-03,
          -5.1889075788637386e-03, -1.7923607659036771e-02,
          2.0480895865169989e-03, 1.7782287142703693e-01,
          6.9241037671287173e-03, 2.1998146234967308e-03,
          -8.3263359752191264e-04, -2.8397250995622946e-03,
          -2.5144779816930595e-04, -3.3999503939518331e-03,
          -3.9839806940498964e-03, -1.0629020779397787e-02,
          -1.0155586671578309e-03, 6.9241037671287147e-03,
          1.3100661571379651e-01, -6.6275619262519637e-03,
          1.7216307489693898e-03, 2.5764478793085591e-03,
          -5.1874759647876304e-04, 1.1984949293845004e-03,
          3.8152554359039957e-03, -4.9610715981138307e-04,
          1.3834752636257461e-03, 2.1998146234967321e-03,
          -6.6275619262519637e-03, 5.3540741654278023e-02 ]
   - !!opencv-matrix
      rows: 10
      cols: 10
      dt: d
      data: [ 1.3001111616217653e-01, 1.0536545097942217e-01,
          -1.2288907045672622e-02, 1.8451947479661175e-02,
          -1.5472806631603277e-02, 1.7770892532562748e-03,
          -1.1020059579238635e-02, -4.5258375389309715e-03,
          1.0921467870216139e-02, 1.8499447737942698e-03,
          1.0536545097942217e-01, 4.3484128364293961e-01,
          -7.2314842186899153e-02, 8.4545701094729961e-02,
          4.4884240696689254e-02, 3.1434907801510623e-03,
          2.7914534640334138e-02, 2.0337043848466740e-02,
          3.3572273859583890e-02, 1.5323631675168229e-02,
          -1.2288907045672627e-02, -7.2314842186899153e-02,
          1.2829641104430742e-01, -1.7547223377087178e-02,
          -2.0215312422698903e-02, -8.7859852338540323e-04,
          -1.6124446258588183e-02, -8.9741985405450732e-03,
          -6.9088193480737513e-03, -2.3535445704486718e-03,
          1.8451947479661175e-02, 8.4545701094729961e-02,
          -1.7547223377087178e-02, 3.6259946302270522e-02,
          1.2819845749462782e-02, -1.6339903874817885e-03,
          7.9574992707602248e-03, 7.8312512465169657e-03,
          5.1714158826152569e-04, 2.9952684189125584e-03,
          -1.5472806631603277e-02, 4.4884240696689254e-02,
          -2.0215312422698899e-02, 1.2819845749462782e-02,
          7.3623477541284399e-02, -2.5578531554291771e-04,
          2.2158909490899006e-02, 1.7907076175132857e-02,
          5.7969243699436540e-03, 2.5373335429978812e-03,
          1.7770892532562735e-03, 3.1434907801510636e-03,
          -8.7859852338540410e-04, -1.6339903874817883e-03,
          -2.5578531554291798e-04, 3.6025960300103965e-02,
          -1.6748707101064161e-04, -1.1181438791801805e-02,
          -1.4847526167794568e-02, 1.9903672142096668e-04,
          -1.1020059579238633e-02, 2.7914534640334138e-02,
          -1.6124446258588186e-02, 7.9574992707602248e-03,
          2.2158909490899003e-02, -1.6748707101064153e-04,
          2.3329658319838964e-02, 8.2776748668924698e-03,
          2.6302215536819443e-03, 3.7538042046607111e-04,
          -4.5258375389309715e-03, 2.0337043848466733e-02,
          -8.9741985405450732e-03, 7.8312512465169622e-03,
          1.7907076175132861e-02, -1.1181438791801803e-02,
          8.2776748668924732e-03, 1.4215433642156616e-01,
          6.5929166361866076e-03, 8.2209788637517512e-04,
          1.0921467870216138e-02, 3.3572273859583876e-02,
          -6.9088193480737504e-03, 5.1714158826152634e-04,
          5.7969243699436531e-03, -1.4847526167794571e-02,
          2.6302215536819452e-03, 6.5929166361866102e-03,
          8.9624576293487274e-02, 1.9881994861114306e-03,
          1.8499447737942692e-03, 1.5323631675168229e-02,
          -2.3535445704486722e-03, 2.9952684189125584e-03,
          2.5373335429978820e-03, 1.9903672142096668e-04,
          3.7538042046607106e-04, 8.2209788637517523e-04,
          1.9881994861114306e-03, 1.0260834571679247e-02 ]
   - !!opencv-matrix
      rows: 10
      cols: 10
