%YAML:1.0
---
groups:
   - intact
   - CD19
   - blast
intactGmmnames:
   - "intact.2016-5360.0"
   - "intact.2016-5360.1"
   - "intact.2016-5360.2"
   - "intact.2016-5360.3"
   - "intact.2016-5360.4"
intactLabels:
   - FSC-A
   - SSC-A
   - SY41
   - CD19
   - CD10
   - CD20
   - CD45
   - CD34
   - CD38
   - CD58
intactMu: !!opencv-matrix
   rows: 5
   cols: 10
   dt: d
   data: [ 8.6948441529593912e-01, 2.6150759673967833e-01,
       3.7098502248047742e+00, 1.4119759497605167e+00,
       1.4177961918776394e+00, 1.1089562212059054e+00,
       3.6021348932542279e+00, 1.4929629552343398e+00,
       1.8367178649717777e+00, 1.1170078507818508e+00,
       9.7706206137277074e-01, 3.9735540740655151e-01,
       3.3004888529457097e+00, 1.2266487661231766e+00,
       1.5241841179344888e+00, 1.1365562264445679e+00,
       1.6229687585846626e+00, 1.0916122677117848e+00,
       1.4751074700101754e+00, 2.2422928042024961e+00,
       1.7219230181838547e+00, 1.9110127384968238e+00,
       3.2777534324428932e+00, 1.7149868991657711e+00,
       2.0761075186413427e+00, 1.4324686415973651e+00,
       2.8955248358448564e+00, 1.9259711399184141e+00,
       1.8668165289300971e+00, 1.8542115499672269e+00,
       1.2193707993605059e+00, 4.7031373871195042e-01,
       3.3337173208546780e+00, 1.5381994610735419e+00,
       1.4483011356968185e+00, 1.1423098394839688e+00,
       3.7509368209597658e+00, 1.6349322324518090e+00,
       2.1106533105937553e+00, 1.6056518615189128e+00,
       8.8805973985312570e-01, 2.6663411787568109e-01,
       3.2130172990935466e+00, 1.4206524868550441e+00,
       1.4172200269541035e+00, 1.1025352316641808e+00,
       3.6182224264684435e+00, 1.5154212724812097e+00,
       1.7825456924758334e+00, 1.1352219293244881e+00 ]
intactSigma:
   - !!opencv-matrix
      rows: 10
      cols: 10
      dt: d
      data: [ 2.7313204508781587e-02, 9.5438291893036673e-04,
          -6.7364401733874500e-03, 1.1811647511261163e-03,
          -7.4865354966133183e-05, -5.5496090288353721e-04,
          9.3458014949386646e-04, 2.4927088942554477e-04,
          5.4251920996824045e-05, 1.1188930134676234e-03,
          9.5438291893036652e-04, 4.7685942586874475e-03,
          9.3170978811841360e-04, 2.2240473299993788e-03,
          4.9898056521251709e-04, 1.3287645564671927e-05,
          2.3683103979780925e-03, 2.8843380088108958e-03,
          -3.8938741875904331e-03, 1.5266038417264566e-02,
          -6.7364401733874500e-03, 9.3170978811841316e-04,
          1.1495395344927649e-02, 5.6560903248095565e-04,
          2.0495816949183982e-04, 1.8623577376419950e-04,
          5.5894850801036357e-04, 1.7289903279981466e-03,
          -1.7838702981097302e-03, 3.1419352134181115e-03,
          1.1811647511261157e-03, 2.2240473299993792e-03,
          5.6560903248095565e-04, 2.6931751896405242e-02,
          3.7234478062106473e-04, -3.3373627848980350e-03,
          1.7790332560168869e-03, 5.9472564253903095e-03,
          -4.4688724078803714e-03, 6.3260113856609028e-03,
          -7.4865354966133183e-05, 4.9898056521251730e-04,
          2.0495816949183982e-04, 3.7234478062106506e-04,
          5.1783282277695786e-03, 2.4377297231481502e-04,
          2.4183625215885157e-04, -6.6374313695330986e-04,
          -1.1730315443255117e-03, 2.8663233164371582e-03,
          -5.5496090288353721e-04, 1.3287645564672028e-05,
          1.8623577376419942e-04, -3.3373627848980350e-03,
          2.4377297231481496e-04, 4.0857776608622096e-02,
          4.8111566498582264e-05, -1.2321991689110381e-02,
          -7.8758847842162281e-03, -1.1595788291785388e-05,
          9.3458014949386603e-04, 2.3683103979780925e-03,
          5.5894850801036368e-04, 1.7790332560168871e-03,
          2.4183625215885149e-04, 4.8111566498582209e-05,
          6.3877112574857696e-03, 1.0721803479188138e-03,
          -4.1661877897479953e-03, 6.4659706975483131e-03,
          2.4927088942554461e-04, 2.8843380088108958e-03,
          1.7289903279981463e-03, 5.9472564253903112e-03,
          -6.6374313695330965e-04, -1.2321991689110384e-02,
          1.0721803479188143e-03, 1.4640849127970063e-01,
          4.4102431289102107e-04, 8.3157630850295601e-03,
          5.4251920996824005e-05, -3.8938741875904331e-03,
          -1.7838702981097297e-03, -4.4688724078803723e-03,
          -1.1730315443255117e-03, -7.8758847842162263e-03,
          -4.1661877897479953e-03, 4.4102431289102118e-04,
          7.2452698441553054e-02, -1.5807265136072158e-02,
          1.1188930134676230e-03, 1.5266038417264566e-02,
          3.1419352134181115e-03, 6.3260113856609002e-03,
          2.8663233164371582e-03, -1.1595788291784948e-05,
          6.4659706975483131e-03, 8.3157630850295601e-03,
          -1.5807265136072161e-02, 1.5112066851810968e-01 ]
   - !!opencv-matrix
      rows: 10
      cols: 10
      dt: d
      data: [ 6.8330349849313701e-02, 2.2205245724515467e-02,
          1.6028505548482744e-02, 5.3191429639243698e-03,
          5.7710249991942105e-03, 1.8890632766000574e-03,
          1.2891256152548271e-02, 7.1920937132919612e-03,
          9.1170296197571193e-03, 2.1964009542359178e-02,
          2.2205245724515467e-02, 1.6444471712336057e-02,
          1.0345771953990232e-02, 3.6814983689721801e-03,
          3.9855069860095611e-03, 1.3858051776199005e-03,
          9.4532178293403116e-03, 5.2528114915578131e-03,
          6.6118737154850773e-03, 1.5698738556038969e-02,
          1.6028505548482747e-02, 1.0345771953990232e-02,
          1.8420593892311377e-01, -2.0120871462831079e-04,
          2.2927444271370204e-03, 1.2573168517557528e-03,
          1.2606530463349655e-02, 7.3685641029180744e-03,
          9.8167440972753723e-03, 1.8812925503307681e-02,
          5.3191429639243681e-03, 3.6814983689721801e-03,
          -2.0120871462831060e-04, 7.7617616566494499e-03,
          1.0922003346674493e-03, -1.5375062059230290e-03,
          1.6362759664990680e-03, 1.8805131433052413e-03,
          1.0265847099300053e-03, 2.9088570179039396e-03,
          5.7710249991942096e-03, 3.9855069860095611e-03,
          2.2927444271370213e-03, 1.0922003346674498e-03,
          1.4769055290496373e-02, 4.8817986902325742e-04,
          1.6271079156427270e-03, 9.4952852679280333e-04,
          3.3705893925950773e-03, 6.9559374123367053e-03,
          1.8890632766000585e-03, 1.3858051776198998e-03,
          1.2573168517557535e-03, -1.5375062059230285e-03,
          4.8817986902325748e-04, 2.4370255120985319e-02,
          2.3810981022330123e-03, -2.1646672632758390e-03,
          -2.4414968813498200e-03, 1.4891948439381434e-03,
          1.2891256152548266e-02, 9.4532178293403116e-03,
          1.2606530463349655e-02, 1.6362759664990680e-03,
          1.6271079156427277e-03, 2.3810981022330123e-03,
          3.8249469790348420e-02, 3.8621146811139285e-03,
          1.2677681280798301e-02, 1.4209976834639541e-02,
          7.1920937132919655e-03, 5.2528114915578131e-03,
          7.3685641029180744e-03, 1.8805131433052413e-03,
          9.4952852679280376e-04, -2.1646672632758381e-03,
          3.8621146811139285e-03, 4.7798985052002654e-02,
          4.5744041508533548e-03, 5.0328823720107770e-03,
          9.1170296197571211e-03, 6.6118737154850773e-03,
          9.8167440972753723e-03, 1.0265847099300051e-03,
          3.3705893925950773e-03, -2.4414968813498200e-03,
          1.2677681280798303e-02, 4.5744041508533548e-03,
          1.5840110333729712e-02, 9.0818941178027954e-03,
          2.1964009542359175e-02, 1.5698738556038969e-02,
          1.8812925503307678e-02, 2.9088570179039396e-03,
          6.9559374123367053e-03, 1.4891948439381434e-03,
          1.4209976834639542e-02, 5.0328823720107762e-03,
          9.0818941178027971e-03, 5.0484738110362130e-02 ]
   - !!opencv-matrix
      rows: 10
      cols: 10
      dt: d
