%YAML:1.0
---
groups:
   - intact
   - CD19
   - blast
intactGmmnames:
   - "intact.2016-0984.0"
   - "intact.2016-0984.1"
   - "intact.2016-0984.2"
   - "intact.2016-0984.3"
   - "intact.2016-0984.4"
intactLabels:
   - FSC-A
   - SSC-A
   - SY41
   - CD19
   - CD10
   - CD20
   - CD45
   - CD34
   - CD38
   - CD58
intactMu: !!opencv-matrix
   rows: 5
   cols: 10
   dt: d
   data: [ 6.2372328725874226e-01, 3.8706609933077724e-01,
       3.5355965474145870e+00, 1.1403396849446852e+00,
       1.1472386884622094e+00, 1.1293470319624823e+00,
       1.3668285236506790e+00, 1.0034251699436867e+00,
       1.4322569245347918e+00, 2.2822593955897488e+00,
       6.5502145481100116e-01, 4.1913685644318593e-01,
       3.3882239330794897e+00, 1.2923616294983944e+00,
       1.0709950823621168e+00, 1.1130578850546220e+00,
       3.5130158796628934e+00, 1.6890219002211635e+00,
       1.6397577944897967e+00, 1.1177590874083614e+00,
       4.2903589397760039e-01, 2.4206302916357550e-01,
       3.4314018001733992e+00, 1.1980619652464899e+00,
       1.0594707020665042e+00, 1.1117946717514595e+00,
       3.3514406161208217e+00, 1.5329289047202019e+00,
       1.5209118495909648e+00, 8.6361291444933042e-01,
       8.4257747071116074e-01, 7.7945787821838108e-01,
       3.5217320736344817e+00, 1.3919480766817238e+00,
       1.2494453135087717e+00, 1.1828118505117602e+00,
       2.1397453815427889e+00, 1.3479078816815555e+00,
       1.4596668781937412e+00, 1.6755246590073483e+00,
       2.0367580757066182e+00, 1.7645899916597982e+00,
       3.3477036064750014e+00, 1.6857778342288798e+00,
       1.7705418344621049e+00, 1.3689300873723040e+00,
       3.0185178590206547e+00, 1.5405882478354060e+00,
       1.5600978845048068e+00, 1.7723271935611118e+00 ]
intactSigma:
   - !!opencv-matrix
      rows: 10
      cols: 10
      dt: d
      data: [ 6.3311320488172687e-02, 1.0489193689957228e-02,
          -8.9265284656276831e-04, 3.7322841677334879e-03,
          4.2426142985002805e-03, 2.0558483324226520e-04,
          1.8886064368098570e-02, 3.3885440569064030e-03,
          8.8653928618270740e-04, 2.4747140361077110e-02,
          1.0489193689957228e-02, 2.0341857723299269e-02,
          9.4258653495063391e-03, 5.8060743103347402e-03,
          3.6413414450089101e-03, 9.2449446883772726e-05,
          1.3454915781264658e-02, 3.9375325457998009e-03,
          3.0191175335417389e-04, 1.5669542798742324e-02,
          -8.9265284656276831e-04, 9.4258653495063391e-03,
          4.5090140805465626e-02, 1.0051962866042389e-03,
          1.4697363660544761e-03, -4.7312930781303014e-04,
          2.6875608946203798e-03, 3.5675006246627355e-04,
          -8.1278583995784033e-06, 6.7828317258832463e-03,
          3.7322841677334862e-03, 5.8060743103347402e-03,
          1.0051962866042387e-03, 1.3030252668198900e-02,
          1.3797236036983125e-03, -1.4751881872233088e-03,
          2.7160270707606037e-03, 2.3331319628714787e-03,
          -5.6260114256041500e-04, 4.3875828356044278e-03,
          4.2426142985002814e-03, 3.6413414450089101e-03,
          1.4697363660544768e-03, 1.3797236036983127e-03,
          7.6081440311209544e-02, 2.4592273784580348e-04,
          -2.3664544703671648e-02, -2.6682753981340204e-03,
          3.6618248698486064e-04, 5.1948124924683222e-03,
          2.0558483324226504e-04, 9.2449446883772766e-05,
          -4.7312930781303014e-04, -1.4751881872233088e-03,
          2.4592273784580348e-04, 1.3990902326415434e-02,
          6.1142985053785654e-04, -2.4264418046942874e-03,
          -1.4000947303007293e-03, -6.2998342131673412e-06,
          1.8886064368098570e-02, 1.3454915781264658e-02,
          2.6875608946203794e-03, 2.7160270707606055e-03,
          -2.3664544703671648e-02, 6.1142985053785697e-04,
          1.2588474998210583e-01, 3.1585438938802959e-04,
          2.5864799844616578e-04, 2.2381560979657013e-02,
          3.3885440569064030e-03, 3.9375325457998000e-03,
          3.5675006246627339e-04, 2.3331319628714792e-03,
          -2.6682753981340204e-03, -2.4264418046942879e-03,
          3.1585438938802932e-04, 8.8634734327272688e-02,
          3.4809996512493558e-04, 3.1160007040426283e-03,
          8.8653928618270740e-04, 3.0191175335417383e-04,
          -8.1278583995783474e-06, -5.6260114256041522e-04,
          3.6618248698486048e-04, -1.4000947303007293e-03,
          2.5864799844616568e-04, 3.4809996512493590e-04,
          9.5089639285003680e-04, 6.8192864163290864e-04,
          2.4747140361077110e-02, 1.5669542798742324e-02,
          6.7828317258832463e-03, 4.3875828356044278e-03,
          5.1948124924683222e-03, -6.2998342131673853e-06,
          2.2381560979657010e-02, 3.1160007040426283e-03,
          6.8192864163290864e-04, 4.0148764210790708e-02 ]
   - !!opencv-matrix
      rows: 10
      cols: 10
      dt: d
      data: [ 6.8142658506183798e-02, -6.1958693279456469e-03,
          -1.3272972665936876e-02, 2.9340342896395488e-03,
          1.6205313591633335e-03, -1.7050583469117168e-03,
          1.4724959015444556e-02, 2.1132714160167276e-02,
          -2.8116444986956484e-03, 2.3813412622182163e-02,
          -6.1958693279456486e-03, 3.4874254994551941e-02,
          5.6761139753770057e-03, 1.1080884602699055e-02,
          1.4134721029714443e-03, -9.4503304091691321e-05,
          -4.5706851375564373e-03, -2.7327919851089655e-04,
          -4.0810612651548958e-03, 4.3848437918870076e-03,
          -1.3272972665936876e-02, 5.6761139753770048e-03,
          1.1685494216625210e-02, 1.6489297838819189e-03,
          1.0384908814719668e-03, 8.9097048996558475e-04,
          -4.2285744878551527e-03, -2.9279646875870580e-03,
          -3.4094649509202059e-03, -4.2093324643355125e-05,
          2.9340342896395488e-03, 1.1080884602699057e-02,
          1.6489297838819187e-03, 4.5804704782380606e-02,
          1.8864351856618751e-03, -3.1700246713638621e-03,
          2.4920023353549874e-03, 1.2417982015784517e-02,
          -2.9671288532484652e-03, 9.6110526215507624e-03,
          1.6205313591633351e-03, 1.4134721029714439e-03,
          1.0384908814719668e-03, 1.8864351856618742e-03,
          4.2104175229256927e-02, 7.6189843060626354e-04,
          5.9871047606878359e-04, -4.2907760472038606e-04,
          3.4944795613508692e-04, 6.9384610336591032e-03,
          -1.7050583469117163e-03, -9.4503304091691443e-05,
          8.9097048996558432e-04, -3.1700246713638621e-03,
          7.6189843060626354e-04, 2.8525295198447161e-02,
          -1.8933091941625753e-03, -8.9484440207860116e-03,
          -6.2470886698770918e-03, 9.1644718391368683e-04,
          1.4724959015444556e-02, -4.5706851375564381e-03,
          -4.2285744878551527e-03, 2.4920023353549874e-03,
          5.9871047606878381e-04, -1.8933091941625753e-03,
          2.2491296340732901e-02, 1.9133277167856441e-02,
          2.6468462304247591e-03, 1.4833209448581771e-02,
          2.1132714160167276e-02, -2.7327919851089644e-04,
          -2.9279646875870584e-03, 1.2417982015784521e-02,
          -4.2907760472038633e-04, -8.9484440207860134e-03,
          1.9133277167856441e-02, 2.0220333935482865e-01,
          6.7063400391969043e-03, 2.9757662720914874e-02,
          -2.8116444986956484e-03, -4.0810612651548958e-03,
          -3.4094649509202059e-03, -2.9671288532484644e-03,
          3.4944795613508746e-04, -6.2470886698770935e-03,
          2.6468462304247583e-03, 6.7063400391969043e-03,
          5.7380860677961186e-02, 1.5484801351544956e-02,
          2.3813412622182159e-02, 4.3848437918870076e-03,
          -4.2093324643355077e-05, 9.6110526215507606e-03,
          6.9384610336591050e-03, 9.1644718391368683e-04,
          1.4833209448581771e-02, 2.9757662720914877e-02,
          1.5484801351544956e-02, 1.7635690944190544e-01 ]
   - !!opencv-matrix
      rows: 10
      cols: 10
      dt: d
