%YAML:1.0
---
groups:
   - intact
   - CD19
   - blast
intactGmmnames:
   - "intact.2016-4915.0"
   - "intact.2016-4915.1"
   - "intact.2016-4915.2"
   - "intact.2016-4915.3"
   - "intact.2016-4915.4"
intactLabels:
   - FSC-A
   - SSC-A
   - SY41
   - CD19
   - CD10
   - CD20
   - CD45
   - CD34
   - CD38
   - CD58
intactMu: !!opencv-matrix
   rows: 5
   cols: 10
   dt: d
   data: [ 1.2035265339623087e+00, 3.3471360196788019e-01,
       3.2759297309632478e+00, 1.4435489132117874e+00,
       1.1596113288281933e+00, 9.9016796295718412e-01,
       3.6912933584741481e+00, 1.4518036936854366e+00,
       1.9572520816318792e+00, 8.4616603247394695e-01,
       1.3608009667424046e+00, 4.6839735897870655e-01,
       3.0558609380018491e+00, 1.5579678842547593e+00,
       1.2100081811126775e+00, 9.6772933861540689e-01,
       3.8500646961725011e+00, 1.5952717053233920e+00,
       1.8037282466857691e+00, 1.5843413420891403e+00,
       1.2067758107374051e+00, 3.7115434382215190e-01,
       3.1771468447250442e+00, 1.2240399655986047e+00,
       1.2960811873985139e+00, 1.0373895894039868e+00,
       1.5555595175305861e+00, 1.0843196732100318e+00,
       1.2648024273576515e+00, 2.3205541564222041e+00,
       2.4465221747361254e+00, 3.0721451905912143e+00,
       3.3350116018554514e+00, 1.7931787724756283e+00,
       1.7674796250529561e+00, 1.1313477097198759e+00,
       2.7579457752962968e+00, 1.3253706739287641e+00,
       2.0190085493208563e+00, 2.2649336811988934e+00,
       1.4965293229575667e+00, 6.3758187439904090e-01,
       3.1118547026123884e+00, 1.5332796013374574e+00,
       1.2245621714283572e+00, 1.1147355377441290e+00,
       3.7266556689062234e+00, 1.5417486478772608e+00,
       2.6514279147628885e+00, 1.5285748103250336e+00 ]
intactSigma:
   - !!opencv-matrix
      rows: 10
      cols: 10
      dt: d
      data: [ 2.4330370389502712e-02, 3.1309336435259569e-04,
          -2.2613887617399784e-03, 5.2127836924772877e-04,
          -4.0318802695581818e-04, -2.1475907230057018e-04,
          6.6919583207180982e-04, 3.2110090635980329e-04,
          6.1190705924836410e-03, -1.9154184816760197e-03,
          3.1309336435259559e-04, 4.7191950483579720e-03,
          -2.1610343268810370e-03, 2.1465384461281790e-03,
          2.0476824530573905e-04, -4.1855155498465998e-04,
          2.6479905229420883e-03, 2.2220981088222676e-03,
          -1.4154076046259819e-03, 4.0010844788282048e-03,
          -2.2613887617399784e-03, -2.1610343268810370e-03,
          1.4173370837003305e-02, -1.6437419344429176e-03,
          3.8152540013760493e-04, 4.7483749351646129e-04,
          -2.7878714217912564e-03, -2.0943113364697121e-03,
          -2.1691926087033567e-03, 1.6651765648331262e-04,
          5.2127836924772887e-04, 2.1465384461281790e-03,
          -1.6437419344429184e-03, 2.6484220209442081e-02,
          5.8039113797922384e-04, -4.5354277771959715e-03,
          2.3022377421915412e-03, 6.1946127998880312e-03,
          -3.0412795940244885e-03, 2.5838761634913287e-03,
          -4.0318802695581851e-04, 2.0476824530573897e-04,
          3.8152540013760487e-04, 5.8039113797922405e-04,
          1.0722936914930506e-01, -1.9100291017150512e-04,
          -3.8281703727078348e-05, -4.4480788191345990e-03,
          -3.7146141918979548e-03, 1.1614471890319020e-03,
          -2.1475907230056982e-04, -4.1855155498465976e-04,
          4.7483749351646151e-04, -4.5354277771959698e-03,
          -1.9100291017150466e-04, 6.4093282601700219e-02,
          -4.1746347467591047e-04, -1.8495288458685907e-02,
          -1.4729224763788218e-02, -1.3819755214235930e-03,
          6.6919583207181014e-04, 2.6479905229420887e-03,
          -2.7878714217912564e-03, 2.3022377421915412e-03,
          -3.8281703727078240e-05, -4.1746347467591047e-04,
          7.2394038166215015e-03, 2.3633674257337077e-03,
          1.3383067064580061e-03, 3.6346279771634444e-03,
          3.2110090635980383e-04, 2.2220981088222685e-03,
          -2.0943113364697125e-03, 6.1946127998880329e-03,
          -4.4480788191345990e-03, -1.8495288458685907e-02,
          2.3633674257337086e-03, 1.6296062395468675e-01,
          9.7771210292219805e-03, 3.6601444231313413e-03,
          6.1190705924836436e-03, -1.4154076046259826e-03,
          -2.1691926087033563e-03, -3.0412795940244898e-03,
          -3.7146141918979556e-03, -1.4729224763788219e-02,
          1.3383067064580059e-03, 9.7771210292219805e-03,
          1.8770755850525325e-01, -2.1215210868354439e-02,
          -1.9154184816760197e-03, 4.0010844788282048e-03,
          1.6651765648331259e-04, 2.5838761634913296e-03,
          1.1614471890319018e-03, -1.3819755214235930e-03,
          3.6346279771634453e-03, 3.6601444231313413e-03,
          -2.1215210868354453e-02, 6.2856485408221210e-02 ]
   - !!opencv-matrix
      rows: 10
      cols: 10
      dt: d
      data: [ 4.7792714954405791e-02, 6.2834803327507958e-03,
          -1.0595921098960626e-02, 3.6828213098988555e-03,
          -3.9306897442571297e-04, -9.0763533212408611e-04,
          3.5747567771732564e-03, 5.1161343170926165e-03,
          8.0049539172289512e-03, 4.1472303082076703e-03,
          6.2834803327507949e-03, 8.3476857729613170e-03,
          -4.4697161371290107e-03, 4.3450539142050786e-03,
          1.4077110301735942e-03, -1.0709933289469152e-03,
          4.5396701385178049e-03, 5.5063796609583909e-03,
          1.1284601258028057e-02, 8.7619167257627674e-03,
          -1.0595921098960626e-02, -4.4697161371290107e-03,
          3.6513913601490269e-02, -4.1307214625041291e-03,
          1.0222765997239904e-03, 1.0033795424000272e-03,
          -5.5180910732188738e-03, -6.1522623137644670e-03,
          -1.1486452555989318e-02, -4.7748605998545208e-03,
          3.6828213098988568e-03, 4.3450539142050786e-03,
          -4.1307214625041291e-03, 3.5911417517276896e-02,
          7.7740621751936625e-04, -4.9101679771763546e-03,
          6.3495349912431383e-03, 1.1884176908251059e-02,
          5.8313930908485516e-03, 4.0426919813537901e-03,
          -3.9306897442571275e-04, 1.4077110301735937e-03,
          1.0222765997239900e-03, 7.7740621751936647e-04,
          1.1888086256786726e-01, -3.1136131638846720e-04,
          -1.2910950061755549e-04, -3.7240153165849985e-03,
          -8.4385182702899670e-05, 3.0985379559444900e-03,
          -9.0763533212408632e-04, -1.0709933289469150e-03,
          1.0033795424000277e-03, -4.9101679771763537e-03,
          -3.1136131638846644e-04, 6.8064832387679408e-02,
          -6.6537531061424012e-04, -2.2321640420623075e-02,
          -3.2771149355505083e-02, -1.9852272067966978e-03,
          3.5747567771732564e-03, 4.5396701385178049e-03,
          -5.5180910732188738e-03, 6.3495349912431383e-03,
          -1.2910950061755549e-04, -6.6537531061423990e-04,
          1.1264394900261361e-02, 8.8805492686383925e-03,
          1.5607785046198449e-02, 4.3730452395185472e-03,
          5.1161343170926148e-03, 5.5063796609583935e-03,
          -6.1522623137644644e-03, 1.1884176908251059e-02,
          -3.7240153165849976e-03, -2.2321640420623075e-02,
          8.8805492686383908e-03, 1.8373378409161453e-01,
          3.0396860023907703e-02, 6.2064639433693112e-03,
          8.0049539172289547e-03, 1.1284601258028061e-02,
          -1.1486452555989318e-02, 5.8313930908485473e-03,
          -8.4385182702897529e-05, -3.2771149355505083e-02,
          1.5607785046198449e-02, 3.0396860023907703e-02,
          2.4415281828172530e-01, 1.1348362014368915e-02,
          4.1472303082076738e-03, 8.7619167257627674e-03,
          -4.7748605998545190e-03, 4.0426919813537901e-03,
          3.0985379559444895e-03, -1.9852272067966970e-03,
          4.3730452395185472e-03, 6.2064639433693112e-03,
          1.1348362014368915e-02, 6.0714591305617474e-02 ]
   - !!opencv-matrix
      rows: 10
      cols: 10
      dt: d
      data: [ 6.7286595822650647e-02, 1.5274348456862201e-02,
          1.2618313885801149e-02, 3.6264060994952553e-03,
          1.0199426035706912e-02, 2.2956044891353698e-05,
          1.2929418965063073e-02, 4.1202061347420139e-03,
          8.0823449938757820e-03, 1.4574527217363149e-02,
          1.5274348456862201e-02, 1.2338989142573784e-02,
          8.6898279778712135e-03, 2.7979893960712429e-03,
          6.7441444726327278e-03, 1.8391519753706764e-04,
          1.3233045142887105e-02, 3.5899984736348137e-03,
          9.4130816492795644e-03, 1.0038398911764036e-02,
          1.2618313885801149e-02, 8.6898279778712135e-03,
          6.6178759536453274e-02, 1.8845722441452404e-03,
          9.7379178780160093e-03, 9.7403939142927832e-04,
          1.3620918712189591e-02, 4.9855890938821255e-03,
          1.0290696383192920e-02, 1.3312622156494919e-02,
          3.6264060994952553e-03, 2.7979893960712429e-03,
          1.8845722441452400e-03, 5.6955736135170252e-03,
          1.6626060437390166e-03, -2.0921537058278352e-03,
          7.4821522759099769e-04, 1.1846171198062778e-03,
          3.7319824244449676e-04, 2.0578317611707961e-03,
          1.0199426035706916e-02, 6.7441444726327269e-03,
          9.7379178780160128e-03, 1.6626060437390168e-03,
          1.2963013489402070e-01, 1.0366049707144561e-03,
          -2.6039171699039361e-02, -7.0053847648576166e-04,
          9.4068706336235697e-03, 9.2867994669441362e-03,
          2.2956044891354053e-05, 1.8391519753706815e-04,
          9.7403939142927832e-04, -2.0921537058278357e-03,
          1.0366049707144563e-03, 3.6491394192194215e-02,
          3.0282123067501662e-03, -3.9818365192976482e-03,
          -9.4526258670730237e-03, 8.2291279272442394e-04,
          1.2929418965063073e-02, 1.3233045142887107e-02,
          1.3620918712189591e-02, 7.4821522759099758e-04,
          -2.6039171699039364e-02, 3.0282123067501662e-03,
          2.2372441225008344e-01, 5.2687734745741734e-03,
          6.4340021004749240e-02, 2.2888146306782872e-02,
          4.1202061347420131e-03, 3.5899984736348137e-03,
          4.9855890938821255e-03, 1.1846171198062778e-03,
          -7.0053847648576112e-04, -3.9818365192976464e-03,
          5.2687734745741760e-03, 4.5463866304493970e-02,
          1.1174314742699204e-02, 4.8305347542555782e-03,
          8.0823449938757820e-03, 9.4130816492795644e-03,
          1.0290696383192926e-02, 3.7319824244449654e-04,
          9.4068706336235697e-03, -9.4526258670730220e-03,
          6.4340021004749254e-02, 1.1174314742699202e-02,
          1.0015165590169285e-01, 1.5320085521888944e-02,
          1.4574527217363149e-02, 1.0038398911764033e-02,
          1.3312622156494921e-02, 2.0578317611707956e-03,
          9.2867994669441345e-03, 8.2291279272442416e-04,
          2.2888146306782872e-02, 4.8305347542555773e-03,
          1.5320085521888944e-02, 2.5956476393983682e-02 ]
   - !!opencv-matrix
      rows: 10
      cols: 10
      dt: d
      data: [ 2.9726839299742186e-01, 3.3666401832998860e-01,
          1.7222147547976664e-02, 6.2244313204556333e-02,
          5.3760570155812551e-02, -9.4761424742172209e-03,
          5.8075758254919306e-03, -3.0424554061811278e-02,
          -1.6514711543360338e-03, 1.8484255318645396e-02,
          3.3666401832998849e-01, 9.6359921451535702e-01,
          3.8439138115013705e-02, 1.6854588725592154e-01,
          1.6990169172793423e-01, -5.1519552373896625e-02,
          9.1531392111021802e-03, -1.2582303630418420e-01,
          -5.6672021853716392e-02, 3.2429993905532480e-02,
          1.7222147547976668e-02, 3.8439138115013705e-02,
          4.5572994478758601e-02, 7.8861190949036496e-03,
          1.3033391117495484e-02, -3.1066064744410845e-03,
          2.9076346495105368e-05, -1.1549113827918048e-02,
          6.1841416162034752e-03, 3.4804847088321955e-03,
          6.2244313204556333e-02, 1.6854588725592154e-01,
          7.8861190949036496e-03, 4.8179580257423062e-02,
          3.2265732624395735e-02, -6.3132698129052586e-03,
          7.7828268505066656e-03, -1.7464240717263754e-02,
          -8.6061893636211195e-03, 4.9855373195743409e-03,
          5.3760570155812551e-02, 1.6990169172793423e-01,
          1.3033391117495487e-02, 3.2265732624395735e-02,
          2.1477271472546136e-01, -6.1237949938407320e-03,
          -9.7870390012490933e-04, -2.7127567884415147e-02,
          -2.3157964747926897e-02, 1.2799990427439069e-02,
          -9.4761424742172244e-03, -5.1519552373896639e-02,
          -3.1066064744410845e-03, -6.3132698129052586e-03,
          -6.1237949938407320e-03, 9.6179148310080453e-02,
          2.8043622676691436e-02, 2.9527987150160813e-02,
          2.2202319165896777e-02, 2.7932627811351959e-03,
          5.8075758254919289e-03, 9.1531392111021802e-03,
          2.9076346495105459e-05, 7.7828268505066656e-03,
          -9.7870390012490868e-04, 2.8043622676691436e-02,
          1.2514650867472296e-01, 4.9376966399636880e-02,
          8.8613118961322776e-02, 1.4392599763393684e-02,
          -3.0424554061811278e-02, -1.2582303630418420e-01,
          -1.1549113827918048e-02, -1.7464240717263754e-02,
          -2.7127567884415147e-02, 2.9527987150160813e-02,
          4.9376966399636880e-02, 1.5891370249426198e-01,
          6.6765390741759426e-02, 4.7122778526234553e-03,
          -1.6514711543360329e-03, -5.6672021853716392e-02,
          6.1841416162034734e-03, -8.6061893636211195e-03,
          -2.3157964747926897e-02, 2.2202319165896777e-02,
          8.8613118961322776e-02, 6.6765390741759426e-02,
          2.0561032428994488e-01, 1.6013504903245341e-02,
          1.8484255318645396e-02, 3.2429993905532466e-02,
          3.4804847088321955e-03, 4.9855373195743409e-03,
          1.2799990427439069e-02, 2.7932627811351942e-03,
          1.4392599763393686e-02, 4.7122778526234553e-03,
          1.6013504903245337e-02, 3.4820496395027302e-02 ]
   - !!opencv-matrix
      rows: 10
      cols: 10
      dt: d
      data: [ 1.4836851238259555e-01, 4.7490341360727495e-03,
          -8.3559430591420066e-03, 1.6570110893790697e-02,
          7.7997341236330691e-03, 5.8079785395067345e-03,
          1.2386607174298542e-02, 1.3137477503556568e-02,
          3.4828841640705627e-02, 5.6619473819138379e-02,
          4.7490341360727512e-03, 3.7526389337175801e-02,
          6.9659293135079922e-03, 1.5882705583642173e-02,
          8.0506142130394552e-03, -2.0678237863092624e-03,
          1.9106742942404079e-03, 4.8631132067018940e-03,
          -9.3144332327814439e-03, 4.2270467456902100e-03,
          -8.3559430591420066e-03, 6.9659293135079922e-03,
          4.7771092350937704e-02, 4.5213694333794841e-03,
          5.8185598479171281e-03, -3.4784542665867841e-03,
          -1.7843897337254994e-03, 1.6757353518054849e-03,
          -4.8650910014829379e-02, -3.0016827126673844e-02,
          1.6570110893790697e-02, 1.5882705583642173e-02,
          4.5213694333794841e-03, 6.5470749764817440e-02,
          1.1335736674368865e-02, 1.8524224573584710e-02,
          6.6588816124031388e-03, 8.6779747991313320e-03,
          -2.1814125395032812e-03, 7.7408859569774880e-03,
          7.7997341236330691e-03, 8.0506142130394535e-03,
          5.8185598479171298e-03, 1.1335736674368869e-02,
          1.4087930730146239e-01, 7.4928666539032414e-03,
          1.8333818730867358e-03, 4.7277802534494177e-03,
          6.5487982671544988e-03, 1.7577335779597754e-02,
          5.8079785395067328e-03, -2.0678237863092641e-03,
          -3.4784542665867836e-03, 1.8524224573584710e-02,
          7.4928666539032397e-03, 1.7709502647739236e-01,
          4.0383972050073757e-03, -1.4498588048239643e-02,
          1.9368816713925919e-02, 6.9511995736546706e-03,
          1.2386607174298542e-02, 1.9106742942404079e-03,
          -1.7843897337254994e-03, 6.6588816124031397e-03,
          1.8333818730867358e-03, 4.0383972050073765e-03,
          1.6573909201284202e-02, 8.7670046414904841e-03,
          1.2653506533437530e-02, 1.1360850777851752e-02,
          1.3137477503556573e-02, 4.8631132067018940e-03,
          1.6757353518054854e-03, 8.6779747991313320e-03,
          4.7277802534494186e-03, -1.4498588048239643e-02,
          8.7670046414904841e-03, 1.7378140506852358e-01,
          2.6121082797429151e-02, 2.0309446123714995e-02,
          3.4828841640705627e-02, -9.3144332327814404e-03,
          -4.8650910014829379e-02, -2.1814125395032812e-03,
          6.5487982671544971e-03, 1.9368816713925912e-02,
          1.2653506533437530e-02, 2.6121082797429151e-02,
          2.9770906436971578e-01, 1.2129251466576682e-01,
          5.6619473819138379e-02, 4.2270467456902100e-03,
          -3.0016827126673844e-02, 7.7408859569774915e-03,
          1.7577335779597754e-02, 6.9511995736546671e-03,
          1.1360850777851752e-02, 2.0309446123715002e-02,
          1.2129251466576679e-01, 1.6275738128338083e-01 ]
intactC: !!opencv-matrix
   rows: 1
   cols: 5
   dt: d
   data: [ 2.9471071284125350e-01, 2.2076679356617931e-01,
       1.2170106397041294e-01, 7.6235607062006341e-02,
       6.9697431176554442e-02 ]
intactNumEvents: 218272.
intactMaxVals: !!opencv-matrix
   rows: 1
   cols: 10
   dt: d
   data: [ 4.5000000000000000e+00, 4.5000000000000000e+00,
       4.5000000000000000e+00, 4.5000000000000000e+00,
       4.5000000000000000e+00, 4.5000000000000000e+00,
       4.5000000000000000e+00, 4.5000000000000000e+00,
       4.5000000000000000e+00, 4.5000000000000000e+00 ]
CD19Gmmnames:
   - "CD19.2016-4915.0"
   - "CD19.2016-4915.1"
CD19Labels:
   - FSC-A
   - SSC-A
   - SY41
   - CD19
   - CD10
   - CD20
   - CD45
   - CD34
   - CD38
   - CD58
CD19Mu: !!opencv-matrix
   rows: 2
   cols: 10
   dt: d
   data: [ 1.3022597317721145e+00, 3.1520456236012112e-01,
       3.0793360083196797e+00, 3.1733111262533376e+00,
       1.2924806503886306e+00, 2.9523602463716889e+00,
       3.6716188200116524e+00, 1.4265893486504551e+00,
       2.3415695004386397e+00, 9.9453511243801929e-01,
       1.5833487389304466e+00, 5.2647273411714557e-01,
       3.1291412447718199e+00, 3.1762103707443181e+00,
       1.2981241654827149e+00, 2.9038082710943089e+00,
       3.7174641297997546e+00, 1.4418209041043735e+00,
       2.3636080771332946e+00, 1.4599864491266596e+00 ]
CD19Sigma:
   - !!opencv-matrix
      rows: 10
      cols: 10
      dt: d
      data: [ 2.1682510327931896e-02, 3.1906419242685516e-03,
          -7.0235392544385879e-03, 1.4506564704426107e-03,
          6.0640993106446705e-03, 3.5121445527861524e-03,
          3.6499100184012637e-03, 2.6954485356675633e-03,
          2.1339621466305103e-03, 1.3562743876414360e-02,
          3.1906419242685516e-03, 4.2081302099028208e-03,
          -2.6670845088331372e-03, 1.3955371909888767e-03,
          3.0405949882284155e-03, 2.8693997055599615e-03,
          1.9624190903515222e-03, 1.2995805760123533e-03,
          1.2102444007305721e-03, 9.9552978750232050e-03,
          -7.0235392544385879e-03, -2.6670845088331372e-03,
          3.8899776878755135e-02, -4.7129145409266927e-03,
          -3.3741032589565431e-03, -5.7204577335040110e-03,
          -5.0985060042427017e-03, -3.2870392620667809e-03,
          -5.7141244379980711e-03, -7.5946486126012786e-03,
          1.4506564704426116e-03, 1.3955371909888769e-03,
          -4.7129145409266944e-03, 2.7070624944055835e-02,
          -2.8415030147212984e-03, 8.5057809926170902e-03,
          2.4913352120314565e-03, 1.3471116628595544e-03,
          1.5726633302092063e-02, -1.6135411077655725e-04,
          6.0640993106446705e-03, 3.0405949882284142e-03,
          -3.3741032589565401e-03, -2.8415030147212971e-03,
          1.8689303275803021e-01, 2.6709337283191917e-03,
          -1.1950078834122235e-03, -4.7226235698397739e-03,
          6.6815010915904968e-03, 1.2469507251159317e-02,
          3.5121445527861524e-03, 2.8693997055599615e-03,
          -5.7204577335040118e-03, 8.5057809926170902e-03,
          2.6709337283191917e-03, 4.4456942702037060e-02,
          3.9870129764130666e-03, -5.1794723142274329e-06,
          6.1793750440884898e-03, 2.4548236297258956e-03,
          3.6499100184012637e-03, 1.9624190903515222e-03,
          -5.0985060042427017e-03, 2.4913352120314565e-03,
          -1.1950078834122241e-03, 3.9870129764130674e-03,
          7.8895255438997305e-03, 3.0885160645145581e-03,
          3.2818069356249291e-03, 5.4836497010923805e-03,
          2.6954485356675642e-03, 1.2995805760123540e-03,
          -3.2870392620667804e-03, 1.3471116628595541e-03,
          -4.7226235698397748e-03, -5.1794723142277971e-06,
          3.0885160645145594e-03, 1.8986539504277986e-01,
          4.8487587277059657e-03, 4.7503518643441283e-03,
          2.1339621466305103e-03, 1.2102444007305716e-03,
          -5.7141244379980711e-03, 1.5726633302092067e-02,
          6.6815010915904959e-03, 6.1793750440884898e-03,
          3.2818069356249282e-03, 4.8487587277059648e-03,
          5.5629214926233538e-02, -3.6404792546748466e-03,
          1.3562743876414360e-02, 9.9552978750232050e-03,
          -7.5946486126012786e-03, -1.6135411077655685e-04,
          1.2469507251159320e-02, 2.4548236297258948e-03,
          5.4836497010923805e-03, 4.7503518643441274e-03,
          -3.6404792546748453e-03, 8.8895760244179042e-02 ]
   - !!opencv-matrix
      rows: 10
      cols: 10
      dt: d
      data: [ 2.8873457987975631e-01, 1.1123777855655128e-02,
          -1.5279947396849231e-02, 4.0912236654815193e-02,
          -1.0501765395161729e-03, 4.8987325313227248e-02,
          3.0569094268354188e-02, 1.2803043030348286e-02,
          6.8379330235437519e-02, 5.6568486954937262e-02,
          1.1123777855655128e-02, 4.4891507814018412e-02,
          1.8611293958597692e-02, 6.0913938438427557e-03,
          1.1408365163900277e-02, -4.0152870719270047e-02,
          1.0285131249272253e-02, 2.3425185033488918e-02,
          8.9578071332352377e-02, 4.3609634089591863e-02,
          -1.5279947396849231e-02, 1.8611293958597692e-02,
          5.4870928526780396e-02, -7.8124676280158529e-03,
          1.0685906318793268e-02, -3.4453287914342406e-02,
          -2.3809947913840611e-03, 1.4973792220445082e-02,
          4.5179410088196703e-02, 1.7022304633432801e-02,
          4.0912236654815193e-02, 6.0913938438427540e-03,
          -7.8124676280158529e-03, 1.0471788118704634e-01,
          -1.9467673227506709e-03, 1.3790765928839877e-01,
          6.5565373887624930e-03, -1.4847453571203924e-02,
          4.1961505633807031e-02, 1.1466135869270042e-02,
          -1.0501765395161740e-03, 1.1408365163900277e-02,
          1.0685906318793270e-02, -1.9467673227506724e-03,
          1.9364106416265869e-01, -1.0571470164197874e-02,
          -2.3177502096310243e-03, 6.1000024606623678e-03,
          2.6373055215166925e-02, 1.7513061134814115e-02,
          4.8987325313227248e-02, -4.0152870719270047e-02,
          -3.4453287914342406e-02, 1.3790765928839877e-01,
          -1.0571470164197875e-02, 5.2883692475467869e-01,
          3.2998868948221896e-03, -6.5188024552930920e-02,
          -1.2238267775675042e-01, -7.4179380915385368e-02,
          3.0569094268354188e-02, 1.0285131249272255e-02,
          -2.3809947913840616e-03, 6.5565373887624913e-03,
          -2.3177502096310234e-03, 3.2998868948221896e-03,
          2.4426547928908048e-02, 1.6177584783658310e-02,
          2.2211404339241521e-02, 2.2473424438623973e-02,
          1.2803043030348288e-02, 2.3425185033488914e-02,
          1.4973792220445082e-02, -1.4847453571203928e-02,
          6.1000024606623670e-03, -6.5188024552930920e-02,
          1.6177584783658310e-02, 2.4851092221015025e-01,
          5.8983390754695088e-02, 4.0312030081734472e-02,
          6.8379330235437519e-02, 8.9578071332352377e-02,
          4.5179410088196703e-02, 4.1961505633807031e-02,
          2.6373055215166925e-02, -1.2238267775675042e-01,
          2.2211404339241521e-02, 5.8983390754695088e-02,
          4.4713392238273597e-01, 1.5908103194182674e-01,
          5.6568486954937262e-02, 4.3609634089591863e-02,
          1.7022304633432801e-02, 1.1466135869270038e-02,
          1.7513061134814115e-02, -7.4179380915385368e-02,
          2.2473424438623973e-02, 4.0312030081734465e-02,
          1.5908103194182674e-01, 1.7134465103550789e-01 ]
CD19C: !!opencv-matrix
   rows: 1
   cols: 2
   dt: d
   data: [ 1.8624700164689198e-01, 3.0411771906876980e-02 ]
CD19NumEvents: 60388.
CD19MaxVals: !!opencv-matrix
   rows: 1
   cols: 10
   dt: d
   data: [ 4.5000000000000000e+00, 4.5000000000000000e+00,
       4.5000000000000000e+00, 4.5000000000000000e+00,
       4.5000000000000000e+00, 4.5000000000000000e+00,
       4.5000000000000000e+00, 4.5000000000000000e+00,
       4.5000000000000000e+00, 4.5000000000000000e+00 ]
blastGmmnames:
   - "blast.2016-4915.0"
blastLabels:
   - FSC-A
   - SSC-A
   - SY41
   - CD19
   - CD10
   - CD20
   - CD45
   - CD34
   - CD38
   - CD58
blastMu: !!opencv-matrix
   rows: 1
   cols: 10
   dt: d
   data: [ 1.6723482292145491e+00, 6.3389465864747763e-01,
       3.3053440935909748e+00, 3.5783579796552658e+00,
       3.7801581732928753e+00, 2.6912676710635424e+00,
       3.2602025941014290e+00, 1.9770243549719453e+00,
       3.1153887994587421e+00, 2.2374869082123041e+00 ]
blastSigma:
   - !!opencv-matrix
      rows: 10
      cols: 10
      dt: d
      data: [ 1.2389475409331190e-01, 4.8969737609815666e-03,
          -3.2517274367784084e-03, 2.8536742057899368e-03,
          1.5900235146244120e-02, 1.1304032297461297e-02,
          -5.9018525662265248e-03, 2.6398389310209592e-02,
          -2.3728871468867516e-02, 4.4296377100249973e-03,
          4.8969737609815666e-03, 2.3215204615876759e-02,
          3.4145959668393101e-04, 9.9507311880071957e-03,
          4.8540903689776888e-03, 2.2508879588781432e-02,
          -2.1786063169559776e-03, 1.1083805912053489e-02,
          -1.1585269661179387e-03, 6.2340983437680266e-03,
          -3.2517274367784084e-03, 3.4145959668393101e-04,
          2.3454448630462577e-02, -7.7478871690925179e-03,
          9.7442767241876765e-03, -6.6242141350143259e-03,
          -2.8709984955460946e-03, 3.0516811250642486e-03,
          1.2647049852213307e-03, 1.1590214120243878e-03,
          2.8536742057899368e-03, 9.9507311880071957e-03,
          -7.7478871690925179e-03, 2.8935380302268277e-02,
          6.5511479899915681e-05, -9.4770378982296077e-04,
          1.7336372191509547e-02, 3.8538677066853487e-03,
          6.4383922800260174e-03, 3.5881556636110645e-03,
          1.5900235146244120e-02, 4.8540903689776888e-03,
          9.7442767241876765e-03, 6.5511479899915681e-05,
          5.8958145328100092e-02, -5.0917528326342113e-03,
          2.7614272472519519e-03, 4.3095151345537201e-02,
          9.2777829418992028e-03, 1.5095100645929796e-02,
          1.1304032297461297e-02, 2.2508879588781432e-02,
          -6.6242141350143259e-03, -9.4770378982296077e-04,
          -5.0917528326342113e-03, 1.2851902759031886e-01,
          -2.1915613299233853e-02, 3.0455129734272357e-03,
          -1.6229602539273275e-02, 4.0755895643183399e-04,
          -5.9018525662265248e-03, -2.1786063169559776e-03,
          -2.8709984955460946e-03, 1.7336372191509547e-02,
          2.7614272472519519e-03, -2.1915613299233853e-02,
          3.8592413242414816e-02, -4.0611704417950062e-03,
          1.2828555895907652e-02, -3.7814842212111274e-03,
          2.6398389310209592e-02, 1.1083805912053489e-02,
          3.0516811250642486e-03, 3.8538677066853487e-03,
          4.3095151345537201e-02, 3.0455129734272357e-03,
          -4.0611704417950062e-03, 1.4808701855098150e-01,
          3.3151371543245533e-03, 8.8597795609324532e-03,
          -2.3728871468867516e-02, -1.1585269661179387e-03,
          1.2647049852213307e-03, 6.4383922800260174e-03,
          9.2777829418992028e-03, -1.6229602539273275e-02,
          1.2828555895907652e-02, 3.3151371543245533e-03,
          5.4243171402086177e-02, 1.3108169729219452e-02,
          4.4296377100249973e-03, 6.2340983437680266e-03,
          1.1590214120243878e-03, 3.5881556636110645e-03,
          1.5095100645929796e-02, 4.0755895643183399e-04,
          -3.7814842212111274e-03, 8.8597795609324532e-03,
          1.3108169729219452e-02, 1.8665198090403925e-02 ]
blastC: !!opencv-matrix
   rows: 1
   cols: 1
   dt: d
   data: [ 2.2961782982448617e-04 ]
blastNumEvents: 64.
blastMaxVals: !!opencv-matrix
   rows: 1
   cols: 10
   dt: d
   data: [ 4.5000000000000000e+00, 4.5000000000000000e+00,
       4.5000000000000000e+00, 4.5000000000000000e+00,
       4.5000000000000000e+00, 4.5000000000000000e+00,
       4.5000000000000000e+00, 4.5000000000000000e+00,
       4.5000000000000000e+00, 4.5000000000000000e+00 ]
