%YAML:1.0
---
groups:
   - intact
   - CD19
   - blast
intactGmmnames:
   - "intact.2016-4915.0"
   - "intact.2016-4915.1"
   - "intact.2016-4915.2"
   - "intact.2016-4915.3"
   - "intact.2016-4915.4"
intactLabels:
   - FSC-A
   - SSC-A
   - SY41
   - CD19
   - CD10
   - CD20
   - CD45
   - CD34
   - CD38
   - CD58
intactMu: !!opencv-matrix
   rows: 5
   cols: 10
   dt: d
   data: [ 1.2035265339623087e+00, 3.3471360196788019e-01,
       3.2759297309632478e+00, 1.4435489132117874e+00,
       1.1596113288281933e+00, 9.9016796295718412e-01,
       3.6912933584741481e+00, 1.4518036936854366e+00,
       1.9572520816318792e+00, 8.4616603247394695e-01,
       1.3608009667424046e+00, 4.6839735897870655e-01,
       3.0558609380018491e+00, 1.5579678842547593e+00,
       1.2100081811126775e+00, 9.6772933861540689e-01,
       3.8500646961725011e+00, 1.5952717053233920e+00,
       1.8037282466857691e+00, 1.5843413420891403e+00,
       1.2067758107374051e+00, 3.7115434382215190e-01,
       3.1771468447250442e+00, 1.2240399655986047e+00,
       1.2960811873985139e+00, 1.0373895894039868e+00,
       1.5555595175305861e+00, 1.0843196732100318e+00,
       1.2648024273576515e+00, 2.3205541564222041e+00,
       2.4465221747361254e+00, 3.0721451905912143e+00,
       3.3350116018554514e+00, 1.7931787724756283e+00,
       1.7674796250529561e+00, 1.1313477097198759e+00,
       2.7579457752962968e+00, 1.3253706739287641e+00,
       2.0190085493208563e+00, 2.2649336811988934e+00,
       1.4965293229575667e+00, 6.3758187439904090e-01,
       3.1118547026123884e+00, 1.5332796013374574e+00,
       1.2245621714283572e+00, 1.1147355377441290e+00,
       3.7266556689062234e+00, 1.5417486478772608e+00,
       2.6514279147628885e+00, 1.5285748103250336e+00 ]
intactSigma:
   - !!opencv-matrix
      rows: 10
      cols: 10
      dt: d
      data: [ 2.4330370389502712e-02, 3.1309336435259569e-04,
          -2.2613887617399784e-03, 5.2127836924772877e-04,
          -4.0318802695581818e-04, -2.1475907230057018e-04,
          6.6919583207180982e-04, 3.2110090635980329e-04,
          6.1190705924836410e-03, -1.9154184816760197e-03,
          3.1309336435259559e-04, 4.7191950483579720e-03,
          -2.1610343268810370e-03, 2.1465384461281790e-03,
          2.0476824530573905e-04, -4.1855155498465998e-04,
          2.6479905229420883e-03, 2.2220981088222676e-03,
          -1.4154076046259819e-03, 4.0010844788282048e-03,
          -2.2613887617399784e-03, -2.1610343268810370e-03,
          1.4173370837003305e-02, -1.6437419344429176e-03,
          3.8152540013760493e-04, 4.7483749351646129e-04,
          -2.7878714217912564e-03, -2.0943113364697121e-03,
          -2.1691926087033567e-03, 1.6651765648331262e-04,
          5.2127836924772887e-04, 2.1465384461281790e-03,
          -1.6437419344429184e-03, 2.6484220209442081e-02,
          5.8039113797922384e-04, -4.5354277771959715e-03,
          2.3022377421915412e-03, 6.1946127998880312e-03,
          -3.0412795940244885e-03, 2.5838761634913287e-03,
          -4.0318802695581851e-04, 2.0476824530573897e-04,
          3.8152540013760487e-04, 5.8039113797922405e-04,
          1.0722936914930506e-01, -1.9100291017150512e-04,
          -3.8281703727078348e-05, -4.4480788191345990e-03,
          -3.7146141918979548e-03, 1.1614471890319020e-03,
          -2.1475907230056982e-04, -4.1855155498465976e-04,
          4.7483749351646151e-04, -4.5354277771959698e-03,
          -1.9100291017150466e-04, 6.4093282601700219e-02,
          -4.1746347467591047e-04, -1.8495288458685907e-02,
          -1.4729224763788218e-02, -1.3819755214235930e-03,
          6.6919583207181014e-04, 2.6479905229420887e-03,
          -2.7878714217912564e-03, 2.3022377421915412e-03,
          -3.8281703727078240e-05, -4.1746347467591047e-04,
          7.2394038166215015e-03, 2.3633674257337077e-03,
          1.3383067064580061e-03, 3.6346279771634444e-03,
          3.2110090635980383e-04, 2.2220981088222685e-03,
          -2.0943113364697125e-03, 6.1946127998880329e-03,
          -4.4480788191345990e-03, -1.8495288458685907e-02,
          2.3633674257337086e-03, 1.6296062395468675e-01,
          9.7771210292219805e-03, 3.6601444231313413e-03,
          6.1190705924836436e-03, -1.4154076046259826e-03,
          -2.1691926087033563e-03, -3.0412795940244898e-03,
          -3.7146141918979556e-03, -1.4729224763788219e-02,
          1.3383067064580059e-03, 9.7771210292219805e-03,
          1.8770755850525325e-01, -2.1215210868354439e-02,
          -1.9154184816760197e-03, 4.0010844788282048e-03,
          1.6651765648331259e-04, 2.5838761634913296e-03,
          1.1614471890319018e-03, -1.3819755214235930e-03,
          3.6346279771634453e-03, 3.6601444231313413e-03,
          -2.1215210868354453e-02, 6.2856485408221210e-02 ]
   - !!opencv-matrix
      rows: 10
      cols: 10
      dt: d
      data: [ 4.7792714954405791e-02, 6.2834803327507958e-03,
          -1.0595921098960626e-02, 3.6828213098988555e-03,
          -3.9306897442571297e-04, -9.0763533212408611e-04,
          3.5747567771732564e-03, 5.1161343170926165e-03,
          8.0049539172289512e-03, 4.1472303082076703e-03,
          6.2834803327507949e-03, 8.3476857729613170e-03,
          -4.4697161371290107e-03, 4.3450539142050786e-03,
          1.4077110301735942e-03, -1.0709933289469152e-03,
          4.5396701385178049e-03, 5.5063796609583909e-03,
          1.1284601258028057e-02, 8.7619167257627674e-03,
          -1.0595921098960626e-02, -4.4697161371290107e-03,
          3.6513913601490269e-02, -4.1307214625041291e-03,
          1.0222765997239904e-03, 1.0033795424000272e-03,
          -5.5180910732188738e-03, -6.1522623137644670e-03,
          -1.1486452555989318e-02, -4.7748605998545208e-03,
          3.6828213098988568e-03, 4.3450539142050786e-03,
          -4.1307214625041291e-03, 3.5911417517276896e-02,
          7.7740621751936625e-04, -4.9101679771763546e-03,
          6.3495349912431383e-03, 1.1884176908251059e-02,
          5.8313930908485516e-03, 4.0426919813537901e-03,
          -3.9306897442571275e-04, 1.4077110301735937e-03,
          1.0222765997239900e-03, 7.7740621751936647e-04,
          1.1888086256786726e-01, -3.1136131638846720e-04,
          -1.2910950061755549e-04, -3.7240153165849985e-03,
          -8.4385182702899670e-05, 3.0985379559444900e-03,
          -9.0763533212408632e-04, -1.0709933289469150e-03,
          1.0033795424000277e-03, -4.9101679771763537e-03,
          -3.1136131638846644e-04, 6.8064832387679408e-02,
          -6.6537531061424012e-04, -2.2321640420623075e-02,
          -3.2771149355505083e-02, -1.9852272067966978e-03,
          3.5747567771732564e-03, 4.5396701385178049e-03,
          -5.5180910732188738e-03, 6.3495349912431383e-03,
          -1.2910950061755549e-04, -6.6537531061423990e-04,
          1.1264394900261361e-02, 8.8805492686383925e-03,
          1.5607785046198449e-02, 4.3730452395185472e-03,
          5.1161343170926148e-03, 5.5063796609583935e-03,
          -6.1522623137644644e-03, 1.1884176908251059e-02,
          -3.7240153165849976e-03, -2.2321640420623075e-02,
          8.8805492686383908e-03, 1.8373378409161453e-01,
          3.0396860023907703e-02, 6.2064639433693112e-03,
          8.0049539172289547e-03, 1.1284601258028061e-02,
          -1.1486452555989318e-02, 5.8313930908485473e-03,
          -8.4385182702897529e-05, -3.2771149355505083e-02,
          1.5607785046198449e-02, 3.0396860023907703e-02,
          2.4415281828172530e-01, 1.1348362014368915e-02,
          4.1472303082076738e-03, 8.7619167257627674e-03,
          -4.7748605998545190e-03, 4.0426919813537901e-03,
          3.0985379559444895e-03, -1.9852272067966970e-03,
          4.3730452395185472e-03, 6.2064639433693112e-03,
          1.1348362014368915e-02, 6.0714591305617474e-02 ]
   - !!opencv-matrix
      rows: 10
