%YAML:1.0
---
groups:
   - intact
   - CD19
   - blast
intactGmmnames:
   - "intact.2016-2205.0"
   - "intact.2016-2205.1"
   - "intact.2016-2205.2"
   - "intact.2016-2205.3"
   - "intact.2016-2205.4"
intactLabels:
   - FSC-A
   - SSC-A
   - SY41
   - CD19
   - CD10
   - CD20
   - CD45
   - CD34
   - CD38
   - CD58
intactMu: !!opencv-matrix
   rows: 5
   cols: 10
   dt: d
   data: [ 2.3446362076288652e+00, 5.8539070350931888e-01,
       3.3750088783991119e+00, 1.6199828147871564e+00,
       1.1318000367588672e+00, 9.6222743366086816e-01,
       3.9348887824302081e+00, 2.3698538882701845e+00,
       1.9255458611787064e+00, 1.6214086691569147e+00,
       2.0279011484410532e+00, 3.6150640061199402e-01,
       3.5364765186784273e+00, 1.4318400636072612e+00,
       1.1258196960928888e+00, 9.9195716853744664e-01,
       3.7792387691990568e+00, 1.7867532380984774e+00,
       1.7665561412007840e+00, 1.0333717156734648e+00,
       2.7050660983721122e+00, 1.8100863064067956e+00,
       3.3944592793174904e+00, 1.7967322683441094e+00,
       1.6159154530359816e+00, 1.3278452997721171e+00,
       3.1051021625418804e+00, 2.3265489285572301e+00,
       1.8240610854878931e+00, 1.7669663155743824e+00,
       1.4449571960391610e+00, 4.5970946699614224e-01,
       3.6863828548436137e+00, 1.1971762199400930e+00,
       1.4088264650446780e+00, 1.0712484311265853e+00,
       1.6676992069566676e+00, 1.1915015342883621e+00,
       1.2318988035952021e+00, 2.1037975819621066e+00,
       1.9713539008698628e+00, 3.4363844198505761e-01,
       3.6505292697023641e+00, 1.4233381997889627e+00,
       1.1162718706681858e+00, 9.6298017639632560e-01,
       3.7624881956014451e+00, 2.1955502128719497e+00,
       1.8073096305513112e+00, 1.0611724207270581e+00 ]
intactSigma:
   - !!opencv-matrix
      rows: 10
      cols: 10
      dt: d
      data: [ 1.6088683020597891e-01, 1.7695724145505319e-02,
          -2.0010699142212082e-02, 1.0215977632099070e-02,
          -3.7550724036740715e-04, -3.2678975717804152e-03,
          7.6771626425084444e-03, 8.0332844599217551e-03,
          1.1076485500828914e-02, 5.6251851452857500e-03,
          1.7695724145505319e-02, 2.5978106715843871e-02,
          -4.7350484451846205e-03, 9.5280980826430613e-03,
          1.4576044340751195e-03, -5.9343624670444119e-04,
          5.3331668432266936e-03, 6.5555949730064286e-03,
          2.0642309697771491e-02, 2.4845049289735657e-02,
          -2.0010699142212086e-02, -4.7350484451846205e-03,
          6.9448301795253603e-02, -4.2123522958623554e-03,
          1.4610370857745308e-04, 2.2409463043068238e-03,
          -4.5668661166688891e-03, -2.8936402676632473e-03,
          -9.1462682424354579e-03, -3.8479229845293523e-03,
          1.0215977632099072e-02, 9.5280980826430595e-03,
          -4.2123522958623545e-03, 7.2305336525849875e-02,
          1.8229723920153845e-03, -8.2565524971323998e-03,
          8.3107549368999379e-03, 1.1599937793109437e-02,
          1.4466210281659404e-03, 1.1633934329552963e-02,
          -3.7550724036740786e-04, 1.4576044340751193e-03,
          1.4610370857745332e-04, 1.8229723920153834e-03,
          1.0978198414931697e-01, 6.4128472248007836e-04,
          -3.2104799942292200e-04, -1.7535845355319639e-03,
          -2.3437437574323002e-04, 3.2986898312210747e-03,
          -3.2678975717804143e-03, -5.9343624670444098e-04,
          2.2409463043068230e-03, -8.2565524971323998e-03,
          6.4128472248007836e-04, 9.6910095136982316e-02,
          -2.6332583937539573e-03, -9.0608721792525080e-03,
          -1.7194325052753361e-02, -2.6455608370752077e-03,
          7.6771626425084444e-03, 5.3331668432266936e-03,
          -4.5668661166688874e-03, 8.3107549368999362e-03,
          -3.2104799942292168e-04, -2.6332583937539577e-03,
          1.1227944606851070e-02, 1.0145693275848779e-02,
          5.4971409160417912e-03, 9.5600173750332654e-03,
          8.0332844599217551e-03, 6.5555949730064251e-03,
          -2.8936402676632473e-03, 1.1599937793109437e-02,
          -1.7535845355319646e-03, -9.0608721792525080e-03,
          1.0145693275848780e-02, 4.6648177186308398e-02,
          9.9464872382911337e-03, 1.0919030020620659e-02,
          1.1076485500828914e-02, 2.0642309697771494e-02,
          -9.1462682424354579e-03, 1.4466210281659413e-03,
          -2.3437437574323015e-04, -1.7194325052753357e-02,
          5.4971409160417912e-03, 9.9464872382911355e-03,
          2.2533496173877698e-01, 2.9369396532665185e-03,
          5.6251851452857509e-03, 2.4845049289735660e-02,
          -3.8479229845293532e-03, 1.1633934329552965e-02,
          3.2986898312210729e-03, -2.6455608370752077e-03,
          9.5600173750332654e-03, 1.0919030020620661e-02,
          2.9369396532665194e-03, 1.2157621057145161e-01 ]
   - !!opencv-matrix
      rows: 10
      cols: 10
      dt: d
      data: [ 1.0715520698465890e-01, 1.3447873905101115e-02,
          -2.5992302781387581e-02, 1.0247683466042322e-02,
          2.0975053174473739e-03, -2.6085905523491482e-03,
          1.2756463086765677e-02, 2.3222832401454920e-02,
          -3.2377519176109257e-03, 1.3364238024024280e-02,
          1.3447873905101116e-02, 1.2436043743892558e-02,
          -5.9369135706668266e-03, 6.4086786348407782e-03,
          2.2731407240690511e-03, -3.9748507510365197e-04,
          5.6440573615578610e-03, 9.2087546578249468e-03,
          -3.2754337115525364e-03, 2.9283712532006574e-02,
          -2.5992302781387585e-02, -5.9369135706668266e-03,
          2.9143639502886391e-02, -6.4239180258532508e-03,
          -3.3654556886533212e-04, 3.7734319449157024e-03,
          -7.4439572777307587e-03, -3.3211962093397808e-02,
          -8.8671684294083114e-04, -2.0871167951317408e-03,
          1.0247683466042318e-02, 6.4086786348407782e-03,
          -6.4239180258532499e-03, 6.6282126574474659e-02,
          2.7458461586413398e-03, -6.4492810809359613e-03,
          5.3330083770303412e-03, 1.6822458559957558e-02,
          -8.6318929641703551e-03, 7.7857028853864736e-03,
          2.0975053174473748e-03, 2.2731407240690520e-03,
          -3.3654556886533244e-04, 2.7458461586413398e-03,
          8.1243197696417205e-02, -3.4881166336472126e-04,
          5.4109236437597467e-04, -1.6586208426437831e-03,
          -2.8345479046614644e-03, 7.5144691431251543e-03,
          -2.6085905523491504e-03, -3.9748507510365175e-04,
          3.7734319449157028e-03, -6.4492810809359622e-03,
          -3.4881166336472072e-04, 7.2520690183964454e-02,
          -8.2373781458915237e-04, -1.9118646869426072e-02,
          -2.3167660404980122e-02, 3.0203837942112386e-03,
          1.2756463086765677e-02, 5.6440573615578610e-03,
          -7.4439572777307587e-03, 5.3330083770303412e-03,
          5.4109236437597467e-04, -8.2373781458915259e-04,
          9.0855678745663492e-03, 1.2416975428112714e-02,
          -4.6754888559882624e-04, 6.6800179211574011e-03,
          2.3222832401454920e-02, 9.2087546578249468e-03,
          -3.3211962093397808e-02, 1.6822458559957561e-02,
          -1.6586208426437835e-03, -1.9118646869426072e-02,
          1.2416975428112710e-02, 2.2156681719280860e-01,
          -3.4353501149569786e-03, -1.1716043175346479e-02,
          -3.2377519176109248e-03, -3.2754337115525364e-03,
          -8.8671684294083114e-04, -8.6318929641703551e-03,
          -2.8345479046614644e-03, -2.3167660404980122e-02,
          -4.6754888559882645e-04, -3.4353501149569777e-03,
          1.2675765424080498e-01, -7.6616284848655871e-03,
          1.3364238024024278e-02, 2.9283712532006574e-02,
          -2.0871167951317421e-03, 7.7857028853864736e-03,
          7.5144691431251525e-03, 3.0203837942112386e-03,
          6.6800179211574011e-03, -1.1716043175346479e-02,
          -7.6616284848655854e-03, 1.8585295193521628e-01 ]
   - !!opencv-matrix
      rows: 10
