%YAML:1.0
---
groups:
   - intact
   - CD19
   - blast
intactGmmnames:
   - "intact.47333.0"
   - "intact.47333.1"
   - "intact.47333.2"
   - "intact.47333.3"
   - "intact.47333.4"
intactLabels:
   - FSC-A
   - SSC-A
   - SY41
   - CD19
   - CD10
   - CD20
   - CD45
   - CD34
   - CD38
   - CD58
intactMu: !!opencv-matrix
   rows: 5
   cols: 10
   dt: d
   data: [ 7.0811489339379241e-01, 2.4279121477931689e-01,
       2.9549881652521059e+00, 1.2307927474966749e+00,
       1.1926665571353150e+00, 1.3483880852527743e+00,
       1.4130383186195263e+00, 1.0366106720410602e+00,
       1.3966846568930784e+00, 2.3727207982932486e+00,
       1.0873801401459668e+00, 2.1800007368690719e-01,
       2.7327560235366204e+00, 1.2295966825647826e+00,
       1.0770643573426899e+00, 1.3475873025046838e+00,
       3.2975732785918113e+00, 1.0784494692702404e+00,
       1.6121656587659461e+00, 1.0088748670288816e+00,
       1.6670696654931536e+00, 1.6041507166652504e+00,
       2.9076538578631279e+00, 1.2898565838937264e+00,
       2.0744125639286257e+00, 1.3894008451767765e+00,
       2.8979940242805253e+00, 1.1673002482577322e+00,
       1.6192409891867872e+00, 2.0793838863944307e+00,
       1.2686399295219664e+00, 3.2147675505336742e-01,
       2.7151129915095429e+00, 1.2309901642974352e+00,
       1.1044634574840086e+00, 1.3455027675264970e+00,
       3.3782727119717384e+00, 1.0792414958321344e+00,
       1.9479227725373827e+00, 1.4471665777623841e+00,
       1.3034627150323859e+00, 7.0461841067012077e-01,
       2.9520391640096340e+00, 1.3128585245576978e+00,
       1.2784739878738640e+00, 1.5670052591572408e+00,
       2.6505170894882135e+00, 1.1646022335271093e+00,
       1.9562170208370406e+00, 1.8578242940358205e+00 ]
intactSigma:
   - !!opencv-matrix
      rows: 10
      cols: 10
      dt: d
      data: [ 5.2664255561747010e-02, 1.3535102096736940e-02,
          7.8979943887578900e-04, 3.9649083130118961e-04,
          2.2548412225250085e-03, 1.1948718385521095e-04,
          1.6636294608085342e-02, 2.5269424284511850e-04,
          2.8040691553090076e-03, 2.2043629557620327e-02,
          1.3535102096736940e-02, 7.3374354839710193e-03,
          4.6788518942607101e-03, 3.3796398844855580e-04,
          2.5608418169531942e-03, 3.1371283561938657e-04,
          9.0457299231903529e-03, -2.2318317042505835e-04,
          1.3175889299156006e-03, 9.6871724657498978e-03,
          7.8979943887578900e-04, 4.6788518942607093e-03,
          5.4819036792436791e-02, 6.1652548453791764e-04,
          1.2745498479708578e-02, 1.3857412311038969e-03,
          1.6566588679456807e-02, -5.4532665564585503e-03,
          1.5784878900098969e-03, 7.7495776249273162e-03,
          3.9649083130118961e-04, 3.3796398844855596e-04,
          6.1652548453791764e-04, 3.3331423197400091e-03,
          -2.7719030867976273e-03, -2.7297066215445885e-04,
          6.4502370949389603e-04, 3.3523560834362448e-05,
          3.3772448778386372e-04, 4.0631585690514306e-04,
          2.2548412225250085e-03, 2.5608418169531955e-03,
          1.2745498479708578e-02, -2.7719030867976273e-03,
          2.4609621087716953e-02, 5.4508805711738146e-04,
          6.7263123442196249e-03, -3.8289889048705923e-03,
          -4.4147835177510983e-04, 5.1218233820082412e-03,
          1.1948718385521095e-04, 3.1371283561938668e-04,
          1.3857412311038969e-03, -2.7297066215445891e-04,
          5.4508805711738146e-04, 3.3614368691545580e-03,
          9.1376982129612739e-04, -9.7370928574048516e-05,
          -8.7122025259052317e-04, 4.2055214577891231e-04,
          1.6636294608085342e-02, 9.0457299231903512e-03,
          1.6566588679456807e-02, 6.4502370949389603e-04,
          6.7263123442196249e-03, 9.1376982129612739e-04,
          5.0063304629839461e-02, 1.4220199592667227e-05,
          3.9276168601933958e-03, 1.2286785309737732e-02,
          2.5269424284511850e-04, -2.2318317042505824e-04,
          -5.4532665564585503e-03, 3.3523560834362387e-05,
          -3.8289889048705923e-03, -9.7370928574048529e-05,
          1.4220199592667444e-05, 1.1073420682465526e-02,
          1.9510017416476871e-04, -6.5803874161497050e-04,
          2.8040691553090076e-03, 1.3175889299156006e-03,
          1.5784878900098969e-03, 3.3772448778386389e-04,
          -4.4147835177510983e-04, -8.7122025259052339e-04,
          3.9276168601933949e-03, 1.9510017416476865e-04,
          3.8190418229686980e-03, 2.6202757689996357e-03,
          2.2043629557620327e-02, 9.6871724657498978e-03,
          7.7495776249273162e-03, 4.0631585690514306e-04,
          5.1218233820082403e-03, 4.2055214577891220e-04,
          1.2286785309737730e-02, -6.5803874161497094e-04,
          2.6202757689996353e-03, 3.3653298203930704e-02 ]
   - !!opencv-matrix
      rows: 10
      cols: 10
      dt: d
      data: [ 7.5762135293732213e-02, 8.8407902559533482e-03,
          -3.1475846368665891e-02, -3.5436434474750411e-04,
          -1.2881332672723199e-02, -1.2441467450721988e-03,
          1.3889615368809576e-02, 4.8408154929330833e-03,
          -1.2223066008382686e-02, 3.2095566206284551e-02,
          8.8407902559533482e-03, 3.6756477616415669e-03,
          -3.1833143977450275e-03, 1.2730407133950165e-04,
          -9.9983097479184528e-04, -1.5356013293666196e-04,
          4.6852690233300173e-03, 8.7690841973519780e-04,
          -4.7425435619453827e-03, 1.5698493727449230e-02,
          -3.1475846368665891e-02, -3.1833143977450266e-03,
          3.5295596959316049e-02, 4.1365442361676781e-04,
          1.1222230218628637e-02, 9.7755683661300986e-04,
          -3.5856730298373146e-03, -3.2370253785146234e-03,
          1.1252778629653626e-03, -1.3896137301822304e-02,
          -3.5436434474750395e-04, 1.2730407133950162e-04,
          4.1365442361676781e-04, 2.8476994628191827e-03,
          -2.0425026004860080e-03, -2.3367328536596301e-04,
          1.5256234669781772e-04, 9.7726126964593941e-05,
          -2.0521617710277896e-04, 9.2846335472372460e-04,
          -1.2881332672723204e-02, -9.9983097479184571e-04,
          1.1222230218628639e-02, -2.0425026004860080e-03,
          1.8360918097965234e-02, 3.8428098643301088e-04,
          -1.1688139665290735e-03, -3.0247902269609620e-03,
          -1.6108267268630924e-03, -3.2053051334436753e-03,
          -1.2441467450721990e-03, -1.5356013293666194e-04,
          9.7755683661300986e-04, -2.3367328536596293e-04,
          3.8428098643301077e-04, 5.8578276013058926e-03,
          -2.5215108991678310e-04, -3.8694441007037738e-05,
          -2.5464624331076212e-03, -1.0712332241649407e-03,
          1.3889615368809576e-02, 4.6852690233300165e-03,
          -3.5856730298373151e-03, 1.5256234669781777e-04,
          -1.1688139665290732e-03, -2.5215108991678305e-04,
          1.3332649741500349e-02, 1.3652667179264472e-03,
          -5.8698742256581456e-03, 1.6624444195174164e-02,
          4.8408154929330842e-03, 8.7690841973519812e-04,
          -3.2370253785146230e-03, 9.7726126964593968e-05,
          -3.0247902269609620e-03, -3.8694441007037684e-05,
          1.3652667179264476e-03, 8.8650638321297152e-03,
          -6.3977951164954732e-04, 3.4741417695395359e-03,
          -1.2223066008382686e-02, -4.7425435619453827e-03,
          1.1252778629653620e-03, -2.0521617710277888e-04,
          -1.6108267268630924e-03, -2.5464624331076216e-03,
          -5.8698742256581456e-03, -6.3977951164954753e-04,
          5.4444276383022815e-02, -2.9091841875606560e-02,
          3.2095566206284551e-02, 1.5698493727449230e-02,
          -1.3896137301822304e-02, 9.2846335472372460e-04,
          -3.2053051334436753e-03, -1.0712332241649407e-03,
          1.6624444195174157e-02, 3.4741417695395372e-03,
          -2.9091841875606560e-02, 1.4642298140534526e-01 ]
   - !!opencv-matrix
      rows: 10
      cols: 10
      dt: d
