%YAML:1.0
---
groups:
   - intact
   - CD19
   - blast
intactGmmnames:
   - "intact.47655.0"
   - "intact.47655.1"
   - "intact.47655.2"
   - "intact.47655.3"
   - "intact.47655.4"
intactLabels:
   - FSC-A
   - SSC-A
   - SY41
   - CD19
   - CD10
   - CD20
   - CD45
   - CD34
   - CD38
   - CD58
intactMu: !!opencv-matrix
   rows: 5
   cols: 10
   dt: d
   data: [ 1.5885841189414081e+00, 4.4336262349199707e-01,
       2.6000284550299426e+00, 1.2001699306277032e+00,
       1.0591297511184883e+00, 1.4023987488493124e+00,
       3.5590977606216869e+00, 1.2978126762252999e+00,
       1.6625873679881731e+00, 1.8004584428697408e+00,
       2.9062040715627440e+00, 2.8215303730983137e+00,
       2.8411791286289958e+00, 1.3558919066785242e+00,
       1.9533527751755380e+00, 1.4107941284357814e+00,
       2.6972054530317235e+00, 1.2141582894547054e+00,
       1.7966281465533287e+00, 2.3900963444334402e+00,
       1.2474342639486753e+00, 2.7397536181086141e-01,
       3.1000859057219361e+00, 1.2535911143022040e+00,
       1.0129816825042723e+00, 1.4171420103076378e+00,
       3.3659438711677194e+00, 1.1234349567304247e+00,
       1.6871707262235702e+00, 1.0032072904173486e+00,
       1.8156467743827616e+00, 6.9705084617240332e-01,
       2.6813323042171739e+00, 1.3016854383296699e+00,
       1.1180897846373368e+00, 1.4455343100894260e+00,
       3.4551856443392790e+00, 1.2745968584543557e+00,
       2.7212815112772892e+00, 1.8518999356793557e+00,
       1.3909143872280929e+00, 4.9715634460605446e-01,
       3.2270750214555912e+00, 1.3057180187821178e+00,
       1.3781959987277157e+00, 1.4627397746994946e+00,
       1.8038007371187934e+00, 1.3105172396482589e+00,
       1.9765927754523427e+00, 2.4714217538583281e+00 ]
intactSigma:
   - !!opencv-matrix
      rows: 10
      cols: 10
      dt: d
      data: [ 5.0057560632394096e-02, 8.4790854886977168e-03,
          -1.5787409354164159e-02, -2.6265274845133297e-03,
          -4.8961055146089954e-04, -6.9373677027919137e-04,
          1.5156842620910601e-02, 5.4738972748840705e-03,
          9.3199836305620838e-05, 1.0399785815386059e-02,
          8.4790854886977168e-03, 9.2690204695638836e-03,
          -6.7198063626231390e-03, -3.1428161122098465e-04,
          3.5941053521861341e-04, -2.6685004629071351e-04,
          5.4674685380797575e-03, 1.6955903664968971e-03,
          1.0008933341044367e-03, 1.4678406111521717e-02,
          -1.5787409354164159e-02, -6.7198063626231390e-03,
          8.6523431078529875e-02, 2.2964380347370731e-03,
          3.3007600333590263e-03, 1.5574983866007196e-03,
          -1.2438619730459243e-02, -4.5200080479122712e-03,
          1.2538661047954574e-03, -3.7396081818836025e-03,
          -2.6265274845133297e-03, -3.1428161122098476e-04,
          2.2964380347370731e-03, 7.1621286379167631e-03,
          -1.3356453176361124e-02, -3.7229403742731348e-04,
          -1.9054984364916508e-03, -1.0793844312655600e-03,
          1.6492919394867965e-03, 3.5047338617233772e-04,
          -4.8961055146089954e-04, 3.5941053521861336e-04,
          3.3007600333590276e-03, -1.3356453176361128e-02,
          1.3166372446552121e-01, -7.0013842486164836e-04,
          1.1113877949337043e-03, -3.7221482635028863e-02,
          -6.4434081471460361e-03, 2.3761047655055552e-03,
          -6.9373677027919115e-04, -2.6685004629071351e-04,
          1.5574983866007196e-03, -3.7229403742731337e-04,
          -7.0013842486164857e-04, 3.7686733206833971e-03,
          -2.1274533237966323e-04, 8.8290843949089827e-04,
          -8.5030738562649798e-04, 9.2614057337866041e-05,
          1.5156842620910601e-02, 5.4674685380797575e-03,
          -1.2438619730459243e-02, -1.9054984364916515e-03,
          1.1113877949337045e-03, -2.1274533237966323e-04,
          1.9026835242169849e-02, 4.1715830355883547e-03,
          6.8301299382754381e-03, 6.4578600478944759e-03,
          5.4738972748840679e-03, 1.6955903664968958e-03,
          -4.5200080479122695e-03, -1.0793844312655600e-03,
          -3.7221482635028863e-02, 8.8290843949089784e-04,
          4.1715830355883547e-03, 1.7323511678029216e-01,
          1.9918523097188041e-03, 5.2611389145695861e-03,
          9.3199836305620607e-05, 1.0008933341044367e-03,
          1.2538661047954574e-03, 1.6492919394867972e-03,
          -6.4434081471460370e-03, -8.5030738562649820e-04,
          6.8301299382754381e-03, 1.9918523097188037e-03,
          5.3365564998255795e-02, -1.1562668431157103e-03,
          1.0399785815386061e-02, 1.4678406111521717e-02,
          -3.7396081818836025e-03, 3.5047338617233778e-04,
          2.3761047655055574e-03, 9.2614057337866014e-05,
          6.4578600478944759e-03, 5.2611389145695835e-03,
          -1.1562668431157109e-03, 8.7650783170092408e-02 ]
   - !!opencv-matrix
      rows: 10
      cols: 10
      dt: d
      data: [ 1.9553530061662880e-01, 1.5513469327234428e-01,
          -2.0186036812844112e-03, -1.2372981516288733e-03,
          -3.5724550567282382e-02, 3.6074774942524103e-03,
          2.4599691269839509e-03, 1.4154671763184417e-02,
          2.5940692436481966e-02, 9.7045239691488303e-03,
          1.5513469327234425e-01, 3.8025925187234616e-01,
          -3.9933567340394785e-02, 8.6949328107873390e-03,
          4.3953075058241899e-02, -2.1758735659746977e-03,
          2.9869695283425639e-02, 2.1976278845223098e-02,
          2.3586238926088406e-02, 2.6608941913257928e-02,
          -2.0186036812844107e-03, -3.9933567340394785e-02,
          1.0078900241601502e-01, -6.8530966763107647e-03,
          -9.5655638106448448e-02, 8.1944807889368556e-03,
          -2.1583715734215900e-02, -1.3274377744554445e-03,
          2.3937062455090388e-02, -1.5255777449097086e-02,
          -1.2372981516288739e-03, 8.6949328107873390e-03,
          -6.8530966763107647e-03, 1.4862319663432938e-02,
          2.4582072618681786e-02, -2.1629758242160723e-03,
          9.3503121437490452e-03, 1.2715031826772394e-03,
          1.6233330668157157e-03, 3.5433757433490942e-03,
          -3.5724550567282402e-02, 4.3953075058241885e-02,
          -9.5655638106448435e-02, 2.4582072618681786e-02,
          3.2684932677953471e-01, -1.4014496246260756e-02,
          7.3502731141553770e-02, -7.7324082373720834e-03,
          -4.0104889370511591e-02, 3.7415175945278552e-02,
          3.6074774942524094e-03, -2.1758735659746973e-03,
          8.1944807889368556e-03, -2.1629758242160723e-03,
          -1.4014496246260756e-02, 8.7264907303788650e-03,
          -3.4336932034261126e-03, 7.6476739375710761e-04,
          9.4393501331355460e-04, -1.5954157890185007e-03,
          2.4599691269839509e-03, 2.9869695283425642e-02,
          -2.1583715734215900e-02, 9.3503121437490434e-03,
          7.3502731141553770e-02, -3.4336932034261126e-03,
          3.4878890134987517e-02, 2.9521219363625633e-03,
          4.2279095719983007e-04, 1.0054947844226454e-02,
          1.4154671763184417e-02, 2.1976278845223091e-02,
          -1.3274377744554441e-03, 1.2715031826772390e-03,
          -7.7324082373720834e-03, 7.6476739375710761e-04,
          2.9521219363625628e-03, 9.4901430800777647e-02,
          4.4969052754975855e-03, 2.9761137503686477e-03,
          2.5940692436481966e-02, 2.3586238926088406e-02,
          2.3937062455090388e-02, 1.6233330668157151e-03,
          -4.0104889370511591e-02, 9.4393501331355460e-04,
          4.2279095719983023e-04, 4.4969052754975846e-03,
          4.6883237488202820e-02, -9.8777183705609710e-04,
          9.7045239691488320e-03, 2.6608941913257928e-02,
          -1.5255777449097089e-02, 3.5433757433490933e-03,
          3.7415175945278552e-02, -1.5954157890185007e-03,
          1.0054947844226454e-02, 2.9761137503686490e-03,
          -9.8777183705609753e-04, 1.9977907372777309e-02 ]
   - !!opencv-matrix
      rows: 10
      cols: 10
      dt: d
