%YAML:1.0
---
groups:
   - intact
   - CD19
   - blast
intactGmmnames:
   - "intact.48006.0"
   - "intact.48006.1"
   - "intact.48006.2"
   - "intact.48006.3"
   - "intact.48006.4"
intactLabels:
   - FSC-A
   - SSC-A
   - SY41
   - CD19
   - CD10
   - CD20
   - CD45
   - CD34
   - CD38
   - CD58
intactMu: !!opencv-matrix
   rows: 5
   cols: 10
   dt: d
   data: [ 1.3689695881211912e+00, 3.4067053244998230e-01,
       3.3135032373657136e+00, 1.2204792311996968e+00,
       1.1091282217564975e+00, 1.1615012359166790e+00,
       3.1615056269095110e+00, 1.0773594845578596e+00,
       1.8042907396405741e+00, 1.4022437653372326e+00,
       1.2459359356612607e+00, 2.4633241248578683e-01,
       3.3821643781795871e+00, 1.2164341591889598e+00,
       1.0653589679748423e+00, 1.1695984171054035e+00,
       3.1552636400863885e+00, 1.0797676787509709e+00,
       1.7534325114567704e+00, 9.3484786357643435e-01,
       1.0704587109821380e+00, 2.1193776437355819e-01,
       3.4632210960171874e+00, 1.2200496756098691e+00,
       1.1126094962681023e+00, 1.1844894967170394e+00,
       3.1279110710812086e+00, 1.0902419950678151e+00,
       1.9478618040116209e+00, 9.2192852672164327e-01,
       1.4264959079291650e+00, 4.3536271502719942e-01,
       3.2473726361846604e+00, 1.2318349032148990e+00,
       1.0734443220230216e+00, 1.2067044009709766e+00,
       3.1828065762855915e+00, 1.0844163537677347e+00,
       2.5019695318944644e+00, 1.4991501067758848e+00,
       1.5657675526194406e+00, 7.5539067240515645e-01,
       3.3225676803440778e+00, 1.3622546551021588e+00,
       1.5016888693183819e+00, 1.5582811511735646e+00,
       2.9082491602455680e+00, 1.2599655905764964e+00,
       2.3093054435886300e+00, 1.8424061487933872e+00 ]
intactSigma:
   - !!opencv-matrix
      rows: 10
      cols: 10
      dt: d
      data: [ 6.5210791333279658e-02, 3.9109103779609768e-03,
          -1.4967239051984054e-02, -3.9821021775117503e-04,
          -2.8954066378866043e-03, -2.3228948890511971e-03,
          2.8396842187304499e-03, 3.9274251785414023e-04,
          1.4067288426224799e-03, 2.0320689721898782e-03,
          3.9109103779609760e-03, 7.5311403547893199e-03,
          -1.9898644463690203e-03, 1.1873849720580452e-04,
          -5.7711433235067518e-04, -2.3622255653053226e-04,
          2.0780551038371681e-03, 1.1045767278607323e-03,
          1.5115092998251613e-03, 1.5512244164269688e-02,
          -1.4967239051984054e-02, -1.9898644463690203e-03,
          3.9892532594709852e-02, 4.3060620145294308e-04,
          2.5267441415992116e-03, 3.3047007019640275e-03,
          1.8665348142416727e-04, -2.1524505609677843e-04,
          -2.0077706195041050e-03, -8.9778833400744329e-03,
          -3.9821021775117519e-04, 1.1873849720580455e-04,
          4.3060620145294324e-04, 1.7007316438112253e-03,
          -7.9333585187742282e-04, -2.6535524064981718e-04,
          -4.7787759645504928e-04, 1.8424922685062619e-04,
          2.8264403531824418e-04, 7.1899383642003189e-04,
          -2.8954066378866035e-03, -5.7711433235067518e-04,
          2.5267441415992111e-03, -7.9333585187742282e-04,
          6.5820694862954226e-03, 4.8482966874282716e-04,
          2.5436074131022785e-04, -3.7608710450382126e-03,
          -1.0732675564947304e-03, -1.8511554419454511e-03,
          -2.3228948890511971e-03, -2.3622255653053226e-04,
          3.3047007019640280e-03, -2.6535524064981718e-04,
          4.8482966874282749e-04, 3.6828971500340084e-02,
          3.7912776674112176e-04, 2.1813904072470419e-04,
          -5.7175452615047181e-03, -2.0457159339335560e-03,
          2.8396842187304499e-03, 2.0780551038371681e-03,
          1.8665348142416711e-04, -4.7787759645504912e-04,
          2.5436074131022791e-04, 3.7912776674112138e-04,
          3.7809794400429086e-02, -9.3475225062429992e-04,
          3.6254226083538505e-03, 6.4390973289816323e-03,
          3.9274251785414055e-04, 1.1045767278607323e-03,
          -2.1524505609677835e-04, 1.8424922685062619e-04,
          -3.7608710450382143e-03, 2.1813904072470411e-04,
          -9.3475225062429970e-04, 2.5260145237155387e-02,
          7.7206097725978121e-04, 4.5858302394635965e-03,
          1.4067288426224797e-03, 1.5115092998251613e-03,
          -2.0077706195041050e-03, 2.8264403531824429e-04,
          -1.0732675564947304e-03, -5.7175452615047181e-03,
          3.6254226083538505e-03, 7.7206097725978121e-04,
          1.6159060206611370e-02, 5.3799046500660301e-03,
          2.0320689721898778e-03, 1.5512244164269691e-02,
          -8.9778833400744364e-03, 7.1899383642003189e-04,
          -1.8511554419454511e-03, -2.0457159339335555e-03,
          6.4390973289816340e-03, 4.5858302394635947e-03,
          5.3799046500660301e-03, 1.7072602568039230e-01 ]
   - !!opencv-matrix
      rows: 10
      cols: 10
      dt: d
      data: [ 5.1098848858549949e-02, 3.7337672998318631e-03,
          1.2040070696078839e-03, -4.6412566938836157e-05,
          -2.9871054035765445e-04, -9.1914510452034139e-04,
          5.0570591490627873e-03, 9.4111937232428211e-04,
          -1.8147296455847497e-03, 5.0006288469271265e-03,
          3.7337672998318631e-03, 2.7894997114240611e-03,
          -5.3475447792674096e-04, 4.6993362056564421e-06,
          -8.8504180853167432e-06, -1.7317593458802689e-04,
          2.0266505321942926e-03, 3.7867811506094869e-04,
          -9.6449382209592104e-04, 8.7839349775876031e-03,
          1.2040070696078841e-03, -5.3475447792674085e-04,
          5.8549575899342569e-03, 8.0590143339107239e-05,
          3.7866415470414334e-04, 5.5119107754084216e-04,
          5.2736611531129993e-05, -1.2515505783494837e-04,
          -7.9022999313201688e-04, -1.3347214070699395e-03,
          -4.6412566938836300e-05, 4.6993362056564437e-06,
          8.0590143339107252e-05, 1.1579768884823840e-03,
          -4.6976341178823729e-04, -2.2084003640410142e-04,
          -1.6679190265068419e-04, 1.7330607054072479e-04,
          1.0104971673063006e-04, 2.7347971522105412e-04,
          -2.9871054035765434e-04, -8.8504180853167364e-06,
          3.7866415470414345e-04, -4.6976341178823729e-04,
          2.6256977085361280e-03, 1.3077971889247647e-04,
          3.1383105613598908e-05, -2.0682251453900511e-03,
          -5.6695737615487774e-04, 4.1437939108774334e-04,
          -9.1914510452034150e-04, -1.7317593458802697e-04,
          5.5119107754084194e-04, -2.2084003640410142e-04,
          1.3077971889247645e-04, 2.0149452266884752e-02,
          2.5905555550371698e-04, -2.5932449665247317e-05,
          -2.7318269112968571e-03, -4.3282378689650920e-04,
          5.0570591490627865e-03, 2.0266505321942930e-03,
          5.2736611531129945e-05, -1.6679190265068413e-04,
          3.1383105613598895e-05, 2.5905555550371709e-04,
          1.7169115959652863e-02, -5.9445591146117487e-05,
          -2.8886429117045906e-04, 4.7040286761730514e-03,
          9.4111937232428189e-04, 3.7867811506094886e-04,
          -1.2515505783494842e-04, 1.7330607054072479e-04,
          -2.0682251453900511e-03, -2.5932449665247293e-05,
          -5.9445591146117365e-05, 1.2765940567155685e-02,
          -1.8166236034788567e-04, 1.7917371245575553e-03,
          -1.8147296455847497e-03, -9.6449382209592104e-04,
          -7.9022999313201666e-04, 1.0104971673063003e-04,
          -5.6695737615487763e-04, -2.7318269112968571e-03,
          -2.8886429117045917e-04, -1.8166236034788561e-04,
          9.7109093244538355e-03, -1.1408893491052753e-03,
          5.0006288469271283e-03, 8.7839349775876013e-03,
          -1.3347214070699401e-03, 2.7347971522105412e-04,
          4.1437939108774312e-04, -4.3282378689650882e-04,
          4.7040286761730514e-03, 1.7917371245575553e-03,
          -1.1408893491052748e-03, 1.2960893315288047e-01 ]
   - !!opencv-matrix
      rows: 10
      cols: 10
      dt: d
