%YAML:1.0
---
groups:
   - intact
   - CD19
   - blast
intactGmmnames:
   - "intact.48084.0"
   - "intact.48084.1"
   - "intact.48084.2"
   - "intact.48084.3"
   - "intact.48084.4"
intactLabels:
   - FSC-A
   - SSC-A
   - SY41
   - CD19
   - CD10
   - CD20
   - CD45
   - CD34
   - CD38
   - CD58
intactMu: !!opencv-matrix
   rows: 5
   cols: 10
   dt: d
   data: [ 1.6457018611981173e+00, 3.5588980528347786e-01,
       2.6711478845887333e+00, 1.2449203219118912e+00,
       9.1661400597744236e-01, 1.2863509470891752e+00,
       3.4726630650013650e+00, 9.2010943233093889e-01,
       1.9948439173504244e+00, 9.9026617665510208e-01,
       2.4042475938010455e+00, 1.9792828356269669e+00,
       3.0136772107260725e+00, 1.4740097389968194e+00,
       2.0290779886859314e+00, 1.4302733638084075e+00,
       3.3954116294916505e+00, 1.2006766290385225e+00,
       1.9721008981891075e+00, 2.2077931772988459e+00,
       1.7581274431003826e+00, 5.2077491100954043e-01,
       2.5109845933563810e+00, 1.3016225724699082e+00,
       9.7281884503551230e-01, 1.3056441664719716e+00,
       3.5988569925894964e+00, 9.4135692193482967e-01,
       2.9852824012101093e+00, 2.1452172089258825e+00,
       1.3295477454672395e+00, 6.2452552028066743e-01,
       2.9128192283318928e+00, 1.2835308077318397e+00,
       1.0545429049855768e+00, 1.3030420556022506e+00,
       1.4505504816061805e+00, 1.0799331144221034e+00,
       1.5944918726480426e+00, 2.2975265893496348e+00,
       1.8180370100274481e+00, 4.6851599674443145e-01,
       2.5803780816041622e+00, 1.2585305538471305e+00,
       9.9705970791091880e-01, 1.2699928339982536e+00,
       3.5678810838698523e+00, 9.4041932917784166e-01,
       2.0390262849037337e+00, 1.9892755849532757e+00 ]
intactSigma:
   - !!opencv-matrix
      rows: 10
      cols: 10
      dt: d
      data: [ 2.4549638404194579e-02, 4.9725284155899708e-03,
          -4.7864063794238413e-03, 5.0712740234216697e-04,
          6.3702030251228299e-04, 1.8618206192263590e-04,
          6.2189160986835567e-03, 5.8361011876056467e-04,
          -3.7153030010890438e-04, 8.9086002262186888e-03,
          4.9725284155899708e-03, 7.1144475236426816e-03,
          5.3555873651073413e-03, 3.7752232955899639e-04,
          1.2370120290349565e-03, 1.7241715828902071e-04,
          4.6719025063606022e-03, 5.3109859081998021e-04,
          -4.8105689515828132e-04, 7.2331663680790421e-03,
          -4.7864063794238404e-03, 5.3555873651073404e-03,
          5.2611750585712318e-02, -1.0470244925359795e-04,
          5.6118842793245608e-04, -1.3306345748649884e-05,
          3.3918606803230744e-03, 2.7816893035818288e-04,
          -7.5989632860100336e-03, 2.8070126792074600e-03,
          5.0712740234216697e-04, 3.7752232955899650e-04,
          -1.0470244925359778e-04, 9.4128328965172939e-03,
          -7.5675320577457692e-03, -4.0508045886273648e-04,
          3.3762586327757592e-04, 6.7633561384718469e-04,
          1.4447797218374850e-03, 2.1943387544653852e-03,
          6.3702030251228277e-04, 1.2370120290349570e-03,
          5.6118842793245706e-04, -7.5675320577457692e-03,
          7.7417373493268660e-02, -9.1848177652751912e-04,
          1.3393587317604347e-03, -6.4585489782228393e-03,
          -2.4350066587738931e-03, 5.1586308864171246e-03,
          1.8618206192263582e-04, 1.7241715828902060e-04,
          -1.3306345748649748e-05, -4.0508045886273648e-04,
          -9.1848177652751912e-04, 1.8176338277890478e-02,
          2.3838801822526447e-04, 2.6776505555671629e-04,
          -3.9982437398311090e-03, 1.9792758152636903e-04,
          6.2189160986835567e-03, 4.6719025063606031e-03,
          3.3918606803230731e-03, 3.3762586327757576e-04,
          1.3393587317604341e-03, 2.3838801822526447e-04,
          1.0872162018399936e-02, -2.8141155088780584e-05,
          5.3691527708424353e-03, 7.4525492367581436e-03,
          5.8361011876056424e-04, 5.3109859081998053e-04,
          2.7816893035818288e-04, 6.7633561384718469e-04,
          -6.4585489782228393e-03, 2.6776505555671645e-04,
          -2.8141155088780533e-05, 4.0853514707686507e-02,
          -1.7125930968013914e-04, 3.3070468999331030e-03,
          -3.7153030010890503e-04, -4.8105689515828132e-04,
          -7.5989632860100345e-03, 1.4447797218374856e-03,
          -2.4350066587738904e-03, -3.9982437398311090e-03,
          5.3691527708424353e-03, -1.7125930968013898e-04,
          7.3605430964737914e-02, 5.4931571652816159e-03,
          8.9086002262186853e-03, 7.2331663680790421e-03,
          2.8070126792074605e-03, 2.1943387544653857e-03,
          5.1586308864171263e-03, 1.9792758152636903e-04,
          7.4525492367581454e-03, 3.3070468999331030e-03,
          5.4931571652816159e-03, 1.0453556915870520e-01 ]
   - !!opencv-matrix
      rows: 10
      cols: 10
      dt: d
      data: [ 4.2997570872175284e-01, 3.4870812010119134e-01,
          1.0450758011908336e-01, -1.3681610521784222e-02,
          2.5073993533152356e-01, -6.4065646847831101e-02,
          4.4924166582134523e-02, 5.6775825559023413e-02,
          -1.0367928108032574e-02, 1.9298735396859870e-01,
          3.4870812010119134e-01, 8.3437602804660549e-01,
          1.5207890890092018e-01, 1.0071199676128812e-02,
          4.1529173769846761e-01, -6.5416131316237358e-02,
          9.7074727459763047e-02, 5.1340706266955562e-02,
          -6.2250347936853356e-02, 2.8487819085080845e-01,
          1.0450758011908336e-01, 1.5207890890092018e-01,
          1.0610579219058269e-01, -3.8111823171557628e-03,
          1.4620172053920080e-01, -2.7523652353872712e-02,
          1.8929290035955480e-02, 9.1342238017539327e-03,
          -3.3180574680682952e-02, 7.9929457845388310e-02,
          -1.3681610521784222e-02, 1.0071199676128816e-02,
          -3.8111823171557628e-03, 8.4194618073699143e-02,
          2.0793856752700447e-02, 5.7371428090418827e-02,
          3.7452131951912701e-03, -2.8967081628611126e-03,
          1.5492881914515628e-04, -1.1912271739922254e-02,
          2.5073993533152356e-01, 4.1529173769846761e-01,
          1.4620172053920083e-01, 2.0793856752700447e-02,
          5.1924251457917436e-01, -5.3672547981925299e-02,
          8.1015944769921980e-02, 3.6000854695961072e-02,
          -9.3149349293315600e-02, 2.3020617498780183e-01,
          -6.4065646847831101e-02, -6.5416131316237358e-02,
          -2.7523652353872712e-02, 5.7371428090418827e-02,
          -5.3672547981925299e-02, 1.0464977920665422e-01,
          -1.0832314649922938e-02, -1.2632106261103783e-02,
          -5.6899400821150822e-03, -6.4900299935329725e-02,
          4.4924166582134523e-02, 9.7074727459763047e-02,
          1.8929290035955480e-02, 3.7452131951912701e-03,
          8.1015944769921980e-02, -1.0832314649922938e-02,
          7.9504504863179531e-02, 2.8552692750154645e-03,
          -1.1525292401326485e-02, 4.8802329773569034e-02,
          5.6775825559023413e-02, 5.1340706266955569e-02,
          9.1342238017539309e-03, -2.8967081628611100e-03,
          3.6000854695961079e-02, -1.2632106261103783e-02,
          2.8552692750154645e-03, 1.9630173810095808e-01,
          1.5934567998748816e-02, 4.3303073694802574e-02,
          -1.0367928108032578e-02, -6.2250347936853356e-02,
          -3.3180574680682952e-02, 1.5492881914515617e-04,
          -9.3149349293315600e-02, -5.6899400821150822e-03,
          -1.1525292401326485e-02, 1.5934567998748820e-02,
          1.5539548550716370e-01, 9.0120466588078513e-03,
          1.9298735396859870e-01, 2.8487819085080845e-01,
          7.9929457845388310e-02, -1.1912271739922254e-02,
          2.3020617498780183e-01, -6.4900299935329725e-02,
          4.8802329773569034e-02, 4.3303073694802574e-02,
          9.0120466588078513e-03, 2.6209710181674384e-01 ]
   - !!opencv-matrix
      rows: 10
      cols: 10
      dt: d
