%YAML:1.0
---
groups:
   - intact
   - CD19
   - blast
intactGmmnames:
   - "intact.48119.0"
   - "intact.48119.1"
   - "intact.48119.2"
   - "intact.48119.3"
   - "intact.48119.4"
intactLabels:
   - FSC-A
   - SSC-A
   - SY41
   - CD19
   - CD10
   - CD20
   - CD45
   - CD34
   - CD38
   - CD58
intactMu: !!opencv-matrix
   rows: 5
   cols: 10
   dt: d
   data: [ 9.4546962194606099e-01, 2.5511299004704879e-01,
       2.9438408294962759e+00, 1.2832171142998385e+00,
       1.1453916933415040e+00, 1.2826271519005576e+00,
       3.1795458806027934e+00, 9.7365521753291862e-01,
       1.6754999076516011e+00, 1.3346951234632651e+00,
       1.8214878559029588e+00, 2.4692718267968115e+00,
       2.8693262738471410e+00, 1.3843903183857813e+00,
       2.5077966785350929e+00, 1.3073899314373312e+00,
       3.1001332575527480e+00, 1.1741056120957714e+00,
       1.6682621562195605e+00, 2.1764778213672962e+00,
       1.0207473635678053e+00, 4.8746557247950778e-01,
       2.9588700389231741e+00, 1.2812095276710258e+00,
       1.2966816392766092e+00, 1.2983116624688522e+00,
       1.3985555788569493e+00, 1.0537983131019717e+00,
       1.6256697291673117e+00, 2.4637559206152888e+00,
       1.8241419157024714e+00, 1.5820718152787174e+00,
       2.9408265422884261e+00, 1.3593254627359521e+00,
       1.4519512161842176e+00, 1.4331158932039816e+00,
       2.8359343968386477e+00, 1.2701070008115332e+00,
       1.9944614212802887e+00, 2.0740941886209492e+00,
       1.1874156634732309e+00, 4.7731124696974214e-01,
       2.9078706009268500e+00, 1.2917686105703579e+00,
       1.1083632025458867e+00, 1.2612682851485473e+00,
       3.2391553943098508e+00, 9.8655664557167744e-01,
       2.1030044068236142e+00, 1.7632723062791216e+00 ]
intactSigma:
   - !!opencv-matrix
      rows: 10
      cols: 10
      dt: d
      data: [ 5.1060076647967322e-02, 4.7968115202491890e-03,
          -1.1038300397370368e-02, -9.6100633608647075e-04,
          -2.7796075986893421e-02, -2.7329819661524243e-03,
          2.7752668092037836e-03, 1.1497581161711145e-03,
          -3.6533090764755290e-03, 2.2981694668792331e-02,
          4.7968115202491890e-03, 4.9940885775547113e-03,
          -8.7823310951239288e-05, 1.1673593914928735e-04,
          1.3635670219467363e-03, -1.0080939274998046e-04,
          3.0677669764651969e-03, 9.9539694951452751e-04,
          -1.9437017687606803e-03, 1.8061646714231518e-02,
          -1.1038300397370368e-02, -8.7823310951239288e-05,
          1.0585654975426542e-02, 4.4159429794249854e-04,
          1.4497384825094542e-02, 1.2726795199082383e-03,
          4.8771028719281909e-04, 3.7434252967737081e-04,
          3.6718292810286341e-04, -3.4846264155502346e-03,
          -9.6100633608647075e-04, 1.1673593914928735e-04,
          4.4159429794249854e-04, 2.0897010290743404e-03,
          -2.3539261149530277e-03, -4.4964554523848679e-05,
          4.1972917262020907e-05, 3.5868163102284207e-04,
          2.8151847799273830e-04, 4.6276171400089482e-04,
          -2.7796075986893418e-02, 1.3635670219467361e-03,
          1.4497384825094542e-02, -2.3539261149530277e-03,
          9.4772092200619246e-02, 2.2565551982794076e-03,
          2.8986944008908212e-03, -4.3837027492201917e-03,
          -2.0174953693202755e-03, -4.2964122389475747e-04,
          -2.7329819661524243e-03, -1.0080939274998052e-04,
          1.2726795199082387e-03, -4.4964554523848692e-05,
          2.2565551982794076e-03, 7.8645188420264391e-03,
          -9.2520877467070563e-05, 2.2660721668565521e-04,
          -1.5130664007450001e-03, -1.6369202291601256e-03,
          2.7752668092037827e-03, 3.0677669764651969e-03,
          4.8771028719281909e-04, 4.1972917262020839e-05,
          2.8986944008908225e-03, -9.2520877467070495e-05,
          1.4565793204610671e-02, 3.8671756096568630e-04,
          1.3046299039967956e-04, 9.2841828610447444e-03,
          1.1497581161711145e-03, 9.9539694951452751e-04,
          3.7434252967737076e-04, 3.5868163102284202e-04,
          -4.3837027492201926e-03, 2.2660721668565510e-04,
          3.8671756096568630e-04, 2.1875064930433799e-02,
          -6.7989032140457629e-05, 4.4255064499449806e-03,
          -3.6533090764755277e-03, -1.9437017687606803e-03,
          3.6718292810286341e-04, 2.8151847799273840e-04,
          -2.0174953693202755e-03, -1.5130664007450001e-03,
          1.3046299039967956e-04, -6.7989032140457575e-05,
          1.7869699381228728e-02, -8.3596029265874498e-03,
          2.2981694668792338e-02, 1.8061646714231518e-02,
          -3.4846264155502355e-03, 4.6276171400089455e-04,
          -4.2964122389475747e-04, -1.6369202291601267e-03,
          9.2841828610447444e-03, 4.4255064499449824e-03,
          -8.3596029265874498e-03, 1.9372178497555426e-01 ]
   - !!opencv-matrix
      rows: 10
      cols: 10
      dt: d
      data: [ 2.9566410002874977e-01, 2.4484430184685746e-01,
          -4.0238454798721401e-02, 6.3714552365119392e-03,
          5.6776880875869545e-02, -1.0299096477736394e-02,
          6.3188787120462581e-02, 9.5977846488521819e-03,
          1.5135764346670987e-02, 4.8557441043792150e-02,
          2.4484430184685746e-01, 4.1506049942187234e-01,
          -1.9169735484361666e-02, 7.2780487231148133e-03,
          6.3364775275904561e-02, -7.2571368768281665e-03,
          5.3139751920454482e-02, 1.3507769056200103e-02,
          1.6491584749286765e-02, 5.6487659271265228e-02,
          -4.0238454798721401e-02, -1.9169735484361673e-02,
          6.5084926184964434e-02, -1.3845762370473052e-03,
          -1.8761821140552141e-02, 6.0633830803344009e-03,
          -2.0309616109583237e-02, 1.7639557807414394e-03,
          -3.6753778153984619e-03, -1.1219836547075894e-02,
          6.3714552365119392e-03, 7.2780487231148151e-03,
          -1.3845762370473056e-03, 1.7052698844711583e-02,
          1.1940364034893085e-02, -7.1273834525989346e-04,
          6.0267898422039431e-03, 1.1594024446887152e-03,
          4.2059901965621985e-03, 3.5393602023289974e-03,
          5.6776880875869545e-02, 6.3364775275904561e-02,
          -1.8761821140552144e-02, 1.1940364034893085e-02,
          1.1009532284263937e-01, -7.0212807561372739e-03,
          4.6786099740281979e-02, -1.8990494737195975e-03,
          9.4250778194103334e-03, 2.2627501382204710e-02,
          -1.0299096477736394e-02, -7.2571368768281691e-03,
          6.0633830803344009e-03, -7.1273834525989368e-04,
          -7.0212807561372756e-03, 1.6575414789879884e-02,
          -5.6286414321927714e-03, 1.9105901373725324e-03,
          -3.2162174935172760e-03, -2.7179082588954422e-03,
          6.3188787120462581e-02, 5.3139751920454482e-02,
          -2.0309616109583237e-02, 6.0267898422039449e-03,
          4.6786099740281972e-02, -5.6286414321927696e-03,
          5.0533387738767074e-02, 5.7476727756344036e-03,
          7.4477967008733867e-03, 2.2188215067770651e-02,
          9.5977846488521906e-03, 1.3507769056200101e-02,
          1.7639557807414398e-03, 1.1594024446887152e-03,
          -1.8990494737195973e-03, 1.9105901373725315e-03,
          5.7476727756344053e-03, 1.2145978088293380e-01,
          1.0020530742625886e-03, 1.5072137780998351e-03,
          1.5135764346670990e-02, 1.6491584749286765e-02,
          -3.6753778153984619e-03, 4.2059901965621994e-03,
          9.4250778194103334e-03, -3.2162174935172769e-03,
          7.4477967008733867e-03, 1.0020530742625882e-03,
          1.1648077109268859e-02, 9.2857745862716459e-03,
          4.8557441043792150e-02, 5.6487659271265228e-02,
          -1.1219836547075890e-02, 3.5393602023289974e-03,
          2.2627501382204710e-02, -2.7179082588954431e-03,
          2.2188215067770647e-02, 1.5072137780998336e-03,
          9.2857745862716442e-03, 3.6806063725431742e-02 ]
   - !!opencv-matrix
      rows: 10
      cols: 10
      dt: d
