%YAML:1.0
---
groups:
   - intact
   - CD19
   - blast
intactGmmnames:
   - "intact.48188.0"
   - "intact.48188.1"
   - "intact.48188.2"
   - "intact.48188.3"
   - "intact.48188.4"
intactLabels:
   - FSC-A
   - SSC-A
   - SY41
   - CD19
   - CD10
   - CD20
   - CD45
   - CD34
   - CD38
   - CD58
intactMu: !!opencv-matrix
   rows: 5
   cols: 10
   dt: d
   data: [ 2.4003833923471065e+00, 2.5883483294561804e+00,
       2.9485190532899557e+00, 1.3652454398992027e+00,
       1.9875463797681587e+00, 1.3526320336444537e+00,
       3.0958788507875914e+00, 1.2838605096815119e+00,
       2.1092393611146920e+00, 2.4783428245173331e+00,
       1.0771004185761841e+00, 3.1087694415297484e-01,
       2.8242493977298619e+00, 1.2519644549865929e+00,
       1.0321904272895555e+00, 1.1895655059629053e+00,
       3.3976990328953334e+00, 9.9398273570310414e-01,
       1.9763930966210344e+00, 1.3088939307678709e+00,
       1.1073980423436198e+00, 5.2264454248978820e-01,
       2.9819414508035567e+00, 1.2621188437061255e+00,
       1.3800361014131730e+00, 1.2533387267254816e+00,
       1.7775895319853885e+00, 1.1278226156919440e+00,
       1.9840883985140039e+00, 2.6697798945378088e+00,
       1.3409464350491660e+00, 4.7459351285272544e-01,
       2.7900865285912997e+00, 1.2649471019815335e+00,
       1.0426197120747736e+00, 1.0815304805228352e+00,
       3.4938051461688806e+00, 1.0179854397166488e+00,
       1.8031135797026172e+00, 2.1204221938390235e+00,
       1.4355623596294287e+00, 5.2397852924519539e-01,
       2.7853805857074585e+00, 1.2777252234018750e+00,
       1.0442941405418955e+00, 1.0909309602410528e+00,
       3.4930998923314283e+00, 1.0132338011115902e+00,
       2.7847539906012995e+00, 1.9947651893117069e+00 ]
intactSigma:
   - !!opencv-matrix
      rows: 10
      cols: 10
      dt: d
      data: [ 2.6661525780581952e-01, 2.0036638707078100e-01,
          2.0745917631598905e-03, -2.7037407863332715e-03,
          -3.6373120849192336e-02, 1.7959337732715770e-03,
          2.4493960271899729e-03, 4.9468481808820491e-03,
          2.6575781258732219e-02, 1.9224948687123343e-02,
          2.0036638707078100e-01, 4.2419286617836388e-01,
          -6.4526929851411721e-03, 6.5689331937302800e-03,
          7.5001730748118237e-02, 6.9469714383998907e-03,
          3.8241832279957089e-02, -1.0498369513264152e-02,
          -1.5321856438354063e-02, 2.5414482470767101e-02,
          2.0745917631598905e-03, -6.4526929851411712e-03,
          1.5115393703882731e-02, 4.0105129375808251e-04,
          -1.1183047392686768e-02, -2.8521062415491990e-04,
          -2.5696991469070273e-03, 6.2090376809018485e-03,
          2.2059377761915560e-02, 3.5148897793569655e-03,
          -2.7037407863332715e-03, 6.5689331937302808e-03,
          4.0105129375808251e-04, 1.5943425631674838e-02,
          1.8448137619752569e-02, 3.1719541183989814e-03,
          7.2297549378122425e-03, 2.3377388601190960e-03,
          2.0456388705780214e-03, 1.3760925384265876e-03,
          -3.6373120849192336e-02, 7.5001730748118237e-02,
          -1.1183047392686768e-02, 1.8448137619752569e-02,
          2.3451009387516655e-01, 8.8379286522473899e-03,
          5.8391520294782770e-02, -1.0192988727318206e-02,
          -7.1359518446035261e-02, 1.0019844112267856e-02,
          1.7959337732715770e-03, 6.9469714383998925e-03,
          -2.8521062415491990e-04, 3.1719541183989814e-03,
          8.8379286522473916e-03, 2.5014353885163935e-02,
          1.7688993490972045e-03, -1.1815397441702583e-03,
          -8.7290975418806652e-03, 5.4781917913707600e-04,
          2.4493960271899729e-03, 3.8241832279957089e-02,
          -2.5696991469070273e-03, 7.2297549378122425e-03,
          5.8391520294782770e-02, 1.7688993490972045e-03,
          4.8273094242851519e-02, 4.5264519956484759e-03,
          -1.3055208117063703e-02, 9.2467340644044570e-03,
          4.9468481808820474e-03, -1.0498369513264156e-02,
          6.2090376809018485e-03, 2.3377388601190960e-03,
          -1.0192988727318202e-02, -1.1815397441702583e-03,
          4.5264519956484759e-03, 1.3422699954622769e-01,
          2.8850105392876548e-02, 3.8377691499253560e-03,
          2.6575781258732219e-02, -1.5321856438354063e-02,
          2.2059377761915560e-02, 2.0456388705780218e-03,
          -7.1359518446035261e-02, -8.7290975418806652e-03,
          -1.3055208117063703e-02, 2.8850105392876541e-02,
          1.3446217433073676e-01, 1.1326020844004428e-02,
          1.9224948687123343e-02, 2.5414482470767105e-02,
          3.5148897793569655e-03, 1.3760925384265876e-03,
          1.0019844112267856e-02, 5.4781917913707600e-04,
          9.2467340644044570e-03, 3.8377691499253560e-03,
          1.1326020844004428e-02, 2.1232051216294536e-02 ]
   - !!opencv-matrix
      rows: 10
      cols: 10
      dt: d
      data: [ 3.0177467986347982e-02, 4.4786539372773321e-03,
          1.8781086034640637e-03, -1.4553547315219895e-04,
          -6.3656118089301032e-04, -1.6890687878458736e-03,
          5.1034493239091004e-03, 4.6111478856143798e-04,
          -5.1509367835573016e-03, 1.1588939258325546e-02,
          4.4786539372773321e-03, 4.8298777079888271e-03,
          5.6569941416404249e-04, -7.6087991734811737e-05,
          -1.8483053173521009e-04, -9.7872251408932060e-04,
          3.9681056447719368e-03, 4.8974246537728373e-04,
          -4.4580818384910821e-03, 1.6037184419903292e-02,
          1.8781086034640637e-03, 5.6569941416404249e-04,
          5.1140108514496326e-03, 5.4932110437509027e-05,
          1.5040254768197265e-03, 1.8372128537212906e-04,
          3.1258475202913680e-04, 9.4247239862377811e-05,
          -1.6466964494049295e-03, 1.7686778878461167e-03,
          -1.4553547315219892e-04, -7.6087991734811696e-05,
          5.4932110437509075e-05, 1.7236722941766148e-03,
          -1.2279801024237893e-03, -2.5275995507592343e-04,
          -1.4610189343612439e-04, 2.7444449309444851e-04,
          1.0695356139579181e-03, 5.6043160791734133e-05,
          -6.3656118089301010e-04, -1.8483053173521009e-04,
          1.5040254768197265e-03, -1.2279801024237893e-03,
          1.1095188400406616e-02, 1.8254413568810068e-04,
          9.0968138362102185e-05, -3.4844438935586718e-03,
          -2.7165367632978419e-03, 1.6274851120737653e-03,
          -1.6890687878458736e-03, -9.7872251408932039e-04,
          1.8372128537212906e-04, -2.5275995507592332e-04,
          1.8254413568810060e-04, 1.3592103407028237e-02,
          -9.0229830255024728e-04, -3.1300763509812136e-04,
          -2.3911377961770472e-03, -8.3735148095250480e-03,
          5.1034493239090995e-03, 3.9681056447719368e-03,
          3.1258475202913680e-04, -1.4610189343612436e-04,
          9.0968138362102293e-05, -9.0229830255024695e-04,
          8.8541198880594009e-03, 2.3712878829339123e-04,
          -4.5035388316525789e-03, 1.1610499946397474e-02,
          4.6111478856143782e-04, 4.8974246537728373e-04,
          9.4247239862377811e-05, 2.7444449309444851e-04,
          -3.4844438935586718e-03, -3.1300763509812141e-04,
          2.3712878829339117e-04, 2.3604635256507737e-02,
          -7.1773634716573828e-04, 3.3457764231531028e-03,
          -5.1509367835573016e-03, -4.4580818384910830e-03,
          -1.6466964494049295e-03, 1.0695356139579187e-03,
          -2.7165367632978415e-03, -2.3911377961770472e-03,
          -4.5035388316525789e-03, -7.1773634716573861e-04,
          7.7236019870366976e-02, -1.9296297098796978e-02,
          1.1588939258325546e-02, 1.6037184419903292e-02,
          1.7686778878461160e-03, 5.6043160791734235e-05,
          1.6274851120737653e-03, -8.3735148095250480e-03,
          1.1610499946397472e-02, 3.3457764231531015e-03,
          -1.9296297098796971e-02, 1.9405790569015072e-01 ]
   - !!opencv-matrix
      rows: 10
      cols: 10
      dt: d
