%YAML:1.0
---
groups:
   - intact
   - CD19
   - blast
intactGmmnames:
   - "intact.48196.0"
   - "intact.48196.1"
   - "intact.48196.2"
   - "intact.48196.3"
   - "intact.48196.4"
intactLabels:
   - FSC-A
   - SSC-A
   - SY41
   - CD19
   - CD10
   - CD20
   - CD45
   - CD34
   - CD38
   - CD58
intactMu: !!opencv-matrix
   rows: 5
   cols: 10
   dt: d
   data: [ 6.8146896053261086e-01, 5.8684048574071668e-01,
       3.6551163590372853e+00, 1.3460055598609661e+00,
       1.1864167451845433e+00, 1.3053331977263125e+00,
       1.4360903836500858e+00, 1.2372427382515558e+00,
       1.5542357411050622e+00, 2.0400638674013285e+00,
       1.3835048799168610e+00, 1.4921342521343426e+00,
       3.6139437373887429e+00, 1.5007240059024487e+00,
       1.7010271130810644e+00, 1.8748275851748013e+00,
       2.6430719047271269e+00, 1.3486234034193927e+00,
       1.8309967045187205e+00, 1.9827411703588773e+00,
       2.5050687607888018e+00, 2.8515662230024188e+00,
       3.5227454388336459e+00, 1.3577730257436840e+00,
       1.9012257883049188e+00, 1.3649840449557966e+00,
       2.7209513350526429e+00, 1.2244248264194484e+00,
       1.6282566751894905e+00, 2.0845823747821748e+00,
       2.1391887574340283e+00, 2.6720401710908983e+00,
       3.6132338870228686e+00, 1.3394225142484697e+00,
       1.6010692197434959e+00, 1.3610890584298043e+00,
       2.4395921883959875e+00, 1.2348041889573191e+00,
       1.5876136168077906e+00, 1.8026286237119360e+00,
       7.8814699536702670e-01, 5.7612117601569435e-01,
       3.6040456702117569e+00, 1.3215168468468348e+00,
       1.2226560006430571e+00, 1.3105769840091983e+00,
       3.1045067828143913e+00, 1.1704390805599072e+00,
       1.6519504695887457e+00, 1.6197116979844475e+00 ]
intactSigma:
   - !!opencv-matrix
      rows: 10
      cols: 10
      dt: d
      data: [ 1.2108584347334816e-01, 3.6544648672654549e-02,
          -5.3241002635377611e-03, 1.0151274866976048e-04,
          5.9989244921811137e-03, -1.9801067688997253e-03,
          1.5368013671115038e-02, 1.3802614805794625e-03,
          2.9043148372218538e-03, 5.4330588049510735e-02,
          3.6544648672654556e-02, 7.3303275346548874e-02,
          1.8004339902696471e-02, 2.9567613125447739e-03,
          1.2485619677219457e-02, 8.7777788004419367e-03,
          2.6537177376941334e-02, 7.6258238135576868e-03,
          2.6647863609092575e-03, 4.2913536292339002e-02,
          -5.3241002635377602e-03, 1.8004339902696471e-02,
          4.2113774302087556e-02, 2.7703258355104526e-03,
          7.5633024747925638e-03, 9.1685759555109898e-03,
          -9.6384564655333672e-03, 4.1567459396058461e-03,
          9.7826487242299556e-04, 1.1429819040384086e-02,
          1.0151274866976040e-04, 2.9567613125447739e-03,
          2.7703258355104531e-03, 2.1593095246226564e-03,
          -4.3554697531712018e-04, 1.0091491779957850e-03,
          1.6048834010948610e-03, 1.0931951411366661e-03,
          3.5700841581640845e-04, 2.0940302364586233e-03,
          5.9989244921811137e-03, 1.2485619677219457e-02,
          7.5633024747925638e-03, -4.3554697531712018e-04,
          2.2835099382200515e-02, 3.4084382355341991e-03,
          5.1588527479285206e-03, -4.2774311142598862e-03,
          -6.2543750976000706e-04, 9.7474192965609462e-03,
          -1.9801067688997231e-03, 8.7777788004419367e-03,
          9.1685759555109898e-03, 1.0091491779957848e-03,
          3.4084382355342000e-03, 1.1762613931509043e-02,
          2.0010205305437852e-03, 2.9054872336788697e-03,
          3.3852196907163853e-05, 5.7486078680591963e-04,
          1.5368013671115035e-02, 2.6537177376941334e-02,
          -9.6384564655333637e-03, 1.6048834010948605e-03,
          5.1588527479285206e-03, 2.0010205305437847e-03,
          6.2437393629001275e-02, 5.6008213136360960e-03,
          1.6613597151346902e-03, 1.7719413034502352e-02,
          1.3802614805794628e-03, 7.6258238135576868e-03,
          4.1567459396058453e-03, 1.0931951411366657e-03,
          -4.2774311142598862e-03, 2.9054872336788697e-03,
          5.6008213136360960e-03, 2.6582903054322815e-02,
          1.1751095701520392e-03, 2.9389024003382757e-03,
          2.9043148372218538e-03, 2.6647863609092571e-03,
          9.7826487242299535e-04, 3.5700841581640840e-04,
          -6.2543750976000695e-04, 3.3852196907163840e-05,
          1.6613597151346905e-03, 1.1751095701520392e-03,
          8.8767548304425129e-04, 2.8968523581085256e-03,
          5.4330588049510728e-02, 4.2913536292339002e-02,
          1.1429819040384086e-02, 2.0940302364586233e-03,
          9.7474192965609462e-03, 5.7486078680591963e-04,
          1.7719413034502352e-02, 2.9389024003382757e-03,
          2.8968523581085251e-03, 1.7653552768726372e-01 ]
   - !!opencv-matrix
      rows: 10
      cols: 10
      dt: d
      data: [ 7.7169271530221484e-01, 7.0142449501738535e-01,
          -1.5311212536959251e-02, 9.0921093775643853e-03,
          3.1034100405131024e-02, 6.5205505642405306e-02,
          1.3464466993560326e-01, 3.1397142404938412e-02,
          4.6219244866823397e-02, 1.3598332989672715e-01,
          7.0142449501738535e-01, 1.0374447992746880e+00,
          1.6573107044568970e-02, 4.3467560602066656e-02,
          1.1465496308946697e-01, 1.5974113329250739e-01,
          9.4567844551359248e-02, 4.5851303639890061e-02,
          1.7074835433302574e-02, 2.0199130355876213e-01,
          -1.5311212536959247e-02, 1.6573107044568970e-02,
          3.0928306286184617e-02, 1.0456106791842388e-02,
          1.8295952848682653e-02, 2.0783809196724259e-02,
          -2.5142605680375362e-02, -6.7373020433723571e-04,
          -8.5020088455910036e-03, 5.5484219241514997e-03,
          9.0921093775643887e-03, 4.3467560602066656e-02,
          1.0456106791842388e-02, 5.4578560899069338e-02,
          7.5690010621882839e-02, 5.9215734158222337e-02,
          -1.7095316266997531e-02, 1.1122948243733096e-03,
          -1.6188083081815373e-02, 1.3320580449206998e-02,
          3.1034100405131042e-02, 1.1465496308946697e-01,
          1.8295952848682660e-02, 7.5690010621882839e-02,
          4.0345303231305102e-01, 6.1461349355891981e-02,
          -1.2128358792536134e-01, -3.8485045755538523e-02,
          -6.3523543823543790e-02, 3.3103003568516032e-02,
          6.5205505642405306e-02, 1.5974113329250739e-01,
          2.0783809196724262e-02, 5.9215734158222351e-02,
          6.1461349355892002e-02, 3.0906088650568248e-01,
          1.1752668837683935e-02, 3.8298604159413187e-03,
          -3.3272545429244002e-02, 5.3211844666723004e-02,
          1.3464466993560326e-01, 9.4567844551359262e-02,
          -2.5142605680375362e-02, -1.7095316266997531e-02,
          -1.2128358792536131e-01, 1.1752668837683935e-02,
          3.5009235174596065e-01, 1.7341287392625644e-02,
          5.1104399737407810e-02, 5.1694918444277975e-02,
          3.1397142404938426e-02, 4.5851303639890054e-02,
          -6.7373020433723516e-04, 1.1122948243733103e-03,
          -3.8485045755538537e-02, 3.8298604159413187e-03,
          1.7341287392625648e-02, 1.6341814494350604e-01,
          -6.2010556811421716e-04, 4.0910094775217232e-02,
          4.6219244866823397e-02, 1.7074835433302574e-02,
          -8.5020088455910036e-03, -1.6188083081815369e-02,
          -6.3523543823543790e-02, -3.3272545429244002e-02,
          5.1104399737407810e-02, -6.2010556811421694e-04,
          1.0636794532853025e-01, 6.7501804379560366e-03,
          1.3598332989672715e-01, 2.0199130355876213e-01,
          5.5484219241514979e-03, 1.3320580449206997e-02,
          3.3103003568516032e-02, 5.3211844666722984e-02,
          5.1694918444277982e-02, 4.0910094775217232e-02,
          6.7501804379560366e-03, 2.3017244914388768e-01 ]
   - !!opencv-matrix
      rows: 10
      cols: 10
      dt: d
