%YAML:1.0
---
groups:
   - intact
   - CD19
   - blast
intactGmmnames:
   - "intact.48391.0"
   - "intact.48391.1"
   - "intact.48391.2"
   - "intact.48391.3"
   - "intact.48391.4"
intactLabels:
   - FSC-A
   - SSC-A
   - SY41
   - CD19
   - CD10
   - CD20
   - CD45
   - CD34
   - CD38
   - CD58
intactMu: !!opencv-matrix
   rows: 5
   cols: 10
   dt: d
   data: [ 8.9558375691588155e-01, 3.1137731187054601e-01,
       2.8537331425025272e+00, 1.2934875239031776e+00,
       1.0314763457095120e+00, 1.3011853144388525e+00,
       1.2992673443239582e+00, 1.1779508914952226e+00,
       1.5360406547777563e+00, 2.4249369404388350e+00,
       1.7488190765891611e+00, 1.0463717215536976e+00,
       3.1211148202936019e+00, 1.3840644865529090e+00,
       1.4526644027402416e+00, 1.5172041436691985e+00,
       2.5105456604780394e+00, 1.3838684121331764e+00,
       2.1028386524122378e+00, 2.4376321817660003e+00,
       1.3900992718464671e+00, 4.1198412845238314e-01,
       2.8299148946923465e+00, 1.2172651508698640e+00,
       1.1873052289036077e+00, 1.3058124611747395e+00,
       3.5600689705814879e+00, 1.0345120014294393e+00,
       2.3661035168011204e+00, 1.7831728587578615e+00,
       1.1316242513997088e+00, 2.4548222981806553e-01,
       3.0469101243039303e+00, 1.2583199594564782e+00,
       9.7855673672272536e-01, 1.3257845675234721e+00,
       3.4461907275978536e+00, 1.0803891097329763e+00,
       2.1243775283691040e+00, 1.2049218910295607e+00,
       2.5463767652493359e+00, 2.9864532662120613e+00,
       2.7535300544805965e+00, 1.4496340042366498e+00,
       2.6413098027142166e+00, 1.3262559553126509e+00,
       3.2850853810534382e+00, 1.2441031933235907e+00,
       1.9054208361444478e+00, 2.2832914328537735e+00 ]
intactSigma:
   - !!opencv-matrix
      rows: 10
      cols: 10
      dt: d
      data: [ 4.3679219243139514e-02, 9.9577906107394948e-03,
          5.9897612998328735e-03, 4.5218082395904433e-04,
          6.9062966847945988e-03, 1.1930089606304660e-03,
          1.9527288043118100e-02, 3.3615074806457299e-03,
          3.6070469725317448e-03, 1.3354495920017608e-02,
          9.9577906107394948e-03, 1.0212667164552771e-02,
          5.9268185075812396e-03, 4.9894008789145607e-04,
          5.0782768085262985e-03, 1.1113702761034552e-03,
          9.6475566622269710e-03, 2.5610649229847061e-03,
          2.2916015488844712e-03, 1.2004086188545629e-02,
          5.9897612998328718e-03, 5.9268185075812404e-03,
          8.0770423328440838e-02, 1.4671694705029514e-03,
          1.5135836325055741e-02, 5.1459120110629733e-03,
          9.9279457074581568e-03, 4.1055795954344750e-03,
          4.5051647499513873e-03, 1.5322048356335155e-02,
          4.5218082395904433e-04, 4.9894008789145607e-04,
          1.4671694705029516e-03, 1.4779135705137033e-03,
          -1.4599753000170464e-03, 9.0241558153200300e-05,
          8.8735361108471919e-04, 2.4292176599498671e-04,
          3.8471821362983581e-04, 8.4270724820043920e-04,
          6.9062966847945988e-03, 5.0782768085262976e-03,
          1.5135836325055744e-02, -1.4599753000170467e-03,
          6.4212847400737988e-02, 1.4486023473329710e-03,
          1.1587552954377765e-02, -2.7870540631504421e-03,
          2.1115167513247146e-03, 1.0278049329028729e-02,
          1.1930089606304660e-03, 1.1113702761034552e-03,
          5.1459120110629733e-03, 9.0241558153200259e-05,
          1.4486023473329714e-03, 4.6041858693750184e-03,
          2.3276497377137718e-03, 6.0819975373599486e-04,
          -1.0792777412981715e-04, 1.7730289907796383e-03,
          1.9527288043118100e-02, 9.6475566622269728e-03,
          9.9279457074581585e-03, 8.8735361108471886e-04,
          1.1587552954377765e-02, 2.3276497377137718e-03,
          8.7815177910019193e-02, 4.1630796466936423e-03,
          5.6242372885037493e-03, 1.1482122470812780e-02,
          3.3615074806457299e-03, 2.5610649229847061e-03,
          4.1055795954344724e-03, 2.4292176599498665e-04,
          -2.7870540631504412e-03, 6.0819975373599476e-04,
          4.1630796466936414e-03, 1.5302863607964552e-02,
          1.2189901023252497e-03, 4.5332726820483532e-03,
          3.6070469725317448e-03, 2.2916015488844712e-03,
          4.5051647499513873e-03, 3.8471821362983581e-04,
          2.1115167513247150e-03, -1.0792777412981709e-04,
          5.6242372885037493e-03, 1.2189901023252491e-03,
          3.2917120731346876e-03, 4.6208617978188635e-03,
          1.3354495920017608e-02, 1.2004086188545629e-02,
          1.5322048356335155e-02, 8.4270724820043920e-04,
          1.0278049329028729e-02, 1.7730289907796376e-03,
          1.1482122470812780e-02, 4.5332726820483532e-03,
          4.6208617978188635e-03, 3.0623392950660307e-02 ]
   - !!opencv-matrix
      rows: 10
      cols: 10
      dt: d
      data: [ 6.5238526350854176e-01, 3.4290920853298845e-01,
          -8.0725238378770464e-02, -9.4473150761347994e-03,
          6.2818025703987881e-02, -2.3233785578019694e-02,
          3.0816409527141064e-01, 1.2309259953903463e-01,
          1.4926114721738284e-01, 5.1529786191299352e-02,
          3.4290920853298845e-01, 4.6531584508018659e-01,
          -4.6489505556285643e-02, 8.5207236287983684e-03,
          8.9414604825598834e-02, -5.0884500466566009e-03,
          2.3155159550074209e-01, 5.5163662150879499e-02,
          8.7921634452931635e-02, 1.1120516138467552e-02,
          -8.0725238378770464e-02, -4.6489505556285650e-02,
          1.0191467630933113e-01, 8.1895485566787653e-05,
          5.0141785396621216e-03, 8.3215139384897139e-03,
          -7.4591127376800334e-02, -1.8409831772630541e-02,
          -1.0278773842910051e-02, 2.2836400083203312e-02,
          -9.4473150761347994e-03, 8.5207236287983684e-03,
          8.1895485566787232e-05, 4.8754888382511033e-02,
          2.2364374380197841e-02, 5.3254819993788401e-02,
          1.2015270936881836e-02, 3.6747357634984929e-03,
          1.5348319341044654e-03, -1.6740311657864861e-02,
          6.2818025703987868e-02, 8.9414604825598820e-02,
          5.0141785396621216e-03, 2.2364374380197841e-02,
          2.4546523465989969e-01, 2.0460855723614082e-02,
          5.2245927669156263e-02, 2.1898863870969145e-02,
          -2.9124603468976978e-02, 1.9584048647716009e-02,
          -2.3233785578019694e-02, -5.0884500466566009e-03,
          8.3215139384897139e-03, 5.3254819993788415e-02,
          2.0460855723614089e-02, 1.5454153945170362e-01,
          6.7220852302084591e-02, 1.9825619712527495e-02,
          3.8317508443194127e-02, -3.0226764778552111e-02,
          3.0816409527141064e-01, 2.3155159550074209e-01,
          -7.4591127376800334e-02, 1.2015270936881836e-02,
          5.2245927669156297e-02, 6.7220852302084591e-02,
          6.4317595489957979e-01, 4.6835016401025144e-02,
          3.1120264726031088e-01, -1.1449736015487361e-01,
          1.2309259953903462e-01, 5.5163662150879512e-02,
          -1.8409831772630541e-02, 3.6747357634984929e-03,
          2.1898863870969155e-02, 1.9825619712527498e-02,
          4.6835016401025144e-02, 2.2503254741362902e-01,
          3.2693027642505409e-02, 3.3093378238164016e-02,
          1.4926114721738284e-01, 8.7921634452931635e-02,
          -1.0278773842910049e-02, 1.5348319341044660e-03,
          -2.9124603468976978e-02, 3.8317508443194127e-02,
          3.1120264726031088e-01, 3.2693027642505409e-02,
          3.9073297750238140e-01, -5.1385580456411950e-02,
          5.1529786191299373e-02, 1.1120516138467552e-02,
          2.2836400083203312e-02, -1.6740311657864857e-02,
          1.9584048647716009e-02, -3.0226764778552111e-02,
          -1.1449736015487365e-01, 3.3093378238164016e-02,
          -5.1385580456411978e-02, 2.3472310261388077e-01 ]
   - !!opencv-matrix
      rows: 10
      cols: 10
      dt: d
