%YAML:1.0
---
groups:
   - intact
   - CD19
   - blast
intactGmmnames:
   - "intact.48391.0"
   - "intact.48391.1"
   - "intact.48391.2"
   - "intact.48391.3"
   - "intact.48391.4"
intactLabels:
   - FSC-A
   - SSC-A
   - SY41
   - CD19
   - CD10
   - CD20
   - CD45
   - CD34
   - CD38
   - CD58
intactMu: !!opencv-matrix
   rows: 5
   cols: 10
   dt: d
   data: [ 8.9558375691588155e-01, 3.1137731187054601e-01,
       2.8537331425025272e+00, 1.2934875239031776e+00,
       1.0314763457095120e+00, 1.3011853144388525e+00,
       1.2992673443239582e+00, 1.1779508914952226e+00,
       1.5360406547777563e+00, 2.4249369404388350e+00,
       1.7488190765891611e+00, 1.0463717215536976e+00,
       3.1211148202936019e+00, 1.3840644865529090e+00,
       1.4526644027402416e+00, 1.5172041436691985e+00,
       2.5105456604780394e+00, 1.3838684121331764e+00,
       2.1028386524122378e+00, 2.4376321817660003e+00,
       1.3900992718464671e+00, 4.1198412845238314e-01,
       2.8299148946923465e+00, 1.2172651508698640e+00,
       1.1873052289036077e+00, 1.3058124611747395e+00,
       3.5600689705814879e+00, 1.0345120014294393e+00,
       2.3661035168011204e+00, 1.7831728587578615e+00,
       1.1316242513997088e+00, 2.4548222981806553e-01,
       3.0469101243039303e+00, 1.2583199594564782e+00,
       9.7855673672272536e-01, 1.3257845675234721e+00,
       3.4461907275978536e+00, 1.0803891097329763e+00,
       2.1243775283691040e+00, 1.2049218910295607e+00,
       2.5463767652493359e+00, 2.9864532662120613e+00,
       2.7535300544805965e+00, 1.4496340042366498e+00,
       2.6413098027142166e+00, 1.3262559553126509e+00,
       3.2850853810534382e+00, 1.2441031933235907e+00,
       1.9054208361444478e+00, 2.2832914328537735e+00 ]
intactSigma:
   - !!opencv-matrix
      rows: 10
      cols: 10
      dt: d
      data: [ 4.3679219243139514e-02, 9.9577906107394948e-03,
          5.9897612998328735e-03, 4.5218082395904433e-04,
          6.9062966847945988e-03, 1.1930089606304660e-03,
          1.9527288043118100e-02, 3.3615074806457299e-03,
          3.6070469725317448e-03, 1.3354495920017608e-02,
          9.9577906107394948e-03, 1.0212667164552771e-02,
          5.9268185075812396e-03, 4.9894008789145607e-04,
          5.0782768085262985e-03, 1.1113702761034552e-03,
          9.6475566622269710e-03, 2.5610649229847061e-03,
          2.2916015488844712e-03, 1.2004086188545629e-02,
          5.9897612998328718e-03, 5.9268185075812404e-03,
          8.0770423328440838e-02, 1.4671694705029514e-03,
          1.5135836325055741e-02, 5.1459120110629733e-03,
          9.9279457074581568e-03, 4.1055795954344750e-03,
          4.5051647499513873e-03, 1.5322048356335155e-02,
          4.5218082395904433e-04, 4.9894008789145607e-04,
          1.4671694705029516e-03, 1.4779135705137033e-03,
          -1.4599753000170464e-03, 9.0241558153200300e-05,
          8.8735361108471919e-04, 2.4292176599498671e-04,
          3.8471821362983581e-04, 8.4270724820043920e-04,
          6.9062966847945988e-03, 5.0782768085262976e-03,
          1.5135836325055744e-02, -1.4599753000170467e-03,
          6.4212847400737988e-02, 1.4486023473329710e-03,
          1.1587552954377765e-02, -2.7870540631504421e-03,
          2.1115167513247146e-03, 1.0278049329028729e-02,
          1.1930089606304660e-03, 1.1113702761034552e-03,
          5.1459120110629733e-03, 9.0241558153200259e-05,
          1.4486023473329714e-03, 4.6041858693750184e-03,
          2.3276497377137718e-03, 6.0819975373599486e-04,
          -1.0792777412981715e-04, 1.7730289907796383e-03,
          1.9527288043118100e-02, 9.6475566622269728e-03,
          9.9279457074581585e-03, 8.8735361108471886e-04,
          1.1587552954377765e-02, 2.3276497377137718e-03,
          8.7815177910019193e-02, 4.1630796466936423e-03,
          5.6242372885037493e-03, 1.1482122470812780e-02,
          3.3615074806457299e-03, 2.5610649229847061e-03,
          4.1055795954344724e-03, 2.4292176599498665e-04,
          -2.7870540631504412e-03, 6.0819975373599476e-04,
          4.1630796466936414e-03, 1.5302863607964552e-02,
          1.2189901023252497e-03, 4.5332726820483532e-03,
          3.6070469725317448e-03, 2.2916015488844712e-03,
          4.5051647499513873e-03, 3.8471821362983581e-04,
          2.1115167513247150e-03, -1.0792777412981709e-04,
          5.6242372885037493e-03, 1.2189901023252491e-03,
          3.2917120731346876e-03, 4.6208617978188635e-03,
          1.3354495920017608e-02, 1.2004086188545629e-02,
          1.5322048356335155e-02, 8.4270724820043920e-04,
          1.0278049329028729e-02, 1.7730289907796376e-03,
          1.1482122470812780e-02, 4.5332726820483532e-03,
          4.6208617978188635e-03, 3.0623392950660307e-02 ]
   - !!opencv-matrix
      rows: 10
      cols: 10
      dt: d
      data: [ 6.5238526350854176e-01, 3.4290920853298845e-01,
          -8.0725238378770464e-02, -9.4473150761347994e-03,
          6.2818025703987881e-02, -2.3233785578019694e-02,
          3.0816409527141064e-01, 1.2309259953903463e-01,
          1.4926114721738284e-01, 5.1529786191299352e-02,
          3.4290920853298845e-01, 4.6531584508018659e-01,
          -4.6489505556285643e-02, 8.5207236287983684e-03,
          8.9414604825598834e-02, -5.0884500466566009e-03,
          2.3155159550074209e-01, 5.5163662150879499e-02,
          8.7921634452931635e-02, 1.1120516138467552e-02,
          -8.0725238378770464e-02, -4.6489505556285650e-02,
          1.0191467630933113e-01, 8.1895485566787653e-05,
          5.0141785396621216e-03, 8.3215139384897139e-03,
          -7.4591127376800334e-02, -1.8409831772630541e-02,
          -1.0278773842910051e-02, 2.2836400083203312e-02,
          -9.4473150761347994e-03, 8.5207236287983684e-03,
          8.1895485566787232e-05, 4.8754888382511033e-02,
          2.2364374380197841e-02, 5.3254819993788401e-02,
          1.2015270936881836e-02, 3.6747357634984929e-03,
          1.5348319341044654e-03, -1.6740311657864861e-02,
          6.2818025703987868e-02, 8.9414604825598820e-02,
          5.0141785396621216e-03, 2.2364374380197841e-02,
          2.4546523465989969e-01, 2.0460855723614082e-02,
          5.2245927669156263e-02, 2.1898863870969145e-02,
          -2.9124603468976978e-02, 1.9584048647716009e-02,
          -2.3233785578019694e-02, -5.0884500466566009e-03,
          8.3215139384897139e-03, 5.3254819993788415e-02,
          2.0460855723614089e-02, 1.5454153945170362e-01,
          6.7220852302084591e-02, 1.9825619712527495e-02,
          3.8317508443194127e-02, -3.0226764778552111e-02,
          3.0816409527141064e-01, 2.3155159550074209e-01,
          -7.4591127376800334e-02, 1.2015270936881836e-02,
          5.2245927669156297e-02, 6.7220852302084591e-02,
          6.4317595489957979e-01, 4.6835016401025144e-02,
          3.1120264726031088e-01, -1.1449736015487361e-01,
          1.2309259953903462e-01, 5.5163662150879512e-02,
          -1.8409831772630541e-02, 3.6747357634984929e-03,
          2.1898863870969155e-02, 1.9825619712527498e-02,
          4.6835016401025144e-02, 2.2503254741362902e-01,
          3.2693027642505409e-02, 3.3093378238164016e-02,
          1.4926114721738284e-01, 8.7921634452931635e-02,
          -1.0278773842910049e-02, 1.5348319341044660e-03,
          -2.9124603468976978e-02, 3.8317508443194127e-02,
          3.1120264726031088e-01, 3.2693027642505409e-02,
          3.9073297750238140e-01, -5.1385580456411950e-02,
          5.1529786191299373e-02, 1.1120516138467552e-02,
          2.2836400083203312e-02, -1.6740311657864857e-02,
          1.9584048647716009e-02, -3.0226764778552111e-02,
          -1.1449736015487365e-01, 3.3093378238164016e-02,
          -5.1385580456411978e-02, 2.3472310261388077e-01 ]
   - !!opencv-matrix
      rows: 10
      cols: 10
      dt: d
      data: [ 5.9649690601735604e-02, 9.2804245262539595e-03,
          -2.1376760562580751e-02, -6.0383976351658358e-03,
          4.7571401880768553e-03, -5.5484320697312059e-03,
          1.1256496983731143e-02, -8.1787594201083655e-03,
          2.5536110275011362e-02, 2.4853217834466062e-03,
          9.2804245262539595e-03, 1.1606525119595224e-02,
          -5.6004617251332565e-03, -2.5429613479500818e-03,
          3.8631407352609976e-03, -1.4159654424338627e-03,
          5.4267810911230755e-03, -2.2263748682522029e-03,
          1.4283768762671119e-02, 1.6095231815047181e-02,
          -2.1376760562580751e-02, -5.6004617251332565e-03,
          5.0069924809017084e-02, 7.0269417418533080e-03,
          -6.2885862137023584e-03, 5.7466630216583643e-03,
          -1.1636583990510929e-02, 8.5176139490076835e-03,
          -3.0066729649379769e-02, -3.6057087415857642e-03,
          -6.0383976351658384e-03, -2.5429613479500818e-03,
          7.0269417418533080e-03, 7.3914447464284707e-03,
          -1.6709931881979462e-02, 1.8052243670991751e-03,
          -4.1684549745434644e-03, 4.5132218133598755e-03,
          -7.3081195013235140e-03, -2.3587710925702340e-03,
          4.7571401880768544e-03, 3.8631407352609968e-03,
          -6.2885862137023584e-03, -1.6709931881979462e-02,
          1.6368307136338728e-01, -4.8416969144082231e-03,
          7.8583812868846040e-03, -4.3457220661515229e-02,
          1.5361374188899565e-02, 8.5630810577906862e-04,
          -5.5484320697312059e-03, -1.4159654424338627e-03,
          5.7466630216583617e-03, 1.8052243670991755e-03,
          -4.8416969144082231e-03, 3.0909939448054591e-02,
          -2.7691247738763497e-03, 3.6518522599715154e-03,
          9.4986214122981215e-03, -6.0632176120324318e-03,
          1.1256496983731143e-02, 5.4267810911230755e-03,
          -1.1636583990510929e-02, -4.1684549745434635e-03,
          7.8583812868846074e-03, -2.7691247738763506e-03,
          1.4199062726741851e-02, -5.5987986020332560e-03,
          1.8354462778437729e-02, 7.6719142627097369e-03,
          -8.1787594201083655e-03, -2.2263748682522029e-03,
          8.5176139490076852e-03, 4.5132218133598755e-03,
          -4.3457220661515229e-02, 3.6518522599715154e-03,
          -5.5987986020332543e-03, 1.3462749784434708e-01,
          -1.7982626170201851e-02, 4.9017109906257109e-03,
          2.5536110275011351e-02, 1.4283768762671118e-02,
          -3.0066729649379769e-02, -7.3081195013235140e-03,
          1.5361374188899560e-02, 9.4986214122981215e-03,
          1.8354462778437729e-02, -1.7982626170201851e-02,
          2.7926411762923109e-01, -7.4729984809592869e-03,
          2.4853217834466075e-03, 1.6095231815047177e-02,
          -3.6057087415857659e-03, -2.3587710925702318e-03,
          8.5630810577906917e-04, -6.0632176120324318e-03,
          7.6719142627097369e-03, 4.9017109906257092e-03,
          -7.4729984809592869e-03, 1.5681387001638372e-01 ]
   - !!opencv-matrix
      rows: 10
      cols: 10
      dt: d
      data: [ 3.5794418622956098e-02, 3.4426530121978278e-03,
          -3.7674966019920204e-03, -8.0673177537157813e-04,
          -3.4756844046832619e-03, -1.9851105291103506e-03,
          5.8606988709374161e-03, -5.1872319161987775e-04,
          -5.0436416857171738e-03, 1.8005278191453825e-03,
          3.4426530121978278e-03, 4.5075733766787342e-03,
          -8.1499263853599942e-04, -3.3665836495685520e-04,
          3.9860476746822986e-04, -5.5705048164491982e-04,
          3.0460962031038843e-03, 3.1608135537042554e-04,
          -4.2215849637774186e-03, 2.0269694504474887e-02,
          -3.7674966019920213e-03, -8.1499263853599963e-04,
          7.0940079518173093e-03, 4.0283526930087645e-04,
          2.6461391791090627e-03, 7.9929255088291974e-04,
          -1.8294347554953475e-03, 3.0468762919175685e-04,
          4.5775496412697714e-04, -1.5226914352988415e-03,
          -8.0673177537157813e-04, -3.3665836495685520e-04,
          4.0283526930087645e-04, 2.1483285098327812e-03,
          -6.0542265582466661e-03, 2.1618255140643477e-04,
          -9.7724896256509361e-04, 7.0216795430654759e-04,
          3.1986753490657474e-03, -2.4937646908426849e-04,
          -3.4756844046832606e-03, 3.9860476746822997e-04,
          2.6461391791090627e-03, -6.0542265582466679e-03,
          8.8833037989229577e-02, -1.0357473621869864e-03,
          7.7277677299797843e-04, -2.0576438181857330e-02,
          -9.0916315516255553e-03, 5.6046852290816285e-03,
          -1.9851105291103506e-03, -5.5705048164491971e-04,
          7.9929255088291942e-04, 2.1618255140643468e-04,
          -1.0357473621869858e-03, 1.4502474377421705e-02,
          -1.2690350234888141e-03, 5.3287090478033351e-04,
          3.0198895253669960e-03, -8.5394271189332587e-04,
          5.8606988709374161e-03, 3.0460962031038843e-03,
          -1.8294347554953475e-03, -9.7724896256509339e-04,
          7.7277677299797843e-04, -1.2690350234888141e-03,
          9.5404237254857697e-03, -7.5527331583366607e-04,
          -8.5784878462955589e-03, 4.3566330920971298e-03,
          -5.1872319161987764e-04, 3.1608135537042554e-04,
          3.0468762919175696e-04, 7.0216795430654748e-04,
          -2.0576438181857334e-02, 5.3287090478033373e-04,
          -7.5527331583366607e-04, 5.3622725056639897e-02,
          1.5054282593007203e-03, 4.5249327581062815e-03,
          -5.0436416857171738e-03, -4.2215849637774186e-03,
          4.5775496412697693e-04, 3.1986753490657474e-03,
          -9.0916315516255536e-03, 3.0198895253669969e-03,
          -8.5784878462955589e-03, 1.5054282593007203e-03,
          1.3176927981899383e-01, -7.1039748915440225e-03,
          1.8005278191453838e-03, 2.0269694504474887e-02,
          -1.5226914352988426e-03, -2.4937646908426865e-04,
          5.6046852290816242e-03, -8.5394271189332609e-04,
          4.3566330920971324e-03, 4.5249327581062815e-03,
          -7.1039748915440199e-03, 2.5368737276807973e-01 ]
   - !!opencv-matrix
      rows: 10
      cols: 10
      dt: d
      data: [ 1.8931517168347117e-01, 1.5935725714329280e-01,
          -1.7067340269457207e-02, -3.0217290583656525e-03,
          -4.6340488702187616e-03, 4.6619348592405121e-04,
          2.4476007105071825e-03, 5.3234132912883250e-03,
          1.8193366032440136e-02, 1.8500435249622544e-02,
          1.5935725714329280e-01, 3.7719325847888063e-01,
          -1.7570355773678745e-02, 8.1461163631894595e-03,
          3.5550479939870053e-02, -2.7056208322037189e-03,
          2.2793851559643748e-02, 9.9897669085897284e-03,
          2.4454605527050068e-02, 2.5303716100409494e-02,
          -1.7067340269457203e-02, -1.7570355773678745e-02,
          4.5466936276887700e-02, 3.4815492685143059e-03,
          5.0037444271960963e-03, 4.3876234568920574e-03,
          3.9516419482531579e-03, 3.0521909768544174e-03,
          -4.7222234134499031e-04, 4.3013048647490591e-04,
          -3.0217290583656547e-03, 8.1461163631894613e-03,
          3.4815492685143050e-03, 3.0543994309683891e-02,
          3.0558211898953559e-02, -1.7085169462181571e-04,
          9.5709731196586528e-03, 3.4256847139257558e-03,
          1.1672866837725414e-02, 1.8234138899186428e-03,
          -4.6340488702187590e-03, 3.5550479939870053e-02,
          5.0037444271960945e-03, 3.0558211898953559e-02,
          1.1256075271852567e-01, -4.1957343240335626e-03,
          2.5962889889465397e-02, 2.1257421648937318e-03,
          2.1273173398046945e-02, 2.7587767052923563e-03,
          4.6619348592405143e-04, -2.7056208322037197e-03,
          4.3876234568920557e-03, -1.7085169462181563e-04,
          -4.1957343240335626e-03, 1.7461970235163663e-02,
          8.4791783483093976e-05, 1.7284889808231625e-03,
          -2.6468655700193980e-03, 1.7718349986926704e-03,
          2.4476007105071816e-03, 2.2793851559643748e-02,
          3.9516419482531571e-03, 9.5709731196586510e-03,
          2.5962889889465393e-02, 8.4791783483093976e-05,
          2.1008343296921750e-02, 3.9142056275787238e-03,
          4.5922683086502842e-03, 1.6369699377644152e-03,
          5.3234132912883250e-03, 9.9897669085897284e-03,
          3.0521909768544192e-03, 3.4256847139257553e-03,
          2.1257421648937301e-03, 1.7284889808231632e-03,
          3.9142056275787221e-03, 9.1882672356459666e-02,
          3.8192706581959253e-03, 3.2201928136424141e-03,
          1.8193366032440136e-02, 2.4454605527050071e-02,
          -4.7222234134499053e-04, 1.1672866837725412e-02,
          2.1273173398046942e-02, -2.6468655700193989e-03,
          4.5922683086502825e-03, 3.8192706581959266e-03,
          3.2433161317004557e-02, 1.1659803278540829e-02,
          1.8500435249622540e-02, 2.5303716100409494e-02,
          4.3013048647490602e-04, 1.8234138899186436e-03,
          2.7587767052923550e-03, 1.7718349986926704e-03,
          1.6369699377644161e-03, 3.2201928136424136e-03,
          1.1659803278540827e-02, 2.9715189754671259e-02 ]
intactC: !!opencv-matrix
   rows: 1
   cols: 5
   dt: d
   data: [ 3.4836501107615409e-01, 5.5620492323081187e-02,
       9.1420519520869811e-02, 1.9925450538391723e-01,
       1.6836408653571439e-01 ]
intactNumEvents: 214434.
intactMaxVals: !!opencv-matrix
   rows: 1
   cols: 10
   dt: d
   data: [ 4.5000000000000000e+00, 4.5000000000000000e+00,
       4.5000000000000000e+00, 4.5000000000000000e+00,
       4.5000000000000000e+00, 4.5000000000000000e+00,
       4.5000000000000000e+00, 4.5000000000000000e+00,
       4.5000000000000000e+00, 4.5000000000000000e+00 ]
CD19Gmmnames:
   - "CD19.48391.0"
   - "CD19.48391.1"
CD19Labels:
   - FSC-A
   - SSC-A
   - SY41
   - CD19
   - CD10
   - CD20
   - CD45
   - CD34
   - CD38
   - CD58
CD19Mu: !!opencv-matrix
   rows: 2
   cols: 10
   dt: d
   data: [ 1.3331118201125614e+00, 4.0602507144452726e-01,
       2.8706422610843698e+00, 3.1126258096450821e+00,
       1.6537410159932688e+00, 3.6394680611876415e+00,
       3.4523535291206153e+00, 1.1420287520219554e+00,
       2.0297291602305818e+00, 1.4457235211818815e+00,
       1.0713087440737257e+00, 2.6105022470039918e-01,
       2.9985641415442839e+00, 3.1551883990426375e+00,
       1.5714085282616170e+00, 3.6297451789739710e+00,
       3.3935497376164561e+00, 1.1115193578546478e+00,
       1.9244958888469421e+00, 1.1225958096519988e+00 ]
CD19Sigma:
   - !!opencv-matrix
      rows: 10
      cols: 10
      dt: d
      data: [ 7.9160207804346280e-02, 9.2954402957711145e-03,
          -1.4049483890731453e-03, 7.8343066731732143e-03,
          -3.6662903369630261e-03, 4.6359599369394482e-03,
          1.3119310318894965e-02, -4.8013824275006042e-03,
          1.0859869418163694e-02, 1.7380179426316311e-02,
          9.2954402957711145e-03, 2.1671440808330326e-02,
          9.2382437914596913e-03, 9.9348277497223643e-03,
          6.5564674004371893e-03, 4.4557796246041228e-03,
          3.5362016192233138e-03, 1.2558654898877119e-03,
          9.8811783018833872e-03, 3.9923671929391190e-02,
          -1.4049483890731459e-03, 9.2382437914596913e-03,
          6.0989246169140032e-02, -3.6874503131304223e-03,
          7.9301842430475385e-03, -6.7212252109042862e-03,
          -7.4870577660147188e-03, 7.1260660017371117e-03,
          6.9332792307732578e-03, 2.9618158017936946e-02,
          7.8343066731732126e-03, 9.9348277497223643e-03,
          -3.6874503131304210e-03, 6.3426668802231412e-02,
          3.3252076787500556e-02, 2.6200357026889883e-02,
          3.5080177927309338e-03, 1.2941062402273850e-03,
          8.2572928327923917e-03, 6.3322644138103946e-03,
          -3.6662903369630261e-03, 6.5564674004371893e-03,
          7.9301842430475403e-03, 3.3252076787500556e-02,
          1.6403122577746046e-01, 2.0914301001950374e-02,
          -2.3750207728424804e-03, -7.1247642721476486e-03,
          2.1582864555911404e-02, 1.1348611324674312e-03,
          4.6359599369394482e-03, 4.4557796246041219e-03,
          -6.7212252109042836e-03, 2.6200357026889890e-02,
          2.0914301001950374e-02, 4.4321487647772835e-02,
          1.1040386666225149e-02, -4.1507350228768886e-05,
          3.0929222097511558e-03, -1.6777454801322972e-03,
          1.3119310318894965e-02, 3.5362016192233129e-03,
          -7.4870577660147196e-03, 3.5080177927309343e-03,
          -2.3750207728424812e-03, 1.1040386666225149e-02,
          2.1825373900969121e-02, -2.0381444670566785e-03,
          6.8769912094902418e-03, 9.5358792672989680e-04,
          -4.8013824275006016e-03, 1.2558654898877108e-03,
          7.1260660017371134e-03, 1.2941062402273852e-03,
          -7.1247642721476486e-03, -4.1507350228768784e-05,
          -2.0381444670566776e-03, 7.7491064060866241e-02,
          8.5675266980665492e-04, 9.4512542568988452e-03,
          1.0859869418163694e-02, 9.8811783018833872e-03,
          6.9332792307732595e-03, 8.2572928327923917e-03,
          2.1582864555911407e-02, 3.0929222097511558e-03,
          6.8769912094902418e-03, 8.5675266980665492e-04,
          9.9457408094703589e-02, 1.8039479827192180e-02,
          1.7380179426316315e-02, 3.9923671929391190e-02,
          2.9618158017936946e-02, 6.3322644138103928e-03,
          1.1348611324674312e-03, -1.6777454801322970e-03,
          9.5358792672989648e-04, 9.4512542568988486e-03,
          1.8039479827192183e-02, 2.7632129870140271e-01 ]
   - !!opencv-matrix
      rows: 10
      cols: 10
      dt: d
      data: [ 2.5566059456847100e-02, 3.4978294661126381e-03,
          -9.8599196142338443e-03, 5.3969890618752586e-04,
          -4.1497290056529143e-03, 1.6281952721490154e-03,
          9.6311222869051687e-03, -5.8658075390827312e-04,
          2.1997633210132325e-03, 4.1536314435064734e-03,
          3.4978294661126385e-03, 4.6905900071538198e-03,
          -1.4687239179022882e-03, 1.4564779921246089e-03,
          1.6670903889410241e-03, 1.9387168589197778e-03,
          2.2240579517445896e-03, 3.9752177881227906e-04,
          2.0058131894403952e-03, 2.1321058864790660e-02,
          -9.8599196142338443e-03, -1.4687239179022882e-03,
          1.4761768914346345e-02, -1.8797057799651283e-03,
          2.4179012225455129e-03, -2.4307428122830022e-03,
          -6.4106525750870259e-03, 5.5765961554436435e-04,
          -2.3746906466752694e-03, 9.8038282726650586e-04,
          5.3969890618752608e-04, 1.4564779921246087e-03,
          -1.8797057799651280e-03, 3.3188982850358477e-02,
          2.5538713302602670e-02, 1.1345365729359760e-02,
          -1.9915422602049836e-06, 4.9068917368963744e-05,
          2.7724453882803511e-03, 4.7498023723279933e-04,
          -4.1497290056529161e-03, 1.6670903889410241e-03,
          2.4179012225455125e-03, 2.5538713302602670e-02,
          9.1642405806359434e-02, 1.3943094008478768e-02,
          -3.3439497385376214e-03, -5.5851274897903919e-03,
          7.4290757700590914e-03, 1.0589773292080653e-03,
          1.6281952721490160e-03, 1.9387168589197778e-03,
          -2.4307428122830013e-03, 1.1345365729359760e-02,
          1.3943094008478771e-02, 1.4242777484845304e-02,
          1.7785231099725746e-03, -3.1791412259845963e-04,
          7.2148045291108966e-03, -1.1170277578208990e-04,
          9.6311222869051687e-03, 2.2240579517445892e-03,
          -6.4106525750870251e-03, -1.9915422602049628e-06,
          -3.3439497385376218e-03, 1.7785231099725740e-03,
          1.1572403380810814e-02, -7.2993142632015362e-04,
          5.2934868251624219e-03, 1.1326425600534274e-03,
          -5.8658075390827279e-04, 3.9752177881227879e-04,
          5.5765961554436457e-04, 4.9068917368963839e-05,
          -5.5851274897903919e-03, -3.1791412259845957e-04,
          -7.2993142632015394e-04, 2.5945314335597564e-02,
          6.4468790533705588e-05, 4.3712202447568930e-03,
          2.1997633210132316e-03, 2.0058131894403952e-03,
          -2.3746906466752694e-03, 2.7724453882803507e-03,
          7.4290757700590923e-03, 7.2148045291108966e-03,
          5.2934868251624219e-03, 6.4468790533705656e-05,
          3.3039698116900100e-02, 2.6814223824628354e-03,
          4.1536314435064760e-03, 2.1321058864790660e-02,
          9.8038282726650608e-04, 4.7498023723279879e-04,
          1.0589773292080664e-03, -1.1170277578209016e-04,
          1.1326425600534269e-03, 4.3712202447568930e-03,
          2.6814223824628354e-03, 2.2815830847111862e-01 ]
CD19C: !!opencv-matrix
   rows: 1
   cols: 2
   dt: d
   data: [ 2.7930156485062432e-02, 1.0873130495061673e-01 ]
CD19NumEvents: 33956.
CD19MaxVals: !!opencv-matrix
   rows: 1
   cols: 10
   dt: d
   data: [ 4.5000000000000000e+00, 4.5000000000000000e+00,
       4.5000000000000000e+00, 4.5000000000000000e+00,
       4.5000000000000000e+00, 4.5000000000000000e+00,
       4.5000000000000000e+00, 4.5000000000000000e+00,
       4.5000000000000000e+00, 4.5000000000000000e+00 ]
blastGmmnames:
   - "blast.48391.0"
blastLabels:
   - FSC-A
   - SSC-A
   - SY41
   - CD19
   - CD10
   - CD20
   - CD45
   - CD34
   - CD38
   - CD58
blastMu: !!opencv-matrix
   rows: 1
   cols: 10
   dt: d
   data: [ 1.5290345710057478e+00, 4.1770169807550234e-01,
       3.0759961941303349e+00, 3.4729001552630692e+00,
       3.2518089031561828e+00, 2.4549644214984698e+00,
       2.5464875789789052e+00, 2.3294465090983953e+00,
       2.7334392804365892e+00, 2.0336786806583405e+00 ]
blastSigma:
   - !!opencv-matrix
      rows: 10
      cols: 10
      dt: d
      data: [ 1.1996971694927788e-01, 2.2228119394930298e-02,
          -4.9845662903572332e-03, -9.2127593949477976e-03,
          2.8448736668957766e-02, -3.0702313279069183e-02,
          3.7605781628174762e-03, -5.7441329102605340e-02,
          3.5157049949861505e-02, 1.5386238239535969e-02,
          2.2228119394930298e-02, 2.1915765380080388e-02,
          -2.0473841322621975e-03, -4.3637531509150458e-03,
          1.1276150734479393e-02, -9.2643786889535368e-04,
          1.0095986395220771e-02, -2.0331784731494822e-02,
          2.5385827358650827e-02, 2.6241118172050097e-02,
          -4.9845662903572332e-03, -2.0473841322621975e-03,
          1.2544431102450041e-02, -9.3630903792771333e-03,
          -4.2914359960042284e-03, -9.9312019805358805e-03,
          -8.0896481263983185e-03, -1.4609922524392003e-02,
          -4.1895786110880216e-03, -1.3446442681852182e-02,
          -9.2127593949477976e-03, -4.3637531509150458e-03,
          -9.3630903792771333e-03, 6.4295750121635228e-02,
          -3.8936369162690522e-03, 8.8482743557370139e-02,
          2.6184510102429288e-02, 5.2036095809485698e-02,
          8.1161358394229322e-03, 3.4854176496720742e-02,
          2.8448736668957766e-02, 1.1276150734479393e-02,
          -4.2914359960042284e-03, -3.8936369162690522e-03,
          6.5080944330730528e-02, -1.0721418671955911e-02,
          9.9056645195141142e-04, -3.5034832925332257e-02,
          4.0461162071678068e-02, 1.1194213970824672e-02,
          -3.0702313279069183e-02, -9.2643786889535368e-04,
          -9.9312019805358805e-03, 8.8482743557370139e-02,
          -1.0721418671955911e-02, 2.0456999756078639e-01,
          3.9296536806723528e-02, 1.9855722729548025e-02,
          1.0876166603835084e-02, 3.1545443528907785e-02,
          3.7605781628174762e-03, 1.0095986395220771e-02,
          -8.0896481263983185e-03, 2.6184510102429288e-02,
          9.9056645195141142e-04, 3.9296536806723528e-02,
          5.6932778991276724e-02, 1.5801708306962810e-02,
          2.3727693773682432e-02, 4.4614107116283802e-02,
          -5.7441329102605340e-02, -2.0331784731494822e-02,
          -1.4609922524392003e-02, 5.2036095809485698e-02,
          -3.5034832925332257e-02, 1.9855722729548025e-02,
          1.5801708306962810e-02, 4.8741423917525345e-01,
          -8.9379916150890915e-02, 5.2558176075321247e-02,
          3.5157049949861505e-02, 2.5385827358650827e-02,
          -4.1895786110880216e-03, 8.1161358394229322e-03,
          4.0461162071678068e-02, 1.0876166603835084e-02,
          2.3727693773682432e-02, -8.9379916150890915e-02,
          1.3136163489485903e-01, 6.6309996531901158e-02,
          1.5386238239535969e-02, 2.6241118172050097e-02,
          -1.3446442681852182e-02, 3.4854176496720742e-02,
          1.1194213970824672e-02, 3.1545443528907785e-02,
          4.4614107116283802e-02, 5.2558176075321247e-02,
          6.6309996531901158e-02, 1.2128240985551654e-01 ]
blastC: !!opencv-matrix
   rows: 1
   cols: 1
   dt: d
   data: [ 3.1392372458425335e-04 ]
blastNumEvents: 78.
blastMaxVals: !!opencv-matrix
   rows: 1
   cols: 10
   dt: d
   data: [ 4.5000000000000000e+00, 4.5000000000000000e+00,
       4.5000000000000000e+00, 4.5000000000000000e+00,
       4.5000000000000000e+00, 4.5000000000000000e+00,
       4.5000000000000000e+00, 4.5000000000000000e+00,
       4.5000000000000000e+00, 4.5000000000000000e+00 ]
