%YAML:1.0
---
groups:
   - intact
   - CD19
   - blast
intactGmmnames:
   - "intact.48448.0"
   - "intact.48448.1"
   - "intact.48448.2"
   - "intact.48448.3"
   - "intact.48448.4"
intactLabels:
   - FSC-A
   - SSC-A
   - SY41
   - CD19
   - CD10
   - CD20
   - CD45
   - CD34
   - CD38
   - CD58
intactMu: !!opencv-matrix
   rows: 5
   cols: 10
   dt: d
   data: [ 1.3200315868785228e+00, 3.1356834221000424e-01,
       2.7331800648930300e+00, 1.2437407255469788e+00,
       1.1603554775411866e+00, 1.1877802060951343e+00,
       3.4868248591796092e+00, 1.1777022667930499e+00,
       1.7206730391110781e+00, 1.0645442620798791e+00,
       1.8617391949234745e+00, 1.3667308802140363e+00,
       2.8378925952421969e+00, 1.4258299193902211e+00,
       1.5853899797099515e+00, 1.3982663154902055e+00,
       2.9616781838929160e+00, 1.4343094033474084e+00,
       2.0626501744543329e+00, 2.1494784776919218e+00,
       2.5190019019470666e+00, 3.1620850593318184e+00,
       2.7981689605893156e+00, 1.3672780600280456e+00,
       2.3705321461217239e+00, 1.2723258091284124e+00,
       3.1998144677620415e+00, 1.3157386407804932e+00,
       1.7598228966964919e+00, 2.5006167609730974e+00,
       1.5542787451464732e+00, 5.0939847424013540e-01,
       2.5508764064183960e+00, 1.1950800208602406e+00,
       1.5153107586987009e+00, 1.2212817563383649e+00,
       3.6075962953506830e+00, 1.3052723774870241e+00,
       1.9609174931771813e+00, 1.9391130649026820e+00,
       1.3492500592316403e+00, 6.0129624582581087e-01,
       2.9126753530779239e+00, 1.2999251254934112e+00,
       1.3127904644763559e+00, 1.2236744660167060e+00,
       1.5657555187561960e+00, 1.2194612093684811e+00,
       1.7108334366757481e+00, 2.6966214397547237e+00 ]
intactSigma:
   - !!opencv-matrix
      rows: 10
      cols: 10
      dt: d
      data: [ 4.0983982488547670e-02, 4.0825297248226946e-03,
          -4.5260156965716411e-03, -3.0155018990055241e-04,
          -7.2412820463987524e-04, -1.1991721697624769e-03,
          3.0583924951658780e-03, 5.7805713615787879e-04,
          -1.0155789759714418e-04, 5.8709672978045574e-03,
          4.0825297248226955e-03, 5.6087094317421662e-03,
          -1.7192971859977132e-03, -2.8398553088111777e-04,
          1.2128767578068048e-03, -3.2563256666103479e-04,
          3.2525224130214823e-03, 8.9342311604530917e-04,
          -4.1360708400256666e-03, 1.3781823155187846e-02,
          -4.5260156965716393e-03, -1.7192971859977125e-03,
          1.0724350495953059e-02, 3.1096863430527178e-04,
          1.1598001825794633e-04, 4.7575761804797146e-04,
          -1.8837224141163762e-03, -3.3638052431327693e-04,
          7.7641222996034057e-05, -2.3484380269217496e-03,
          -3.0155018990055252e-04, -2.8398553088111782e-04,
          3.1096863430527178e-04, 2.2602377550315434e-03,
          -3.9454689936016755e-03, -1.4294598016476441e-04,
          -4.9854266599742348e-04, 3.3800477866415517e-04,
          1.0843546989070336e-03, -6.7641408226765045e-04,
          -7.2412820463987535e-04, 1.2128767578068044e-03,
          1.1598001825794630e-04, -3.9454689936016746e-03,
          3.1107962454298681e-02, 1.6715071419234664e-04,
          1.7843173411388631e-03, -1.1353422079953492e-02,
          -5.0987864451971883e-03, 8.7053395203921056e-03,
          -1.1991721697624767e-03, -3.2563256666103463e-04,
          4.7575761804797130e-04, -1.4294598016476446e-04,
          1.6715071419234673e-04, 2.0769405788904391e-02,
          -2.9012420330810527e-04, 1.6230413768519023e-04,
          -2.1521352509745067e-03, 5.4931998239131027e-04,
          3.0583924951658771e-03, 3.2525224130214828e-03,
          -1.8837224141163762e-03, -4.9854266599742348e-04,
          1.7843173411388634e-03, -2.9012420330810522e-04,
          7.5634984278041290e-03, 7.3071470503772681e-04,
          -2.1632434615952915e-03, 5.7669875490718074e-03,
          5.7805713615787879e-04, 8.9342311604530917e-04,
          -3.3638052431327688e-04, 3.3800477866415511e-04,
          -1.1353422079953492e-02, 1.6230413768519007e-04,
          7.3071470503772724e-04, 5.3537657715906538e-02,
          -3.9796836261904602e-04, 6.0910722753332869e-03,
          -1.0155789759714398e-04, -4.1360708400256666e-03,
          7.7641222996034125e-05, 1.0843546989070336e-03,
          -5.0987864451971883e-03, -2.1521352509745071e-03,
          -2.1632434615952915e-03, -3.9796836261904586e-04,
          4.9726262005827311e-02, -1.9658826205521389e-02,
          5.8709672978045618e-03, 1.3781823155187846e-02,
          -2.3484380269217491e-03, -6.7641408226765045e-04,
          8.7053395203921038e-03, 5.4931998239131005e-04,
          5.7669875490718074e-03, 6.0910722753332860e-03,
          -1.9658826205521389e-02, 2.0894947330411090e-01 ]
   - !!opencv-matrix
      rows: 10
      cols: 10
      dt: d
      data: [ 5.3394320095975656e-01, 2.5101270881685150e-01,
          2.5380456015676425e-02, -4.3765233515912060e-03,
          3.2790809066926913e-02, -7.6669720515784006e-03,
          -1.3377184785366267e-02, 7.0653850478455543e-02,
          1.3535037625164348e-01, 2.6000811506112814e-01,
          2.5101270881685145e-01, 6.2401030481219855e-01,
          2.5901744380314153e-02, 5.5569252841053275e-02,
          8.7425388688772004e-02, 1.7941257972556867e-02,
          1.0966386451728902e-03, 5.2243471144840244e-02,
          7.0425308302999631e-02, 2.1006173984793286e-01,
          2.5380456015676425e-02, 2.5901744380314153e-02,
          1.2324046819225823e-01, 5.3302122661384697e-03,
          2.9030257673526405e-02, 1.3454179927999885e-02,
          -7.4086403381742119e-02, -3.4301887115091620e-02,
          7.2206091024344277e-02, 4.1455899376333816e-02,
          -4.3765233515912060e-03, 5.5569252841053254e-02,
          5.3302122661384706e-03, 1.3775522725342035e-01,
          1.3038635043098537e-01, 1.0518987624827508e-01,
          -3.7835721241578323e-03, -2.3392426753063452e-03,
          5.5572904452380667e-02, 2.4186072641683667e-02,
          3.2790809066926913e-02, 8.7425388688772018e-02,
          2.9030257673526405e-02, 1.3038635043098537e-01,
          3.8461234172242342e-01, 6.3244186456431081e-02,
          -2.9615319598666773e-02, -9.2995167513378659e-03,
          9.6989131933567146e-02, 1.2748893295803521e-01,
          -7.6669720515784006e-03, 1.7941257972556864e-02,
          1.3454179927999885e-02, 1.0518987624827508e-01,
          6.3244186456431081e-02, 1.7885494585265835e-01,
          9.2004512250821666e-03, -8.1736155072520550e-03,
          4.2218987680009555e-02, 3.5104747343381267e-03,
          -1.3377184785366267e-02, 1.0966386451728865e-03,
          -7.4086403381742119e-02, -3.7835721241578323e-03,
          -2.9615319598666773e-02, 9.2004512250821683e-03,
          3.3084539543653402e-01, 2.6587253838104116e-02,
          -2.3742300705509128e-02, -1.3893845742949884e-01,
          7.0653850478455557e-02, 5.2243471144840244e-02,
          -3.4301887115091620e-02, -2.3392426753063452e-03,
          -9.2995167513378659e-03, -8.1736155072520533e-03,
          2.6587253838104105e-02, 1.7960894483576187e-01,
          3.4781067219116176e-03, 1.2375791943154910e-01,
          1.3535037625164348e-01, 7.0425308302999631e-02,
          7.2206091024344277e-02, 5.5572904452380674e-02,
          9.6989131933567174e-02, 4.2218987680009562e-02,
          -2.3742300705509128e-02, 3.4781067219116150e-03,
          3.3417474045576123e-01, 1.4580556673733130e-01,
          2.6000811506112820e-01, 2.1006173984793286e-01,
          4.1455899376333830e-02, 2.4186072641683667e-02,
          1.2748893295803521e-01, 3.5104747343381254e-03,
          -1.3893845742949884e-01, 1.2375791943154910e-01,
          1.4580556673733130e-01, 5.7972891168614205e-01 ]
   - !!opencv-matrix
      rows: 10
      cols: 10
      dt: d
