%YAML:1.0
---
groups:
   - intact
   - CD19
   - blast
intactGmmnames:
   - "intact.48481.0"
   - "intact.48481.1"
   - "intact.48481.2"
   - "intact.48481.3"
   - "intact.48481.4"
intactLabels:
   - FSC-A
   - SSC-A
   - SY41
   - CD19
   - CD10
   - CD20
   - CD45
   - CD34
   - CD38
   - CD58
intactMu: !!opencv-matrix
   rows: 5
   cols: 10
   dt: d
   data: [ 7.8187004308699426e-01, 2.7659482406682101e-01,
       2.6640995419689650e+00, 1.0885393051157228e+00,
       1.1107212699680489e+00, 1.2557288402490108e+00,
       1.4082883964456987e+00, 1.1113951158035509e+00,
       1.5679622453535762e+00, 2.2206502902067831e+00,
       1.2048586371899443e+00, 2.9696301769588357e-01,
       3.1939269809859581e+00, 1.0964117233283048e+00,
       1.1194552195314622e+00, 1.2884665191872260e+00,
       3.4621969484077373e+00, 1.0776867435138615e+00,
       1.7063868051887872e+00, 1.5258963052559058e+00,
       1.3797011418002714e+00, 4.9936468491683966e-01,
       2.4554734950419714e+00, 1.1079234517895737e+00,
       1.0493368662744118e+00, 1.2469619229979754e+00,
       3.6121290164814246e+00, 1.0822663722033503e+00,
       2.3234366049838608e+00, 1.8886427807039596e+00,
       2.0126468050574187e+00, 2.1419182255243503e+00,
       3.0547682323355119e+00, 1.1973626095300620e+00,
       2.0420843213396895e+00, 1.3655905334884619e+00,
       2.9431969976215844e+00, 1.3367207886505188e+00,
       1.8887456812712986e+00, 2.3141592144849659e+00,
       1.2038010241177610e+00, 4.6435279548225411e-01,
       2.8980889607653522e+00, 1.1036944436130514e+00,
       1.3491391632378169e+00, 1.2806082156511369e+00,
       1.6799710579752771e+00, 1.1775954876168793e+00,
       1.6767993622454496e+00, 2.4768961405562964e+00 ]
intactSigma:
   - !!opencv-matrix
      rows: 10
      cols: 10
      dt: d
      data: [ 2.4803330633321012e-02, 6.4051881347312193e-03,
          -8.8636138875442111e-03, 2.2100004766726340e-06,
          6.0525993948085744e-03, 4.8404179940966699e-04,
          1.1855980890373890e-02, 2.7867080165758667e-03,
          1.1606374040513258e-03, 3.3478507402151850e-03,
          6.4051881347312193e-03, 5.2216129591112215e-03,
          -3.3923375270581749e-03, 6.2113035039405330e-05,
          4.6869372653333486e-03, 2.0223310479555826e-04,
          4.3531360922096900e-03, 1.3047186338334125e-03,
          5.2483437690319969e-04, 6.5202914161579823e-03,
          -8.8636138875442146e-03, -3.3923375270581767e-03,
          1.6308084733722128e-01, 4.5395089147332198e-05,
          6.7056094240203453e-03, 1.5934989558904274e-03,
          -2.0620161991574789e-02, -4.5894422898545640e-03,
          1.0082215507888946e-03, 2.3238511745874511e-02,
          2.2100004766727284e-06, 6.2113035039405344e-05,
          4.5395089147332150e-05, 5.7836048217012005e-03,
          -5.7221880871077338e-03, -1.2302212425749638e-04,
          9.7184187685718688e-04, -1.6869996952813807e-03,
          3.3601397342466333e-04, -6.8036694299529932e-04,
          6.0525993948085744e-03, 4.6869372653333486e-03,
          6.7056094240203453e-03, -5.7221880871077338e-03,
          9.2276638097505734e-02, -1.9457453834284565e-05,
          1.0805941845990735e-02, -5.8987256516505687e-02,
          -2.5907570096017751e-03, 7.5436995713830330e-03,
          4.8404179940966709e-04, 2.0223310479555834e-04,
          1.5934989558904274e-03, -1.2302212425749638e-04,
          -1.9457453834284538e-05, 4.8163601835014896e-03,
          1.7248487522249639e-03, 1.2575870832867628e-03,
          -3.8931263272427028e-04, -9.3002794408347388e-04,
          1.1855980890373890e-02, 4.3531360922096900e-03,
          -2.0620161991574789e-02, 9.7184187685718721e-04,
          1.0805941845990735e-02, 1.7248487522249644e-03,
          1.0822077437554824e-01, 5.6963278973361387e-03,
          9.8414554161617386e-04, -2.4340181516594891e-02,
          2.7867080165758650e-03, 1.3047186338334125e-03,
          -4.5894422898545640e-03, -1.6869996952813809e-03,
          -5.8987256516505687e-02, 1.2575870832867641e-03,
          5.6963278973361387e-03, 1.7400494940474751e-01,
          2.6830966899398169e-03, -1.4950508897568894e-03,
          1.1606374040513258e-03, 5.2483437690319969e-04,
          1.0082215507888946e-03, 3.3601397342466333e-04,
          -2.5907570096017751e-03, -3.8931263272427028e-04,
          9.8414554161617407e-04, 2.6830966899398169e-03,
          1.2587014541350318e-03, 1.6426298293373868e-03,
          3.3478507402151833e-03, 6.5202914161579806e-03,
          2.3238511745874515e-02, -6.8036694299529986e-04,
          7.5436995713830330e-03, -9.3002794408347377e-04,
          -2.4340181516594891e-02, -1.4950508897568879e-03,
          1.6426298293373864e-03, 8.3432864739964127e-02 ]
   - !!opencv-matrix
      rows: 10
      cols: 10
      dt: d
      data: [ 1.0301197100913352e-01, 1.0261470439536038e-02,
          -3.0527602612464486e-02, -1.4241298284377534e-03,
          -9.7085513850071713e-03, -3.9797485894747962e-03,
          3.5465933698890146e-03, 5.6064744616092640e-04,
          -1.4274358336446732e-02, 4.1721387864956286e-02,
          1.0261470439536038e-02, 7.9270868251647697e-03,
          -3.0141714507352611e-03, 1.2681131572398298e-04,
          5.9754524603788566e-03, 2.8524064597510644e-04,
          2.2387751931799219e-03, 2.1336982905875664e-03,
          -2.5727187549270942e-03, 2.7876223065541259e-02,
          -3.0527602612464486e-02, -3.0141714507352603e-03,
          4.9238908380136365e-02, 1.7909830393080912e-03,
          1.3116400182345795e-02, 6.4002096760274437e-03,
          -5.6103117033248599e-03, 1.9733735384804235e-03,
          5.0573413131237994e-03, -1.8697351103578907e-02,
          -1.4241298284377538e-03, 1.2681131572398298e-04,
          1.7909830393080912e-03, 6.6705900398949716e-03,
          -4.9155940930523737e-03, 2.1739639156820914e-04,
          -1.1993757298085767e-04, -8.4727065571079394e-04,
          8.6163037192467005e-04, 4.2187150026607671e-04,
          -9.7085513850071678e-03, 5.9754524603788566e-03,
          1.3116400182345792e-02, -4.9155940930523728e-03,
          1.0448688620455186e-01, 2.3163256281051969e-03,
          1.2935727941796125e-03, -5.3032066225452180e-02,
          -4.4735519059843337e-03, 3.3783162982448746e-02,
          -3.9797485894747971e-03, 2.8524064597510649e-04,
          6.4002096760274437e-03, 2.1739639156820908e-04,
          2.3163256281051978e-03, 1.1250288202403145e-02,
          -4.8966398264810524e-04, 1.6571269179189647e-03,
          -1.2743956035500628e-03, 6.3130410374104479e-04,
          3.5465933698890146e-03, 2.2387751931799219e-03,
          -5.6103117033248599e-03, -1.1993757298085775e-04,
          1.2935727941796127e-03, -4.8966398264810545e-04,
          1.2164644283137250e-02, 1.4070754295774585e-04,
          2.7928172184573367e-04, 6.6002033073200728e-03,
          5.6064744616092673e-04, 2.1336982905875660e-03,
          1.9733735384804239e-03, -8.4727065571079394e-04,
          -5.3032066225452180e-02, 1.6571269179189651e-03,
          1.4070754295774577e-04, 1.6112214743106967e-01,
          2.0271519258702789e-03, 7.4384551953451906e-03,
          -1.4274358336446731e-02, -2.5727187549270947e-03,
          5.0573413131237994e-03, 8.6163037192467005e-04,
          -4.4735519059843337e-03, -1.2743956035500626e-03,
          2.7928172184573367e-04, 2.0271519258702781e-03,
          2.4837621880644381e-02, -1.5000472088527809e-02,
          4.1721387864956293e-02, 2.7876223065541259e-02,
          -1.8697351103578910e-02, 4.2187150026607649e-04,
          3.3783162982448732e-02, 6.3130410374104479e-04,
          6.6002033073200728e-03, 7.4384551953451906e-03,
          -1.5000472088527809e-02, 2.4017504986996677e-01 ]
   - !!opencv-matrix
      rows: 10
      cols: 10
      dt: d
