%YAML:1.0
---
groups:
   - intact
   - CD19
   - blast
intactGmmnames:
   - "intact.48508.0"
   - "intact.48508.1"
   - "intact.48508.2"
   - "intact.48508.3"
   - "intact.48508.4"
intactLabels:
   - FSC-A
   - SSC-A
   - SY41
   - CD19
   - CD10
   - CD20
   - CD45
   - CD34
   - CD38
   - CD58
intactMu: !!opencv-matrix
   rows: 5
   cols: 10
   dt: d
   data: [ 2.3533546434948085e+00, 2.5023754850200506e+00,
       2.9862108353804717e+00, 1.3591318313086853e+00,
       2.3073942747540794e+00, 9.4744255241800057e-01,
       3.0293444333130850e+00, 1.2027182755634176e+00,
       1.3607751007503850e+00, 2.2375567504477369e+00,
       2.0740522773420729e+00, 1.4141386073657256e+00,
       3.1304042139780428e+00, 1.3997178647734843e+00,
       1.6199916970303185e+00, 1.1102458762596132e+00,
       2.9421477894376942e+00, 1.4812445675290411e+00,
       1.9689270357549047e+00, 2.1192661850515719e+00,
       1.4422572528092599e+00, 4.0059434388701259e-01,
       2.7626500855257987e+00, 1.2228073761692140e+00,
       1.2600300829537314e+00, 9.4381267060556961e-01,
       3.5738827284351782e+00, 1.0476264018891992e+00,
       1.4911548754067463e+00, 1.7594235864808665e+00,
       2.7012040524621237e+00, 2.3129611934139263e+00,
       3.1391861419708125e+00, 1.3274856199579281e+00,
       1.2806923527611771e+00, 9.6348050710835309e-01,
       2.8852243384618395e+00, 1.2331325112248348e+00,
       1.4881728242807677e+00, 2.1813811024598935e+00,
       1.2811993938292934e+00, 5.6856544329578884e-01,
       3.2942516239316593e+00, 1.3284534643610268e+00,
       1.1196614304639900e+00, 9.7456260323509936e-01,
       2.0737776920212174e+00, 1.2028837138034763e+00,
       1.3117206639548891e+00, 2.2104936597177893e+00 ]
intactSigma:
   - !!opencv-matrix
      rows: 10
      cols: 10
      dt: d
      data: [ 1.9898780441394340e-01, 1.8803543380750484e-01,
          -3.0591819316974477e-02, -8.0271497771827109e-04,
          -1.6289761341149946e-03, 1.7037392698681468e-03,
          -3.5946294687056905e-04, 4.9940385737315927e-03,
          1.4105574505484952e-02, 1.3610962828904631e-02,
          1.8803543380750484e-01, 4.3258661863217918e-01,
          -7.0107179958957294e-02, 4.1844737692524458e-03,
          5.8068632350550396e-02, 9.2111872239094010e-04,
          3.4953993323381720e-02, 8.7302705775796751e-03,
          3.1788129947210392e-02, 2.8210554579931463e-02,
          -3.0591819316974477e-02, -7.0107179958957294e-02,
          8.6003406145019792e-02, -1.9939208410236237e-03,
          -2.2316099789031360e-02, 1.3495147963173042e-03,
          -1.2143416508495547e-02, -3.9994348409507407e-04,
          -8.0578909220049479e-03, -3.9940397899347387e-03,
          -8.0271497771827185e-04, 4.1844737692524449e-03,
          -1.9939208410236237e-03, 7.8923381979648551e-03,
          8.0039754725939917e-03, -3.1421250434731708e-04,
          3.1599809762643803e-03, -1.8926385196087135e-04,
          2.9179958554800484e-03, 8.0315048876164713e-04,
          -1.6289761341149950e-03, 5.8068632350550396e-02,
          -2.2316099789031357e-02, 8.0039754725939917e-03,
          1.1540641615787621e-01, -3.6262736617953253e-03,
          3.1322433946382414e-02, -1.0517728387341358e-03,
          1.8859730248890053e-02, 7.5268376444682424e-03,
          1.7037392698681470e-03, 9.2111872239094086e-04,
          1.3495147963173038e-03, -3.1421250434731686e-04,
          -3.6262736617953240e-03, 2.5795047796044378e-02,
          -7.1843118235176656e-04, 3.2580235361075779e-05,
          -1.4716316557649642e-03, 9.8531607311718570e-05,
          -3.5946294687056861e-04, 3.4953993323381720e-02,
          -1.2143416508495547e-02, 3.1599809762643803e-03,
          3.1322433946382414e-02, -7.1843118235176678e-04,
          2.3019071191674213e-02, 2.9636929283985886e-04,
          6.5201941105562803e-03, 2.8737132053331445e-03,
          4.9940385737315945e-03, 8.7302705775796699e-03,
          -3.9994348409507435e-04, -1.8926385196087119e-04,
          -1.0517728387341360e-03, 3.2580235361075718e-05,
          2.9636929283985902e-04, 5.5684287167795159e-02,
          1.6770393014342493e-03, 8.9989000150737569e-04,
          1.4105574505484952e-02, 3.1788129947210385e-02,
          -8.0578909220049497e-03, 2.9179958554800488e-03,
          1.8859730248890046e-02, -1.4716316557649642e-03,
          6.5201941105562794e-03, 1.6770393014342495e-03,
          3.4008457605037797e-02, 4.9253739772810697e-03,
          1.3610962828904633e-02, 2.8210554579931463e-02,
          -3.9940397899347396e-03, 8.0315048876164713e-04,
          7.5268376444682468e-03, 9.8531607311718570e-05,
          2.8737132053331454e-03, 8.9989000150737547e-04,
          4.9253739772810697e-03, 1.7506953358341362e-02 ]
   - !!opencv-matrix
      rows: 10
      cols: 10
      dt: d
      data: [ 6.8934480177832225e-01, 2.3070700664620603e-01,
          -4.4560004635633074e-02, 4.3573398894992260e-03,
          9.4248953948482775e-02, 9.2001961428613450e-03,
          1.2323541698443395e-01, -6.9711004811168084e-02,
          1.2862533867454087e-01, 1.0860185875215853e-01,
          2.3070700664620608e-01, 6.8178618025755922e-01,
          -4.4218931396770092e-02, 5.4105851638714050e-02,
          1.3838115194129191e-01, 3.2385528135108713e-02,
          4.9077900999126393e-02, -1.7656336373776277e-01,
          -8.7808722736385514e-02, 2.2122905080109913e-02,
          -4.4560004635633081e-02, -4.4218931396770078e-02,
          1.9667324042010231e-01, 4.0559476671871309e-03,
          -3.0127790542391057e-02, 2.2478884316976398e-02,
          -3.3176634859778092e-02, 5.6475016717815331e-02,
          8.4048426613602664e-02, 2.0517114163751429e-02,
          4.3573398894992260e-03, 5.4105851638714050e-02,
          4.0559476671871309e-03, 7.6168760914488168e-02,
          3.3923414915894581e-02, 3.6454267294491666e-02,
          8.2476365668803803e-03, -2.0496266125025347e-02,
          -4.6897095024896465e-03, -8.0063151633859922e-03,
          9.4248953948482775e-02, 1.3838115194129191e-01,
          -3.0127790542391047e-02, 3.3923414915894581e-02,
          4.2885075338039796e-01, -6.4911033240653317e-03,
          6.0586680580329864e-02, 5.3337851277483632e-02,
          -4.9577191826446661e-02, 3.4807180012707904e-02,
          9.2001961428613416e-03, 3.2385528135108727e-02,
          2.2478884316976398e-02, 3.6454267294491666e-02,
          -6.4911033240653325e-03, 1.3962389345175369e-01,
          9.7351763948394995e-03, -1.4347366661149712e-02,
          3.9397091413658838e-02, 7.1152056952701109e-03,
          1.2323541698443395e-01, 4.9077900999126380e-02,
          -3.3176634859778092e-02, 8.2476365668803786e-03,
          6.0586680580329864e-02, 9.7351763948395013e-03,
          2.6786313313910876e-01, -4.1228363047175608e-02,
          3.5319569974963216e-02, 2.6060221087786013e-02,
          -6.9711004811168084e-02, -1.7656336373776280e-01,
          5.6475016717815331e-02, -2.0496266125025343e-02,
          5.3337851277483646e-02, -1.4347366661149712e-02,
          -4.1228363047175608e-02, 3.8258690904943798e-01,
          2.9335367774438712e-02, -9.3463765557733891e-03,
          1.2862533867454093e-01, -8.7808722736385514e-02,
          8.4048426613602664e-02, -4.6897095024896482e-03,
          -4.9577191826446647e-02, 3.9397091413658838e-02,
          3.5319569974963202e-02, 2.9335367774438705e-02,
          4.9006072103141413e-01, 1.0173680540241756e-01,
          1.0860185875215853e-01, 2.2122905080109913e-02,
          2.0517114163751429e-02, -8.0063151633859939e-03,
          3.4807180012707897e-02, 7.1152056952701092e-03,
          2.6060221087786013e-02, -9.3463765557733839e-03,
          1.0173680540241756e-01, 1.9802258927065322e-01 ]
   - !!opencv-matrix
      rows: 10
      cols: 10
      dt: d
