%YAML:1.0
---
groups:
   - intact
   - CD19
   - blast
intactGmmnames:
   - "intact.48671.0"
   - "intact.48671.1"
   - "intact.48671.2"
   - "intact.48671.3"
   - "intact.48671.4"
intactLabels:
   - FSC-A
   - SSC-A
   - SY41
   - CD19
   - CD10
   - CD20
   - CD45
   - CD34
   - CD38
   - CD58
intactMu: !!opencv-matrix
   rows: 5
   cols: 10
   dt: d
   data: [ 2.0337914822383119e+00, 2.6329638686753736e+00,
       3.0177795650700698e+00, 1.3075207117625316e+00,
       2.5490603216252126e+00, 1.2480256797163389e+00,
       2.9889513934449927e+00, 1.3346793229730327e+00,
       2.0577985455937857e+00, 2.4178610176049253e+00,
       8.3626999044470196e-01, 2.3955861887408553e-01,
       2.9873361052839811e+00, 1.0918477650103808e+00,
       1.0803388175370361e+00, 1.0688914082646621e+00,
       3.2902529073874041e+00, 1.1485541588046071e+00,
       2.1194946051506096e+00, 1.0641346956494808e+00,
       6.6667230562534430e-01, 3.0103142512467146e-01,
       3.2231883175799370e+00, 1.1440741607402967e+00,
       1.1525545614159052e+00, 1.0596173720322593e+00,
       1.2342676196945965e+00, 1.1724363058434921e+00,
       1.6988981294084919e+00, 2.5681416444613294e+00,
       2.4221378697086218e+00, 2.1565026642731606e+00,
       3.1050501456196322e+00, 1.1766891669778832e+00,
       1.3075451277503685e+00, 1.2868386955779876e+00,
       2.7817649865778020e+00, 1.3098562015079147e+00,
       2.3868163439735532e+00, 2.3259431889690072e+00,
       1.3780717738798707e+00, 8.4473425553024062e-01,
       3.0113372910341480e+00, 1.1161190465255206e+00,
       1.3363673205286435e+00, 1.2134359932803542e+00,
       3.0534192965237121e+00, 1.4365893657052722e+00,
       3.0007117012808577e+00, 2.1243959723511128e+00 ]
intactSigma:
   - !!opencv-matrix
      rows: 10
      cols: 10
      dt: d
      data: [ 1.9521325001212916e-01, 1.7959938828379754e-01,
          -3.5573853270537623e-02, -4.9243150042040636e-03,
          -2.1296788460126181e-02, 1.2745953911523854e-02,
          3.9203223544801062e-03, 1.4693499799726520e-02,
          3.9226848823851510e-02, 1.4909486216748546e-02,
          1.7959938828379754e-01, 4.4220019316523318e-01,
          -8.3146695711063326e-02, 1.2502341578133166e-02,
          5.1606065152695071e-02, 1.3881957819309553e-02,
          3.5158399699275963e-02, 2.6792013524157721e-02,
          6.0308349044665942e-02, 3.0391612515395652e-02,
          -3.5573853270537623e-02, -8.3146695711063326e-02,
          7.9740739792806783e-02, -7.8954788093659242e-03,
          -2.5958706998431089e-02, 1.0325325271886718e-02,
          -2.0802186611083340e-02, -5.5701911426655404e-03,
          -1.0423721495343300e-02, -5.9922602362041623e-03,
          -4.9243150042040645e-03, 1.2502341578133173e-02,
          -7.8954788093659242e-03, 5.9390703110800754e-02,
          3.1998517103565709e-02, -7.8691192851899189e-04,
          1.2936921423106483e-02, 2.6783780584882992e-03,
          9.6171638461251367e-03, 1.6360522170884922e-03,
          -2.1296788460126184e-02, 5.1606065152695071e-02,
          -2.5958706998431089e-02, 3.1998517103565709e-02,
          1.4588672982256071e-01, -3.5578519374486529e-03,
          4.1832523253361460e-02, 2.4456084962068718e-03,
          -7.2905943698494636e-03, 5.7485149552772719e-03,
          1.2745953911523854e-02, 1.3881957819309555e-02,
          1.0325325271886716e-02, -7.8691192851899178e-04,
          -3.5578519374486520e-03, 9.0503333498794789e-02,
          -7.7154175151448860e-04, 2.8757059725637085e-03,
          -8.5157325881127476e-03, 1.7478087856398171e-03,
          3.9203223544801071e-03, 3.5158399699275956e-02,
          -2.0802186611083340e-02, 1.2936921423106481e-02,
          4.1832523253361460e-02, -7.7154175151448827e-04,
          3.1931590708392382e-02, 3.1837121332077751e-03,
          6.7668417178053048e-03, 3.9822378639312993e-03,
          1.4693499799726520e-02, 2.6792013524157721e-02,
          -5.5701911426655395e-03, 2.6783780584882983e-03,
          2.4456084962068709e-03, 2.8757059725637063e-03,
          3.1837121332077751e-03, 7.6806928594364832e-02,
          5.5752375111508979e-03, 2.9204199120576859e-03,
          3.9226848823851510e-02, 6.0308349044665928e-02,
          -1.0423721495343303e-02, 9.6171638461251367e-03,
          -7.2905943698494610e-03, -8.5157325881127458e-03,
          6.7668417178053030e-03, 5.5752375111508996e-03,
          9.3258419248574587e-02, 8.2258545211986184e-03,
          1.4909486216748549e-02, 3.0391612515395652e-02,
          -5.9922602362041649e-03, 1.6360522170884915e-03,
          5.7485149552772719e-03, 1.7478087856398173e-03,
          3.9822378639313002e-03, 2.9204199120576851e-03,
          8.2258545211986184e-03, 1.1459261378931841e-02 ]
   - !!opencv-matrix
      rows: 10
      cols: 10
      dt: d
      data: [ 3.6227048319581651e-02, 6.1916933280005068e-03,
          -1.8528044923270159e-02, -2.1352291401120853e-03,
          -3.3807169808934269e-04, -2.8342766989459542e-03,
          1.0334204086154921e-02, 1.4546255496260118e-03,
          -5.4791739904331126e-03, 1.5633879168875639e-02,
          6.1916933280005068e-03, 4.6400606908794167e-03,
          -3.2304213044772922e-03, -8.1771990869715849e-04,
          8.3804883677011184e-04, -2.1137615788219472e-04,
          5.2831016216058286e-03, 9.8668317868790467e-04,
          -2.6773777705416881e-03, 1.8076110405929168e-02,
          -1.8528044923270159e-02, -3.2304213044772922e-03,
          2.8428927676751599e-02, 1.1855031869056609e-03,
          2.4213641011830394e-03, 3.3089373373020401e-03,
          -4.5379437465434547e-03, -7.9924028821286124e-04,
          1.1972250895623620e-03, -4.6229486468236415e-03,
          -2.1352291401120858e-03, -8.1771990869715838e-04,
          1.1855031869056609e-03, 7.4622942264420200e-03,
          -6.7331535637084345e-03, 7.0336375854792546e-05,
          -2.0218766312156177e-03, 6.1262267391614723e-04,
          4.4118845565659691e-03, -2.0340837821672246e-03,
          -3.3807169808934291e-04, 8.3804883677011152e-04,
          2.4213641011830394e-03, -6.7331535637084345e-03,
          2.8871963640432426e-02, -1.9484671728314730e-04,
          1.9417880301957401e-03, -8.7321909314934960e-03,
          -6.6291443163542779e-03, 4.6536151979099929e-03,
          -2.8342766989459542e-03, -2.1137615788219467e-04,
          3.3089373373020414e-03, 7.0336375854792573e-05,
          -1.9484671728314747e-04, 6.8872108290640985e-02,
          -2.5626751734819674e-04, 4.0031814530274405e-04,
          -6.2792383680077080e-03, -9.7373759987564882e-05,
          1.0334204086154920e-02, 5.2831016216058286e-03,
          -4.5379437465434547e-03, -2.0218766312156177e-03,
          1.9417880301957399e-03, -2.5626751734819680e-04,
          1.4773052260707418e-02, 1.4985034926605070e-03,
          -4.3699329152002992e-03, 1.2708635179685551e-02,
          1.4546255496260116e-03, 9.8668317868790467e-04,
          -7.9924028821286145e-04, 6.1262267391614745e-04,
          -8.7321909314934977e-03, 4.0031814530274427e-04,
          1.4985034926605070e-03, 5.2016126108474378e-02,
          2.7849394388901821e-04, 6.4929633000380691e-03,
          -5.4791739904331126e-03, -2.6773777705416881e-03,
          1.1972250895623626e-03, 4.4118845565659691e-03,
          -6.6291443163542779e-03, -6.2792383680077080e-03,
          -4.3699329152003001e-03, 2.7849394388901815e-04,
          1.7219291316152835e-01, -1.1143848325110743e-02,
          1.5633879168875642e-02, 1.8076110405929168e-02,
          -4.6229486468236415e-03, -2.0340837821672250e-03,
          4.6536151979099920e-03, -9.7373759987564516e-05,
          1.2708635179685547e-02, 6.4929633000380699e-03,
          -1.1143848325110743e-02, 2.0588672241279138e-01 ]
   - !!opencv-matrix
      rows: 10
      cols: 10
      dt: d
