%YAML:1.0
---
groups:
   - intact
   - CD19
   - blast
intactGmmnames:
   - "intact.48742.0"
   - "intact.48742.1"
   - "intact.48742.2"
   - "intact.48742.3"
   - "intact.48742.4"
intactLabels:
   - FSC-A
   - SSC-A
   - SY41
   - CD19
   - CD10
   - CD20
   - CD45
   - CD34
   - CD38
   - CD58
intactMu: !!opencv-matrix
   rows: 5
   cols: 10
   dt: d
   data: [ 2.1749898916364856e+00, 2.9866288010543074e+00,
       2.3533723825564947e+00, 1.1685692884339183e+00,
       2.3630203157528578e+00, 1.1860132098940024e+00,
       3.0280791646464285e+00, 1.2477478407540494e+00,
       1.7236909964919545e+00, 2.4302383428610423e+00,
       9.4892173642487931e-01, 3.0319793364439046e-01,
       2.1541491339977763e+00, 1.0303476786258505e+00,
       1.1216650670578137e+00, 1.0522675954340408e+00,
       3.3659535919964720e+00, 1.1441677513185151e+00,
       1.6921393104035181e+00, 1.2659919949334033e+00,
       2.5597106697713272e+00, 2.6759587807007832e+00,
       2.2933455034548698e+00, 1.1281120980007393e+00,
       1.2578583570924238e+00, 1.1760640842071144e+00,
       2.7328701475781241e+00, 1.2006222367139763e+00,
       1.8866203482387229e+00, 2.2867655412291295e+00,
       1.5213741775516747e+00, 1.2545161033327048e+00,
       2.3108087526725800e+00, 1.1050152483740969e+00,
       1.3035983089811780e+00, 1.1317967955806489e+00,
       3.1237928643648845e+00, 1.3242263461352766e+00,
       2.4792408930394698e+00, 2.1586353131310996e+00,
       6.3102020748528742e-01, 2.8228104467217019e-01,
       2.5062742816906471e+00, 1.1015856724860194e+00,
       1.1432046204063928e+00, 1.0131432367416791e+00,
       1.2492855599573576e+00, 1.0765385920323747e+00,
       1.6133189316614474e+00, 2.4711481751253213e+00 ]
intactSigma:
   - !!opencv-matrix
      rows: 10
      cols: 10
      dt: d
      data: [ 1.7446953481848798e-01, 1.1837601007345963e-01,
          -2.1036373433258950e-02, 3.8564159049687919e-03,
          1.6829986401447274e-03, 1.7237107887480230e-02,
          6.5944916769232363e-03, 9.5791529498892077e-03,
          2.8570972599989638e-02, 1.7087150694748886e-02,
          1.1837601007345963e-01, 3.5794102102287162e-01,
          -2.3400170044671136e-02, 4.7262946197111858e-03,
          4.4715951502305611e-02, 1.8738368046559709e-02,
          2.0875344564697296e-02, 1.5970803253800479e-02,
          1.2663474398021525e-02, 1.3992758212713043e-02,
          -2.1036373433258950e-02, -2.3400170044671136e-02,
          5.6294393897265996e-02, -6.3799941256433609e-04,
          -2.1463140572817669e-03, 1.7363320526179904e-03,
          -1.9876798735959976e-05, -3.1700641322323386e-03,
          -3.5637075021049520e-03, -3.7269164082519789e-03,
          3.8564159049687898e-03, 4.7262946197111884e-03,
          -6.3799941256433652e-04, 4.7150519469089609e-02,
          9.3722570117313227e-03, 3.3991815245699568e-04,
          4.7675196440281585e-03, 2.6834664333548410e-03,
          1.2094777495148742e-02, 2.3853344356911843e-03,
          1.6829986401447267e-03, 4.4715951502305611e-02,
          -2.1463140572817682e-03, 9.3722570117313244e-03,
          1.3753575122349720e-01, 8.6751291745644134e-03,
          2.9468825781801818e-02, 2.8985739366726181e-03,
          1.4678768739865847e-02, 9.4106663211003597e-03,
          1.7237107887480226e-02, 1.8738368046559709e-02,
          1.7363320526179900e-03, 3.3991815245699558e-04,
          8.6751291745644169e-03, 8.8865343751925577e-02,
          4.7035654534783432e-03, 4.5210392904236150e-03,
          -5.4484334825417062e-03, 2.6480426972272705e-03,
          6.5944916769232337e-03, 2.0875344564697296e-02,
          -1.9876798735959816e-05, 4.7675196440281576e-03,
          2.9468825781801818e-02, 4.7035654534783441e-03,
          1.7774143065944364e-02, 2.6908577576206672e-03,
          8.8895183184523434e-03, 5.0500304267218242e-03,
          9.5791529498892077e-03, 1.5970803253800479e-02,
          -3.1700641322323390e-03, 2.6834664333548401e-03,
          2.8985739366726173e-03, 4.5210392904236141e-03,
          2.6908577576206672e-03, 1.2641175337930097e-01,
          5.6879311004620408e-03, 2.1567878558878184e-03,
          2.8570972599989638e-02, 1.2663474398021523e-02,
          -3.5637075021049520e-03, 1.2094777495148742e-02,
          1.4678768739865846e-02, -5.4484334825417062e-03,
          8.8895183184523434e-03, 5.6879311004620434e-03,
          6.2150656201565534e-02, 1.7233235382502970e-02,
          1.7087150694748882e-02, 1.3992758212713044e-02,
          -3.7269164082519781e-03, 2.3853344356911839e-03,
          9.4106663211003597e-03, 2.6480426972272692e-03,
          5.0500304267218242e-03, 2.1567878558878184e-03,
          1.7233235382502970e-02, 1.9379821326899582e-02 ]
   - !!opencv-matrix
      rows: 10
      cols: 10
      dt: d
      data: [ 4.0907676779449113e-02, 8.1944051024647243e-03,
          -8.8175179659287471e-03, -4.6207175457876424e-03,
          6.0527956961786570e-03, 3.9112763361126178e-03,
          1.1504260143839273e-02, 7.8104891857979971e-03,
          -3.1545207949961220e-03, 5.2453775617766409e-02,
          8.1944051024647243e-03, 6.0851774936087795e-03,
          -3.4435421798615492e-03, -2.2020673270648078e-03,
          3.2841021752269875e-03, 1.7076712068363115e-03,
          5.4288163019719591e-03, 4.4349944873423039e-03,
          -3.3552454722860052e-03, 2.7653259605876886e-02,
          -8.8175179659287471e-03, -3.4435421798615484e-03,
          3.8175545834555874e-02, 1.0582756240295232e-03,
          -6.6842092846453721e-04, 1.9107620326939487e-04,
          -1.5956563587262833e-03, -2.9744692469068140e-03,
          1.2344355986171995e-03, -1.4732869074831066e-02,
          -4.6207175457876424e-03, -2.2020673270648078e-03,
          1.0582756240295227e-03, 1.0319827192119007e-02,
          -1.1146013429910125e-02, -1.9494155735643509e-03,
          -3.9708202630907054e-03, -5.6563512073061310e-04,
          3.4468204888800052e-03, -1.3467147905603816e-02,
          6.0527956961786570e-03, 3.2841021752269875e-03,
          -6.6842092846453754e-04, -1.1146013429910125e-02,
          3.2076038361161720e-02, 2.2794944227207733e-03,
          3.9946784718102079e-03, -1.0856741975255811e-02,
          -6.6630866195383819e-03, 2.1971779188961968e-02,
          3.9112763361126178e-03, 1.7076712068363115e-03,
          1.9107620326939444e-04, -1.9494155735643509e-03,
          2.2794944227207724e-03, 8.9678776852393657e-02,
          1.4751216171799025e-03, 2.8825292086103018e-03,
          -2.0204101805819462e-02, 1.9918097705925404e-02,
          1.1504260143839269e-02, 5.4288163019719591e-03,
          -1.5956563587262833e-03, -3.9708202630907054e-03,
          3.9946784718102087e-03, 1.4751216171799029e-03,
          1.8611964868715105e-02, 5.3057932537140260e-03,
          -2.7746355514197366e-04, 2.6294622214129822e-02,
          7.8104891857979945e-03, 4.4349944873423039e-03,
          -2.9744692469068131e-03, -5.6563512073061375e-04,
          -1.0856741975255810e-02, 2.8825292086103026e-03,
          5.3057932537140251e-03, 1.1513042006202058e-01,
          6.0922143819562753e-04, 2.9412853912103094e-02,
          -3.1545207949961220e-03, -3.3552454722860052e-03,
          1.2344355986171995e-03, 3.4468204888800070e-03,
          -6.6630866195383836e-03, -2.0204101805819455e-02,
          -2.7746355514197388e-04, 6.0922143819562775e-04,
          1.2776313991245491e-01, -4.2711931699804091e-02,
          5.2453775617766409e-02, 2.7653259605876886e-02,
          -1.4732869074831066e-02, -1.3467147905603816e-02,
          2.1971779188961968e-02, 1.9918097705925404e-02,
          2.6294622214129818e-02, 2.9412853912103094e-02,
          -4.2711931699804091e-02, 3.0401661999424712e-01 ]
   - !!opencv-matrix
      rows: 10
      cols: 10
      dt: d
