%YAML:1.0
---
groups:
   - intact
   - CD19
   - blast
intactGmmnames:
   - "intact.48795.0"
   - "intact.48795.1"
   - "intact.48795.2"
   - "intact.48795.3"
   - "intact.48795.4"
intactLabels:
   - FSC-A
   - SSC-A
   - SY41
   - CD19
   - CD10
   - CD20
   - CD45
   - CD34
   - CD38
   - CD58
intactMu: !!opencv-matrix
   rows: 5
   cols: 10
   dt: d
   data: [ 1.5308873440940249e+00, 1.2354213952400173e+00,
       3.7099671012205668e+00, 1.2479490105895237e+00,
       1.5011027108880479e+00, 1.4233069876991700e+00,
       2.5486748399880961e+00, 1.3713417236519581e+00,
       1.9515405190153046e+00, 2.1117160826168213e+00,
       9.0712462491337165e-01, 2.2813738455948332e-01,
       3.7047725017745923e+00, 1.0818890587530272e+00,
       1.1134178352376054e+00, 1.2700181626085161e+00,
       3.2175931427662152e+00, 1.0789092704937207e+00,
       1.6879628171699450e+00, 1.1750705059576270e+00,
       8.9228888797678763e-01, 4.1345267568142569e-01,
       3.4241861146256629e+00, 1.1061534209041992e+00,
       1.2190819600848204e+00, 1.2747274303542173e+00,
       1.3054091587419661e+00, 1.1755730595035532e+00,
       1.5063424054083692e+00, 2.4968922421798507e+00,
       1.1312444370643253e+00, 3.8768217085510415e-01,
       3.4640624524413122e+00, 1.0909967554394355e+00,
       1.0887555766279302e+00, 1.2469728498993418e+00,
       3.3101744147749410e+00, 1.0867040701373896e+00,
       2.1188538783486499e+00, 1.7504501712310494e+00,
       1.9083361707790678e+00, 2.5413470270001848e+00,
       3.3782833946266591e+00, 1.2493152910110676e+00,
       2.2171064970965655e+00, 1.3142149970246821e+00,
       3.2235259457098713e+00, 1.2932651817390710e+00,
       1.7842256483321746e+00, 2.3991235391903172e+00 ]
intactSigma:
   - !!opencv-matrix
      rows: 10
      cols: 10
      dt: d
      data: [ 4.6204683875220331e-01, 2.6896242104671425e-01,
          9.2452199028660795e-03, -8.8168484450211766e-03,
          -4.3778786405896948e-02, -1.2903504426606708e-02,
          2.8898253742918645e-02, 1.3922681330683579e-02,
          1.0425378041466311e-01, 1.5079443203126389e-01,
          2.6896242104671425e-01, 5.9961044514531903e-01,
          6.8113627832766940e-03, 2.9500154806599885e-02,
          -6.8107767725310419e-03, 5.7593919403292780e-03,
          8.9337630035711074e-02, -2.1377913463398075e-02,
          6.1637529732065349e-02, 6.7753557940387163e-02,
          9.2452199028660812e-03, 6.8113627832766966e-03,
          1.3350300788087305e-01, 1.0727753181556481e-03,
          2.1045164061411297e-03, 3.3464814271082538e-03,
          1.2111295215374032e-02, -1.5699020760556372e-02,
          3.5378205819236418e-02, 5.5358867358550903e-02,
          -8.8168484450211748e-03, 2.9500154806599874e-02,
          1.0727753181556483e-03, 1.3641933344874663e-01,
          7.8786260528361476e-02, 8.3499522084685515e-02,
          1.9201366032130948e-02, 4.3756122785822540e-02,
          2.2191057855736020e-02, -1.7571043331972683e-02,
          -4.3778786405896941e-02, -6.8107767725310419e-03,
          2.1045164061411262e-03, 7.8786260528361476e-02,
          2.6015643680936346e-01, 5.6489101443468373e-02,
          -4.3277663761530256e-02, 8.8120755081235236e-02,
          -3.9097740944633204e-02, -2.4167882753736041e-03,
          -1.2903504426606708e-02, 5.7593919403292754e-03,
          3.3464814271082525e-03, 8.3499522084685515e-02,
          5.6489101443468366e-02, 1.1837460614048059e-01,
          5.6965272133270191e-03, 2.2640680204073196e-02,
          -4.8027980797999319e-03, -2.7252168654003504e-02,
          2.8898253742918656e-02, 8.9337630035711060e-02,
          1.2111295215374032e-02, 1.9201366032130941e-02,
          -4.3277663761530250e-02, 5.6965272133270191e-03,
          4.4400328361427671e-01, -1.6448398075898445e-03,
          1.0005482744721499e-01, -7.8493200401403590e-02,
          1.3922681330683579e-02, -2.1377913463398075e-02,
          -1.5699020760556365e-02, 4.3756122785822540e-02,
          8.8120755081235208e-02, 2.2640680204073192e-02,
          -1.6448398075898463e-03, 2.2943911861100524e-01,
          2.1734732287525559e-02, 2.7223006970036233e-02,
          1.0425378041466311e-01, 6.1637529732065356e-02,
          3.5378205819236418e-02, 2.2191057855736020e-02,
          -3.9097740944633204e-02, -4.8027980797999310e-03,
          1.0005482744721499e-01, 2.1734732287525559e-02,
          2.9269005713775681e-01, 6.9842456244829085e-02,
          1.5079443203126389e-01, 6.7753557940387163e-02,
          5.5358867358550903e-02, -1.7571043331972683e-02,
          -2.4167882753736063e-03, -2.7252168654003504e-02,
          -7.8493200401403590e-02, 2.7223006970036236e-02,
          6.9842456244829085e-02, 3.8476659735234064e-01 ]
   - !!opencv-matrix
      rows: 10
      cols: 10
      dt: d
      data: [ 2.7155238431260931e-02, 1.9846595322060910e-03,
          -5.2704791540838141e-03, -6.0626816788168520e-04,
          -3.5473830732431402e-03, -8.8166446014095474e-04,
          2.9795590421975216e-03, 3.7701165929938734e-04,
          -5.4829146881922204e-03, 1.2413572306628831e-02,
          1.9846595322060910e-03, 4.1076246988159294e-03,
          -5.6468110213586632e-04, 8.9313735838282047e-05,
          -6.4298732441647088e-05, 1.8337574380340678e-04,
          2.4059151569618114e-03, 4.8482459935464634e-04,
          -3.3419093274185481e-03, 2.0308419350282655e-02,
          -5.2704791540838132e-03, -5.6468110213586632e-04,
          1.2405729085333604e-02, 4.1737875062282072e-04,
          3.1469850386169084e-03, 8.0160985368815641e-04,
          2.5371675060921565e-04, 7.9642581323695565e-06,
          6.5704497357512240e-04, -2.9680378781498326e-03,
          -6.0626816788168498e-04, 8.9313735838282088e-05,
          4.1737875062282040e-04, 6.1840103334559922e-03,
          -1.8404479476498256e-03, -2.4765734864862465e-04,
          -6.9332196774289076e-05, 4.2050503994396068e-04,
          9.2117030687752244e-04, 1.1347461374448377e-03,
          -3.5473830732431406e-03, -6.4298732441647115e-05,
          3.1469850386169084e-03, -1.8404479476498254e-03,
          9.6169733013565847e-03, 5.1861802882150973e-04,
          8.2265395669392879e-05, -8.0072225221347528e-04,
          -1.1084524308531737e-03, 1.2358470591292863e-03,
          -8.8166446014095474e-04, 1.8337574380340678e-04,
          8.0160985368815652e-04, -2.4765734864862460e-04,
          5.1861802882150951e-04, 7.4723922593964102e-03,
          3.2197022965238596e-04, 8.5845889425168094e-05,
          -2.0288770578690556e-03, 1.0680050318167672e-03,
          2.9795590421975216e-03, 2.4059151569618114e-03,
          2.5371675060921565e-04, -6.9332196774289062e-05,
          8.2265395669392987e-05, 3.2197022965238607e-04,
          1.0404941400980434e-02, 2.0896638197432808e-04,
          -1.3044297761319002e-03, 7.7125863137203826e-03,
          3.7701165929938734e-04, 4.8482459935464634e-04,
          7.9642581323695565e-06, 4.2050503994396084e-04,
          -8.0072225221347517e-04, 8.5845889425168080e-05,
          2.0896638197432808e-04, 6.5018757678930060e-03,
          -5.8293376951262148e-04, 4.3349130829041438e-03,
          -5.4829146881922204e-03, -3.3419093274185490e-03,
          6.5704497357512240e-04, 9.2117030687752200e-04,
          -1.1084524308531737e-03, -2.0288770578690547e-03,
          -1.3044297761319002e-03, -5.8293376951262126e-04,
          4.5774785052309905e-02, -2.5556555094651184e-02,
          1.2413572306628835e-02, 2.0308419350282662e-02,
          -2.9680378781498313e-03, 1.1347461374448381e-03,
          1.2358470591292865e-03, 1.0680050318167668e-03,
          7.7125863137203800e-03, 4.3349130829041438e-03,
          -2.5556555094651184e-02, 2.6294937154214115e-01 ]
   - !!opencv-matrix
      rows: 10
      cols: 10
      dt: d
