%YAML:1.0
---
groups:
   - intact
   - CD19
   - blast
intactGmmnames:
   - "intact.49292.0"
   - "intact.49292.1"
   - "intact.49292.2"
   - "intact.49292.3"
   - "intact.49292.4"
intactLabels:
   - FSC-A
   - SSC-A
   - SY41
   - CD19
   - CD10
   - CD20
   - CD45
   - CD34
   - CD38
   - CD58
intactMu: !!opencv-matrix
   rows: 5
   cols: 10
   dt: d
   data: [ 9.1922329471200470e-01, 6.9562252505546929e-01,
       3.1547906832986530e+00, 1.0890826279805137e+00,
       1.2161173612653184e+00, 1.0547129047596138e+00,
       1.6105856085618164e+00, 1.1039650186660093e+00,
       1.5023310703386989e+00, 2.2954476767863237e+00,
       1.3018064139985215e+00, 4.1811451717602455e-01,
       3.0410739598365235e+00, 1.0629168930530506e+00,
       1.0606116197232625e+00, 1.0348147238122729e+00,
       3.4061257714773050e+00, 9.1421344776356628e-01,
       1.6518812940637340e+00, 1.9594808317574592e+00,
       1.7185243234051524e+00, 2.4996607560550563e+00,
       3.4216665071268770e+00, 1.2078631383541065e+00,
       2.2126798806446017e+00, 1.0916967480657278e+00,
       2.7918626353522127e+00, 1.1919942493316342e+00,
       1.5061400916161674e+00, 2.3263256785826338e+00,
       9.7675249970920253e-01, 2.5108046244245208e-01,
       3.3697611368043452e+00, 1.0724826159679621e+00,
       1.0768201791030454e+00, 1.0190285912800499e+00,
       3.2606163178754262e+00, 8.9870153729648339e-01,
       1.7088374237823738e+00, 1.0362378218305803e+00,
       1.2913475794242903e+00, 4.9665189630883660e-01,
       2.9414497291571835e+00, 1.0872498579409349e+00,
       1.0422152647912803e+00, 1.0217775082405465e+00,
       3.3676960629716217e+00, 9.1040016597010764e-01,
       2.6565208156543534e+00, 1.8190506586458535e+00 ]
intactSigma:
   - !!opencv-matrix
      rows: 10
      cols: 10
      dt: d
      data: [ 2.1825946751912625e-01, 1.9763217748728726e-01,
          3.8673455162519911e-03, 8.6602470669445725e-03,
          1.2148587237111217e-02, 8.3103260977577600e-03,
          1.9414651645805339e-01, 4.1156519064813921e-02,
          9.2346049907736136e-02, -2.2474129135729333e-02,
          1.9763217748728726e-01, 4.1828558183971104e-01,
          3.0111624395052321e-02, 1.5712983807981633e-02,
          4.7244366716289288e-02, 1.8333280538119112e-02,
          2.7612894199786853e-01, 4.3583184507396795e-02,
          8.9367496204448615e-02, -1.0136638933822868e-01,
          3.8673455162519903e-03, 3.0111624395052310e-02,
          1.6515801033459304e-01, 4.8782076230646718e-03,
          2.3655368534826790e-02, 1.1328597820896451e-02,
          4.2144374213858644e-02, 9.9695245920527805e-03,
          4.1884401010285975e-02, 3.1527365516664560e-02,
          8.6602470669445725e-03, 1.5712983807981640e-02,
          4.8782076230646718e-03, 1.3456643853290240e-02,
          -1.7099165892644663e-03, 8.7388107598845161e-04,
          1.4239857591895529e-02, 4.7802570325440304e-03,
          9.4013700203516362e-03, -1.3993772138005650e-03,
          1.2148587237111220e-02, 4.7244366716289288e-02,
          2.3655368534826790e-02, -1.7099165892644663e-03,
          5.0217668260480172e-02, 6.9652990303510640e-03,
          2.0550046016278613e-02, 1.7379125274924320e-03,
          8.9619452150987849e-03, 5.0834003375142449e-03,
          8.3103260977577618e-03, 1.8333280538119109e-02,
          1.1328597820896453e-02, 8.7388107598845226e-04,
          6.9652990303510666e-03, 6.8122978616870472e-02,
          1.7430041306187558e-02, 8.7195787845799986e-03,
          -4.1713602609753930e-03, 6.0170290441246372e-03,
          1.9414651645805339e-01, 2.7612894199786864e-01,
          4.2144374213858644e-02, 1.4239857591895529e-02,
          2.0550046016278613e-02, 1.7430041306187562e-02,
          4.4804259797425522e-01, 4.6979988312302629e-02,
          1.4615034934851082e-01, -1.1672338290515437e-01,
          4.1156519064813921e-02, 4.3583184507396795e-02,
          9.9695245920527822e-03, 4.7802570325440304e-03,
          1.7379125274924309e-03, 8.7195787845800021e-03,
          4.6979988312302629e-02, 9.9408843581844750e-02,
          3.4861165189641996e-02, 1.6827454710646166e-02,
          9.2346049907736150e-02, 8.9367496204448615e-02,
          4.1884401010285975e-02, 9.4013700203516362e-03,
          8.9619452150987815e-03, -4.1713602609753930e-03,
          1.4615034934851082e-01, 3.4861165189641996e-02,
          1.7285752621183284e-01, 3.3235534920648076e-02,
          -2.2474129135729333e-02, -1.0136638933822868e-01,
          3.1527365516664560e-02, -1.3993772138005658e-03,
          5.0834003375142467e-03, 6.0170290441246364e-03,
          -1.1672338290515440e-01, 1.6827454710646166e-02,
          3.3235534920648076e-02, 2.4388905273079634e-01 ]
   - !!opencv-matrix
      rows: 10
      cols: 10
      dt: d
      data: [ 3.9267615832884295e-02, 5.9558109033528948e-03,
          -1.3047501786382797e-02, -6.9367615247731816e-04,
          -1.3537604785044839e-03, -3.9118678559303538e-03,
          1.0849001204783338e-02, -3.6666545495501573e-04,
          7.0178129665481375e-03, 2.2739045965439520e-03,
          5.9558109033528948e-03, 7.3287939252582807e-03,
          -5.1719723707960956e-03, 2.8386918200004672e-05,
          1.9320689972262837e-04, -1.3113648126158958e-03,
          5.1983376665223832e-03, 7.6386494499042234e-04,
          2.9885721363139854e-03, 7.2955440267977387e-03,
          -1.3047501786382795e-02, -5.1719723707960956e-03,
          6.0091526632142192e-02, 1.0716886183453054e-03,
          1.5532340040812654e-03, 9.2552190293767374e-04,
          -7.4286185349483370e-03, 7.4864707777168066e-04,
          -7.1614966444824308e-03, -3.0147263696827971e-03,
          -6.9367615247731870e-04, 2.8386918200004672e-05,
          1.0716886183453054e-03, 8.6722482182991015e-03,
          -3.0703711556437125e-03, -1.3833159417084415e-03,
          -7.1124560172881142e-04, 9.7634824030607488e-04,
          1.2217155486654134e-03, 2.6217620575203686e-04,
          -1.3537604785044848e-03, 1.9320689972262826e-04,
          1.5532340040812660e-03, -3.0703711556437125e-03,
          1.1950166864804445e-02, 4.0640750196858629e-04,
          1.5823342462482815e-05, -4.6491212071586296e-03,
          -2.4003101301632497e-03, 7.6040665354728783e-04,
          -3.9118678559303564e-03, -1.3113648126158960e-03,
          9.2552190293767320e-04, -1.3833159417084410e-03,
          4.0640750196858650e-04, 1.0181913021795704e-01,
          -1.2645610688812264e-03, -7.7982561760320062e-04,
          -2.5368489497067076e-02, 2.1666277929732573e-04,
          1.0849001204783335e-02, 5.1983376665223832e-03,
          -7.4286185349483379e-03, -7.1124560172881142e-04,
          1.5823342462482804e-05, -1.2645610688812264e-03,
          1.7708390741274265e-02, -6.3229976239592678e-05,
          1.1090352090241739e-02, 7.7892623536394388e-03,
          -3.6666545495501573e-04, 7.6386494499042267e-04,
          7.4864707777168077e-04, 9.7634824030607488e-04,
          -4.6491212071586314e-03, -7.7982561760320051e-04,
          -6.3229976239592895e-05, 4.8280032975769806e-02,
          5.9900586952146124e-04, 2.8021720450206408e-03,
          7.0178129665481367e-03, 2.9885721363139854e-03,
          -7.1614966444824308e-03, 1.2217155486654134e-03,
          -2.4003101301632505e-03, -2.5368489497067076e-02,
          1.1090352090241739e-02, 5.9900586952146145e-04,
          9.0780923112853004e-02, 9.1033993455539291e-03,
          2.2739045965439516e-03, 7.2955440267977404e-03,
          -3.0147263696827980e-03, 2.6217620575203697e-04,
          7.6040665354728805e-04, 2.1666277929732516e-04,
          7.7892623536394371e-03, 2.8021720450206403e-03,
          9.1033993455539291e-03, 4.5988857077786438e-02 ]
   - !!opencv-matrix
      rows: 10
      cols: 10
      dt: d
