%YAML:1.0
---
groups:
   - intact
   - CD19
   - blast
intactGmmnames:
   - "intact.49303.0"
   - "intact.49303.1"
   - "intact.49303.2"
   - "intact.49303.3"
   - "intact.49303.4"
intactLabels:
   - FSC-A
   - SSC-A
   - SY41
   - CD19
   - CD10
   - CD20
   - CD45
   - CD34
   - CD38
   - CD58
intactMu: !!opencv-matrix
   rows: 5
   cols: 10
   dt: d
   data: [ 2.1274833199343868e+00, 2.2209381414251075e+00,
       3.3832391659349752e+00, 1.2958101040342200e+00,
       1.5475746354746911e+00, 1.2580638525707717e+00,
       2.8480507068735430e+00, 1.2339367545322706e+00,
       1.9425615965503420e+00, 2.2792966997301285e+00,
       1.2687611272541348e+00, 3.2404787405246427e-01,
       3.5023441671778452e+00, 1.1204990949016771e+00,
       1.0935510675547111e+00, 1.1637993709379852e+00,
       3.4081775355277286e+00, 8.9219988209674572e-01,
       1.4618295968586434e+00, 1.3190780856653024e+00,
       1.0443696281086419e+00, 4.1118444226015849e-01,
       3.4545769360892278e+00, 1.2490715079819030e+00,
       1.2778148742089266e+00, 1.1228139763218703e+00,
       1.4065748073353175e+00, 1.1996289755105156e+00,
       1.4741924015799464e+00, 2.5951546078128231e+00,
       1.4408474722815710e+00, 5.1342489591803520e-01,
       3.2764097607177183e+00, 1.1141056057091689e+00,
       1.0994621859522755e+00, 1.2291188736631051e+00,
       3.4398493712695930e+00, 8.7248659867221845e-01,
       2.0409444108608072e+00, 1.9033800368228557e+00,
       2.2561150859227777e+00, 3.1852555866184122e+00,
       3.3314473198151076e+00, 1.2265958568516477e+00,
       1.7432077291291770e+00, 1.1502832956944644e+00,
       3.0354955529649712e+00, 1.1427535934309665e+00,
       1.5242612909197879e+00, 2.3844515016504917e+00 ]
intactSigma:
   - !!opencv-matrix
      rows: 10
      cols: 10
      dt: d
      data: [ 5.9441628909398125e-01, 5.1233092893465026e-01,
          1.2254985146029018e-02, -8.9190202493448223e-03,
          5.0427811385106512e-02, -7.3992376129467293e-03,
          2.1151225911703070e-01, -3.2946314479196381e-02,
          1.6606512008089519e-01, 1.5300224323875242e-01,
          5.1233092893465026e-01, 1.1426537241604273e+00,
          -3.4268175706162101e-03, 1.8649626271084721e-03,
          2.0176744447006753e-01, -2.3375184774656005e-04,
          2.8167611739226833e-01, -7.9869963403131530e-02,
          1.7630185807150189e-01, 1.7480479183621259e-01,
          1.2254985146029018e-02, -3.4268175706162079e-03,
          1.4246328887827200e-01, 1.3052959512122753e-02,
          1.7227818747588806e-02, 9.4832242259426866e-03,
          2.0787201958440894e-02, 1.5940079690704833e-02,
          5.8204790199350077e-02, 5.0510075096157625e-02,
          -8.9190202493448240e-03, 1.8649626271084714e-03,
          1.3052959512122753e-02, 3.8223113560684037e-02,
          2.6222012194919112e-02, 2.4262781789077502e-02,
          -6.8118149078587494e-03, 1.5842128990187630e-02,
          2.8096846288471573e-03, 6.5312920164670007e-03,
          5.0427811385106512e-02, 2.0176744447006753e-01,
          1.7227818747588802e-02, 2.6222012194919105e-02,
          2.8207677648899965e-01, 2.2447479364302522e-02,
          1.1700265621331501e-01, -1.9432292849923448e-02,
          1.6119046658898854e-02, 8.5487926868699368e-02,
          -7.3992376129467293e-03, -2.3375184774656325e-04,
          9.4832242259426866e-03, 2.4262781789077502e-02,
          2.2447479364302522e-02, 1.0232691281430357e-01,
          2.3180540839296018e-02, 4.0126156909444793e-03,
          4.9848517109297979e-03, -4.3773483764963732e-04,
          2.1151225911703070e-01, 2.8167611739226833e-01,
          2.0787201958440901e-02, -6.8118149078587520e-03,
          1.1700265621331501e-01, 2.3180540839296018e-02,
          3.6676956904096025e-01, -4.2874194505092569e-02,
          1.2858750449184525e-01, 1.2130962291098567e-01,
          -3.2946314479196381e-02, -7.9869963403131530e-02,
          1.5940079690704833e-02, 1.5842128990187630e-02,
          -1.9432292849923441e-02, 4.0126156909444793e-03,
          -4.2874194505092569e-02, 1.4296338489868379e-01,
          -2.1585512233021258e-03, 5.1382621537053403e-03,
          1.6606512008089519e-01, 1.7630185807150192e-01,
          5.8204790199350077e-02, 2.8096846288471560e-03,
          1.6119046658898854e-02, 4.9848517109297979e-03,
          1.2858750449184525e-01, -2.1585512233021258e-03,
          2.7083188912031142e-01, 1.1640517931732772e-01,
          1.5300224323875239e-01, 1.7480479183621259e-01,
          5.0510075096157625e-02, 6.5312920164669989e-03,
          8.5487926868699382e-02, -4.3773483764963759e-04,
          1.2130962291098567e-01, 5.1382621537053429e-03,
          1.1640517931732773e-01, 1.9774637977487342e-01 ]
   - !!opencv-matrix
      rows: 10
      cols: 10
      dt: d
      data: [ 5.0635527402765723e-02, 6.8917908852045573e-03,
          -1.1843886826689890e-02, -1.9472351537848261e-03,
          -2.1645518543138469e-03, 1.6153672808433101e-05,
          6.6881488883419604e-03, -2.3004127503407092e-03,
          -3.3732364980293690e-03, 1.7670568387112489e-02,
          6.8917908852045590e-03, 6.6007080173705731e-03,
          -3.9866606917302169e-03, -1.2104397903703167e-03,
          5.1138931495067416e-04, 4.7260927110189774e-04,
          4.6214895606893599e-03, -1.7602638723724282e-03,
          -1.9044297371131596e-03, 2.0795936768874541e-02,
          -1.1843886826689890e-02, -3.9866606917302169e-03,
          2.0369507345368628e-02, 1.0168098527643839e-03,
          1.5021173046625483e-03, -2.8641235058083015e-04,
          -3.5154610357214563e-03, 1.4835084079003647e-03,
          1.1411239707430864e-03, -1.3375726863514049e-02,
          -1.9472351537848261e-03, -1.2104397903703167e-03,
          1.0168098527643837e-03, 3.0213984400224514e-03,
          -1.6984919583208425e-03, -1.0417302224252039e-04,
          -2.5899383843830692e-03, 1.4671270188243591e-03,
          7.3180827696914556e-04, -2.3532338471177650e-03,
          -2.1645518543138469e-03, 5.1138931495067416e-04,
          1.5021173046625483e-03, -1.6984919583208425e-03,
          1.0832252917997592e-02, 7.0617632778329929e-05,
          9.4817334014535347e-04, -2.5397350875325988e-03,
          -1.4760241335268730e-03, 2.8827046512305294e-03,
          1.6153672808433067e-05, 4.7260927110189747e-04,
          -2.8641235058083004e-04, -1.0417302224252024e-04,
          7.0617632778329875e-05, 3.5707389103035884e-02,
          5.2982760224559841e-04, 1.2444475537401974e-04,
          -5.8763396741597067e-03, 4.5180279887637271e-03,
          6.6881488883419587e-03, 4.6214895606893599e-03,
          -3.5154610357214571e-03, -2.5899383843830692e-03,
          9.4817334014535347e-04, 5.2982760224559819e-04,
          9.6788491378264913e-03, -4.3902399081364347e-03,
          -1.6836132659570715e-03, 1.0070718084257389e-02,
          -2.3004127503407092e-03, -1.7602638723724282e-03,
          1.4835084079003642e-03, 1.4671270188243595e-03,
          -2.5397350875325984e-03, 1.2444475537401990e-04,
          -4.3902399081364347e-03, 1.2114415796985150e-02,
          9.5613014550898477e-04, -2.0169867990828881e-03,
          -3.3732364980293690e-03, -1.9044297371131596e-03,
          1.1411239707430857e-03, 7.3180827696914578e-04,
          -1.4760241335268725e-03, -5.8763396741597067e-03,
          -1.6836132659570715e-03, 9.5613014550898520e-04,
          1.8104918556017553e-02, -4.2957150529734440e-04,
          1.7670568387112489e-02, 2.0795936768874541e-02,
          -1.3375726863514046e-02, -2.3532338471177658e-03,
          2.8827046512305294e-03, 4.5180279887637263e-03,
          1.0070718084257390e-02, -2.0169867990828881e-03,
          -4.2957150529734429e-04, 2.2228997368035017e-01 ]
   - !!opencv-matrix
      rows: 10
      cols: 10
      dt: d
