%YAML:1.0
---
groups:
   - intact
   - CD19
   - blast
intactGmmnames:
   - "intact.49475.0"
   - "intact.49475.1"
   - "intact.49475.2"
   - "intact.49475.3"
   - "intact.49475.4"
intactLabels:
   - FSC-A
   - SSC-A
   - SY41
   - CD19
   - CD10
   - CD20
   - CD45
   - CD34
   - CD38
   - CD58
intactMu: !!opencv-matrix
   rows: 5
   cols: 10
   dt: d
   data: [ 1.1406853477073953e+00, 5.8914674536176925e-01,
       3.4641063891324158e+00, 1.3681932179766234e+00,
       2.1887385462201534e+00, 1.5363065137534448e+00,
       1.9379204228220717e+00, 1.4356384567917846e+00,
       1.7507792298539067e+00, 2.0092966407751582e+00,
       1.1663323174018618e+00, 2.2028933284095528e-01,
       3.1200773952680243e+00, 1.0469779657773219e+00,
       1.1325331928398656e+00, 1.0755800786521119e+00,
       3.3331995648653518e+00, 1.0461033788652818e+00,
       1.7894504280844428e+00, 1.1403312485047190e+00,
       8.7947427851799465e-01, 3.1005684784128051e-01,
       3.3055514132804724e+00, 1.0768676728136350e+00,
       1.2561102976828820e+00, 1.1019093663913255e+00,
       1.1557624330873719e+00, 1.0746012840716634e+00,
       1.1034189755191466e+00, 2.5050570238681815e+00,
       2.7087881048174887e+00, 2.7764829049174726e+00,
       3.2132178933770974e+00, 1.1695684913048583e+00,
       1.8651686992628569e+00, 1.2084808594396930e+00,
       2.9159744402602650e+00, 1.2071204566044518e+00,
       1.9948019668864896e+00, 2.4719086401478161e+00,
       1.4533106903636024e+00, 3.4317209748056360e-01,
       3.1330291498264589e+00, 1.0610889903229430e+00,
       1.1990054184240202e+00, 1.1295465984343112e+00,
       3.4570137653354887e+00, 1.0388050629422729e+00,
       1.5383249423336987e+00, 1.7644355134391612e+00 ]
intactSigma:
   - !!opencv-matrix
      rows: 10
      cols: 10
      dt: d
      data: [ 3.0170884863318559e-01, 1.1951723277353157e-01,
          -2.3654582695897895e-02, 3.1792312137236892e-02,
          -1.5057178126640977e-01, -6.3353311111366814e-02,
          1.9188080784808009e-01, 2.0893788837688099e-02,
          1.1448910973122466e-01, 1.1599804882023142e-01,
          1.1951723277353157e-01, 2.1219036643730552e-01,
          2.9021920426126327e-03, 9.5360491640050005e-02,
          -1.5787359952377632e-02, 1.4740723976112566e-02,
          1.0792016021222375e-01, 2.6956033563189635e-02,
          9.0390662969308935e-02, 9.8722659593071221e-02,
          -2.3654582695897899e-02, 2.9021920426126327e-03,
          6.9419781853299750e-02, -1.6897187755500694e-02,
          1.2302552980661779e-02, 1.1145812402911055e-02,
          -8.9359847566233983e-02, -2.4087693038918240e-02,
          -4.1122449817061757e-02, 1.7536010119649826e-02,
          3.1792312137236892e-02, 9.5360491640050005e-02,
          -1.6897187755500694e-02, 2.5446701051969456e-01,
          1.8898862509858141e-01, 1.3220068520413464e-01,
          2.4358830133019229e-02, 9.5972020980932660e-02,
          1.3570479829005336e-01, 6.7444927567661787e-03,
          -1.5057178126640974e-01, -1.5787359952377625e-02,
          1.2302552980661779e-02, 1.8898862509858141e-01,
          6.5135280708236687e-01, 2.7703964451651658e-01,
          -2.4315649289867752e-01, 1.2346016692659606e-01,
          8.1231171593933504e-02, -1.7667446216097316e-01,
          -6.3353311111366814e-02, 1.4740723976112565e-02,
          1.1145812402911057e-02, 1.3220068520413464e-01,
          2.7703964451651658e-01, 2.6108172673079233e-01,
          -8.7719728125910654e-02, 1.0166583001931054e-01,
          3.9540579207152288e-02, -5.6006012069859917e-02,
          1.9188080784808009e-01, 1.0792016021222374e-01,
          -8.9359847566233983e-02, 2.4358830133019229e-02,
          -2.4315649289867750e-01, -8.7719728125910654e-02,
          6.5637427039053720e-01, 6.0556339433043151e-02,
          2.0846366830170404e-01, 7.4594328104655952e-02,
          2.0893788837688092e-02, 2.6956033563189635e-02,
          -2.4087693038918240e-02, 9.5972020980932646e-02,
          1.2346016692659606e-01, 1.0166583001931055e-01,
          6.0556339433043144e-02, 2.9999059053788918e-01,
          1.0969196633242873e-01, -2.0182390724411997e-02,
          1.1448910973122466e-01, 9.0390662969308935e-02,
          -4.1122449817061743e-02, 1.3570479829005336e-01,
          8.1231171593933504e-02, 3.9540579207152295e-02,
          2.0846366830170404e-01, 1.0969196633242870e-01,
          4.7178280141859197e-01, 2.2122808616387782e-02,
          1.1599804882023142e-01, 9.8722659593071221e-02,
          1.7536010119649829e-02, 6.7444927567661779e-03,
          -1.7667446216097316e-01, -5.6006012069859917e-02,
          7.4594328104655952e-02, -2.0182390724411997e-02,
          2.2122808616387792e-02, 3.1598360956151683e-01 ]
   - !!opencv-matrix
      rows: 10
      cols: 10
      dt: d
      data: [ 3.9813706311549096e-02, 4.4957576984501462e-03,
          -8.1660039607598534e-03, -1.2250413151687226e-03,
          -8.0485949136971068e-03, -1.6774429166814861e-03,
          1.0342855143513706e-02, 7.5084511778257524e-04,
          -1.2537624627224065e-02, 1.1369666627814504e-02,
          4.4957576984501453e-03, 2.6768212633132104e-03,
          -1.0995271649243015e-03, -2.2698465595652435e-04,
          -1.2110893678126977e-03, 5.5045480414572464e-04,
          4.4942367055778049e-03, 3.1494347341525918e-04,
          -8.0277525642496201e-03, 8.7737397903215244e-03,
          -8.1660039607598534e-03, -1.0995271649243015e-03,
          8.6478485536663954e-03, 6.9812125934314321e-04,
          5.7098669155003874e-03, 1.1623475961034010e-03,
          -1.5863785474053151e-03, -2.4982183406754797e-06,
          2.4983951508987584e-03, -8.4689665279679641e-04,
          -1.2250413151687226e-03, -2.2698465595652429e-04,
          6.9812125934314321e-04, 8.5822862477324732e-03,
          -2.1112441982885049e-03, -4.4492713676870689e-04,
          -6.2431957135046143e-04, 8.9737604933169310e-04,
          4.0707207503629002e-03, 4.6056773777485669e-05,
          -8.0485949136971068e-03, -1.2110893678126981e-03,
          5.7098669155003865e-03, -2.1112441982885041e-03,
          1.7587107227956443e-02, 1.4366474228028020e-03,
          -1.5930691210205472e-03, -1.8173426622590889e-03,
          2.0985081087814589e-03, -1.2897860509523385e-03,
          -1.6774429166814861e-03, 5.5045480414572464e-04,
          1.1623475961034014e-03, -4.4492713676870689e-04,
          1.4366474228028015e-03, 4.6306616166647975e-02,
          5.4481471824773160e-04, 2.7365836306785521e-04,
          -3.2219926286676512e-02, 8.1968260455942167e-03,
          1.0342855143513706e-02, 4.4942367055778049e-03,
          -1.5863785474053154e-03, -6.2431957135046143e-04,
          -1.5930691210205472e-03, 5.4481471824773117e-04,
          1.4636574602103204e-02, 5.3285185992991025e-04,
          -9.9620633540105363e-03, 1.4407220095060161e-02,
          7.5084511778257502e-04, 3.1494347341525934e-04,
          -2.4982183406755775e-06, 8.9737604933169310e-04,
          -1.8173426622590881e-03, 2.7365836306785543e-04,
          5.3285185992991025e-04, 1.1342794568309097e-02,
          -1.3490642899236657e-03, 2.3470262198643237e-03,
          -1.2537624627224065e-02, -8.0277525642496201e-03,
          2.4983951508987584e-03, 4.0707207503629002e-03,
          2.0985081087814589e-03, -3.2219926286676512e-02,
          -9.9620633540105346e-03, -1.3490642899236670e-03,
          3.1255395900573957e-01, -7.6090096946790253e-02,
          1.1369666627814504e-02, 8.7737397903215244e-03,
          -8.4689665279679663e-04, 4.6056773777485588e-05,
          -1.2897860509523376e-03, 8.1968260455942132e-03,
          1.4407220095060161e-02, 2.3470262198643245e-03,
          -7.6090096946790267e-02, 1.5336611401638126e-01 ]
   - !!opencv-matrix
      rows: 10
      cols: 10
      dt: d
