%YAML:1.0
---
groups:
   - intact
   - CD19
   - blast
intactGmmnames:
   - "intact.49532.0"
   - "intact.49532.1"
   - "intact.49532.2"
   - "intact.49532.3"
   - "intact.49532.4"
intactLabels:
   - FSC-A
   - SSC-A
   - SY41
   - CD19
   - CD10
   - CD20
   - CD45
   - CD34
   - CD38
   - CD58
intactMu: !!opencv-matrix
   rows: 5
   cols: 10
   dt: d
   data: [ 2.7619736434472153e+00, 2.6741470474349995e+00,
       2.4125580870380561e+00, 1.1469637295342117e+00,
       2.4093259844361246e+00, 1.2006024079864552e+00,
       3.1116511335763239e+00, 1.2136802184667688e+00,
       1.6601047541887606e+00, 2.3355484870619154e+00,
       1.0760237957115311e+00, 3.1011353167625150e-01,
       2.1497654781774789e+00, 1.1231142060658079e+00,
       1.1605054086221849e+00, 1.1044185326776339e+00,
       1.1121861744928618e+00, 1.1305328394816949e+00,
       1.4816696900417303e+00, 2.3259054693370071e+00,
       1.6659060203671787e+00, 3.4619954335929448e-01,
       2.4887192445015751e+00, 1.0762038684740014e+00,
       1.1975485642917567e+00, 1.1359419023658295e+00,
       3.2603863561625075e+00, 1.0058847287821073e+00,
       1.8832011600715777e+00, 1.6121491786831137e+00,
       1.9108888427042079e+00, 1.6630268763124747e+00,
       2.2148523620738709e+00, 1.1741134951530472e+00,
       1.7231161757800082e+00, 1.2629023064384142e+00,
       2.3781938480437375e+00, 1.2682847818583256e+00,
       1.5452871572037070e+00, 1.9360947013568568e+00,
       1.5575941273456446e+00, 5.0130009030823286e-01,
       2.4594311735293397e+00, 1.1404516748043363e+00,
       1.2554726340904330e+00, 1.1450661444213839e+00,
       1.2406411818229501e+00, 1.1787380279445667e+00,
       1.5151471769823111e+00, 2.6001738316019507e+00 ]
intactSigma:
   - !!opencv-matrix
      rows: 10
      cols: 10
      dt: d
      data: [ 3.3728970433797190e-01, 1.9168741028189734e-01,
          -1.0013530253304564e-02, -1.7791086651669709e-03,
          -6.3268091806528634e-02, -2.9592129516093743e-03,
          -4.0256996508113638e-03, -3.7894810809691406e-04,
          6.1270173756480771e-03, 1.8554097772008671e-02,
          1.9168741028189734e-01, 4.6793516016456405e-01,
          -3.8701715747164918e-02, -2.2972702834021048e-02,
          1.3647791975468249e-01, -1.3725907796000051e-02,
          3.4522909771937504e-02, -1.1647957944762288e-02,
          -7.0486385658905928e-02, 3.9754354094756160e-02,
          -1.0013530253304563e-02, -3.8701715747164918e-02,
          5.9218564785732564e-02, 4.1870103830505797e-03,
          -2.1406400452821408e-02, 6.5132971059055130e-03,
          -1.1861450894790551e-02, 4.5820937196274060e-03,
          1.0873673726774060e-02, -3.6772378091243221e-03,
          -1.7791086651669698e-03, -2.2972702834021048e-02,
          4.1870103830505788e-03, 7.6087841653839083e-02,
          -1.5952959206701346e-02, 1.0909456528400153e-02,
          -3.0058773086506954e-03, 2.0038397268198820e-02,
          1.3185676647808427e-02, 2.1664218339703333e-03,
          -6.3268091806528634e-02, 1.3647791975468249e-01,
          -2.1406400452821401e-02, -1.5952959206701350e-02,
          3.6009805037284565e-01, -1.8025282132922642e-02,
          6.2828218564412910e-02, -4.5152536324252358e-03,
          -8.4815267286581189e-02, 1.1805043410223233e-02,
          -2.9592129516093735e-03, -1.3725907796000048e-02,
          6.5132971059055113e-03, 1.0909456528400153e-02,
          -1.8025282132922649e-02, 6.9448265622374591e-02,
          -1.0610840783298462e-03, 8.1708236832583551e-03,
          -2.6610291846938702e-04, -8.8541416533135611e-05,
          -4.0256996508113629e-03, 3.4522909771937491e-02,
          -1.1861450894790550e-02, -3.0058773086506958e-03,
          6.2828218564412897e-02, -1.0610840783298460e-03,
          4.4516932039351038e-02, 1.2072332913753049e-05,
          -6.6810177038689371e-03, 8.7871266735103700e-03,
          -3.7894810809691292e-04, -1.1647957944762284e-02,
          4.5820937196274034e-03, 2.0038397268198820e-02,
          -4.5152536324252375e-03, 8.1708236832583585e-03,
          1.2072332913753115e-05, 1.6786782802939196e-01,
          1.5124351421765802e-02, 6.2555536028910067e-03,
          6.1270173756480788e-03, -7.0486385658905928e-02,
          1.0873673726774060e-02, 1.3185676647808427e-02,
          -8.4815267286581189e-02, -2.6610291846938691e-04,
          -6.6810177038689389e-03, 1.5124351421765799e-02,
          7.8950317112321464e-02, 4.2323894285093318e-03,
          1.8554097772008667e-02, 3.9754354094756160e-02,
          -3.6772378091243230e-03, 2.1664218339703329e-03,
          1.1805043410223232e-02, -8.8541416533135435e-05,
          8.7871266735103700e-03, 6.2555536028910050e-03,
          4.2323894285093326e-03, 3.1352009239319349e-02 ]
   - !!opencv-matrix
      rows: 10
      cols: 10
      dt: d
      data: [ 1.6631676151773387e-02, 2.3476772539491588e-03,
          -8.3144822781899691e-03, -2.2472836790644537e-04,
          -8.7211047289922114e-04, -2.9661890161210275e-04,
          1.5902449548062228e-03, 7.2486599309913948e-04,
          6.2950047912355492e-05, 1.5456087477609072e-03,
          2.3476772539491588e-03, 5.3668281135948433e-03,
          -3.8643297320588884e-03, 1.2615810082785290e-04,
          2.5745187852488268e-04, 2.2340115922056289e-04,
          1.7704121307298630e-03, 1.1883501932469255e-03,
          3.9583318098497527e-04, 6.8760211253845738e-03,
          -8.3144822781899691e-03, -3.8643297320588893e-03,
          6.3188853082002519e-02, 5.7479408868562796e-04,
          1.1397075300786485e-03, 5.6174230028990389e-04,
          -4.5270350411055075e-03, -7.7177022862848503e-04,
          1.2645518127133652e-04, -3.7455454139007191e-03,
          -2.2472836790644532e-04, 1.2615810082785290e-04,
          5.7479408868562818e-04, 6.1796645319406873e-03,
          -3.1235721604272286e-03, -4.7991911864300746e-04,
          4.8620065251892518e-04, 4.7867717332069395e-04,
          3.9717094820884680e-04, 4.9654966840568691e-04,
          -8.7211047289922157e-04, 2.5745187852488268e-04,
          1.1397075300786485e-03, -3.1235721604272286e-03,
          1.1647796468753623e-02, 2.0636778751407345e-04,
          5.3787138402005160e-05, -1.9219560910397231e-03,
          -9.0741349838257201e-04, 1.4310212773167351e-03,
          -2.9661890161210275e-04, 2.2340115922056284e-04,
          5.6174230028990357e-04, -4.7991911864300762e-04,
          2.0636778751407359e-04, 1.6902384459010579e-02,
          4.1598480683802049e-04, 1.1394403663762469e-04,
          -1.8975484871217431e-03, 7.4152815128607089e-04,
          1.5902449548062232e-03, 1.7704121307298623e-03,
          -4.5270350411055057e-03, 4.8620065251892561e-04,
          5.3787138402005038e-05, 4.1598480683802103e-04,
          8.9766918736266119e-02, 1.0474209760637935e-03,
          2.9267528978735549e-05, -4.5567782701785913e-03,
          7.2486599309913916e-04, 1.1883501932469255e-03,
          -7.7177022862848514e-04, 4.7867717332069384e-04,
          -1.9219560910397236e-03, 1.1394403663762468e-04,
          1.0474209760637935e-03, 1.2662708208088683e-02,
          4.4037972472054802e-04, 3.0491553098845399e-03,
          6.2950047912355451e-05, 3.9583318098497527e-04,
          1.2645518127133641e-04, 3.9717094820884680e-04,
          -9.0741349838257212e-04, -1.8975484871217427e-03,
          2.9267528978735563e-05, 4.4037972472054802e-04,
          2.2439724842185215e-03, 1.2120938757096413e-03,
          1.5456087477609072e-03, 6.8760211253845738e-03,
          -3.7455454139007183e-03, 4.9654966840568691e-04,
          1.4310212773167351e-03, 7.4152815128607111e-04,
          -4.5567782701785913e-03, 3.0491553098845403e-03,
          1.2120938757096415e-03, 3.0378165749893812e-02 ]
   - !!opencv-matrix
      rows: 10
      cols: 10
      dt: d
