%YAML:1.0
---
groups:
   - intact
   - CD19
   - blast
intactGmmnames:
   - "intact.497.0"
   - "intact.497.1"
   - "intact.497.2"
   - "intact.497.3"
   - "intact.497.4"
intactLabels:
   - FSC-A
   - SSC-A
   - SY41
   - CD19
   - CD10
   - CD20
   - CD45
   - CD34
   - CD38
intactMu: !!opencv-matrix
   rows: 5
   cols: 9
   dt: d
   data: [ 1.8991054714369455e+00, 3.2006932576013863e-01,
       2.9290329860958715e+00, 1.0632610463039256e+00,
       9.5209835431809298e-01, 1.3003997949622965e+00,
       3.6495611148103277e+00, 1.0939780562972743e+00,
       1.7926831355521564e+00, 2.7698317008127051e+00,
       1.9925296118443161e+00, 2.7662117232150369e+00,
       1.6024494987646150e+00, 1.7048953413553964e+00,
       1.8569262068501757e+00, 3.3898841232170320e+00,
       1.5096228562464382e+00, 2.4445655205826173e+00,
       1.8220612983197708e+00, 5.8194718576983007e-01,
       2.7067802200665039e+00, 1.1799111894949883e+00,
       1.4675035503086011e+00, 1.3873730434533058e+00,
       2.0547710321500321e+00, 1.2866299081357813e+00,
       1.7770135218811769e+00, 1.9812808758157820e+00,
       4.9887899121984547e-01, 2.6946020132135091e+00,
       1.1140267543797409e+00, 1.0084866025561889e+00,
       1.4532450204053311e+00, 3.7574619215356888e+00,
       1.1222692755361841e+00, 1.6897083139580142e+00,
       2.0135154491037537e+00, 7.3640464830704344e-01,
       2.6390430825731808e+00, 1.1471349199774943e+00,
       1.0116266793852147e+00, 1.3515219738910536e+00,
       3.8885603726542382e+00, 1.2406869078654610e+00,
       3.0410767480702727e+00 ]
intactSigma:
   - !!opencv-matrix
      rows: 9
      cols: 9
      dt: d
      data: [ 1.3669277647194916e-01, 1.7357990696352795e-02,
          9.4371072522236449e-03, 2.1257846542963228e-03,
          6.4357119869856922e-03, 2.6496912034874455e-02,
          1.2016456205154600e-02, 2.9558182020347893e-03,
          -5.8310231085319554e-03, 1.7357990696352795e-02,
          7.9230588462927218e-03, 9.7180542006280166e-04,
          1.7550534912788407e-03, 3.7270263596625034e-03,
          1.0294243479531773e-02, 3.6469997323929147e-03,
          9.5782937507712961e-04, -3.7390467770970510e-03,
          9.4371072522236449e-03, 9.7180542006280101e-04,
          4.0853344871610839e-02, -4.4637124752552635e-05,
          8.6362355089777542e-04, 3.5469754100121622e-03,
          -6.4273574896686581e-04, 2.4440635091953727e-03,
          3.4257290720608388e-03, 2.1257846542963228e-03,
          1.7550534912788402e-03, -4.4637124752552702e-05,
          2.0739193668651883e-02, 1.2250437510815592e-03,
          2.9267818096633171e-03, -5.8661911865839191e-05,
          1.7271605643472169e-03, -4.3835976860948558e-03,
          6.4357119869856922e-03, 3.7270263596625034e-03,
          8.6362355089777563e-04, 1.2250437510815590e-03,
          4.2080247761419068e-02, 8.4151714308299474e-04,
          1.2465119998540282e-03, -4.0453810522812174e-03,
          -3.9447507496861945e-03, 2.6496912034874455e-02,
          1.0294243479531775e-02, 3.5469754100121622e-03,
          2.9267818096633163e-03, 8.4151714308299355e-04,
          8.4571826684522358e-02, 4.4547520468706222e-03,
          2.2095590760582992e-03, -1.3500833456985733e-02,
          1.2016456205154602e-02, 3.6469997323929138e-03,
          -6.4273574896686581e-04, -5.8661911865839130e-05,
          1.2465119998540282e-03, 4.4547520468706222e-03,
          6.4401971938135832e-03, -6.0930907692268832e-04,
          -1.3286163832480166e-03, 2.9558182020347893e-03,
          9.5782937507713026e-04, 2.4440635091953719e-03,
          1.7271605643472147e-03, -4.0453810522812165e-03,
          2.2095590760582992e-03, -6.0930907692268842e-04,
          1.2869892314055850e-01, 3.5494055976237064e-03,
          -5.8310231085319554e-03, -3.7390467770970497e-03,
          3.4257290720608406e-03, -4.3835976860948566e-03,
          -3.9447507496861963e-03, -1.3500833456985733e-02,
          -1.3286163832480166e-03, 3.5494055976237060e-03,
          1.0935240965445085e-01 ]
   - !!opencv-matrix
      rows: 9
      cols: 9
      dt: d
      data: [ 5.7877985133613630e-01, 3.6856306732275523e-01,
          3.5666932668606523e-02, 3.1674298170850386e-02,
          -2.7183060513102163e-03, 1.0421965043918959e-02,
          8.7897072965592959e-02, 5.0456745134967507e-02,
          1.1164407715651038e-01, 3.6856306732275523e-01,
          1.4183789645945708e+00, -3.4629874191651235e-02,
          2.0241692501989755e-01, 3.1482531603377140e-01,
          3.8747224599464301e-02, -2.3265267186333677e-02,
          3.3227048529085743e-02, -1.7658514314066789e-01,
          3.5666932668606523e-02, -3.4629874191651214e-02,
          2.1823100485407818e-01, -7.2593628068451481e-03,
          -2.7663447171557869e-02, -2.9507546629754721e-03,
          2.0914595642441573e-02, -2.5002331442318095e-02,
          8.9749521819480121e-02, 3.1674298170850379e-02,
          2.0241692501989755e-01, -7.2593628068451481e-03,
          1.6565588661192457e-01, 5.0458396687273310e-02,
          8.5175999358314297e-02, -1.9653342933330449e-03,
          1.9900941497221585e-02, -3.4280644845005120e-03,
          -2.7183060513102206e-03, 3.1482531603377140e-01,
          -2.7663447171557859e-02, 5.0458396687273296e-02,
          3.3971790469373037e-01, 3.4273231294240397e-02,
          -2.1810001205880818e-02, 2.4069595514963266e-02,
          -9.4369054833874713e-02, 1.0421965043918957e-02,
          3.8747224599464301e-02, -2.9507546629754708e-03,
          8.5175999358314297e-02, 3.4273231294240404e-02,
          2.0185454493209462e-01, -6.1278639703043524e-03,
          3.2955684277801690e-02, 8.6705574215442446e-03,
          8.7897072965592959e-02, -2.3265267186333670e-02,
          2.0914595642441570e-02, -1.9653342933330441e-03,
          -2.1810001205880825e-02, -6.1278639703043506e-03,
          2.4784467295862087e-01, -4.4872327827984629e-02,
          8.4958647058017006e-02, 5.0456745134967521e-02,
          3.3227048529085743e-02, -2.5002331442318095e-02,
          1.9900941497221582e-02, 2.4069595514963273e-02,
          3.2955684277801697e-02, -4.4872327827984629e-02,
          2.8413195496039573e-01, 2.8674163578113181e-02,
          1.1164407715651038e-01, -1.7658514314066789e-01,
          8.9749521819480121e-02, -3.4280644845005107e-03,
          -9.4369054833874713e-02, 8.6705574215442446e-03,
          8.4958647058017006e-02, 2.8674163578113174e-02,
          5.4833591969264717e-01 ]
   - !!opencv-matrix
      rows: 9
      cols: 9
      dt: d
      data: [ 5.2159042151092228e-01, 2.0475404542010281e-01,
          -1.9824721583867691e-01, 4.9173314067136327e-02,
          -8.7707461446266330e-02, 5.2590287915194052e-02,
          1.2488432760247052e-01, 1.5696104272492789e-01,
          -5.2160271507094118e-04, 2.0475404542010281e-01,
          1.1422984534838300e-01, -9.6459998723494422e-02,
          2.8132175680029528e-02, -3.9344697117450457e-02,
          3.2484852300003947e-02, 6.9961780876074006e-02,
          8.2384358917031997e-02, 5.7546051735976921e-03,
          -1.9824721583867691e-01, -9.6459998723494395e-02,
          4.9141163089124490e-01, -1.4419493476697579e-02,
          1.7354040424231676e-01, 4.3771461400031415e-02,
          -1.9618375006254303e-02, -1.2696207129846801e-01,
          7.4676569428008696e-02, 4.9173314067136327e-02,
          2.8132175680029528e-02, -1.4419493476697577e-02,
          1.9010929683366998e-02, -4.4708675958320364e-03,
          1.2036134711364692e-02, 1.8333143759529599e-02,
          1.8764255660976094e-02, 2.6831240427152596e-03,
          -8.7707461446266330e-02, -3.9344697117450457e-02,
          1.7354040424231676e-01, -4.4708675958320346e-03,
          2.0194641667271690e-01, 2.7229847334904286e-02,
