%YAML:1.0
---
groups:
   - intact
   - CD19
   - blast
intactGmmnames:
   - "intact.49786.0"
   - "intact.49786.1"
   - "intact.49786.2"
   - "intact.49786.3"
   - "intact.49786.4"
intactLabels:
   - FSC-A
   - SSC-A
   - SY41
   - CD19
   - CD10
   - CD20
   - CD45
   - CD34
   - CD38
   - CD58
intactMu: !!opencv-matrix
   rows: 5
   cols: 10
   dt: d
   data: [ 1.6483135560664943e+00, 1.2187921130194435e+00,
       3.2146420552439561e+00, 1.5605582130894415e+00,
       1.3252469062295869e+00, 1.8581431178490919e+00,
       2.8658165178766897e+00, 1.3170188063587622e+00,
       2.2415063306421086e+00, 1.7938204940143672e+00,
       2.2638078079684889e+00, 2.8644692504339617e+00,
       3.0979966882025107e+00, 1.3178700658808558e+00,
       2.3024582360947683e+00, 1.1884993690100885e+00,
       2.8481383361817252e+00, 1.1753361448364184e+00,
       1.5593880607024451e+00, 2.1864284974811752e+00,
       1.3473713782909997e+00, 5.5178594287382021e-01,
       3.1402128074544722e+00, 1.3221106519993906e+00,
       1.1438918620762351e+00, 1.0706270417010226e+00,
       3.1601358581219898e+00, 1.0716127883207616e+00,
       2.0243872123616673e+00, 1.5005054576983974e+00,
       1.1831127556370655e+00, 7.9081159094275355e-01,
       3.2365482543796715e+00, 1.3490643151571782e+00,
       1.1187194549867654e+00, 1.0830481522252238e+00,
       1.5829537427200586e+00, 1.1996789410793625e+00,
       1.4771108116147837e+00, 2.1801683922020749e+00,
       2.0783877464612157e+00, 1.5613409062229442e+00,
       3.1789668359654568e+00, 1.3497795949768001e+00,
       1.1843613479416235e+00, 1.1391680122558121e+00,
       2.8823485650051004e+00, 1.1609330841465015e+00,
       1.7488238610962303e+00, 1.8761354855170838e+00 ]
intactSigma:
   - !!opencv-matrix
      rows: 10
      cols: 10
      dt: d
      data: [ 3.6675564444751252e-01, 1.3684442966261964e-01,
          -1.1194243003684658e-02, 2.1326711400342178e-02,
          1.3471877309490664e-02, 7.2602693881055141e-02,
          5.8123651782972796e-02, -5.9704383355509476e-02,
          -5.0727352459863373e-02, 1.8466207425744223e-02,
          1.3684442966261964e-01, 3.4623316554981187e-01,
          1.4620250503322290e-02, 1.6754043246036916e-02,
          2.8623138787162238e-02, -1.5114208438104300e-03,
          1.8766604775994733e-02, -3.1140453100619289e-02,
          -1.1444910275789196e-02, 8.9599218217794485e-02,
          -1.1194243003684658e-02, 1.4620250503322290e-02,
          2.8703280920667026e-02, -7.9888266724563815e-03,
          1.8721705316094627e-03, -3.2272789417968614e-02,
          -1.7598040316700980e-02, 1.9658044975780022e-02,
          2.5550233828917211e-02, 1.4283627727564443e-02,
          2.1326711400342171e-02, 1.6754043246036913e-02,
          -7.9888266724563815e-03, 1.4596277166603178e-01,
          -2.5032033028424071e-02, 2.1954805833894703e-01,
          3.5009903973176534e-02, -2.9902754477054174e-02,
          -9.2862605194636252e-02, -2.8543924269729626e-02,
          1.3471877309490664e-02, 2.8623138787162238e-02,
          1.8721705316094640e-03, -2.5032033028424067e-02,
          1.4971523393403136e-01, -8.2765659697427593e-02,
          -2.0787570922997080e-02, -1.1879160976457196e-02,
          -1.7919269245002593e-02, 2.9919512245859679e-02,
          7.2602693881055141e-02, -1.5114208438104274e-03,
          -3.2272789417968621e-02, 2.1954805833894703e-01,
          -8.2765659697427593e-02, 7.4587266348385850e-01,
          1.0064958163640683e-01, -1.1396062676306289e-01,
          -3.5654552824369473e-01, -1.3536499566691124e-01,
          5.8123651782972796e-02, 1.8766604775994733e-02,
          -1.7598040316700980e-02, 3.5009903973176534e-02,
          -2.0787570922997087e-02, 1.0064958163640683e-01,
          1.8928278658767633e-01, -9.1437499853595061e-02,
          -3.4287638188995800e-02, -1.0375681902717291e-02,
          -5.9704383355509476e-02, -3.1140453100619289e-02,
          1.9658044975780019e-02, -2.9902754477054181e-02,
          -1.1879160976457194e-02, -1.1396062676306289e-01,
          -9.1437499853595061e-02, 2.9197859962806255e-01,
          8.1755091070354849e-02, 3.5813255768007334e-02,
          -5.0727352459863366e-02, -1.1444910275789191e-02,
          2.5550233828917218e-02, -9.2862605194636252e-02,
          -1.7919269245002589e-02, -3.5654552824369468e-01,
          -3.4287638188995800e-02, 8.1755091070354849e-02,
          4.4026775160343790e-01, 9.5575372650216095e-02,
          1.8466207425744220e-02, 8.9599218217794485e-02,
          1.4283627727564443e-02, -2.8543924269729626e-02,
          2.9919512245859679e-02, -1.3536499566691124e-01,
          -1.0375681902717289e-02, 3.5813255768007320e-02,
          9.5575372650216123e-02, 2.3237833574672925e-01 ]
   - !!opencv-matrix
      rows: 10
      cols: 10
      dt: d
      data: [ 2.2759660319806924e-01, 1.8283426013660059e-01,
          -5.3591219311934502e-03, 2.6668983639116356e-03,
          -2.3867429252075918e-02, 7.4531033985058698e-03,
          1.1020198520757108e-02, 6.4645496222421224e-03,
          1.0404365843227598e-02, 2.3174715177169333e-02,
          1.8283426013660056e-01, 3.7757432472388930e-01,
          -8.2346089313179143e-04, 6.8565082020443562e-04,
          -2.0957433413468667e-03, 1.1261592943438103e-02,
          1.9970977736434845e-02, 6.2541002853879861e-03,
          1.1382540575759565e-02, 3.0546851767320291e-02,
          -5.3591219311934484e-03, -8.2346089313179186e-04,
          8.9544842159930277e-03, 3.4374666813640593e-04,
          -2.7455085829534015e-03, 5.0289708797551054e-04,
          -2.0934272324151970e-03, -3.0007482631793633e-04,
          1.7720971678568027e-04, -2.7151756384875612e-03,
          2.6668983639116348e-03, 6.8565082020443627e-04,
          3.4374666813640587e-04, 8.4602427829415291e-03,
          -9.5675472023568544e-03, -1.3862987122878511e-03,
          -4.2087896221639393e-04, 7.5770316087852185e-04,
          2.3916946932590797e-03, 7.6800203064952323e-04,
          -2.3867429252075911e-02, -2.0957433413468672e-03,
          -2.7455085829534024e-03, -9.5675472023568527e-03,
          1.5183480600945654e-01, 1.1536742746835509e-02,
          2.3692979868940641e-02, -2.4904712897599853e-03,
          -2.8202151927335106e-03, 7.5240106467377487e-03,
          7.4531033985058715e-03, 1.1261592943438103e-02,
          5.0289708797551043e-04, -1.3862987122878504e-03,
          1.1536742746835511e-02, 4.0323243744783820e-02,
          3.0013662112330229e-03, 1.7886465122956853e-03,
          -3.4102417337524425e-03, 2.2229206174895631e-03,
          1.1020198520757108e-02, 1.9970977736434851e-02,
          -2.0934272324151975e-03, -4.2087896221639398e-04,
          2.3692979868940641e-02, 3.0013662112330238e-03,
          1.8424990726201133e-02, 1.3355036948382588e-03,
          2.5129739480683607e-03, 1.2095228908982304e-02,
          6.4645496222421241e-03, 6.2541002853879870e-03,
          -3.0007482631793611e-04, 7.5770316087852164e-04,
          -2.4904712897599861e-03, 1.7886465122956845e-03,
          1.3355036948382586e-03, 6.1132823539237706e-02,
          2.1405103254992508e-03, 2.0092662618929258e-03,
          1.0404365843227598e-02, 1.1382540575759565e-02,
          1.7720971678568021e-04, 2.3916946932590797e-03,
          -2.8202151927335111e-03, -3.4102417337524425e-03,
          2.5129739480683603e-03, 2.1405103254992512e-03,
          1.4842280332824111e-02, 5.4379312034635299e-03,
          2.3174715177169337e-02, 3.0546851767320291e-02,
          -2.7151756384875617e-03, 7.6800203064952268e-04,
          7.5240106467377487e-03, 2.2229206174895623e-03,
          1.2095228908982304e-02, 2.0092662618929258e-03,
          5.4379312034635308e-03, 4.8849488876780617e-02 ]
   - !!opencv-matrix
      rows: 10
      cols: 10
      dt: d
