%YAML:1.0
---
groups:
   - intact
   - CD19
intactGmmnames:
   - "intact.49796.0"
   - "intact.49796.1"
   - "intact.49796.2"
   - "intact.49796.3"
   - "intact.49796.4"
intactLabels:
   - FSC-A
   - SSC-A
   - SY41
   - CD19
   - CD10
   - CD20
   - CD45
   - CD34
   - CD38
   - CD58
intactMu: !!opencv-matrix
   rows: 5
   cols: 10
   dt: d
   data: [ 2.1962613272878686e+00, 2.4728095745871910e+00,
       2.3935327907774302e+00, 1.2541527883187111e+00,
       2.8336601722959842e+00, 1.2809380103457686e+00,
       3.0681324163337393e+00, 1.1921549787888028e+00,
       1.7422811213248077e+00, 2.4144545658431138e+00,
       9.4311059153563093e-01, 2.5736388326708792e-01,
       2.5128318988437792e+00, 1.1544957743598070e+00,
       1.0393004242146671e+00, 1.2407562492796398e+00,
       3.1922949519270545e+00, 9.6759586630991878e-01,
       1.7216920084250249e+00, 1.2196339096379631e+00,
       2.0696634462526262e+00, 2.3694103494150078e+00,
       2.3703884274890816e+00, 1.1923850151123963e+00,
       2.5763220252333765e+00, 1.2703816981247351e+00,
       2.9422355927054138e+00, 1.1762041496550937e+00,
       1.5799225777735537e+00, 2.3062192005195477e+00,
       1.8159690050382316e+00, 1.8366054601393147e+00,
       2.5701982621861528e+00, 1.2544825918129392e+00,
       1.7515127693485550e+00, 1.3726710049819515e+00,
       2.8202662631188828e+00, 1.2743278089449277e+00,
       1.7880929794779752e+00, 2.1509494110704925e+00,
       1.0063087679272211e+00, 3.6652969060066987e-01,
       2.4463192205087139e+00, 1.1580331630356853e+00,
       1.1049765600435690e+00, 1.2491430014494354e+00,
       2.6741421482138650e+00, 1.0211588234624038e+00,
       1.8005184120331010e+00, 2.0409214243962674e+00 ]
intactSigma:
   - !!opencv-matrix
      rows: 10
      cols: 10
      dt: d
      data: [ 1.6029699324069263e-01, 9.1910085741899919e-02,
          -8.9783383357461000e-03, -2.3209089447831857e-03,
          -1.2458167547270832e-02, 9.7642534195236817e-04,
          -5.7359511444015298e-04, 3.7010015624486239e-03,
          1.0253351686699457e-02, 1.2642297631792306e-02,
          9.1910085741899919e-02, 2.5725875771083784e-01,
          -5.9831385131601860e-03, -4.7205994063488346e-03,
          1.4203892790282358e-02, 1.2692261659889078e-03,
          -3.1759574326961975e-03, 7.1717707382554291e-03,
          -1.3550607785457755e-02, 7.0624587069215991e-03,
          -8.9783383357461017e-03, -5.9831385131601860e-03,
          2.8873080307520897e-02, 2.2061431687986372e-03,
          1.6370576666066611e-03, 2.1435666346504133e-03,
          3.6764354976784033e-03, 4.6283028858909257e-03,
          2.7760816243842844e-03, 9.4204050682605346e-04,
          -2.3209089447831857e-03, -4.7205994063488355e-03,
          2.2061431687986368e-03, 7.9818357878848806e-02,
          1.0136449496978626e-03, -8.3535004441046966e-04,
          3.3807275824222056e-03, 5.4539652699070913e-03,
          1.1739514094802259e-02, 1.4054290249468540e-03,
          -1.2458167547270832e-02, 1.4203892790282358e-02,
          1.6370576666066611e-03, 1.0136449496978624e-03,
          4.3547811794345255e-02, 1.8170658694913202e-04,
          9.7790747520880850e-03, 4.6459954173499211e-03,
          2.6190072759758296e-04, 6.1063268060356770e-04,
          9.7642534195236882e-04, 1.2692261659889078e-03,
          2.1435666346504125e-03, -8.3535004441046890e-04,
          1.8170658694913194e-04, 2.6040004611844345e-02,
          1.7993044401524662e-03, 2.6212398569007058e-03,
          -4.0302419317839516e-03, 1.0839779841661716e-03,
          -5.7359511444015352e-04, -3.1759574326961975e-03,
          3.6764354976784033e-03, 3.3807275824222064e-03,
          9.7790747520880832e-03, 1.7993044401524662e-03,
          1.4096346050958650e-02, 6.9662177463606393e-03,
          9.4580109064171785e-03, 3.2846040061578585e-03,
          3.7010015624486274e-03, 7.1717707382554265e-03,
          4.6283028858909239e-03, 5.4539652699070922e-03,
          4.6459954173499185e-03, 2.6212398569007058e-03,
          6.9662177463606393e-03, 1.3804657784991534e-01,
          1.0367448183896311e-02, 5.1586529718018323e-03,
          1.0253351686699457e-02, -1.3550607785457759e-02,
          2.7760816243842844e-03, 1.1739514094802263e-02,
          2.6190072759758252e-04, -4.0302419317839516e-03,
          9.4580109064171785e-03, 1.0367448183896311e-02,
          4.0523369695302014e-02, 8.6553249859956348e-03,
          1.2642297631792306e-02, 7.0624587069215991e-03,
          9.4204050682605356e-04, 1.4054290249468544e-03,
          6.1063268060356781e-04, 1.0839779841661716e-03,
          3.2846040061578585e-03, 5.1586529718018340e-03,
          8.6553249859956348e-03, 1.0972331137154595e-02 ]
   - !!opencv-matrix
      rows: 10
      cols: 10
      dt: d
      data: [ 1.7694969755798651e-02, 2.1803732518107586e-03,
          -1.1371296578939552e-03, -1.8505687873858912e-04,
          -1.5481216773977793e-03, -3.4677872932183660e-04,
          3.0521366246925837e-03, 4.4569144028335764e-04,
          1.6000451560481484e-03, 7.5582933670243040e-03,
          2.1803732518107586e-03, 4.4364670886830708e-03,
          -5.8828695534426782e-04, 7.5771490609302712e-05,
          1.5798130239766533e-04, 9.0020274632522353e-05,
          2.3882952542815181e-03, 1.1303958783531077e-03,
          -2.5875754502128908e-03, 1.6876974233728016e-02,
          -1.1371296578939556e-03, -5.8828695534426782e-04,
          4.6679905897496609e-03, 3.6109066731508973e-05,
          7.6760933777259574e-04, 3.3611699933926734e-04,
          2.1063220464308141e-04, -7.2725947321274084e-05,
          -8.0459652517555135e-04, -3.1020948571398709e-03,
          -1.8505687873858912e-04, 7.5771490609302712e-05,
          3.6109066731508986e-05, 4.0554087176063632e-03,
          -2.5031782577479857e-03, -2.9058325611442667e-04,
          1.5781777138222799e-04, 2.6373350151053437e-04,
          8.6041737033193237e-04, 4.8356205198008207e-04,
          -1.5481216773977793e-03, 1.5798130239766549e-04,
          7.6760933777259574e-04, -2.5031782577479857e-03,
          1.4364858490845641e-02, 5.3502144919249331e-04,
          -8.3832650996152724e-04, -1.5236574775907830e-03,
          -1.9406898402493868e-03, 3.3777910131354526e-03,
          -3.4677872932183649e-04, 9.0020274632522299e-05,
          3.3611699933926723e-04, -2.9058325611442656e-04,
          5.3502144919249299e-04, 1.4964469058721295e-02,
          -3.6268969009761617e-04, 9.9238597850071912e-05,
          -5.8880511207176885e-03, -5.6897150153581118e-05,
          3.0521366246925846e-03, 2.3882952542815181e-03,
          2.1063220464308155e-04, 1.5781777138222801e-04,
          -8.3832650996152691e-04, -3.6268969009761628e-04,
          1.9417745481047695e-02, 8.6814809907288597e-04,
          5.7546279784016566e-03, 1.2885655058074883e-02,
          4.4569144028335758e-04, 1.1303958783531077e-03,
          -7.2725947321273962e-05, 2.6373350151053437e-04,
          -1.5236574775907826e-03, 9.9238597850072170e-05,
          8.6814809907288641e-04, 1.7208603207251268e-02,
          -1.9497209755369292e-04, 7.6632182072523102e-03,
          1.6000451560481488e-03, -2.5875754502128899e-03,
          -8.0459652517555135e-04, 8.6041737033193237e-04,
          -1.9406898402493866e-03, -5.8880511207176885e-03,
          5.7546279784016557e-03, -1.9497209755369325e-04,
          5.8069373545238737e-02, -1.4423330127378191e-03,
          7.5582933670243040e-03, 1.6876974233728016e-02,
          -3.1020948571398709e-03, 4.8356205198008245e-04,
          3.3777910131354526e-03, -5.6897150153580935e-05,
          1.2885655058074881e-02, 7.6632182072523094e-03,
          -1.4423330127378182e-03, 2.0148681675728189e-01 ]
   - !!opencv-matrix
      rows: 10
      cols: 10
      dt: d
