%YAML:1.0
---
groups:
   - intact
   - CD19
intactGmmnames:
   - "intact.500.0"
   - "intact.500.1"
   - "intact.500.2"
   - "intact.500.3"
   - "intact.500.4"
intactLabels:
   - FSC-A
   - SSC-A
   - SY41
   - CD19
   - CD10
   - CD20
   - CD45
   - CD34
   - CD38
intactMu: !!opencv-matrix
   rows: 5
   cols: 9
   dt: d
   data: [ 1.2474660906893669e+00, 3.0625466544890811e-01,
       3.8256750034153550e+00, 1.1388687045366777e+00,
       8.8256982795610217e-01, 9.6490297925286439e-01,
       3.7150672048117594e+00, 1.1518580460368439e+00,
       1.7911696095584428e+00, 2.8499197209272320e+00,
       3.2657076825858313e+00, 3.7751608276508994e+00,
       1.7428389193740190e+00, 1.3922690593114864e+00,
       1.4926207972336782e+00, 2.9859757763208399e+00,
       1.1790515030013511e+00, 2.0713793163307939e+00,
       1.7153674388960662e+00, 8.2493093806168971e-01,
       3.8057681154325897e+00, 1.2656377350796053e+00,
       1.2880195301545536e+00, 1.1919303398526904e+00,
       2.6033394029645196e+00, 1.3281348206236323e+00,
       1.7619289345363893e+00, 2.5621443615355144e+00,
       3.2936030961207567e+00, 3.6125518248991626e+00,
       1.7369773544349272e+00, 2.6519359509682494e+00,
       1.3593711800526735e+00, 2.9259149306728278e+00,
       1.1823772606844929e+00, 1.6977236365507236e+00,
       2.1807336795322372e+00, 1.4058793840517980e+00,
       3.7817311259799982e+00, 1.4417410455744593e+00,
       1.3866556209999097e+00, 1.5102677400043700e+00,
       3.5040548631029642e+00, 1.6589017237776749e+00,
       2.8893016756398198e+00 ]
intactSigma:
   - !!opencv-matrix
      rows: 9
      cols: 9
      dt: d
      data: [ 1.0906018323308538e-01, 2.5586038885352276e-02,
          -1.3921362828705822e-02, 5.0991207868335275e-04,
          9.3385277402924498e-03, 2.4930425142325515e-02,
          1.9384937237494512e-02, 5.4562676680524544e-03,
          -8.6007299803926730e-03, 2.5586038885352276e-02,
          1.8034034949952992e-02, -5.9288136831068721e-03,
          3.3249829033513497e-03, 8.2633386205985659e-03,
          1.4096279822967302e-02, 7.9031722003938872e-03,
          4.5079753336032761e-03, -3.2160899726019886e-03,
          -1.3921362828705822e-02, -5.9288136831068721e-03,
          2.6032282272063778e-02, -1.4120551324615562e-03,
          -3.1420995212471242e-03, -1.2143867904299041e-02,
          -5.8302408000689837e-03, 1.6287643519555010e-03,
          3.6384093255923547e-03, 5.0991207868335297e-04,
          3.3249829033513497e-03, -1.4120551324615562e-03,
          1.8229775147521752e-02, 2.0890210631916615e-03,
          3.0411718495322987e-03, 6.5152919490783627e-04,
          2.2731662629652451e-03, -2.3551358712037532e-03,
          9.3385277402924498e-03, 8.2633386205985641e-03,
          -3.1420995212471242e-03, 2.0890210631916610e-03,
          4.8116018777145352e-02, 2.3751890184128361e-03,
          2.6413459837001220e-03, -2.6713373920964558e-03,
          -2.1176890402573104e-03, 2.4930425142325515e-02,
          1.4096279822967302e-02, -1.2143867904299041e-02,
          3.0411718495322992e-03, 2.3751890184128366e-03,
          5.3312133303631833e-02, 8.3916559060815792e-03,
          2.1760077998686338e-03, -6.8192347433027401e-03,
          1.9384937237494512e-02, 7.9031722003938872e-03,
          -5.8302408000689828e-03, 6.5152919490783648e-04,
          2.6413459837001225e-03, 8.3916559060815792e-03,
          1.0469144066745237e-02, 5.0864720473575123e-04,
          -2.7267015183784133e-03, 5.4562676680524544e-03,
          4.5079753336032778e-03, 1.6287643519555023e-03,
          2.2731662629652464e-03, -2.6713373920964558e-03,
          2.1760077998686329e-03, 5.0864720473575091e-04,
          1.5266463158622706e-01, 1.8238935085257014e-03,
          -8.6007299803926730e-03, -3.2160899726019886e-03,
          3.6384093255923547e-03, -2.3551358712037532e-03,
          -2.1176890402573108e-03, -6.8192347433027401e-03,
          -2.7267015183784133e-03, 1.8238935085257040e-03,
          3.0525202735217631e-02 ]
   - !!opencv-matrix
      rows: 9
      cols: 9
      dt: d
      data: [ 4.0535224777244788e-01, 2.0860246393143639e-01,
          3.1599323245570944e-02, 3.0025438258161917e-02,
          2.8788685988495134e-02, 4.9254024924589440e-02,
          1.0929146261864583e-02, 1.3441630156982640e-02,
          3.3542045441310536e-02, 2.0860246393143636e-01,
          4.3376836573713046e-01, -1.8687734848738451e-03,
          7.3463025620323072e-02, 5.1624110588293110e-02,
          6.0965835531003855e-02, 3.0539747859970691e-02,
          1.2895312892853276e-02, 1.7451486405734577e-02,
          3.1599323245570944e-02, -1.8687734848738440e-03,
          4.1068643923446738e-02, -2.5595531853482858e-03,
          1.2841319726003582e-02, 2.3698750228647831e-02,
          -2.4551319766661864e-03, 3.9418856971727674e-03,
          5.6886402135659792e-02, 3.0025438258161917e-02,
          7.3463025620323072e-02, -2.5595531853482858e-03,
          2.7272370303792731e-02, 8.9150608572618889e-03,
          1.0727381225639118e-02, 4.7542588158796546e-03,
          2.4206345562326984e-03, -6.1465798534424468e-04,
          2.8788685988495134e-02, 5.1624110588293110e-02,
          1.2841319726003582e-02, 8.9150608572618889e-03,
          7.6357627891156479e-02, 2.6387568879913142e-02,
          7.0564348426290866e-03, 5.8387189113083019e-03,
          4.1178582620255408e-02, 4.9254024924589440e-02,
          6.0965835531003855e-02, 2.3698750228647831e-02,
          1.0727381225639118e-02, 2.6387568879913136e-02,
          7.6892599384483062e-02, 5.6724659810141118e-03,
          9.2068423385029616e-03, 8.7590073018662451e-02,
          1.0929146261864585e-02, 3.0539747859970691e-02,
          -2.4551319766661864e-03, 4.7542588158796537e-03,
          7.0564348426290866e-03, 5.6724659810141118e-03,
          1.5834903700707184e-02, 8.5208179278292500e-04,
          6.4156341039115963e-03, 1.3441630156982637e-02,
          1.2895312892853278e-02, 3.9418856971727674e-03,
          2.4206345562326997e-03, 5.8387189113083019e-03,
          9.2068423385029616e-03, 8.5208179278292479e-04,
          7.8770952687662057e-02, 1.4184979002881860e-02,
          3.3542045441310543e-02, 1.7451486405734570e-02,
          5.6886402135659805e-02, -6.1465798534424544e-04,
          4.1178582620255408e-02, 8.7590073018662451e-02,
          6.4156341039115945e-03, 1.4184979002881860e-02,
          2.1215674684958225e-01 ]
   - !!opencv-matrix
      rows: 9
      cols: 9
      dt: d
      data: [ 4.2722061103733810e-01, 1.8048633841179690e-01,
          -5.4556122629209773e-02, 3.9231855481987633e-02,
          3.8398186636130489e-02, 1.3025123519055018e-01,
          1.9004280352479649e-01, 5.3645042176747239e-02,
          3.3800469780463534e-02, 1.8048633841179687e-01,
          3.3263625862956203e-01, -1.1591331388002912e-01,
          7.6839023292490247e-02, 6.4294365910200740e-02,
          1.5087317169819345e-01, 1.2454738964387881e-01,
          1.4651098751846670e-01, 5.3593577215069070e-02,
          -5.4556122629209773e-02, -1.1591331388002912e-01,
          1.9671278792651667e-01, -2.4452699873093581e-02,
          -3.4669050395055814e-02, -7.6093093317821103e-02,
          -1.3588715342393778e-01, -7.9140204703674014e-02,
          -1.3099668368579719e-02, 3.9231855481987619e-02,
          7.6839023292490247e-02, -2.4452699873093581e-02,
          3.0537489416748883e-02, 1.7404335086698461e-02,
          3.6952513713368169e-02, 2.1551042850517385e-02,
          3.4384362938525884e-02, 1.1285863697660777e-02,
          3.8398186636130503e-02, 6.4294365910200740e-02,
          -3.4669050395055821e-02, 1.7404335086698468e-02,
          1.7787453206955872e-01, 5.3713373711334118e-02,
          1.3524316676255255e-01, 2.8302420897078854e-02,
