%YAML:1.0
---
groups:
   - intact
   - CD19
intactGmmnames:
   - "intact.510.0"
   - "intact.510.1"
   - "intact.510.2"
   - "intact.510.3"
   - "intact.510.4"
intactLabels:
   - FSC-A
   - SSC-A
   - SY41
   - CD19
   - CD10
   - CD20
   - CD45
   - CD34
   - CD38
intactMu: !!opencv-matrix
   rows: 5
   cols: 9
   dt: d
   data: [ 3.1038929886459328e+00, 2.8739048928213959e+00,
       3.5587796335793143e+00, 1.6420932464015403e+00,
       1.3435629670941924e+00, 1.6590873801431067e+00,
       3.1845219041527391e+00, 1.1407874492370134e+00,
       2.3786234083787119e+00, 1.2762662969442340e+00,
       2.7038735659492064e-01, 3.4641855842309202e+00,
       1.1405341588514859e+00, 8.3795635518019551e-01,
       9.1434129432876210e-01, 3.7643727413981911e+00,
       1.0738230222002594e+00, 1.7986007888812199e+00,
       2.0697399537983903e+00, 9.6843401361006998e-01,
       3.4636033535739332e+00, 1.2869635092411289e+00,
       1.0909489671914421e+00, 1.2236046359468413e+00,
       3.4695086775479544e+00, 1.6962101872586097e+00,
       2.8546788553605644e+00, 1.3433197451612398e+00,
       5.6200819012448400e-01, 3.6524066404077411e+00,
       1.1633521463632688e+00, 1.0790434625355114e+00,
       1.0364178154236845e+00, 1.7892479146576792e+00,
       1.1062796613525208e+00, 1.7377465349953030e+00,
       3.0494617845020748e+00, 2.8711050756431598e+00,
       3.3009304082911415e+00, 1.6513495002446894e+00,
       1.5198369188928664e+00, 1.2580742414985644e+00,
       3.2167418760843862e+00, 1.1276691008675892e+00,
       1.7685231444960539e+00 ]
intactSigma:
   - !!opencv-matrix
      rows: 9
      cols: 9
      dt: d
      data: [ 5.0961853504008281e-01, 3.8777823522370058e-01,
          6.4612906736563852e-04, 6.6296042053437254e-02,
          1.6925180754282475e-02, 8.6342936147240767e-03,
          1.9879262819111961e-02, -1.6324623491651105e-02,
          -1.5378639333627772e-01, 3.8777823522370058e-01,
          6.3408566091012553e-01, -4.9738259825908050e-04,
          1.1071648995171086e-01, 4.2433049956865081e-02,
          3.3652645464770765e-02, 3.9745653055699860e-02,
          -1.2575738531289033e-02, -1.2946071312374258e-01,
          6.4612906736563819e-04, -4.9738259825907920e-04,
          1.9683276429205095e-02, -6.1028311296990503e-05,
          1.7738342778846086e-02, 2.1254520985101780e-02,
          1.0676026522096226e-03, 6.7256223662179385e-03,
          4.4014338077744880e-02, 6.6296042053437240e-02,
          1.1071648995171086e-01, -6.1028311296990564e-05,
          3.7627893180875713e-02, 8.0131507545900225e-03,
          5.7885188989784371e-03, 6.8839912512073404e-03,
          -2.7148210289752368e-03, -2.8603076718595452e-02,
          1.6925180754282478e-02, 4.2433049956865081e-02,
          1.7738342778846086e-02, 8.0131507545900225e-03,
          6.0386531368385642e-02, 4.1157463433417155e-02,
          6.8861015172484380e-03, 7.6022137410162770e-03,
          6.6103995089820594e-02, 8.6342936147240784e-03,
          3.3652645464770765e-02, 2.1254520985101780e-02,
          5.7885188989784363e-03, 4.1157463433417155e-02,
          6.4094723436499162e-02, 7.2702673291935071e-03,
          1.0790334741351873e-02, 8.5788729882658302e-02,
          1.9879262819111964e-02, 3.9745653055699853e-02,
          1.0676026522096229e-03, 6.8839912512073395e-03,
          6.8861015172484380e-03, 7.2702673291935071e-03,
          1.3517881133199627e-02, 1.3596922308413556e-05,
          8.8834663052524045e-03, -1.6324623491651098e-02,
          -1.2575738531289033e-02, 6.7256223662179385e-03,
          -2.7148210289752359e-03, 7.6022137410162770e-03,
          1.0790334741351874e-02, 1.3596922308413226e-05,
          6.8546221448776562e-02, 3.9653431520057091e-02,
          -1.5378639333627772e-01, -1.2946071312374258e-01,
          4.4014338077744880e-02, -2.8603076718595449e-02,
          6.6103995089820594e-02, 8.5788729882658302e-02,
          8.8834663052524045e-03, 3.9653431520057077e-02,
          3.0035767165173483e-01 ]
   - !!opencv-matrix
      rows: 9
      cols: 9
      dt: d
      data: [ 2.1273717201897449e-01, 3.0259851623130374e-02,
          -4.3898249597844316e-02, 1.6090808187651056e-03,
          8.1226355194838843e-03, 4.6766077722979409e-02,
          2.8616561816153251e-02, 4.8709390767732547e-04,
          -4.8525071051868148e-03, 3.0259851623130371e-02,
          1.2388689345320142e-02, -5.3598685886062578e-03,
          2.6933693827767644e-03, 5.4931635172932800e-03,
          1.3735329320225448e-02, 7.1828814577234775e-03,
          1.2736980337651742e-03, -1.1005970137603033e-03,
          -4.3898249597844323e-02, -5.3598685886062578e-03,
          3.6432027380200668e-02, -7.7214593676682856e-05,
          -1.3386299669366020e-03, -1.2961464503938380e-02,
          -7.0128783643654130e-03, 1.0660110431006864e-03,
          2.7802212085947242e-03, 1.6090808187651051e-03,
          2.6933693827767653e-03, -7.7214593676682829e-05,
          2.4174840904500051e-02, 1.9023941416916757e-03,
          2.6489723585418059e-03, 9.9257084774725577e-04,
          1.6308485188645740e-03, -2.1023926093288372e-03,
          8.1226355194838808e-03, 5.4931635172932782e-03,
          -1.3386299669366020e-03, 1.9023941416916768e-03,
          3.9771818623274710e-02, 1.3287546954694090e-03,
          1.9215886988243542e-03, -3.8998679688879742e-03,
          -1.1415395038846569e-03, 4.6766077722979402e-02,
          1.3735329320225448e-02, -1.2961464503938378e-02,
          2.6489723585418059e-03, 1.3287546954694098e-03,
          6.2544074519366152e-02, 1.0707325331428022e-02,
          1.2850449880092043e-03, -2.8563544192856160e-03,
          2.8616561816153251e-02, 7.1828814577234775e-03,
          -7.0128783643654130e-03, 9.9257084774725577e-04,
          1.9215886988243551e-03, 1.0707325331428024e-02,
          1.0263295510637371e-02, -6.2740193094444781e-04,
          -7.1440841880950903e-04, 4.8709390767732660e-04,
          1.2736980337651742e-03, 1.0660110431006855e-03,
          1.6308485188645740e-03, -3.8998679688879751e-03,
          1.2850449880092039e-03, -6.2740193094444814e-04,
          1.3760557118015460e-01, 1.5716865309934771e-03,
          -4.8525071051868165e-03, -1.1005970137603033e-03,
          2.7802212085947242e-03, -2.1023926093288372e-03,
          -1.1415395038846569e-03, -2.8563544192856160e-03,
          -7.1440841880950924e-04, 1.5716865309934763e-03,
          1.8482444185879101e-02 ]
   - !!opencv-matrix
      rows: 9
      cols: 9
      dt: d
      data: [ 4.9389566626345294e-01, 2.5919311846533810e-01,
          3.8050529935734968e-02, 4.3670274346171371e-02,
          3.6989017434004248e-02, 8.5612593177177260e-02,
          -8.2671333779457939e-03, 6.4437170448261930e-02,
          7.5707379781045886e-02, 2.5919311846533816e-01,
          3.2594922926852082e-01, 3.7497743143054152e-02,
          6.5632266490128988e-02, 5.6253800873956719e-02,
          1.0238373674041969e-01, -3.5146945728117246e-02,
          7.7632930157949072e-03, 8.2212895108574366e-02,
          3.8050529935734968e-02, 3.7497743143054152e-02,
          5.7093916928908819e-02, 4.5460238320894717e-03,
          1.1367233697731231e-02, 1.1812450854404766e-02,
          -3.8014935713436809e-02, 6.7222921119619916e-02,
          2.9024710465976520e-02, 4.3670274346171371e-02,
          6.5632266490128988e-02, 4.5460238320894717e-03,
          5.5770974002043949e-02, 1.7658883633273822e-02,
          5.1862325501510605e-02, 2.4957402873240437e-03,
          -1.7785195923076397e-02, -3.6441086934598408e-03,
          3.6989017434004248e-02, 5.6253800873956712e-02,
          1.1367233697731233e-02, 1.7658883633273822e-02,
          1.3228468029460727e-01, 3.7032248947858400e-02,
          -2.3431422509653781e-02, 3.2652591204684313e-02,
