%YAML:1.0
---
groups:
   - intact
   - CD19
intactGmmnames:
   - "intact.512.0"
   - "intact.512.1"
   - "intact.512.2"
   - "intact.512.3"
   - "intact.512.4"
intactLabels:
   - FSC-A
   - SSC-A
   - SY41
   - CD19
   - CD10
   - CD20
   - CD45
   - CD34
   - CD38
intactMu: !!opencv-matrix
   rows: 5
   cols: 9
   dt: d
   data: [ 1.0529985096857675e+00, 2.2336151208015015e-01,
       3.3209965925922535e+00, 1.0933167981922707e+00,
       8.1599185522185880e-01, 9.6288627449094588e-01,
       3.5706967087769157e+00, 1.0303917000417711e+00,
       1.8069669560517723e+00, 2.3570037909823900e+00,
       1.3657173701987473e+00, 3.1505759826525770e+00,
       1.3899230719522566e+00, 1.2544833722247606e+00,
       1.5235982175800837e+00, 3.1520527018822739e+00,
       1.3012492803569835e+00, 2.6263247582227249e+00,
       3.1389692110067080e+00, 2.7695516855657645e+00,
       2.9081508905030926e+00, 1.7026639620745692e+00,
       1.1453833214924440e+00, 1.3985741552012976e+00,
       2.9167549219989573e+00, 1.0372826722615376e+00,
       2.0007038913694712e+00, 1.2799285893716557e+00,
       4.5710042484681607e-01, 3.1885654745700709e+00,
       1.0894937023239648e+00, 9.8714298707448622e-01,
       1.0997283343734980e+00, 1.5469837129853032e+00,
       1.0249493446679103e+00, 1.6529098929682995e+00,
       2.7939382890167668e+00, 3.1145346294861627e+00,
       2.7010563964886933e+00, 1.7819127482261348e+00,
       2.3883264985600130e+00, 1.4117651965800897e+00,
       3.2781576272604984e+00, 1.0992071182607188e+00,
       1.7681881746915649e+00 ]
intactSigma:
   - !!opencv-matrix
      rows: 9
      cols: 9
      dt: d
      data: [ 9.1320710454163276e-02, 1.5620527399763325e-02,
          -1.5636940692539625e-02, 1.2924054338574074e-03,
          6.6337914134136427e-03, 2.3569792531599586e-02,
          1.8749875774418726e-02, 1.6183551056116582e-03,
          -2.5146389854394636e-03, 1.5620527399763325e-02,
          6.8116594471954971e-03, -1.9141479745013663e-03,
          1.6197640643503398e-03, 3.1849588434751321e-03,
          9.5206743910229014e-03, 5.1946021191811671e-03,
          5.8924196291917810e-04, -1.7395950159117463e-03,
          -1.5636940692539625e-02, -1.9141479745013663e-03,
          2.8118129985971400e-02, -1.5714051295637520e-03,
          -5.2441786725141608e-04, -5.0105666274311940e-03,
          -5.2966974618712968e-03, 1.4593986031886481e-03,
          1.6242893717493653e-03, 1.2924054338574070e-03,
          1.6197640643503394e-03, -1.5714051295637513e-03,
          2.9490458168714890e-02, 1.0760872732387032e-03,
          3.6523673464683433e-03, 1.6140631020186839e-03,
          1.5059194052573905e-03, -2.8675870166756192e-03,
          6.6337914134136427e-03, 3.1849588434751325e-03,
          -5.2441786725141587e-04, 1.0760872732387032e-03,
          4.4533707632862456e-02, 1.1501204756612061e-03,
          2.5858673381903329e-03, -5.0864241610980567e-03,
          -1.4209255705172666e-03, 2.3569792531599586e-02,
          9.5206743910229031e-03, -5.0105666274311922e-03,
          3.6523673464683433e-03, 1.1501204756612067e-03,
          7.3742959463286184e-02, 8.8387708733490434e-03,
          1.4148348347611539e-03, -4.9272025637358413e-03,
          1.8749875774418726e-02, 5.1946021191811671e-03,
          -5.2966974618712977e-03, 1.6140631020186839e-03,
          2.5858673381903329e-03, 8.8387708733490434e-03,
          1.0195201649318406e-02, -5.4206650301937887e-04,
          -1.5761214927118752e-03, 1.6183551056116582e-03,
          5.8924196291917767e-04, 1.4593986031886492e-03,
          1.5059194052573913e-03, -5.0864241610980550e-03,
          1.4148348347611554e-03, -5.4206650301937898e-04,
          1.3708076324066953e-01, 9.1843355019612268e-04,
          -2.5146389854394640e-03, -1.7395950159117463e-03,
          1.6242893717493651e-03, -2.8675870166756188e-03,
          -1.4209255705172664e-03, -4.9272025637358413e-03,
          -1.5761214927118761e-03, 9.1843355019612311e-04,
          2.0296654762731823e-02 ]
   - !!opencv-matrix
      rows: 9
      cols: 9
      dt: d
      data: [ 7.5100222220814572e-01, 5.9214805763187905e-01,
          7.1518625054383528e-02, 1.1621435011368658e-01,
          1.2921286833818918e-01, 1.6078592578179032e-01,
          -6.7472104732794941e-02, 2.4138460572062886e-03,
          2.2616114343176977e-01, 5.9214805763187905e-01,
          7.3967422615203859e-01, 7.2503507333784911e-02,
          1.5511520324283157e-01, 1.7861995819948898e-01,
          1.9014174964747915e-01, -7.7141376886054991e-02,
          -3.8148880290324046e-02, 2.4121991402437390e-01,
          7.1518625054383528e-02, 7.2503507333784953e-02,
          1.8873829647526888e-01, 8.1624594168576998e-03,
          3.2974909760961027e-02, 3.7041019144553773e-02,
          -7.8545208550026044e-02, 3.6520186204737903e-02,
          8.3487625386015465e-02, 1.1621435011368658e-01,
          1.5511520324283157e-01, 8.1624594168577015e-03,
          7.2200617136833317e-02, 4.7851777878634275e-02,
          6.5432847479748160e-02, -2.6628783687629039e-03,
          -1.4200320237949596e-02, 3.1770102051304497e-02,
          1.2921286833818918e-01, 1.7861995819948892e-01,
          3.2974909760961034e-02, 4.7851777878634275e-02,
          1.8026456937406751e-01, 7.7735178011562933e-02,
          -4.0781461848032635e-02, -4.3220657344848834e-03,
          3.3745198201899515e-02, 1.6078592578179032e-01,
          1.9014174964747915e-01, 3.7041019144553773e-02,
          6.5432847479748160e-02, 7.7735178011562933e-02,
          1.9592718708757542e-01, -2.6365329691575890e-02,
          -2.0021736158680480e-02, 5.5688278194041201e-02,
          -6.7472104732794941e-02, -7.7141376886054991e-02,
          -7.8545208550026044e-02, -2.6628783687629035e-03,
          -4.0781461848032621e-02, -2.6365329691575901e-02,
          2.2225607140238796e-01, -2.2642503623759500e-02,
          -6.4187832497156094e-02, 2.4138460572062899e-03,
          -3.8148880290324046e-02, 3.6520186204737903e-02,
          -1.4200320237949595e-02, -4.3220657344848834e-03,
          -2.0021736158680477e-02, -2.2642503623759497e-02,
          2.9919738653615352e-01, 5.7544404681677007e-02,
          2.2616114343176977e-01, 2.4121991402437390e-01,
          8.3487625386015465e-02, 3.1770102051304490e-02,
          3.3745198201899515e-02, 5.5688278194041187e-02,
          -6.4187832497156094e-02, 5.7544404681677007e-02,
          4.6441842489433655e-01 ]
   - !!opencv-matrix
      rows: 9
      cols: 9
      dt: d
      data: [ 4.1354833789282142e-01, 3.4170581725558713e-01,
          3.5536325904812205e-02, 4.9971575524027007e-02,
          6.1440194602696958e-02, 9.4980912927765879e-02,
          1.8390919234145913e-02, 7.7398172367596938e-03,
          6.4027882996746707e-02, 3.4170581725558713e-01,
          6.5835606050017170e-01, -4.7393179031293961e-02,
          1.1064698482313379e-01, 6.8516702497564697e-02,
          9.3806886609646395e-02, 5.0688548328604331e-02,
          1.0509755036613383e-02, 4.1332051910605225e-02,
          3.5536325904812198e-02, -4.7393179031293961e-02,
          1.0739052488067651e-01, -1.2923197862757328e-02,
          3.8029581800342266e-03, 8.7626074784466768e-03,
          -1.0653895027240096e-02, -1.0700130480685603e-03,
          1.7815266687493475e-02, 4.9971575524027007e-02,
          1.1064698482313379e-01, -1.2923197862757323e-02,
          3.9717204051587095e-02, 1.4235928735438080e-02,
          1.8704607279602839e-02, 9.0972219933796276e-03,
          2.2934261856557055e-03, 9.8274447166153654e-03,
          6.1440194602696958e-02, 6.8516702497564710e-02,
          3.8029581800342266e-03, 1.4235928735438077e-02,
          6.2084098620010429e-02, 2.4721127687964296e-02,
          7.6068313271746039e-03, 3.5140848131933096e-04,
