%YAML:1.0
---
groups:
   - intact
   - CD19
   - blast
intactGmmnames:
   - "intact.512.0"
   - "intact.512.1"
   - "intact.512.2"
   - "intact.512.3"
   - "intact.512.4"
intactLabels:
   - FSC-A
   - SSC-A
   - SY41
   - CD19
   - CD10
   - CD20
   - CD45
   - CD34
   - CD38
intactMu: !!opencv-matrix
   rows: 5
   cols: 9
   dt: d
   data: [ 2.5443831628077307e+00, 1.3544802014466519e+00,
       2.4914053591808849e+00, 1.5020353153567307e+00,
       1.7458446950146085e+00, 1.8912205450621493e+00,
       3.3190891910815621e+00, 1.3431344297904924e+00,
       2.0457519109809410e+00, 1.7210225274527515e+00,
       2.7347623640983426e-01, 2.4687160839253868e+00,
       1.0754767707989279e+00, 9.0252288166523875e-01,
       1.2091798702797587e+00, 3.5716006649795022e+00,
       1.0796442236340156e+00, 1.7986356089126372e+00,
       3.3151691331012278e+00, 2.9509007734446602e+00,
       2.4378236581628241e+00, 1.6763134646131284e+00,
       2.3414176081516165e+00, 1.5348859131376877e+00,
       3.1374729029818531e+00, 1.2248309701339162e+00,
       1.7529317302320360e+00, 2.0498186670755851e+00,
       9.4893333936535040e-01, 2.2919313975765609e+00,
       1.2523279853607074e+00, 1.3521057890521506e+00,
       1.3968229106985803e+00, 1.7400657176915049e+00,
       1.1071701113411532e+00, 1.6658346288628418e+00,
       2.1298519530917468e+00, 5.1451867501504778e-01,
       2.2256447490172544e+00, 1.1476660549444504e+00,
       9.6758420179974269e-01, 1.3040641497753698e+00,
       3.7362069043079456e+00, 1.1384921245601023e+00,
       2.0974883892629763e+00 ]
intactSigma:
   - !!opencv-matrix
      rows: 9
      cols: 9
      dt: d
      data: [ 7.6955133724366231e-01, 5.9548967494246363e-01,
          5.4039948978831687e-02, 7.2924359195506439e-02,
          8.0254569291239919e-02, -5.3105554482165494e-02,
          -1.7241597283619695e-02, 4.1817844195909420e-02,
          1.0729997606384213e-01, 5.9548967494246374e-01,
          1.0601321645510895e+00, 6.5240686130729891e-02,
          1.4601990689686892e-01, 1.6763092220059475e-01,
          -8.1366369707104966e-02, -1.5257128761992382e-02,
          4.3894766309707539e-02, 1.0236586809749589e-01,
          5.4039948978831687e-02, 6.5240686130729905e-02,
          9.1750754459658621e-02, 3.7561943562912014e-03,
          2.1884468638899920e-02, -3.7015544250783104e-03,
          -4.1737945074159136e-02, 7.4005387819811742e-03,
          2.4958597693650782e-02, 7.2924359195506439e-02,
          1.4601990689686895e-01, 3.7561943562912032e-03,
          1.2086142719505256e-01, 2.5500855136335380e-02,
          1.1147669682948456e-01, 1.2058470273507054e-02,
          7.8193962844874988e-03, 1.4053232757766173e-02,
          8.0254569291239891e-02, 1.6763092220059475e-01,
          2.1884468638899930e-02, 2.5500855136335387e-02,
          3.7573028239681455e-01, -4.8286286508552545e-02,
          -4.4901943279759521e-02, 2.9634711021493232e-02,
          -8.6184592067365517e-03, -5.3105554482165480e-02,
          -8.1366369707104966e-02, -3.7015544250783112e-03,
          1.1147669682948455e-01, -4.8286286508552545e-02,
          4.2093586615077933e-01, 4.6281790501751137e-02,
          -9.2416590980036687e-03, -1.7285639698780365e-02,
          -1.7241597283619708e-02, -1.5257128761992388e-02,
          -4.1737945074159129e-02, 1.2058470273507059e-02,
          -4.4901943279759521e-02, 4.6281790501751144e-02,
          2.9551973953714666e-01, -1.9851128525949727e-02,
          -1.1912817056258757e-02, 4.1817844195909407e-02,
          4.3894766309707539e-02, 7.4005387819811768e-03,
          7.8193962844874971e-03, 2.9634711021493232e-02,
          -9.2416590980036670e-03, -1.9851128525949727e-02,
          2.6220234139703325e-01, 5.7138994364899678e-02,
          1.0729997606384213e-01, 1.0236586809749587e-01,
          2.4958597693650782e-02, 1.4053232757766173e-02,
          -8.6184592067365517e-03, -1.7285639698780369e-02,
          -1.1912817056258761e-02, 5.7138994364899678e-02,
          2.1971705301183300e-01 ]
   - !!opencv-matrix
      rows: 9
      cols: 9
      dt: d
      data: [ 1.0382393982830695e-01, 5.5792656834488938e-03,
          -5.8537141090066859e-03, 2.7017818337325125e-04,
          3.8496899834207783e-03, 9.6069437154869715e-03,
          1.0526535867728266e-02, 3.4796552583639629e-03,
          -7.8361948245490572e-04, 5.5792656834488938e-03,
          4.7755187417272086e-03, -1.6726893927521867e-03,
          1.2961083243000155e-03, 3.0993249854699917e-03,
          7.0246137856657745e-03, 3.1756791468157092e-03,
          6.7503221502142774e-04, -2.0834862507190630e-03,
          -5.8537141090066859e-03, -1.6726893927521869e-03,
          7.8395636581041015e-03, -2.5966312638164249e-04,
          -4.0788132157559647e-04, -9.0609829458175692e-04,
          -2.3523044930141637e-03, -3.3394063012520735e-04,
          3.5693815179801920e-04, 2.7017818337325168e-04,
          1.2961083243000159e-03, -2.5966312638164233e-04,
          1.8552669340575027e-02, 1.1569242783750827e-03,
          2.4206655235265231e-03, 3.9086712820772876e-04,
          1.7874546591007806e-03, -2.1334265903573779e-03,
          3.8496899834207757e-03, 3.0993249854699917e-03,
          -4.0788132157559630e-04, 1.1569242783750820e-03,
          5.3335715015622759e-02, 2.5981758954290008e-03,
          2.7630871785504613e-03, -4.0664434363970933e-03,
          -2.2795925728471595e-03, 9.6069437154869715e-03,
          7.0246137856657754e-03, -9.0609829458175746e-04,
          2.4206655235265240e-03, 2.5981758954290017e-03,
          7.1148335411825067e-02, 5.4224774991042677e-03,
          1.4146221379505320e-03, -6.4512740540866214e-03,
          1.0526535867728266e-02, 3.1756791468157092e-03,
          -2.3523044930141637e-03, 3.9086712820772887e-04,
          2.7630871785504613e-03, 5.4224774991042677e-03,
          8.2830399871773892e-03, -5.8201323170816538e-05,
          -2.1317252877533295e-03, 3.4796552583639642e-03,
          6.7503221502142753e-04, -3.3394063012520718e-04,
          1.7874546591007813e-03, -4.0664434363970941e-03,
          1.4146221379505307e-03, -5.8201323170816429e-05,
          1.2627939406855887e-01, 6.3931643287940226e-04,
          -7.8361948245490561e-04, -2.0834862507190625e-03,
          3.5693815179801904e-04, -2.1334265903573783e-03,
          -2.2795925728471595e-03, -6.4512740540866196e-03,
          -2.1317252877533291e-03, 6.3931643287940237e-04,
          1.5310996883401574e-02 ]
   - !!opencv-matrix
      rows: 9
      cols: 9
      dt: d
      data: [ 4.1411575618133400e-01, 1.1086547138427619e-01,
          -5.5063352774314990e-03, 2.3696395076580862e-02,
          -3.1188392157062740e-02, 1.4212646156301920e-02,
          -1.6310830344640696e-02, 4.0332012181647529e-03,
          3.9002631967197279e-03, 1.1086547138427619e-01,
          3.3590387896429480e-01, 7.7534622624168478e-04,
          6.5842826731802584e-02, 5.4033280017082047e-02,
          4.6050435905018235e-02, 2.5015301327213559e-02,
          1.8142231818237046e-02, 4.5866759333932482e-03,
          -5.5063352774315025e-03, 7.7534622624168500e-04,
          2.2358645642389870e-02, 6.4336839174010258e-05,
          -2.8120453068992335e-03, 1.6462920448373495e-03,
          -2.8288283656361653e-03, 1.0331144689577365e-03,
          -8.4378549251827245e-05, 2.3696395076580851e-02,
          6.5842826731802570e-02, 6.4336839174010136e-05,
          2.8410334476451526e-02, 1.1918548261545739e-02,
          9.6501049031347142e-03, 6.1916491232972982e-03,
          4.3265266514428274e-03, -1.1552801620170218e-03,
          -3.1188392157062740e-02, 5.4033280017082040e-02,
          -2.8120453068992339e-03, 1.1918548261545737e-02,
          1.3499764724102173e-01, 1.2431370345160637e-02,
