%YAML:1.0
---
groups:
   - intact
   - CD19
intactGmmnames:
   - "intact.514.0"
   - "intact.514.1"
   - "intact.514.2"
   - "intact.514.3"
   - "intact.514.4"
intactLabels:
   - FSC-A
   - SSC-A
   - SY41
   - CD19
   - CD10
   - CD20
   - CD45
   - CD34
   - CD38
intactMu: !!opencv-matrix
   rows: 5
   cols: 9
   dt: d
   data: [ 1.5538526958258609e+00, 2.7340045176710892e-01,
       3.0777214693823409e+00, 1.0889956918320198e+00,
       8.0557493345917019e-01, 1.0204298127439153e+00,
       3.6580099908412862e+00, 1.0767739835984611e+00,
       1.7010529414301840e+00, 2.2960697521498923e+00,
       6.5264311664214469e-01, 2.8847849897002300e+00,
       1.1442273378110239e+00, 8.4881800621726944e-01,
       1.0971540968075117e+00, 3.7721426793846011e+00,
       1.1428959745956591e+00, 2.4667019635217637e+00,
       1.8723975826405648e+00, 3.5641861144879966e-01,
       3.3720053609900136e+00, 1.1140333086745795e+00,
       9.6282421755065206e-01, 1.0154074973563390e+00,
       1.3050230083863130e+00, 1.0671827843758130e+00,
       1.5909771896805009e+00, 3.0177158788780050e+00,
       1.9910017802579127e+00, 3.1148594652229584e+00,
       1.3707389520488591e+00, 1.4777079259045103e+00,
       1.3934269821266450e+00, 3.0380639215803757e+00,
       1.3539689089031606e+00, 2.3584703669945899e+00,
       2.1100366120032561e+00, 4.5165840020610493e-01,
       2.9147481753110380e+00, 1.1156283815848671e+00,
       8.4205957942985676e-01, 1.1103429354784915e+00,
       3.7822795187696086e+00, 1.0940657619124934e+00,
       1.6498647617807838e+00 ]
intactSigma:
   - !!opencv-matrix
      rows: 9
      cols: 9
      dt: d
      data: [ 9.5869968895526111e-02, 9.4180160976403988e-03,
          -1.7932709863836965e-02, -1.0499377477454692e-03,
          2.2238884590113817e-03, 8.7330490748363208e-03,
          1.1087078715209916e-02, 2.3705025167329872e-03,
          -8.4793127655248437e-04, 9.4180160976403988e-03,
          5.9647451295298639e-03, -1.7813174364710044e-03,
          7.1069449261076337e-04, 2.3701647145384806e-03,
          4.4289800886315117e-03, 2.6821245258764211e-03,
          5.0353126908943898e-04, -1.1311542612463361e-03,
          -1.7932709863836965e-02, -1.7813174364710042e-03,
          7.7004701405206507e-03, -1.7169597166969921e-04,
          -7.4912402270931535e-05, -1.3453975922185428e-03,
          -2.9806137283314438e-03, 2.7944768118901036e-04,
          -1.2028541341897521e-04, -1.0499377477454692e-03,
          7.1069449261076348e-04, -1.7169597166969916e-04,
          1.2225924999377729e-02, 5.8601066915653041e-04,
          4.9696220184876621e-04, -4.5560406159722713e-04,
          1.1708982938631518e-03, -1.3813417280410432e-03,
          2.2238884590113812e-03, 2.3701647145384806e-03,
          -7.4912402270931386e-05, 5.8601066915653019e-04,
          4.4108677800499055e-02, -1.7782418346492447e-04,
          8.3975468691320292e-04, -4.8651233204491584e-03,
          -7.6859844540942213e-04, 8.7330490748363191e-03,
          4.4289800886315117e-03, -1.3453975922185432e-03,
          4.9696220184876632e-04, -1.7782418346492439e-04,
          2.6279984595558952e-02, 2.3370458761991625e-03,
          9.7016385375622491e-04, -1.8267724817959173e-03,
          1.1087078715209916e-02, 2.6821245258764207e-03,
          -2.9806137283314442e-03, -4.5560406159722713e-04,
          8.3975468691320303e-04, 2.3370458761991621e-03,
          7.1565411378388755e-03, -5.7071459445508341e-04,
          -1.5728678577825142e-03, 2.3705025167329863e-03,
          5.0353126908943941e-04, 2.7944768118901025e-04,
          1.1708982938631513e-03, -4.8651233204491584e-03,
          9.7016385375622610e-04, -5.7071459445508330e-04,
          1.1209647940651482e-01, 9.6873768851895648e-04,
          -8.4793127655248340e-04, -1.1311542612463361e-03,
          -1.2028541341897523e-04, -1.3813417280410436e-03,
          -7.6859844540942224e-04, -1.8267724817959173e-03,
          -1.5728678577825142e-03, 9.6873768851895681e-04,
          1.6279142119934840e-02 ]
   - !!opencv-matrix
      rows: 9
      cols: 9
      dt: d
      data: [ 2.5865437189603063e-01, 3.2966577694708343e-02,
          -5.4084298737418135e-03, -2.7211388726818535e-03,
          6.1858699602104677e-03, 1.5100834714661405e-02,
          9.8856850436693303e-03, 1.0095789814337019e-02,
          8.8304680328862555e-03, 3.2966577694708350e-02,
          2.7222919615460441e-02, -2.9066046278014221e-04,
          2.6263598644170228e-03, 5.5478444755754953e-03,
          9.3337881204377630e-03, 2.2929686418711927e-03,
          4.0400149897434259e-03, 2.4582887484676175e-02,
          -5.4084298737418135e-03, -2.9066046278014243e-04,
          7.2863770742849724e-03, 3.9210114523619363e-04,
          1.7689532722396274e-04, 1.8487984710454286e-04,
          4.1488046668110962e-04, -4.1630840848478126e-04,
          -3.9276558204700837e-03, -2.7211388726818540e-03,
          2.6263598644170228e-03, 3.9210114523619352e-04,
          1.8229895201876574e-02, 3.5531858010822955e-04,
          9.0707505835149499e-04, -7.5320140265459229e-04,
          1.2802863721954555e-03, 1.8973580954159900e-03,
          6.1858699602104659e-03, 5.5478444755754945e-03,
          1.7689532722396255e-04, 3.5531858010822949e-04,
          4.5012880425274140e-02, -4.4660855386836212e-04,
          1.4532051637335466e-03, -5.5249911034042582e-03,
          4.0801166663853063e-03, 1.5100834714661402e-02,
          9.3337881204377630e-03, 1.8487984710454300e-04,
          9.0707505835149478e-04, -4.4660855386836201e-04,
          2.4769232843161001e-02, 2.4991612232101337e-03,
          1.2324008236108744e-03, 4.8599275205430991e-03,
          9.8856850436693337e-03, 2.2929686418711923e-03,
          4.1488046668110962e-04, -7.5320140265459229e-04,
          1.4532051637335466e-03, 2.4991612232101337e-03,
          1.2944375170186448e-02, -6.1745540588951288e-05,
          -9.7746321281964015e-03, 1.0095789814337019e-02,
          4.0400149897434259e-03, -4.1630840848478154e-04,
          1.2802863721954555e-03, -5.5249911034042582e-03,
          1.2324008236108738e-03, -6.1745540588951410e-05,
          1.4487030220199262e-01, 1.6053399638281306e-02,
          8.8304680328862573e-03, 2.4582887484676175e-02,
          -3.9276558204700837e-03, 1.8973580954159898e-03,
          4.0801166663853028e-03, 4.8599275205430991e-03,
          -9.7746321281964015e-03, 1.6053399638281306e-02,
          1.9391072612488375e-01 ]
   - !!opencv-matrix
      rows: 9
      cols: 9
      dt: d
      data: [ 3.7125406797115923e-01, 4.4473742224569249e-02,
          -2.6444295148502737e-02, 5.9488650183786998e-03,
          1.5968653990427299e-02, 1.6240911858077297e-02,
          1.4720893458115546e-02, 1.8597406881507125e-03,
          1.7071866713966638e-03, 4.4473742224569256e-02,
          3.0397689984572117e-02, 7.4520913404739876e-04,
          4.8328175090595199e-03, 2.2962949749381734e-02,
          1.7202265115473212e-02, 2.2951062232085682e-02,
          2.1873169834803097e-03, 2.4562610835614082e-03,
          -2.6444295148502744e-02, 7.4520913404739844e-04,
          4.1675433728390991e-02, 1.2160506651288496e-03,
          7.1610152503701766e-03, 3.3292801243104599e-03,
          1.0138907241361621e-02, 1.7374072567154150e-03,
          4.2422580250258367e-04, 5.9488650183786998e-03,
          4.8328175090595216e-03, 1.2160506651288498e-03,
          4.6503264341032566e-03, 4.0550380959893618e-03,
          3.4838037655355175e-03, 3.8031629010085500e-03,
          5.0969665658499516e-04, -9.7292169400864338e-05,
          1.5968653990427292e-02, 2.2962949749381734e-02,
          7.1610152503701766e-03, 4.0550380959893618e-03,
          9.5328935900044418e-02, 1.7241831021830249e-02,
          2.7884751573942369e-02, 1.6524026214234568e-03,
