%YAML:1.0
---
groups:
   - intact
   - CD19
   - blast
intactGmmnames:
   - "intact.531.0"
   - "intact.531.1"
   - "intact.531.2"
   - "intact.531.3"
   - "intact.531.4"
intactLabels:
   - FSC-A
   - SSC-A
   - SY41
   - CD19
   - CD10
   - CD20
   - CD45
   - CD34
   - CD38
intactMu: !!opencv-matrix
   rows: 5
   cols: 9
   dt: d
   data: [ 5.9035631060720661e-01, 3.2330218722831316e-01,
       3.9134850696699743e+00, 1.0155010050050977e+00,
       7.3466706523989078e-01, 8.5420296867054402e-01,
       3.5534146800343986e+00, 1.0419668700276157e+00,
       1.9402703125457406e+00, 1.3408199899446751e+00,
       2.4394678971628330e+00, 4.0495878408611938e+00,
       1.6528279991654911e+00, 2.2505461241571294e+00,
       9.4896611063710912e-01, 2.6619804933054554e+00,
       1.1513182687284058e+00, 1.6604289049425616e+00,
       6.7417302169933513e-01, 5.0363485622174076e-01,
       3.6868451812075143e+00, 1.0300730815864478e+00,
       9.0058051389024107e-01, 1.0641797280247192e+00,
       1.3361949712612184e+00, 1.0362191620556058e+00,
       1.6422246667923499e+00, 9.0838139940963170e-01,
       9.1239701660767847e-01, 3.9205323397313396e+00,
       1.2141277950678340e+00, 1.0742061058487147e+00,
       1.2321112969555028e+00, 2.2850109391234952e+00,
       1.1767056339473276e+00, 1.7805840622368621e+00,
       1.4198043505517577e+00, 1.4994892551577790e+00,
       3.6819435608786981e+00, 1.4497548208811897e+00,
       1.4127919081515492e+00, 1.4066636292221220e+00,
       3.1183988880068250e+00, 1.9103970965034367e+00,
       2.2442849146696497e+00 ]
intactSigma:
   - !!opencv-matrix
      rows: 9
      cols: 9
      dt: d
      data: [ 6.0740969387877215e-02, 1.1150494345316366e-02,
          -3.2532228499353361e-02, 5.3077120038051498e-03,
          8.1748129643158321e-03, 2.4253177009772930e-02,
          9.2518048250681949e-03, 2.8964245289083589e-04,
          1.7803459168842010e-03, 1.1150494345316366e-02,
          1.2787616624419971e-02, -5.8216438830686369e-03,
          6.3839923959671608e-03, 4.7899610547987737e-03,
          1.1898807320008710e-02, 6.4569464466781700e-03,
          1.7819227421584480e-03, 1.0601095500317485e-02,
          -3.2532228499353361e-02, -5.8216438830686369e-03,
          4.0407074873504173e-02, -2.9724269078837458e-03,
          -6.0437301378945749e-03, -1.9641035461336599e-02,
          -5.5099803953949046e-03, 1.0508613402666087e-03,
          -4.5242192281108725e-03, 5.3077120038051481e-03,
          6.3839923959671616e-03, -2.9724269078837454e-03,
          7.0530045156485324e-02, 2.8573188147577471e-03,
          7.0144268266287219e-03, 4.1816919824623558e-03,
          3.4404463530648627e-03, 2.4851954982337471e-04,
          8.1748129643158304e-03, 4.7899610547987737e-03,
          -6.0437301378945766e-03, 2.8573188147577484e-03,
          4.9105768097581964e-02, 4.0511124168132566e-03,
          3.5130903375715145e-03, -4.4342458182347966e-03,
          -1.8225261020041810e-04, 2.4253177009772937e-02,
          1.1898807320008710e-02, -1.9641035461336599e-02,
          7.0144268266287236e-03, 4.0511124168132566e-03,
          4.8711787039844842e-02, 9.6473658267467437e-03,
          1.0067961757491829e-03, 3.9554865290313355e-03,
          9.2518048250681949e-03, 6.4569464466781700e-03,
          -5.5099803953949046e-03, 4.1816919824623549e-03,
          3.5130903375715137e-03, 9.6473658267467437e-03,
          1.2858814221389856e-02, -4.1136085965977034e-04,
          2.3861965282912637e-03, 2.8964245289083611e-04,
          1.7819227421584480e-03, 1.0508613402666091e-03,
          3.4404463530648619e-03, -4.4342458182347957e-03,
          1.0067961757491829e-03, -4.1136085965977034e-04,
          1.2662708383612084e-01, 6.1049022571254691e-03,
          1.7803459168841999e-03, 1.0601095500317487e-02,
          -4.5242192281108725e-03, 2.4851954982337460e-04,
          -1.8225261020041791e-04, 3.9554865290313355e-03,
          2.3861965282912642e-03, 6.1049022571254699e-03,
          1.1475882821129522e-01 ]
   - !!opencv-matrix
      rows: 9
      cols: 9
      dt: d
      data: [ 2.9299886616060877e-01, 1.0911858504367968e-01,
          -1.1757060749346075e-02, 2.3254624169178433e-02,
          1.2883973912705947e-02, 3.7890883655304790e-02,
          2.5248240358248217e-02, 8.6611338125353685e-03,
          5.3142856337360326e-03, 1.0911858504367968e-01,
          2.7329182028197263e-01, -3.2894842900130852e-02,
          6.0119238731113432e-02, 3.3095423199738266e-02,
          5.6304475206017904e-02, 2.5410296080976176e-02,
          1.4165558812095082e-02, 3.7639403852952279e-03,
          -1.1757060749346075e-02, -3.2894842900130852e-02,
          6.5055940052211395e-02, -7.6500376883430667e-03,
          -3.1537917401865838e-02, -2.6752587519373001e-02,
          -3.1409871791091733e-02, 5.0360964767023125e-03,
          -3.9591877122510475e-03, 2.3254624169178430e-02,
          6.0119238731113432e-02, -7.6500376883430676e-03,
          3.4607092308221718e-02, 8.6208951748469199e-03,
          1.3689421746601526e-02, 5.6843440540796202e-03,
          4.1374234520853304e-03, -1.3542605970283744e-03,
          1.2883973912705947e-02, 3.3095423199738266e-02,
          -3.1537917401865838e-02, 8.6208951748469199e-03,
          1.7513436866393461e-01, 1.3485855155635020e-02,
          6.6850853486339262e-02, 4.0707854630569829e-03,
          2.1818592036741786e-03, 3.7890883655304783e-02,
          5.6304475206017904e-02, -2.6752587519373001e-02,
          1.3689421746601526e-02, 1.3485855155635025e-02,
          5.7460603088934303e-02, 1.3521676244080552e-02,
          3.3945967394979036e-03, 2.6349479769876049e-03,
          2.5248240358248217e-02, 2.5410296080976176e-02,
          -3.1409871791091747e-02, 5.6843440540796202e-03,
          6.6850853486339262e-02, 1.3521676244080552e-02,
          7.0824827121348133e-02, 8.9692250808870073e-05,
          5.0097045246105341e-03, 8.6611338125353685e-03,
          1.4165558812095079e-02, 5.0360964767023116e-03,
          4.1374234520853304e-03, 4.0707854630569838e-03,
          3.3945967394979032e-03, 8.9692250808869232e-05,
          6.9839074084385694e-02, 9.8086122310519510e-05,
          5.3142856337360343e-03, 3.7639403852952262e-03,
          -3.9591877122510475e-03, -1.3542605970283744e-03,
          2.1818592036741778e-03, 2.6349479769876049e-03,
          5.0097045246105349e-03, 9.8086122310519442e-05,
          4.6516905229838212e-03 ]
   - !!opencv-matrix
      rows: 9
      cols: 9
      dt: d
      data: [ 7.3324448822654181e-02, 3.1782983037590425e-02,
          6.7310573899451928e-03, 1.5855274188966758e-02,
          1.3153424852007203e-02, 2.0393280520356685e-02,
          4.2408521643325668e-02, 3.9776670491724767e-03,
          4.7504309515067986e-03, 3.1782983037590418e-02,
          3.5826675881683985e-02, 3.8668597412411490e-03,
          1.7527434784596046e-02, 1.3588302193046436e-02,
          2.4208716543010378e-02, 2.8651390518102601e-02,
          4.8417552761762222e-03, 2.9413884212243558e-03,
          6.7310573899451972e-03, 3.8668597412411499e-03,
          1.4762074019292196e-01, 1.0408766527120934e-03,
          -2.1328094205627684e-02, -4.0589018503610227e-02,
          2.2169161772880334e-03, 3.3578124729659797e-03,
          1.6575436600221444e-03, 1.5855274188966758e-02,
          1.7527434784596042e-02, 1.0408766527120925e-03,
          3.4456791930360060e-02, 7.9179797417023266e-03,
          1.2106227556365600e-02, 1.4330009623756853e-02,
          2.6745582559233737e-03, 2.7626061907367325e-04,
          1.3153424852007201e-02, 1.3588302193046438e-02,
          -2.1328094205627687e-02, 7.9179797417023266e-03,
          5.2320561144650564e-02, 1.9065176899052405e-02,
          1.3586243410035575e-02, 4.9283060748986124e-04,
