%YAML:1.0
---
groups:
   - intact
   - CD19
intactGmmnames:
   - "intact.531.0"
   - "intact.531.1"
   - "intact.531.2"
   - "intact.531.3"
   - "intact.531.4"
intactLabels:
   - FSC-A
   - SSC-A
   - SY41
   - CD19
   - CD10
   - CD20
   - CD45
   - CD34
   - CD38
intactMu: !!opencv-matrix
   rows: 5
   cols: 9
   dt: d
   data: [ 1.9614913563652641e+00, 2.9957733528563915e+00,
       2.1450731442485931e+00, 1.8972791555763127e+00,
       1.5340828201517940e+00, 1.7178348985353731e+00,
       2.4958648262933267e+00, 1.2241795523161296e+00,
       1.6881683762880944e+00, 5.5066509101695604e-01,
       2.9211030537565180e-01, 1.9750510516239741e+00,
       9.8695295772705693e-01, 9.5165098572900642e-01,
       1.2928263943063187e+00, 1.9840781120588593e+00,
       9.4953539570340484e-01, 1.4512704864328720e+00,
       1.8801579347581394e+00, 3.1591693279920845e+00,
       2.1397601225770857e+00, 1.8868928851055160e+00,
       1.7617492302282671e+00, 1.6026302465273519e+00,
       2.6471325913413231e+00, 1.0464373744751929e+00,
       1.4045705444705474e+00, 1.6618985243088005e+00,
       1.4167933975958922e+00, 2.0527855194357270e+00,
       1.5784312240076599e+00, 1.4527035602373251e+00,
       1.8287293152417221e+00, 2.2143090760081257e+00,
       1.3527739719831426e+00, 1.6355524761559104e+00,
       2.4073479957384798e+00, 3.7999514111271488e+00,
       2.1813759159291721e+00, 2.0182625818565914e+00,
       1.8382080993100227e+00, 1.7290724541313569e+00,
       2.7206574408870843e+00, 1.1147769707744359e+00,
       1.5062341213228978e+00 ]
intactSigma:
   - !!opencv-matrix
      rows: 9
      cols: 9
      dt: d
      data: [ 6.2416543677230363e-01, 3.4230698468718462e-01,
          2.3806821914650972e-02, 6.0840258526487299e-02,
          6.3729116012207848e-02, 5.8422167334710083e-02,
          9.7412359169820939e-02, 2.4177913275228977e-02,
          4.7621735086512594e-02, 3.4230698468718457e-01,
          5.4498547056438762e-01, 3.9532874769620918e-02,
          9.4879971803995516e-02, 1.1304138289334544e-01,
          7.5630195051119398e-02, 5.9007487435092543e-02,
          4.4736323601200161e-02, -8.0331532065189108e-03,
          2.3806821914650972e-02, 3.9532874769620918e-02,
          1.9300390644851752e-02, 8.9649442596924905e-03,
          1.2205902779795623e-02, 9.5853894817815120e-03,
          6.6053398445822089e-03, 1.2545686295021384e-02,
          2.8847322665023533e-03, 6.0840258526487299e-02,
          9.4879971803995516e-02, 8.9649442596924922e-03,
          2.9145708815568133e-02, 2.2903334866438745e-02,
          1.6181401485216056e-02, 1.4519730942998056e-02,
          1.1266899472060684e-02, -7.8729323433844361e-04,
          6.3729116012207834e-02, 1.1304138289334545e-01,
          1.2205902779795623e-02, 2.2903334866438741e-02,
          6.4877204480987299e-02, 2.5328934451163649e-02,
          2.0429475040459145e-02, 2.1260196434078758e-02,
          4.8021272508689140e-03, 5.8422167334710083e-02,
          7.5630195051119398e-02, 9.5853894817815120e-03,
          1.6181401485216056e-02, 2.5328934451163649e-02,
          3.8625851813746233e-02, 2.9253832126508564e-02,
          2.0264094598556204e-02, 3.8804397861054989e-02,
          9.7412359169820925e-02, 5.9007487435092543e-02,
          6.6053398445822097e-03, 1.4519730942998056e-02,
          2.0429475040459145e-02, 2.9253832126508558e-02,
          1.0718893720466281e-01, 1.6386516281423583e-02,
          1.0360593610688579e-01, 2.4177913275228977e-02,
          4.4736323601200167e-02, 1.2545686295021384e-02,
          1.1266899472060688e-02, 2.1260196434078758e-02,
          2.0264094598556204e-02, 1.6386516281423583e-02,
          1.1765400940384191e-01, 1.7716165377696751e-02,
          4.7621735086512594e-02, -8.0331532065189108e-03,
          2.8847322665023533e-03, -7.8729323433844416e-04,
          4.8021272508689140e-03, 3.8804397861054996e-02,
          1.0360593610688579e-01, 1.7716165377696751e-02,
          2.1942784624616371e-01 ]
   - !!opencv-matrix
      rows: 9
      cols: 9
      dt: d
      data: [ 6.6867705342960451e-02, 2.8631852321331436e-02,
          2.5375368510794738e-03, 1.9593566007979565e-02,
          1.8460965651399423e-02, 2.7552492966892144e-02,
          -2.3641018499151764e-03, 2.7700773356616748e-03,
          3.4533935822359603e-03, 2.8631852321331436e-02,
          5.7341222964905694e-02, 6.9895203593300873e-03,
          4.0146800151544725e-02, 2.0752426414842880e-02,
          2.7643641543012944e-02, -1.1181991903415170e-02,
          7.4026316873474617e-03, -3.7339646497298149e-03,
          2.5375368510794738e-03, 6.9895203593300891e-03,
          2.9750951799424455e-02, 1.9572118882326523e-03,
          8.4849128762614252e-03, 6.2447816770238558e-03,
          -3.4698727730616642e-02, 3.4912836776483536e-03,
          -1.0407489077287179e-02, 1.9593566007979568e-02,
          4.0146800151544725e-02, 1.9572118882326523e-03,
          1.3752728810235318e-01, 1.1332497874318708e-02,
          3.1420758578878327e-02, 9.1084647154009296e-02,
          8.7274609450431542e-03, 1.6394235635241956e-02,
          1.8460965651399423e-02, 2.0752426414842883e-02,
          8.4849128762614252e-03, 1.1332497874318705e-02,
          5.7843783736095944e-02, 2.1760685339596318e-02,
          -4.4037759464926024e-02, 3.5235508630567691e-03,
          -1.1159341672433137e-02, 2.7552492966892144e-02,
          2.7643641543012947e-02, 6.2447816770238541e-03,
          3.1420758578878341e-02, 2.1760685339596318e-02,
          1.1221318488832470e-01, 2.7580953856509875e-02,
          6.4231455110637043e-03, 2.5364888162104113e-03,
          -2.3641018499151747e-03, -1.1181991903415171e-02,
          -3.4698727730616649e-02, 9.1084647154009310e-02,
          -4.4037759464926024e-02, 2.7580953856509875e-02,
          7.1344806825261464e-01, 5.8391310116349794e-03,
          1.4623317917499201e-01, 2.7700773356616748e-03,
          7.4026316873474609e-03, 3.4912836776483536e-03,
          8.7274609450431542e-03, 3.5235508630567691e-03,
          6.4231455110637043e-03, 5.8391310116349829e-03,
          7.6925126759025089e-02, 2.8352417654089316e-03,
          3.4533935822359603e-03, -3.7339646497298162e-03,
          -1.0407489077287176e-02, 1.6394235635241956e-02,
          -1.1159341672433133e-02, 2.5364888162104108e-03,
          1.4623317917499207e-01, 2.8352417654089316e-03,
          6.3543161338520393e-02 ]
   - !!opencv-matrix
      rows: 9
      cols: 9
      dt: d
      data: [ 2.2348950771262069e-01, 1.2587719852359885e-01,
          4.4079357231777902e-03, 1.8582575592696597e-02,
          2.0683731968445175e-02, 1.8237368114049485e-02,
          1.8257672251325071e-02, 7.4848322060319379e-04,
          -2.8462727766359460e-03, 1.2587719852359885e-01,
          2.7911540930866041e-01, 1.2215915630089891e-02,
          4.3659684370179787e-02, 3.8409772714034472e-02,
          3.0913225918913489e-02, 1.1793109938469683e-02,
          1.0979913942394472e-02, -5.7611602086868139e-03,
          4.4079357231777911e-03, 1.2215915630089891e-02,
          4.4660600594405055e-03, 2.3398787872133523e-03,
          9.4663727324338718e-04, 1.8428942768202801e-03,
          8.2876634759471363e-04, 1.0107191005119690e-03,
          4.4059825439189259e-04, 1.8582575592696601e-02,
          4.3659684370179780e-02, 2.3398787872133523e-03,
          2.2058599235689588e-02, 6.4928553783035322e-03,
          4.9658808572952155e-03, 2.0805451030036304e-03,
          2.6448101484903455e-03, -7.5123821145498754e-03,
          2.0683731968445179e-02, 3.8409772714034472e-02,
          9.4663727324338697e-04, 6.4928553783035340e-03,
          9.1998373917880391e-02, 3.0866028328672196e-03,
          1.8307830167449166e-02, 9.0750331307946008e-04,
