%YAML:1.0
---
groups:
   - intact
   - CD19
intactGmmnames:
   - "intact.534.0"
   - "intact.534.1"
   - "intact.534.2"
   - "intact.534.3"
   - "intact.534.4"
intactLabels:
   - FSC-A
   - SSC-A
   - SY41
   - CD19
   - CD10
   - CD20
   - CD45
   - CD34
   - CD38
intactMu: !!opencv-matrix
   rows: 5
   cols: 9
   dt: d
   data: [ 8.6199975466405754e-01, 3.5912401380631576e-01,
       2.7956065885908581e+00, 1.1175134447626522e+00,
       1.0513173997188097e+00, 1.4034613299612517e+00,
       3.4790561660124286e+00, 1.0393147248360324e+00,
       1.7002752773646277e+00, 2.0959401268962576e+00,
       3.3324711004004808e+00, 2.8605055365186360e+00,
       1.9424372687734499e+00, 2.7083703813786633e+00,
       2.1331669056171729e+00, 3.0332835259135824e+00,
       1.2726957291075702e+00, 1.6530152555494879e+00,
       7.2158867243392921e-01, 3.0122451072489559e-01,
       2.6851594797934597e+00, 9.1150288156502313e-01,
       1.1333682605873177e+00, 1.3377361378727568e+00,
       1.4115787592605655e+00, 9.7966297309654671e-01,
       1.5790844250372056e+00, 2.4815265592776052e+00,
       3.2121596559418673e+00, 2.8436203572621759e+00,
       1.9337394376169890e+00, 1.8137900096285844e+00,
       2.0254503724289394e+00, 3.1547343905148972e+00,
       1.4744191317849129e+00, 2.3173188124639319e+00,
       1.1916397333945958e+00, 1.2079100505634168e+00,
       2.9164827779443088e+00, 1.4875090002016800e+00,
       1.5433716971376350e+00, 1.8177911311847343e+00,
       2.4397946068182530e+00, 1.3961570751847949e+00,
       1.6449516819976648e+00 ]
intactSigma:
   - !!opencv-matrix
      rows: 9
      cols: 9
      dt: d
      data: [ 1.8374311007897198e-01, 1.1376824365731387e-02,
          -6.3335657315646318e-02, 1.0680121524696449e-02,
          -9.4422833659975822e-03, 1.3419506722812098e-02,
          3.8593756513986083e-02, -4.3967965462795933e-03,
          -2.2369382462814896e-04, 1.1376824365731387e-02,
          1.9027575694546248e-02, 1.0029187856865950e-03,
          1.1319984120601475e-02, 9.1306235831706429e-03,
          1.5715429282342788e-02, 3.2756913303338604e-03,
          5.9640480135772474e-03, -6.1193755720536505e-05,
          -6.3335657315646318e-02, 1.0029187856865954e-03,
          4.1326993146875504e-02, 6.9713996134514742e-04,
          9.7480471101411593e-03, 2.5795338284195228e-03,
          -1.9967060589805224e-02, 6.1055631862002822e-03,
          -1.7214680818989682e-03, 1.0680121524696443e-02,
          1.1319984120601475e-02, 6.9713996134514742e-04,
          1.1618607738717394e-01, 5.2886873811517163e-03,
          1.1425018881344624e-02, 9.7036648830518286e-03,
          6.4977674794611832e-03, 6.4428966401066648e-04,
          -9.4422833659975839e-03, 9.1306235831706429e-03,
          9.7480471101411593e-03, 5.2886873811517163e-03,
          3.4817153974979836e-02, 8.2066884041445531e-03,
          -3.8727974370821590e-03, 2.6256182942604308e-03,
          -8.1159711603191558e-04, 1.3419506722812098e-02,
          1.5715429282342788e-02, 2.5795338284195237e-03,
          1.1425018881344624e-02, 8.2066884041445531e-03,
          5.9139855259243784e-02, 8.0550384234231401e-04,
          6.7333355079492816e-03, -2.3123793451433226e-03,
          3.8593756513986083e-02, 3.2756913303338604e-03,
          -1.9967060589805227e-02, 9.7036648830518286e-03,
          -3.8727974370821590e-03, 8.0550384234231315e-04,
          4.8837600551573129e-02, -6.7822123985853311e-04,
          6.7486644449707743e-03, -4.3967965462795898e-03,
          5.9640480135772474e-03, 6.1055631862002822e-03,
          6.4977674794611815e-03, 2.6256182942604317e-03,
          6.7333355079492833e-03, -6.7822123985853376e-04,
          1.7569638731163317e-01, 1.2568135727887301e-03,
          -2.2369382462814844e-04, -6.1193755720536681e-05,
          -1.7214680818989673e-03, 6.4428966401066658e-04,
          -8.1159711603191601e-04, -2.3123793451433239e-03,
          6.7486644449707743e-03, 1.2568135727887301e-03,
          1.6752825241277493e-02 ]
   - !!opencv-matrix
      rows: 9
      cols: 9
      dt: d
      data: [ 4.7318644628275297e-01, 2.2430418616869949e-01,
          6.7062777509451490e-03, 4.5303157857474491e-02,
          1.1191592236479385e-02, 3.4103523815557507e-02,
          1.5531780542617852e-02, 1.7305670931857836e-02,
          4.3304203626719330e-03, 2.2430418616869943e-01,
          6.1566514789160276e-01, -4.5360547803503043e-02,
          9.7286254410614836e-02, -1.9035919977735946e-02,
          8.2450731806999258e-02, -2.7773934029354835e-02,
          5.4058662437921817e-02, -1.1566929043922810e-02,
          6.7062777509451455e-03, -4.5360547803503036e-02,
          6.1120460264232873e-02, 2.1782493469258181e-03,
          2.4871139485342685e-03, 3.2855940415868665e-03,
          2.1798888499063512e-02, 9.8461959138533978e-03,
          6.4740944467577321e-03, 4.5303157857474491e-02,
          9.7286254410614836e-02, 2.1782493469258198e-03,
          3.6146370638840061e-02, -1.9324584838963145e-03,
          1.8223533342066545e-02, 1.5603173940043533e-03,
          1.6419827447247907e-02, -1.0233150687502552e-03,
          1.1191592236479388e-02, -1.9035919977735946e-02,
          2.4871139485342694e-03, -1.9324584838963160e-03,
          1.0826740621849809e-01, 1.0586574352513235e-02,
          6.1439461061339337e-02, 1.8598235995673819e-03,
          1.0160632126212876e-02, 3.4103523815557507e-02,
          8.2450731806999258e-02, 3.2855940415868656e-03,
          1.8223533342066545e-02, 1.0586574352513234e-02,
          5.8979763933088528e-02, 9.4131452106423277e-03,
          2.5116494801979524e-02, -1.1164047032052840e-03,
          1.5531780542617848e-02, -2.7773934029354835e-02,
          2.1798888499063512e-02, 1.5603173940043540e-03,
          6.1439461061339337e-02, 9.4131452106423312e-03,
          9.2425946316583685e-02, 1.0490438678619334e-02,
          1.8131421958464174e-02, 1.7305670931857836e-02,
          5.4058662437921817e-02, 9.8461959138533978e-03,
          1.6419827447247907e-02, 1.8598235995673819e-03,
          2.5116494801979524e-02, 1.0490438678619330e-02,
          1.5793134180962348e-01, 5.7114553802912063e-03,
          4.3304203626719348e-03, -1.1566929043922810e-02,
          6.4740944467577303e-03, -1.0233150687502552e-03,
          1.0160632126212880e-02, -1.1164047032052840e-03,
          1.8131421958464174e-02, 5.7114553802912046e-03,
          1.4827766621921977e-02 ]
   - !!opencv-matrix
      rows: 9
      cols: 9
      dt: d
      data: [ 2.6162213112669269e-01, 3.7525664850622427e-02,
          8.9540142368024170e-02, 4.0901831157013450e-02,
          2.1737462773415397e-02, 4.4289586834536723e-02,
          3.9278107098321691e-02, 4.7258762368846330e-03,
          2.2659962405521205e-03, 3.7525664850622420e-02,
          2.4006918573003039e-02, 2.2369069603171022e-02,
          1.9408841482986525e-02, 1.4403352540761171e-02,
          2.4446169953738887e-02, 2.4400436172829859e-02,
          4.8922021318592041e-03, 9.6337896539782633e-04,
          8.9540142368024170e-02, 2.2369069603171012e-02,
          1.1614675954300396e-01, 3.3482285644120466e-02,
          2.3205573758599884e-02, 3.8106461872006378e-02,
          5.1115760076401548e-02, 8.4461433876913874e-03,
          1.9264620265143444e-03, 4.0901831157013450e-02,
          1.9408841482986525e-02, 3.3482285644120459e-02,
          7.3481573198559080e-02, 1.6671690521241886e-02,
          2.7342146729182493e-02, 2.6701866869570715e-02,
          5.6670078381400009e-03, -4.1866517841600298e-04,
          2.1737462773415397e-02, 1.4403352540761175e-02,
          2.3205573758599884e-02, 1.6671690521241886e-02,
          4.0966174953678512e-02, 2.8903593266484007e-02,
          2.9965739932935848e-02, 5.2666965260874197e-03,
