%YAML:1.0
---
groups:
   - intact
   - CD19
   - blast
intactGmmnames:
   - "intact.537.0"
   - "intact.537.1"
   - "intact.537.2"
   - "intact.537.3"
   - "intact.537.4"
intactLabels:
   - FSC-A
   - SSC-A
   - SY41
   - CD19
   - CD10
   - CD20
   - CD45
   - CD34
   - CD38
intactMu: !!opencv-matrix
   rows: 5
   cols: 9
   dt: d
   data: [ 1.2976583488127493e+00, 4.8446709664808757e-01,
       2.0516084374084462e+00, 1.1611435681976778e+00,
       9.1816987390643645e-01, 1.1911031853100094e+00,
       3.6836099250743723e+00, 1.0348222819790251e+00,
       1.9471268043381178e+00, 1.2461782185393238e+00,
       5.4031631802645186e-01, 2.1376288328034541e+00,
       9.9822238504448468e-01, 1.4848974718693857e+00,
       1.2432791851493443e+00, 1.8152642910924683e+00,
       1.0319516590164530e+00, 1.5940096587409360e+00,
       1.1410491284329294e+00, 2.9232991467325847e-01,
       2.3440028873769450e+00, 1.0290712355752996e+00,
       7.9669821459250856e-01, 1.1400316680138598e+00,
       3.5630730254383365e+00, 1.0006209035925235e+00,
       1.9104126277835487e+00, 2.1202671649368976e+00,
       1.8715640716475117e+00, 2.2587289726237936e+00,
       1.5231023355824347e+00, 1.6338073497134193e+00,
       1.5369701070760866e+00, 2.7740138149186047e+00,
       1.2767218566729381e+00, 2.2979905569840748e+00,
       8.8934416157789542e-01, 3.2601423839639748e-01,
       1.9530454660179262e+00, 8.7435463954986803e-01,
       1.1560227624636139e+00, 1.0570233806428717e+00,
       1.4636087942379219e+00, 9.4320312270002116e-01,
       1.3221454997539599e+00 ]
intactSigma:
   - !!opencv-matrix
      rows: 9
      cols: 9
      dt: d
      data: [ 9.2830198765582697e-02, 1.3146163600233927e-02,
          -2.9129439633140790e-02, 4.0923797113921866e-03,
          -4.7009309319361384e-03, 1.0131989458356951e-02,
          6.7940229833879616e-03, -2.9666888066959621e-04,
          -2.7545171860430466e-03, 1.3146163600233927e-02,
          2.1270357468377729e-02, -1.4429319646388621e-02,
          8.2371058958106355e-03, -5.8463970020548395e-03,
          1.2766566269987697e-02, 3.3879611989412832e-03,
          2.1366752447898722e-04, 2.1576636309019896e-02,
          -2.9129439633140790e-02, -1.4429319646388621e-02,
          1.0710771805184274e-01, -1.2695346430048073e-02,
          1.8056594629549418e-02, 2.5956938304092748e-03,
          -1.4656495589616394e-02, 3.9956437059587343e-03,
          -9.0453299796087686e-03, 4.0923797113921866e-03,
          8.2371058958106355e-03, -1.2695346430048077e-02,
          1.1204963529132089e-01, -6.5534058616620230e-03,
          4.0883306388186415e-03, 6.5558735165135587e-03,
          1.8700096028783338e-03, 5.4883037297704341e-03,
          -4.7009309319361375e-03, -5.8463970020548395e-03,
          1.8056594629549422e-02, -6.5534058616620230e-03,
          1.0492662015334245e-01, -2.2697712738314951e-03,
          -7.7525163011426144e-03, -9.2520779499666670e-03,
          -2.7335507280912361e-02, 1.0131989458356951e-02,
          1.2766566269987697e-02, 2.5956938304092752e-03,
          4.0883306388186406e-03, -2.2697712738314960e-03,
          6.0824753698823876e-02, 2.8208648841547204e-04,
          1.1889347409553554e-03, -1.2710372364212762e-02,
          6.7940229833879633e-03, 3.3879611989412832e-03,
          -1.4656495589616394e-02, 6.5558735165135561e-03,
          -7.7525163011426135e-03, 2.8208648841547177e-04,
          1.3179194877481938e-02, -2.2195658693782101e-04,
          7.4528493143308861e-03, -2.9666888066959588e-04,
          2.1366752447898692e-04, 3.9956437059587360e-03,
          1.8700096028783344e-03, -9.2520779499666670e-03,
          1.1889347409553561e-03, -2.2195658693782130e-04,
          1.6844283512402045e-01, 1.3413043481984211e-02,
          -2.7545171860430453e-03, 2.1576636309019896e-02,
          -9.0453299796087704e-03, 5.4883037297704367e-03,
          -2.7335507280912354e-02, -1.2710372364212765e-02,
          7.4528493143308861e-03, 1.3413043481984207e-02,
          3.1486109268913731e-01 ]
   - !!opencv-matrix
      rows: 9
      cols: 9
      dt: d
      data: [ 1.6996903019388535e-01, 4.6108203480083161e-02,
          3.7039707800665504e-02, 2.6124579488327287e-02,
          5.6221512953646913e-02, 4.1442235460083417e-02,
          2.1709969527936756e-02, -1.2685050332359605e-02,
          1.5106425839733307e-02, 4.6108203480083161e-02,
          4.2309211404878463e-02, 2.6845027477434551e-02,
          1.9589732282213015e-02, 3.1994864435342718e-02,
          3.1009110215429223e-02, 2.3139114562188146e-02,
          -2.9117949465694557e-03, 1.4601600562875315e-02,
          3.7039707800665504e-02, 2.6845027477434551e-02,
          3.1941127361191640e-01, 2.0384961448601892e-02,
          8.1627274559176996e-02, 5.3767861426814820e-02,
          3.0172869686911376e-02, -1.5496338434269145e-02,
          4.4469114309263133e-02, 2.6124579488327294e-02,
          1.9589732282213015e-02, 2.0384961448601892e-02,
          5.3517763451600774e-02, 1.7756347895104507e-02,
          1.7754063813957041e-02, 1.3283049667397876e-02,
          -1.3223427016910334e-03, 5.1496933876481743e-03,
          5.6221512953646913e-02, 3.1994864435342718e-02,
          8.1627274559176982e-02, 1.7756347895104510e-02,
          2.3740405264543096e-01, 3.4872711779551896e-02,
          3.9799132347972443e-02, -1.5255099085331255e-02,
          4.2356510859682950e-02, 4.1442235460083417e-02,
          3.1009110215429223e-02, 5.3767861426814820e-02,
          1.7754063813957038e-02, 3.4872711779551896e-02,
          6.4030984444281527e-02, 2.3055220106182914e-02,
          -4.1343610284640909e-03, 1.5567141583116039e-02,
          2.1709969527936759e-02, 2.3139114562188146e-02,
          3.0172869686911376e-02, 1.3283049667397873e-02,
          3.9799132347972443e-02, 2.3055220106182914e-02,
          1.4869555707495044e-01, -7.1582292919639533e-03,
          7.6031540657477859e-02, -1.2685050332359605e-02,
          -2.9117949465694557e-03, -1.5496338434269145e-02,
          -1.3223427016910323e-03, -1.5255099085331254e-02,
          -4.1343610284640901e-03, -7.1582292919639533e-03,
          3.2665887758514374e-02, -1.0723789254514102e-02,
          1.5106425839733302e-02, 1.4601600562875310e-02,
          4.4469114309263133e-02, 5.1496933876481752e-03,
          4.2356510859682957e-02, 1.5567141583116041e-02,
          7.6031540657477859e-02, -1.0723789254514102e-02,
          9.7254901576954447e-02 ]
   - !!opencv-matrix
      rows: 9
      cols: 9
      dt: d
      data: [ 5.6706905510338364e-02, 4.2884507704366035e-03,
          -1.7748117779409663e-02, 2.1317347750284326e-03,
          8.0388726610348439e-04, 4.9577587688111133e-03,
          1.0547782238310653e-02, 1.8083456106043946e-03,
          -9.3756346001025827e-04, 4.2884507704366035e-03,
          5.9951119790620086e-03, -5.6575921297861778e-03,
          2.9557885267017530e-03, 2.6608142470617544e-03,
          7.6543850154066357e-03, 3.1546897834195320e-03,
          1.0265867440551946e-04, -5.4791392629495537e-03,
          -1.7748117779409663e-02, -5.6575921297861778e-03,
          3.0518697935125520e-02, -3.6935813569725423e-03,
          -4.8866064755310546e-04, -3.5992738736954927e-03,
          -7.9357834139773473e-03, 4.5490048154462796e-04,
          5.3548531581013234e-03, 2.1317347750284335e-03,
          2.9557885267017530e-03, -3.6935813569725423e-03,
          1.0130624847546627e-01, 1.9707602262577805e-03,
          4.7654312930211808e-03, 2.7920306522737251e-03,
          3.7738722019179864e-03, -1.1153485246743915e-02,
          8.0388726610348439e-04, 2.6608142470617535e-03,
          -4.8866064755310546e-04, 1.9707602262577814e-03,
          4.3790094478866712e-02, 4.6837534675631511e-03,
