%YAML:1.0
---
groups:
   - intact
   - CD19
intactGmmnames:
   - "intact.538.0"
   - "intact.538.1"
   - "intact.538.2"
   - "intact.538.3"
   - "intact.538.4"
intactLabels:
   - FSC-A
   - SSC-A
   - SY41
   - CD19
   - CD10
   - CD20
   - CD45
   - CD34
   - CD38
intactMu: !!opencv-matrix
   rows: 5
   cols: 9
   dt: d
   data: [ 1.7805546408355994e+00, 1.5758590472286815e+00,
       3.0198040331886329e+00, 1.6172243603545278e+00,
       1.5554510706905145e+00, 1.6374845210034725e+00,
       3.3099452640080149e+00, 1.4178563993546505e+00,
       2.4397134396269755e+00, 8.9727561332343120e-01,
       2.4039980754055165e-01, 3.0328045791576597e+00,
       1.1098716424833293e+00, 8.9049664589233590e-01,
       9.8711371863136388e-01, 1.1622407802368735e+00,
       9.7387961604104922e-01, 1.3764945280835403e+00,
       2.4762179756119291e+00, 2.2664623561333306e+00,
       2.9281696514978091e+00, 1.6709557138224196e+00,
       1.5754488266546065e+00, 1.3914200696411057e+00,
       3.1304679835819060e+00, 1.0799809465936381e+00,
       1.8478158770396438e+00, 1.3721478122863782e+00,
       6.2491775653496306e-01, 3.2688558932317444e+00,
       1.2691882653501538e+00, 1.2192709768828365e+00,
       1.4099774695833758e+00, 1.6301032226127947e+00,
       1.0879478503508313e+00, 1.4721397398332030e+00,
       6.9037783923376039e-01, 2.5512872219068744e-01,
       3.1225397496610339e+00, 1.2223110214862942e+00,
       8.6609946767450907e-01, 1.0414216299518047e+00,
       3.6050892500033895e+00, 1.0778480834444815e+00,
       1.9880325026219876e+00 ]
intactSigma:
   - !!opencv-matrix
      rows: 9
      cols: 9
      dt: d
      data: [ 6.4567670488993378e-01, 4.5789709331088091e-01,
          6.3479177031208422e-02, 7.0619920168288705e-02,
          1.0916483426901659e-01, 1.4618505057849576e-01,
          4.3896019473011506e-02, 8.5053876683534840e-02,
          5.4502804907309334e-02, 4.5789709331088091e-01,
          8.0372639239615595e-01, 4.2024735772489059e-02,
          1.1979718661195424e-01, 1.7570950890584938e-01,
          1.7760768404454730e-01, -6.2601625000462763e-02,
          -2.0553151862351630e-02, -4.0420051108074048e-02,
          6.3479177031208422e-02, 4.2024735772489066e-02,
          7.3320760528684761e-02, 1.7118518983760607e-02,
          1.7784494472997976e-02, 2.3549000284979190e-02,
          1.9885068979381353e-02, 1.8329132612910123e-02,
          2.1904071540774301e-02, 7.0619920168288691e-02,
          1.1979718661195424e-01, 1.7118518983760610e-02,
          7.3230194319439404e-02, 4.0087531749359147e-02,
          5.6839562311583949e-02, 1.4825735992709912e-02,
          -6.0131019832173702e-03, -3.2725569273441687e-03,
          1.0916483426901662e-01, 1.7570950890584938e-01,
          1.7784494472997972e-02, 4.0087531749359147e-02,
          2.0280589729570964e-01, 7.9879549454792004e-02,
          6.0491972077180940e-02, 2.1300536660410225e-02,
          -1.1857720694621614e-02, 1.4618505057849576e-01,
          1.7760768404454730e-01, 2.3549000284979190e-02,
          5.6839562311583949e-02, 7.9879549454791976e-02,
          1.7103869163360227e-01, 3.1818775305098322e-02,
          2.0892587351920320e-02, 1.2014437614330027e-02,
          4.3896019473011520e-02, -6.2601625000462763e-02,
          1.9885068979381346e-02, 1.4825735992709914e-02,
          6.0491972077180933e-02, 3.1818775305098329e-02,
          2.6178241945820324e-01, 6.8471936514414619e-02,
          9.6400212590284362e-02, 8.5053876683534854e-02,
          -2.0553151862351630e-02, 1.8329132612910123e-02,
          -6.0131019832173711e-03, 2.1300536660410225e-02,
          2.0892587351920320e-02, 6.8471936514414647e-02,
          3.0707507672556106e-01, 1.1787597337827467e-01,
          5.4502804907309341e-02, -4.0420051108074048e-02,
          2.1904071540774301e-02, -3.2725569273441687e-03,
          -1.1857720694621623e-02, 1.2014437614330024e-02,
          9.6400212590284362e-02, 1.1787597337827467e-01,
          2.9632001205355435e-01 ]
   - !!opencv-matrix
      rows: 9
      cols: 9
      dt: d
      data: [ 2.2754735810275398e-01, 2.9297211057587220e-02,
          7.5397629705628397e-02, 5.3686958896513011e-03,
          2.3418765950092093e-02, 3.6984344358360469e-02,
          3.2565486143505296e-02, 1.5978178350925130e-03,
          2.9126748417036759e-04, 2.9297211057587220e-02,
          1.3483207275998966e-02, 8.6520357898791193e-03,
          3.3031976556231741e-03, 1.2928644585029991e-02,
          2.1696415131275994e-02, 1.5910738801993160e-02,
          1.0476041353666991e-03, 7.9596437164440982e-04,
          7.5397629705628411e-02, 8.6520357898791211e-03,
          7.8975931390288218e-02, 4.9363400967905530e-03,
          1.0694717327051965e-02, 9.2737871940342213e-03,
          1.6138373053123239e-02, 1.6241170742137946e-03,
          6.2536829411143785e-04, 5.3686958896513020e-03,
          3.3031976556231741e-03, 4.9363400967905530e-03,
          6.8922617684214222e-03, 4.2181102258723605e-03,
          5.7334402529774361e-03, 4.7537911126261812e-03,
          1.6719321655930976e-04, -7.3115697735649853e-04,
          2.3418765950092089e-02, 1.2928644585029989e-02,
          1.0694717327051965e-02, 4.2181102258723605e-03,
          6.5151674441758622e-02, 2.4389697153968888e-02,
          1.9169168665267581e-02, 7.4915204827274106e-04,
          1.2195929893073880e-03, 3.6984344358360469e-02,
          2.1696415131275994e-02, 9.2737871940342179e-03,
          5.7334402529774361e-03, 2.4389697153968892e-02,
          9.5735054569029740e-02, 3.8047205593785577e-02,
          1.8778010334147253e-03, 1.4538691658263030e-03,
          3.2565486143505309e-02, 1.5910738801993160e-02,
          1.6138373053123236e-02, 4.7537911126261812e-03,
          1.9169168665267581e-02, 3.8047205593785577e-02,
          1.3400944263175757e-01, 2.4179643768420581e-05,
          1.1106615136141482e-03, 1.5978178350925130e-03,
          1.0476041353666991e-03, 1.6241170742137946e-03,
          1.6719321655930973e-04, 7.4915204827274116e-04,
          1.8778010334147245e-03, 2.4179643768420367e-05,
          1.3652504152283498e-02, 6.6773408741685124e-06,
          2.9126748417036770e-04, 7.9596437164440972e-04,
          6.2536829411143741e-04, -7.3115697735649809e-04,
          1.2195929893073882e-03, 1.4538691658263026e-03,
          1.1106615136141475e-03, 6.6773408741684768e-06,
          4.2727855671219400e-03 ]
   - !!opencv-matrix
      rows: 9
      cols: 9
      dt: d
      data: [ 6.6310399144554089e-01, 5.1363867362755189e-01,
          2.0435796974641384e-02, 2.0565374314080100e-02,
          2.0244155386498958e-02, 1.4648416637168765e-01,
          1.2457633349130562e-02, 2.1648731719298851e-02,
          1.5047366473616307e-02, 5.1363867362755178e-01,
          8.1464713118892218e-01, 1.2770853055296049e-02,
          6.7747571687914107e-02, 2.2059141447603489e-01,
          1.6506050084069618e-01, 6.7333273353130774e-02,
          4.1595858194184564e-02, -6.3787155318938858e-03,
          2.0435796974641384e-02, 1.2770853055296048e-02,
          6.1182407337285142e-03, 1.8517927211997253e-03,
          -4.2727072425612703e-03, 8.4394406818049834e-03,
          -2.9613175083729889e-03, 4.8419515970889545e-04,
          5.3423062258230302e-03, 2.0565374314080100e-02,
          6.7747571687914107e-02, 1.8517927211997248e-03,
          3.2355924784846710e-02, 3.0585626557390399e-02,
          8.7870418993023676e-03, 8.4398155125177191e-03,
          4.4372284966702168e-03, -4.5694859335718249e-06,
          2.0244155386498958e-02, 2.2059141447603489e-01,
          -4.2727072425612694e-03, 3.0585626557390399e-02,
          4.3822968732541079e-01, 2.4287572994029512e-02,
          8.2307800530779587e-02, 2.0898670541461106e-02,
