%YAML:1.0
---
groups:
   - intact
   - CD19
intactGmmnames:
   - "intact.540.0"
   - "intact.540.1"
   - "intact.540.2"
   - "intact.540.3"
   - "intact.540.4"
intactLabels:
   - FSC-A
   - SSC-A
   - SY41
   - CD19
   - CD10
   - CD20
   - CD45
   - CD34
   - CD38
intactMu: !!opencv-matrix
   rows: 5
   cols: 9
   dt: d
   data: [ 9.6757888335485420e-01, 3.8286931431164278e-01,
       3.0840977179069480e+00, 9.4084429334839947e-01,
       1.0380106146453201e+00, 1.1970346071960438e+00,
       3.5267158546046629e+00, 1.0379172718139165e+00,
       1.6591630874660648e+00, 1.8961411440432621e+00,
       2.0603604077320457e+00, 2.9148396668238576e+00,
       1.3907187373651175e+00, 1.4953774716882882e+00,
       1.6881972329007062e+00, 3.0779562642652407e+00,
       1.4965490359809277e+00, 1.9337511067999340e+00,
       1.0442067696616846e+00, 7.5611806305478668e-01,
       3.1146113624461229e+00, 1.1314759867977453e+00,
       1.1897609756456056e+00, 1.4622190323006199e+00,
       1.6635881786531999e+00, 1.0394851459212304e+00,
       1.7345396721444382e+00, 2.4064447575358168e+00,
       3.0236102356328458e+00, 3.0884392400158922e+00,
       1.5181059941166966e+00, 1.3274987519529124e+00,
       1.7919411546549060e+00, 2.8255975396515138e+00,
       1.3702300386150155e+00, 2.3493494238249601e+00,
       1.3616530902799608e+00, 7.6139471707336559e-01,
       2.8711047006465362e+00, 9.9415396597527372e-01,
       1.0745076291318707e+00, 1.3650999098714389e+00,
       3.6849547975883041e+00, 1.0959167762552189e+00,
       1.6970149425521379e+00 ]
intactSigma:
   - !!opencv-matrix
      rows: 9
      cols: 9
      dt: d
      data: [ 1.3178866714151680e-01, 1.6317657703709649e-02,
          -5.3056775421307718e-02, 2.0300804090791769e-03,
          3.0109469598369599e-03, 3.0070113741111851e-02,
          2.1237306921023737e-02, 1.7069822326870013e-04,
          -1.5335284007927062e-04, 1.6317657703709645e-02,
          1.3430394227576550e-02, -6.8459333928653004e-03,
          7.4490675784192467e-04, 2.6640053330099088e-03,
          1.4604555183417507e-02, 5.4949785185324168e-03,
          1.1979544407011882e-03, -8.3960678999876834e-04,
          -5.3056775421307725e-02, -6.8459333928652987e-03,
          4.5644985344975984e-02, -3.8150634978166543e-04,
          -1.1167076294221812e-03, -1.4976385040079011e-02,
          -8.0806204811273760e-03, 1.8172761527267586e-03,
          1.6603956213833362e-04, 2.0300804090791777e-03,
          7.4490675784192445e-04, -3.8150634978166537e-04,
          7.0261057710226012e-03, 2.2256470915786795e-04,
          3.9001377520889570e-04, -1.1894032689160163e-03,
          1.0768888478519395e-03, 3.6308928374165114e-04,
          3.0109469598369591e-03, 2.6640053330099088e-03,
          -1.1167076294221808e-03, 2.2256470915786778e-04,
          8.7632729557231056e-03, 1.5889807649344184e-03,
          9.4340251816410784e-04, -1.3512761143695527e-03,
          -2.1569324280234570e-04, 3.0070113741111851e-02,
          1.4604555183417507e-02, -1.4976385040079006e-02,
          3.9001377520889581e-04, 1.5889807649344184e-03,
          7.3242675979006855e-02, 8.6434491270554713e-03,
          9.9355681179096023e-04, -1.5348431610950827e-03,
          2.1237306921023737e-02, 5.4949785185324168e-03,
          -8.0806204811273777e-03, -1.1894032689160163e-03,
          9.4340251816410784e-04, 8.6434491270554730e-03,
          9.9886103298293394e-03, -4.6610894658164680e-04,
          -9.8977377982675829e-04, 1.7069822326869980e-04,
          1.1979544407011884e-03, 1.8172761527267586e-03,
          1.0768888478519393e-03, -1.3512761143695520e-03,
          9.9355681179096023e-04, -4.6610894658164718e-04,
          1.1145355630517711e-01, 2.5316441830002787e-04,
          -1.5335284007927071e-04, -8.3960678999876834e-04,
          1.6603956213833373e-04, 3.6308928374165114e-04,
          -2.1569324280234568e-04, -1.5348431610950827e-03,
          -9.8977377982675850e-04, 2.5316441830002803e-04,
          2.2734221382766824e-03 ]
   - !!opencv-matrix
      rows: 9
      cols: 9
      dt: d
      data: [ 7.9898958114512375e-01, 7.4566628937599100e-01,
          7.5306051883777501e-03, 1.6623622650896211e-01,
          4.6745460189545618e-02, 6.0482099399152549e-02,
          8.3337679901610562e-02, 6.9178002604968189e-02,
          3.6874423025678074e-02, 7.4566628937599100e-01,
          1.6606234541932365e+00, -6.7237265220515083e-02,
          3.2326531161050676e-01, 8.8349811628312611e-02,
          6.4016158157884612e-02, -1.4165696483824786e-01,
          1.3823688445919358e-01, 5.8286236155848650e-03,
          7.5306051883777432e-03, -6.7237265220515083e-02,
          1.4293748641241014e-01, -3.1107253205611466e-03,
          1.2661419991359505e-02, 2.2787621644751305e-02,
          8.4065163202435345e-02, -1.6802251360893188e-02,
          8.8981278201346568e-03, 1.6623622650896211e-01,
          3.2326531161050676e-01, -3.1107253205611479e-03,
          1.2658728685365606e-01, 1.9831705446187380e-02,
          6.0504313829195272e-02, -4.0381797806182576e-02,
          3.5325177151031936e-02, -9.0122778615901161e-03,
          4.6745460189545618e-02, 8.8349811628312611e-02,
          1.2661419991359502e-02, 1.9831705446187380e-02,
          2.1804797129408823e-01, 5.4512859765578528e-02,
          -2.5169727793454132e-02, 1.7222992338834321e-02,
          -3.7091772846368034e-03, 6.0482099399152549e-02,
          6.4016158157884584e-02, 2.2787621644751302e-02,
          6.0504313829195272e-02, 5.4512859765578528e-02,
          2.7393273939323876e-01, 6.8292255710808838e-02,
          5.5156401886152263e-02, 6.1501559166039646e-03,
          8.3337679901610548e-02, -1.4165696483824786e-01,
          8.4065163202435345e-02, -4.0381797806182576e-02,
          -2.5169727793454132e-02, 6.8292255710808838e-02,
          5.0805706974423825e-01, -4.1290890937188650e-02,
          7.3903219665138797e-02, 6.9178002604968189e-02,
          1.3823688445919358e-01, -1.6802251360893181e-02,
          3.5325177151031936e-02, 1.7222992338834314e-02,
          5.5156401886152263e-02, -4.1290890937188657e-02,
          3.6579142085154254e-01, 2.2809102029617594e-02,
          3.6874423025678074e-02, 5.8286236155848685e-03,
          8.8981278201346568e-03, -9.0122778615901178e-03,
          -3.7091772846368034e-03, 6.1501559166039681e-03,
          7.3903219665138797e-02, 2.2809102029617594e-02,
          1.1347421631866791e-01 ]
   - !!opencv-matrix
      rows: 9
      cols: 9
      dt: d
      data: [ 1.8415443271744095e-01, 1.0690312928603667e-01,
          1.8197451579652284e-02, 2.0474923259249343e-02,
          2.5955930466437051e-02, 7.8187602697288486e-02,
          5.4361429836816910e-02, 4.8582449347684001e-03,
          9.5741195896816671e-03, 1.0690312928603664e-01,
          1.3994039009089146e-01, 1.3555242523235865e-02,
          2.2778784382712376e-02, 3.0452854200909523e-02,
          8.4600040498053322e-02, 6.1480053058116442e-02,
          9.6357211458184162e-03, 1.0565184317623511e-02,
          1.8197451579652284e-02, 1.3555242523235861e-02,
          1.0735883645102158e-01, 3.5187831478769721e-03,
          3.8155107133808130e-03, 8.8917951048921341e-03,
          5.8295743047772621e-03, -4.4701263569528107e-03,
          1.2667155623671564e-03, 2.0474923259249340e-02,
          2.2778784382712376e-02, 3.5187831478769734e-03,
          9.2070240184415029e-03, 5.1722772846608455e-03,
          1.4110066537082990e-02, 1.0221020693101872e-02,
          1.7507808535749201e-03, 1.5534763381262206e-03,
          2.5955930466437051e-02, 3.0452854200909523e-02,
          3.8155107133808130e-03, 5.1722772846608455e-03,
          2.6557916571415367e-02, 2.0476248979269810e-02,
          1.7305023195685432e-02, 1.5160202947977785e-03,
