%YAML:1.0
---
groups:
   - intact
   - CD19
   - blast
intactGmmnames:
   - "intact.542.0"
   - "intact.542.1"
   - "intact.542.2"
   - "intact.542.3"
   - "intact.542.4"
intactLabels:
   - FSC-A
   - SSC-A
   - SY41
   - CD19
   - CD10
   - CD20
   - CD45
   - CD34
   - CD38
intactMu: !!opencv-matrix
   rows: 5
   cols: 9
   dt: d
   data: [ 2.1434298517433552e+00, 3.6928907009074248e+00,
       3.2720386167089268e+00, 1.9117248833936507e+00,
       2.8410005461075567e+00, 1.5285852794012769e+00,
       3.5573191888080831e+00, 1.3658918029525027e+00,
       1.8746113615955200e+00, 1.3051129107409851e+00,
       3.0621771790325825e-01, 3.6229619309976888e+00,
       1.0826731485733621e+00, 8.3938604926020832e-01,
       1.0582165709432230e+00, 3.6929345728712599e+00,
       1.0745548077647584e+00, 1.9027288936459590e+00,
       1.8116775130574430e+00, 1.4652156634900628e+00,
       3.3397189255472366e+00, 1.4895275178991731e+00,
       1.7990696239945114e+00, 1.5688160942174896e+00,
       2.6348883242348111e+00, 1.5677196126746966e+00,
       1.8817223554161553e+00, 1.4937216769188395e+00,
       5.6883344252440038e-01, 3.3218130257984160e+00,
       1.2746694912101180e+00, 1.1113971114311643e+00,
       1.2264291047490157e+00, 3.8672411222458996e+00,
       1.1254995947851125e+00, 2.0223685951645023e+00,
       9.9551739992159283e-01, 4.4051720517703102e-01,
       3.3469255598463166e+00, 9.8117418147811231e-01,
       1.3150536306135530e+00, 1.0688057770589487e+00,
       1.4630401713822410e+00, 1.0604570863751119e+00,
       1.6856085138678398e+00 ]
intactSigma:
   - !!opencv-matrix
      rows: 9
      cols: 9
      dt: d
      data: [ 3.3229664458239627e-01, 5.9154323546214700e-02,
          -1.9115883151543066e-03, 2.1053897916207522e-02,
          -1.0258284260238978e-01, 2.1029218295537191e-02,
          -1.5819001048297348e-02, 4.0675237259126763e-03,
          1.9810628634791376e-02, 5.9154323546214700e-02,
          2.7672223505761362e-01, -1.2928928988119925e-02,
          3.8438555158316894e-02, 4.0008513764788881e-02,
          3.0785955867129164e-02, 1.3905343150721675e-02,
          1.9205155935992674e-02, 5.0364026450313249e-03,
          -1.9115883151543081e-03, -1.2928928988119929e-02,
          8.7474098145434317e-02, -2.6228161085188276e-03,
          -3.5893044822627791e-02, -1.0017887215782215e-02,
          -1.5752133140695394e-02, -4.1172522161392524e-03,
          3.8431675211960592e-03, 2.1053897916207518e-02,
          3.8438555158316894e-02, -2.6228161085188276e-03,
          2.7797293484018878e-02, 1.2622917051688264e-02,
          8.0900061966636717e-03, 7.3770363232875938e-03,
          6.5664119726267754e-03, -1.1549250191481698e-03,
          -1.0258284260238978e-01, 4.0008513764788887e-02,
          -3.5893044822627791e-02, 1.2622917051688264e-02,
          2.7061233327598050e-01, 1.3813387053401007e-02,
          6.0437323811312053e-02, 1.6368682523279009e-02,
          -2.2994075773800644e-02, 2.1029218295537187e-02,
          3.0785955867129164e-02, -1.0017887215782215e-02,
          8.0900061966636717e-03, 1.3813387053401004e-02,
          5.2381233472322576e-02, 1.2471088165532478e-02,
          1.1173377653199628e-02, -7.9730063646532882e-04,
          -1.5819001048297351e-02, 1.3905343150721675e-02,
          -1.5752133140695394e-02, 7.3770363232875920e-03,
          6.0437323811312053e-02, 1.2471088165532475e-02,
          3.4319381640602220e-02, 5.1349937453980411e-03,
          -6.5866018902407094e-03, 4.0675237259126746e-03,
          1.9205155935992674e-02, -4.1172522161392507e-03,
          6.5664119726267754e-03, 1.6368682523278999e-02,
          1.1173377653199626e-02, 5.1349937453980393e-03,
          1.3777957019882239e-01, 9.6323141321949545e-04,
          1.9810628634791376e-02, 5.0364026450313258e-03,
          3.8431675211960592e-03, -1.1549250191481698e-03,
          -2.2994075773800644e-02, -7.9730063646532860e-04,
          -6.5866018902407094e-03, 9.6323141321949545e-04,
          1.8076471151856222e-02 ]
   - !!opencv-matrix
      rows: 9
      cols: 9
      dt: d
      data: [ 9.1071133668535934e-02, 7.6720223636874479e-03,
          -1.3505932773434148e-02, 3.6184715732214727e-03,
          5.2211545026382197e-03, 1.8098047302727887e-02,
          1.4542709435051029e-02, 3.3669878810732097e-03,
          -1.0719089612930585e-03, 7.6720223636874479e-03,
          8.6624068311641697e-03, -3.0223265248345288e-03,
          4.1793703024494387e-03, 6.1399673791924687e-03,
          1.1892896118850648e-02, 3.0998476402038649e-03,
          5.9426900489220483e-04, -2.3452458449652862e-03,
          -1.3505932773434152e-02, -3.0223265248345288e-03,
          1.1603086624814969e-02, -1.6436418550317140e-03,
          -1.9647392380968288e-03, -7.2364531375143206e-03,
          -3.9236899300969484e-03, 4.4913430557323551e-04,
          6.4089435764325868e-04, 3.6184715732214727e-03,
          4.1793703024494405e-03, -1.6436418550317142e-03,
          1.0298856937609904e-01, 5.0823572009642678e-03,
          7.6861551615095784e-03, 2.6131735034105332e-03,
          3.2543021550915452e-03, -5.3753173716203683e-03,
          5.2211545026382162e-03, 6.1399673791924705e-03,
          -1.9647392380968292e-03, 5.0823572009642661e-03,
          6.7176537298651140e-02, 8.9241110598706555e-03,
          2.4085569598008096e-03, -3.4914667372331399e-03,
          -3.4969275321087476e-03, 1.8098047302727887e-02,
          1.1892896118850648e-02, -7.2364531375143223e-03,
          7.6861551615095801e-03, 8.9241110598706572e-03,
          8.2631813521103645e-02, 6.8418260437904631e-03,
          1.6749498872992124e-03, -8.0547451813821058e-03,
          1.4542709435051029e-02, 3.0998476402038649e-03,
          -3.9236899300969484e-03, 2.6131735034105332e-03,
          2.4085569598008088e-03, 6.8418260437904631e-03,
          7.6041708268827233e-03, -3.6850702644434933e-04,
          -1.5821994491588150e-03, 3.3669878810732106e-03,
          5.9426900489220537e-04, 4.4913430557323567e-04,
          3.2543021550915452e-03, -3.4914667372331373e-03,
          1.6749498872992133e-03, -3.6850702644434933e-04,
          1.1817723901499216e-01, 1.2754038981775712e-03,
          -1.0719089612930585e-03, -2.3452458449652867e-03,
          6.4089435764325879e-04, -5.3753173716203683e-03,
          -3.4969275321087476e-03, -8.0547451813821058e-03,
          -1.5821994491588150e-03, 1.2754038981775721e-03,
          2.5777830577334571e-02 ]
   - !!opencv-matrix
      rows: 9
      cols: 9
      dt: d
      data: [ 7.8141986110156081e-01, 3.6941587770750822e-01,
          6.9409378788868686e-02, 1.2569601655642240e-01,
          6.8812783993320983e-02, 1.1166316607124163e-01,
          1.7098213660274952e-01, 1.4306941536116491e-01,
          5.0236427720106801e-02, 3.6941587770750833e-01,
          8.8193923265403329e-01, 3.5207102382479441e-02,
          2.6907829631484642e-01, 1.9821929543249092e-01,
          1.8094516807599539e-01, 1.9757104204491829e-01,
          4.8394609869750430e-02, 4.4518681070569707e-02,
          6.9409378788868700e-02, 3.5207102382479427e-02,
          3.5148108013123730e-01, 4.6713676385331276e-02,
          4.7619338769250744e-02, 3.5430074110505694e-02,
          7.4246705340385563e-02, -3.9983003612228465e-02,
          6.7191045766394952e-02, 1.2569601655642240e-01,
          2.6907829631484642e-01, 4.6713676385331276e-02,
          1.9285046410046183e-01, 1.3636301289216488e-01,
          1.1996020189533536e-01, 1.0857220002750380e-01,
          4.7199732393809007e-02, 2.5504944588344639e-02,
          6.8812783993320983e-02, 1.9821929543249095e-01,
          4.7619338769250757e-02, 1.3636301289216488e-01,
          3.8730363512994931e-01, 1.3642929264192408e-01,
          5.9470908571146584e-02, 6.2997518139022574e-02,
