%YAML:1.0
---
groups:
   - intact
   - CD19
   - blast
intactGmmnames:
   - "intact.568.0"
   - "intact.568.1"
   - "intact.568.2"
   - "intact.568.3"
   - "intact.568.4"
intactLabels:
   - FSC-A
   - SSC-A
   - SY41
   - CD19
   - CD10
   - CD20
   - CD45
   - CD34
   - CD38
intactMu: !!opencv-matrix
   rows: 5
   cols: 9
   dt: d
   data: [ 2.6801409018231044e+00, 2.0270039367685602e+00,
       2.5708197081410793e+00, 1.7307488261579076e+00,
       1.9574673834573042e+00, 1.8379391102043035e+00,
       3.1592219023220309e+00, 1.4783458877436293e+00,
       2.1819096162125495e+00, 2.0314693527951446e+00,
       9.8649638564057907e-01, 2.4888589370050984e+00,
       1.6176729163587278e+00, 1.0326336264933083e+00,
       1.2325377004653664e+00, 3.2847014736025031e+00,
       1.4014346392640740e+00, 3.3246104375587304e+00,
       1.7893687300781371e+00, 6.0037801219602183e-01,
       2.4681553913098191e+00, 1.2991727392646879e+00,
       9.0975130710850394e-01, 1.0235522741115355e+00,
       3.7937713307050540e+00, 1.3343226292275820e+00,
       2.2723286743844393e+00, 3.4233701397477203e+00,
       3.2615173600552212e+00, 2.6866175487784658e+00,
       1.9286030081951764e+00, 2.0169581806957315e+00,
       1.9265989895556790e+00, 3.5202582484306433e+00,
       1.4297630900823493e+00, 1.6943266053932986e+00,
       1.2864470612936796e+00, 4.3823615379492947e-01,
       2.7031879377175527e+00, 1.1382127444678900e+00,
       1.0444629589908536e+00, 1.0586239562782687e+00,
       1.4463208856309193e+00, 1.0316115573680276e+00,
       1.4457265116854068e+00 ]
intactSigma:
   - !!opencv-matrix
      rows: 9
      cols: 9
      dt: d
      data: [ 6.1470657589947530e-01, 3.8698233510039870e-01,
          3.7327559317032522e-02, 7.7347379601415203e-02,
          -4.2155492200222751e-02, 1.7657235105516568e-02,
          1.6116623936064442e-01, 1.5292916224407926e-02,
          1.4550195374595895e-01, 3.8698233510039864e-01,
          1.4223401445326784e+00, 1.8518178009379324e-01,
          2.2767042093326223e-01, -1.8952483851001944e-01,
          1.9768767782076785e-02, 6.1500480681504016e-02,
          -1.0672617662545465e-01, 1.9433687526070553e-01,
          3.7327559317032522e-02, 1.8518178009379319e-01,
          1.5613872799578357e-01, 3.1083224414043435e-02,
          1.6129397061811573e-02, 4.3357148675576565e-02,
          3.3372145937798886e-02, -1.1099442740264123e-03,
          2.9051885831412497e-02, 7.7347379601415203e-02,
          2.2767042093326223e-01, 3.1083224414043431e-02,
          1.0440388375570071e-01, 8.3126121482854254e-02,
          8.8051339645396715e-02, 4.9543617495624276e-02,
          3.1661759197457069e-02, 3.5115658507865855e-02,
          -4.2155492200222751e-02, -1.8952483851001947e-01,
          1.6129397061811570e-02, 8.3126121482854254e-02,
          6.4607038815775530e-01, 3.3676765734732111e-01,
          1.7783471225874475e-01, 1.9869093584557673e-01,
          -1.0687604870921685e-01, 1.7657235105516568e-02,
          1.9768767782076785e-02, 4.3357148675576565e-02,
          8.8051339645396715e-02, 3.3676765734732117e-01,
          2.9730192621903551e-01, 1.2302537126307952e-01,
          1.3037286169332804e-01, -1.6943975016154560e-02,
          1.6116623936064442e-01, 6.1500480681504023e-02,
          3.3372145937798893e-02, 4.9543617495624290e-02,
          1.7783471225874475e-01, 1.2302537126307954e-01,
          3.6381251636481254e-01, 7.8064735646527203e-02,
          1.3400431664630622e-01, 1.5292916224407928e-02,
          -1.0672617662545462e-01, -1.1099442740264141e-03,
          3.1661759197457069e-02, 1.9869093584557673e-01,
          1.3037286169332804e-01, 7.8064735646527203e-02,
          3.0169753756528472e-01, -3.1816591062331021e-02,
          1.4550195374595892e-01, 1.9433687526070556e-01,
          2.9051885831412497e-02, 3.5115658507865861e-02,
          -1.0687604870921685e-01, -1.6943975016154553e-02,
          1.3400431664630622e-01, -3.1816591062331027e-02,
          4.5658062411867834e-01 ]
   - !!opencv-matrix
      rows: 9
      cols: 9
      dt: d
      data: [ 4.0910121317280684e-01, 1.3676104860840924e-01,
          9.0214480717237880e-02, 7.6265083877502277e-02,
          2.2067651072653319e-03, 6.9386672061841750e-02,
          1.5584674991463843e-01, 8.6531066126923670e-02,
          9.7538905711948357e-03, 1.3676104860840924e-01,
          1.4283168106706351e-01, 5.0983188624982294e-02,
          8.0750842679251103e-02, 2.6060483539869311e-02,
          9.2848601179128607e-03, 1.9889492631969322e-02,
          3.5205910097880766e-02, 1.0836563863752520e-01,
          9.0214480717237880e-02, 5.0983188624982294e-02,
          1.9285819939411317e-01, 9.7695897470901401e-03,
          1.2610095359270324e-02, 2.1343324324636991e-02,
          6.7920172520999383e-02, 5.7480131136946666e-02,
          -1.7247652446405005e-02, 7.6265083877502263e-02,
          8.0750842679251103e-02, 9.7695897470901436e-03,
          2.5375989424324497e-01, 5.8343977258765306e-03,
          1.0869551747955022e-01, -2.0912920440648897e-02,
          8.2587941853396983e-03, 7.7932519002204562e-02,
          2.2067651072653328e-03, 2.6060483539869304e-02,
          1.2610095359270324e-02, 5.8343977258765323e-03,
          7.4745750281756923e-02, -2.7609445487635408e-02,
          -1.4729502747244541e-02, 4.5211496895395838e-03,
          4.5814384250798021e-02, 6.9386672061841750e-02,
          9.2848601179128624e-03, 2.1343324324636998e-02,
          1.0869551747955022e-01, -2.7609445487635397e-02,
          2.4318196310085571e-01, 6.2683237714361489e-02,
          2.1582761799296527e-02, -1.2080889688925774e-01,
          1.5584674991463843e-01, 1.9889492631969326e-02,
          6.7920172520999383e-02, -2.0912920440648894e-02,
          -1.4729502747244541e-02, 6.2683237714361476e-02,
          2.7729902307344695e-01, 5.7194695610573741e-02,
          -1.3183696939251488e-01, 8.6531066126923711e-02,
          3.5205910097880773e-02, 5.7480131136946666e-02,
          8.2587941853397035e-03, 4.5211496895395838e-03,
          2.1582761799296527e-02, 5.7194695610573741e-02,
          2.1115624252286669e-01, -1.3566067569123472e-02,
          9.7538905711948305e-03, 1.0836563863752520e-01,
          -1.7247652446405002e-02, 7.7932519002204589e-02,
          4.5814384250798021e-02, -1.2080889688925774e-01,
          -1.3183696939251488e-01, -1.3566067569123466e-02,
          4.1368411212176220e-01 ]
   - !!opencv-matrix
      rows: 9
      cols: 9
      dt: d
      data: [ 1.2146509253717075e-01, 3.7924987029932765e-02,
          -3.2174768627286479e-02, 1.8489260680067374e-02,
          9.8113016987252358e-04, 1.1581754040985007e-02,
          2.5738827039129261e-02, 1.5959244766435097e-02,
          4.9612002025768077e-02, 3.7924987029932765e-02,
          3.6864331976160340e-02, -1.9218142306508319e-02,
          1.7097157504530586e-02, 3.1136674082941078e-03,
          1.0749776564830629e-02, 2.0758185325290654e-02,
          1.4645410949246146e-02, 5.1800033656822154e-02,
          -3.2174768627286479e-02, -1.9218142306508319e-02,
          1.0083776856003759e-01, -1.0397288220895782e-02,
          -1.2110939117737085e-03, -8.0802050160961002e-03,
          -1.4104876484212207e-02, -8.1762174216474578e-03,
          -3.2743373236305703e-02, 1.8489260680067364e-02,
          1.7097157504530586e-02, -1.0397288220895784e-02,
          4.2519600716386281e-02, 2.3777857130501921e-03,
          6.2335101707798610e-03, 1.1526371293402690e-02,
          1.0882107139156126e-02, 2.9070024820636912e-02,
          9.8113016987252358e-04, 3.1136674082941091e-03,
          -1.2110939117737092e-03, 2.3777857130501921e-03,
          3.1169348189511226e-02, 1.7925821815019375e-04,
          1.1090890573256832e-03, -4.0887495463698860e-03,
