%YAML:1.0
---
groups:
   - intact
   - CD19
   - blast
intactGmmnames:
   - "intact.570.0"
   - "intact.570.1"
   - "intact.570.2"
   - "intact.570.3"
   - "intact.570.4"
intactLabels:
   - FSC-A
   - SSC-A
   - SY41
   - CD19
   - CD10
   - CD20
   - CD45
   - CD34
   - CD38
intactMu: !!opencv-matrix
   rows: 5
   cols: 9
   dt: d
   data: [ 1.0610311304721254e+00, 3.1002946354514788e-01,
       3.4570653216357576e+00, 1.1523020275758846e+00,
       8.2342006516093291e-01, 8.8682723632848959e-01,
       3.4392134556825393e+00, 1.1682279374149587e+00,
       1.8459282208810739e+00, 1.4441278496151837e+00,
       4.6599458505456359e-01, 3.3058937189678619e+00,
       1.2341031345168574e+00, 8.4961453045854674e-01,
       9.8468880860404362e-01, 3.5749722013584955e+00,
       1.2315272813512208e+00, 1.8260335239128012e+00,
       2.4366503122331888e+00, 2.2220717338942046e+00,
       3.2913754642234663e+00, 1.8438999531443496e+00,
       1.5296064983058049e+00, 1.5077804355332955e+00,
       3.3128759019682961e+00, 1.4880862658000977e+00,
       1.8791365400517572e+00, 1.4170060710440946e+00,
       5.3171823258207185e-01, 3.3115099783435515e+00,
       1.2358711961810489e+00, 8.2609777651562910e-01,
       9.1090555711636434e-01, 3.5595780301069406e+00,
       1.2207370748987127e+00, 2.0963948343569898e+00,
       2.0059329531377097e+00, 1.0628531420177243e+00,
       3.0722223449364581e+00, 1.3928543391160373e+00,
       1.1703990014217855e+00, 1.1390579453079526e+00,
       1.9248701867438465e+00, 1.3294445474281305e+00,
       1.7729519422867508e+00 ]
intactSigma:
   - !!opencv-matrix
      rows: 9
      cols: 9
      dt: d
      data: [ 2.8305661280869848e-02, 4.6726706513250019e-04,
          -6.1196075931934961e-03, 2.5742195246493768e-04,
          9.2859738614738056e-05, 3.5639585459659368e-03,
          1.2586044312999907e-03, 2.6447260231464432e-05,
          1.9598129040382801e-04, 4.6726706513250036e-04,
          8.7746886300392526e-03, 9.3745375861197715e-04,
          3.0069402729612786e-03, 3.4261118805720449e-03,
          7.5424773130782427e-03, 2.0420361053792154e-03,
          1.6391186836625059e-03, -6.7692406267759594e-04,
          -6.1196075931934961e-03, 9.3745375861197693e-04,
          6.6638082551809478e-03, 3.5699815645144357e-04,
          3.4082887414904839e-04, -6.0425662905847660e-04,
          1.7598824845515025e-04, 7.5543442208559567e-04,
          -4.6312990869967888e-04, 2.5742195246493757e-04,
          3.0069402729612786e-03, 3.5699815645144346e-04,
          2.2322715081028018e-02, 1.5436548726601973e-03,
          4.6676046686433591e-03, 1.1517174403472123e-03,
          3.2049527093731918e-03, -1.2099670572680763e-03,
          9.2859738614738138e-05, 3.4261118805720449e-03,
          3.4082887414904839e-04, 1.5436548726601973e-03,
          3.9345861113127753e-02, -1.0908680261686109e-03,
          6.6750433532280194e-04, -2.9694111078590645e-03,
          -5.8792673838608883e-04, 3.5639585459659368e-03,
          7.5424773130782427e-03, -6.0425662905847671e-04,
          4.6676046686433591e-03, -1.0908680261686109e-03,
          5.9071733033285799e-02, 2.9536859186121041e-03,
          2.3497493400858392e-03, -2.3425717821157215e-03,
          1.2586044312999909e-03, 2.0420361053792150e-03,
          1.7598824845515030e-04, 1.1517174403472129e-03,
          6.6750433532280172e-04, 2.9536859186121041e-03,
          6.1604881387752296e-03, 5.8329587981699156e-04,
          -2.5192129028888338e-05, 2.6447260231464300e-05,
          1.6391186836625063e-03, 7.5543442208559567e-04,
          3.2049527093731926e-03, -2.9694111078590636e-03,
          2.3497493400858388e-03, 5.8329587981699146e-04,
          1.2909277683619494e-01, 1.9469813101635815e-04,
          1.9598129040382801e-04, -6.7692406267759594e-04,
          -4.6312990869967888e-04, -1.2099670572680759e-03,
          -5.8792673838608904e-04, -2.3425717821157215e-03,
          -2.5192129028888331e-05, 1.9469813101635826e-04,
          4.9727317114360500e-03 ]
   - !!opencv-matrix
      rows: 9
      cols: 9
      dt: d
      data: [ 1.0959494022701978e-01, 1.7344564413331036e-02,
          -2.2423544246524856e-02, 4.1908859719953428e-03,
          -3.0867858804578792e-03, 2.0845270198284792e-03,
          2.0987159491540435e-02, 4.1268773010285798e-03,
          1.3359252839211962e-03, 1.7344564413331036e-02,
          2.6880585723185125e-02, -5.9250672504131789e-03,
          8.8238327459005724e-03, 4.1015591448657074e-03,
          1.1096218650284099e-02, 1.2773846699677802e-02,
          6.8104984021190498e-03, 1.4653455064511020e-03,
          -2.2423544246524856e-02, -5.9250672504131807e-03,
          2.4102689751355811e-02, -1.2138688179301562e-03,
          2.3229202626268808e-03, 1.2753047037730376e-03,
          -8.2696617708675965e-03, -2.2763642847322164e-04,
          -1.3936054974399681e-03, 4.1908859719953428e-03,
          8.8238327459005724e-03, -1.2138688179301564e-03,
          3.4726344806996663e-02, 2.6169392682942904e-03,
          6.7621149781230874e-03, 5.6013382693926878e-03,
          6.8740688370611926e-03, -5.8781853597863901e-04,
          -3.0867858804578792e-03, 4.1015591448657083e-03,
          2.3229202626268816e-03, 2.6169392682942891e-03,
          4.6230156515569595e-02, -1.1682379097067007e-03,
          -1.1388021433678347e-03, -4.4531347645123294e-03,
          -1.9964182929692540e-04, 2.0845270198284810e-03,
          1.1096218650284097e-02, 1.2753047037730376e-03,
          6.7621149781230874e-03, -1.1682379097067007e-03,
          5.5846985248374767e-02, 3.1504220003090752e-03,
          4.2942270606356938e-03, -2.7128198824857801e-05,
          2.0987159491540435e-02, 1.2773846699677800e-02,
          -8.2696617708675965e-03, 5.6013382693926878e-03,
          -1.1388021433678351e-03, 3.1504220003090752e-03,
          2.0615935354710822e-02, 6.0220562472717122e-03,
          1.9008985986356257e-03, 4.1268773010285798e-03,
          6.8104984021190524e-03, -2.2763642847322107e-04,
          6.8740688370611926e-03, -4.4531347645123303e-03,
          4.2942270606356947e-03, 6.0220562472717105e-03,
          1.7040552832962821e-01, 1.5382221028277742e-03,
          1.3359252839211968e-03, 1.4653455064511027e-03,
          -1.3936054974399679e-03, -5.8781853597863901e-04,
          -1.9964182929692545e-04, -2.7128198824857815e-05,
          1.9008985986356257e-03, 1.5382221028277755e-03,
          3.3978724559055448e-03 ]
   - !!opencv-matrix
      rows: 9
      cols: 9
      dt: d
      data: [ 6.1503136911788980e-01, 4.6864370074205797e-01,
          -1.2935689000792183e-02, 6.2185858897712630e-02,
          1.1044975329661635e-02, -9.9817307085657159e-03,
          1.3983406015420542e-02, 4.5414252597642590e-02,
          2.5046266431644759e-03, 4.6864370074205797e-01,
          1.5786062244669961e+00, -1.2134542718101431e-01,
          2.2006763096874629e-01, 4.2519073981937361e-01,
          6.9520983835016717e-02, -4.3662170915402310e-02,
          3.5474695168594236e-02, -4.5110379176988250e-02,
          -1.2935689000792183e-02, -1.2134542718101431e-01,
          1.0174777614907698e-01, -3.5647455610921780e-02,
          -4.7244330847624499e-02, -3.4177194705954074e-02,
          1.3676740107886493e-02, -1.2256048265298558e-02,
          5.1059093493051703e-03, 6.2185858897712630e-02,
          2.2006763096874629e-01, -3.5647455610921766e-02,
          1.9870801181504910e-01, -1.2753064429690373e-02,
          1.6748192771456000e-01, 1.6648022263222300e-02,
          5.2279407620648144e-02, -9.4269073759370404e-04,
          1.1044975329661635e-02, 4.2519073981937361e-01,
          -4.7244330847624486e-02, -1.2753064429690370e-02,
          5.4780659047465896e-01, -1.5473323762026508e-02,
