%YAML:1.0
---
groups:
   - intact
   - CD19
   - blast
intactGmmnames:
   - "intact.573.0"
   - "intact.573.1"
   - "intact.573.2"
   - "intact.573.3"
   - "intact.573.4"
intactLabels:
   - FSC-A
   - SSC-A
   - SY41
   - CD19
   - CD10
   - CD20
   - CD45
   - CD34
   - CD38
intactMu: !!opencv-matrix
   rows: 5
   cols: 9
   dt: d
   data: [ 1.4167723693495602e+00, 3.5421665231243493e-01,
       3.9678729946961924e+00, 1.1762202180094150e+00,
       7.2865337047704226e-01, 7.7156727116502555e-01,
       3.6860880653846020e+00, 1.2569287588228240e+00,
       1.9161915597694488e+00, 1.1812768196794861e+00,
       4.8607183429424650e-01, 3.2545094232912244e+00,
       1.1193724179579625e+00, 1.0515118452851453e+00,
       9.8723109023820688e-01, 1.3455431410865497e+00,
       1.0329936128409969e+00, 1.6654178981748349e+00,
       2.3338417879382600e+00, 2.3483200900887859e+00,
       3.5953699989661700e+00, 1.6006840914114460e+00,
       1.7391517763883053e+00, 1.1934588537070874e+00,
       3.0083865783678636e+00, 1.3260754708322313e+00,
       1.9036535510356705e+00, 1.5610182279064952e+00,
       5.7813498432657029e-01, 3.6569718885669609e+00,
       1.2575977673384682e+00, 7.8851819140598944e-01,
       9.3118408337839076e-01, 3.7932425529909102e+00,
       1.3251971085048326e+00, 2.0640982239446428e+00,
       1.2908917440041561e+00, 4.8994836094705652e-01,
       4.1539267434676628e+00, 1.1265425304476466e+00,
       1.2702491578906667e+00, 7.2080889809140170e-01,
       1.4336305045791082e+00, 1.0337940155829313e+00,
       1.7046352327467122e+00 ]
intactSigma:
   - !!opencv-matrix
      rows: 9
      cols: 9
      dt: d
      data: [ 5.3998196817055158e-02, 9.6704288680035215e-03,
          -1.5603351468684652e-02, 3.7408285914901766e-03,
          5.1319124254079534e-03, 1.1448844251252088e-02,
          5.7363568950598741e-03, 3.0095524115780333e-03,
          -5.8565424426248215e-03, 9.6704288680035215e-03,
          9.4395113785434911e-03, -6.1324671029612636e-03,
          3.2078432508157390e-03, 3.2326880157972230e-03,
          5.9764240917426700e-03, 4.1917891973267179e-03,
          2.2971445201069546e-03, -3.9544627197814416e-03,
          -1.5603351468684646e-02, -6.1324671029612671e-03,
          4.0090266330029330e-02, -2.5007819562629144e-03,
          -9.3188555315948107e-03, -2.2830303235772557e-02,
          -5.9077088626937968e-03, -2.1267266663353886e-03,
          3.2008642852998041e-03, 3.7408285914901766e-03,
          3.2078432508157390e-03, -2.5007819562629144e-03,
          2.3370610808846698e-02, 1.3611646448820471e-03,
          2.5912622122740911e-03, 1.8114937998801430e-03,
          2.8187771242663335e-03, -3.2255779129473365e-03,
          5.1319124254079534e-03, 3.2326880157972230e-03,
          -9.3188555315948107e-03, 1.3611646448820475e-03,
          4.1151625015574164e-02, 3.1340044251032826e-03,
          2.0513604426158310e-03, -4.7381089207818470e-03,
          -1.7691471192760745e-03, 1.1448844251252088e-02,
          5.9764240917426700e-03, -2.2830303235772557e-02,
          2.5912622122740911e-03, 3.1340044251032839e-03,
          2.6550568705668017e-02, 4.2404077342623444e-03,
          1.3408340966350764e-03, -3.7841105003912747e-03,
          5.7363568950598741e-03, 4.1917891973267179e-03,
          -5.9077088626937968e-03, 1.8114937998801430e-03,
          2.0513604426158306e-03, 4.2404077342623444e-03,
          6.6465671467605012e-03, 1.6393387217772219e-03,
          -2.2442398787449252e-03, 3.0095524115780342e-03,
          2.2971445201069537e-03, -2.1267266663353890e-03,
          2.8187771242663339e-03, -4.7381089207818479e-03,
          1.3408340966350762e-03, 1.6393387217772208e-03,
          1.6312534877297880e-01, 5.4351556596505537e-04,
          -5.8565424426248232e-03, -3.9544627197814416e-03,
          3.2008642852998045e-03, -3.2255779129473374e-03,
          -1.7691471192760747e-03, -3.7841105003912747e-03,
          -2.2442398787449252e-03, 5.4351556596505418e-04,
          2.6153779434899813e-02 ]
   - !!opencv-matrix
      rows: 9
      cols: 9
      dt: d
      data: [ 6.3673902728613799e-02, 2.2817187160901822e-02,
          -2.7961498181927068e-02, 6.3942792395310765e-03,
          -1.1064216391347759e-03, 6.0403868418853054e-03,
          2.9467126826896985e-02, 5.6951789317383275e-03,
          4.3175921513539088e-04, 2.2817187160901822e-02,
          2.6578654478448316e-02, -2.3958890608962616e-02,
          7.2563080246905547e-03, 3.0714410042054148e-04,
          5.2251862037152319e-03, 3.4235530954040964e-02,
          6.8232251320558155e-03, 5.5848949318706043e-04,
          -2.7961498181927068e-02, -2.3958890608962616e-02,
          1.6191495623561741e-01, -6.1415876889232279e-03,
          1.1059944203915395e-02, -1.4041558006425852e-02,
          -5.4338597672921360e-02, -1.1770373663946482e-02,
          4.2265135268314556e-04, 6.3942792395310765e-03,
          7.2563080246905547e-03, -6.1415876889232271e-03,
          9.1018824835373581e-03, 9.2711512798309239e-04,
          1.7607839258300918e-03, 9.1616088408067696e-03,
          1.9665898999335846e-03, -3.7195277278198987e-04,
          -1.1064216391347753e-03, 3.0714410042054175e-04,
          1.1059944203915395e-02, 9.2711512798309239e-04,
          1.1502051219896145e-01, -4.2145824758052154e-05,
          6.2519736716182012e-03, -1.6210962030503715e-03,
          2.8334024229467896e-03, 6.0403868418853054e-03,
          5.2251862037152319e-03, -1.4041558006425852e-02,
          1.7607839258300918e-03, -4.2145824758052188e-05,
          1.6099804502381403e-02, 7.0595682151839145e-03,
          1.1033417518431987e-03, 3.0752846924476604e-04,
          2.9467126826896995e-02, 3.4235530954040964e-02,
          -5.4338597672921360e-02, 9.1616088408067696e-03,
          6.2519736716182012e-03, 7.0595682151839145e-03,
          2.1065940611005848e-01, 1.6277918446865127e-02,
          3.0294787422149318e-03, 5.6951789317383284e-03,
          6.8232251320558138e-03, -1.1770373663946484e-02,
          1.9665898999335846e-03, -1.6210962030503728e-03,
          1.1033417518431987e-03, 1.6277918446865127e-02,
          2.4948670944129361e-02, 3.2634669840889775e-04,
          4.3175921513539088e-04, 5.5848949318706054e-04,
          4.2265135268314567e-04, -3.7195277278198992e-04,
          2.8334024229467896e-03, 3.0752846924476615e-04,
          3.0294787422149327e-03, 3.2634669840889765e-04,
          1.1672298768063609e-03 ]
   - !!opencv-matrix
      rows: 9
      cols: 9
      dt: d
      data: [ 5.2097664292774393e-01, 5.3797904922436213e-01,
          2.2979323338219110e-03, 9.0561697538830893e-02,
          7.7035772252911069e-02, -5.2636852624114702e-02,
          6.5738423967476325e-02, 1.7645278964222681e-02,
          1.3796315788804076e-02, 5.3797904922436213e-01,
          1.9157009505436473e+00, -5.2271122749311054e-02,
          3.1989262525432105e-01, 6.8573533431433309e-01,
          -1.4542719965277814e-01, 3.1049396147029179e-01,
          -1.2631864900501028e-02, -3.9798353653703426e-02,
          2.2979323338219114e-03, -5.2271122749311047e-02,
          2.6377227309680057e-01, -7.8246679443723672e-03,
          1.0611699607236158e-02, -3.7354891381778575e-02,
          8.9914090200006277e-02, -1.1398450341541607e-02,
          5.9723379179947987e-02, 9.0561697538830893e-02,
          3.1989262525432105e-01, -7.8246679443723672e-03,
          9.8844384108064495e-02, 1.0540865470091056e-01,
          2.4264961792755543e-02, 8.8487367613489604e-02,
          5.3588913865041648e-03, 2.0722402512282001e-03,
          7.7035772252911069e-02, 6.8573533431433298e-01,
          1.0611699607236152e-02, 1.0540865470091054e-01,
          6.9092076364089028e-01, -8.8663980714013102e-02,
          1.7360016256978464e-01, 2.4420108046599534e-03,
