%YAML:1.0
---
groups:
   - intact
   - CD19
   - blast
intactGmmnames:
   - "intact.578.0"
   - "intact.578.1"
   - "intact.578.2"
   - "intact.578.3"
   - "intact.578.4"
intactLabels:
   - FSC-A
   - SSC-A
   - SY41
   - CD19
   - CD10
   - CD20
   - CD45
   - CD34
   - CD38
intactMu: !!opencv-matrix
   rows: 5
   cols: 9
   dt: d
   data: [ 1.7278370635599081e+00, 1.2584558266690435e+00,
       2.7024473367644877e+00, 1.2941554032882454e+00,
       1.3551215803871914e+00, 1.3721568768065850e+00,
       2.8760343341801717e+00, 1.7744121673507462e+00,
       2.4131056997451981e+00, 1.2623822210218403e+00,
       4.5677208901839284e-01, 2.5754136454812078e+00,
       6.8930407979928843e-01, 1.1014915772809939e+00,
       1.0550468722762312e+00, 4.0915411237033030e+00,
       1.8657842193415954e+00, 2.5195927939751663e+00,
       8.8527379533788264e-01, 2.7341926949782874e-01,
       2.8706046811710904e+00, 1.0722582520457695e+00,
       1.2277865767624356e+00, 9.6232526982998279e-01,
       1.6081351129306432e+00, 1.1302477459454277e+00,
       1.8249370182295228e+00, 1.0452885717682265e+00,
       2.7571542509447639e-01, 2.7752785903689552e+00,
       7.5130252972070088e-01, 1.1240776297369572e+00,
       1.0383804531331959e+00, 3.9568747137596718e+00,
       1.6826314363065944e+00, 2.1602872883624089e+00,
       2.5070752127423463e+00, 3.1540209570512645e+00,
       2.7618051986151282e+00, 1.7009701967689845e+00,
       2.0899739927354060e+00, 1.3728783170152481e+00,
       3.1702760457989960e+00, 1.3708431372216368e+00,
       2.0258603494255483e+00 ]
intactSigma:
   - !!opencv-matrix
      rows: 9
      cols: 9
      dt: d
      data: [ 5.5948125968212725e-01, 4.9049602252050611e-01,
          2.9067808236112574e-02, 1.1710878688230739e-01,
          1.0729900216745459e-02, 1.0014248795546750e-01,
          1.5795735374175793e-01, 8.4184228159741872e-02,
          8.9643637039842988e-02, 4.9049602252050611e-01,
          8.9460460569611000e-01, -6.7088978095834022e-03,
          2.1265610525513079e-01, 5.2920358384091849e-02,
          1.5628393376915881e-01, 2.2502813769619776e-01,
          7.7305093200454630e-02, 1.2672868672117155e-01,
          2.9067808236112574e-02, -6.7088978095833935e-03,
          3.0835534665118963e-01, -1.6965254682679569e-03,
          1.5930703913190368e-02, 8.7776591865052309e-02,
          1.0247676963675471e-01, -3.0266128438374732e-02,
          1.3031062243694150e-01, 1.1710878688230739e-01,
          2.1265610525513079e-01, -1.6965254682679569e-03,
          1.1738685177852974e-01, 3.4169655722363954e-02,
          8.2761876726150346e-02, -2.0859633441886374e-02,
          -1.6751766607712270e-03, -1.1122842538839429e-02,
          1.0729900216745455e-02, 5.2920358384091849e-02,
          1.5930703913190371e-02, 3.4169655722363954e-02,
          1.6095592825557772e-01, 5.0499447435599365e-02,
          -2.5337855402474404e-02, -7.5000240446892089e-02,
          -8.1648120975935795e-02, 1.0014248795546747e-01,
          1.5628393376915883e-01, 8.7776591865052309e-02,
          8.2761876726150346e-02, 5.0499447435599365e-02,
          2.2580449634033506e-01, 9.5699909766346958e-02,
          8.7966230517598550e-03, 6.2095562665650986e-02,
          1.5795735374175793e-01, 2.2502813769619776e-01,
          1.0247676963675471e-01, -2.0859633441886374e-02,
          -2.5337855402474414e-02, 9.5699909766346916e-02,
          6.6854310291556740e-01, 1.5462258541117352e-01,
          3.4441776945908514e-01, 8.4184228159741858e-02,
          7.7305093200454630e-02, -3.0266128438374732e-02,
          -1.6751766607712270e-03, -7.5000240446892089e-02,
          8.7966230517598602e-03, 1.5462258541117352e-01,
          4.0612481385695554e-01, 1.1894823890216116e-01,
          8.9643637039842988e-02, 1.2672868672117155e-01,
          1.3031062243694150e-01, -1.1122842538839429e-02,
          -8.1648120975935795e-02, 6.2095562665651000e-02,
          3.4441776945908520e-01, 1.1894823890216116e-01,
          4.4777293452143058e-01 ]
   - !!opencv-matrix
      rows: 9
      cols: 9
      dt: d
      data: [ 5.7454503793511323e-02, 1.0782244533999867e-02,
          -1.2410073959613958e-02, -2.1261296742247087e-03,
          -2.8585647650315374e-04, 5.8403807231299995e-03,
          5.3019391467866378e-03, 4.3486060107979204e-03,
          6.2167456259586249e-04, 1.0782244533999868e-02,
          1.7140033097613097e-02, -3.7369898704511699e-03,
          -1.5300214154219966e-03, -8.7352202575949930e-04,
          9.7545596756135489e-03, 5.7224446563128601e-03,
          7.6951870986865095e-03, 7.8013608149127521e-03,
          -1.2410073959613950e-02, -3.7369898704511708e-03,
          9.1407502281628750e-02, 4.9567692851253901e-03,
          1.6882611831876809e-03, 7.0347713082572394e-04,
          -6.5147523090497558e-03, -6.2955615961697740e-03,
          -3.1453820162236803e-03, -2.1261296742247082e-03,
          -1.5300214154219966e-03, 4.9567692851253909e-03,
          3.6453396654997548e-02, -5.4638304922966321e-04,
          1.1629007242203124e-04, -1.2419189887194506e-02,
          -6.4770119007598603e-03, 5.4340997556984816e-03,
          -2.8585647650315380e-04, -8.7352202575949897e-04,
          1.6882611831876802e-03, -5.4638304922966299e-04,
          1.3053350377080639e-02, -1.2235020592347729e-03,
          8.7512550751111341e-05, -1.4089092930926722e-02,
          -3.0351347012081191e-02, 5.8403807231299995e-03,
          9.7545596756135489e-03, 7.0347713082572405e-04,
          1.1629007242203164e-04, -1.2235020592347738e-03,
          6.4268717188610769e-02, 2.6937828851817734e-03,
          4.0170202881575790e-03, -1.2780824535884569e-02,
          5.3019391467866396e-03, 5.7224446563128610e-03,
          -6.5147523090497558e-03, -1.2419189887194504e-02,
          8.7512550751111287e-05, 2.6937828851817743e-03,
          1.4624601468157012e-02, 1.3309146003314575e-02,
          -7.1725241139727787e-03, 4.3486060107979212e-03,
          7.6951870986865095e-03, -6.2955615961697740e-03,
          -6.4770119007598603e-03, -1.4089092930926722e-02,
          4.0170202881575781e-03, 1.3309146003314573e-02,
          2.5253826850310279e-01, 1.3294689062085554e-02,
          6.2167456259586314e-04, 7.8013608149127530e-03,
          -3.1453820162236808e-03, 5.4340997556984834e-03,
          -3.0351347012081191e-02, -1.2780824535884566e-02,
          -7.1725241139727770e-03, 1.3294689062085559e-02,
          2.7696006081412416e-01 ]
   - !!opencv-matrix
      rows: 9
      cols: 9
      dt: d
      data: [ 7.6749524914239350e-02, 1.8278888755623557e-02,
          -2.2402478077983453e-02, 4.4555118597746426e-03,
          5.2442887828660252e-03, 6.6519566767050432e-03,
          3.3872779342603077e-02, 1.0969894587902931e-03,
          6.4766337245101410e-03, 1.8278888755623557e-02,
          1.1309033333800317e-02, 3.7145402410796889e-04,
          2.9841874433983429e-03, 2.8128354352292420e-03,
          9.0352621460992027e-03, 1.4742423050597496e-02,
          1.7186423664746848e-03, 2.7765761629481344e-03,
          -2.2402478077983453e-02, 3.7145402410796916e-04,
          1.5559760143695542e-01, 8.1649366888655070e-04,
          2.7560353302249646e-03, 2.2328620296187842e-02,
          3.5915008880227589e-04, 2.3569745081908002e-03,
          7.5259299070404924e-04, 4.4555118597746426e-03,
          2.9841874433983429e-03, 8.1649366888655037e-04,
          5.8266835022346098e-03, 8.1848087586976767e-04,
          3.5879796916612654e-03, 2.4792339609603108e-03,
          7.8607565350046935e-04, -3.0890441092654193e-05,
          5.2442887828660252e-03, 2.8128354352292420e-03,
          2.7560353302249646e-03, 8.1848087586976789e-04,
          1.4254506210759426e-02, 2.0805082028227465e-03,
          4.9989839642738060e-03, -9.7187379354217993e-04,
