%YAML:1.0
---
groups:
   - intact
   - CD19
   - blast
intactGmmnames:
   - "intact.594.0"
   - "intact.594.1"
   - "intact.594.2"
   - "intact.594.3"
   - "intact.594.4"
intactLabels:
   - FSC-A
   - SSC-A
   - SY41
   - CD19
   - CD10
   - CD20
   - CD45
   - CD34
   - CD38
intactMu: !!opencv-matrix
   rows: 5
   cols: 9
   dt: d
   data: [ 1.1307692799749467e+00, 2.3376426459725555e-01,
       3.2595887115382061e+00, 1.0158137022418789e+00,
       8.1206607328473102e-01, 8.0501083744868751e-01,
       3.2491544542574409e+00, 9.8697399195828661e-01,
       1.4072352122519507e+00, 1.0013984052557074e+00,
       2.9403694962076055e-01, 2.8631845196497308e+00,
       1.0186833615669344e+00, 9.4147920166990839e-01,
       8.1024627735526600e-01, 1.0004904007695778e+00,
       9.8189333021904801e-01, 1.2461819634708666e+00,
       2.6364964095040335e+00, 2.7515069519113933e+00,
       2.6651904865560669e+00, 1.5705102996344233e+00,
       2.4619805338057206e+00, 1.0843386906048731e+00,
       2.8851668692409174e+00, 1.0543530714924521e+00,
       1.3510109989677583e+00, 1.3301991214024562e+00,
       5.0482048759962483e-01, 3.0704903018360703e+00,
       1.0947274747658553e+00, 1.2311568421890207e+00,
       9.4125638038924075e-01, 1.2228495587180037e+00,
       1.0855001368714898e+00, 1.2680112681768356e+00,
       1.9597625142102444e+00, 7.6630658535065610e-01,
       2.9915444620530214e+00, 1.1979294778239384e+00,
       1.1811046084723782e+00, 1.1196295056433532e+00,
       2.9079147894045114e+00, 1.1607274595645247e+00,
       1.8119017058091478e+00 ]
intactSigma:
   - !!opencv-matrix
      rows: 9
      cols: 9
      dt: d
      data: [ 1.1119120817901200e-01, 7.0828726143908980e-03,
          -3.3393358315908520e-02, 1.0656328571433272e-03,
          1.4643085130837269e-03, 1.5582897331466464e-02,
          1.4730353337418308e-02, -8.5729185076800817e-04,
          -3.5831708114152307e-03, 7.0828726143908980e-03,
          4.3650429189070637e-03, -1.4714830090570535e-03,
          1.2934683262441596e-03, 1.5910865888875908e-03,
          5.1180681683877403e-03, 3.3597821433292248e-03,
          4.7442215518670426e-04, -2.5587523164287283e-03,
          -3.3393358315908520e-02, -1.4714830090570535e-03,
          2.2190540839863972e-02, 1.5809114454600780e-04,
          1.5175749960259129e-04, -3.9877769165591057e-03,
          -4.4672080352896994e-03, 7.5715138418289856e-04,
          -2.2272105465441345e-03, 1.0656328571433270e-03,
          1.2934683262441598e-03, 1.5809114454600785e-04,
          1.4556620148764214e-02, 9.7031232712791902e-04,
          1.9259316362853502e-03, 2.7941975519599915e-04,
          -1.4386949729293258e-03, -3.6190610067825643e-03,
          1.4643085130837277e-03, 1.5910865888875904e-03,
          1.5175749960259115e-04, 9.7031232712791946e-04,
          3.3530187014229461e-02, -1.5254788405350580e-03,
          9.7150866974776587e-04, -3.1893375838579151e-03,
          -2.1532191405359519e-03, 1.5582897331466464e-02,
          5.1180681683877412e-03, -3.9877769165591057e-03,
          1.9259316362853502e-03, -1.5254788405350578e-03,
          3.7504309823778254e-02, 4.4864945504941517e-03,
          3.4212626446358650e-04, -6.1016571496694703e-03,
          1.4730353337418308e-02, 3.3597821433292248e-03,
          -4.4672080352897003e-03, 2.7941975519599904e-04,
          9.7150866974776587e-04, 4.4864945504941517e-03,
          1.0522691152798835e-02, -2.6910931129349456e-03,
          -3.5201275300444099e-03, -8.5729185076800741e-04,
          4.7442215518670442e-04, 7.5715138418289791e-04,
          -1.4386949729293251e-03, -3.1893375838579151e-03,
          3.4212626446358601e-04, -2.6910931129349464e-03,
          1.1763282008853070e-01, 2.7537136834193910e-03,
          -3.5831708114152320e-03, -2.5587523164287283e-03,
          -2.2272105465441353e-03, -3.6190610067825643e-03,
          -2.1532191405359519e-03, -6.1016571496694694e-03,
          -3.5201275300444099e-03, 2.7537136834193902e-03,
          4.5560353840371194e-02 ]
   - !!opencv-matrix
      rows: 9
      cols: 9
      dt: d
      data: [ 5.7710174886545271e-02, 9.3033238624663020e-03,
          -4.4499574840550775e-02, 2.2029263341862984e-03,
          7.5162291735383895e-03, 1.6073694353155789e-02,
          9.5957484498089985e-03, -7.6772244057835275e-04,
          -3.8371854147292089e-05, 9.3033238624663037e-03,
          7.5826006254811184e-03, -9.4488208347298826e-03,
          1.8445469303948528e-03, 4.1097310014827507e-03,
          6.7900380063367956e-03, 5.6506669636442620e-03,
          -2.4829807337655368e-04, -4.5642356971334715e-05,
          -4.4499574840550775e-02, -9.4488208347298826e-03,
          2.4894730184585487e-01, -2.2387008055365330e-03,
          -6.1422126435625125e-03, -3.5083039344278893e-02,
          -1.0881965794563938e-02, -4.3500192378984580e-04,
          -1.2943526923779103e-04, 2.2029263341862984e-03,
          1.8445469303948528e-03, -2.2387008055365330e-03,
          4.8901239090087057e-03, 8.5513671772966524e-04,
          2.0330692803157582e-03, 8.3008443053800198e-04,
          -2.9069930440844328e-04, -1.1937189746194310e-03,
          7.5162291735383869e-03, 4.1097310014827498e-03,
          -6.1422126435625151e-03, 8.5513671772966514e-04,
          4.9713179987870337e-02, 1.5403413940200392e-03,
          4.8041808555578458e-03, -1.1801794595504627e-03,
          3.9721439017639267e-04, 1.6073694353155792e-02,
          6.7900380063367956e-03, -3.5083039344278893e-02,
          2.0330692803157586e-03, 1.5403413940200392e-03,
          3.8311310324524971e-02, 6.9573082845118765e-03,
          -2.3349630823191086e-04, -1.7697941045677562e-04,
          9.5957484498089985e-03, 5.6506669636442620e-03,
          -1.0881965794563936e-02, 8.3008443053800209e-04,
          4.8041808555578458e-03, 6.9573082845118791e-03,
          1.0077161490251661e-01, -2.6075361941314806e-03,
          -4.5129057515525537e-04, -7.6772244057835286e-04,
          -2.4829807337655384e-04, -4.3500192378984547e-04,
          -2.9069930440844328e-04, -1.1801794595504630e-03,
          -2.3349630823191070e-04, -2.6075361941314810e-03,
          7.3455814079117108e-03, -2.0041924631432577e-05,
          -3.8371854147292069e-05, -4.5642356971334681e-05,
          -1.2943526923779090e-04, -1.1937189746194310e-03,
          3.9721439017639267e-04, -1.7697941045677562e-04,
          -4.5129057515525553e-04, -2.0041924631432553e-05,
          2.2962532154529878e-03 ]
   - !!opencv-matrix
      rows: 9
      cols: 9
      dt: d
      data: [ 3.3343215909389129e-01, 1.1101396684082153e-01,
          5.1099116255733500e-03, 2.4312327049885438e-02,
          -5.8446811184722891e-02, 2.9094513897839298e-02,
          6.8329404598235208e-05, 1.6228731094144755e-03,
          1.2093602993674703e-02, 1.1101396684082153e-01,
          3.3922363256191312e-01, -4.0864564780293726e-03,
          6.6574199503898021e-02, 7.7923404252213474e-02,
          3.9158999428839138e-02, 3.7695167340442703e-02,
          6.6117420623130665e-03, 3.2802909065523357e-03,
          5.1099116255733518e-03, -4.0864564780293761e-03,
          1.0681470653819333e-01, -9.5446755169700803e-04,
          6.6071330895108732e-04, -7.0781702097786232e-03,
          1.4487153318086079e-02, -4.6920677282203408e-04,
          2.7647085432457789e-03, 2.4312327049885438e-02,
          6.6574199503898021e-02, -9.5446755169700760e-04,
          2.6729680624407118e-02, 1.4760101627539855e-02,
          9.1474928092046288e-03, 7.4866409375344539e-03,
          9.3405087833812041e-04, -4.1659524953817396e-03,
          -5.8446811184722863e-02, 7.7923404252213460e-02,
          6.6071330895108916e-04, 1.4760101627539855e-02,
          2.5875473390496556e-01, 8.7002002124299972e-03,
