%YAML:1.0
---
groups:
   - intact
   - CD19
   - blast
intactGmmnames:
   - "intact.594.0"
   - "intact.594.1"
   - "intact.594.2"
   - "intact.594.3"
   - "intact.594.4"
intactLabels:
   - FSC-A
   - SSC-A
   - SY41
   - CD19
   - CD10
   - CD20
   - CD45
   - CD34
   - CD38
intactMu: !!opencv-matrix
   rows: 5
   cols: 9
   dt: d
   data: [ 1.1307692799749467e+00, 2.3376426459725555e-01,
       3.2595887115382061e+00, 1.0158137022418789e+00,
       8.1206607328473102e-01, 8.0501083744868751e-01,
       3.2491544542574409e+00, 9.8697399195828661e-01,
       1.4072352122519507e+00, 1.0013984052557074e+00,
       2.9403694962076055e-01, 2.8631845196497308e+00,
       1.0186833615669344e+00, 9.4147920166990839e-01,
       8.1024627735526600e-01, 1.0004904007695778e+00,
       9.8189333021904801e-01, 1.2461819634708666e+00,
       2.6364964095040335e+00, 2.7515069519113933e+00,
       2.6651904865560669e+00, 1.5705102996344233e+00,
       2.4619805338057206e+00, 1.0843386906048731e+00,
       2.8851668692409174e+00, 1.0543530714924521e+00,
       1.3510109989677583e+00, 1.3301991214024562e+00,
       5.0482048759962483e-01, 3.0704903018360703e+00,
       1.0947274747658553e+00, 1.2311568421890207e+00,
       9.4125638038924075e-01, 1.2228495587180037e+00,
       1.0855001368714898e+00, 1.2680112681768356e+00,
       1.9597625142102444e+00, 7.6630658535065610e-01,
       2.9915444620530214e+00, 1.1979294778239384e+00,
       1.1811046084723782e+00, 1.1196295056433532e+00,
       2.9079147894045114e+00, 1.1607274595645247e+00,
       1.8119017058091478e+00 ]
intactSigma:
   - !!opencv-matrix
      rows: 9
      cols: 9
      dt: d
      data: [ 1.1119120817901200e-01, 7.0828726143908980e-03,
          -3.3393358315908520e-02, 1.0656328571433272e-03,
          1.4643085130837269e-03, 1.5582897331466464e-02,
          1.4730353337418308e-02, -8.5729185076800817e-04,
          -3.5831708114152307e-03, 7.0828726143908980e-03,
          4.3650429189070637e-03, -1.4714830090570535e-03,
          1.2934683262441596e-03, 1.5910865888875908e-03,
          5.1180681683877403e-03, 3.3597821433292248e-03,
          4.7442215518670426e-04, -2.5587523164287283e-03,
          -3.3393358315908520e-02, -1.4714830090570535e-03,
          2.2190540839863972e-02, 1.5809114454600780e-04,
          1.5175749960259129e-04, -3.9877769165591057e-03,
          -4.4672080352896994e-03, 7.5715138418289856e-04,
          -2.2272105465441345e-03, 1.0656328571433270e-03,
          1.2934683262441598e-03, 1.5809114454600785e-04,
          1.4556620148764214e-02, 9.7031232712791902e-04,
          1.9259316362853502e-03, 2.7941975519599915e-04,
          -1.4386949729293258e-03, -3.6190610067825643e-03,
          1.4643085130837277e-03, 1.5910865888875904e-03,
          1.5175749960259115e-04, 9.7031232712791946e-04,
          3.3530187014229461e-02, -1.5254788405350580e-03,
          9.7150866974776587e-04, -3.1893375838579151e-03,
          -2.1532191405359519e-03, 1.5582897331466464e-02,
          5.1180681683877412e-03, -3.9877769165591057e-03,
          1.9259316362853502e-03, -1.5254788405350578e-03,
          3.7504309823778254e-02, 4.4864945504941517e-03,
          3.4212626446358650e-04, -6.1016571496694703e-03,
          1.4730353337418308e-02, 3.3597821433292248e-03,
          -4.4672080352897003e-03, 2.7941975519599904e-04,
          9.7150866974776587e-04, 4.4864945504941517e-03,
          1.0522691152798835e-02, -2.6910931129349456e-03,
          -3.5201275300444099e-03, -8.5729185076800741e-04,
          4.7442215518670442e-04, 7.5715138418289791e-04,
          -1.4386949729293251e-03, -3.1893375838579151e-03,
          3.4212626446358601e-04, -2.6910931129349464e-03,
          1.1763282008853070e-01, 2.7537136834193910e-03,
          -3.5831708114152320e-03, -2.5587523164287283e-03,
          -2.2272105465441353e-03, -3.6190610067825643e-03,
          -2.1532191405359519e-03, -6.1016571496694694e-03,
          -3.5201275300444099e-03, 2.7537136834193902e-03,
          4.5560353840371194e-02 ]
   - !!opencv-matrix
      rows: 9
      cols: 9
      dt: d
      data: [ 5.7710174886545271e-02, 9.3033238624663020e-03,
          -4.4499574840550775e-02, 2.2029263341862984e-03,
          7.5162291735383895e-03, 1.6073694353155789e-02,
          9.5957484498089985e-03, -7.6772244057835275e-04,
          -3.8371854147292089e-05, 9.3033238624663037e-03,
          7.5826006254811184e-03, -9.4488208347298826e-03,
          1.8445469303948528e-03, 4.1097310014827507e-03,
          6.7900380063367956e-03, 5.6506669636442620e-03,
          -2.4829807337655368e-04, -4.5642356971334715e-05,
          -4.4499574840550775e-02, -9.4488208347298826e-03,
          2.4894730184585487e-01, -2.2387008055365330e-03,
          -6.1422126435625125e-03, -3.5083039344278893e-02,
          -1.0881965794563938e-02, -4.3500192378984580e-04,
          -1.2943526923779103e-04, 2.2029263341862984e-03,
          1.8445469303948528e-03, -2.2387008055365330e-03,
          4.8901239090087057e-03, 8.5513671772966524e-04,
          2.0330692803157582e-03, 8.3008443053800198e-04,
          -2.9069930440844328e-04, -1.1937189746194310e-03,
          7.5162291735383869e-03, 4.1097310014827498e-03,
          -6.1422126435625151e-03, 8.5513671772966514e-04,
          4.9713179987870337e-02, 1.5403413940200392e-03,
          4.8041808555578458e-03, -1.1801794595504627e-03,
          3.9721439017639267e-04, 1.6073694353155792e-02,
          6.7900380063367956e-03, -3.5083039344278893e-02,
          2.0330692803157586e-03, 1.5403413940200392e-03,
          3.8311310324524971e-02, 6.9573082845118765e-03,
          -2.3349630823191086e-04, -1.7697941045677562e-04,
          9.5957484498089985e-03, 5.6506669636442620e-03,
          -1.0881965794563936e-02, 8.3008443053800209e-04,
          4.8041808555578458e-03, 6.9573082845118791e-03,
          1.0077161490251661e-01, -2.6075361941314806e-03,
          -4.5129057515525537e-04, -7.6772244057835286e-04,
          -2.4829807337655384e-04, -4.3500192378984547e-04,
          -2.9069930440844328e-04, -1.1801794595504630e-03,
          -2.3349630823191070e-04, -2.6075361941314810e-03,
          7.3455814079117108e-03, -2.0041924631432577e-05,
          -3.8371854147292069e-05, -4.5642356971334681e-05,
          -1.2943526923779090e-04, -1.1937189746194310e-03,
          3.9721439017639267e-04, -1.7697941045677562e-04,
          -4.5129057515525553e-04, -2.0041924631432553e-05,
          2.2962532154529878e-03 ]
   - !!opencv-matrix
      rows: 9
      cols: 9
      dt: d
      data: [ 3.3343215909389129e-01, 1.1101396684082153e-01,
          5.1099116255733500e-03, 2.4312327049885438e-02,
          -5.8446811184722891e-02, 2.9094513897839298e-02,
          6.8329404598235208e-05, 1.6228731094144755e-03,
          1.2093602993674703e-02, 1.1101396684082153e-01,
          3.3922363256191312e-01, -4.0864564780293726e-03,
          6.6574199503898021e-02, 7.7923404252213474e-02,
          3.9158999428839138e-02, 3.7695167340442703e-02,
          6.6117420623130665e-03, 3.2802909065523357e-03,
          5.1099116255733518e-03, -4.0864564780293761e-03,
          1.0681470653819333e-01, -9.5446755169700803e-04,
          6.6071330895108732e-04, -7.0781702097786232e-03,
          1.4487153318086079e-02, -4.6920677282203408e-04,
          2.7647085432457789e-03, 2.4312327049885438e-02,
          6.6574199503898021e-02, -9.5446755169700760e-04,
          2.6729680624407118e-02, 1.4760101627539855e-02,
          9.1474928092046288e-03, 7.4866409375344539e-03,
          9.3405087833812041e-04, -4.1659524953817396e-03,
          -5.8446811184722863e-02, 7.7923404252213460e-02,
          6.6071330895108916e-04, 1.4760101627539855e-02,
          2.5875473390496556e-01, 8.7002002124299972e-03,
          6.8091193478397843e-02, 4.6224760185064407e-03,
          -2.0077646597150053e-03, 2.9094513897839298e-02,
          3.9158999428839138e-02, -7.0781702097786232e-03,
          9.1474928092046305e-03, 8.7002002124299937e-03,
          4.1659290139749609e-02, 5.8041822943948806e-03,
          1.7817154661680049e-03, 1.3595363024905055e-03,
          6.8329404598234855e-05, 3.7695167340442703e-02,
          1.4487153318086079e-02, 7.4866409375344539e-03,
          6.8091193478397843e-02, 5.8041822943948797e-03,
          6.7935576796890676e-02, 3.3286010195569105e-04,
          5.8711581292401546e-03, 1.6228731094144748e-03,
          6.6117420623130665e-03, -4.6920677282203321e-04,
          9.3405087833811976e-04, 4.6224760185064433e-03,
          1.7817154661680054e-03, 3.3286010195569105e-04,
          8.0215959993484187e-02, 2.1166101781091612e-03,
          1.2093602993674707e-02, 3.2802909065523353e-03,
          2.7647085432457789e-03, -4.1659524953817396e-03,
          -2.0077646597150040e-03, 1.3595363024905061e-03,
          5.8711581292401546e-03, 2.1166101781091625e-03,
          3.0428270120702358e-02 ]
   - !!opencv-matrix
      rows: 9
      cols: 9
      dt: d
      data: [ 1.7561824497446699e-01, 4.0636780887763679e-02,
          4.6050103530554443e-02, 9.4908878727987169e-03,
          2.2405675786335743e-02, 3.5181404542842257e-02,
          3.7594368888605532e-02, -1.2765062147154022e-02,
          1.1498945508829563e-03, 4.0636780887763686e-02,
          4.7791063689412723e-02, 3.0516220754560983e-02,
          1.1140650450111519e-02, 1.7517364185926924e-02,
          2.0996807003187908e-02, 2.7545113658199841e-02,
          -8.9650568772547817e-03, 3.5338737790527552e-04,
          4.6050103530554443e-02, 3.0516220754560987e-02,
          2.4118155745186626e-01, -8.4910239523496402e-04,
          3.1967021249613065e-02, -7.4589708681525417e-03,
          2.1366497754318804e-02, -3.2006025885377126e-02,
          6.0684654414875012e-04, 9.4908878727987169e-03,
          1.1140650450111519e-02, -8.4910239523496435e-04,
          1.1700947746818379e-02, 1.7817786480277861e-03,
          7.0836513537668412e-03, 5.6303381067033071e-03,
          9.6402811975011642e-04, -2.1019690106585508e-03,
          2.2405675786335743e-02, 1.7517364185926924e-02,
          3.1967021249613065e-02, 1.7817786480277863e-03,
          1.5193752600980376e-01, 6.8333122543482233e-03,
          2.1197685666663746e-02, -1.7812662755694788e-02,
          2.1875278818596455e-03, 3.5181404542842257e-02,
          2.0996807003187908e-02, -7.4589708681525391e-03,
          7.0836513537668412e-03, 6.8333122543482233e-03,
          5.2394372182674606e-02, 1.9131124008846815e-02,
          -1.2845319655695984e-03, 7.3146862938361444e-04,
          3.7594368888605526e-02, 2.7545113658199841e-02,
          2.1366497754318814e-02, 5.6303381067033071e-03,
          2.1197685666663749e-02, 1.9131124008846808e-02,
          1.4516601861119960e-01, -9.5382260432638408e-03,
          4.0223113706254303e-03, -1.2765062147154026e-02,
          -8.9650568772547783e-03, -3.2006025885377126e-02,
          9.6402811975011642e-04, -1.7812662755694784e-02,
          -1.2845319655695980e-03, -9.5382260432638373e-03,
          3.5904570036429877e-02, -6.1267365928528239e-04,
          1.1498945508829561e-03, 3.5338737790527531e-04,
          6.0684654414875066e-04, -2.1019690106585504e-03,
          2.1875278818596455e-03, 7.3146862938361444e-04,
          4.0223113706254312e-03, -6.1267365928528239e-04,
          5.4388713319730685e-03 ]
   - !!opencv-matrix
      rows: 9
      cols: 9
      dt: d
      data: [ 6.7514117336211410e-01, 3.2006628180997931e-01,
          4.2598608089050700e-02, 7.4564812435304939e-02,
          4.7243457130903742e-02, 6.1656250137141939e-02,
          -1.3797643383344393e-01, 4.2771125384356533e-02,
          -3.0083881790309217e-02, 3.2006628180997937e-01,
          3.4553496132256800e-01, 4.4225619046682645e-02,
          8.3321757607724672e-02, 9.9879443977783464e-02,
          8.6857312991694316e-02, -1.1875343384954602e-01,
          4.0149907330202378e-02, -3.9001141802239452e-02,
          4.2598608089050700e-02, 4.4225619046682645e-02,
          2.5406070213559379e-01, 6.2755227637892692e-03,
          8.3459273495537001e-02, 2.8431236374703146e-02,
          -5.3985718803836985e-02, -2.3176859011513301e-03,
          -7.7108486419288705e-02, 7.4564812435304939e-02,
          8.3321757607724659e-02, 6.2755227637892718e-03,
          5.8660458404895574e-02, 3.2397017452588384e-02,
          5.5266307591792033e-02, -4.8498828387285975e-02,
          1.5200412281525615e-02, -2.8144603656402093e-02,
          4.7243457130903728e-02, 9.9879443977783464e-02,
          8.3459273495537015e-02, 3.2397017452588384e-02,
          2.6597077105198214e-01, 8.2968262850431670e-02,
          -1.1373396742148698e-01, 3.1077068564046267e-02,
          -1.0708713192475032e-01, 6.1656250137141939e-02,
          8.6857312991694316e-02, 2.8431236374703135e-02,
          5.5266307591792033e-02, 8.2968262850431670e-02,
          2.0337376265638116e-01, -8.6015560958386791e-02,
          3.7079113479195076e-02, -6.2716237935008551e-02,
          -1.3797643383344393e-01, -1.1875343384954601e-01,
          -5.3985718803836999e-02, -4.8498828387285982e-02,
          -1.1373396742148698e-01, -8.6015560958386791e-02,
          4.9491860803566068e-01, -7.3405050080864995e-02,
          1.5035125083406073e-01, 4.2771125384356533e-02,
          4.0149907330202378e-02, -2.3176859011513310e-03,
          1.5200412281525612e-02, 3.1077068564046271e-02,
          3.7079113479195090e-02, -7.3405050080864995e-02,
          2.2898910535183534e-01, -1.0773511991802605e-02,
          -3.0083881790309217e-02, -3.9001141802239452e-02,
          -7.7108486419288705e-02, -2.8144603656402100e-02,
          -1.0708713192475035e-01, -6.2716237935008551e-02,
          1.5035125083406076e-01, -1.0773511991802605e-02,
          3.3396426745317442e-01 ]
intactC: !!opencv-matrix
   rows: 1
   cols: 5
   dt: d
   data: [ 3.3771536000401403e-01, 1.7721274049863894e-01,
       1.0128832741146879e-01, 1.2923504163644284e-01,
       6.2660149718903754e-02 ]
intactNumEvents: 198431.
intactMaxVals: !!opencv-matrix
   rows: 1
   cols: 9
   dt: d
   data: [ 4.5000000000000000e+00, 4.5000000000000000e+00,
       4.5000000000000000e+00, 4.5000000000000000e+00,
       4.5000000000000000e+00, 4.5000000000000000e+00,
       4.5000000000000000e+00, 4.5000000000000000e+00,
       4.5000000000000000e+00 ]
CD19Gmmnames:
   - "CD19.594.0"
   - "CD19.594.1"
CD19Labels:
   - FSC-A
   - SSC-A
   - SY41
   - CD19
   - CD10
   - CD20
   - CD45
   - CD34
   - CD38
CD19Mu: !!opencv-matrix
   rows: 2
   cols: 9
   dt: d
   data: [ 1.2017134634501807e+00, 2.0944438604557858e-01,
       3.0539934356064506e+00, 2.4536922116641739e+00,
       9.8167250638388259e-01, 2.7744411847868968e+00,
       3.1948059773153541e+00, 9.8713348500483244e-01,
       1.5075948959260410e+00, 1.5229467444748197e+00,
       3.2588800360303277e-01, 2.6885217747247339e+00,
       2.5664636348669423e+00, 1.0268474592545296e+00,
       2.8622962634579419e+00, 3.3049582890757940e+00,
       9.9875990542887871e-01, 1.5225236066227112e+00 ]
CD19Sigma:
   - !!opencv-matrix
      rows: 9
      cols: 9
      dt: d
      data: [ 3.7336266066027080e-02, 2.6879080811188574e-03,
          -2.1582265770923509e-02, 1.0605509885898597e-02,
          1.5728032473831173e-03, 9.6845762654688174e-03,
          1.2164386686589713e-02, -5.1144434529757786e-04,
          7.0076305815716718e-03, 2.6879080811188574e-03,
          1.7793663899070399e-03, -2.4062023505461087e-03,
          2.2608810712250950e-03, 1.5706928570190210e-04,
          2.0459317063636559e-03, 1.8491420539051570e-03,
          2.2721979910873078e-05, 1.1723787280443778e-03,
          -2.1582265770923516e-02, -2.4062023505461087e-03,
          2.5328832995812307e-02, -1.1178686956937174e-02,
          -2.4942879038255955e-03, -9.6450872808524508e-03,
          -1.0195010925604727e-02, 5.1772639952296629e-04,
          -7.4662436981737506e-03, 1.0605509885898597e-02,
          2.2608810712250954e-03, -1.1178686956937176e-02,
          5.1741878284625058e-02, -8.5908545980790149e-04,
          1.3193914389160403e-02, 5.6310423249693823e-03,
          -2.1448441089106320e-04, -3.9242115420840034e-04,
          1.5728032473831166e-03, 1.5706928570190199e-04,
          -2.4942879038255942e-03, -8.5908545980790192e-04,
          2.1408542517495255e-01, 3.5200389497557095e-03,
          -7.2664910811884211e-04, -1.3230721441306751e-03,
          2.2070484797188383e-02, 9.6845762654688174e-03,
          2.0459317063636559e-03, -9.6450872808524508e-03,
          1.3193914389160403e-02, 3.5200389497557095e-03,
          2.1104490023233363e-02, 4.7440765951877505e-03,
          6.5876504377646809e-04, 9.2838186159858588e-03,
          1.2164386686589713e-02, 1.8491420539051570e-03,
          -1.0195010925604727e-02, 5.6310423249693814e-03,
          -7.2664910811884211e-04, 4.7440765951877505e-03,
          1.1878790839322898e-02, -2.4513098762719431e-03,
          3.4503246842818008e-03, -5.1144434529757830e-04,
          2.2721979910872932e-05, 5.1772639952296705e-04,
          -2.1448441089106363e-04, -1.3230721441306733e-03,
          6.5876504377646852e-04, -2.4513098762719422e-03,
          1.1053862410900127e-01, 2.1714174397716272e-03,
          7.0076305815716736e-03, 1.1723787280443780e-03,
          -7.4662436981737506e-03, -3.9242115420840045e-04,
          2.2070484797188383e-02, 9.2838186159858605e-03,
          3.4503246842818008e-03, 2.1714174397716272e-03,
          7.5341566331303358e-02 ]
   - !!opencv-matrix
      rows: 9
      cols: 9
      dt: d
      data: [ 1.0726415681525761e-01, 1.5016332631660658e-02,
          -2.0324161803074645e-02, 5.5561803522405223e-03,
          5.6217806319889697e-03, 3.5584859218379399e-03,
          1.2422649676497479e-02, -1.2286723608609012e-03,
          -4.8220473965350672e-03, 1.5016332631660658e-02,
          1.2510723901219441e-02, -1.4766762602769761e-03,
          5.9501763063701269e-03, 8.7566194453247233e-04,
          2.4717233109570161e-03, 4.0537439012198993e-03,
          1.0058905271185894e-03, 4.0190080878596398e-03,
          -2.0324161803074645e-02, -1.4766762602769776e-03,
          1.6119293602504783e-01, -2.4490199047271476e-02,
          -1.4231322918973931e-03, -2.9171473462317628e-02,
          -1.6223317963102602e-02, 5.3350153609294810e-03,
          -3.9403513895161215e-03, 5.5561803522405240e-03,
          5.9501763063701269e-03, -2.4490199047271472e-02,
          6.6781096257472472e-02, -6.1014768249357063e-03,
          2.8809171862162638e-02, 6.7890505607704696e-03,
          -2.6807632369217379e-03, -5.4587195540113254e-03,
          5.6217806319889671e-03, 8.7566194453247200e-04,
          -1.4231322918973927e-03, -6.1014768249357020e-03,
          2.7133264520646527e-01, 4.8435914056317838e-03,
          -1.2706603583889317e-03, 1.0355614077521198e-03,
          2.5487229234535624e-02, 3.5584859218379399e-03,
          2.4717233109570161e-03, -2.9171473462317639e-02,
          2.8809171862162631e-02, 4.8435914056317829e-03,
          7.1076840194351829e-02, 1.2142989600940480e-02,
          -9.7265237628634763e-04, -1.1203412605157044e-02,
          1.2422649676497479e-02, 4.0537439012198993e-03,
          -1.6223317963102602e-02, 6.7890505607704696e-03,
          -1.2706603583889312e-03, 1.2142989600940480e-02,
          1.8793172968952908e-02, -4.2330879140120101e-03,
          -4.5282447891959229e-03, -1.2286723608609018e-03,
          1.0058905271185894e-03, 5.3350153609294784e-03,
          -2.6807632369217379e-03, 1.0355614077521193e-03,
          -9.7265237628634785e-04, -4.2330879140120093e-03,
          1.5303644727200205e-01, 8.6103692773704579e-03,
          -4.8220473965350664e-03, 4.0190080878596407e-03,
          -3.9403513895161207e-03, -5.4587195540113228e-03,
          2.5487229234535624e-02, -1.1203412605157044e-02,
          -4.5282447891959229e-03, 8.6103692773704561e-03,
          1.4215498235517157e-01 ]
CD19C: !!opencv-matrix
   rows: 1
   cols: 2
   dt: d
   data: [ 1.3717356611089240e-01, 5.4405304094245002e-02 ]
CD19NumEvents: 47042.
CD19MaxVals: !!opencv-matrix
   rows: 1
   cols: 9
   dt: d
   data: [ 4.5000000000000000e+00, 4.5000000000000000e+00,
       4.5000000000000000e+00, 4.5000000000000000e+00,
       4.5000000000000000e+00, 4.5000000000000000e+00,
       4.5000000000000000e+00, 4.5000000000000000e+00,
       4.5000000000000000e+00 ]
blastGmmnames:
   - "blast.594.0"
blastLabels:
   - FSC-A
   - SSC-A
   - SY41
   - CD19
   - CD10
   - CD20
   - CD45
   - CD34
   - CD38
blastMu: !!opencv-matrix
   rows: 1
   cols: 9
   dt: d
   data: [ 1.7451556701409188e+00, 3.5577109240387611e-01,
       3.0883744688410508e+00, 2.8477766670678788e+00,
       3.4100157524410046e+00, 1.8657497802847309e+00,
       2.1897614504161633e+00, 1.2225022472833331e+00,
       1.4433654985929789e+00 ]
blastSigma:
   - !!opencv-matrix
      rows: 9
      cols: 9
      dt: d
      data: [ 2.0496079727082725e-01, 1.0089690715727845e-02,
          -2.3093987350406218e-02, 3.0888229958222237e-02,
          1.4334657127187390e-02, -1.0934557599940225e-02,
          5.6141167071429202e-02, 3.9161251255386961e-03,
          2.5843457695337527e-03, 1.0089690715727845e-02,
          1.9021649808929630e-02, -8.0694825159224760e-03,
          1.9080433223981490e-02, -3.1569014917749412e-03,
          2.5981367737234955e-02, 2.4378961209713373e-02,
          6.2338134014578257e-03, 3.8515262511397419e-03,
          -2.3093987350406218e-02, -8.0694825159224760e-03,
          5.5312207072011531e-02, -2.7057521995313895e-02,
          -2.0132579264284483e-03, -4.5321743876383429e-02,
          -2.4806098252009801e-02, -4.2904567124017337e-03,
          -3.3351530090612841e-02, 3.0888229958222237e-02,
          1.9080433223981490e-02, -2.7057521995313895e-02,
          8.8070772511328332e-02, 1.3715781237443946e-02,
          4.0151701311577359e-02, 4.2418117491032803e-02,
          3.7323883306974652e-03, -8.7394735952491757e-04,
          1.4334657127187390e-02, -3.1569014917749412e-03,
          -2.0132579264284483e-03, 1.3715781237443946e-02,
          4.5853551890680050e-02, -9.5091897000955661e-03,
          -1.2815680813755661e-02, 1.4596412981286513e-03,
          -2.4044659945263818e-02, -1.0934557599940225e-02,
          2.5981367737234955e-02, -4.5321743876383429e-02,
          4.0151701311577359e-02, -9.5091897000955661e-03,
          1.9229678195309383e-01, 3.4931106942852924e-02,
          3.2237126449115638e-02, 1.5527517406312094e-02,
          5.6141167071429202e-02, 2.4378961209713373e-02,
          -2.4806098252009801e-02, 4.2418117491032803e-02,
          -1.2815680813755661e-02, 3.4931106942852924e-02,
          4.7367268423209224e-01, -2.1248962800809890e-02,
          4.1239014436914322e-02, 3.9161251255386961e-03,
          6.2338134014578257e-03, -4.2904567124017337e-03,
          3.7323883306974652e-03, 1.4596412981286513e-03,
          3.2237126449115638e-02, -2.1248962800809890e-02,
          1.2964887109709644e-01, 1.2081198223708754e-02,
          2.5843457695337527e-03, 3.8515262511397419e-03,
          -3.3351530090612841e-02, -8.7394735952491757e-04,
          -2.4044659945263818e-02, 1.5527517406312094e-02,
          4.1239014436914322e-02, 1.2081198223708754e-02,
          1.5612643209519358e-01 ]
blastC: !!opencv-matrix
   rows: 1
   cols: 1
   dt: d
   data: [ 3.0951052539412700e-04 ]
blastNumEvents: 76.
blastMaxVals: !!opencv-matrix
   rows: 1
   cols: 9
   dt: d
   data: [ 4.5000000000000000e+00, 4.5000000000000000e+00,
       4.5000000000000000e+00, 4.5000000000000000e+00,
       4.5000000000000000e+00, 4.5000000000000000e+00,
       4.5000000000000000e+00, 4.5000000000000000e+00,
       4.5000000000000000e+00 ]
