%YAML:1.0
---
groups:
   - intact
   - CD19
intactGmmnames:
   - "intact.613.0"
   - "intact.613.1"
   - "intact.613.2"
   - "intact.613.3"
   - "intact.613.4"
intactLabels:
   - FSC-A
   - SSC-A
   - SY41
   - CD19
   - CD10
   - CD20
   - CD45
   - CD34
   - CD38
intactMu: !!opencv-matrix
   rows: 5
   cols: 9
   dt: d
   data: [ 1.9857185608682084e+00, 5.5264629923758291e-01,
       3.0246422434396907e+00, 1.0808276765685414e+00,
       1.1779502958518349e+00, 1.1056063256750233e+00,
       3.2979697470530187e+00, 1.0986241791580371e+00,
       1.7434009840485947e+00, 2.7959274560870546e+00,
       1.9911012214085899e+00, 3.1329100133881522e+00,
       1.5036297222321284e+00, 1.7493653123614750e+00,
       1.7810831336232744e+00, 3.1144096576840448e+00,
       1.5869408127907121e+00, 1.9859018602181131e+00,
       1.1942838466417414e+00, 3.3325938073733230e-01,
       3.2785655906344573e+00, 1.0390271858733799e+00,
       1.1297243431659454e+00, 1.0287528510312667e+00,
       3.1648099529007063e+00, 1.0886583975242512e+00,
       1.7032969909255906e+00, 2.6949773879822940e+00,
       2.7855503228988465e+00, 3.0737168873542382e+00,
       1.5334515150345429e+00, 1.9863989930610113e+00,
       1.6803993788753151e+00, 3.1075360504272931e+00,
       1.2682638777345336e+00, 1.6722821818394564e+00,
       1.3880247069699518e+00, 6.5553096269338407e-01,
       3.0423685601595696e+00, 1.1036638875017886e+00,
       1.1292892000724752e+00, 1.0525509390568235e+00,
       1.4310325873944756e+00, 1.0759451287727135e+00,
       1.6515138646334093e+00 ]
intactSigma:
   - !!opencv-matrix
      rows: 9
      cols: 9
      dt: d
      data: [ 1.4927726747074710e-01, 8.8687131027298648e-03,
          -3.3860830714386595e-03, 2.1870061226068015e-03,
          4.5145792613358041e-04, 8.8827866505624357e-03,
          6.4381390842822182e-03, -2.4610059530492988e-03,
          -1.0471110887509962e-02, 8.8687131027298648e-03,
          2.6803528403871096e-02, -3.8244021986648009e-03,
          4.7673548458274338e-03, 4.1856948123579702e-03,
          7.2933495700837304e-03, 6.5528263353382714e-03,
          2.3300512523017855e-03, 5.2331356625801139e-03,
          -3.3860830714386608e-03, -3.8244021986648009e-03,
          2.6880478223893577e-02, 5.2209497642756811e-04,
          1.6115304737718118e-03, 3.1709684816703259e-04,
          -2.2821343966400532e-03, 1.3210168025917291e-05,
          -3.2380911186307491e-03, 2.1870061226068010e-03,
          4.7673548458274330e-03, 5.2209497642756800e-04,
          2.0265165770634919e-02, 2.5036693613466328e-03,
          2.2145580329682290e-03, 1.3059338750445275e-03,
          -2.2054676727991875e-03, 4.4503939010136976e-04,
          4.5145792613358063e-04, 4.1856948123579702e-03,
          1.6115304737718134e-03, 2.5036693613466328e-03,
          7.7967913201493932e-02, 3.0285757846211141e-03,
          8.2410804730067601e-03, -2.8663591054097007e-03,
          -1.0190934495213902e-03, 8.8827866505624357e-03,
          7.2933495700837304e-03, 3.1709684816703243e-04,
          2.2145580329682290e-03, 3.0285757846211150e-03,
          4.5251478822258627e-02, 5.9978541268551500e-03,
          1.4794237847289046e-03, -1.6507756408432907e-03,
          6.4381390842822165e-03, 6.5528263353382714e-03,
          -2.2821343966400527e-03, 1.3059338750445271e-03,
          8.2410804730067601e-03, 5.9978541268551492e-03,
          1.2196823339278951e-02, -2.9391542698450532e-04,
          -1.9229419388602370e-03, -2.4610059530492997e-03,
          2.3300512523017863e-03, 1.3210168025917135e-05,
          -2.2054676727991875e-03, -2.8663591054097015e-03,
          1.4794237847289041e-03, -2.9391542698450543e-04,
          1.4750046121580024e-01, 2.6507982733984564e-03,
          -1.0471110887509962e-02, 5.2331356625801139e-03,
          -3.2380911186307491e-03, 4.4503939010136966e-04,
          -1.0190934495213897e-03, -1.6507756408432909e-03,
          -1.9229419388602370e-03, 2.6507982733984569e-03,
          1.8962985651665092e-02 ]
   - !!opencv-matrix
      rows: 9
      cols: 9
      dt: d
      data: [ 8.1469026716124271e-01, 6.2695690518776803e-01,
          4.9707220683983228e-02, 6.6494570877120115e-02,
          1.1202724761878180e-01, 3.6935369378025489e-02,
          1.0578014630482332e-01, 6.7138001637175773e-02,
          -2.2088119811726412e-03, 6.2695690518776814e-01,
          1.1723103117897138e+00, 2.9384812027715382e-02,
          1.9080993094440254e-01, 2.3586307510818491e-01,
          1.4927036569085778e-01, 9.7273483747234532e-02,
          7.8649647693657024e-02, -5.4281695568330389e-03,
          4.9707220683983228e-02, 2.9384812027715382e-02,
          7.2146201421664627e-02, -1.6278668122428434e-04,
          7.9701890901491643e-04, -9.5609317855223849e-03,
          -2.4047325367437251e-03, 7.2240400835316496e-03,
          1.0041431743539813e-02, 6.6494570877120115e-02,
          1.9080993094440254e-01, -1.6278668122428350e-04,
          1.2513674596208482e-01, 5.2165036284663471e-02,
          1.0739551024774639e-01, 3.9439055580191111e-02,
          -1.3843280710391724e-02, -1.4397139552654618e-02,
          1.1202724761878179e-01, 2.3586307510818491e-01,
          7.9701890901491730e-04, 5.2165036284663471e-02,
          1.7703041883141546e-01, 8.6496444477577761e-02,
          5.8081138659349447e-02, 8.1065964506507132e-02,
          1.5177548436860651e-02, 3.6935369378025489e-02,
          1.4927036569085775e-01, -9.5609317855223849e-03,
          1.0739551024774639e-01, 8.6496444477577789e-02,
          2.1331327628754404e-01, 6.4561648615337211e-02,
          1.7050453714923888e-02, -2.8752848454349379e-02,
          1.0578014630482332e-01, 9.7273483747234532e-02,
          -2.4047325367437260e-03, 3.9439055580191118e-02,
          5.8081138659349447e-02, 6.4561648615337211e-02,
          2.1450114773946918e-01, 4.6116322328076389e-04,
          -7.0001000150880050e-03, 6.7138001637175801e-02,
          7.8649647693657024e-02, 7.2240400835316496e-03,
          -1.3843280710391721e-02, 8.1065964506507132e-02,
          1.7050453714923891e-02, 4.6116322328076487e-04,
          2.8574552643362444e-01, 3.2790318301575264e-02,
          -2.2088119811726425e-03, -5.4281695568330389e-03,
          1.0041431743539815e-02, -1.4397139552654618e-02,
          1.5177548436860651e-02, -2.8752848454349372e-02,
          -7.0001000150880024e-03, 3.2790318301575271e-02,
          1.2307299838903103e-01 ]
   - !!opencv-matrix
      rows: 9
      cols: 9
      dt: d
      data: [ 1.0634926306023074e-01, 6.9925484032971183e-03,
          -1.6903470432215493e-02, 8.2627096442658616e-04,
          1.0721584455832472e-02, 1.8483792891448737e-02,
          1.1884227410886712e-02, -5.5752891164452935e-04,
          -2.9003453725507770e-03, 6.9925484032971183e-03,
          1.1779432262689798e-02, 6.6482140401788307e-04,
          2.9530578136881284e-03, 7.9904823536563266e-03,
          1.1465872287084039e-02, 3.6289402037232884e-03,
          1.5292266441840987e-03, -8.5685070558963493e-04,
          -1.6903470432215489e-02, 6.6482140401788329e-04,
          7.1947079989358835e-03, 1.2345477065887516e-03,
          2.7127684915887276e-04, -2.5154271082870357e-04,
          -1.3144165298227947e-03, 8.6609772120600239e-04,
          4.7638321198877607e-04, 8.2627096442658616e-04,
          2.9530578136881284e-03, 1.2345477065887516e-03,
          1.5433816762201413e-02, 3.1325039109759991e-03,
          3.8229457349963319e-03, 4.6117929602863930e-04,
          -1.5808558109464185e-03, -8.2645944321667884e-04,
          1.0721584455832472e-02, 7.9904823536563249e-03,
          2.7127684915887292e-04, 3.1325039109759987e-03,
          7.6617065546470006e-02, 4.9157895736677126e-03,
          6.5965813345854104e-03, -2.1806246447026185e-03,
