%YAML:1.0
---
groups:
   - intact
   - CD19
   - blast
intactGmmnames:
   - "intact.613.0"
   - "intact.613.1"
   - "intact.613.2"
   - "intact.613.3"
   - "intact.613.4"
intactLabels:
   - FSC-A
   - SSC-A
   - SY41
   - CD19
   - CD10
   - CD20
   - CD45
   - CD34
   - CD38
intactMu: !!opencv-matrix
   rows: 5
   cols: 9
   dt: d
   data: [ 2.7801677529934685e+00, 2.2440805310998844e+00,
       3.2771120124292521e+00, 1.5356252727886934e+00,
       2.4434726864339265e+00, 1.1910138834144040e+00,
       2.9062939115121540e+00, 1.3058548959405212e+00,
       1.6523331175782709e+00, 1.3137113704373014e+00,
       2.4380149048799149e-01, 3.6336377659931358e+00,
       1.0861404493976234e+00, 1.3561596108192830e+00,
       9.5096652101343571e-01, 3.2361495262520026e+00,
       1.1317856748575239e+00, 1.6521831910544025e+00,
       2.2923741081816127e+00, 1.4145680856921312e+00,
       3.5327140866003650e+00, 1.5433557449222017e+00,
       1.8540203088625369e+00, 1.4601878566277435e+00,
       2.9203578003277881e+00, 1.4976963643501411e+00,
       1.7818890032171193e+00, 1.5082502552393304e+00,
       1.0049629467520524e+00, 3.1192943808576432e+00,
       1.2092720028007498e+00, 1.4614757427302720e+00,
       8.5920144504641671e-01, 1.7312759235316364e+00,
       1.0951522304885839e+00, 1.5648414230254106e+00,
       2.0620114808024677e+00, 4.1502566598376678e-01,
       3.2845883535252631e+00, 1.1620777292600444e+00,
       1.4734487052226075e+00, 1.1114279908033151e+00,
       3.4062214984005750e+00, 1.1727461780067736e+00,
       1.7624364935971810e+00 ]
intactSigma:
   - !!opencv-matrix
      rows: 9
      cols: 9
      dt: d
      data: [ 3.2943530437570240e-01, 1.5144568061536023e-01,
          -2.9472322090087856e-02, 3.3444665792990394e-02,
          -1.4517052291347468e-02, 2.8294646923679299e-02,
          -1.0404006753564280e-03, 5.3713083358733161e-03,
          3.1227949059757774e-03, 1.5144568061536023e-01,
          2.5218040887266802e-01, -1.6614169016083986e-02,
          5.3454888817730355e-02, 3.2735864162172841e-02,
          4.1343963025886089e-02, 1.9968516422916277e-02,
          1.5057649967851113e-02, 2.4518606761534229e-03,
          -2.9472322090087849e-02, -1.6614169016083993e-02,
          1.0540876523940998e-01, -5.9881367553594952e-03,
          -1.2674505152624882e-02, -2.7376643589994549e-02,
          -1.3395159287868587e-02, -3.2457357295574227e-03,
          -2.7673007369359348e-04, 3.3444665792990387e-02,
          5.3454888817730341e-02, -5.9881367553594944e-03,
          2.8179561777356560e-02, 1.3320243430428945e-02,
          1.2765490186368101e-02, 8.4616614048802982e-03,
          3.3288363996983490e-03, -1.3577006801877320e-03,
          -1.4517052291347463e-02, 3.2735864162172834e-02,
          -1.2674505152624884e-02, 1.3320243430428945e-02,
          1.4271115192940415e-01, 2.5364328355270728e-02,
          3.7229156974136708e-02, 1.7036159715637801e-02,
          -5.6750213035308987e-04, 2.8294646923679299e-02,
          4.1343963025886089e-02, -2.7376643589994549e-02,
          1.2765490186368102e-02, 2.5364328355270731e-02,
          5.3696726952857071e-02, 1.8758569107148539e-02,
          9.4684807294949849e-03, 1.8244858313505518e-04,
          -1.0404006753564285e-03, 1.9968516422916277e-02,
          -1.3395159287868587e-02, 8.4616614048802982e-03,
          3.7229156974136701e-02, 1.8758569107148539e-02,
          3.3935780206326115e-02, 7.3123472284070531e-03,
          -1.4835589246298402e-03, 5.3713083358733170e-03,
          1.5057649967851113e-02, -3.2457357295574210e-03,
          3.3288363996983490e-03, 1.7036159715637801e-02,
          9.4684807294949849e-03, 7.3123472284070531e-03,
          1.1130991797135345e-01, 2.2270076601058927e-03,
          3.1227949059757765e-03, 2.4518606761534233e-03,
          -2.7673007369359337e-04, -1.3577006801877318e-03,
          -5.6750213035308965e-04, 1.8244858313505509e-04,
          -1.4835589246298402e-03, 2.2270076601058923e-03,
          7.6205785962814594e-03 ]
   - !!opencv-matrix
      rows: 9
      cols: 9
      dt: d
      data: [ 1.3904935644463792e-01, 8.3339475035957809e-03,
          -2.7090743446623780e-02, 4.5747241897357545e-03,
          1.4155887850384370e-02, 3.1000396069528965e-02,
          1.2704615709831165e-02, -6.0862381171137257e-05,
          -8.9614200386088864e-03, 8.3339475035957809e-03,
          5.1922479092986048e-03, -6.8920679488635654e-04,
          2.1330899449984253e-03, 4.6597005924791423e-03,
          7.3619577556846430e-03, 3.1575768472449652e-03,
          9.7742292046131083e-04, -1.9243432818833823e-03,
          -2.7090743446623780e-02, -6.8920679488635665e-04,
          1.6567011268752915e-02, -1.4360640047345237e-04,
          -1.4027331039822696e-03, -7.3740019658749016e-03,
          -1.4545196970363126e-03, 6.9712395789050640e-04,
          6.1558232206070020e-04, 4.5747241897357545e-03,
          2.1330899449984253e-03, -1.4360640047345258e-04,
          2.1099411644276950e-02, 4.3386811616286320e-03,
          4.6078439893679291e-03, 1.8759567145198081e-03,
          -2.1436594886280582e-03, -1.9436990213653794e-03,
          1.4155887850384370e-02, 4.6597005924791440e-03,
          -1.4027331039822696e-03, 4.3386811616286320e-03,
          5.5657289653804141e-02, 7.4558054410355781e-03,
          8.6829800802074742e-03, -2.7183410420704614e-04,
          -1.0695836156198203e-03, 3.1000396069528972e-02,
          7.3619577556846448e-03, -7.3740019658749016e-03,
          4.6078439893679291e-03, 7.4558054410355781e-03,
          5.4869707240636972e-02, 8.9195963190097441e-03,
          1.4336166095778855e-03, -4.0198047303548453e-03,
          1.2704615709831165e-02, 3.1575768472449656e-03,
          -1.4545196970363126e-03, 1.8759567145198081e-03,
          8.6829800802074759e-03, 8.9195963190097441e-03,
          8.7200730981557804e-03, -7.8056669964739992e-04,
          -2.3896301838488062e-03, -6.0862381171137555e-05,
          9.7742292046131083e-04, 6.9712395789050651e-04,
          -2.1436594886280586e-03, -2.7183410420704619e-04,
          1.4336166095778845e-03, -7.8056669964739938e-04,
          1.3407896575449829e-01, 2.1685152543735337e-03,
          -8.9614200386088864e-03, -1.9243432818833823e-03,
          6.1558232206069998e-04, -1.9436990213653801e-03,
          -1.0695836156198203e-03, -4.0198047303548453e-03,
          -2.3896301838488058e-03, 2.1685152543735337e-03,
          1.3842901333545271e-02 ]
   - !!opencv-matrix
      rows: 9
      cols: 9
      dt: d
      data: [ 8.6855715377492237e-01, 3.8044025156401012e-01,
          1.4211268016339580e-02, 7.0573447047424742e-02,
          1.2894343986157525e-01, 2.1610526941385343e-02,
          3.6851535753708205e-02, 3.3689548190359991e-02,
          1.4954346361954486e-02, 3.8044025156401001e-01,
          9.1691755365836469e-01, 3.2927307831158541e-02,
          1.9366169570012773e-01, 2.3186583517578094e-01,
          5.6192859685239828e-02, 6.0042849847823376e-02,
          8.3406161791948104e-03, -1.8087998861690331e-02,
          1.4211268016339589e-02, 3.2927307831158534e-02,
          1.6513058729426161e-01, 8.4363828794491961e-04,
          8.8237382398028714e-03, -5.0193153826269342e-02,
          8.4782584091215002e-02, -2.6498407120507269e-02,
          -8.3761852931692696e-03, 7.0573447047424742e-02,
          1.9366169570012773e-01, 8.4363828794491928e-04,
          1.9038493424842037e-01, 9.7408125317411651e-02,
          1.5151351481101735e-01, 5.9102990748338191e-02,
          -5.4950141179537122e-04, 2.0703462694359322e-02,
          1.2894343986157522e-01, 2.3186583517578094e-01,
          8.8237382398028714e-03, 9.7408125317411651e-02,
          3.1809952017861376e-01, 1.4107223814320863e-01,
