%YAML:1.0
---
groups:
   - intact
   - CD19
   - blast
intactGmmnames:
   - "intact.617.0"
   - "intact.617.1"
   - "intact.617.2"
   - "intact.617.3"
   - "intact.617.4"
intactLabels:
   - FSC-A
   - SSC-A
   - SY41
   - CD19
   - CD10
   - CD20
   - CD45
   - CD34
   - CD38
intactMu: !!opencv-matrix
   rows: 5
   cols: 9
   dt: d
   data: [ 1.5082674311006952e+00, 2.3939896763959143e-01,
       3.0028159880625918e+00, 1.0029891027999758e+00,
       8.4660764551338408e-01, 9.4937770125742771e-01,
       3.3808558714703918e+00, 1.0111462755437566e+00,
       1.2388962507548655e+00, 1.2101828917251747e+00,
       3.0709316416925914e-01, 2.5618183198018318e+00,
       1.0349175366475198e+00, 1.2284360940287073e+00,
       8.6557081509873091e-01, 1.1793998141119404e+00,
       1.0550626991591647e+00, 1.2056563414870693e+00,
       2.3779019422412402e+00, 2.9586151545016479e+00,
       2.7022745085643383e+00, 1.5421716854102741e+00,
       2.8253269248528881e+00, 1.1518817724947334e+00,
       3.1142459530233628e+00, 1.2457109291893183e+00,
       1.5090947220103126e+00, 1.7388779871540971e+00,
       4.3703491982519382e-01, 2.5810944750507199e+00,
       1.0296229751974393e+00, 8.4063357967802377e-01,
       9.4589393967475865e-01, 3.4820567096734698e+00,
       1.0363079500703072e+00, 2.0611685611056569e+00,
       2.1977472451235398e+00, 1.1602170872859656e+00,
       2.7732028899937462e+00, 1.2552957168693772e+00,
       1.5989484899927005e+00, 1.2926717237600731e+00,
       2.4301655000248199e+00, 1.4940610098323264e+00,
       1.6750176696398260e+00 ]
intactSigma:
   - !!opencv-matrix
      rows: 9
      cols: 9
      dt: d
      data: [ 2.2000972256887830e-01, 1.0430780106132674e-02,
          -2.3757030990828352e-02, -8.2498419647171212e-04,
          9.0837258833947247e-04, 1.3226991395942323e-02,
          1.6853069164356083e-02, -3.7627182310282698e-03,
          -2.7181260368169188e-02, 1.0430780106132674e-02,
          5.8490862443058914e-03, -2.6100656058030623e-04,
          1.0925838876337576e-03, 2.8625505321120681e-03,
          6.5816352356056693e-03, 3.1651416869224441e-03,
          3.9426653786108672e-04, -6.9885679157438109e-03,
          -2.3757030990828348e-02, -2.6100656058030645e-04,
          1.2592954209040021e-02, 1.2497308529185621e-03,
          1.4505203946283169e-03, 1.2266055347790799e-03,
          -1.4503932963755852e-03, 1.5034196673852898e-03,
          8.6357139054965061e-04, -8.2498419647171104e-04,
          1.0925838876337576e-03, 1.2497308529185623e-03,
          1.4667587959407775e-02, 1.5671730920548753e-03,
          2.5454427334512487e-03, -3.4210405085184094e-04,
          -3.0513787904869441e-03, -5.0777583212577217e-03,
          9.0837258833947334e-04, 2.8625505321120668e-03,
          1.4505203946283171e-03, 1.5671730920548757e-03,
          4.2345748465640237e-02, 2.0662851891629750e-03,
          9.4866021088316872e-04, -2.1781952125075606e-03,
          -4.5346656706691628e-03, 1.3226991395942325e-02,
          6.5816352356056701e-03, 1.2266055347790799e-03,
          2.5454427334512478e-03, 2.0662851891629758e-03,
          5.4034353497445148e-02, 3.9543015380654797e-03,
          2.2031906461764000e-03, -1.2960173275043960e-02,
          1.6853069164356083e-02, 3.1651416869224441e-03,
          -1.4503932963755854e-03, -3.4210405085184105e-04,
          9.4866021088316893e-04, 3.9543015380654805e-03,
          9.0861943970810249e-03, -2.8651168165556361e-03,
          -9.8079444092111796e-03, -3.7627182310282716e-03,
          3.9426653786108688e-04, 1.5034196673852898e-03,
          -3.0513787904869450e-03, -2.1781952125075601e-03,
          2.2031906461764013e-03, -2.8651168165556361e-03,
          1.4083807042572849e-01, 7.0349638723419469e-03,
          -2.7181260368169188e-02, -6.9885679157438126e-03,
          8.6357139054965039e-04, -5.0777583212577209e-03,
          -4.5346656706691628e-03, -1.2960173275043960e-02,
          -9.8079444092111778e-03, 7.0349638723419435e-03,
          1.0865149781395353e-01 ]
   - !!opencv-matrix
      rows: 9
      cols: 9
      dt: d
      data: [ 1.0502126036363540e-01, 2.2291670974554818e-02,
          6.6576780272750323e-03, 4.9864948147066834e-03,
          3.3448953151500392e-02, 2.3202260939646835e-02,
          2.4484368410432628e-02, 2.5281140955002762e-03,
          9.4701748471808858e-03, 2.2291670974554818e-02,
          1.0792103155327621e-02, 2.7579873727958146e-03,
          2.3997704436527151e-03, 1.1563932006207232e-02,
          9.2344471600557861e-03, 9.6703760009863218e-03,
          1.4799748784624970e-03, 3.3310932040547729e-03,
          6.6576780272750366e-03, 2.7579873727958146e-03,
          1.5276660263047545e-01, 1.0669079434899103e-03,
          1.9896371049592184e-02, -1.1729900577032940e-03,
          2.9460207586327826e-03, -5.1657719418935649e-04,
          5.8330733299171702e-03, 4.9864948147066842e-03,
          2.3997704436527151e-03, 1.0669079434899105e-03,
          4.9973168904259152e-03, 2.6636330108721885e-03,
          2.3864162969580052e-03, 1.5399916461389148e-03,
          -3.3941018553387652e-04, -1.0936766577140516e-03,
          3.3448953151500385e-02, 1.1563932006207233e-02,
          1.9896371049592177e-02, 2.6636330108721885e-03,
          1.7379978493013554e-01, 6.8268894327412517e-03,
          2.6920550049613665e-02, 6.5139700850257599e-04,
          1.3267916677971756e-02, 2.3202260939646828e-02,
          9.2344471600557861e-03, -1.1729900577032925e-03,
          2.3864162969580043e-03, 6.8268894327412517e-03,
          4.3074581935970323e-02, 1.0424508162935255e-02,
          1.1933349695077281e-03, 3.0454024315641772e-03,
          2.4484368410432628e-02, 9.6703760009863218e-03,
          2.9460207586327804e-03, 1.5399916461389148e-03,
          2.6920550049613665e-02, 1.0424508162935253e-02,
          1.1885126128103000e-01, 2.3003139456015480e-03,
          1.1548776955010498e-02, 2.5281140955002758e-03,
          1.4799748784624976e-03, -5.1657719418935681e-04,
          -3.3941018553387652e-04, 6.5139700850257588e-04,
          1.1933349695077270e-03, 2.3003139456015476e-03,
          2.8148203209840298e-02, 1.3490472710889286e-03,
          9.4701748471808858e-03, 3.3310932040547729e-03,
          5.8330733299171676e-03, -1.0936766577140519e-03,
          1.3267916677971755e-02, 3.0454024315641776e-03,
          1.1548776955010498e-02, 1.3490472710889286e-03,
          1.6200650147258390e-02 ]
   - !!opencv-matrix
      rows: 9
      cols: 9
      dt: d
      data: [ 3.2965098310842350e-01, 1.7221171830117740e-01,
          -9.8020580384039820e-03, 3.3130382982520273e-02,
          -6.3613221516146817e-03, 3.7155591988122329e-02,
          -1.2733446591960565e-03, 7.2763524482376916e-03,
          1.8872097264678086e-02, 1.7221171830117740e-01,
          3.8395648215223432e-01, -1.0779640495210697e-02,
          6.9184806551893699e-02, 4.1521774620793206e-02,
          4.3416446718416164e-02, 1.5208129939547826e-02,
          1.0408265988684481e-02, 2.5079377141452384e-02,
          -9.8020580384039855e-03, -1.0779640495210697e-02,
          5.3771943651472268e-02, -1.5240427464744092e-03,
          -1.0108297417315688e-02, -5.8691499742864767e-03,
          -8.6605182109852890e-03, -3.1073537557366258e-04,
          3.4475348460002234e-03, 3.3130382982520280e-02,
          6.9184806551893699e-02, -1.5240427464744090e-03,
          2.8008739488758774e-02, 7.1954140643492783e-03,
          9.5048144708107223e-03, 2.5847771720151130e-03,
          -2.3398431947617299e-04, -5.9070199583119670e-04,
          -6.3613221516146817e-03, 4.1521774620793220e-02,
          -1.0108297417315691e-02, 7.1954140643492783e-03,
          1.3715957291006581e-01, 1.7069109594434161e-02,
          2.8087721701279631e-02, 7.3367766602705281e-03,
