%YAML:1.0
---
groups:
   - intact
   - CD19
intactGmmnames:
   - "intact.623.0"
   - "intact.623.1"
   - "intact.623.2"
   - "intact.623.3"
   - "intact.623.4"
intactLabels:
   - FSC-A
   - SSC-A
   - SY41
   - CD19
   - CD10
   - CD20
   - CD45
   - CD34
   - CD38
intactMu: !!opencv-matrix
   rows: 5
   cols: 9
   dt: d
   data: [ 1.3687712285663216e+00, 3.2535883621763473e-01,
       3.1543664985033653e+00, 1.0104933889211047e+00,
       7.9555065488929244e-01, 8.0772727085268436e-01,
       3.4223135165730705e+00, 1.0276764614147451e+00,
       1.3721689283237763e+00, 2.9336976090545677e+00,
       3.2745725773247383e+00, 3.2161463266615109e+00,
       1.4608163356239412e+00, 2.0619189802112641e+00,
       1.1403213619152981e+00, 2.7838127518115949e+00,
       1.1202139515137783e+00, 1.5691290234397488e+00,
       1.5418085998927433e+00, 4.0461690697774999e-01,
       3.4503808235291991e+00, 1.0788517796366102e+00,
       9.1460564607792294e-01, 7.8652563948437915e-01,
       1.0819858291501923e+00, 1.0789720843501938e+00,
       1.3700633609982356e+00, 2.1964515460288956e+00,
       1.4755586150725484e+00, 3.2647694157265215e+00,
       1.2464219543647705e+00, 1.3549034320126279e+00,
       1.1623872549002154e+00, 2.6708402398087112e+00,
       1.4394770101049976e+00, 2.0474641487894818e+00,
       1.6515032369648839e+00, 5.4073610942418282e-01,
       3.0866257223443019e+00, 1.0418992655071688e+00,
       8.1694920342005783e-01, 8.6249918279859938e-01,
       3.3364393516041280e+00, 1.0500134007698805e+00,
       1.7692600149575308e+00 ]
intactSigma:
   - !!opencv-matrix
      rows: 9
      cols: 9
      dt: d
      data: [ 8.6954300732948159e-02, 1.6778436645594069e-02,
          -2.8036262279289549e-02, 1.9962609566406197e-03,
          3.2991726006292624e-03, 1.3248476087133514e-02,
          1.4839905400114718e-02, -7.4451022003887242e-04,
          -8.5309321230628097e-03, 1.6778436645594069e-02,
          1.3661144456762303e-02, -8.7126585094423441e-03,
          1.2466140131787542e-03, 2.9387753191326199e-03,
          8.0792609620175121e-03, 8.1560335037813899e-03,
          6.9768789463070356e-05, -4.8650335865090006e-03,
          -2.8036262279289542e-02, -8.7126585094423475e-03,
          2.3041544440570071e-02, 3.4483175292829550e-05,
          -1.5046247736151376e-03, -6.7241062283033420e-03,
          -8.8589281670433135e-03, 8.8989229563326384e-04,
          6.1841440387883475e-03, 1.9962609566406193e-03,
          1.2466140131787542e-03, 3.4483175292829631e-05,
          1.1665765055254764e-02, 4.4735697688526408e-04,
          8.9112019899726096e-04, -5.0239621760072748e-04,
          -1.8772228650379651e-03, -1.8684816862625468e-03,
          3.2991726006292603e-03, 2.9387753191326199e-03,
          -1.5046247736151370e-03, 4.4735697688526397e-04,
          4.4986967807442685e-02, -3.3450756469572147e-03,
          1.2882552436166480e-03, -4.1946379641140770e-03,
          -1.4046483560991912e-03, 1.3248476087133511e-02,
          8.0792609620175121e-03, -6.7241062283033420e-03,
          8.9112019899726096e-04, -3.3450756469572138e-03,
          3.7840347340377729e-02, 5.7812249067172123e-03,
          -3.5243790023445495e-04, -4.5353754036877294e-03,
          1.4839905400114718e-02, 8.1560335037813899e-03,
          -8.8589281670433135e-03, -5.0239621760072748e-04,
          1.2882552436166480e-03, 5.7812249067172123e-03,
          1.3040005348264699e-02, -2.2287412204132391e-03,
          -5.5383368957254465e-03, -7.4451022003887339e-04,
          6.9768789463070356e-05, 8.8989229563326405e-04,
          -1.8772228650379651e-03, -4.1946379641140761e-03,
          -3.5243790023445473e-04, -2.2287412204132395e-03,
          1.2003479131069522e-01, 3.1363795754331199e-03,
          -8.5309321230628062e-03, -4.8650335865090006e-03,
          6.1841440387883457e-03, -1.8684816862625468e-03,
          -1.4046483560991912e-03, -4.5353754036877294e-03,
          -5.5383368957254457e-03, 3.1363795754331199e-03,
          2.6707554836886679e-02 ]
   - !!opencv-matrix
      rows: 9
      cols: 9
      dt: d
      data: [ 3.6351631960035319e-01, 1.4436482935234873e-01,
          -5.1366089109900100e-03, 2.7422332461705279e-02,
          -1.1925569943490684e-01, 3.0221351709997811e-02,
          -3.2774469858139893e-03, 1.8268069806719085e-03,
          9.7094964113580463e-03, 1.4436482935234873e-01,
          4.3300547233157216e-01, 1.0480151947728673e-03,
          5.3677041696672180e-02, 2.0823419788801686e-01,
          1.9279799317165142e-02, 2.0312748764371124e-02,
          9.4819416583587814e-03, -2.1223027911405727e-02,
          -5.1366089109900108e-03, 1.0480151947728660e-03,
          1.2177257751437296e-02, 3.5139578766014799e-04,
          1.2866697191977238e-02, -2.2665725338080967e-04,
          -2.7896359925631722e-03, 6.4639432539988293e-04,
          4.2450922932305609e-04, 2.7422332461705279e-02,
          5.3677041696672173e-02, 3.5139578766014799e-04,
          1.8509202132852461e-02, 1.2457853005473011e-02,
          5.6884859019765179e-03, 2.4977884030381705e-03,
          4.9989420980996061e-04, -1.9135784734968452e-03,
          -1.1925569943490684e-01, 2.0823419788801689e-01,
          1.2866697191977243e-02, 1.2457853005473011e-02,
          6.0772039579034853e-01, -5.4935281260921606e-02,
          2.2209502630732070e-02, 8.6068432645053008e-03,
          -9.6040716640981294e-02, 3.0221351709997814e-02,
          1.9279799317165145e-02, -2.2665725338080945e-04,
          5.6884859019765179e-03, -5.4935281260921606e-02,
          5.2643815231688304e-02, 4.7003590032333514e-03,
          -4.1232485192602445e-04, 2.3432165342222908e-02,
          -3.2774469858139884e-03, 2.0312748764371120e-02,
          -2.7896359925631722e-03, 2.4977884030381705e-03,
          2.2209502630732066e-02, 4.7003590032333505e-03,
          2.9925613542595590e-02, -6.7621124150054810e-04,
          4.4092878535088864e-03, 1.8268069806719085e-03,
          9.4819416583587744e-03, 6.4639432539988250e-04,
          4.9989420980996126e-04, 8.6068432645053025e-03,
          -4.1232485192602462e-04, -6.7621124150054810e-04,
          5.2317461188434070e-02, -6.5934083760579577e-05,
          9.7094964113580429e-03, -2.1223027911405734e-02,
          4.2450922932305642e-04, -1.9135784734968450e-03,
          -9.6040716640981294e-02, 2.3432165342222908e-02,
          4.4092878535088864e-03, -6.5934083760579591e-05,
          5.5526241472590741e-02 ]
   - !!opencv-matrix
      rows: 9
      cols: 9
      dt: d
      data: [ 4.1681423117444361e-01, 5.4115801195626007e-02,
          -1.6066260835979590e-03, 1.1605247025312833e-02,
          1.3888381268594326e-02, 2.9418134657768276e-02,
          4.0023950067581152e-02, 1.4434407453849899e-03,
          -4.1489492680553088e-04, 5.4115801195626007e-02,
          4.8101537124150516e-02, 3.5072878622698796e-03,
          8.8148228260399898e-03, 1.6360145065888738e-02,
          2.0723039103084002e-02, 1.9401220724500731e-02,
          1.9317326755105965e-03, 4.0461995375663980e-03,
          -1.6066260835979585e-03, 3.5072878622698783e-03,
          9.4515868773193762e-02, 1.8597282371864798e-03,
          7.7558740144242026e-03, -1.5064042694726016e-02,
          -8.6298080337145512e-03, 1.6118144919162951e-03,
          1.8359489532040255e-03, 1.1605247025312833e-02,
          8.8148228260399898e-03, 1.8597282371864798e-03,
          5.2924548211942491e-03, 4.0926062042059962e-03,
          4.9231132464252524e-03, 3.3590619173979410e-03,
          2.2227409105060183e-04, -6.7799956636612949e-05,
          1.3888381268594329e-02, 1.6360145065888742e-02,
          7.7558740144242069e-03, 4.0926062042059962e-03,
          6.0038099748625395e-02, 1.1754746302206817e-02,
          1.1571744991010024e-02, 1.1269511097334857e-03,
