%YAML:1.0
---
groups:
   - intact
   - CD19
   - blast
intactGmmnames:
   - "intact.629.0"
   - "intact.629.1"
   - "intact.629.2"
   - "intact.629.3"
   - "intact.629.4"
intactLabels:
   - FSC-A
   - SSC-A
   - SY41
   - CD19
   - CD10
   - CD20
   - CD45
   - CD34
   - CD38
intactMu: !!opencv-matrix
   rows: 5
   cols: 9
   dt: d
   data: [ 1.9903284557967078e+00, 1.5399141584027498e+00,
       3.3458935029036949e+00, 1.3047976019219243e+00,
       1.2710125855398948e+00, 1.3613461231971440e+00,
       2.6567299789517200e+00, 1.4601046600019840e+00,
       1.9309850760170322e+00, 2.5960151863549492e+00,
       2.7909878027482828e+00, 3.9262159574251467e+00,
       1.2421283769981428e+00, 2.6930162581136097e+00,
       1.0994691587412171e+00, 3.0328263360187506e+00,
       1.1910208013389989e+00, 1.5895942547623023e+00,
       1.5969527976280937e+00, 4.4121510310777318e-01,
       3.7475332224474180e+00, 1.0075131655175582e+00,
       8.9362912344717904e-01, 1.1504959762411278e+00,
       3.7342295470388209e+00, 1.0865931686394696e+00,
       1.6844510700249087e+00, 2.7674791879876559e+00,
       3.4052007135450943e+00, 3.5020578598121359e+00,
       1.5671356941607004e+00, 2.8658641775073956e+00,
       1.3702915872326680e+00, 3.1383164831382522e+00,
       1.2139294851796043e+00, 1.5622189073190094e+00,
       2.8396455558364795e+00, 3.2743347509448437e+00,
       3.5962971808514750e+00, 1.5164986889941170e+00,
       2.4235489462980482e+00, 1.3975091058887394e+00,
       2.8607341230913312e+00, 1.1355869201820730e+00,
       1.4494980871902712e+00 ]
intactSigma:
   - !!opencv-matrix
      rows: 9
      cols: 9
      dt: d
      data: [ 7.3361020747153116e-01, 6.1501939222935853e-01,
          1.2552411786459355e-01, 9.7412612220393255e-02,
          1.2172191934545536e-01, 1.6025755295394262e-01,
          3.9388767727818447e-01, 6.4320771453274805e-02,
          1.8198321061633699e-01, 6.1501939222935853e-01,
          1.0063787568483582e+00, 1.2798031725477638e-01,
          1.6189764914923666e-01, 2.0901582979870173e-01,
          2.0675466079932905e-01, 4.1053625842887881e-01,
          1.5990626947438435e-01, 1.2591959433483133e-01,
          1.2552411786459361e-01, 1.2798031725477638e-01,
          3.2167044657803512e-01, -7.2433694934935247e-02,
          2.1055367453785990e-02, 3.3219968044582854e-02,
          7.2691093492571746e-02, -1.7782449140556399e-02,
          1.0119794264142108e-01, 9.7412612220393255e-02,
          1.6189764914923666e-01, -7.2433694934935247e-02,
          1.3318331199611691e-01, 6.6526754235176594e-02,
          1.0567302816948738e-01, 1.1153790429162108e-01,
          4.3949490132730119e-02, 1.0677929083745178e-02,
          1.2172191934545538e-01, 2.0901582979870173e-01,
          2.1055367453785990e-02, 6.6526754235176594e-02,
          2.3224263203093534e-01, 8.6055765056823927e-02,
          8.6264874088503390e-02, 3.9561713369898423e-02,
          4.9782238709013389e-02, 1.6025755295394262e-01,
          2.0675466079932905e-01, 3.3219968044582847e-02,
          1.0567302816948738e-01, 8.6055765056823927e-02,
          2.5949296117980136e-01, 1.9473623622724034e-01,
          7.5697918438699024e-02, 8.6595080252535830e-02,
          3.9388767727818447e-01, 4.1053625842887892e-01,
          7.2691093492571746e-02, 1.1153790429162108e-01,
          8.6264874088503390e-02, 1.9473623622724034e-01,
          7.3488373870571322e-01, 1.3490431289979213e-01,
          3.3289849829471690e-01, 6.4320771453274792e-02,
          1.5990626947438433e-01, -1.7782449140556409e-02,
          4.3949490132730119e-02, 3.9561713369898416e-02,
          7.5697918438699024e-02, 1.3490431289979213e-01,
          2.2452785386871760e-01, 5.4155289263688969e-02,
          1.8198321061633699e-01, 1.2591959433483130e-01,
          1.0119794264142107e-01, 1.0677929083745178e-02,
          4.9782238709013382e-02, 8.6595080252535830e-02,
          3.3289849829471685e-01, 5.4155289263688962e-02,
          4.6269725519170674e-01 ]
   - !!opencv-matrix
      rows: 9
      cols: 9
      dt: d
      data: [ 2.3395954920707679e-01, 1.0062698218458627e-01,
          -1.4782339138805521e-02, 2.6602399105564840e-02,
          -2.7572204981304776e-02, 2.9721396546740799e-02,
          -2.4789295338746534e-02, 5.5079085770494305e-03,
          1.1248134630869058e-05, 1.0062698218458627e-01,
          2.6855814842118264e-01, -3.0048266900079824e-02,
          5.6564042772399327e-02, 2.6149895536103310e-02,
          2.5075937107929325e-02, 9.0676634558809789e-03,
          1.5571393415096987e-02, 4.2304998336369706e-03,
          -1.4782339138805519e-02, -3.0048266900079824e-02,
          5.8885364668256918e-02, -5.0169609654383385e-02,
          -1.0358228063351928e-02, 1.5506350972821029e-02,
          -2.7428377530085766e-03, 1.8144732426229370e-03,
          1.5284424946967251e-02, 2.6602399105564844e-02,
          5.6564042772399334e-02, -5.0169609654383399e-02,
          5.7623771223402030e-02, 1.1291954045594323e-02,
          -7.5936637061216304e-03, 2.3412811316893922e-03,
          6.7768590157289666e-04, -1.7652169677388269e-02,
          -2.7572204981304776e-02, 2.6149895536103304e-02,
          -1.0358228063351930e-02, 1.1291954045594323e-02,
          1.0591378917237286e-01, -5.0250989460080510e-03,
          3.9593931697654079e-02, 3.0018184823861448e-03,
          3.4606686319095651e-03, 2.9721396546740796e-02,
          2.5075937107929325e-02, 1.5506350972821029e-02,
          -7.5936637061216287e-03, -5.0250989460080510e-03,
          1.2155773766173461e-01, -1.4985400807871526e-03,
          5.3306692476538979e-03, 7.5722112268724164e-03,
          -2.4789295338746534e-02, 9.0676634558809772e-03,
          -2.7428377530085784e-03, 2.3412811316893922e-03,
          3.9593931697654079e-02, -1.4985400807871528e-03,
          4.7809949962959078e-02, -3.8787180100901576e-04,
          8.3096847628951719e-03, 5.5079085770494305e-03,
          1.5571393415096986e-02, 1.8144732426229365e-03,
          6.7768590157289644e-04, 3.0018184823861448e-03,
          5.3306692476538979e-03, -3.8787180100901500e-04,
          8.4366700168373929e-02, 4.8274454555413916e-03,
          1.1248134630868943e-05, 4.2304998336369706e-03,
          1.5284424946967249e-02, -1.7652169677388269e-02,
          3.4606686319095660e-03, 7.5722112268724173e-03,
          8.3096847628951701e-03, 4.8274454555413899e-03,
          7.5665613120149300e-02 ]
   - !!opencv-matrix
      rows: 9
      cols: 9
      dt: d
      data: [ 9.2385900706212470e-02, 2.3074678511775443e-02,
          -5.2581554090397428e-02, 3.3216590985546635e-02,
          1.8896822554763985e-02, 3.0595745794910048e-02,
          1.2146854746906773e-02, 1.6565728656193529e-03,
          -1.2566723510985273e-02, 2.3074678511775443e-02,
          2.2418592587431386e-02, -3.0875151879186807e-02,
          1.8424312657362298e-02, 1.0937739945305135e-02,
          1.9667590389772050e-02, 1.0620203233172237e-02,
          1.9604645056745837e-03, -3.4113116225418108e-03,
          -5.2581554090397428e-02, -3.0875151879186807e-02,
          1.1166020062825331e-01, -6.1102889875273000e-02,
          -3.3655790861666320e-02, -3.4948848459069197e-02,
          -2.2398848904304072e-02, 1.0514025772695539e-03,
          2.6542033616825465e-02, 3.3216590985546635e-02,
          1.8424312657362298e-02, -6.1102889875272993e-02,
          4.6897029226718165e-02, 2.1095024117154481e-02,
          2.4447290390016044e-02, 1.2451735862751646e-02,
          8.9714188483668250e-04, -2.0298701325859259e-02,
          1.8896822554763985e-02, 1.0937739945305135e-02,
          -3.3655790861666313e-02, 2.1095024117154481e-02,
          2.8958347178046157e-02, 1.2279175692541675e-02,
          7.4742189862371340e-03, -4.7689640434355361e-03,
