%YAML:1.0
---
groups:
   - intact
   - CD19
   - blast
intactGmmnames:
   - "intact.629.0"
   - "intact.629.1"
   - "intact.629.2"
   - "intact.629.3"
   - "intact.629.4"
intactLabels:
   - FSC-A
   - SSC-A
   - SY41
   - CD19
   - CD10
   - CD20
   - CD45
   - CD34
   - CD38
intactMu: !!opencv-matrix
   rows: 5
   cols: 9
   dt: d
   data: [ 1.9903284557967078e+00, 1.5399141584027498e+00,
       3.3458935029036949e+00, 1.3047976019219243e+00,
       1.2710125855398948e+00, 1.3613461231971440e+00,
       2.6567299789517200e+00, 1.4601046600019840e+00,
       1.9309850760170322e+00, 2.5960151863549492e+00,
       2.7909878027482828e+00, 3.9262159574251467e+00,
       1.2421283769981428e+00, 2.6930162581136097e+00,
       1.0994691587412171e+00, 3.0328263360187506e+00,
       1.1910208013389989e+00, 1.5895942547623023e+00,
       1.5969527976280937e+00, 4.4121510310777318e-01,
       3.7475332224474180e+00, 1.0075131655175582e+00,
       8.9362912344717904e-01, 1.1504959762411278e+00,
       3.7342295470388209e+00, 1.0865931686394696e+00,
       1.6844510700249087e+00, 2.7674791879876559e+00,
       3.4052007135450943e+00, 3.5020578598121359e+00,
       1.5671356941607004e+00, 2.8658641775073956e+00,
       1.3702915872326680e+00, 3.1383164831382522e+00,
       1.2139294851796043e+00, 1.5622189073190094e+00,
       2.8396455558364795e+00, 3.2743347509448437e+00,
       3.5962971808514750e+00, 1.5164986889941170e+00,
       2.4235489462980482e+00, 1.3975091058887394e+00,
       2.8607341230913312e+00, 1.1355869201820730e+00,
       1.4494980871902712e+00 ]
intactSigma:
   - !!opencv-matrix
      rows: 9
      cols: 9
      dt: d
      data: [ 7.3361020747153116e-01, 6.1501939222935853e-01,
          1.2552411786459355e-01, 9.7412612220393255e-02,
          1.2172191934545536e-01, 1.6025755295394262e-01,
          3.9388767727818447e-01, 6.4320771453274805e-02,
          1.8198321061633699e-01, 6.1501939222935853e-01,
          1.0063787568483582e+00, 1.2798031725477638e-01,
          1.6189764914923666e-01, 2.0901582979870173e-01,
          2.0675466079932905e-01, 4.1053625842887881e-01,
          1.5990626947438435e-01, 1.2591959433483133e-01,
          1.2552411786459361e-01, 1.2798031725477638e-01,
          3.2167044657803512e-01, -7.2433694934935247e-02,
          2.1055367453785990e-02, 3.3219968044582854e-02,
          7.2691093492571746e-02, -1.7782449140556399e-02,
          1.0119794264142108e-01, 9.7412612220393255e-02,
          1.6189764914923666e-01, -7.2433694934935247e-02,
          1.3318331199611691e-01, 6.6526754235176594e-02,
          1.0567302816948738e-01, 1.1153790429162108e-01,
          4.3949490132730119e-02, 1.0677929083745178e-02,
          1.2172191934545538e-01, 2.0901582979870173e-01,
          2.1055367453785990e-02, 6.6526754235176594e-02,
          2.3224263203093534e-01, 8.6055765056823927e-02,
          8.6264874088503390e-02, 3.9561713369898423e-02,
          4.9782238709013389e-02, 1.6025755295394262e-01,
          2.0675466079932905e-01, 3.3219968044582847e-02,
          1.0567302816948738e-01, 8.6055765056823927e-02,
          2.5949296117980136e-01, 1.9473623622724034e-01,
          7.5697918438699024e-02, 8.6595080252535830e-02,
          3.9388767727818447e-01, 4.1053625842887892e-01,
          7.2691093492571746e-02, 1.1153790429162108e-01,
          8.6264874088503390e-02, 1.9473623622724034e-01,
          7.3488373870571322e-01, 1.3490431289979213e-01,
          3.3289849829471690e-01, 6.4320771453274792e-02,
          1.5990626947438433e-01, -1.7782449140556409e-02,
          4.3949490132730119e-02, 3.9561713369898416e-02,
          7.5697918438699024e-02, 1.3490431289979213e-01,
          2.2452785386871760e-01, 5.4155289263688969e-02,
          1.8198321061633699e-01, 1.2591959433483130e-01,
          1.0119794264142107e-01, 1.0677929083745178e-02,
          4.9782238709013382e-02, 8.6595080252535830e-02,
          3.3289849829471685e-01, 5.4155289263688962e-02,
          4.6269725519170674e-01 ]
   - !!opencv-matrix
      rows: 9
      cols: 9
      dt: d
      data: [ 2.3395954920707679e-01, 1.0062698218458627e-01,
          -1.4782339138805521e-02, 2.6602399105564840e-02,
          -2.7572204981304776e-02, 2.9721396546740799e-02,
          -2.4789295338746534e-02, 5.5079085770494305e-03,
          1.1248134630869058e-05, 1.0062698218458627e-01,
          2.6855814842118264e-01, -3.0048266900079824e-02,
          5.6564042772399327e-02, 2.6149895536103310e-02,
          2.5075937107929325e-02, 9.0676634558809789e-03,
          1.5571393415096987e-02, 4.2304998336369706e-03,
          -1.4782339138805519e-02, -3.0048266900079824e-02,
          5.8885364668256918e-02, -5.0169609654383385e-02,
          -1.0358228063351928e-02, 1.5506350972821029e-02,
          -2.7428377530085766e-03, 1.8144732426229370e-03,
          1.5284424946967251e-02, 2.6602399105564844e-02,
          5.6564042772399334e-02, -5.0169609654383399e-02,
          5.7623771223402030e-02, 1.1291954045594323e-02,
          -7.5936637061216304e-03, 2.3412811316893922e-03,
          6.7768590157289666e-04, -1.7652169677388269e-02,
          -2.7572204981304776e-02, 2.6149895536103304e-02,
          -1.0358228063351930e-02, 1.1291954045594323e-02,
          1.0591378917237286e-01, -5.0250989460080510e-03,
          3.9593931697654079e-02, 3.0018184823861448e-03,
          3.4606686319095651e-03, 2.9721396546740796e-02,
          2.5075937107929325e-02, 1.5506350972821029e-02,
          -7.5936637061216287e-03, -5.0250989460080510e-03,
          1.2155773766173461e-01, -1.4985400807871526e-03,
          5.3306692476538979e-03, 7.5722112268724164e-03,
          -2.4789295338746534e-02, 9.0676634558809772e-03,
          -2.7428377530085784e-03, 2.3412811316893922e-03,
          3.9593931697654079e-02, -1.4985400807871528e-03,
          4.7809949962959078e-02, -3.8787180100901576e-04,
          8.3096847628951719e-03, 5.5079085770494305e-03,
          1.5571393415096986e-02, 1.8144732426229365e-03,
          6.7768590157289644e-04, 3.0018184823861448e-03,
          5.3306692476538979e-03, -3.8787180100901500e-04,
          8.4366700168373929e-02, 4.8274454555413916e-03,
          1.1248134630868943e-05, 4.2304998336369706e-03,
          1.5284424946967249e-02, -1.7652169677388269e-02,
          3.4606686319095660e-03, 7.5722112268724173e-03,
          8.3096847628951701e-03, 4.8274454555413899e-03,
          7.5665613120149300e-02 ]
   - !!opencv-matrix
      rows: 9
      cols: 9
      dt: d
      data: [ 9.2385900706212470e-02, 2.3074678511775443e-02,
          -5.2581554090397428e-02, 3.3216590985546635e-02,
          1.8896822554763985e-02, 3.0595745794910048e-02,
          1.2146854746906773e-02, 1.6565728656193529e-03,
          -1.2566723510985273e-02, 2.3074678511775443e-02,
          2.2418592587431386e-02, -3.0875151879186807e-02,
          1.8424312657362298e-02, 1.0937739945305135e-02,
          1.9667590389772050e-02, 1.0620203233172237e-02,
          1.9604645056745837e-03, -3.4113116225418108e-03,
          -5.2581554090397428e-02, -3.0875151879186807e-02,
          1.1166020062825331e-01, -6.1102889875273000e-02,
          -3.3655790861666320e-02, -3.4948848459069197e-02,
          -2.2398848904304072e-02, 1.0514025772695539e-03,
          2.6542033616825465e-02, 3.3216590985546635e-02,
          1.8424312657362298e-02, -6.1102889875272993e-02,
          4.6897029226718165e-02, 2.1095024117154481e-02,
          2.4447290390016044e-02, 1.2451735862751646e-02,
          8.9714188483668250e-04, -2.0298701325859259e-02,
          1.8896822554763985e-02, 1.0937739945305135e-02,
          -3.3655790861666313e-02, 2.1095024117154481e-02,
          2.8958347178046157e-02, 1.2279175692541675e-02,
          7.4742189862371340e-03, -4.7689640434355361e-03,
          -1.2527263325562312e-02, 3.0595745794910048e-02,
          1.9667590389772050e-02, -3.4948848459069197e-02,
          2.4447290390016044e-02, 1.2279175692541675e-02,
          1.1982364651287677e-01, 1.1186311213780093e-02,
          2.6738817113057833e-03, -3.3753322536461253e-02,
          1.2146854746906773e-02, 1.0620203233172237e-02,
          -2.2398848904304072e-02, 1.2451735862751646e-02,
          7.4742189862371340e-03, 1.1186311213780095e-02,
          3.0206167662895085e-02, -5.7968344636545978e-04,
          -8.9568126607197950e-04, 1.6565728656193542e-03,
          1.9604645056745828e-03, 1.0514025772695526e-03,
          8.9714188483668218e-04, -4.7689640434355361e-03,
          2.6738817113057833e-03, -5.7968344636545989e-04,
          1.7545611229034466e-01, 6.8594427764628206e-03,
          -1.2566723510985277e-02, -3.4113116225418104e-03,
          2.6542033616825458e-02, -2.0298701325859255e-02,
          -1.2527263325562312e-02, -3.3753322536461267e-02,
          -8.9568126607197983e-04, 6.8594427764628206e-03,
          2.7840928185746644e-01 ]
   - !!opencv-matrix
      rows: 9
      cols: 9
      dt: d
      data: [ 2.1330747843829959e-01, 1.2756010271077081e-01,
          7.3673138239371827e-03, 1.9586358486140449e-02,
          -2.0068934547726978e-02, 2.3287708038206255e-02,
          -2.0368594346906837e-02, 5.5883545981071413e-03,
          7.0947075003560817e-03, 1.2756010271077081e-01,
          3.4167117345276177e-01, -2.9976877520418475e-02,
          6.1501004840492965e-02, 1.2822910144701820e-02,
          3.6427355935574696e-02, 2.9414022817389595e-03,
          1.2628770187377073e-02, 9.2452918690481729e-03,
          7.3673138239371853e-03, -2.9976877520418475e-02,
          7.1416091880837751e-02, -2.1651152307078123e-02,
          -8.0769230376520357e-03, 2.2796311459740283e-03,
          -6.6442377611990733e-03, 3.6039747318044129e-03,
          8.9312814808258575e-03, 1.9586358486140449e-02,
          6.1501004840492937e-02, -2.1651152307078123e-02,
          2.6863047536439318e-02, 4.2848032502287017e-03,
          6.1171685896414096e-03, 1.8476390266608451e-03,
          1.8877342214706880e-03, -7.7650543663531704e-03,
          -2.0068934547726975e-02, 1.2822910144701820e-02,
          -8.0769230376520357e-03, 4.2848032502287017e-03,
          5.7113919757628383e-02, 5.0167152538509760e-04,
          2.0567339853212543e-02, -4.2111773556339544e-04,
          2.7038629383331164e-04, 2.3287708038206255e-02,
          3.6427355935574689e-02, 2.2796311459740292e-03,
          6.1171685896414113e-03, 5.0167152538509781e-04,
          4.2073413179108982e-02, -2.4563013887168964e-04,
          3.6677258497055660e-03, 4.8628834077872633e-03,
          -2.0368594346906837e-02, 2.9414022817389582e-03,
          -6.6442377611990733e-03, 1.8476390266608446e-03,
          2.0567339853212543e-02, -2.4563013887168964e-04,
          2.8338433386143523e-02, -1.1898448349647677e-03,
          2.5424500638232110e-03, 5.5883545981071413e-03,
          1.2628770187377070e-02, 3.6039747318044111e-03,
          1.8877342214706871e-03, -4.2111773556339528e-04,
          3.6677258497055669e-03, -1.1898448349647670e-03,
          1.0050853430526113e-01, 4.9126357378515865e-03,
          7.0947075003560782e-03, 9.2452918690481695e-03,
          8.9312814808258575e-03, -7.7650543663531722e-03,
          2.7038629383331148e-04, 4.8628834077872633e-03,
          2.5424500638232123e-03, 4.9126357378515848e-03,
          1.0546826993413755e-01 ]
   - !!opencv-matrix
      rows: 9
      cols: 9
      dt: d
      data: [ 2.2528765844653087e-01, 1.2612940831850400e-01,
          4.3636643481761959e-03, 2.0903476924118647e-02,
          -2.9858746630150847e-02, 2.2265567481227631e-02,
          -2.4374532252677411e-02, 7.8946408363017046e-03,
          6.8809725956124976e-03, 1.2612940831850400e-01,
          3.7818454713032984e-01, -5.9559954889619175e-02,
          8.2187247378461462e-02, 3.8005876934014991e-02,
          4.1179945731559253e-02, 1.1543904647357930e-02,
          1.4950433357477880e-02, -2.0188901521365168e-02,
          4.3636643481761925e-03, -5.9559954889619175e-02,
          7.4477574202527388e-02, -3.4570636255010077e-02,
          -2.1626648876537737e-02, -4.6716064561245054e-03,
          -1.0585838357088493e-02, 1.1255475405992652e-03,
          1.8972307754304692e-02, 2.0903476924118647e-02,
          8.2187247378461462e-02, -3.4570636255010077e-02,
          3.6237155057087876e-02, 1.4599084342789137e-02,
          8.4830295400266566e-03, 5.7217136498413012e-03,
          3.0938272443390507e-03, -1.7577320448431102e-02,
          -2.9858746630150847e-02, 3.8005876934014984e-02,
          -2.1626648876537737e-02, 1.4599084342789139e-02,
          1.5101017531580016e-01, 5.3071310992301602e-03,
          3.4120592904211149e-02, -6.1915199974415264e-03,
          -6.2440816302542735e-03, 2.2265567481227631e-02,
          4.1179945731559253e-02, -4.6716064561245036e-03,
          8.4830295400266566e-03, 5.3071310992301593e-03,
          2.8968281534764741e-02, 3.7706387950370199e-03,
          2.0364516964019156e-03, 1.4873686325718662e-03,
          -2.4374532252677408e-02, 1.1543904647357930e-02,
          -1.0585838357088496e-02, 5.7217136498413012e-03,
          3.4120592904211149e-02, 3.7706387950370191e-03,
          7.5028760781089249e-02, -5.5963379276124424e-03,
          1.6505015970584767e-02, 7.8946408363017063e-03,
          1.4950433357477883e-02, 1.1255475405992648e-03,
          3.0938272443390507e-03, -6.1915199974415264e-03,
          2.0364516964019156e-03, -5.5963379276124424e-03,
          5.6709037863474504e-02, 1.4555528120741197e-03,
          6.8809725956124968e-03, -2.0188901521365165e-02,
          1.8972307754304692e-02, -1.7577320448431102e-02,
          -6.2440816302542735e-03, 1.4873686325718653e-03,
          1.6505015970584763e-02, 1.4555528120741197e-03,
          8.6736859797779078e-02 ]
intactC: !!opencv-matrix
   rows: 1
   cols: 5
   dt: d
   data: [ 3.9062199515154127e-02, 1.4017837330516233e-01,
       2.1971832250209755e-01, 3.2621615400985338e-01,
       1.5305394199234687e-01 ]
intactNumEvents: 217042.
intactMaxVals: !!opencv-matrix
   rows: 1
   cols: 9
   dt: d
   data: [ 4.5000000000000000e+00, 4.5000000000000000e+00,
       4.5000000000000000e+00, 4.5000000000000000e+00,
       4.5000000000000000e+00, 4.5000000000000000e+00,
       4.5000000000000000e+00, 4.5000000000000000e+00,
       4.5000000000000000e+00 ]
CD19Gmmnames:
   - "CD19.629.0"
   - "CD19.629.1"
CD19Labels:
   - FSC-A
   - SSC-A
   - SY41
   - CD19
   - CD10
   - CD20
   - CD45
   - CD34
   - CD38
CD19Mu: !!opencv-matrix
   rows: 2
   cols: 9
   dt: d
   data: [ 1.5593107829189505e+00, 3.6743136255423736e-01,
       3.3702521726918455e+00, 2.9099245408837966e+00,
       9.1352081468475665e-01, 3.0373751231691863e+00,
       3.6714248724665017e+00, 1.1088937599792104e+00,
       1.7223586667836586e+00, 1.6870000371880343e+00,
       5.0815143853330702e-01, 3.4125034643838341e+00,
       2.8546684533792557e+00, 1.1313536703674762e+00,
       3.0326708959652171e+00, 3.6130322363311858e+00,
       1.1336159562432919e+00, 1.6265549631413738e+00 ]
CD19Sigma:
   - !!opencv-matrix
      rows: 9
      cols: 9
      dt: d
      data: [ 5.1683769535567178e-02, 6.9662521899749421e-03,
          -4.1524582562759926e-02, 8.4174132476869841e-03,
          6.9635589187148732e-03, 6.8562586043100521e-03,
          7.3401892582349243e-03, 5.4442936118023343e-04,
          1.2130865776564831e-03, 6.9662521899749421e-03,
          7.3310517735193110e-03, -9.2277513312114031e-03,
          4.4575297265176464e-03, 2.2094535335114101e-03,
          5.6876100922230704e-03, 3.9913362490446276e-03,
          1.8701207850146156e-04, 1.9766253772318652e-03,
          -4.1524582562759926e-02, -9.2277513312114066e-03,
          1.6467749971584167e-01, -1.9831439178710757e-02,
          -2.4328478247984533e-02, -1.8629071354705134e-02,
          -1.4211344464255966e-02, -3.5369744390967560e-04,
          -1.7893426593407612e-03, 8.4174132476869841e-03,
          4.4575297265176464e-03, -1.9831439178710754e-02,
          3.1790569169339089e-02, 3.8584066549777834e-03,
          1.2349350869434858e-02, 6.4795973197324620e-03,
          5.1562480360274360e-04, -3.1741720899055642e-03,
          6.9635589187148732e-03, 2.2094535335114096e-03,
          -2.4328478247984536e-02, 3.8584066549777834e-03,
          6.6208106375566220e-02, -1.9659933337989920e-04,
          2.5605663841923852e-03, -4.4823213327655599e-03,
          1.1417800584236585e-03, 6.8562586043100504e-03,
          5.6876100922230704e-03, -1.8629071354705134e-02,
          1.2349350869434863e-02, -1.9659933337989920e-04,
          3.4565273526959490e-02, 1.6234690548966282e-02,
          1.3624607799946342e-03, 1.3191751719693400e-02,
          7.3401892582349269e-03, 3.9913362490446276e-03,
          -1.4211344464255969e-02, 6.4795973197324620e-03,
          2.5605663841923839e-03, 1.6234690548966285e-02,
          1.9573658445088099e-02, -7.2626827564044750e-04,
          9.1839428670200101e-03, 5.4442936118023419e-04,
          1.8701207850146134e-04, -3.5369744390967539e-04,
          5.1562480360274284e-04, -4.4823213327655573e-03,
          1.3624607799946342e-03, -7.2626827564044750e-04,
          1.7238665673001258e-01, 3.0355685594660609e-03,
          1.2130865776564829e-03, 1.9766253772318656e-03,
          -1.7893426593407588e-03, -3.1741720899055616e-03,
          1.1417800584236568e-03, 1.3191751719693400e-02,
          9.1839428670200101e-03, 3.0355685594660609e-03,
          2.9194727945735660e-01 ]
   - !!opencv-matrix
      rows: 9
      cols: 9
      dt: d
      data: [ 1.0399359737012812e-01, 1.7792687958252923e-02,
          -1.1472265916159220e-02, 1.4964353877748178e-02,
          -1.3171627176370780e-03, 1.2498237801136956e-02,
          2.1801086190605487e-02, 2.9486639994964771e-03,
          7.6472135709109781e-03, 1.7792687958252923e-02,
          3.0295016359278094e-02, -4.2021118988678227e-03,
          2.3597331133609664e-02, -8.6907574629509696e-03,
          2.5347126146952642e-02, 2.1804905949544418e-02,
          5.7613607316637540e-03, 8.6662477893834147e-03,
          -1.1472265916159220e-02, -4.2021118988678227e-03,
          1.2903987583101648e-01, -1.7814679676890766e-02,
          -3.5508359583637822e-02, -1.7146667455552825e-02,
          -1.0169945106268265e-02, -2.9190107863279039e-03,
          1.5249180768857146e-02, 1.4964353877748176e-02,
          2.3597331133609664e-02, -1.7814679676890766e-02,
          7.7970096423374213e-02, 5.4428176849630507e-03,
          4.9380523313570450e-02, 2.5550593002918343e-02,
          7.6233981867899455e-03, -1.3739092364727984e-02,
          -1.3171627176370784e-03, -8.6907574629509678e-03,
          -3.5508359583637808e-02, 5.4428176849630481e-03,
          2.3382586000439914e-01, 1.7596605270193612e-02,
          2.1338020383560644e-02, -1.5554771708478562e-03,
          5.3489440902124666e-02, 1.2498237801136956e-02,
          2.5347126146952642e-02, -1.7146667455552825e-02,
          4.9380523313570450e-02, 1.7596605270193612e-02,
          1.0428431657542840e-01, 5.5588385279239767e-02,
          8.0379652710707503e-03, 1.3824638925933124e-02,
          2.1801086190605487e-02, 2.1804905949544418e-02,
          -1.0169945106268265e-02, 2.5550593002918346e-02,
          2.1338020383560648e-02, 5.5588385279239767e-02,
          6.1825195178550452e-02, 4.0573308422786484e-03,
          1.9883439047880817e-02, 2.9486639994964780e-03,
          5.7613607316637522e-03, -2.9190107863279022e-03,
          7.6233981867899455e-03, -1.5554771708478539e-03,
          8.0379652710707433e-03, 4.0573308422786501e-03,
          1.6086829426720478e-01, 9.8512737627307768e-03,
          7.6472135709109755e-03, 8.6662477893834165e-03,
          1.5249180768857146e-02, -1.3739092364727984e-02,
          5.3489440902124666e-02, 1.3824638925933124e-02,
          1.9883439047880820e-02, 9.8512737627307750e-03,
          3.7541303894765049e-01 ]
CD19C: !!opencv-matrix
   rows: 1
   cols: 2
   dt: d
   data: [ 9.6903223556551177e-02, 2.4596679330928618e-02 ]
CD19NumEvents: 30027.
CD19MaxVals: !!opencv-matrix
   rows: 1
   cols: 9
   dt: d
   data: [ 4.5000000000000000e+00, 4.5000000000000000e+00,
       4.5000000000000000e+00, 4.5000000000000000e+00,
       4.5000000000000000e+00, 4.5000000000000000e+00,
       4.5000000000000000e+00, 4.5000000000000000e+00,
       4.5000000000000000e+00 ]
blastGmmnames:
   - "blast.629.0"
blastLabels:
   - FSC-A
   - SSC-A
   - SY41
   - CD19
   - CD10
   - CD20
   - CD45
   - CD34
   - CD38
blastMu: !!opencv-matrix
   rows: 1
   cols: 9
   dt: d
   data: [ 1.9843723346937947e+00, 4.9505372590093472e-01,
       4.3079930241428199e+00, 2.6899853215288760e+00,
       3.9697574145758328e+00, 8.1947262380480657e-01,
       1.7561053005394651e+00, 1.4927450685358759e+00,
       3.1563537263158543e+00 ]
blastSigma:
   - !!opencv-matrix
      rows: 9
      cols: 9
      dt: d
      data: [ 1.2909916762778598e-01, 5.6928546144178593e-03,
          -1.3375412836191012e-02, 2.0425027178167712e-02,
          -4.6236249544078433e-03, -4.1126982410810515e-03,
          -5.4976227691937388e-03, 1.2168552184083184e-02,
          2.4663463690163048e-03, 5.6928546144178593e-03,
          1.0897396488348901e-02, -1.2532170808472716e-03,
          4.5938180430032333e-03, 2.8260561852565687e-03,
          9.8976832981653093e-03, 6.2851385789021094e-03,
          1.5121079555935769e-02, 2.7159584278200252e-03,
          -1.3375412836191012e-02, -1.2532170808472716e-03,
          1.3257503691952943e-02, -9.2173312100765886e-03,
          1.5761090847469768e-03, -1.4985978064738982e-02,
          -1.7383621500274605e-02, 7.1203241266665123e-03,
          -4.0931374377308058e-04, 2.0425027178167712e-02,
          4.5938180430032333e-03, -9.2173312100765886e-03,
          5.2211508949078944e-02, -1.2065911695296611e-02,
          2.2239332054278240e-03, -1.8204451426135720e-02,
          7.9542663787769922e-03, -1.4384360953157611e-02,
          -4.6236249544078433e-03, 2.8260561852565687e-03,
          1.5761090847469768e-03, -1.2065911695296611e-02,
          5.8143538596938896e-02, -2.9680296502177968e-02,
          5.4898507641207100e-02, -1.8584221340038114e-02,
          3.9995279790882562e-02, -4.1126982410810515e-03,
          9.8976832981653093e-03, -1.4985978064738982e-02,
          2.2239332054278240e-03, -2.9680296502177968e-02,
          4.6126115713571397e-01, 5.7269072322153364e-02,
          -1.2895098753072298e-02, -1.6899365882091191e-02,
          -5.4976227691937388e-03, 6.2851385789021094e-03,
          -1.7383621500274605e-02, -1.8204451426135720e-02,
          5.4898507641207100e-02, 5.7269072322153364e-02,
          6.6650476817667992e-01, -1.1820072435756507e-01,
          9.1372531728346293e-02, 1.2168552184083184e-02,
          1.5121079555935769e-02, 7.1203241266665123e-03,
          7.9542663787769922e-03, -1.8584221340038114e-02,
          -1.2895098753072298e-02, -1.1820072435756507e-01,
          2.0762572369021590e-01, -8.0852577901509067e-03,
          2.4663463690163048e-03, 2.7159584278200252e-03,
          -4.0931374377308058e-04, -1.4384360953157611e-02,
          3.9995279790882562e-02, -1.6899365882091191e-02,
          9.1372531728346293e-02, -8.0852577901509067e-03,
          9.5290588699518092e-02 ]
blastC: !!opencv-matrix
   rows: 1
   cols: 1
   dt: d
   data: [ 2.7110578790625478e-04 ]
blastNumEvents: 67.
blastMaxVals: !!opencv-matrix
   rows: 1
   cols: 9
   dt: d
   data: [ 4.5000000000000000e+00, 4.5000000000000000e+00,
       4.5000000000000000e+00, 4.5000000000000000e+00,
       4.5000000000000000e+00, 4.5000000000000000e+00,
       4.5000000000000000e+00, 4.5000000000000000e+00,
       4.5000000000000000e+00 ]
