%YAML:1.0
---
groups:
   - intact
   - CD19
   - blast
intactGmmnames:
   - "intact.630.0"
   - "intact.630.1"
   - "intact.630.2"
   - "intact.630.3"
   - "intact.630.4"
intactLabels:
   - FSC-A
   - SSC-A
   - SY41
   - CD19
   - CD10
   - CD20
   - CD45
   - CD34
   - CD38
intactMu: !!opencv-matrix
   rows: 5
   cols: 9
   dt: d
   data: [ 2.4973010547633194e+00, 3.3130291535102065e+00,
       3.7945112390944842e+00, 1.2970213451224772e+00,
       2.7174039196703141e+00, 1.1557064200994456e+00,
       3.0587331216196691e+00, 1.0975119528506552e+00,
       1.6607420013515173e+00, 9.7817559765927509e-01,
       4.5685501617959717e-01, 3.6315432279584074e+00,
       9.1767372719650209e-01, 1.0005468635099370e+00,
       1.0260115425295449e+00, 1.7314623120334915e+00,
       1.0804916840156973e+00, 1.7621533104946960e+00,
       1.4244980291330327e+00, 4.6964550760094115e-01,
       3.3715438359443231e+00, 1.0589794917519386e+00,
       9.3401038028809613e-01, 1.1171019196283283e+00,
       3.8208511446943203e+00, 1.0071615300844849e+00,
       1.6549095121844346e+00, 2.3752176031224534e+00,
       2.4266208319988398e+00, 3.2905159137462308e+00,
       1.3725559454513692e+00, 1.7713616500255585e+00,
       1.4312706339593757e+00, 2.7515133024782754e+00,
       1.2276876958034373e+00, 1.9361721543078634e+00,
       2.8643276983599817e+00, 3.6135488637577136e+00,
       3.3664085339627645e+00, 1.5205042249328320e+00,
       2.7355537688034501e+00, 1.3557526036584495e+00,
       3.1033403159550126e+00, 1.0954517087587545e+00,
       1.6716635912205704e+00 ]
intactSigma:
   - !!opencv-matrix
      rows: 9
      cols: 9
      dt: d
      data: [ 3.1098086319988888e-01, 1.0499122797312263e-01,
          -1.4479323220711314e-02, 1.8900727908503948e-02,
          -7.0364903599604775e-03, 4.1932263750556354e-03,
          1.0566103795202630e-02, -8.2299650949324424e-05,
          7.1864042592357522e-03, 1.0499122797312262e-01,
          2.9797437921962167e-01, -5.9915084651292853e-03,
          4.6322237378803671e-02, 2.0839507060445194e-02,
          3.9240196081863896e-02, 4.0604741492839391e-03,
          1.0403059867092619e-02, 3.2293159121285974e-03,
          -1.4479323220711307e-02, -5.9915084651292819e-03,
          6.1992544266553554e-02, -4.1875996345214786e-02,
          -5.9723951500693928e-03, 1.5684243978727714e-02,
          -2.4594413068605833e-04, 2.6751865523214425e-03,
          6.7831142509750288e-03, 1.8900727908503948e-02,
          4.6322237378803657e-02, -4.1875996345214793e-02,
          5.0667016989972773e-02, 6.8053747857301653e-03,
          -3.8212732900936132e-03, -1.6759247674722126e-03,
          1.4568393594638041e-03, -6.4045841681132573e-03,
          -7.0364903599604775e-03, 2.0839507060445194e-02,
          -5.9723951500693919e-03, 6.8053747857301653e-03,
          6.5800753980321577e-02, -2.0626079112353972e-03,
          1.6124658703499269e-02, -7.6005804666775926e-04,
          -1.0189355411204735e-04, 4.1932263750556354e-03,
          3.9240196081863896e-02, 1.5684243978727714e-02,
          -3.8212732900936141e-03, -2.0626079112353963e-03,
          1.0565543258944918e-01, -3.7806480875222652e-03,
          2.9957495048965666e-03, 2.3323792408593897e-04,
          1.0566103795202628e-02, 4.0604741492839391e-03,
          -2.4594413068605844e-04, -1.6759247674722126e-03,
          1.6124658703499269e-02, -3.7806480875222669e-03,
          2.8897803337380665e-02, -4.1495450786311070e-03,
          -4.6974532247842345e-04, -8.2299650949324817e-05,
          1.0403059867092624e-02, 2.6751865523214416e-03,
          1.4568393594638039e-03, -7.6005804666775905e-04,
          2.9957495048965671e-03, -4.1495450786311078e-03,
          8.6431334406831692e-02, 1.8322986524786367e-03,
          7.1864042592357505e-03, 3.2293159121285970e-03,
          6.7831142509750288e-03, -6.4045841681132573e-03,
          -1.0189355411204743e-04, 2.3323792408593911e-04,
          -4.6974532247842345e-04, 1.8322986524786367e-03,
          1.2745665003108479e-02 ]
   - !!opencv-matrix
      rows: 9
      cols: 9
      dt: d
      data: [ 6.3838081259677645e-02, 2.3740549095534861e-02,
          -1.3659101546106887e-02, 4.2042220125907571e-03,
          1.1445654800064145e-02, 2.7058745789332261e-02,
          1.5570717628140763e-02, 4.3284675451886589e-03,
          6.4336108839582870e-03, 2.3740549095534861e-02,
          2.5119751354831025e-02, -4.6110491657979022e-03,
          -1.2383899390565488e-03, 6.9022996104817665e-03,
          1.9992262684071081e-02, 1.8223736203741972e-02,
          6.5162442762079047e-03, 7.9249955410630561e-03,
          -1.3659101546106889e-02, -4.6110491657979039e-03,
          4.1082608708674873e-01, -1.4717979794861089e-01,
          -6.0592695145681691e-02, 8.2803692847013867e-03,
          3.0555207786671732e-03, -1.0929685639309109e-02,
          3.9305227098702177e-02, 4.2042220125907553e-03,
          -1.2383899390565494e-03, -1.4717979794861094e-01,
          6.8729187016197332e-02, 3.0093826057266952e-02,
          5.8539561295892838e-05, 6.8250660194098560e-04,
          9.3858330516778351e-04, -1.5812684145149362e-02,
          1.1445654800064146e-02, 6.9022996104817647e-03,
          -6.0592695145681691e-02, 3.0093826057266959e-02,
          7.4987377585079257e-02, 5.7354520686213658e-03,
          2.3780748741653954e-02, 6.9570142917680972e-04,
          3.4793663163582233e-03, 2.7058745789332261e-02,
          1.9992262684071078e-02, 8.2803692847013867e-03,
          5.8539561295892784e-05, 5.7354520686213649e-03,
          1.2054474682796312e-01, 2.5271609944780764e-02,
          2.3679250680321484e-03, 1.1511378944986925e-02,
          1.5570717628140759e-02, 1.8223736203741972e-02,
          3.0555207786671715e-03, 6.8250660194098592e-04,
          2.3780748741653954e-02, 2.5271609944780761e-02,
          1.2130589676886355e-01, 2.3328491076528286e-03,
          3.6079614607390009e-02, 4.3284675451886589e-03,
          6.5162442762079029e-03, -1.0929685639309105e-02,
          9.3858330516778297e-04, 6.9570142917680993e-04,
          2.3679250680321484e-03, 2.3328491076528286e-03,
          3.6850586786914698e-02, 5.4562063568346694e-04,
          6.4336108839582870e-03, 7.9249955410630561e-03,
          3.9305227098702177e-02, -1.5812684145149362e-02,
          3.4793663163582220e-03, 1.1511378944986923e-02,
          3.6079614607390002e-02, 5.4562063568346737e-04,
          3.0003556650768891e-02 ]
   - !!opencv-matrix
      rows: 9
      cols: 9
      dt: d
      data: [ 8.1792252895170017e-02, 2.4847978053647732e-02,
          -5.0517221018248661e-02, 1.7919787463865543e-02,
          9.2968078628152939e-03, 2.0139460727899808e-02,
          1.4015180149907639e-02, -1.8850306736450633e-03,
          -1.3857237637095144e-03, 2.4847978053647728e-02,
          2.5720516518160059e-02, -3.1777360966085438e-02,
          1.0280091678259566e-02, 7.2862219425299142e-03,
          1.7591777674648115e-02, 1.1618231389771189e-02,
          -4.7402456706672704e-04, 1.6723377599326752e-03,
          -5.0517221018248661e-02, -3.1777360966085438e-02,
          1.2715655216354896e-01, -3.2188898949540391e-02,
          -1.9154324993968783e-02, -2.5768088584888424e-02,
          -2.3587233612667471e-02, 4.6867390739078110e-03,
          1.3300599938545106e-02, 1.7919787463865543e-02,
          1.0280091678259566e-02, -3.2188898949540391e-02,
          2.3636668868967627e-02, 5.8683292506031930e-03,
          9.0135485169374110e-03, 5.5318387441607572e-03,
          2.5490641870692331e-03, -2.6086283380317890e-04,
          9.2968078628152939e-03, 7.2862219425299142e-03,
          -1.9154324993968786e-02, 5.8683292506031930e-03,
          2.7689378726741765e-02, 1.7436854485739736e-03,
