%YAML:1.0
---
groups:
   - intact
   - CD19
intactGmmnames:
   - "intact.634.0"
   - "intact.634.1"
   - "intact.634.2"
   - "intact.634.3"
   - "intact.634.4"
intactLabels:
   - FSC-A
   - SSC-A
   - SY41
   - CD19
   - CD10
   - CD20
   - CD45
   - CD34
   - CD38
intactMu: !!opencv-matrix
   rows: 5
   cols: 9
   dt: d
   data: [ 3.0935093975924159e+00, 3.2579183685780428e+00,
       2.8236024169842033e+00, 1.7793927504759626e+00,
       2.5333209318160574e+00, 1.3464528544105985e+00,
       3.1616965760571811e+00, 1.0931802959094328e+00,
       1.4112171929339639e+00, 1.1626946471972512e+00,
       3.3716396469350668e-01, 2.9640293640534381e+00,
       1.0875874917454982e+00, 9.3043013517197393e-01,
       1.1060808932576121e+00, 3.7002426563241730e+00,
       1.0385617168076322e+00, 1.5896426604532399e+00,
       3.4070927703778677e+00, 2.8660897581462828e+00,
       2.8811456322053348e+00, 1.7309032852312680e+00,
       1.2471386743758641e+00, 1.5220385643139391e+00,
       2.9123876830800413e+00, 1.0917294906754840e+00,
       2.0003163464936646e+00, 1.0686388533758198e+00,
       4.4231668072205932e-01, 3.2945183497739663e+00,
       1.0683663345089609e+00, 9.9669866783173466e-01,
       1.2379465607136055e+00, 1.4866471937753354e+00,
       1.0780543632799759e+00, 1.3562050021197292e+00,
       2.3483903263307093e+00, 1.7476666977955206e+00,
       2.8709619949221050e+00, 1.5051520893749804e+00,
       1.4811292064041974e+00, 1.5184710155831920e+00,
       3.1752742018463520e+00, 1.3228107956391215e+00,
       2.3464382155947723e+00 ]
intactSigma:
   - !!opencv-matrix
      rows: 9
      cols: 9
      dt: d
      data: [ 3.7063961309413279e-01, 2.0203341416870252e-01,
          -1.9785890686954927e-02, 4.2801447487095218e-02,
          -1.2550879167823306e-02, 3.2005062278749517e-02,
          -1.6004670243969246e-02, 2.9255931925163841e-03,
          1.1613365093659333e-02, 2.0203341416870252e-01,
          3.7511312225061605e-01, -6.3519180561330485e-03,
          7.1777629203981841e-02, 3.6090162792773640e-02,
          4.6286398033558086e-02, 9.6058240698540104e-03,
          7.5307569801584939e-03, 3.0542139079792869e-03,
          -1.9785890686954927e-02, -6.3519180561330494e-03,
          5.5308127200273588e-02, -4.0136524567599696e-03,
          -1.3426487018693165e-03, -7.3937127976906152e-05,
          3.1325449858538718e-04, 7.6007525997996586e-04,
          -3.9911644984762032e-03, 4.2801447487095218e-02,
          7.1777629203981855e-02, -4.0136524567599688e-03,
          3.4332807870443537e-02, 6.7240370203383547e-03,
          1.0104042664190479e-02, 1.4728035344188102e-03,
          2.2391334038363185e-03, -8.3895199463767545e-03,
          -1.2550879167823310e-02, 3.6090162792773647e-02,
          -1.3426487018693165e-03, 6.7240370203383547e-03,
          1.0923639589258702e-01, 5.8454332714374978e-04,
          1.8775987811556316e-02, 1.0015058858267589e-03,
          9.4270661537263351e-03, 3.2005062278749510e-02,
          4.6286398033558086e-02, -7.3937127976905529e-05,
          1.0104042664190479e-02, 5.8454332714375000e-04,
          5.6059137022241246e-02, 1.3601808783486749e-03,
          1.9552040744742964e-03, -2.1753423049699718e-03,
          -1.6004670243969246e-02, 9.6058240698540104e-03,
          3.1325449858538690e-04, 1.4728035344188106e-03,
          1.8775987811556316e-02, 1.3601808783486752e-03,
          2.2660921935243578e-02, -1.2103542439238634e-03,
          -6.2340226147930963e-03, 2.9255931925163863e-03,
          7.5307569801584939e-03, 7.6007525997996597e-04,
          2.2391334038363180e-03, 1.0015058858267589e-03,
          1.9552040744742968e-03, -1.2103542439238638e-03,
          9.4759333135022758e-02, 2.4665010541328873e-03,
          1.1613365093659329e-02, 3.0542139079792903e-03,
          -3.9911644984762041e-03, -8.3895199463767545e-03,
          9.4270661537263333e-03, -2.1753423049699710e-03,
          -6.2340226147930972e-03, 2.4665010541328864e-03,
          1.0171542683294170e-01 ]
   - !!opencv-matrix
      rows: 9
      cols: 9
      dt: d
      data: [ 2.2569742150027036e-01, 2.7391940053305815e-02,
          -8.6349252482828334e-02, 1.2764908076043939e-02,
          3.1824398910048862e-03, 2.1241893896431708e-02,
          3.5018375301075433e-02, -1.8794451924142096e-03,
          -3.0074104909580700e-02, 2.7391940053305815e-02,
          1.2942096585611591e-02, -1.0700817433420643e-02,
          4.5331204620648576e-03, 4.3609616522114073e-03,
          1.1939115290040804e-02, 7.9419304861942618e-03,
          9.8628947947955199e-04, -8.2803072939717382e-03,
          -8.6349252482828334e-02, -1.0700817433420641e-02,
          5.3678085216802368e-02, -5.4966935037944753e-03,
          4.2782321806708834e-04, -5.2423513216372092e-03,
          -1.5236182444707157e-02, 3.0839045586846399e-03,
          1.0963477816000294e-02, 1.2764908076043939e-02,
          4.5331204620648576e-03, -5.4966935037944779e-03,
          3.0321889363064018e-02, 1.7088056561187187e-03,
          5.2546109102827535e-03, 1.7738423424519276e-03,
          3.3389853518637699e-03, -6.6402650081499133e-03,
          3.1824398910048879e-03, 4.3609616522114064e-03,
          4.2782321806708807e-04, 1.7088056561187183e-03,
          5.2435411723641488e-02, -2.9584941744269607e-04,
          2.0095644056330100e-03, -4.6241106745692276e-03,
          -4.1960100123865978e-03, 2.1241893896431701e-02,
          1.1939115290040804e-02, -5.2423513216372074e-03,
          5.2546109102827535e-03, -2.9584941744269585e-04,
          9.0217941176114730e-02, 8.4769005540310648e-03,
          1.0266239776811972e-03, -1.7001357372592216e-02,
          3.5018375301075433e-02, 7.9419304861942618e-03,
          -1.5236182444707157e-02, 1.7738423424519271e-03,
          2.0095644056330104e-03, 8.4769005540310648e-03,
          1.4039136494313383e-02, -1.8930959967770565e-03,
          -1.0466067181754362e-02, -1.8794451924142124e-03,
          9.8628947947955199e-04, 3.0839045586846395e-03,
          3.3389853518637712e-03, -4.6241106745692285e-03,
          1.0266239776811972e-03, -1.8930959967770567e-03,
          1.7415658030496742e-01, 6.4916364450461677e-03,
          -3.0074104909580710e-02, -8.2803072939717365e-03,
          1.0963477816000298e-02, -6.6402650081499150e-03,
          -4.1960100123865952e-03, -1.7001357372592216e-02,
          -1.0466067181754359e-02, 6.4916364450461695e-03,
          2.0035830740548036e-01 ]
   - !!opencv-matrix
      rows: 9
      cols: 9
      dt: d
      data: [ 4.4161943092303901e-01, 2.7571307608653900e-01,
          -1.8207947855142032e-02, 5.8630135813052375e-02,
          3.3493220954693369e-03, -8.7733667280338063e-03,
          -2.9149774547562205e-03, 1.5597526995013305e-03,
          -1.5614537891490049e-01, 2.7571307608653900e-01,
          5.7645226633450575e-01, -2.3399995591127862e-02,
          1.0961719484761574e-01, 6.0193620972266736e-02,
          4.2351316717840565e-02, 3.0932354289854830e-02,
          6.2821264366137095e-03, -5.5269649495000440e-02,
          -1.8207947855142036e-02, -2.3399995591127855e-02,
          4.8578149570820336e-02, -5.2966365732074689e-03,
          3.7846067401216439e-03, 1.4678036133290230e-02,
          -2.8221669673587709e-03, 2.6840160848715482e-03,
          4.4402414287900177e-02, 5.8630135813052375e-02,
          1.0961719484761574e-01, -5.2966365732074706e-03,
          4.0411255824556479e-02, 1.1771279487895569e-02,
          8.7857032324009689e-03, 4.5991957010489163e-03,
          1.8966801913371746e-03, -1.5845745254239593e-02,
          3.3493220954693361e-03, 6.0193620972266722e-02,
          3.7846067401216452e-03, 1.1771279487895572e-02,
          7.8498931626189164e-02, 1.9708890870967111e-02,
          1.0345446636182023e-02, 2.6766163576633670e-03,
