%YAML:1.0
---
groups:
   - intact
   - CD19
   - blast
intactGmmnames:
   - "intact.635.0"
   - "intact.635.1"
   - "intact.635.2"
   - "intact.635.3"
   - "intact.635.4"
intactLabels:
   - FSC-A
   - SSC-A
   - SY41
   - CD19
   - CD10
   - CD20
   - CD45
   - CD34
   - CD38
intactMu: !!opencv-matrix
   rows: 5
   cols: 9
   dt: d
   data: [ 1.2978465730942190e+00, 3.1877058019715454e-01,
       3.0701158351349940e+00, 1.0189860248148741e+00,
       9.0728997311991177e-01, 9.5447963336651287e-01,
       3.7526968931974403e+00, 1.0811512043113982e+00,
       1.6025847882856754e+00, 2.5403232682598555e+00,
       3.3395058374586903e+00, 2.9781844434423626e+00,
       1.7420374644259697e+00, 2.7127180561621760e+00,
       1.3331441770345074e+00, 2.9951066054776883e+00,
       1.1606384380680361e+00, 1.6919660268138288e+00,
       1.5239316161437828e+00, 5.3069180388716286e-01,
       2.6841144680001161e+00, 1.1190728286963074e+00,
       9.4574004824592017e-01, 9.5569248504188353e-01,
       3.7244734125015801e+00, 1.1674369004928065e+00,
       2.9538541004684076e+00, 2.1363491792099172e+00,
       2.1090366909073772e+00, 3.1180965308563797e+00,
       1.4284888797000115e+00, 1.9186759041394579e+00,
       1.4001705200026962e+00, 2.8613262763922904e+00,
       1.3095926174181012e+00, 2.0696048637628635e+00,
       1.3185186668023712e+00, 5.1314585115637523e-01,
       2.0609144030561009e+00, 1.1477829063424523e+00,
       1.0117116228926188e+00, 9.4675537659774489e-01,
       1.5824529492944730e+00, 1.1797745947086056e+00,
       1.3427485335551286e+00 ]
intactSigma:
   - !!opencv-matrix
      rows: 9
      cols: 9
      dt: d
      data: [ 6.6374595050091079e-02, 1.7402423249571475e-02,
          -5.2870036222529601e-02, 1.5312846904569190e-02,
          7.3416799723273760e-03, 1.2364219535063165e-02,
          1.4836074126989297e-02, 4.8479804559298684e-04,
          -8.8977706164940305e-03, 1.7402423249571475e-02,
          1.5544308434536537e-02, -2.7495594854046297e-02,
          8.1268354795213885e-03, 5.5022479519831182e-03,
          1.0896729015486410e-02, 1.0796621650517894e-02,
          9.0878201159994758e-04, -8.6611184804003278e-03,
          -5.2870036222529601e-02, -2.7495594854046294e-02,
          1.3414980971143503e-01, -3.3007745268328628e-02,
          -1.7008283695965604e-02, -1.8489789708674789e-02,
          -2.7439532572358184e-02, 3.1022210345151864e-04,
          2.1736296585544816e-02, 1.5312846904569190e-02,
          8.1268354795213885e-03, -3.3007745268328628e-02,
          3.9262959615856616e-02, 5.3425162687750398e-03,
          6.9997939947707439e-03, 6.3293260324928380e-03,
          2.4368513068572725e-03, -7.6940519187163100e-03,
          7.3416799723273734e-03, 5.5022479519831165e-03,
          -1.7008283695965607e-02, 5.3425162687750398e-03,
          4.0120917484308544e-02, -4.3812722775874027e-04,
          4.7322563677262720e-03, -6.4085464189905239e-03,
          -4.5115881196275964e-03, 1.2364219535063167e-02,
          1.0896729015486410e-02, -1.8489789708674792e-02,
          6.9997939947707439e-03, -4.3812722775874049e-04,
          7.6558902874947196e-02, 8.3570171920952993e-03,
          8.5139679654513197e-05, -1.5340040007133076e-02,
          1.4836074126989297e-02, 1.0796621650517894e-02,
          -2.7439532572358184e-02, 6.3293260324928397e-03,
          4.7322563677262711e-03, 8.3570171920952976e-03,
          1.6237004263031183e-02, -1.5017328584412352e-03,
          -9.9600626116579157e-03, 4.8479804559298700e-04,
          9.0878201159994715e-04, 3.1022210345151805e-04,
          2.4368513068572738e-03, -6.4085464189905222e-03,
          8.5139679654513698e-05, -1.5017328584412352e-03,
          1.4603492028032680e-01, 5.5795031621048439e-03,
          -8.8977706164940270e-03, -8.6611184804003278e-03,
          2.1736296585544816e-02, -7.6940519187163065e-03,
          -4.5115881196275947e-03, -1.5340040007133073e-02,
          -9.9600626116579192e-03, 5.5795031621048447e-03,
          1.7156981112794570e-01 ]
   - !!opencv-matrix
      rows: 9
      cols: 9
      dt: d
      data: [ 2.0897486080165878e-01, 1.2832226547797879e-01,
          -2.2123554473266416e-02, 3.1523786007577374e-02,
          -1.9749028433537409e-02, 1.9601062105002360e-02,
          -1.3900020525973644e-02, 2.1736886710124110e-03,
          1.6319390262221446e-02, 1.2832226547797879e-01,
          3.4177810118010732e-01, -4.9463417828888287e-02,
          7.4930728651810399e-02, 3.3471497534443347e-02,
          4.1819088627407519e-02, 1.9211090461181735e-02,
          7.6808513227018824e-03, 3.0886182063773356e-02,
          -2.2123554473266416e-02, -4.9463417828888301e-02,
          1.0415817514250167e-01, -2.5178489889043136e-02,
          -1.4426993408097199e-02, -7.9172798766622161e-03,
          -1.0448141415178035e-02, -1.0858557022183821e-03,
          -6.6327035235152062e-03, 3.1523786007577381e-02,
          7.4930728651810399e-02, -2.5178489889043136e-02,
          3.8409424561222212e-02, 8.8355586264867933e-03,
          1.0062190384556852e-02, 4.7245006888730918e-03,
          2.6367829018675913e-03, 1.0002551110623978e-03,
          -1.9749028433537406e-02, 3.3471497534443347e-02,
          -1.4426993408097204e-02, 8.8355586264867933e-03,
          8.6284739559939233e-02, 5.1410478429399342e-03,
          2.6653957994465783e-02, 4.0297577866762772e-03,
          8.5377826300928397e-04, 1.9601062105002363e-02,
          4.1819088627407519e-02, -7.9172798766622161e-03,
          1.0062190384556852e-02, 5.1410478429399342e-03,
          4.4203927940878934e-02, 2.8945796333671612e-03,
          1.7125481507515084e-03, 4.5024337489887132e-03,
          -1.3900020525973640e-02, 1.9211090461181735e-02,
          -1.0448141415178034e-02, 4.7245006888730927e-03,
          2.6653957994465783e-02, 2.8945796333671612e-03,
          2.8929740283586462e-02, 3.2393681307186833e-04,
          -9.1047560191279337e-04, 2.1736886710124114e-03,
          7.6808513227018807e-03, -1.0858557022183813e-03,
          2.6367829018675896e-03, 4.0297577866762772e-03,
          1.7125481507515078e-03, 3.2393681307186801e-04,
          6.2039861629364479e-02, 2.3584066590229512e-03,
          1.6319390262221446e-02, 3.0886182063773356e-02,
          -6.6327035235152045e-03, 1.0002551110623982e-03,
          8.5377826300928430e-04, 4.5024337489887123e-03,
          -9.1047560191279337e-04, 2.3584066590229503e-03,
          7.5236657202960008e-02 ]
   - !!opencv-matrix
      rows: 9
      cols: 9
      dt: d
      data: [ 3.9666066240990297e-02, 4.3645263124683954e-03,
          -7.3277709176464995e-03, 3.1163955178158619e-03,
          2.0443975237138730e-04, 3.1562137622703993e-03,
          4.4892424606578148e-04, 1.6070741552877976e-03,
          -6.1257194543910517e-04, 4.3645263124683954e-03,
          9.7516151017267415e-03, -3.2605560330583238e-03,
          2.9769976765289248e-03, 2.2256644756001691e-03,
          5.1104348470031999e-03, 2.7268127553274064e-03,
          2.1348946748979518e-03, 8.2814781868563361e-03,
          -7.3277709176464995e-03, -3.2605560330583243e-03,
          1.2301601965848714e-01, -2.2634931736835791e-02,
          -1.0022459554718669e-02, -3.1612531878568977e-03,
          -3.4067562171300413e-03, 2.3227056188409445e-04,
          -4.2482499365331114e-03, 3.1163955178158615e-03,
          2.9769976765289239e-03, -2.2634931736835791e-02,
          3.5911785178781859e-02, 3.7970252011417477e-03,
          2.1878120411712668e-03, 7.7192470274719762e-05,
          2.5836103798026000e-03, 4.1641592234573999e-03,
          2.0443975237138714e-04, 2.2256644756001687e-03,
          -1.0022459554718669e-02, 3.7970252011417477e-03,
          3.8578301433261797e-02, -3.0652021713339752e-03,
