%YAML:1.0
---
groups:
   - intact
   - CD19
intactGmmnames:
   - "intact.637.0"
   - "intact.637.1"
   - "intact.637.2"
   - "intact.637.3"
   - "intact.637.4"
intactLabels:
   - FSC-A
   - SSC-A
   - SY41
   - CD19
   - CD10
   - CD20
   - CD45
   - CD34
   - CD38
intactMu: !!opencv-matrix
   rows: 5
   cols: 9
   dt: d
   data: [ 1.0883678058504069e+00, 5.8616124127131808e-01,
       3.1539468424270276e+00, 1.0541976634098942e+00,
       1.1708601903772502e+00, 1.0749700102618505e+00,
       1.3773684298653073e+00, 1.0703031869974609e+00,
       1.6182759849615622e+00, 1.8470960638039624e+00,
       6.4977336946453568e-01, 2.8950667018118765e+00,
       1.0947655436390473e+00, 9.7487793210317020e-01,
       1.1093008153708104e+00, 3.7046671245610630e+00,
       1.0819469687521954e+00, 1.8656028054871145e+00,
       1.8624541882410286e+00, 1.5143403478588264e+00,
       3.0048497116056012e+00, 1.5046696751744388e+00,
       1.3817012947497258e+00, 1.5332743368720771e+00,
       2.5241691692208850e+00, 1.7498130851256557e+00,
       1.7892274722884896e+00, 1.3041051940494108e+00,
       3.3475359294125984e-01, 3.4919989162289964e+00,
       9.3379038323808494e-01, 8.9259691906340410e-01,
       1.0351880947604708e+00, 3.5138522621671870e+00,
       1.0880157087334139e+00, 1.6954280159327355e+00,
       2.3128790629900657e+00, 3.5641349270664038e+00,
       2.9669967597738154e+00, 1.5736026611392160e+00,
       2.5999298252881871e+00, 1.1781617031946274e+00,
       2.9805668629409356e+00, 1.3753918548712698e+00,
       1.6386039133181181e+00 ]
intactSigma:
   - !!opencv-matrix
      rows: 9
      cols: 9
      dt: d
      data: [ 1.0512095217095009e-01, 3.6207958613634406e-02,
          -3.4404806455514650e-02, 1.3999112977737984e-02,
          2.9487237088161485e-02, 2.6207887001019167e-02,
          2.2486516388657635e-02, 1.2479073318440847e-03,
          6.3068400924102359e-04, 3.6207958613634406e-02,
          6.6503332231689374e-02, 4.5395727233127721e-03,
          1.2280377607803398e-02, 3.5731092369717402e-02,
          3.9872255494339141e-02, 2.9019271476558577e-02,
          5.6735893961431605e-03, 1.1278755051266495e-03,
          -3.4404806455514636e-02, 4.5395727233127712e-03,
          2.2876061057110000e-01, -5.2889572343925509e-02,
          4.7146646540872942e-03, 7.0013989870916539e-03,
          -5.6694181984256456e-03, 5.1867998774807293e-03,
          5.7196736260137510e-03, 1.3999112977737982e-02,
          1.2280377607803398e-02, -5.2889572343925509e-02,
          2.7196070994802889e-02, 1.0782479841063711e-02,
          8.8992729720246029e-03, 9.3682714052482248e-03,
          2.4879910800167135e-05, -2.5614980000627425e-03,
          2.9487237088161481e-02, 3.5731092369717402e-02,
          4.7146646540872925e-03, 1.0782479841063711e-02,
          1.4498191004012476e-01, 1.9727721905028545e-02,
          3.0613518255846239e-02, 2.2388062366653040e-03,
          1.6676001894033272e-03, 2.6207887001019167e-02,
          3.9872255494339141e-02, 7.0013989870916582e-03,
          8.8992729720246029e-03, 1.9727721905028545e-02,
          9.4659891766374751e-02, 2.0369833050401270e-02,
          4.2061803570707258e-03, 8.1331919500004233e-04,
          2.2486516388657635e-02, 2.9019271476558577e-02,
          -5.6694181984256464e-03, 9.3682714052482283e-03,
          3.0613518255846239e-02, 2.0369833050401274e-02,
          1.4275447748726930e-01, 4.3321657544289695e-05,
          3.8228794400854465e-04, 1.2479073318440853e-03,
          5.6735893961431614e-03, 5.1867998774807302e-03,
          2.4879910800167108e-05, 2.2388062366653040e-03,
          4.2061803570707258e-03, 4.3321657544290542e-05,
          3.1667809411158571e-02, 3.9034098829693342e-04,
          6.3068400924102370e-04, 1.1278755051266495e-03,
          5.7196736260137510e-03, -2.5614980000627425e-03,
          1.6676001894033276e-03, 8.1331919500004233e-04,
          3.8228794400854465e-04, 3.9034098829693358e-04,
          1.9642561339689455e-03 ]
   - !!opencv-matrix
      rows: 9
      cols: 9
      dt: d
      data: [ 1.0309461347269247e-01, 2.1993811967884518e-02,
          -4.5954133404066698e-02, 1.2922101002159084e-02,
          4.1434020402429366e-03, 5.0048091046788791e-03,
          5.4151443007078165e-03, -3.9832849348310669e-04,
          -1.1023804896959860e-02, 2.1993811967884518e-02,
          3.9212161366198185e-02, -3.1770484126701456e-02,
          1.1241072535090855e-02, 8.2341507965911186e-03,
          9.1337526327196338e-03, 6.3940793486351758e-03,
          2.3530770384019234e-03, 1.7350175375386467e-02,
          -4.5954133404066698e-02, -3.1770484126701456e-02,
          1.4039921199403205e-01, -2.3791767515805019e-02,
          -1.0443102197490627e-02, 1.6554304126191366e-03,
          -1.1557640598466460e-02, 7.2310592730737986e-03,
          -2.2665012725700024e-03, 1.2922101002159084e-02,
          1.1241072535090855e-02, -2.3791767515805019e-02,
          3.1165333239000510e-02, 3.3204716965620240e-03,
          1.7410316149241043e-03, 1.5859923576973733e-03,
          3.4522415993260280e-03, 1.6327692780943538e-03,
          4.1434020402429366e-03, 8.2341507965911186e-03,
          -1.0443102197490627e-02, 3.3204716965620235e-03,
          4.9114542387834734e-02, -1.3084688035241239e-03,
          2.9099528290644815e-03, -5.0324793963668450e-03,
          -4.0659925522880617e-03, 5.0048091046788800e-03,
          9.1337526327196356e-03, 1.6554304126191377e-03,
          1.7410316149241043e-03, -1.3084688035241239e-03,
          7.2939018859526653e-02, 2.6992266199716941e-03,
          3.3078545383924374e-04, -1.4234738556689070e-02,
          5.4151443007078165e-03, 6.3940793486351750e-03,
          -1.1557640598466458e-02, 1.5859923576973733e-03,
          2.9099528290644815e-03, 2.6992266199716945e-03,
          1.2508555853125863e-02, -3.6729690685399149e-03,
          -1.1613320447734424e-02, -3.9832849348310555e-04,
          2.3530770384019239e-03, 7.2310592730737968e-03,
          3.4522415993260298e-03, -5.0324793963668450e-03,
          3.3078545383924407e-04, -3.6729690685399141e-03,
          1.7672651705283338e-01, 8.6537767966359778e-03,
          -1.1023804896959862e-02, 1.7350175375386467e-02,
          -2.2665012725700011e-03, 1.6327692780943529e-03,
          -4.0659925522880625e-03, -1.4234738556689068e-02,
          -1.1613320447734424e-02, 8.6537767966359726e-03,
          1.5973760807236495e-01 ]
   - !!opencv-matrix
      rows: 9
      cols: 9
      dt: d
      data: [ 6.6980260487759280e-01, 3.6583030709741465e-01,
          -1.4181098940410700e-02, 2.3052791522542318e-04,
          2.0392037407143581e-02, 1.2468294470136011e-02,
          1.3980030129945550e-01, -8.1532381833403639e-02,
          6.8464397590933923e-02, 3.6583030709741471e-01,
          6.7911628787064038e-01, 5.9851260430995191e-03,
          6.3971827480037588e-02, 1.0478336618246231e-01,
          6.3847306570464585e-02, 4.1572751721787142e-02,
          -4.6291399405359694e-02, 5.0727717699715950e-02,
          -1.4181098940410697e-02, 5.9851260430995208e-03,
          3.9562252420340688e-01, -9.8566149525710633e-02,
          6.4037994592437877e-02, 9.3396316815421751e-02,
          1.4691094529874363e-01, -8.2482681574709976e-02,
          4.6074677902414173e-02, 2.3052791522542492e-04,
          6.3971827480037588e-02, -9.8566149525710647e-02,
          2.2469965162001793e-01, 2.3676231160429117e-02,
          1.0553687957321579e-01, 6.7852104397046420e-02,
          1.7122105909605853e-01, -3.4285241705914772e-03,
          2.0392037407143574e-02, 1.0478336618246230e-01,
          6.4037994592437864e-02, 2.3676231160429124e-02,
          2.0747330831449862e-01, 7.6688778834753030e-02,
          1.3030623317181500e-02, 3.2536652080417588e-02,
