%YAML:1.0
---
groups:
   - intact
   - CD19
   - blast
intactGmmnames:
   - "intact.641.0"
   - "intact.641.1"
   - "intact.641.2"
   - "intact.641.3"
   - "intact.641.4"
intactLabels:
   - FSC-A
   - SSC-A
   - SY41
   - CD19
   - CD10
   - CD20
   - CD45
   - CD34
   - CD38
intactMu: !!opencv-matrix
   rows: 5
   cols: 9
   dt: d
   data: [ 1.3634100438085579e+00, 2.9174383992147668e-01,
       3.1662297043260641e+00, 1.0032547543536130e+00,
       9.4029302565873552e-01, 1.1040313909246995e+00,
       3.6938340033345614e+00, 1.1050118873845709e+00,
       1.8381981093252513e+00, 3.0213772489625641e+00,
       3.1659085511935547e+00, 2.9980025013532154e+00,
       1.7151920217227712e+00, 2.2905947649550686e+00,
       1.3448422968694447e+00, 2.6832167609824822e+00,
       1.1611562568858731e+00, 1.7304475097610656e+00,
       1.5949501169995750e+00, 4.8206217850552269e-01,
       2.8049502252873508e+00, 1.0821052570535359e+00,
       9.8587114711200219e-01, 1.1382303907844311e+00,
       3.8187941883577383e+00, 1.1283706534118627e+00,
       1.9520746673426379e+00, 1.2594844348765211e+00,
       4.7901091311927263e-01, 2.9539330937492978e+00,
       1.0285314825848899e+00, 1.5882149604516493e+00,
       1.1575469885904273e+00, 1.6775927464245197e+00,
       1.1218440863116803e+00, 1.7365149717767761e+00,
       2.2957396883620982e+00, 1.4926350582755681e+00,
       3.0354658605282032e+00, 1.3302608011512536e+00,
       1.7018904376150061e+00, 1.4789640547487684e+00,
       3.0038159729353748e+00, 1.3715845011026782e+00,
       2.1594954166254055e+00 ]
intactSigma:
   - !!opencv-matrix
      rows: 9
      cols: 9
      dt: d
      data: [ 4.2722720433513127e-02, 4.5338648726676650e-03,
          -1.5939665185860836e-02, 6.4759609778796611e-03,
          3.4927551821690023e-03, 6.7595370111202240e-03,
          5.2468361254201807e-03, -9.5630362761574094e-05,
          -8.8720533081223260e-04, 4.5338648726676659e-03,
          4.8686647164264442e-03, -4.3581500196115883e-03,
          2.8180294122380537e-03, 2.9157776522106852e-03,
          7.2538023708463208e-03, 2.6286520030131370e-03,
          3.6034501415753445e-04, -2.7612677591603565e-03,
          -1.5939665185860836e-02, -4.3581500196115883e-03,
          2.8956624283247905e-02, -8.3956221531835788e-03,
          -4.7555690343093629e-03, -5.2190374863537595e-03,
          -6.3991688187209524e-03, 9.2347757949765334e-04,
          3.2463391128352164e-03, 6.4759609778796603e-03,
          2.8180294122380533e-03, -8.3956221531835754e-03,
          3.2952396172925461e-02, 2.6726717641501660e-03,
          5.8306241151699113e-03, 1.7559672964201345e-03,
          2.0998984594541373e-03, -4.0706206973509153e-03,
          3.4927551821690018e-03, 2.9157776522106852e-03,
          -4.7555690343093638e-03, 2.6726717641501652e-03,
          4.4041412379860277e-02, 1.1565934210589711e-03,
          2.4180869509379623e-03, -5.0090606209615392e-03,
          -2.7426319752478817e-03, 6.7595370111202240e-03,
          7.2538023708463182e-03, -5.2190374863537595e-03,
          5.8306241151699105e-03, 1.1565934210589707e-03,
          7.9845558677547918e-02, 3.5359910344705419e-03,
          1.7444932010339054e-03, -6.9482267128126839e-03,
          5.2468361254201807e-03, 2.6286520030131366e-03,
          -6.3991688187209524e-03, 1.7559672964201345e-03,
          2.4180869509379623e-03, 3.5359910344705419e-03,
          7.2483442871973947e-03, -1.7571734986789758e-03,
          -3.3549692399911278e-03, -9.5630362761574365e-05,
          3.6034501415753445e-04, 9.2347757949765290e-04,
          2.0998984594541377e-03, -5.0090606209615383e-03,
          1.7444932010339061e-03, -1.7571734986789758e-03,
          1.2847301054553850e-01, 9.4358169520847941e-04,
          -8.8720533081223293e-04, -2.7612677591603565e-03,
          3.2463391128352156e-03, -4.0706206973509153e-03,
          -2.7426319752478822e-03, -6.9482267128126848e-03,
          -3.3549692399911287e-03, 9.4358169520847974e-04,
          3.7944693512605834e-02 ]
   - !!opencv-matrix
      rows: 9
      cols: 9
      dt: d
      data: [ 2.6001408600859471e-01, 1.3434771721901898e-01,
          -1.2945740050808414e-02, 3.2123485691444228e-02,
          -3.4453219031980127e-02, 2.5047836722662462e-02,
          -1.9236692861193987e-02, 2.2358805045853396e-03,
          3.7826994703004943e-03, 1.3434771721901900e-01,
          3.7138962420309890e-01, -5.5518104339602942e-02,
          8.2465561348260788e-02, 3.8926449794414349e-02,
          4.3603197962514557e-02, 7.1107142537631240e-03,
          8.0808638163849221e-03, 3.2725948805388109e-03,
          -1.2945740050808415e-02, -5.5518104339602942e-02,
          6.7886200027260493e-02, -1.9773688666940473e-02,
          -1.1312776563082411e-02, -3.8366841629474359e-03,
          -5.7780345072651887e-03, 7.5364264221079236e-04,
          -7.3871969315440799e-04, 3.2123485691444228e-02,
          8.2465561348260788e-02, -1.9773688666940473e-02,
          3.8398657998996839e-02, 8.8206198943526198e-03,
          9.9002420512033663e-03, 1.6011808859446811e-03,
          2.3212554788220189e-03, -2.2584408461549122e-03,
          -3.4453219031980127e-02, 3.8926449794414349e-02,
          -1.1312776563082411e-02, 8.8206198943526180e-03,
          1.2076493192434695e-01, 1.2874018483687991e-03,
          3.2967330258894770e-02, 1.8520372050639710e-03,
          -3.4659239586603756e-03, 2.5047836722662462e-02,
          4.3603197962514557e-02, -3.8366841629474350e-03,
          9.9002420512033663e-03, 1.2874018483688000e-03,
          4.3176306830571366e-02, 7.8751002126274444e-04,
          8.0051423719666671e-04, 1.1930592064712869e-03,
          -1.9236692861193987e-02, 7.1107142537631231e-03,
          -5.7780345072651878e-03, 1.6011808859446811e-03,
          3.2967330258894770e-02, 7.8751002126274390e-04,
          4.5350977990767281e-02, -1.2883740150907519e-03,
          -2.4757361297311300e-03, 2.2358805045853396e-03,
          8.0808638163849221e-03, 7.5364264221079345e-04,
          2.3212554788220197e-03, 1.8520372050639705e-03,
          8.0051423719666704e-04, -1.2883740150907517e-03,
          4.4952165551007235e-02, 3.5068040459039702e-04,
          3.7826994703004952e-03, 3.2725948805388118e-03,
          -7.3871969315440777e-04, -2.2584408461549118e-03,
          -3.4659239586603751e-03, 1.1930592064712869e-03,
          -2.4757361297311300e-03, 3.5068040459039702e-04,
          1.0244639464532277e-02 ]
   - !!opencv-matrix
      rows: 9
      cols: 9
      dt: d
      data: [ 6.8133539638475973e-02, 1.6918486201614995e-02,
          -3.8898230360020762e-02, 1.2836721561895650e-02,
          4.1616743350169532e-03, 1.0159140704049021e-02,
          8.2899453409229548e-03, 5.7603827123501358e-04,
          -9.1198442408330707e-03, 1.6918486201614995e-02,
          2.1122904930062806e-02, -2.7453491438399012e-02,
          1.1277898953022662e-02, 5.7013976749220718e-03,
          1.1102683788586943e-02, 8.5455824922617135e-03,
          2.7087814335660224e-05, -2.1436847615215545e-03,
          -3.8898230360020762e-02, -2.7453491438399008e-02,
          1.4044638383070213e-01, -3.6195420940179072e-02,
          -1.5107598006437243e-02, -9.1345957847326839e-03,
          -2.0496431292447617e-02, 3.6159606653520999e-03,
          1.0583053676481097e-02, 1.2836721561895649e-02,
          1.1277898953022662e-02, -3.6195420940179072e-02,
          5.3301611785454658e-02, 6.3988907980581438e-03,
          6.6436209508680443e-03, 5.4807106637116219e-03,
          3.2293092889096368e-03, -4.3938701427342752e-03,
          4.1616743350169540e-03, 5.7013976749220726e-03,
          -1.5107598006437243e-02, 6.3988907980581438e-03,
          4.6393956192933856e-02, 2.7573101732327897e-04,
