%YAML:1.0
---
groups:
   - intact
   - CD19
intactGmmnames:
   - "intact.642.0"
   - "intact.642.1"
   - "intact.642.2"
   - "intact.642.3"
   - "intact.642.4"
intactLabels:
   - FSC-A
   - SSC-A
   - SY41
   - CD19
   - CD10
   - CD20
   - CD45
   - CD34
   - CD38
intactMu: !!opencv-matrix
   rows: 5
   cols: 9
   dt: d
   data: [ 1.1529137178017970e+00, 4.0932488715078985e-01,
       3.7116209088657413e+00, 9.2787946399115351e-01,
       9.2827146784750258e-01, 1.2096949987599743e+00,
       1.3481400981281781e+00, 1.1002589127578983e+00,
       1.5836602630931398e+00, 2.6700045930819800e+00,
       3.1516339941141718e+00, 3.4223756689964469e+00,
       1.5887458570389912e+00, 2.6616412079405540e+00,
       1.4599155137012572e+00, 3.0175629925631289e+00,
       1.1766046137092159e+00, 1.7522708057660923e+00,
       1.4979444131481112e+00, 3.1230191167583193e-01,
       3.4417022806331246e+00, 1.0718515389679417e+00,
       9.1376638012371725e-01, 1.1644322910821714e+00,
       3.6114707178500112e+00, 1.0769905287346369e+00,
       1.6713062636004483e+00, 1.7923712331161124e+00,
       6.1715811926175623e-01, 3.1432769567059990e+00,
       1.1642485582938595e+00, 9.7541011555558754e-01,
       1.1804758787438601e+00, 3.7373911049198356e+00,
       1.1322758348447832e+00, 2.4828388756246484e+00,
       2.0131260469811179e+00, 1.9096872369334801e+00,
       2.6883922185130871e+00, 1.4916424889506112e+00,
       1.7004016272782874e+00, 1.3458118219045805e+00,
       2.0071183978173730e+00, 1.3572895585310791e+00,
       1.5523429383822185e+00 ]
intactSigma:
   - !!opencv-matrix
      rows: 9
      cols: 9
      dt: d
      data: [ 1.8865107237518658e-01, 4.0978492930446926e-02,
          -9.3597067047042296e-03, 1.6995379279858780e-02,
          2.5657502229039914e-02, 5.4187901472903768e-02,
          2.3847126578665646e-02, 3.4819619365043190e-03,
          9.1706715958741452e-03, 4.0978492930446919e-02,
          3.3935729786940143e-02, 6.4082981626149386e-03,
          2.3497124573793261e-03, 1.4843442776638209e-02,
          3.1608050238915393e-02, 9.8052330816011252e-03,
          5.4342460500097136e-03, 4.9209457192963329e-03,
          -9.3597067047042279e-03, 6.4082981626149386e-03,
          1.7846258918089919e-01, -8.0002606099290288e-02,
          -4.0065211014296581e-02, -1.6796112395731527e-03,
          -9.0220875331042203e-03, 3.6663344811616438e-03,
          1.5717053218850637e-02, 1.6995379279858773e-02,
          2.3497124573793266e-03, -8.0002606099290288e-02,
          4.9690521200647132e-02, 2.5834638285263254e-02,
          9.8984028496378121e-03, 6.5274987020284940e-03,
          -9.7395165820559390e-04, -7.9018227072893740e-03,
          2.5657502229039911e-02, 1.4843442776638210e-02,
          -4.0065211014296581e-02, 2.5834638285263254e-02,
          6.1784036346467508e-02, 1.9749879782038210e-02,
          1.1095733983229487e-02, 2.4104917485604426e-03,
          -2.0522298161989622e-03, 5.4187901472903768e-02,
          3.1608050238915393e-02, -1.6796112395731527e-03,
          9.8984028496378121e-03, 1.9749879782038213e-02,
          1.1092167498982257e-01, 1.2897015822065453e-02,
          4.9283273927220499e-03, 4.2604326948527003e-03,
          2.3847126578665646e-02, 9.8052330816011217e-03,
          -9.0220875331042168e-03, 6.5274987020284949e-03,
          1.1095733983229487e-02, 1.2897015822065453e-02,
          3.7976527666954800e-02, 1.5675273374362725e-03,
          1.8554911998515319e-03, 3.4819619365043181e-03,
          5.4342460500097127e-03, 3.6663344811616459e-03,
          -9.7395165820559390e-04, 2.4104917485604426e-03,
          4.9283273927220499e-03, 1.5675273374362720e-03,
          2.9188346715481414e-02, 1.1384355060374514e-03,
          9.1706715958741452e-03, 4.9209457192963329e-03,
          1.5717053218850637e-02, -7.9018227072893740e-03,
          -2.0522298161989613e-03, 4.2604326948527003e-03,
          1.8554911998515317e-03, 1.1384355060374508e-03,
          9.8432067482295531e-03 ]
   - !!opencv-matrix
      rows: 9
      cols: 9
      dt: d
      data: [ 4.2088616629293490e-01, 1.8777108741209053e-01,
          -3.7460044575833275e-02, 3.8634906155547433e-02,
          -1.3369748628665693e-02, 1.5220245061820740e-02,
          2.4384330080509820e-02, -6.9038081044525247e-03,
          1.3575830071428789e-02, 1.8777108741209059e-01,
          6.1950686516806042e-01, -4.9616428274372237e-02,
          1.1212464972358900e-01, 2.0380498069700156e-01,
          -1.7062664406155427e-02, 4.8733236997486273e-02,
          -5.3259703195415405e-02, -1.0142374853093633e-01,
          -3.7460044575833282e-02, -4.9616428274372251e-02,
          1.2891611645766346e-01, -4.9611855189474981e-02,
          -1.1886255850526923e-02, -8.6984971661418294e-04,
          -2.9882993356802990e-02, 5.4935695572793375e-03,
          -5.3073416591575663e-03, 3.8634906155547433e-02,
          1.1212464972358900e-01, -4.9611855189474995e-02,
          9.0565190415612187e-02, 3.7947476925767616e-02,
          1.1758403949909700e-02, 2.2149928500839876e-02,
          -4.0375091630601720e-03, -4.6277019255243869e-03,
          -1.3369748628665679e-02, 2.0380498069700156e-01,
          -1.1886255850526918e-02, 3.7947476925767616e-02,
          2.8103323993646118e-01, -3.2539950735371269e-02,
          4.7230443408391644e-02, -3.4074991765905241e-02,
          -9.4977332650437674e-02, 1.5220245061820740e-02,
          -1.7062664406155427e-02, -8.6984971661418261e-04,
          1.1758403949909700e-02, -3.2539950735371269e-02,
          9.4789636365102098e-02, -2.5454188400527919e-03,
          2.9031908432289772e-02, 3.3902727822419369e-02,
          2.4384330080509820e-02, 4.8733236997486280e-02,
          -2.9882993356802990e-02, 2.2149928500839876e-02,
          4.7230443408391658e-02, -2.5454188400527928e-03,
          1.0608963457445944e-01, -1.2401602439260527e-02,
          1.8389136200723952e-02, -6.9038081044525273e-03,
          -5.3259703195415405e-02, 5.4935695572793375e-03,
          -4.0375091630601703e-03, -3.4074991765905241e-02,
          2.9031908432289772e-02, -1.2401602439260527e-02,
          1.3035816441377224e-01, 3.4591303787104628e-02,
          1.3575830071428789e-02, -1.0142374853093633e-01,
          -5.3073416591575681e-03, -4.6277019255243869e-03,
          -9.4977332650437674e-02, 3.3902727822419369e-02,
          1.8389136200723952e-02, 3.4591303787104628e-02,
          1.3975605992861295e-01 ]
   - !!opencv-matrix
      rows: 9
      cols: 9
      dt: d
      data: [ 1.0964062225790222e-01, 1.1409992592416828e-02,
          -4.5310467813876126e-02, 1.7266820373559651e-02,
          1.1719786640564112e-02, 1.6081992522892951e-02,
          1.2221637928713440e-02, 6.2782417439514733e-04,
          -1.2533054459429954e-02, 1.1409992592416828e-02,
          1.0467689675249178e-02, -8.7045836462600508e-03,
          5.3448977088216268e-03, 6.6279240623576341e-03,
          9.3008872086483910e-03, 5.1319666787200992e-03,
          1.2908864110632531e-03, -5.9901686762709461e-03,
          -4.5310467813876133e-02, -8.7045836462600508e-03,
          5.3307384974543473e-02, -2.0244538292731141e-02,
          -1.2095254584096838e-02, -1.9948643013137413e-02,
          -1.1193758608897713e-02, 2.1762593098351111e-04,
          1.1733971197188553e-02, 1.7266820373559654e-02,
          5.3448977088216268e-03, -2.0244538292731141e-02,
          3.1990162793507033e-02, 6.2223500802764675e-03,
          8.7831192268614487e-03, 4.3977632155745988e-03,
          1.5151845261699981e-03, 3.9774532117752368e-03,
          1.1719786640564112e-02, 6.6279240623576341e-03,
          -1.2095254584096833e-02, 6.2223500802764675e-03,
          4.8468736849231787e-02, 7.8105313615054435e-03,
          3.6117446755950023e-03, -3.4342927039587145e-03,
