%YAML:1.0
---
groups:
   - intact
   - CD19
   - blast
intactGmmnames:
   - "intact.650.0"
   - "intact.650.1"
   - "intact.650.2"
   - "intact.650.3"
   - "intact.650.4"
intactLabels:
   - FSC-A
   - SSC-A
   - SY41
   - CD19
   - CD10
   - CD20
   - CD45
   - CD34
   - CD38
intactMu: !!opencv-matrix
   rows: 5
   cols: 9
   dt: d
   data: [ 1.1278921340049000e+00, 2.1894023316708267e-01,
       3.3293023826213721e+00, 8.6864317848586758e-01,
       8.7230034409241763e-01, 9.2243091533929078e-01,
       3.6042709407806997e+00, 1.0939013778553817e+00,
       1.8780488414174612e+00, 2.5761769348459613e+00,
       3.0306829145000456e+00, 3.2151603513831031e+00,
       1.8450316169327845e+00, 2.5836230583000064e+00,
       1.2142230899689195e+00, 3.1409833975407055e+00,
       1.2300268318760488e+00, 1.5393544997366284e+00,
       1.4141330996405708e+00, 8.1986399493188056e-01,
       3.2963701566067320e+00, 1.1459349896087918e+00,
       1.3743337499087296e+00, 1.3095929122885215e+00,
       2.1141252305937082e+00, 1.2920059175806931e+00,
       1.7398035774295555e+00, 1.6105825066110246e+00,
       4.6809878625732421e-01, 2.9555425405856215e+00,
       1.1265606483405424e+00, 1.1125844465289385e+00,
       1.0566232764143284e+00, 3.7644738389184331e+00,
       1.1073295931988816e+00, 2.1280713942577343e+00,
       1.4408354183975509e+00, 2.5127296449282321e-01,
       3.0823520974690366e+00, 9.7084746499305419e-01,
       9.0171002734334649e-01, 9.6113315513567166e-01,
       3.6455608028380042e+00, 1.0921386370920922e+00,
       1.7778286501674896e+00 ]
intactSigma:
   - !!opencv-matrix
      rows: 9
      cols: 9
      dt: d
      data: [ 7.0215630628838885e-02, 3.3650905855681958e-03,
          -2.6025436288033554e-02, 1.3285184479087308e-02,
          4.5506636221668596e-03, 6.1591770618882593e-03,
          1.3224695559053925e-02, -2.0357755363750391e-03,
          6.0871326023321471e-03, 3.3650905855681958e-03,
          3.9111237212801605e-03, -8.8852837911312346e-04,
          2.1627411166787627e-03, 1.4044363639310715e-03,
          3.9869232288123014e-03, 1.5578009788832332e-03,
          2.1540452406626297e-04, -2.5575126725208611e-03,
          -2.6025436288033554e-02, -8.8852837911312379e-04,
          1.4467874805240175e-02, -7.2446431050776569e-03,
          -2.0922856853936673e-03, -1.0382584982466072e-03,
          -5.7970664291782294e-03, 7.2909193755622641e-04,
          -4.8417725197757435e-03, 1.3285184479087308e-02,
          2.1627411166787627e-03, -7.2446431050776586e-03,
          6.4762844333425829e-02, 1.9598733561880131e-03,
          3.1187500515713236e-03, 2.7140743022771620e-03,
          2.6401597027169376e-03, -5.9633950298795440e-03,
          4.5506636221668614e-03, 1.4044363639310715e-03,
          -2.0922856853936673e-03, 1.9598733561880122e-03,
          3.6899662720793001e-02, -3.5897672265312059e-03,
          1.8020250754041708e-03, -4.7966517595084369e-03,
          -2.5064580258074413e-03, 6.1591770618882593e-03,
          3.9869232288123014e-03, -1.0382584982466070e-03,
          3.1187500515713236e-03, -3.5897672265312050e-03,
          5.9855080068353717e-02, 2.9596937241301467e-03,
          2.0859596064430494e-04, -1.2496751483754858e-02,
          1.3224695559053925e-02, 1.5578009788832332e-03,
          -5.7970664291782294e-03, 2.7140743022771615e-03,
          1.8020250754041706e-03, 2.9596937241301463e-03,
          7.5654071142093309e-03, -2.1447933166040198e-03,
          -1.2678667752472140e-03, -2.0357755363750400e-03,
          2.1540452406626308e-04, 7.2909193755622598e-04,
          2.6401597027169359e-03, -4.7966517595084352e-03,
          2.0859596064430521e-04, -2.1447933166040198e-03,
          1.1567176459077667e-01, 2.9699300525646362e-03,
          6.0871326023321454e-03, -2.5575126725208602e-03,
          -4.8417725197757435e-03, -5.9633950298795457e-03,
          -2.5064580258074409e-03, -1.2496751483754851e-02,
          -1.2678667752472137e-03, 2.9699300525646375e-03,
          1.3805625827900847e-01 ]
   - !!opencv-matrix
      rows: 9
      cols: 9
      dt: d
      data: [ 3.1232394450985251e-01, 1.6263504176852892e-01,
          -2.4464785817130574e-02, 4.0455149000427133e-02,
          -2.6156665215531148e-02, 3.0990488762080350e-02,
          -5.7495236141177257e-03, 2.2284904292842935e-03,
          4.9950615215060669e-03, 1.6263504176852892e-01,
          3.9072284632068194e-01, -5.3096421192179687e-02,
          9.4895801688227116e-02, 5.3359464938931685e-02,
          4.6381309283069730e-02, 3.0439995638848586e-02,
          1.2747076335629872e-02, 1.1008014293403041e-02,
          -2.4464785817130578e-02, -5.3096421192179687e-02,
          3.9540420162612111e-02, -1.7756896589859496e-02,
          -1.6160272308919730e-02, -5.6077708155348460e-03,
          -1.1694428567080303e-02, -8.0383899283940669e-04,
          -4.3552814831253504e-03, 4.0455149000427133e-02,
          9.4895801688227116e-02, -1.7756896589859496e-02,
          4.6453713049292980e-02, 1.5621653645929372e-02,
          1.1536688726157778e-02, 9.4305903656641491e-03,
          3.6130476773934854e-03, -5.0247935794084566e-03,
          -2.6156665215531148e-02, 5.3359464938931699e-02,
          -1.6160272308919730e-02, 1.5621653645929373e-02,
          1.6616470813187489e-01, 2.0767011954054880e-03,
          3.2228387372205902e-02, 6.3302166838002287e-03,
          -8.4465259986500514e-03, 3.0990488762080350e-02,
          4.6381309283069730e-02, -5.6077708155348469e-03,
          1.1536688726157778e-02, 2.0767011954054893e-03,
          5.3701121203479849e-02, 2.6859895522855404e-03,
          3.5674121930095821e-03, 1.6161237865507231e-03,
          -5.7495236141177266e-03, 3.0439995638848576e-02,
          -1.1694428567080303e-02, 9.4305903656641491e-03,
          3.2228387372205909e-02, 2.6859895522855417e-03,
          2.5866242751963763e-02, 4.8550120051659009e-04,
          -3.0172058801301708e-03, 2.2284904292842961e-03,
          1.2747076335629879e-02, -8.0383899283940788e-04,
          3.6130476773934849e-03, 6.3302166838002287e-03,
          3.5674121930095843e-03, 4.8550120051659004e-04,
          8.7103070975961067e-02, 3.0872971845137256e-03,
          4.9950615215060652e-03, 1.1008014293403045e-02,
          -4.3552814831253504e-03, -5.0247935794084540e-03,
          -8.4465259986500497e-03, 1.6161237865507233e-03,
          -3.0172058801301708e-03, 3.0872971845137265e-03,
          5.9857445351038117e-02 ]
   - !!opencv-matrix
      rows: 9
      cols: 9
      dt: d
      data: [ 7.2982280487691431e-01, 4.7940562939481646e-01,
          -6.0553137036128676e-02, 2.4600070120796777e-01,
          1.1906627708231374e-01, 1.4464294179510542e-01,
          4.2570778273504389e-01, 1.4191892195853140e-01,
          1.4719065960775216e-01, 4.7940562939481646e-01,
          6.5779309157644827e-01, -4.6055888737829266e-02,
          3.1768045909746279e-01, 1.4336069046324398e-01,
          1.8262745285387613e-01, 3.1751905403951969e-01,
          1.3911754614997099e-01, 8.0342011535526586e-02,
          -6.0553137036128676e-02, -4.6055888737829266e-02,
          1.6638268793653019e-01, -7.2014095610608328e-02,
          2.7603955906766897e-02, 1.6445613787457070e-02,
          1.9885084301356118e-02, -3.3579002408397104e-02,
          3.8686155769319948e-02, 2.4600070120796777e-01,
          3.1768045909746279e-01, -7.2014095610608328e-02,
          3.0444007287182551e-01, 1.7070634841981525e-01,
          1.5176408281823009e-01, 2.2105477384480213e-01,
          1.1255971011959637e-01, 5.0808092354262702e-02,
          1.1906627708231374e-01, 1.4336069046324401e-01,
          2.7603955906766897e-02, 1.7070634841981525e-01,
          4.6461965754349005e-01, 1.0464056898557149e-01,
