%YAML:1.0
---
groups:
   - intact
   - CD19
   - blast
intactGmmnames:
   - "intact.652.0"
   - "intact.652.1"
   - "intact.652.2"
   - "intact.652.3"
   - "intact.652.4"
intactLabels:
   - FSC-A
   - SSC-A
   - SY41
   - CD19
   - CD10
   - CD20
   - CD45
   - CD34
   - CD38
intactMu: !!opencv-matrix
   rows: 5
   cols: 9
   dt: d
   data: [ 1.1117850733645809e+00, 2.4009036618404875e-01,
       2.9135188814602437e+00, 1.1062733467550154e+00,
       9.7275076094288404e-01, 1.2010018684754540e+00,
       3.6046607861485014e+00, 1.0673454707741838e+00,
       1.7967295328586774e+00, 1.8826302818134790e+00,
       1.9616245977474669e+00, 2.6811407574183206e+00,
       1.7269114576716351e+00, 1.6747202013957045e+00,
       1.7702860750422107e+00, 3.0988278981527184e+00,
       1.2621674177457913e+00, 1.8606877571854310e+00,
       1.0300220941230729e+00, 3.6246331531168224e-01,
       2.5104495773472881e+00, 1.1386651793560987e+00,
       1.1664039600286629e+00, 1.2097331317860327e+00,
       1.6386857486602939e+00, 1.0967523161398591e+00,
       1.7869137463652132e+00, 1.3501393164509596e+00,
       3.5208343607078701e-01, 2.8655830547671974e+00,
       1.1699974890437170e+00, 1.0335166196402736e+00,
       1.3109053447705510e+00, 3.6824468559944243e+00,
       1.0727683093712792e+00, 1.7770629472753801e+00,
       1.5184365504888344e+00, 4.5502280156327796e-01,
       2.5063092683062016e+00, 1.2226211071681601e+00,
       9.9610535744835205e-01, 1.1790536414049928e+00,
       3.8102480355018606e+00, 1.0456406847897814e+00,
       2.0128036242956893e+00 ]
intactSigma:
   - !!opencv-matrix
      rows: 9
      cols: 9
      dt: d
      data: [ 4.4205453482522215e-02, 2.2189864278115480e-03,
          -5.6473737271074262e-03, 5.9922176058120342e-04,
          1.1475669020557496e-03, 6.9611053095244785e-03,
          6.1030683716457009e-03, -4.0592629661584998e-05,
          -1.7703922457205927e-03, 2.2189864278115484e-03,
          3.5141036815097100e-03, 5.1337463407542404e-04,
          1.4366282574465792e-03, 1.6062164514239253e-03,
          5.5472433193246773e-03, 1.6928142993765602e-03,
          5.3720666423253912e-04, -6.2378726329417454e-04,
          -5.6473737271074253e-03, 5.1337463407542404e-04,
          5.9632320509247173e-03, -2.3738792179703533e-04,
          4.2985293688302997e-04, 2.7075893441167315e-03,
          -3.8453035439946307e-04, -2.3844010167647502e-04,
          -4.6099780481367175e-04, 5.9922176058120277e-04,
          1.4366282574465798e-03, -2.3738792179703522e-04,
          2.7801772917215133e-02, 1.0144555969289614e-03,
          3.8057873633859729e-03, 1.9076020107432082e-04,
          2.6767224256232843e-03, -1.9185918461311075e-03,
          1.1475669020557496e-03, 1.6062164514239253e-03,
          4.2985293688302981e-04, 1.0144555969289620e-03,
          2.8272205062394459e-02, -1.9499966738455844e-03,
          9.2682082148164526e-04, -3.6828379614501933e-03,
          -4.9492986258819528e-04, 6.9611053095244802e-03,
          5.5472433193246764e-03, 2.7075893441167315e-03,
          3.8057873633859738e-03, -1.9499966738455844e-03,
          7.3905381737691872e-02, 4.0605827854273881e-03,
          1.3088860256338713e-03, -2.5002981495561875e-03,
          6.1030683716457009e-03, 1.6928142993765600e-03,
          -3.8453035439946291e-04, 1.9076020107432082e-04,
          9.2682082148164515e-04, 4.0605827854273881e-03,
          6.2694906981221417e-03, -1.9950300447746892e-03,
          -1.0975270482418630e-03, -4.0592629661584436e-05,
          5.3720666423253901e-04, -2.3844010167647486e-04,
          2.6767224256232861e-03, -3.6828379614501933e-03,
          1.3088860256338698e-03, -1.9950300447746897e-03,
          1.1414456000220369e-01, 7.3386412684740257e-04,
          -1.7703922457205927e-03, -6.2378726329417454e-04,
          -4.6099780481367181e-04, -1.9185918461311080e-03,
          -4.9492986258819550e-04, -2.5002981495561875e-03,
          -1.0975270482418628e-03, 7.3386412684740257e-04,
          5.7130037823496490e-03 ]
   - !!opencv-matrix
      rows: 9
      cols: 9
      dt: d
      data: [ 4.4602900716654881e-01, 3.3408201575837110e-01,
          5.4974513535683278e-02, 5.9823132381161284e-02,
          6.7684266230486650e-02, 2.8516958135307212e-02,
          1.1612990203199919e-01, 1.4512216745702520e-02,
          2.2463630623088364e-02, 3.3408201575837110e-01,
          7.7152591643723123e-01, 2.5708052886898324e-02,
          1.3890665588298634e-01, 1.4118496195851885e-01,
          -1.9543902522743944e-02, 5.4693626694372340e-02,
          3.2428616920334490e-02, -1.2177245344049863e-02,
          5.4974513535683278e-02, 2.5708052886898324e-02,
          1.5228984397688852e-01, 7.8768366893575918e-03,
          6.3437445390031155e-02, 8.0168321495124775e-02,
          1.8898674015332317e-01, -2.7925727248868048e-03,
          1.5819526059900713e-02, 5.9823132381161284e-02,
          1.3890665588298634e-01, 7.8768366893575935e-03,
          9.1114573615703520e-02, 3.0750620553652325e-02,
          4.8474726732169730e-02, 2.1738996390320869e-02,
          1.9720202103402192e-02, -5.6299911513133243e-04,
          6.7684266230486650e-02, 1.4118496195851885e-01,
          6.3437445390031155e-02, 3.0750620553652325e-02,
          2.6950819684900945e-01, 6.8275591041568134e-02,
          1.5428823539994618e-01, 2.2294902740578403e-02,
          8.8755361082734126e-03, 2.8516958135307222e-02,
          -1.9543902522743947e-02, 8.0168321495124775e-02,
          4.8474726732169730e-02, 6.8275591041568134e-02,
          1.8806822928397249e-01, 1.4712035151619882e-01,
          2.0774682263549376e-02, 1.3148483395716757e-02,
          1.1612990203199919e-01, 5.4693626694372346e-02,
          1.8898674015332317e-01, 2.1738996390320869e-02,
          1.5428823539994618e-01, 1.4712035151619882e-01,
          6.1711539749008348e-01, -3.2685745480959399e-02,
          3.6668003895214400e-02, 1.4512216745702520e-02,
          3.2428616920334490e-02, -2.7925727248868039e-03,
          1.9720202103402192e-02, 2.2294902740578403e-02,
          2.0774682263549376e-02, -3.2685745480959399e-02,
          1.3849519162693516e-01, 8.3782427206484916e-03,
          2.2463630623088364e-02, -1.2177245344049863e-02,
          1.5819526059900713e-02, -5.6299911513133178e-04,
          8.8755361082734126e-03, 1.3148483395716757e-02,
          3.6668003895214400e-02, 8.3782427206484916e-03,
          4.9670150701653995e-02 ]
   - !!opencv-matrix
      rows: 9
      cols: 9
      dt: d
      data: [ 8.5418344342000685e-02, 2.6177138640710966e-02,
          1.8131798113392515e-02, 8.2330736616521745e-03,
          1.6227396372455294e-02, 3.1924998793577679e-02,
          3.5553183058786270e-02, 2.1748188088555474e-03,
          2.9920902546099631e-03, 2.6177138640710966e-02,
          1.7001887227907270e-02, 9.6338050590185909e-03,
          5.6517550644231704e-03, 9.0963860920494546e-03,
          1.7959984573628220e-02, 1.7600005437106540e-02,
          1.9197103717646382e-03, 1.5847314281797892e-03,
          1.8131798113392515e-02, 9.6338050590185943e-03,
          1.5251781366334566e-01, -5.2208004619726488e-03,
          6.4742565530643125e-03, 1.7162013440338325e-02,
          1.8760749392935944e-02, 1.5864991976620598e-03,
          2.1621517192923676e-03, 8.2330736616521728e-03,
          5.6517550644231704e-03, -5.2208004619726505e-03,
          1.4525426165290149e-02, 4.1082815154644134e-03,
          7.1011151624468683e-03, 3.4950647195953568e-03,
          9.9309458475452424e-04, -3.7074875329530998e-04,
          1.6227396372455294e-02, 9.0963860920494563e-03,
          6.4742565530643177e-03, 4.1082815154644134e-03,
          6.1124732625905565e-02, 1.0001069827593195e-02,
          2.5057066788120308e-02, 1.3943258911311082e-03,
