%YAML:1.0
---
groups:
   - intact
   - CD19
intactGmmnames:
   - "intact.652.0"
   - "intact.652.1"
   - "intact.652.2"
   - "intact.652.3"
   - "intact.652.4"
intactLabels:
   - FSC-A
   - SSC-A
   - SY41
   - CD19
   - CD10
   - CD20
   - CD45
   - CD34
   - CD38
intactMu: !!opencv-matrix
   rows: 5
   cols: 9
   dt: d
   data: [ 2.3000522421973959e+00, 2.9336135673512573e+00,
       3.1228849730247412e+00, 1.7957358580153919e+00,
       1.5286569728475661e+00, 1.6088154159573234e+00,
       3.3269820557703778e+00, 1.1214004970913245e+00,
       1.7848840988025712e+00, 1.1750565615515733e+00,
       3.1268802536300122e-01, 3.2423361558551114e+00,
       9.3189244519215397e-01, 8.7990141982222358e-01,
       1.0916901061251680e+00, 3.4300739336370603e+00,
       1.0218358596739847e+00, 1.6404497613891891e+00,
       1.1623475471007669e+00, 4.1459190732830165e-01,
       3.3508466469905800e+00, 9.6579409863714705e-01,
       9.8816361997855917e-01, 1.2230701762195748e+00,
       1.3370439185642897e+00, 1.0441293674601133e+00,
       1.6289591117190059e+00, 2.0046290121960206e+00,
       1.0822256000682295e+00, 3.3122997646607204e+00,
       1.1804290628458660e+00, 1.0111461271516309e+00,
       1.3620252668342880e+00, 3.1907607842225945e+00,
       1.5076497699020635e+00, 2.5473308041045977e+00,
       1.8577677757925399e+00, 1.6151262507690554e+00,
       3.2328900327116181e+00, 1.5352242190939400e+00,
       1.5588447272430384e+00, 1.8222012258190279e+00,
       2.7994997750922628e+00, 1.4035475197258296e+00,
       1.9073933011097026e+00 ]
intactSigma:
   - !!opencv-matrix
      rows: 9
      cols: 9
      dt: d
      data: [ 3.4013587152501595e-01, 2.0716224329326921e-01,
          1.0057550340679464e-02, 4.9666836510408215e-02,
          3.4857918941970302e-02, 4.7480933870493437e-02,
          1.3402565122741740e-02, 9.1668810426731411e-03,
          1.2555359314471723e-03, 2.0716224329326921e-01,
          4.4812167133787673e-01, 1.9557167335859261e-02,
          9.5150676624030261e-02, 5.2677750918494672e-02,
          5.9856278594942067e-02, 1.6794000290169291e-02,
          1.5268309283339670e-02, 3.6285098716621750e-03,
          1.0057550340679464e-02, 1.9557167335859261e-02,
          6.0478225985626018e-03, 4.0537589262537544e-03,
          2.8110296686754987e-03, 6.4156425078453301e-03,
          7.4592071686709212e-04, 1.4678621132444580e-03,
          3.8689495068929965e-05, 4.9666836510408215e-02,
          9.5150676624030261e-02, 4.0537589262537544e-03,
          4.5613251024812666e-02, 1.4074779234956918e-02,
          1.6383407665809424e-02, 4.3892565069900890e-03,
          5.8977210469699608e-03, -3.4042792387569917e-03,
          3.4857918941970309e-02, 5.2677750918494685e-02,
          2.8110296686754983e-03, 1.4074779234956921e-02,
          1.3817960856483674e-01, 1.9824883797939792e-02,
          1.0724025336652829e-02, 4.3395200235010374e-03,
          -3.3920861429707267e-03, 4.7480933870493430e-02,
          5.9856278594942067e-02, 6.4156425078453301e-03,
          1.6383407665809424e-02, 1.9824883797939789e-02,
          5.0360180991637402e-02, 6.9575006241294132e-03,
          8.2199796077900931e-03, 5.4590160086990841e-04,
          1.3402565122741739e-02, 1.6794000290169284e-02,
          7.4592071686709212e-04, 4.3892565069900890e-03,
          1.0724025336652829e-02, 6.9575006241294132e-03,
          1.2870132216312294e-02, -7.7939330994200714e-04,
          -7.5511184308576552e-04, 9.1668810426731376e-03,
          1.5268309283339670e-02, 1.4678621132444580e-03,
          5.8977210469699582e-03, 4.3395200235010365e-03,
          8.2199796077901000e-03, -7.7939330994200768e-04,
          1.2172239782567447e-01, 1.8901257359708887e-03,
          1.2555359314471728e-03, 3.6285098716621745e-03,
          3.8689495068929917e-05, -3.4042792387569925e-03,
          -3.3920861429707276e-03, 5.4590160086990906e-04,
          -7.5511184308576596e-04, 1.8901257359708896e-03,
          2.2480551078952669e-02 ]
   - !!opencv-matrix
      rows: 9
      cols: 9
      dt: d
      data: [ 1.1683398829625052e-01, 1.5264892140803111e-02,
          -2.3639857956650457e-02, 1.4476127710071684e-02,
          4.4333323239080305e-03, 1.6853522030887278e-02,
          2.2794270563330939e-02, -1.3743807390456666e-03,
          -1.4692358738642175e-03, 1.5264892140803114e-02,
          1.4820993040283784e-02, -2.3115804199061395e-03,
          6.9925071305733883e-03, 4.2061339636160168e-03,
          1.2719142124018652e-02, 6.5566638390825984e-03,
          5.4427247659339924e-04, -3.7641843596832573e-04,
          -2.3639857956650457e-02, -2.3115804199061395e-03,
          1.1439128997121692e-02, -4.7674430996253432e-03,
          -2.7058977204740556e-04, 1.8756061640265117e-04,
          -5.3213585200470297e-03, 8.6924899885973026e-04,
          -1.4929279793765438e-04, 1.4476127710071686e-02,
          6.9925071305733900e-03, -4.7674430996253441e-03,
          4.5248680758398226e-02, 2.2892860977162806e-03,
          6.7838418413384604e-03, 3.6678168161045268e-03,
          2.1061419012531604e-03, -3.2860263978716597e-03,
          4.4333323239080305e-03, 4.2061339636160168e-03,
          -2.7058977204740578e-04, 2.2892860977162801e-03,
          4.4045022634929112e-02, -2.5202411438763135e-03,
          2.0678565870006441e-03, -3.3099796186884089e-03,
          -3.4137515311226114e-04, 1.6853522030887278e-02,
          1.2719142124018652e-02, 1.8756061640265125e-04,
          6.7838418413384630e-03, -2.5202411438763122e-03,
          9.0389296319130577e-02, 7.7292358757574528e-03,
          1.9515128123853882e-03, -1.6774756799369653e-03,
          2.2794270563330939e-02, 6.5566638390825993e-03,
          -5.3213585200470297e-03, 3.6678168161045268e-03,
          2.0678565870006441e-03, 7.7292358757574528e-03,
          1.4352504639694516e-02, -2.5600775082812951e-03,
          -9.1286592589283810e-04, -1.3743807390456677e-03,
          5.4427247659339891e-04, 8.6924899885973026e-04,
          2.1061419012531621e-03, -3.3099796186884089e-03,
          1.9515128123853873e-03, -2.5600775082812951e-03,
          1.2458613447111136e-01, 6.8435996133706957e-04,
          -1.4692358738642168e-03, -3.7641843596832573e-04,
          -1.4929279793765446e-04, -3.2860263978716597e-03,
          -3.4137515311226109e-04, -1.6774756799369653e-03,
          -9.1286592589283789e-04, 6.8435996133706914e-04,
          8.5173815658880023e-03 ]
   - !!opencv-matrix
      rows: 9
      cols: 9
      dt: d
      data: [ 2.2271267126664640e-01, 4.4936570179344548e-02,
          2.3132577929722991e-02, 1.6675493528007915e-02,
          1.2623823705920224e-02, 3.1508875233255657e-02,
          1.9038888733827725e-02, 3.2130699564715168e-03,
          3.4694209991342844e-03, 4.4936570179344548e-02,
          4.6661096133963353e-02, 1.2838004984769981e-02,
          1.7565986590933860e-02, 1.6255877510689191e-02,
          3.6463286948712835e-02, 2.7843919058499592e-02,
          3.8490074584449563e-03, 3.1267111653070748e-03,
          2.3132577929722998e-02, 1.2838004984769983e-02,
          5.5581787782128113e-02, -1.7564271675473878e-02,
          3.4279122531171986e-03, 1.9602006496697615e-02,
          1.0346942219276123e-02, 2.0887793056183490e-03,
          1.9792594852085094e-03, 1.6675493528007915e-02,
          1.7565986590933860e-02, -1.7564271675473878e-02,
          4.6755921444994131e-02, 1.1069013275055000e-02,
          1.8967269741150861e-02, 9.1491520659519477e-03,
          2.1371878807314657e-03, -1.3918899667224951e-03,
          1.2623823705920230e-02, 1.6255877510689191e-02,
          3.4279122531171977e-03, 1.1069013275055002e-02,
          5.7870793652410719e-02, 1.9242391721356267e-02,
          1.7248883882227957e-02, 1.8754265211879757e-03,
