%YAML:1.0
---
groups:
   - intact
   - CD19
intactGmmnames:
   - "intact.654.0"
   - "intact.654.1"
   - "intact.654.2"
   - "intact.654.3"
   - "intact.654.4"
intactLabels:
   - FSC-A
   - SSC-A
   - SY41
   - CD19
   - CD10
   - CD20
   - CD45
   - CD34
   - CD38
intactMu: !!opencv-matrix
   rows: 5
   cols: 9
   dt: d
   data: [ 1.1930710706399623e+00, 2.9827221651642277e-01,
       2.8505707339437092e+00, 1.0356844363181221e+00,
       9.2436966624330130e-01, 1.0373224292551793e+00,
       3.7032199512257815e+00, 1.0983863549852375e+00,
       1.8104685781363388e+00, 1.0322815756398958e+00,
       3.5194899918038802e-01, 2.6667209299480517e+00,
       1.0224696078029338e+00, 9.1524908926148596e-01,
       9.6847688250868513e-01, 1.4533199181087519e+00,
       1.1523316814538003e+00, 1.5018293531203426e+00,
       2.4156219787687938e+00, 3.0761690832826298e+00,
       2.8857410919135527e+00, 1.7526003811845676e+00,
       2.6082357720479159e+00, 1.3610621425257305e+00,
       2.8953464795500250e+00, 1.1740800496301491e+00,
       1.7329465280705583e+00, 2.0574454025397282e+00,
       1.3749442377709800e+00, 2.6463336679366960e+00,
       1.3651957524578746e+00, 1.1943720243152856e+00,
       1.3442304893698704e+00, 2.8693861156003573e+00,
       1.4761648454035592e+00, 2.3443866218937166e+00,
       1.4985249783581336e+00, 5.3518055382048113e-01,
       2.5478643319014149e+00, 1.1353641452876349e+00,
       9.4187698421914845e-01, 1.0535397131678232e+00,
       3.8513280729688049e+00, 1.1218023590143968e+00,
       2.1845678528344732e+00 ]
intactSigma:
   - !!opencv-matrix
      rows: 9
      cols: 9
      dt: d
      data: [ 3.7822410605370310e-02, 4.1703494872014218e-03,
          -1.7880853607307776e-02, 3.7010956408712243e-03,
          1.8400182618439488e-03, 7.0389208000877970e-03,
          3.8907985703421784e-03, -6.3761308760154102e-04,
          -1.8585025219782553e-03, 4.1703494872014218e-03,
          5.4831268548100887e-03, -5.6935508246024136e-03,
          2.6705044517693053e-03, 2.3803971747126933e-03,
          7.9716800317417048e-03, 3.2661783255591307e-03,
          -6.0702951324453799e-05, -7.6525526028035579e-03,
          -1.7880853607307776e-02, -5.6935508246024136e-03,
          3.7434071756188514e-02, -6.1872339601506798e-03,
          -2.8094670145558868e-03, -5.6839337648208459e-03,
          -6.8119172662805694e-03, 5.8851122517587469e-04,
          8.2396495997495624e-03, 3.7010956408712247e-03,
          2.6705044517693058e-03, -6.1872339601506798e-03,
          4.3270933073484674e-02, 1.3749919551730586e-03,
          5.0552816718760227e-03, 1.1138143628504574e-03,
          3.0692030136997344e-03, -9.2376054977594720e-03,
          1.8400182618439490e-03, 2.3803971747126933e-03,
          -2.8094670145558868e-03, 1.3749919551730592e-03,
          4.1041214827345809e-02, -2.9848175901296469e-04,
          1.9190194553669209e-03, -5.9241185252418421e-03,
          -5.4807404253627246e-03, 7.0389208000877996e-03,
          7.9716800317417048e-03, -5.6839337648208459e-03,
          5.0552816718760227e-03, -2.9848175901296415e-04,
          8.5115132061123852e-02, 3.9709588610513111e-03,
          2.5969112165992540e-04, -1.6857708266348165e-02,
          3.8907985703421784e-03, 3.2661783255591307e-03,
          -6.8119172662805694e-03, 1.1138143628504570e-03,
          1.9190194553669211e-03, 3.9709588610513111e-03,
          8.1110826567335481e-03, -1.9333113057989097e-03,
          -6.9408220419606712e-03, -6.3761308760154113e-04,
          -6.0702951324453854e-05, 5.8851122517587491e-04,
          3.0692030136997353e-03, -5.9241185252418421e-03,
          2.5969112165992545e-04, -1.9333113057989101e-03,
          1.2755478694608163e-01, 2.0689399791325516e-03,
          -1.8585025219782561e-03, -7.6525526028035579e-03,
          8.2396495997495590e-03, -9.2376054977594720e-03,
          -5.4807404253627264e-03, -1.6857708266348165e-02,
          -6.9408220419606695e-03, 2.0689399791325508e-03,
          1.1413502106606542e-01 ]
   - !!opencv-matrix
      rows: 9
      cols: 9
      dt: d
      data: [ 1.0313141640429700e-01, 3.1253727313015754e-02,
          -1.9526169085092422e-02, 1.0827662775851727e-02,
          8.5971195133475471e-03, 2.6318644445763671e-02,
          7.5734584851511223e-03, 7.6919613650177016e-03,
          4.9442853087348715e-03, 3.1253727313015754e-02,
          1.7657155747705686e-02, -1.0032556732386995e-02,
          5.7167264739622584e-03, 5.1350580726063771e-03,
          1.2830699116180349e-02, 6.8891246499964828e-03,
          4.2238504264810470e-03, 2.4277233399813383e-03,
          -1.9526169085092426e-02, -1.0032556732386996e-02,
          2.7654237296310658e-01, -3.4538995866061344e-02,
          -1.1199302670544782e-02, 4.5132461274508774e-03,
          -1.5542406474762762e-02, 9.1764696021679555e-04,
          4.9118767628136316e-03, 1.0827662775851727e-02,
          5.7167264739622567e-03, -3.4538995866061344e-02,
          2.0781172758450688e-02, 3.2959412569161070e-03,
          3.6771638990834785e-03, 3.1627846192588309e-03,
          1.0015028973212126e-03, -2.4392445755257769e-03,
          8.5971195133475453e-03, 5.1350580726063780e-03,
          -1.1199302670544781e-02, 3.2959412569161079e-03,
          3.8685330243095263e-02, -2.5679523046937733e-03,
          5.1151932212363258e-03, 6.1754047171712768e-04,
          6.3491139916380655e-04, 2.6318644445763671e-02,
          1.2830699116180349e-02, 4.5132461274508791e-03,
          3.6771638990834772e-03, -2.5679523046937742e-03,
          7.0145751356651881e-02, 3.9815076415227460e-03,
          2.7748806348046441e-03, 2.1968221808636554e-03,
          7.5734584851511249e-03, 6.8891246499964828e-03,
          -1.5542406474762762e-02, 3.1627846192588309e-03,
          5.1151932212363240e-03, 3.9815076415227486e-03,
          3.7564896848437640e-02, 9.8469399687630375e-04,
          3.1290773512507560e-03, 7.6919613650177016e-03,
          4.2238504264810470e-03, 9.1764696021679544e-04,
          1.0015028973212130e-03, 6.1754047171712757e-04,
          2.7748806348046454e-03, 9.8469399687630310e-04,
          3.3722894667969204e-02, 2.5875230406182027e-04,
          4.9442853087348733e-03, 2.4277233399813383e-03,
          4.9118767628136316e-03, -2.4392445755257769e-03,
          6.3491139916380676e-04, 2.1968221808636558e-03,
          3.1290773512507560e-03, 2.5875230406182027e-04,
          8.3203860456813571e-03 ]
   - !!opencv-matrix
      rows: 9
      cols: 9
      dt: d
      data: [ 2.8636683482900005e-01, 1.8525461021362249e-01,
          -3.0254046711338613e-02, 4.4754739842740358e-02,
          -3.2771725855432780e-03, 3.3584091985907692e-02,
          -3.7082795748648793e-03, 5.5159645872732256e-03,
          9.7288989762409454e-03, 1.8525461021362249e-01,
          3.8260357475664081e-01, -4.9202203612788584e-02,
          8.5787582898319545e-02, 4.3806972080683869e-02,
          5.5727341241130234e-02, 1.9947231376571960e-02,
          6.7241581545205327e-03, 1.4965256496654249e-02,
          -3.0254046711338620e-02, -4.9202203612788584e-02,
          8.6978254483728437e-02, -1.9962877592187400e-02,
          -1.2395669856425401e-02, -5.7851996810200524e-03,
          -8.0137504272288843e-03, -4.8135600962871119e-04,
          -2.9800400101940645e-03, 4.4754739842740358e-02,
          8.5787582898319531e-02, -1.9962877592187400e-02,
          4.1004767175271725e-02, 9.7191176665772754e-03,
          1.3163574950495636e-02, 3.6790717187297180e-03,
          2.8248711635054215e-03, -2.0515710884586981e-03,
          -3.2771725855432780e-03, 4.3806972080683876e-02,
          -1.2395669856425396e-02, 9.7191176665772771e-03,
          8.7607760160676715e-02, 5.6589108116937206e-03,
          2.1082906134129931e-02, 2.0950175737092266e-03,
