%YAML:1.0
---
groups:
   - intact
   - CD19
   - blast
intactGmmnames:
   - "intact.659.0"
   - "intact.659.1"
   - "intact.659.2"
   - "intact.659.3"
   - "intact.659.4"
intactLabels:
   - FSC-A
   - SSC-A
   - SY41
   - CD19
   - CD10
   - CD20
   - CD45
   - CD34
   - CD38
intactMu: !!opencv-matrix
   rows: 5
   cols: 9
   dt: d
   data: [ 2.1367178920404446e+00, 2.1238911469795143e+00,
       2.4302506493831584e+00, 1.6718796304407411e+00,
       1.3043862327437683e+00, 1.7199943185774720e+00,
       1.7674848452908005e+00, 1.3613825189707884e+00,
       1.8655078549993751e+00, 1.4302004585126873e+00,
       2.9361391175531648e-01, 2.4933145765424607e+00,
       1.1416631124980641e+00, 1.0309831252370034e+00,
       1.0319854235656820e+00, 3.4496474495206177e+00,
       1.0433204380463439e+00, 1.8293090692985994e+00,
       2.0036869293941981e+00, 5.7002322993053456e-01,
       2.4353406406690197e+00, 1.2200264906483596e+00,
       1.0399460000792973e+00, 1.1205195751414629e+00,
       3.5538734952960631e+00, 1.0558034035693447e+00,
       2.3656411525785366e+00, 9.3348801872029863e-01,
       3.4657996829162252e-01, 2.7742716905878746e+00,
       1.1121164932964469e+00, 1.0790844936518527e+00,
       1.0797748623117989e+00, 1.2627365401885107e+00,
       1.0439216601554606e+00, 1.7529592166897068e+00,
       2.4522126348257003e+00, 1.8518310071715378e+00,
       2.6075457901735084e+00, 1.6823831169575454e+00,
       1.6112258603680001e+00, 1.5539588295154070e+00,
       3.2837493055952698e+00, 1.3645305918873052e+00,
       1.8311716383213943e+00 ]
intactSigma:
   - !!opencv-matrix
      rows: 9
      cols: 9
      dt: d
      data: [ 6.8296918018751296e-01, 2.3544489556415690e-01,
          -4.5882191268628504e-02, 4.4156990176276806e-02,
          -2.4994237641705080e-02, 3.3813492405566177e-03,
          2.1670203081257403e-01, 5.6386490610861130e-02,
          8.1849041386162627e-02, 2.3544489556415690e-01,
          1.2736029427116091e+00, -9.3087561075450173e-02,
          2.8004756575375667e-01, -2.8031346317589689e-02,
          1.8489416398899894e-01, -1.4101385345199938e-01,
          9.8023229671594450e-02, -6.8643846864830146e-02,
          -4.5882191268628504e-02, -9.3087561075450145e-02,
          2.5816418919089534e-01, -4.1235552891098976e-03,
          1.0230105713660843e-01, 1.0077994288345449e-01,
          1.3452780703543252e-01, 1.1915163489023132e-02,
          4.4378908951311226e-02, 4.4156990176276806e-02,
          2.8004756575375667e-01, -4.1235552891099019e-03,
          1.1033532822178861e-01, 2.5484721247947272e-02,
          7.0982842154483097e-02, -1.0120856767984895e-02,
          4.2353680850286290e-02, -7.1869647565971986e-03,
          -2.4994237641705087e-02, -2.8031346317589675e-02,
          1.0230105713660843e-01, 2.5484721247947272e-02,
          1.4312634421713558e-01, 1.1081366420773889e-01,
          9.2965104363850984e-02, 4.9774295332816167e-02,
          3.2102453318305434e-02, 3.3813492405566224e-03,
          1.8489416398899894e-01, 1.0077994288345449e-01,
          7.0982842154483097e-02, 1.1081366420773892e-01,
          2.4123804605152743e-01, 3.7555400489007233e-02,
          7.9139320944327074e-02, 8.4766668405335723e-03,
          2.1670203081257408e-01, -1.4101385345199938e-01,
          1.3452780703543252e-01, -1.0120856767984897e-02,
          9.2965104363850984e-02, 3.7555400489007233e-02,
          6.6932534533332155e-01, 5.5188165149966280e-02,
          2.3478434691492023e-01, 5.6386490610861130e-02,
          9.8023229671594450e-02, 1.1915163489023129e-02,
          4.2353680850286290e-02, 4.9774295332816160e-02,
          7.9139320944327074e-02, 5.5188165149966294e-02,
          1.6118120095850377e-01, 2.3479276342451338e-02,
          8.1849041386162627e-02, -6.8643846864830146e-02,
          4.4378908951311219e-02, -7.1869647565972004e-03,
          3.2102453318305441e-02, 8.4766668405335723e-03,
          2.3478434691492026e-01, 2.3479276342451335e-02,
          1.2275386280766318e-01 ]
   - !!opencv-matrix
      rows: 9
      cols: 9
      dt: d
      data: [ 1.5306292233773347e-01, 1.8221777061511443e-02,
          -3.8873876311573824e-02, 7.5980470251850790e-03,
          2.1395552347438984e-03, 1.4210673217502461e-02,
          2.5350256220277589e-02, -1.3187268525637226e-04,
          -2.9581404458456900e-03, 1.8221777061511443e-02,
          1.1445373947018266e-02, -4.9783264771504302e-03,
          4.0579346284535531e-03, 1.8591842354704748e-03,
          1.0015634562759165e-02, 8.2085264979061216e-03,
          8.4348977761709734e-04, -9.9643090648771624e-04,
          -3.8873876311573817e-02, -4.9783264771504302e-03,
          2.4201086124496184e-02, -2.5234364429682376e-03,
          -1.6171025853998258e-04, -3.8557460504486758e-04,
          -7.2375479847335148e-03, 1.0977545217604849e-04,
          2.0518536370049993e-04, 7.5980470251850790e-03,
          4.0579346284535522e-03, -2.5234364429682367e-03,
          2.2137702499629298e-02, 7.4049613654775996e-04,
          4.3131387528440781e-03, 2.8302241269498500e-03,
          1.8380454313014021e-03, -1.8516296784921941e-03,
          2.1395552347438992e-03, 1.8591842354704748e-03,
          -1.6171025853998263e-04, 7.4049613654776018e-04,
          1.4914723095497380e-02, -1.2882219083159092e-03,
          1.1371100739849716e-03, -2.2030072647737293e-03,
          -4.6597645141235536e-04, 1.4210673217502462e-02,
          1.0015634562759165e-02, -3.8557460504486769e-04,
          4.3131387528440781e-03, -1.2882219083159084e-03,
          7.4952830558200526e-02, 8.0031878022168209e-03,
          1.7323407637641910e-03, -2.3282006558442820e-03,
          2.5350256220277589e-02, 8.2085264979061216e-03,
          -7.2375479847335156e-03, 2.8302241269498496e-03,
          1.1371100739849713e-03, 8.0031878022168226e-03,
          1.6737498430543240e-02, -1.6185364113649621e-03,
          -6.7486544007924396e-04, -1.3187268525637286e-04,
          8.4348977761709810e-04, 1.0977545217604819e-04,
          1.8380454313014030e-03, -2.2030072647737284e-03,
          1.7323407637641914e-03, -1.6185364113649619e-03,
          1.1710107028971746e-01, 5.2105108991931887e-04,
          -2.9581404458456900e-03, -9.9643090648771646e-04,
          2.0518536370049982e-04, -1.8516296784921941e-03,
          -4.6597645141235557e-04, -2.3282006558442815e-03,
          -6.7486544007924396e-04, 5.2105108991931930e-04,
          7.0174175743731963e-03 ]
   - !!opencv-matrix
      rows: 9
      cols: 9
      dt: d
      data: [ 1.2757895056123747e-01, 1.3327585774346763e-02,
          -8.8267265489264841e-03, 4.0275991403062273e-03,
          1.0732119499310753e-03, 5.6286065855723393e-03,
          -3.8555166266465370e-03, 1.8716332781334017e-03,
          2.9180600398145556e-02, 1.3327585774346765e-02,
          2.0415519134711870e-02, -3.0838137493182246e-03,
          5.7257342747834023e-03, 1.8938126322046950e-03,
          9.3459635240536309e-03, 2.0760769115419609e-03,
          2.3054653261936156e-03, 2.8178851207099676e-02,
          -8.8267265489264876e-03, -3.0838137493182250e-03,
          1.0511880720862340e-01, -8.1627312615894683e-03,
          -8.2243091493468376e-04, 3.5177977792527127e-03,
          4.0683124358965256e-03, 8.1726964909779279e-04,
          -3.0155782830198295e-02, 4.0275991403062273e-03,
          5.7257342747834023e-03, -8.1627312615894666e-03,
          2.9513924927961975e-02, 5.3478405666634724e-04,
          3.3542731948437358e-03, 1.3282260349795523e-03,
          2.4867485406661408e-03, 6.6728669016947895e-03,
          1.0732119499310753e-03, 1.8938126322046948e-03,
          -8.2243091493468300e-04, 5.3478405666634702e-04,
          1.5585462335005015e-02, -2.3886753713513909e-03,
