%YAML:1.0
---
groups:
   - intact
   - CD19
intactGmmnames:
   - "intact.667.0"
   - "intact.667.1"
   - "intact.667.2"
   - "intact.667.3"
   - "intact.667.4"
intactLabels:
   - FSC-A
   - SSC-A
   - SY41
   - CD19
   - CD10
   - CD20
   - CD45
   - CD34
   - CD38
intactMu: !!opencv-matrix
   rows: 5
   cols: 9
   dt: d
   data: [ 1.5162166680418965e+00, 3.2168284213423620e-01,
       2.7198277105542261e+00, 1.1533061889617147e+00,
       9.2123868959387234e-01, 1.0613037780843242e+00,
       3.6807014848918231e+00, 1.0612318537503751e+00,
       1.6221478110099865e+00, 2.9950376675953030e+00,
       2.9645304438818374e+00, 2.4731577245853860e+00,
       1.8631160968230140e+00, 2.5894795066920393e+00,
       1.3899437543812070e+00, 3.1493481327561370e+00,
       1.1509094946172493e+00, 1.5531639542863265e+00,
       3.7585778185051661e+00, 2.4744748528723783e+00,
       2.6927334002874419e+00, 1.7443008905722353e+00,
       1.1575661747468986e+00, 1.3263792186441250e+00,
       2.9235181736621509e+00, 1.0706663470082967e+00,
       1.8776283193580401e+00, 1.3538120498616126e+00,
       3.7649209120503241e-01, 2.6692562328413105e+00,
       1.0782950260272817e+00, 9.8093261727331960e-01,
       1.0272247647566348e+00, 1.3490714072284808e+00,
       1.0291284289743818e+00, 1.4807496641649489e+00,
       2.4640487971285285e+00, 1.3368046060308278e+00,
       2.7410167580299003e+00, 1.4595844248227230e+00,
       1.2484281667443182e+00, 1.4088046180514464e+00,
       3.1856315757194107e+00, 1.4243262714910099e+00,
       2.6291631409892213e+00 ]
intactSigma:
   - !!opencv-matrix
      rows: 9
      cols: 9
      dt: d
      data: [ 1.5342808495244803e-01, 2.2693291744398041e-02,
          -2.4014511250422529e-02, 1.4362179600689104e-02,
          4.0159586977450493e-03, 2.0759680548862691e-02,
          2.5217268474421278e-02, 3.3127191187913071e-03,
          -8.3893379327984081e-03, 2.2693291744398044e-02,
          1.7712571306285660e-02, -3.4719820253815616e-03,
          8.9048113115474375e-03, 5.6232854518777084e-03,
          1.3306345884116394e-02, 9.4070835548213765e-03,
          1.8220101886590825e-03, -9.6731996867215596e-04,
          -2.4014511250422529e-02, -3.4719820253815625e-03,
          1.7443424111679609e-02, -3.7298218478442379e-03,
          1.3662423248297503e-03, 1.2179070289929227e-03,
          -5.6678588055145331e-03, 9.1385454059468064e-04,
          -8.7659268815358681e-05, 1.4362179600689104e-02,
          8.9048113115474375e-03, -3.7298218478442374e-03,
          5.1436772337002452e-02, 3.3628597409528127e-03,
          6.9418630439600911e-03, 5.3632827811668738e-03,
          3.6922820495669329e-03, -7.7231008777663562e-03,
          4.0159586977450475e-03, 5.6232854518777084e-03,
          1.3662423248297507e-03, 3.3628597409528127e-03,
          5.0220149042255920e-02, -1.5179089759020043e-03,
          2.3408565412222017e-03, -7.0699199771811112e-03,
          -2.1243178864828959e-03, 2.0759680548862694e-02,
          1.3306345884116394e-02, 1.2179070289929227e-03,
          6.9418630439600929e-03, -1.5179089759020049e-03,
          8.1803497123113272e-02, 8.8031186740921245e-03,
          3.2716980131312981e-03, -5.2101033005898583e-03,
          2.5217268474421271e-02, 9.4070835548213765e-03,
          -5.6678588055145331e-03, 5.3632827811668738e-03,
          2.3408565412222021e-03, 8.8031186740921245e-03,
          1.4100302264813742e-02, -1.0971754191282028e-03,
          -2.2163384715332708e-03, 3.3127191187913053e-03,
          1.8220101886590834e-03, 9.1385454059468064e-04,
          3.6922820495669320e-03, -7.0699199771811104e-03,
          3.2716980131312981e-03, -1.0971754191282023e-03,
          1.8960126977780559e-01, 8.5938709989380349e-04,
          -8.3893379327984099e-03, -9.6731996867215617e-04,
          -8.7659268815358613e-05, -7.7231008777663562e-03,
          -2.1243178864828950e-03, -5.2101033005898583e-03,
          -2.2163384715332708e-03, 8.5938709989380306e-04,
          5.2312146939369128e-02 ]
   - !!opencv-matrix
      rows: 9
      cols: 9
      dt: d
      data: [ 4.5447241869570543e-01, 3.3127178417085473e-01,
          5.9132862533066793e-02, 7.3363298047608980e-02,
          9.3012957479048280e-02, 4.3361977829071321e-02,
          1.3925344217678987e-01, 1.0051738447251284e-02,
          3.0881245134113073e-02, 3.3127178417085479e-01,
          6.3799374728969216e-01, 9.3001945560931179e-02,
          1.3624970538343173e-01, 1.9212391768759296e-01,
          7.7347116029902532e-02, 2.2874086653531983e-01,
          1.3857492658597285e-02, 2.9579355789803606e-02,
          5.9132862533066780e-02, 9.3001945560931179e-02,
          4.4274964423729524e-02, 2.0859229394280178e-02,
          6.4282339278110487e-02, 2.3933845428504141e-02,
          8.0123380462547938e-02, 5.6215863148147286e-03,
          9.6139814055537665e-03, 7.3363298047608980e-02,
          1.3624970538343176e-01, 2.0859229394280178e-02,
          4.9078362846515899e-02, 4.6409275859259184e-02,
          2.0905537461488117e-02, 5.4338219138923741e-02,
          4.6491970898464600e-03, -4.8798835141222666e-05,
          9.3012957479048280e-02, 1.9212391768759296e-01,
          6.4282339278110473e-02, 4.6409275859259184e-02,
          2.4484170668399144e-01, 4.5493991876023203e-02,
          2.1167701320436494e-01, 1.0806425816840635e-02,
          2.0124363915296206e-02, 4.3361977829071328e-02,
          7.7347116029902560e-02, 2.3933845428504144e-02,
          2.0905537461488120e-02, 4.5493991876023196e-02,
          8.4666701318728707e-02, 5.5277738111716816e-02,
          1.0052456025702724e-02, 1.1512536279383527e-03,
          1.3925344217678987e-01, 2.2874086653531983e-01,
          8.0123380462547952e-02, 5.4338219138923741e-02,
          2.1167701320436494e-01, 5.5277738111716816e-02,
          2.7448270407857617e-01, 1.0840077506037465e-02,
          2.6758522225827076e-02, 1.0051738447251284e-02,
          1.3857492658597287e-02, 5.6215863148147277e-03,
          4.6491970898464609e-03, 1.0806425816840637e-02,
          1.0052456025702724e-02, 1.0840077506037467e-02,
          1.2919574021646799e-01, 3.5565567475384315e-03,
          3.0881245134113073e-02, 2.9579355789803606e-02,
          9.6139814055537683e-03, -4.8798835141222883e-05,
          2.0124363915296206e-02, 1.1512536279383529e-03,
          2.6758522225827079e-02, 3.5565567475384328e-03,
          4.0326609144467944e-02 ]
   - !!opencv-matrix
      rows: 9
      cols: 9
      dt: d
      data: [ 1.9972930793890542e-01, 1.0541911625561207e-01,
          1.1139148121685552e-02, 2.6148724094192239e-02,
          1.1395328953845145e-02, 3.1726274807151338e-02,
          2.8949866382693527e-04, 4.4990977194402275e-03,
          2.1636793730612693e-02, 1.0541911625561207e-01,
          4.2231221377062822e-01, -2.4784200390209749e-02,
          9.3753015345058033e-02, 5.8358785515639784e-02,
          3.9837528326819756e-02, 4.3359580295342544e-02,
          1.1753192990100761e-02, -1.1691952766866239e-02,
          1.1139148121685552e-02, -2.4784200390209749e-02,
          1.8351395655072118e-02, -5.7818949094343083e-03,
          -6.5746073087520722e-03, 7.9398930790333562e-03,
          -7.2678095833311291e-03, -4.0333117306915015e-04,
          1.5592284950789645e-02, 2.6148724094192239e-02,
          9.3753015345058033e-02, -5.7818949094343101e-03,
          4.2855673439336481e-02, 1.2959074811056490e-02,
          9.8879990180588979e-03, 9.2735318420894934e-03,
          3.9054086594257132e-03, -7.3078692516454023e-03,
          1.1395328953845141e-02, 5.8358785515639784e-02,
          -6.5746073087520722e-03, 1.2959074811056490e-02,
          7.9756846534015505e-02, 1.8999889322457515e-03,
          1.3861626598395252e-02, -1.1744157583477668e-03,
