%YAML:1.0
---
groups:
   - intact
   - CD19
   - blast
intactGmmnames:
   - "intact.669.0"
   - "intact.669.1"
   - "intact.669.2"
   - "intact.669.3"
   - "intact.669.4"
intactLabels:
   - FSC-A
   - SSC-A
   - SY41
   - CD19
   - CD10
   - CD20
   - CD45
   - CD34
   - CD38
intactMu: !!opencv-matrix
   rows: 5
   cols: 9
   dt: d
   data: [ 1.6799010134128705e+00, 4.4716263937643702e-01,
       2.6076895554572221e+00, 1.5048396877454990e+00,
       1.4234440939136579e+00, 1.3556813878884251e+00,
       3.8498165130766502e+00, 1.2700385308284461e+00,
       2.1282148346128684e+00, 1.1860736906498168e+00,
       3.5595708369089857e-01, 2.6846133662717744e+00,
       1.0570257735079818e+00, 1.3278618103468547e+00,
       1.0617553956142274e+00, 1.6779434881165405e+00,
       1.1228252703119939e+00, 1.8045471798308694e+00,
       2.6369733892760254e+00, 3.1347906031403885e+00,
       2.5933208838346853e+00, 2.0821828598495897e+00,
       2.8296598344127570e+00, 1.4809352896179606e+00,
       3.3809110556419215e+00, 1.4487279190259874e+00,
       1.7896125342065423e+00, 2.7488084362298131e+00,
       1.8912404952060882e+00, 2.8267037387474132e+00,
       1.8507116423667747e+00, 1.7313142548386895e+00,
       1.6481071237558895e+00, 2.9640935362360445e+00,
       1.4861863418820853e+00, 2.1978288618188615e+00,
       1.9799151363425038e+00, 1.2197432867829079e+00,
       1.8245901026149121e+00, 1.5539438522692008e+00,
       1.0118072329503955e+00, 9.4288693957623504e-01,
       1.4841517317099018e+00, 1.3809625243625194e+00,
       1.6320634431272572e+00 ]
intactSigma:
   - !!opencv-matrix
      rows: 9
      cols: 9
      dt: d
      data: [ 2.2132257343782846e-01, 4.9227571176372172e-02,
          -8.7311881956239942e-02, 4.7203059181261040e-02,
          3.0674995909987759e-02, 2.8085519994730648e-02,
          3.7141018526604820e-02, 1.3081650888966121e-02,
          5.5362721481904208e-02, 4.9227571176372172e-02,
          4.0747339567474256e-02, -3.5680789666750930e-02,
          3.2259793253338269e-02, 2.2618638156599126e-02,
          1.9818766501302112e-02, 1.9020512034748919e-02,
          1.3165149910445676e-02, 4.8281338768116813e-02,
          -8.7311881956239942e-02, -3.5680789666750937e-02,
          8.2012361027911942e-02, -3.5506399842987368e-02,
          -1.9068259461410549e-02, -1.4207781849962393e-02,
          -2.6315408353234159e-02, -1.0624735718797169e-02,
          -5.9313281283266413e-02, 4.7203059181261040e-02,
          3.2259793253338269e-02, -3.5506399842987375e-02,
          1.2279242745368531e-01, 2.5775304948887915e-02,
          2.0624970932690962e-02, 2.1465187710829781e-02,
          1.5604486060588963e-02, 3.5633678980390181e-02,
          3.0674995909987759e-02, 2.2618638156599126e-02,
          -1.9068259461410549e-02, 2.5775304948887912e-02,
          7.5928011493468076e-02, 1.2432359230105548e-02,
          1.6987142385214482e-02, 3.1542744355528810e-03,
          2.5470308236040826e-02, 2.8085519994730648e-02,
          1.9818766501302106e-02, -1.4207781849962395e-02,
          2.0624970932690962e-02, 1.2432359230105546e-02,
          5.4419778650632425e-02, 1.2807292045388514e-02,
          8.6289783377403919e-03, 1.9155391051038795e-02,
          3.7141018526604820e-02, 1.9020512034748919e-02,
          -2.6315408353234159e-02, 2.1465187710829781e-02,
          1.6987142385214479e-02, 1.2807292045388514e-02,
          2.0277203119822160e-02, 4.9710237810825031e-03,
          1.7757222026008167e-02, 1.3081650888966114e-02,
          1.3165149910445675e-02, -1.0624735718797169e-02,
          1.5604486060588967e-02, 3.1542744355528814e-03,
          8.6289783377403919e-03, 4.9710237810825014e-03,
          2.2296620974659059e-01, 2.4303930350837017e-02,
          5.5362721481904201e-02, 4.8281338768116813e-02,
          -5.9313281283266413e-02, 3.5633678980390181e-02,
          2.5470308236040826e-02, 1.9155391051038799e-02,
          1.7757222026008171e-02, 2.4303930350837017e-02,
          2.3316556412236039e-01 ]
   - !!opencv-matrix
      rows: 9
      cols: 9
      dt: d
      data: [ 1.0803333871938904e-01, 2.4970724335994197e-02,
          -3.6498948599957884e-03, 2.0443340246328181e-02,
          2.6846921823248479e-02, 2.7246560140636006e-02,
          2.4382472630512547e-02, 4.7725177935458423e-03,
          1.0003502573341164e-02, 2.4970724335994194e-02,
          2.1119040973158414e-02, 3.7059803712417628e-03,
          1.7285262037232650e-02, 2.2734228939203453e-02,
          1.8742396122571336e-02, 1.9015591240787680e-02,
          5.1647378316641785e-03, 7.7556601650231212e-03,
          -3.6498948599957893e-03, 3.7059803712417611e-03,
          1.2681880843109616e-01, -1.0967890313355846e-02,
          1.9139076163504101e-02, 1.4067885198933268e-02,
          1.5635692172934590e-02, 8.6119048772147211e-03,
          1.1547479219062051e-02, 2.0443340246328181e-02,
          1.7285262037232654e-02, -1.0967890313355842e-02,
          8.7916464355835444e-02, 2.3181844144871448e-02,
          1.7275125156920295e-02, 1.8861057301938367e-02,
          5.8636702306808595e-03, 3.9887315214511537e-03,
          2.6846921823248483e-02, 2.2734228939203453e-02,
          1.9139076163504101e-02, 2.3181844144871448e-02,
          1.8289535095555104e-01, 2.0930718583942892e-02,
          7.0191089470144283e-02, 8.8819270226787230e-03,
          2.9390336899854576e-02, 2.7246560140636006e-02,
          1.8742396122571336e-02, 1.4067885198933273e-02,
          1.7275125156920295e-02, 2.0930718583942898e-02,
          8.3000980111714570e-02, 2.3964067539562060e-02,
          7.2444814716711645e-03, 9.7521897253503107e-03,
          2.4382472630512547e-02, 1.9015591240787680e-02,
          1.5635692172934590e-02, 1.8861057301938367e-02,
          7.0191089470144283e-02, 2.3964067539562064e-02,
          1.5745751792534662e-01, 7.2394248591209293e-03,
          3.9957524265090021e-02, 4.7725177935458414e-03,
          5.1647378316641776e-03, 8.6119048772147211e-03,
          5.8636702306808595e-03, 8.8819270226787230e-03,
          7.2444814716711619e-03, 7.2394248591209310e-03,
          5.3877008769831876e-02, 4.4827720260165044e-03,
          1.0003502573341164e-02, 7.7556601650231212e-03,
          1.1547479219062051e-02, 3.9887315214511528e-03,
          2.9390336899854583e-02, 9.7521897253503090e-03,
          3.9957524265090028e-02, 4.4827720260165044e-03,
          2.5706133951864756e-02 ]
   - !!opencv-matrix
      rows: 9
      cols: 9
      dt: d
      data: [ 2.9438038720413529e-01, 1.5846653200369962e-01,
          -5.7575065342008866e-03, 2.5592814032884343e-02,
          -2.7678055822039967e-02, 1.7403802414716896e-02,
          -1.3585311315786079e-02, 6.8211108399689312e-03,
          1.6716103215496222e-03, 1.5846653200369962e-01,
          3.9700550647843652e-01, -3.0700244891522645e-03,
          6.7182770451342494e-02, 2.9315320414729538e-02,
          3.8144128568630399e-02, 8.6860963534270991e-03,
          2.1011214352413560e-02, 5.3915081195216969e-03,
          -5.7575065342008874e-03, -3.0700244891522645e-03,
          2.1594093241106675e-02, -1.3277787111954206e-03,
          -3.0106506512565935e-03, 2.5348808140590881e-03,
          -2.7631036582609612e-03, 1.0860874741759716e-03,
          -1.3541797916998878e-04, 2.5592814032884343e-02,
          6.7182770451342480e-02, -1.3277787111954202e-03,
          2.6959889064548066e-02, 9.3747414793806921e-03,
          9.6087592421764383e-03, 4.4741666074751526e-03,
          5.5589041113130629e-03, -2.4662161292194353e-03,
          -2.7678055822039967e-02, 2.9315320414729538e-02,
          -3.0106506512565922e-03, 9.3747414793806921e-03,
          1.0911000280462566e-01, 1.3727875544947947e-02,
          2.1920795789140746e-02, 7.9448937246493819e-03,
