%YAML:1.0
---
groups:
   - intact
   - CD19
intactGmmnames:
   - "intact.672.0"
   - "intact.672.1"
   - "intact.672.2"
   - "intact.672.3"
   - "intact.672.4"
intactLabels:
   - FSC-A
   - SSC-A
   - SY41
   - CD19
   - CD10
   - CD20
   - CD45
   - CD34
   - CD38
intactMu: !!opencv-matrix
   rows: 5
   cols: 9
   dt: d
   data: [ 3.5045208195615327e+00, 3.3209048440310593e+00,
       2.4821799472864905e+00, 1.8091995788890964e+00,
       2.7443570172302665e+00, 1.3628533503072002e+00,
       3.2280776741267414e+00, 1.1633779683055194e+00,
       2.0477375476298048e+00, 1.8331756302922440e+00,
       3.5248962023285424e-01, 2.6705824409725119e+00,
       1.2394108561954937e+00, 8.9920011558157309e-01,
       1.0580235758345948e+00, 3.9235437853625181e+00,
       1.1313761832870584e+00, 1.7646687146459479e+00,
       3.7365037076020498e+00, 2.7125540730163951e+00,
       2.7306268474380051e+00, 1.6966167542752870e+00,
       1.1884419069570713e+00, 1.3507039116349888e+00,
       3.1535103018815964e+00, 1.1267863489216789e+00,
       2.4957830122693823e+00, 3.2112207268835307e+00,
       2.7431475342824623e+00, 2.8319360343017541e+00,
       1.6626611820761943e+00, 2.6636672850554759e+00,
       1.2084531683693143e+00, 3.1363930483892966e+00,
       1.1395997608583457e+00, 1.8677822937930808e+00,
       2.1811949184660455e+00, 9.7950116858730041e-01,
       2.9612000785854171e+00, 1.2346199150747119e+00,
       1.1784079934498597e+00, 1.2780605371669149e+00,
       2.4343124580570712e+00, 1.4000506822514449e+00,
       2.2474463032582812e+00 ]
intactSigma:
   - !!opencv-matrix
      rows: 9
      cols: 9
      dt: d
      data: [ 2.4266565066203927e-01, 9.9865039370753750e-02,
          -5.8260165398961612e-04, 2.0282643077262869e-02,
          -3.2919872524511007e-02, 1.0844719163068754e-02,
          -1.2776331794855388e-02, 3.3910416712536169e-03,
          1.0176284579591929e-02, 9.9865039370753750e-02,
          2.9405531040426508e-01, 1.6270169143745877e-02,
          5.6621900605642296e-02, 1.0296317944725349e-02,
          2.5595532083363202e-02, 1.2100518981665498e-02,
          6.8781340194019949e-03, 3.8825062718526759e-02,
          -5.8260165398961612e-04, 1.6270169143745877e-02,
          2.3295542042110404e-02, 2.6789450686624397e-03,
          -6.0341232315007770e-05, 4.5116922692294333e-03,
          -2.6714174874303120e-03, 5.7519466725958614e-04,
          -6.1142673101691790e-03, 2.0282643077262876e-02,
          5.6621900605642296e-02, 2.6789450686624406e-03,
          2.8301718965986912e-02, 3.6578386160815530e-03,
          5.6371535869849951e-03, 3.3017632848719516e-03,
          2.1224445004014753e-03, 3.2217626305554941e-03,
          -3.2919872524511007e-02, 1.0296317944725353e-02,
          -6.0341232315007608e-05, 3.6578386160815530e-03,
          7.8421621793474658e-02, 3.6990844501210611e-03,
          1.5503868397803012e-02, 1.6287147244898796e-03,
          -5.7813352085815464e-03, 1.0844719163068752e-02,
          2.5595532083363199e-02, 4.5116922692294333e-03,
          5.6371535869849951e-03, 3.6990844501210611e-03,
          2.9646063403172163e-02, 7.6269833719881175e-04,
          8.5917162280825510e-04, -5.9923648764481402e-04,
          -1.2776331794855388e-02, 1.2100518981665502e-02,
          -2.6714174874303120e-03, 3.3017632848719512e-03,
          1.5503868397803012e-02, 7.6269833719881186e-04,
          2.1090742450736933e-02, -1.1169155735419773e-04,
          5.7623941504221501e-03, 3.3910416712536187e-03,
          6.8781340194019923e-03, 5.7519466725958603e-04,
          2.1224445004014753e-03, 1.6287147244898796e-03,
          8.5917162280825543e-04, -1.1169155735419770e-04,
          8.7114617697168148e-02, 1.9995624725928757e-03,
          1.0176284579591931e-02, 3.8825062718526752e-02,
          -6.1142673101691799e-03, 3.2217626305554932e-03,
          -5.7813352085815447e-03, -5.9923648764481424e-04,
          5.7623941504221501e-03, 1.9995624725928753e-03,
          7.8633069159696881e-02 ]
   - !!opencv-matrix
      rows: 9
      cols: 9
      dt: d
      data: [ 1.7983654672413354e-01, 2.8078951661084078e-02,
          -9.0961826885043298e-02, 2.5999109910227247e-02,
          1.0910192354239680e-02, 3.6705356987734812e-02,
          2.5935016556420148e-02, 4.5759735341972443e-03,
          -6.5503553252328913e-04, 2.8078951661084071e-02,
          1.9426176934223199e-02, -2.5210500989907632e-02,
          1.2621001668655814e-02, 6.8267872493409923e-03,
          1.6260776061856955e-02, 1.1707727675239797e-02,
          2.9365555726728132e-03, 4.3171563676579214e-03,
          -9.0961826885043312e-02, -2.5210500989907632e-02,
          1.5302566858501512e-01, -3.6036989516130324e-02,
          -1.4905200028347367e-02, -3.4873293433093519e-02,
          -2.6498932896490014e-02, -4.2472219004169266e-03,
          -2.0406535556328704e-03, 2.5999109910227247e-02,
          1.2621001668655814e-02, -3.6036989516130324e-02,
          6.3074674573917106e-02, 6.1114370966076983e-03,
          1.4851437412793513e-02, 1.0652006535201628e-02,
          6.3471675784231218e-03, -3.9029639351943549e-03,
          1.0910192354239680e-02, 6.8267872493409940e-03,
          -1.4905200028347367e-02, 6.1114370966076983e-03,
          5.3502120916453594e-02, 8.7584523418012695e-03,
          4.6959662193064638e-03, -8.6200905011405617e-03,
          6.3622959645957627e-04, 3.6705356987734812e-02,
          1.6260776061856955e-02, -3.4873293433093512e-02,
          1.4851437412793517e-02, 8.7584523418012695e-03,
          1.3941653284787861e-01, 1.3659073560779424e-02,
          8.4673772666104315e-04, -7.9385449349149741e-03,
          2.5935016556420148e-02, 1.1707727675239797e-02,
          -2.6498932896490014e-02, 1.0652006535201632e-02,
          4.6959662193064638e-03, 1.3659073560779425e-02,
          1.5939099744735466e-02, 3.6606148617671980e-04,
          3.7973422515778098e-03, 4.5759735341972443e-03,
          2.9365555726728128e-03, -4.2472219004169266e-03,
          6.3471675784231201e-03, -8.6200905011405583e-03,
          8.4673772666104435e-04, 3.6606148617671997e-04,
          2.0269268865872175e-01, 6.5879223675513179e-03,
          -6.5503553252328859e-04, 4.3171563676579223e-03,
          -2.0406535556328695e-03, -3.9029639351943549e-03,
          6.3622959645957681e-04, -7.9385449349149741e-03,
          3.7973422515778094e-03, 6.5879223675513205e-03,
          1.3359925467238065e-01 ]
   - !!opencv-matrix
      rows: 9
      cols: 9
      dt: d
      data: [ 2.0779591674054604e-01, 1.3508853214933259e-01,
          -1.3996708372615728e-02, 3.1342716718379911e-02,
          2.3473886401893358e-02, 2.3755503694082872e-02,
          7.9758629590757513e-03, 5.1449965990656927e-03,
          9.3609618448925336e-03, 1.3508853214933261e-01,
          4.7781645019498736e-01, -7.1284345903318086e-02,
          9.9993397033804401e-02, 6.1165914451067005e-02,
          4.0463496568705369e-02, 4.1796695110397818e-02,
          1.1227260740595530e-02, 4.6850510185146077e-02,
          -1.3996708372615725e-02, -7.1284345903318086e-02,
          8.8516927249134625e-02, -2.2753856891936649e-02,
          -7.2149823515610147e-03, 1.1000041607385668e-02,
          -1.0756017655957467e-02, -1.2600255925625259e-03,
          1.1253652337686170e-02, 3.1342716718379904e-02,
          9.9993397033804401e-02, -2.2753856891936649e-02,
          4.3618867024839005e-02, 1.1677537090094160e-02,
          9.2203277341940237e-03, 9.3479607126699081e-03,
          3.2845894779123573e-03, 1.0530719435284807e-02,
          2.3473886401893362e-02, 6.1165914451067005e-02,
          -7.2149823515610147e-03, 1.1677537090094161e-02,
          9.0021942033751134e-02, 6.5271765600506265e-03,
          6.7370882539636570e-03, 7.7387924048365393e-04,
