%YAML:1.0
---
groups:
   - intact
   - CD19
intactGmmnames:
   - "intact.678.0"
   - "intact.678.1"
   - "intact.678.2"
   - "intact.678.3"
   - "intact.678.4"
intactLabels:
   - FSC-A
   - SSC-A
   - SY41
   - CD19
   - CD10
   - CD20
   - CD45
   - CD34
   - CD38
intactMu: !!opencv-matrix
   rows: 5
   cols: 9
   dt: d
   data: [ 1.4006010147995562e+00, 2.5637910494304506e-01,
       3.7619236205396946e+00, 1.0435033150561490e+00,
       8.2012650762955963e-01, 9.1956251493889785e-01,
       3.5163157800033864e+00, 1.0301875799016551e+00,
       1.6288183203433564e+00, 3.2951676013193794e+00,
       3.0950554813893856e+00, 3.5430414247999744e+00,
       1.5104332502254665e+00, 1.8284165289412011e+00,
       1.2760050313302211e+00, 2.8463693065105846e+00,
       1.0932011007227918e+00, 1.7209993610153846e+00,
       2.6374242936527597e+00, 1.5985347353287627e+00,
       3.1511218250912876e+00, 1.4183975307899830e+00,
       1.1140629933883297e+00, 1.4352658875308535e+00,
       2.5797248416933720e+00, 1.4875259955975633e+00,
       2.2068582570727169e+00, 1.4960221252430530e+00,
       4.4641894295062473e-01, 3.9671581684300805e+00,
       8.4469912000138958e-01, 8.4193729558504937e-01,
       1.0667646179974182e+00, 1.3611984957818384e+00,
       1.0815123319958435e+00, 1.6318489738705306e+00,
       1.8457129354137070e+00, 4.6575760104142949e-01,
       3.5570674382388785e+00, 1.1295106561143797e+00,
       8.9162011679170017e-01, 1.0505085266482654e+00,
       3.6452739046130582e+00, 1.0644395034420115e+00,
       1.6272902705973482e+00 ]
intactSigma:
   - !!opencv-matrix
      rows: 9
      cols: 9
      dt: d
      data: [ 7.9755298967869051e-02, 6.8544223206792052e-03,
          -2.6328352629652503e-02, 1.5823152303717478e-02,
          9.4672412273980652e-03, 1.1608789516909053e-02,
          1.1187287314425925e-02, -7.5555316382086687e-04,
          -1.7316974309271420e-02, 6.8544223206792069e-03,
          7.4017045971767163e-03, -3.7790182913420831e-03,
          3.1181438373684856e-03, 2.9222746450673028e-03,
          8.9536871911630126e-03, 3.3073227648561486e-03,
          3.4499904754710224e-04, -5.8492157771337155e-03,
          -2.6328352629652503e-02, -3.7790182913420844e-03,
          3.2869101517982495e-02, -1.7320803059145455e-02,
          -1.0668855178687256e-02, -8.6447446204813531e-03,
          -7.2464020703296127e-03, 2.0368512168342798e-03,
          1.6862506369582950e-02, 1.5823152303717475e-02,
          3.1181438373684856e-03, -1.7320803059145455e-02,
          1.5945967844236894e-02, 6.1219350038792773e-03,
          6.5444877973027497e-03, 4.2782760335057617e-03,
          -1.0354993780482262e-04, -1.3356480271805129e-02,
          9.4672412273980652e-03, 2.9222746450673028e-03,
          -1.0668855178687256e-02, 6.1219350038792765e-03,
          2.5727521801994082e-02, -2.9378541536540068e-04,
          3.1313867758499961e-03, -3.9799990100042116e-03,
          -7.4366187082991362e-03, 1.1608789516909057e-02,
          8.9536871911630126e-03, -8.6447446204813531e-03,
          6.5444877973027480e-03, -2.9378541536540111e-04,
          9.3062185801515526e-02, 5.4458756551801499e-03,
          -9.1539400940119199e-04, -1.6803686222530725e-02,
          1.1187287314425925e-02, 3.3073227648561486e-03,
          -7.2464020703296127e-03, 4.2782760335057617e-03,
          3.1313867758499970e-03, 5.4458756551801490e-03,
          9.4801375644762275e-03, -2.2922213567857898e-03,
          -1.0947456059297287e-02, -7.5555316382086644e-04,
          3.4499904754710180e-04, 2.0368512168342802e-03,
          -1.0354993780482262e-04, -3.9799990100042116e-03,
          -9.1539400940119199e-04, -2.2922213567857898e-03,
          1.1749280778416545e-01, 6.2395292284544400e-03,
          -1.7316974309271420e-02, -5.8492157771337155e-03,
          1.6862506369582950e-02, -1.3356480271805133e-02,
          -7.4366187082991380e-03, -1.6803686222530725e-02,
          -1.0947456059297287e-02, 6.2395292284544400e-03,
          1.7808079502594326e-01 ]
   - !!opencv-matrix
      rows: 9
      cols: 9
      dt: d
      data: [ 3.7137514869888266e-01, 1.0963533604465817e-01,
          -1.4564010911442585e-02, 2.9590724372110709e-02,
          -1.6579275584199538e-01, 4.1843522936539992e-02,
          -8.6494928214662248e-03, 3.5023086866661085e-03,
          4.0171354301392834e-02, 1.0963533604465812e-01,
          4.5253215327489327e-01, -5.7614473750078096e-02,
          8.7400963712005189e-02, 9.2053651657867552e-02,
          5.3358814421719171e-02, 3.3547971669675505e-02,
          1.0956151659937647e-02, 1.1626648613449798e-02,
          -1.4564010911442585e-02, -5.7614473750078110e-02,
          9.6685318408367249e-02, -4.0045114388148270e-02,
          -3.7927167271689711e-03, -4.3456166795799150e-03,
          -1.1856542094916760e-02, 1.9301130480478413e-03,
          6.1360457049972478e-03, 2.9590724372110709e-02,
          8.7400963712005189e-02, -4.0045114388148270e-02,
          4.0047160009838358e-02, 7.1057551293662773e-03,
          1.1259874300214358e-02, 9.1987032087527155e-03,
          1.3294311883029781e-03, -5.6635901003099023e-03,
          -1.6579275584199535e-01, 9.2053651657867552e-02,
          -3.7927167271689659e-03, 7.1057551293662747e-03,
          4.7057487197076309e-01, -1.4116874265011441e-02,
          2.5579610902341718e-02, 7.7184060011376201e-03,
          -7.4572377502967260e-02, 4.1843522936539979e-02,
          5.3358814421719157e-02, -4.3456166795799141e-03,
          1.1259874300214356e-02, -1.4116874265011448e-02,
          6.2035589742600691e-02, 3.1549051995484220e-03,
          3.1225736005374184e-03, 1.3916350051961839e-02,
          -8.6494928214662231e-03, 3.3547971669675498e-02,
          -1.1856542094916760e-02, 9.1987032087527173e-03,
          2.5579610902341718e-02, 3.1549051995484220e-03,
          3.2805537807429966e-02, -7.9391525427707050e-04,
          6.3290332218058432e-03, 3.5023086866661085e-03,
          1.0956151659937647e-02, 1.9301130480478405e-03,
          1.3294311883029774e-03, 7.7184060011376175e-03,
          3.1225736005374176e-03, -7.9391525427707083e-04,
          6.2281284606169260e-02, 2.6893426523068070e-03,
          4.0171354301392841e-02, 1.1626648613449793e-02,
          6.1360457049972460e-03, -5.6635901003099049e-03,
          -7.4572377502967260e-02, 1.3916350051961837e-02,
          6.3290332218058432e-03, 2.6893426523068079e-03,
          1.5004233766285716e-01 ]
   - !!opencv-matrix
      rows: 9
      cols: 9
      dt: d
      data: [ 6.5864105996513600e-01, 3.3895907725463303e-01,
          9.7894745749415535e-02, 4.2405138697292975e-02,
          3.2848121650186829e-02, 9.2074404516213376e-02,
          1.2062721089889508e-01, 4.4756132086680459e-02,
          1.1500024227842071e-01, 3.3895907725463303e-01,
          5.9349808622996880e-01, 1.3822163517363462e-01,
          6.7865611765039441e-02, 7.8465944897599435e-02,
          1.1475253321156530e-01, 1.4694316532008891e-01,
          6.1630488882863143e-03, 1.2008658062554432e-01,
          9.7894745749415493e-02, 1.3822163517363462e-01,
          1.8787467434674671e-01, -2.8300592313748211e-02,
          9.8349878369065283e-03, 4.6050993732250987e-02,
          1.0496022608105647e-01, 1.0151629801945471e-02,
          1.7525101529938575e-01, 4.2405138697292961e-02,
          6.7865611765039441e-02, -2.8300592313748197e-02,
          5.1512986600866305e-02, 1.8132288697849476e-02,
          2.8976698885700734e-02, 1.1928564460196753e-02,
          4.4692772766048066e-03, -3.2288331669215430e-02,
          3.2848121650186836e-02, 7.8465944897599477e-02,
          9.8349878369065283e-03, 1.8132288697849476e-02,
          7.0487456186644926e-02, 2.4812655860681116e-02,
          2.3501984151126237e-02, 5.3150066497408147e-03,
