%YAML:1.0
---
groups:
   - intact
   - CD19
intactGmmnames:
   - "intact.678.0"
   - "intact.678.1"
   - "intact.678.2"
   - "intact.678.3"
   - "intact.678.4"
intactLabels:
   - FSC-A
   - SSC-A
   - SY41
   - CD19
   - CD10
   - CD20
   - CD45
   - CD34
   - CD38
intactMu: !!opencv-matrix
   rows: 5
   cols: 9
   dt: d
   data: [ 1.3925329172172327e+00, 2.5794184786128055e-01,
       3.4286349044056132e+00, 9.7644607161894814e-01,
       8.5750977482627000e-01, 9.5411027816516125e-01,
       3.8117564690763746e+00, 1.1483097690131199e+00,
       1.9692218103463324e+00, 1.7125156453883614e+00,
       5.4141102869945767e-01, 3.3392614903424365e+00,
       1.1154083138765873e+00, 9.2827407461427203e-01,
       1.1072094765434637e+00, 3.8777803349587612e+00,
       1.2384662564550433e+00, 2.5218409957855896e+00,
       2.8127108530441500e+00, 2.6792605929531566e+00,
       3.4214912680987677e+00, 1.6099094396256068e+00,
       2.0129658994504198e+00, 1.2984099403748153e+00,
       3.1314429437296147e+00, 1.4721830111827869e+00,
       1.9767844582801015e+00, 1.3606851399998421e+00,
       5.5654948965861895e-01, 2.9138917303596616e+00,
       1.0458156503164202e+00, 9.8942034480618068e-01,
       1.1080507904865762e+00, 1.7385852973136802e+00,
       1.3802882801333518e+00, 1.5303185399993586e+00,
       1.6058730846127618e+00, 4.0308317936846788e-01,
       3.1777075825782619e+00, 1.1689312083143435e+00,
       9.0584702842309894e-01, 1.0079440425537478e+00,
       3.9604920049934673e+00, 1.1651738147756909e+00,
       1.8461784096299996e+00 ]
intactSigma:
   - !!opencv-matrix
      rows: 9
      cols: 9
      dt: d
      data: [ 4.6519170726559582e-02, 2.7184547618015970e-03,
          -1.1160844647499406e-02, 9.0829483010716801e-03,
          2.4942456759856060e-03, 5.3538991115586647e-03,
          2.7496306565119731e-03, -3.5674303375809541e-04,
          -8.0976765531931040e-04, 2.7184547618015970e-03,
          3.6803725676465564e-03, -1.7469115243648333e-03,
          2.9581981204253515e-03, 1.5962335084960908e-03,
          4.9745349054984428e-03, 2.0195721558312774e-03,
          1.3572533163989776e-04, -6.1036618903010671e-03,
          -1.1160844647499406e-02, -1.7469115243648333e-03,
          1.4812910882662476e-02, -1.0227679367346249e-02,
          -2.7976884061973258e-03, -1.6401741186481981e-03,
          -2.8095609085223771e-03, 2.8991704387525455e-04,
          4.1486418305869055e-03, 9.0829483010716784e-03,
          2.9581981204253515e-03, -1.0227679367346247e-02,
          6.6280680440762574e-02, 2.6327788429570714e-03,
          6.1103795601633905e-03, 2.9017102591970762e-03,
          3.2759111833575928e-03, -1.5422913186206417e-02,
          2.4942456759856060e-03, 1.5962335084960908e-03,
          -2.7976884061973266e-03, 2.6327788429570714e-03,
          3.1454485681598497e-02, -2.2770249328000120e-03,
          1.5136460156526936e-03, -5.9705782511090440e-03,
          -5.8412925030894847e-03, 5.3538991115586639e-03,
          4.9745349054984428e-03, -1.6401741186481984e-03,
          6.1103795601633905e-03, -2.2770249328000116e-03,
          7.8677992572991406e-02, 2.9869722999899010e-03,
          -8.8039101560873035e-04, -1.7509816279655022e-02,
          2.7496306565119723e-03, 2.0195721558312774e-03,
          -2.8095609085223771e-03, 2.9017102591970762e-03,
          1.5136460156526940e-03, 2.9869722999899010e-03,
          6.1864973911446219e-03, -1.3589538003339434e-03,
          -7.0201095888778346e-03, -3.5674303375809530e-04,
          1.3572533163989792e-04, 2.8991704387525450e-04,
          3.2759111833575915e-03, -5.9705782511090466e-03,
          -8.8039101560872916e-04, -1.3589538003339438e-03,
          1.2741627235581846e-01, 6.9434801053731652e-03,
          -8.0976765531931062e-04, -6.1036618903010671e-03,
          4.1486418305869055e-03, -1.5422913186206422e-02,
          -5.8412925030894864e-03, -1.7509816279655019e-02,
          -7.0201095888778346e-03, 6.9434801053731695e-03,
          1.9891830497389160e-01 ]
   - !!opencv-matrix
      rows: 9
      cols: 9
      dt: d
      data: [ 1.6154999618256780e-01, 3.0416831720314924e-02,
          -2.2008185586792552e-02, 3.6515454496252472e-02,
          7.1855690877805287e-03, 2.3907950908899540e-02,
          2.3127646621988615e-02, 1.4077351363508999e-02,
          1.9278566111527243e-02, 3.0416831720314924e-02,
          3.8456836911085701e-02, -2.7563502940264706e-03,
          2.7068101830098668e-02, 1.2578797405180600e-02,
          2.8693961634265047e-02, 7.7982218418312654e-03,
          1.1526657670882210e-02, -9.2043356775929088e-04,
          -2.2008185586792552e-02, -2.7563502940264693e-03,
          8.7350205413153970e-02, -4.1936637161077352e-02,
          -9.9776693121187776e-04, 2.7458894815467268e-02,
          -1.1313170299958791e-02, -5.4147514415587884e-03,
          -1.0824778451986353e-01, 3.6515454496252472e-02,
          2.7068101830098668e-02, -4.1936637161077352e-02,
          1.1794366025749879e-01, 1.3459886020939628e-02,
          1.8491700117133643e-02, 1.3122545545035504e-02,
          1.6707864500693177e-02, 4.9336233094872478e-02,
          7.1855690877805278e-03, 1.2578797405180597e-02,
          -9.9776693121187776e-04, 1.3459886020939628e-02,
          4.6758338045375471e-02, 1.9470181532063400e-02,
          1.4423927054660703e-03, -5.0669502427055826e-04,
          -1.2930799348764231e-02, 2.3907950908899540e-02,
          2.8693961634265044e-02, 2.7458894815467268e-02,
          1.8491700117133643e-02, 1.9470181532063400e-02,
          1.3149702527262230e-01, -1.1668125660571602e-04,
          9.7172215025924363e-03, -6.6398028240382573e-02,
          2.3127646621988615e-02, 7.7982218418312646e-03,
          -1.1313170299958795e-02, 1.3122545545035504e-02,
          1.4423927054660703e-03, -1.1668125660571570e-04,
          1.8790663891090721e-02, 2.0439025225820850e-03,
          1.6190362947769429e-02, 1.4077351363508999e-02,
          1.1526657670882214e-02, -5.4147514415587893e-03,
          1.6707864500693177e-02, -5.0669502427055772e-04,
          9.7172215025924380e-03, 2.0439025225820855e-03,
          1.6980535763931215e-01, 2.3029935392464482e-02,
          1.9278566111527243e-02, -9.2043356775929196e-04,
          -1.0824778451986351e-01, 4.9336233094872471e-02,
          -1.2930799348764231e-02, -6.6398028240382559e-02,
          1.6190362947769432e-02, 2.3029935392464475e-02,
          4.7459384464027227e-01 ]
   - !!opencv-matrix
      rows: 9
      cols: 9
      dt: d
      data: [ 3.6143567923024456e-01, 2.1094109308706477e-01,
          9.5214083949626219e-03, 6.1773411438564851e-02,
          1.6868913921300247e-02, 3.7661036344981608e-02,
          1.6453292333953051e-02, -1.3621668410896402e-02,
          3.2953213564364529e-02, 2.1094109308706477e-01,
          4.7732275618076297e-01, 6.2050727001308967e-02,
          1.0625866059313764e-01, 1.6509527816376021e-01,
          2.9989135924261147e-02, -1.8681556644588187e-02,
          -1.1269275200447669e-01, -6.8297047601507732e-02,
          9.5214083949626219e-03, 6.2050727001308981e-02,
          1.1296417713090669e-01, -2.1458007787300885e-02,
          1.1058420140132906e-01, -3.7953831762549906e-02,
          -2.6163118229083272e-02, -1.3377051784718477e-01,
          -9.9986856844806432e-02, 6.1773411438564851e-02,
          1.0625866059313764e-01, -2.1458007787300885e-02,
          7.5781060871031813e-02, 6.3635381020065796e-03,
          2.8005569670164723e-02, 9.1706632228647760e-03,
          1.4243594227859582e-02, 1.1089552660770292e-02,
          1.6868913921300247e-02, 1.6509527816376021e-01,
          1.1058420140132906e-01, 6.3635381020065796e-03,
          3.3113666647621431e-01, -5.2272503074414667e-02,
          -2.3105773797838635e-02, -2.0414562492245142e-01,
