%YAML:1.0
---
groups:
   - intact
   - CD19
intactGmmnames:
   - "intact.682.0"
   - "intact.682.1"
   - "intact.682.2"
   - "intact.682.3"
   - "intact.682.4"
intactLabels:
   - FSC-A
   - SSC-A
   - SY41
   - CD19
   - CD10
   - CD20
   - CD45
   - CD34
   - CD38
intactMu: !!opencv-matrix
   rows: 5
   cols: 9
   dt: d
   data: [ 2.4719583663937161e+00, 3.2368779578986806e+00,
       3.6563198015803198e+00, 1.6081328401090229e+00,
       1.9727902364444372e+00, 1.2376995044895636e+00,
       2.7550881485399952e+00, 1.1677009667785672e+00,
       1.8315330943872223e+00, 1.1692986081296286e+00,
       2.8181842478142277e-01, 3.5993552565309508e+00,
       9.4011615639763746e-01, 8.3197803427124106e-01,
       9.3682715468042543e-01, 3.5251170513542487e+00,
       1.0891883603253809e+00, 1.6844726273305908e+00,
       2.0193462591237958e+00, 2.5368049928861494e+00,
       3.8959017583647686e+00, 1.2246477390626456e+00,
       1.8022501398371249e+00, 1.0724383804794906e+00,
       2.6626610182042945e+00, 1.1384258360810826e+00,
       1.7770787628004758e+00, 1.8411807319353670e+00,
       1.1837243787977905e+00, 3.4785841760236731e+00,
       1.1965824795294535e+00, 1.1163939407859909e+00,
       1.2113095037236146e+00, 2.4789737179268494e+00,
       1.3695546100534426e+00, 2.0392929342304553e+00,
       1.4599002788465847e+00, 4.7570795587570985e-01,
       3.4240670509549429e+00, 1.0903630801454769e+00,
       8.7987133485178703e-01, 9.4505523051823415e-01,
       3.6619625207628146e+00, 1.1333522694368747e+00,
       2.2680745431355187e+00 ]
intactSigma:
   - !!opencv-matrix
      rows: 9
      cols: 9
      dt: d
      data: [ 3.1118250572463546e-01, 1.4076575833248287e-01,
          -1.3908467808975589e-03, 3.5179842899692906e-02,
          -2.5697992360225189e-02, 1.8733206444059024e-02,
          -7.1393376138084693e-03, 3.3925056137641004e-03,
          5.7388463912069563e-03, 1.4076575833248289e-01,
          3.6300718574852109e-01, 1.5532209846500580e-03,
          7.8964935019108229e-02, 3.9484528557380154e-02,
          3.7814658825746653e-02, 1.7540246482202610e-02,
          7.6376839460536687e-03, 5.4516467548328621e-03,
          -1.3908467808975583e-03, 1.5532209846500589e-03,
          4.6855969943906402e-02, -1.8827991592587842e-02,
          -1.1668367586418385e-02, 3.7133074384508575e-03,
          -5.2029150461226402e-03, 4.4194250845139378e-03,
          4.0163154755067966e-03, 3.5179842899692906e-02,
          7.8964935019108215e-02, -1.8827991592587842e-02,
          5.0673056991606118e-02, 1.4334749815054051e-02,
          7.9402486934398893e-03, 6.8802542011583067e-03,
          1.3711673704872459e-03, -7.3982218954962943e-03,
          -2.5697992360225182e-02, 3.9484528557380147e-02,
          -1.1668367586418385e-02, 1.4334749815054051e-02,
          1.8940717854156869e-01, 4.6860942919073334e-03,
          3.9580516384816106e-02, 4.0499802735136396e-03,
          -1.0792470023408208e-02, 1.8733206444059028e-02,
          3.7814658825746653e-02, 3.7133074384508562e-03,
          7.9402486934398893e-03, 4.6860942919073334e-03,
          4.8216369762271158e-02, 3.6978736117856386e-03,
          4.0761020767384817e-03, 4.6667249876045543e-03,
          -7.1393376138084710e-03, 1.7540246482202614e-02,
          -5.2029150461226394e-03, 6.8802542011583085e-03,
          3.9580516384816106e-02, 3.6978736117856386e-03,
          4.2278648269393641e-02, 1.4157769530406309e-03,
          -9.1152341549489535e-04, 3.3925056137641026e-03,
          7.6376839460536696e-03, 4.4194250845139360e-03,
          1.3711673704872465e-03, 4.0499802735136405e-03,
          4.0761020767384800e-03, 1.4157769530406315e-03,
          8.7559124821289247e-02, 2.3336230874523747e-03,
          5.7388463912069546e-03, 5.4516467548328612e-03,
          4.0163154755067966e-03, -7.3982218954962943e-03,
          -1.0792470023408204e-02, 4.6667249876045534e-03,
          -9.1152341549489567e-04, 2.3336230874523738e-03,
          5.4978920367333275e-02 ]
   - !!opencv-matrix
      rows: 9
      cols: 9
      dt: d
      data: [ 1.1603566494600646e-01, 1.2282433007664092e-02,
          -3.3109582335509730e-02, 2.7008915482283430e-02,
          1.1022959166046698e-02, 1.3872727368572597e-02,
          1.9833512413786950e-02, -4.4259937575252757e-04,
          -1.0901697308911983e-02, 1.2282433007664089e-02,
          1.4040358777472148e-02, -8.8149737499655951e-03,
          1.0794581448469504e-02, 7.5912178934362650e-03,
          1.0955370248288940e-02, 6.7447600729083181e-03,
          1.7229816337014157e-03, -3.1137005469832387e-03,
          -3.3109582335509730e-02, -8.8149737499655951e-03,
          4.4764354955214039e-02, -3.1562696301865457e-02,
          -1.2382927878584709e-02, -8.5791348789043039e-03,
          -1.3464681208899919e-02, 1.2760523297800619e-03,
          8.0916466185601849e-03, 2.7008915482283430e-02,
          1.0794581448469504e-02, -3.1562696301865457e-02,
          5.3005610252639640e-02, 1.1317319672262008e-02,
          1.1010217207010148e-02, 1.1654467930140707e-02,
          1.3990229146407299e-03, -1.1201723642611714e-02,
          1.1022959166046698e-02, 7.5912178934362650e-03,
          -1.2382927878584709e-02, 1.1317319672262009e-02,
          4.4134834209344692e-02, 1.6154997699601317e-03,
          5.2852014900246977e-03, -4.4312923825509110e-03,
          -3.1092517108167596e-03, 1.3872727368572596e-02,
          1.0955370248288942e-02, -8.5791348789043056e-03,
          1.1010217207010148e-02, 1.6154997699601320e-03,
          9.1859756354942645e-02, 5.7643248431211245e-03,
          2.4511199006552516e-03, -7.4745897118595993e-03,
          1.9833512413786954e-02, 6.7447600729083181e-03,
          -1.3464681208899921e-02, 1.1654467930140707e-02,
          5.2852014900246986e-03, 5.7643248431211245e-03,
          1.4879474939255340e-02, -1.8215054474877068e-03,
          -4.5185499085536839e-03, -4.4259937575252779e-04,
          1.7229816337014166e-03, 1.2760523297800619e-03,
          1.3990229146407295e-03, -4.4312923825509110e-03,
          2.4511199006552499e-03, -1.8215054474877068e-03,
          1.3277911608875775e-01, 1.6554883144948415e-03,
          -1.0901697308911985e-02, -3.1137005469832391e-03,
          8.0916466185601815e-03, -1.1201723642611714e-02,
          -3.1092517108167596e-03, -7.4745897118595993e-03,
          -4.5185499085536830e-03, 1.6554883144948409e-03,
          4.3530244656560767e-02 ]
   - !!opencv-matrix
      rows: 9
      cols: 9
      dt: d
      data: [ 2.0515944655958201e-01, 9.6066210932904433e-02,
          1.8023960931127707e-03, 2.0928297499188453e-02,
          -1.2310081151267130e-02, 1.3528160491583473e-02,
          -4.6448562958713458e-03, 3.0927276154350215e-03,
          4.4425855853858975e-03, 9.6066210932904433e-02,
          2.3849709135111705e-01, -1.5644878339507878e-03,
          5.7764253213765222e-02, 4.6063864307546332e-02,
          3.0326421940693401e-02, 1.9256134623161121e-02,
          5.8169028148735234e-03, 7.7149154630922669e-03,
          1.8023960931127700e-03, -1.5644878339507885e-03,
          1.9037253693020131e-02, -2.3039581617783893e-02,
          -2.2646609270407176e-03, -1.0931564377845767e-03,
          -8.7393579572642057e-05, 1.3511641950861950e-03,
          7.5612805387683237e-04, 2.0928297499188456e-02,
          5.7764253213765222e-02, -2.3039581617783893e-02,
          7.7291538584526448e-02, 1.5089904676875990e-02,
          8.6502285775513412e-03, 4.4741234327041945e-03,
          1.1023995213815554e-04, -6.8185624080870002e-03,
          -1.2310081151267130e-02, 4.6063864307546325e-02,
          -2.2646609270407180e-03, 1.5089904676875990e-02,
          2.0990440794188636e-01, 3.5435034834144915e-03,
          3.7656133285383711e-02, 1.7762937350095222e-03,
