%YAML:1.0
---
groups:
   - intact
   - CD19
intactGmmnames:
   - "intact.683.0"
   - "intact.683.1"
   - "intact.683.2"
   - "intact.683.3"
   - "intact.683.4"
intactLabels:
   - FSC-A
   - SSC-A
   - SY41
   - CD19
   - CD10
   - CD20
   - CD45
   - CD34
   - CD38
intactMu: !!opencv-matrix
   rows: 5
   cols: 9
   dt: d
   data: [ 2.0696364833913021e+00, 1.2849955805672915e+00,
       3.0101900997629762e+00, 1.4333521909315832e+00,
       1.4259240274930687e+00, 1.5441767889198466e+00,
       2.6614562993760984e+00, 1.2805025261313241e+00,
       2.2657475415172716e+00, 8.8421596614166520e-01,
       2.4357128012754556e-01, 3.2240451347292223e+00,
       1.0025807966916944e+00, 9.7037171789338983e-01,
       1.1305420421321131e+00, 3.2740746599628103e+00,
       1.0030674000200472e+00, 1.7501217596314826e+00,
       2.4495773249166271e+00, 2.8399839766194437e+00,
       2.6960003966002710e+00, 1.8199592851614441e+00,
       2.4520882267030633e+00, 1.3749785963177361e+00,
       2.8846014780601719e+00, 1.0576431558903561e+00,
       1.7119496254642836e+00, 8.6236008109786322e-01,
       3.8988421374387799e-01, 3.3413525896566010e+00,
       8.4473410718790831e-01, 9.3604398019587576e-01,
       1.0637609409602626e+00, 1.1910650954402839e+00,
       1.0011820440538250e+00, 1.6865862090162591e+00,
       3.2015287155375445e+00, 2.4221759646151972e+00,
       2.8142535690620876e+00, 1.7130996179849012e+00,
       1.2502936212727014e+00, 1.3682369971311765e+00,
       2.6857022651119524e+00, 1.0080018305159975e+00,
       1.7664613626291594e+00 ]
intactSigma:
   - !!opencv-matrix
      rows: 9
      cols: 9
      dt: d
      data: [ 7.4516560833022027e-01, 3.7751605483806161e-01,
          2.3073050442066631e-02, 1.0797179928112070e-01,
          7.0585026545538235e-02, 7.8310698732203046e-02,
          9.2387311462544711e-02, -1.6153267631631055e-02,
          2.9727353423901481e-02, 3.7751605483806155e-01,
          5.8861606943950417e-01, 5.0952040634143603e-02,
          1.8097948075469361e-01, 1.4691358668407728e-01,
          1.2411807227978708e-01, 7.7071651826955056e-03,
          -2.3254145380172449e-03, -2.3340244422807108e-02,
          2.3073050442066634e-02, 5.0952040634143610e-02,
          2.3010694919976418e-01, -3.3892732944623472e-02,
          3.3898839104296048e-03, 4.5030934999456027e-02,
          -1.7836575927689363e-02, 1.6262838495427531e-02,
          4.6717220128797414e-02, 1.0797179928112070e-01,
          1.8097948075469361e-01, -3.3892732944623472e-02,
          1.6504193929667879e-01, 9.3995327320850253e-02,
          9.3948483315850567e-02, 3.9800737894119538e-02,
          2.7241176604088601e-02, -1.7313764342602265e-02,
          7.0585026545538235e-02, 1.4691358668407728e-01,
          3.3898839104296048e-03, 9.3995327320850225e-02,
          2.2413043071338773e-01, 1.2051779822806405e-01,
          6.1974596260483822e-02, 4.5758781389653967e-02,
          6.1485138129853973e-03, 7.8310698732203046e-02,
          1.2411807227978708e-01, 4.5030934999456027e-02,
          9.3948483315850567e-02, 1.2051779822806405e-01,
          1.8937389364924473e-01, 5.2001572054339043e-02,
          4.9133952759341626e-02, 1.2514299536011292e-02,
          9.2387311462544738e-02, 7.7071651826954987e-03,
          -1.7836575927689356e-02, 3.9800737894119524e-02,
          6.1974596260483836e-02, 5.2001572054339043e-02,
          4.4464340217292631e-01, -9.6913769624855893e-03,
          7.7174997057702949e-02, -1.6153267631631055e-02,
          -2.3254145380172441e-03, 1.6262838495427531e-02,
          2.7241176604088601e-02, 4.5758781389653967e-02,
          4.9133952759341626e-02, -9.6913769624855858e-03,
          2.5863764141229656e-01, 2.2554848854991288e-02,
          2.9727353423901474e-02, -2.3340244422807108e-02,
          4.6717220128797400e-02, -1.7313764342602268e-02,
          6.1485138129853921e-03, 1.2514299536011294e-02,
          7.7174997057702949e-02, 2.2554848854991295e-02,
          2.7033211698580600e-01 ]
   - !!opencv-matrix
      rows: 9
      cols: 9
      dt: d
      data: [ 1.7496334386621912e-01, 1.0318073727549223e-02,
          -7.1724478675382938e-02, 2.0505515014121196e-02,
          1.5243463751536401e-02, 1.7368804395542399e-02,
          4.5920510768233058e-02, -4.8310134057148778e-03,
          -7.4747212474217282e-03, 1.0318073727549225e-02,
          1.1661126260717839e-02, -4.3478726634988973e-03,
          7.9983421647302280e-03, 8.4459517230464284e-03,
          1.1557335211397197e-02, 4.9365977823562016e-03,
          2.3072347360209586e-03, -2.8881949516891203e-05,
          -7.1724478675382938e-02, -4.3478726634988965e-03,
          5.7384783831541726e-02, -1.5286323993237544e-02,
          -8.4332510861634558e-03, -4.3819614086991485e-03,
          -2.1622386976189165e-02, 5.2450018784276188e-03,
          3.8170116840718056e-03, 2.0505515014121189e-02,
          7.9983421647302280e-03, -1.5286323993237545e-02,
          5.6834590354364223e-02, 9.2412760301483071e-03,
          1.1368807999676224e-02, 8.3405970746703393e-03,
          4.2778347562206871e-03, -3.4289043738311552e-03,
          1.5243463751536400e-02, 8.4459517230464302e-03,
          -8.4332510861634558e-03, 9.2412760301483071e-03,
          7.3943802748333537e-02, 5.4321325345691417e-03,
          8.5652656526585911e-03, -1.5898728408673675e-03,
          1.2194136384817600e-04, 1.7368804395542399e-02,
          1.1557335211397197e-02, -4.3819614086991494e-03,
          1.1368807999676224e-02, 5.4321325345691425e-03,
          7.8589352505304591e-02, 1.1159148087621919e-02,
          3.0995914842201120e-03, -2.1158226095257028e-03,
          4.5920510768233058e-02, 4.9365977823562033e-03,
          -2.1622386976189165e-02, 8.3405970746703393e-03,
          8.5652656526585911e-03, 1.1159148087621921e-02,
          2.3525451176178724e-02, -3.1786174154635289e-03,
          -2.2293178484006923e-03, -4.8310134057148735e-03,
          2.3072347360209586e-03, 5.2450018784276197e-03,
          4.2778347562206888e-03, -1.5898728408673681e-03,
          3.0995914842201111e-03, -3.1786174154635281e-03,
          1.4278066477504328e-01, 1.9058055164654195e-03,
          -7.4747212474217282e-03, -2.8881949516891264e-05,
          3.8170116840718048e-03, -3.4289043738311557e-03,
          1.2194136384817634e-04, -2.1158226095257028e-03,
          -2.2293178484006923e-03, 1.9058055164654199e-03,
          1.2330978348451834e-02 ]
   - !!opencv-matrix
      rows: 9
      cols: 9
      dt: d
      data: [ 4.1883147665174625e-01, 2.4182674088793504e-01,
          -4.1815224762150154e-02, 6.1581016609913476e-02,
          -6.6056562655401408e-03, 3.0340198895049741e-02,
          9.3204407250869047e-03, 4.5467074007980290e-03,
          4.7773285051866898e-06, 2.4182674088793502e-01,
          5.4342328796519024e-01, -2.6026020313444424e-02,
          1.1897464919364199e-01, 2.1290020984780320e-02,
          6.2740654339495230e-02, 2.2117282186313512e-02,
          1.2879251924654483e-02, 9.4504371313307398e-04,
          -4.1815224762150154e-02, -2.6026020313444420e-02,
          9.4755765261815256e-02, -1.3317734665451554e-02,
          1.4629388120273282e-03, -1.4745514228066906e-03,
          -3.8273953424697274e-03, 3.2986662380731658e-03,
          2.3760780314295839e-04, 6.1581016609913483e-02,
          1.1897464919364199e-01, -1.3317734665451554e-02,
          5.1171703494065225e-02, 7.6942123228973787e-03,
          1.6136955534343394e-02, 6.3444147338926398e-03,
          5.2756424613592794e-03, -2.4372976347697512e-03,
          -6.6056562655401425e-03, 2.1290020984780313e-02,
          1.4629388120273282e-03, 7.6942123228973787e-03,
          7.6799197150370119e-02, 1.1715093280578386e-02,
          1.2216700752811437e-02, 6.6781145278573548e-03,
