%YAML:1.0
---
groups:
   - intact
   - CD19
   - blast
intactGmmnames:
   - "intact.684.0"
   - "intact.684.1"
   - "intact.684.2"
   - "intact.684.3"
   - "intact.684.4"
intactLabels:
   - FSC-A
   - SSC-A
   - SY41
   - CD19
   - CD10
   - CD20
   - CD45
   - CD34
   - CD38
intactMu: !!opencv-matrix
   rows: 5
   cols: 9
   dt: d
   data: [ 1.7637870270811105e+00, 3.6516925561012931e-01,
       2.1786002577491690e+00, 1.1570766098396554e+00,
       9.9810669502638405e-01, 1.0177908821855917e+00,
       3.6721990806389067e+00, 1.1730502603090724e+00,
       1.7861629653807580e+00, 1.6784204595649801e+00,
       7.6493125977260279e-01, 2.2248106104085537e+00,
       1.1934270370377884e+00, 1.0994336843485277e+00,
       1.1805641918921301e+00, 1.4897648170728910e+00,
       1.1526198531567449e+00, 1.6927433760762027e+00,
       1.3249583211172684e+00, 2.7307155324005250e-01,
       2.2594704123267206e+00, 1.1095976455591003e+00,
       9.0149102740564813e-01, 9.1669906962624215e-01,
       3.6081760563086243e+00, 1.1488297353863040e+00,
       1.9262859820290519e+00, 2.1488792718223406e+00,
       6.2569450235391100e-01, 2.0836259405246444e+00,
       1.2388158655106178e+00, 9.6914027149851789e-01,
       1.0219509152532609e+00, 3.7851668322143595e+00,
       1.2130393720162593e+00, 2.4976225162915737e+00,
       2.5405252771564069e+00, 1.9114940538406657e+00,
       2.3782615571164243e+00, 1.6076493954811149e+00,
       1.7716067664421173e+00, 1.4660753262579480e+00,
       3.0306934623823985e+00, 1.5649699174987386e+00,
       2.0263575544844836e+00 ]
intactSigma:
   - !!opencv-matrix
      rows: 9
      cols: 9
      dt: d
      data: [ 2.1969401148535350e-01, 6.1352842510377613e-03,
          -1.5731330643884212e-02, 1.6431508965359610e-03,
          -8.8674033538438547e-03, 7.0906059834920229e-03,
          2.1013616840780583e-02, -6.6474634645447648e-03,
          -1.0102052991250223e-02, 6.1352842510377613e-03,
          1.1190414048656746e-02, 2.6625595364992705e-03,
          4.1490242255863043e-03, 2.2687347501787734e-03,
          8.5115655667269453e-03, 4.7432471820081272e-03,
          1.6232214989023951e-03, -1.5519436343916497e-03,
          -1.5731330643884208e-02, 2.6625595364992705e-03,
          1.3482923098800888e-02, 2.3803174612923856e-03,
          3.2818623977035294e-03, 4.7236411417268739e-03,
          -1.1640435678829748e-03, 2.4140888492724922e-03,
          2.3436104818336752e-04, 1.6431508965359606e-03,
          4.1490242255863043e-03, 2.3803174612923861e-03,
          5.6390813567985816e-02, 5.0419459197185166e-03,
          5.4929871842095334e-03, 2.1606022237488508e-03,
          3.2575803255632482e-03, -4.2829999826828682e-03,
          -8.8674033538438547e-03, 2.2687347501787729e-03,
          3.2818623977035281e-03, 5.0419459197185183e-03,
          9.0045388426085254e-02, -1.0141218665742737e-03,
          1.7347939616958916e-03, -5.6354553605679611e-03,
          -9.6298877297779561e-04, 7.0906059834920220e-03,
          8.5115655667269453e-03, 4.7236411417268739e-03,
          5.4929871842095343e-03, -1.0141218665742733e-03,
          6.5136828574460459e-02, 4.8066815347960088e-03,
          2.6229220515130822e-03, -3.2373703618941534e-03,
          2.1013616840780583e-02, 4.7432471820081272e-03,
          -1.1640435678829750e-03, 2.1606022237488512e-03,
          1.7347939616958916e-03, 4.8066815347960088e-03,
          1.0583893124694323e-02, -1.6803248102158874e-03,
          -3.5261146661107363e-03, -6.6474634645447674e-03,
          1.6232214989023951e-03, 2.4140888492724917e-03,
          3.2575803255632469e-03, -5.6354553605679628e-03,
          2.6229220515130817e-03, -1.6803248102158874e-03,
          1.6313743845904741e-01, 1.3021792554981802e-03,
          -1.0102052991250221e-02, -1.5519436343916497e-03,
          2.3436104818336752e-04, -4.2829999826828691e-03,
          -9.6298877297779561e-04, -3.2373703618941521e-03,
          -3.5261146661107359e-03, 1.3021792554981798e-03,
          1.7434279309630030e-02 ]
   - !!opencv-matrix
      rows: 9
      cols: 9
      dt: d
      data: [ 3.2837776384083017e-01, 1.0142213395671136e-01,
          1.9569609422824645e-03, 3.0326926176967223e-02,
          2.4963821432401168e-02, 5.2974469127333772e-02,
          2.8710048622254715e-02, 1.4981432010296293e-02,
          5.6392693803660344e-03, 1.0142213395671135e-01,
          1.1581738656887326e-01, -3.2501554348435655e-03,
          3.2358649164000317e-02, 1.5669940048588418e-02,
          2.0187571790795049e-02, 1.2782664368830039e-02,
          3.2171904336100771e-03, 1.8232679590975650e-03,
          1.9569609422824645e-03, -3.2501554348435637e-03,
          9.7456164715238963e-02, -6.4941697779078916e-05,
          3.3546976844818950e-02, 5.8912641554840092e-02,
          2.2365674182202016e-02, -4.3852500764251416e-03,
          8.2863986910856648e-03, 3.0326926176967216e-02,
          3.2358649164000317e-02, -6.4941697779078618e-05,
          3.4868561742535380e-02, 7.4377478002151864e-03,
          9.5630331445221220e-03, 4.0171510198269995e-03,
          3.0717253179262812e-03, -1.2687432582363493e-03,
          2.4963821432401175e-02, 1.5669940048588418e-02,
          3.3546976844818950e-02, 7.4377478002151864e-03,
          8.3683232386604106e-02, 3.5185459851368950e-02,
          2.4377923911214374e-02, 2.1203879039506809e-03,
          7.5745147924621854e-03, 5.2974469127333772e-02,
          2.0187571790795049e-02, 5.8912641554840106e-02,
          9.5630331445221237e-03, 3.5185459851368943e-02,
          1.1360813898941673e-01, 2.9425386967507593e-02,
          4.9715536260228213e-03, 9.1253336556537650e-03,
          2.8710048622254718e-02, 1.2782664368830042e-02,
          2.2365674182202012e-02, 4.0171510198269995e-03,
          2.4377923911214374e-02, 2.9425386967507593e-02,
          4.9369728305850097e-02, 4.0107076783478758e-03,
          7.6572685592185040e-03, 1.4981432010296293e-02,
          3.2171904336100771e-03, -4.3852500764251434e-03,
          3.0717253179262825e-03, 2.1203879039506822e-03,
          4.9715536260228213e-03, 4.0107076783478758e-03,
          6.9083508368456975e-02, 1.3735916876828061e-03,
          5.6392693803660344e-03, 1.8232679590975650e-03,
          8.2863986910856648e-03, -1.2687432582363497e-03,
          7.5745147924621836e-03, 9.1253336556537633e-03,
          7.6572685592185040e-03, 1.3735916876828063e-03,
          5.6451505030229252e-03 ]
   - !!opencv-matrix
      rows: 9
      cols: 9
      dt: d
      data: [ 8.5907136524978694e-02, 3.7299379069254137e-03,
          -1.5226613754471489e-02, -8.5139560851100722e-05,
          -3.9112286161319403e-04, 4.0223313735512972e-03,
          1.3881525409631050e-02, -1.6146505011177370e-03,
          1.2498928953085400e-03, 3.7299379069254141e-03,
          4.7270611754398634e-03, -1.2942183254553667e-04,
          1.4366091471718836e-03, 1.6876382310714352e-03,
          4.1748138358627083e-03, 2.1066690699907335e-03,
          1.5919852895854051e-04, -1.0387917549200029e-03,
          -1.5226613754471489e-02, -1.2942183254553667e-04,
          8.8634237044851304e-03, 7.7361143451301932e-04,
          7.6867560408831444e-04, 9.8138202558994514e-04,
          -2.7941179267864978e-03, 8.5089778350533102e-04,
          -2.4176073984983654e-03, -8.5139560851101292e-05,
          1.4366091471718838e-03, 7.7361143451301899e-04,
          4.7234319910430207e-02, 7.7842236021054170e-04,
          2.2018978597383898e-03, -7.2677195935465398e-05,
          2.6516970258746993e-03, -3.9905176187094013e-03,
          -3.9112286161319408e-04, 1.6876382310714352e-03,
          7.6867560408831466e-04, 7.7842236021054148e-04,
          4.6976636627102365e-02, -4.7874076953109473e-03,
          9.4770240717546243e-04, -6.4231537101254845e-03,
