%YAML:1.0
---
groups:
   - intact
   - CD19
   - blast
intactGmmnames:
   - "intact.694.0"
   - "intact.694.1"
   - "intact.694.2"
   - "intact.694.3"
   - "intact.694.4"
intactLabels:
   - FSC-A
   - SSC-A
   - SY41
   - CD19
   - CD10
   - CD20
   - CD45
   - CD34
   - CD38
intactMu: !!opencv-matrix
   rows: 5
   cols: 9
   dt: d
   data: [ 9.0224361217967586e-01, 3.2367203632028202e-01,
       3.3357236339319458e+00, 9.9023547308671744e-01,
       8.4179868674327707e-01, 8.8100532097163053e-01,
       3.4587291423014324e+00, 9.7453130807634691e-01,
       1.7909785159202931e+00, 1.6572404613371936e+00,
       2.9987796098637225e+00, 3.5589593452354995e+00,
       1.4251616760785513e+00, 1.6495872078595895e+00,
       1.1881005014798240e+00, 2.4826452864918909e+00,
       1.0771740304584230e+00, 1.7418300706627570e+00,
       1.2375670241736894e+00, 1.6240295895909209e+00,
       2.6692639570679133e+00, 1.4180706983025784e+00,
       1.2830673255415330e+00, 1.3544433559108069e+00,
       2.1904717050355131e+00, 1.5479052935125741e+00,
       1.7774318808015566e+00, 6.4030239905763342e-01,
       3.0466529171681328e-01, 3.3950837513272103e+00,
       7.8202127865701176e-01, 1.0426027784714469e+00,
       9.6319888403766218e-01, 1.2116503161526069e+00,
       1.0343769942121903e+00, 1.6640779780999164e+00,
       1.1958291323044155e+00, 9.1478131790265749e-01,
       3.2303920870603959e+00, 1.2036933776470469e+00,
       1.0987980050237989e+00, 1.1909588548393335e+00,
       3.1842409563282295e+00, 1.1133059699963765e+00,
       2.3532858179678304e+00 ]
intactSigma:
   - !!opencv-matrix
      rows: 9
      cols: 9
      dt: d
      data: [ 8.6762071294414198e-02, 9.6485659383346231e-03,
          -1.9425002772239807e-02, 8.7683478487077336e-03,
          3.9797702190519689e-03, 6.6701274991802532e-03,
          2.1927090677781959e-02, 8.8428711656988492e-04,
          -2.2048640234383216e-03, 9.6485659383346231e-03,
          1.8697297269082147e-02, -1.3514961952599349e-02,
          1.2709004154720888e-02, 6.6762410010528855e-03,
          1.0093050393945018e-02, 1.1072484369720611e-02,
          -8.8394834244988807e-04, 7.3172444984861997e-05,
          -1.9425002772239807e-02, -1.3514961952599349e-02,
          3.6350956041036407e-02, -2.0145340869081849e-02,
          -6.7292558560796238e-03, -5.0039964522419281e-03,
          -1.6776009069866902e-02, 3.9609576053359396e-03,
          -6.4537587423109421e-04, 8.7683478487077336e-03,
          1.2709004154720883e-02, -2.0145340869081853e-02,
          5.2625852566496684e-02, 5.9916609632130963e-03,
          6.5151150926494360e-03, 1.3019805352009967e-02,
          -5.7480955530503385e-04, -2.4954864489352062e-03,
          3.9797702190519681e-03, 6.6762410010528855e-03,
          -6.7292558560796238e-03, 5.9916609632130946e-03,
          4.7074290582269349e-02, -3.5303221512041089e-03,
          4.6030286713346557e-03, -5.1227435309347076e-03,
          -1.0736343313443057e-03, 6.6701274991802532e-03,
          1.0093050393945018e-02, -5.0039964522419281e-03,
          6.5151150926494334e-03, -3.5303221512041085e-03,
          6.5188959633679613e-02, 4.7690359049384831e-03,
          9.3896325591707668e-06, -3.3002680038564827e-03,
          2.1927090677781959e-02, 1.1072484369720611e-02,
          -1.6776009069866902e-02, 1.3019805352009967e-02,
          4.6030286713346557e-03, 4.7690359049384831e-03,
          2.3392330282590010e-02, -4.1551732452556099e-03,
          5.7998973241744336e-04, 8.8428711656988492e-04,
          -8.8394834244988839e-04, 3.9609576053359413e-03,
          -5.7480955530503320e-04, -5.1227435309347076e-03,
          9.3896325591711124e-06, -4.1551732452556099e-03,
          1.1182637679992280e-01, 1.1089845678839692e-03,
          -2.2048640234383211e-03, 7.3172444984861902e-05,
          -6.4537587423109410e-04, -2.4954864489352075e-03,
          -1.0736343313443057e-03, -3.3002680038564827e-03,
          5.7998973241744304e-04, 1.1089845678839689e-03,
          2.7598916029041912e-02 ]
   - !!opencv-matrix
      rows: 9
      cols: 9
      dt: d
      data: [ 2.8672948463275205e-01, 9.1306471086607333e-02,
          5.9848307961984015e-03, 1.7494411023835473e-02,
          -3.6332554338734391e-02, 2.6857086124485827e-02,
          4.5091225905857357e-03, 2.4770375066495509e-03,
          3.6270250018110460e-03, 9.1306471086607333e-02,
          4.5417489728482224e-01, -2.6458020457096342e-02,
          1.0731696224137101e-01, 6.9686003532366189e-02,
          5.5223103201192843e-02, 2.6774830516145685e-02,
          8.3375714539530247e-03, 4.6060850533418372e-03,
          5.9848307961984006e-03, -2.6458020457096349e-02,
          2.2099582673635473e-02, -1.6269324962152373e-02,
          -7.6702401844330808e-03, -1.8873557496824965e-03,
          -6.8277908696940228e-03, 6.3620051655633694e-04,
          -6.0748224649905783e-04, 1.7494411023835473e-02,
          1.0731696224137101e-01, -1.6269324962152377e-02,
          6.5593606146216329e-02, 2.0911678519851467e-02,
          1.3770191821302078e-02, 8.1724951635484665e-03,
          1.7380879890846563e-03, -2.2371953882686000e-03,
          -3.6332554338734384e-02, 6.9686003532366189e-02,
          -7.6702401844330808e-03, 2.0911678519851463e-02,
          1.5719722792045426e-01, -2.4124452966026600e-03,
          3.9101943813970495e-02, -1.0106109243587035e-04,
          -1.0083436054127604e-03, 2.6857086124485823e-02,
          5.5223103201192829e-02, -1.8873557496824958e-03,
          1.3770191821302076e-02, -2.4124452966026583e-03,
          5.6945433838431737e-02, 1.2289411488512173e-03,
          1.9240138031605947e-03, 1.5812726387963781e-03,
          4.5091225905857357e-03, 2.6774830516145685e-02,
          -6.8277908696940228e-03, 8.1724951635484665e-03,
          3.9101943813970495e-02, 1.2289411488512160e-03,
          6.0644404569258251e-02, -2.4427370276774085e-03,
          1.6265362486811219e-04, 2.4770375066495527e-03,
          8.3375714539530264e-03, 6.3620051655633716e-04,
          1.7380879890846570e-03, -1.0106109243587017e-04,
          1.9240138031605947e-03, -2.4427370276774094e-03,
          5.1814684545515854e-02, 1.5925897853615864e-04,
          3.6270250018110460e-03, 4.6060850533418372e-03,
          -6.0748224649905761e-04, -2.2371953882685995e-03,
          -1.0083436054127604e-03, 1.5812726387963777e-03,
          1.6265362486811186e-04, 1.5925897853615864e-04,
          1.0473974386571678e-02 ]
   - !!opencv-matrix
      rows: 9
      cols: 9
      dt: d
      data: [ 4.1086297805991268e-01, 4.1568421228371716e-01,
          1.1387130121450298e-01, 9.7987943428272259e-02,
          9.4818366893370212e-02, 1.1730630275449065e-01,
          1.6552033583501999e-01, 1.0268594849354222e-01,
          6.5501265509457895e-02, 4.1568421228371716e-01,
          1.0105396717603099e+00, 2.4546649146073754e-01,
          2.5707913071511229e-01, 2.3776293290402684e-01,
          2.6974858614300629e-01, 3.6217976532627438e-01,
          2.5063532676156436e-01, 1.2294343577787613e-01,
          1.1387130121450298e-01, 2.4546649146073754e-01,
          9.9196842828204596e-02, 6.1620121360928905e-02,
          6.8650560119749515e-02, 7.8557909968020811e-02,
          1.4132881005256989e-01, 6.9884068822532328e-02,
          4.6392288254459631e-02, 9.7987943428272245e-02,
          2.5707913071511229e-01, 6.1620121360928905e-02,
          9.8778796598181187e-02, 6.7402134060836019e-02,
          8.4479992598178372e-02, 8.1631904600951252e-02,
          9.2286989844189926e-02, 2.4057705424810585e-02,
          9.4818366893370240e-02, 2.3776293290402684e-01,
          6.8650560119749529e-02, 6.7402134060836005e-02,
          1.1057755971711208e-01, 7.4963850336806401e-02,
          1.0759156902256034e-01, 7.8223420262467674e-02,
