%YAML:1.0
---
groups:
   - intact
   - CD19
intactGmmnames:
   - "intact.697.0"
   - "intact.697.1"
   - "intact.697.2"
   - "intact.697.3"
   - "intact.697.4"
intactLabels:
   - FSC-A
   - SSC-A
   - SY41
   - CD19
   - CD10
   - CD20
   - CD45
   - CD34
   - CD38
intactMu: !!opencv-matrix
   rows: 5
   cols: 9
   dt: d
   data: [ 1.5103830964725957e+00, 5.5028502593812345e-01,
       3.0722400841679862e+00, 1.1441294720761532e+00,
       9.5889285781503630e-01, 1.0600167749012690e+00,
       3.9083229766592367e+00, 1.1720305083846849e+00,
       1.9887505244047059e+00, 2.2299013572861610e+00,
       3.4983617369415985e+00, 3.1133195903876887e+00,
       1.7039834636601334e+00, 2.4750963439549341e+00,
       1.1532126746792875e+00, 3.2148037803720007e+00,
       1.5285027732388807e+00, 1.7763207841367397e+00,
       1.3073435421645638e+00, 3.2930952016062826e-01,
       3.2213240007689694e+00, 9.9315277096662569e-01,
       9.0081806788027319e-01, 9.6684406166886327e-01,
       3.7986508248127997e+00, 1.1406535764694752e+00,
       2.0197956536965718e+00, 1.9160417885604053e+00,
       1.3170022461371853e+00, 2.7306775079881600e+00,
       1.1948476438239359e+00, 1.2356223675235904e+00,
       1.3121303836855169e+00, 1.9635068047850168e+00,
       1.5447070829726892e+00, 1.5301860263551184e+00,
       1.9692501843021852e+00, 1.7442543998816398e+00,
       3.2190448826141309e+00, 1.4413770126489902e+00,
       1.3469452359837748e+00, 1.3649709666262646e+00,
       3.6198960567193219e+00, 1.7014058886867618e+00,
       2.4950195439072194e+00 ]
intactSigma:
   - !!opencv-matrix
      rows: 9
      cols: 9
      dt: d
      data: [ 1.0682983946885653e-01, 4.8834853591620342e-03,
          -9.6134744514577569e-03, -1.2722606756438825e-03,
          -1.4173226733745262e-03, 4.1075005545254560e-03,
          8.6345139834477919e-03, 2.7638327477162261e-03,
          -9.1350276449082314e-03, 4.8834853591620334e-03,
          2.3226437879697411e-02, -4.1723924817226813e-03,
          1.0185442066633757e-02, 2.5590251197520953e-03,
          9.1044596605587298e-03, 6.7732297620341905e-03,
          1.4789930663325283e-03, 1.8529203412121310e-02,
          -9.6134744514577569e-03, -4.1723924817226796e-03,
          3.1878171180485845e-02, -7.5774710923810018e-03,
          -7.5143860028603821e-04, 1.2913486771332968e-03,
          -5.0317335564361411e-03, 9.3534139355138692e-04,
          -3.3971097030265182e-03, -1.2722606756438812e-03,
          1.0185442066633753e-02, -7.5774710923810044e-03,
          9.7821137836397842e-02, 2.7057918715478729e-03,
          4.7845945333684558e-03, 6.6459088312740208e-03,
          5.1502905224977465e-03, -4.0754808308098916e-03,
          -1.4173226733745258e-03, 2.5590251197520949e-03,
          -7.5143860028603789e-04, 2.7057918715478720e-03,
          4.0487885284329887e-02, -3.4263926104951812e-03,
          1.4062717590834902e-03, -7.8811272502047093e-03,
          -5.3947514265564834e-03, 4.1075005545254577e-03,
          9.1044596605587298e-03, 1.2913486771332972e-03,
          4.7845945333684576e-03, -3.4263926104951816e-03,
          7.3277757027983323e-02, 3.9860655475460697e-03,
          1.1087272612341834e-04, -1.7163924932510909e-02,
          8.6345139834477919e-03, 6.7732297620341914e-03,
          -5.0317335564361411e-03, 6.6459088312740208e-03,
          1.4062717590834907e-03, 3.9860655475460697e-03,
          1.1916901477120318e-02, -1.5984785832550256e-03,
          -7.8130213607143333e-03, 2.7638327477162270e-03,
          1.4789930663325283e-03, 9.3534139355138648e-04,
          5.1502905224977465e-03, -7.8811272502047093e-03,
          1.1087272612341913e-04, -1.5984785832550250e-03,
          1.7454212962337981e-01, 1.9045924065544118e-02,
          -9.1350276449082314e-03, 1.8529203412121310e-02,
          -3.3971097030265174e-03, -4.0754808308098925e-03,
          -5.3947514265564834e-03, -1.7163924932510916e-02,
          -7.8130213607143315e-03, 1.9045924065544121e-02,
          3.2645706300491012e-01 ]
   - !!opencv-matrix
      rows: 9
      cols: 9
      dt: d
      data: [ 3.9993821229385318e-01, 1.2776591219189010e-01,
          -1.5376338006804111e-02, 2.1467876839122785e-02,
          -3.2504062013632581e-02, 1.7709971317408729e-02,
          4.6657776915096857e-03, 6.9600712689656180e-03,
          6.0989743818006667e-03, 1.2776591219189010e-01,
          3.0137646444133581e-01, -1.5367694074411730e-02,
          5.7840536863936566e-02, 3.2032352285286121e-02,
          3.3327127652090692e-02, 1.7188088626574012e-02,
          1.2881680266313238e-02, 1.7493879501491515e-02,
          -1.5376338006804111e-02, -1.5367694074411730e-02,
          2.3055486291374289e-02, -5.4346332610819195e-03,
          -1.6377863916965333e-03, -1.1397024966661978e-04,
          -2.3290741778306382e-03, 1.5305153373783935e-03,
          2.9941307473570873e-04, 2.1467876839122785e-02,
          5.7840536863936566e-02, -5.4346332610819203e-03,
          4.0445047596441429e-02, 1.0234074689308299e-02,
          6.2648635824390543e-03, 4.4898376159691984e-03,
          3.5616080289342027e-03, -2.3545968470840609e-03,
          -3.2504062013632581e-02, 3.2032352285286114e-02,
          -1.6377863916965342e-03, 1.0234074689308302e-02,
          1.2628975771848458e-01, 5.4582005417331695e-03,
          2.3711600653917451e-02, 2.9839242611916878e-04,
          2.4032286126773098e-03, 1.7709971317408726e-02,
          3.3327127652090692e-02, -1.1397024966661947e-04,
          6.2648635824390526e-03, 5.4582005417331669e-03,
          6.1888233452654415e-02, 3.6281025564322399e-03,
          4.5493738308800286e-03, 2.9469552578167912e-03,
          4.6657776915096823e-03, 1.7188088626574012e-02,
          -2.3290741778306382e-03, 4.4898376159691975e-03,
          2.3711600653917451e-02, 3.6281025564322399e-03,
          2.5534163427064393e-02, 4.5413263977908916e-05,
          -8.4146603827332594e-04, 6.9600712689656223e-03,
          1.2881680266313238e-02, 1.5305153373783935e-03,
          3.5616080289342048e-03, 2.9839242611916927e-04,
          4.5493738308800286e-03, 4.5413263977909051e-05,
          1.0042038960559793e-01, 2.6398031198361523e-03,
          6.0989743818006641e-03, 1.7493879501491515e-02,
          2.9941307473570856e-04, -2.3545968470840618e-03,
          2.4032286126773107e-03, 2.9469552578167912e-03,
          -8.4146603827332616e-04, 2.6398031198361514e-03,
          3.9186334178357318e-02 ]
   - !!opencv-matrix
      rows: 9
      cols: 9
      dt: d
      data: [ 8.2531580407073354e-02, 2.0215525391325531e-03,
          1.1710974690166698e-03, -4.6837060882427180e-03,
          -5.5614442122076708e-05, 3.8180059675133162e-03,
          6.6630635954412244e-03, 2.6073993840582512e-03,
          -4.2928928370632793e-03, 2.0215525391325531e-03,
          7.5982634282900727e-03, -8.5260436141340688e-04,
          3.9973564815310282e-03, 2.1867940050127061e-03,
          6.7082474127363057e-03, 3.1400131669297956e-03,
          -4.8394938980575827e-05, -6.6112155854820432e-03,
          1.1710974690166693e-03, -8.5260436141340688e-04,
          6.5790284608535114e-03, -2.2310484763689515e-03,
          -5.8901973000203981e-04, -1.0008087198986531e-05,
          -7.1418274875812587e-04, 6.8113552293620218e-04,
          1.1855010972803362e-03, -4.6837060882427180e-03,
          3.9973564815310291e-03, -2.2310484763689510e-03,
          7.8348696748230598e-02, 1.6920121589737969e-03,
          4.3366168661837295e-03, 1.6661062225581042e-03,
          2.2353944699600864e-03, -1.2613077179078093e-02,
          -5.5614442122076688e-05, 2.1867940050127074e-03,
          -5.8901973000204002e-04, 1.6920121589737976e-03,
          3.7339008792336974e-02, -3.9055369380272902e-03,
          1.1456335847097019e-03, -6.5507054993770757e-03,
