%YAML:1.0
---
groups:
   - intact
   - CD19
   - blast
intactGmmnames:
   - "intact.704.0"
   - "intact.704.1"
   - "intact.704.2"
   - "intact.704.3"
   - "intact.704.4"
intactLabels:
   - FSC-A
   - SSC-A
   - SY41
   - CD19
   - CD10
   - CD20
   - CD45
   - CD34
   - CD38
intactMu: !!opencv-matrix
   rows: 5
   cols: 9
   dt: d
   data: [ 1.3095672501554665e+00, 4.5275653087129891e-01,
       2.6159646247110033e+00, 1.0798784885899928e+00,
       9.0971747330141517e-01, 1.0253909422106868e+00,
       3.7009632160528949e+00, 1.0586773147816846e+00,
       1.6500625442260508e+00, 2.7673013325957352e+00,
       3.3573336971113719e+00, 2.7582147955653409e+00,
       1.7651175408115392e+00, 1.8160752559169364e+00,
       1.2990101246645809e+00, 3.0036260100819407e+00,
       1.2625366789503705e+00, 1.5705981547726122e+00,
       9.6579859853306638e-01, 3.8443527269934485e-01,
       2.7652478611681910e+00, 9.4431883471733147e-01,
       1.2535988246437906e+00, 9.1986157576645156e-01,
       1.5187791308623211e+00, 1.0770884556576716e+00,
       1.5851478612951415e+00, 1.8520258260022318e+00,
       2.0424824392706964e+00, 2.7438891630977489e+00,
       1.5076340285703351e+00, 1.5479179380798638e+00,
       1.3795330144367910e+00, 2.9572518243784578e+00,
       1.4505120001606584e+00, 2.0031057344567946e+00,
       2.3316525542190432e+00, 3.8911276037714693e+00,
       2.7229449673954775e+00, 1.8738717575523993e+00,
       2.6920167778836470e+00, 1.2321164974226622e+00,
       3.1818987547462245e+00, 1.3498857764304928e+00,
       1.4973082396270432e+00 ]
intactSigma:
   - !!opencv-matrix
      rows: 9
      cols: 9
      dt: d
      data: [ 1.0244443165065972e-01, 1.4968442032940862e-02,
          -1.6155009995654777e-03, 1.0165032748805324e-02,
          2.9218619641108749e-03, 1.1862664494062878e-02,
          1.2672309633355111e-02, 1.2674748339068925e-03,
          -8.0209449404749545e-04, 1.4968442032940866e-02,
          2.1307976973313002e-02, 8.8217880549324389e-04,
          9.9393771703942362e-03, 4.4417159903230221e-03,
          1.4351779895182498e-02, 7.1964332662409168e-03,
          2.6301933012024535e-03, -6.6713545476893062e-03,
          -1.6155009995654777e-03, 8.8217880549324389e-04,
          5.8450803819878215e-03, 1.2682180552375279e-03,
          3.3165133897633948e-04, 1.6610178835950761e-03,
          -6.7783103782411867e-04, 1.3750319297955759e-03,
          -2.1860800444378810e-04, 1.0165032748805326e-02,
          9.9393771703942362e-03, 1.2682180552375281e-03,
          9.3354696809289484e-02, 2.6177213719221636e-03,
          8.2643150358190712e-03, 3.1282634889309466e-03,
          5.8001109360025583e-03, -8.1774546136749535e-03,
          2.9218619641108758e-03, 4.4417159903230221e-03,
          3.3165133897633948e-04, 2.6177213719221636e-03,
          4.7396355894009694e-02, -3.6640641098199225e-03,
          1.4865483983248075e-03, -6.3887170054129231e-03,
          -3.5371126962038682e-03, 1.1862664494062876e-02,
          1.4351779895182500e-02, 1.6610178835950759e-03,
          8.2643150358190729e-03, -3.6640641098199225e-03,
          8.7503440849956565e-02, 5.5880184729139304e-03,
          1.0197541892315043e-03, -1.2354235011841255e-02,
          1.2672309633355109e-02, 7.1964332662409151e-03,
          -6.7783103782411889e-04, 3.1282634889309466e-03,
          1.4865483983248075e-03, 5.5880184729139295e-03,
          8.4051570419448642e-03, -1.9501269450666687e-03,
          -3.8614583233612049e-03, 1.2674748339068925e-03,
          2.6301933012024517e-03, 1.3750319297955755e-03,
          5.8001109360025600e-03, -6.3887170054129231e-03,
          1.0197541892315054e-03, -1.9501269450666679e-03,
          1.5463930919698160e-01, 2.4030317705667735e-03,
          -8.0209449404749654e-04, -6.6713545476893062e-03,
          -2.1860800444378821e-04, -8.1774546136749535e-03,
          -3.5371126962038691e-03, -1.2354235011841257e-02,
          -3.8614583233612058e-03, 2.4030317705667744e-03,
          7.2295817020001485e-02 ]
   - !!opencv-matrix
      rows: 9
      cols: 9
      dt: d
      data: [ 5.1253302921260868e-01, 1.5724145725628005e-01,
          1.9911246640932575e-02, 4.6157516621593626e-02,
          -1.3343412854160831e-02, 4.6583148749712977e-02,
          5.7876066386853605e-03, 7.7046503870160793e-03,
          1.2386915363948123e-02, 1.5724145725628003e-01,
          4.3278067264170716e-01, 1.0643568547063305e-02,
          7.5908690264664708e-02, 1.2550061254385053e-01,
          3.7550311415020923e-02, 4.4362634585061046e-02,
          3.1534250318051842e-02, -6.2982566629671763e-03,
          1.9911246640932575e-02, 1.0643568547063305e-02,
          5.9670562268578651e-03, 3.5239449740985178e-03,
          -1.6874959034629752e-02, 6.2841453539626080e-03,
          -3.2802928442057029e-03, -1.7518131991222724e-04,
          3.3942139904802153e-03, 4.6157516621593633e-02,
          7.5908690264664708e-02, 3.5239449740985178e-03,
          4.1715573052851618e-02, 4.9736079518982916e-03,
          1.0038257330748625e-02, 4.9216308621159730e-03,
          5.0847020472778951e-03, -4.7209596731699142e-03,
          -1.3343412854160828e-02, 1.2550061254385053e-01,
          -1.6874959034629756e-02, 4.9736079518982942e-03,
          4.1924179410043938e-01, -2.3484072422364253e-02,
          6.5897506144886167e-02, 3.2276782808285019e-02,
          -2.9520067021586410e-02, 4.6583148749712998e-02,
          3.7550311415020930e-02, 6.2841453539626080e-03,
          1.0038257330748626e-02, -2.3484072422364260e-02,
          5.1809596066118388e-02, -1.8146164789030130e-03,
          4.2522553110195641e-04, 5.7041900242974005e-03,
          5.7876066386853588e-03, 4.4362634585061046e-02,
          -3.2802928442057029e-03, 4.9216308621159739e-03,
          6.5897506144886167e-02, -1.8146164789030130e-03,
          3.0773982873070611e-02, 6.3091463016843935e-03,
          -5.6598879314808158e-03, 7.7046503870160793e-03,
          3.1534250318051849e-02, -1.7518131991222719e-04,
          5.0847020472778951e-03, 3.2276782808285019e-02,
          4.2522553110195722e-04, 6.3091463016843926e-03,
          9.2937608759879525e-02, -1.3403060723106337e-03,
          1.2386915363948123e-02, -6.2982566629671763e-03,
          3.3942139904802153e-03, -4.7209596731699142e-03,
          -2.9520067021586410e-02, 5.7041900242974022e-03,
          -5.6598879314808158e-03, -1.3403060723106333e-03,
          1.9587716843075371e-02 ]
   - !!opencv-matrix
      rows: 9
      cols: 9
      dt: d
      data: [ 5.6450353451334291e-02, 1.2781475207968011e-02,
          -6.7582218626977182e-04, 5.7405372990636449e-03,
          4.3317693692757472e-03, 8.8173289334469909e-03,
          1.1769356284425313e-02, 1.0205430339542962e-03,
          1.5591296105433368e-03, 1.2781475207968008e-02,
          1.9502887909265638e-02, 8.6826995026374892e-03,
          5.7269107416794357e-03, 1.2175350781009602e-02,
          1.2567527170804072e-02, 1.1689129693375678e-02,
          3.2908057034573019e-03, 3.4489149905229202e-03,
          -6.7582218626977258e-04, 8.6826995026374875e-03,
          2.1647791496966957e-02, -1.3030970811841625e-03,
          2.3817512360977170e-03, 7.4483151728255738e-03,
          -2.7345032213745390e-03, 1.8917112542371480e-03,
          8.9400474993857955e-04, 5.7405372990636449e-03,
          5.7269107416794357e-03, -1.3030970811841629e-03,
          3.5034691235275223e-02, 5.1223013258140659e-03,
          4.7460090302730946e-03, 5.1744768753417165e-03,
          9.6725370984995221e-04, -1.5345690305106653e-03,
          4.3317693692757455e-03, 1.2175350781009602e-02,
          2.3817512360977166e-03, 5.1223013258140677e-03,
          1.5735657737560468e-01, 3.2627226030112356e-03,
          3.6967219826839176e-02, 1.4123386746669863e-03,
