%YAML:1.0
---
groups:
   - intact
   - CD19
   - blast
intactGmmnames:
   - "intact.706.0"
   - "intact.706.1"
   - "intact.706.2"
   - "intact.706.3"
   - "intact.706.4"
intactLabels:
   - FSC-A
   - SSC-A
   - SY41
   - CD19
   - CD10
   - CD20
   - CD45
   - CD34
   - CD38
intactMu: !!opencv-matrix
   rows: 5
   cols: 9
   dt: d
   data: [ 1.7683513518654086e+00, 3.5610829326455895e+00,
       2.5904502047931457e+00, 1.9251547757565017e+00,
       2.4576396065226569e+00, 1.3007008558541848e+00,
       3.0712426681197482e+00, 1.3220609738240432e+00,
       1.6888542800235495e+00, 1.3808134026752392e+00,
       2.9104884403669978e-01, 2.8874731535200246e+00,
       1.1150257681234439e+00, 9.3288794392803875e-01,
       9.6113599048056497e-01, 3.6172406333722842e+00,
       1.1082707728002539e+00, 1.8023599315751115e+00,
       1.7657810940374254e+00, 1.4122383134537426e+00,
       2.4612914495033440e+00, 1.5199854942665298e+00,
       1.3245758792162412e+00, 1.3037517507541270e+00,
       2.5659974761968654e+00, 1.3694698185998391e+00,
       2.0534134077986894e+00, 2.2257754124008442e+00,
       3.2036530260644143e+00, 2.6352383046156880e+00,
       1.8476850915242249e+00, 1.7114520815776806e+00,
       1.3468375868502767e+00, 2.8315542329600976e+00,
       1.2611131352010045e+00, 1.6961719207828319e+00,
       8.6370536031324618e-01, 4.1715591170679472e-01,
       2.7122270590945896e+00, 9.6329427991602001e-01,
       1.3868591485533326e+00, 1.0564893812589657e+00,
       1.3894225833783633e+00, 1.1407465308794549e+00,
       1.5801185759645191e+00 ]
intactSigma:
   - !!opencv-matrix
      rows: 9
      cols: 9
      dt: d
      data: [ 2.4421202286961322e-01, 1.0110668533156875e-01,
          -5.4986827523521385e-03, 2.2218100368324941e-02,
          8.6538173954789684e-03, 1.0998191187241064e-02,
          1.8410363161106749e-02, 6.6758901197077726e-03,
          5.7229602945839970e-03, 1.0110668533156873e-01,
          2.7858017865477752e-01, 5.1217770171592002e-04,
          4.7882719954427833e-02, 1.5513260513344642e-02,
          2.9415577114316697e-02, 1.3670742701151000e-02,
          1.0549168339096759e-02, 5.9030023667887141e-03,
          -5.4986827523521411e-03, 5.1217770171592067e-04,
          3.7419328892799655e-02, -9.7005440252261271e-04,
          -7.8446223780995411e-04, 3.2243699540037956e-03,
          -1.9524873976330039e-03, 9.9800262942576021e-04,
          -2.1824064219075833e-04, 2.2218100368324941e-02,
          4.7882719954427833e-02, -9.7005440252261326e-04,
          2.8436224728466488e-02, 4.2866068685660976e-03,
          6.5629090953265188e-03, 3.6404714663872380e-03,
          2.3943787953535699e-03, -2.8892531301604081e-03,
          8.6538173954789702e-03, 1.5513260513344646e-02,
          -7.8446223780995411e-04, 4.2866068685660976e-03,
          7.2134488144046785e-02, 3.1851191384420999e-03,
          1.7449115303867838e-02, 7.1877927303143027e-04,
          1.0839472200093125e-03, 1.0998191187241064e-02,
          2.9415577114316686e-02, 3.2243699540037965e-03,
          6.5629090953265188e-03, 3.1851191384420999e-03,
          5.6862746561485066e-02, 4.2863337019348286e-03,
          4.2300997813876397e-03, 1.0366384964864870e-03,
          1.8410363161106749e-02, 1.3670742701150996e-02,
          -1.9524873976330046e-03, 3.6404714663872384e-03,
          1.7449115303867838e-02, 4.2863337019348286e-03,
          2.7516917650960503e-02, -1.4108686246969006e-03,
          -2.1767148017996941e-03, 6.6758901197077726e-03,
          1.0549168339096759e-02, 9.9800262942576021e-04,
          2.3943787953535681e-03, 7.1877927303143016e-04,
          4.2300997813876379e-03, -1.4108686246969006e-03,
          1.0695861424223325e-01, 3.2121432080888189e-03,
          5.7229602945839970e-03, 5.9030023667887141e-03,
          -2.1824064219075841e-04, -2.8892531301604094e-03,
          1.0839472200093129e-03, 1.0366384964864870e-03,
          -2.1767148017996936e-03, 3.2121432080888198e-03,
          3.2154274268559914e-02 ]
   - !!opencv-matrix
      rows: 9
      cols: 9
      dt: d
      data: [ 1.5240350055447263e-01, 1.1898294698559400e-02,
          -3.9606710751839823e-02, 1.4554213369018010e-02,
          2.3488531417514835e-03, 1.0101694885698032e-02,
          2.4739117337375261e-02, 9.0019565834450707e-04,
          -5.7090572436453478e-03, 1.1898294698559400e-02,
          1.7557794966194900e-02, -1.5479394776942660e-02,
          1.4137406157664529e-02, 9.0821598432748087e-03,
          1.1646528822439215e-02, 8.3216494264736086e-03,
          2.3565795929730115e-03, -3.6244478117735250e-03,
          -3.9606710751839823e-02, -1.5479394776942660e-02,
          5.8822046868639864e-02, -2.1543039342363169e-02,
          -5.0227163055419069e-03, -7.5040412395734803e-03,
          -1.8090316490473535e-02, 3.0522817894272316e-04,
          8.2641524673591534e-03, 1.4554213369018009e-02,
          1.4137406157664534e-02, -2.1543039342363169e-02,
          1.0377714956340660e-01, 7.0488578044148806e-03,
          1.0913515178293651e-02, 9.9264330843588308e-03,
          4.2893587394435750e-03, -1.1751619933724013e-02,
          2.3488531417514831e-03, 9.0821598432748087e-03,
          -5.0227163055419077e-03, 7.0488578044148806e-03,
          6.0166510246693748e-02, -6.8295196849886683e-04,
          2.5042449505876738e-03, -4.2002011531569652e-03,
          -3.8061781151081209e-03, 1.0101694885698032e-02,
          1.1646528822439215e-02, -7.5040412395734812e-03,
          1.0913515178293651e-02, -6.8295196849886618e-04,
          7.7168221107566895e-02, 4.9922895874909062e-03,
          1.6806037709408538e-03, -1.0006667753503428e-02,
          2.4739117337375261e-02, 8.3216494264736086e-03,
          -1.8090316490473535e-02, 9.9264330843588308e-03,
          2.5042449505876733e-03, 4.9922895874909071e-03,
          1.4803536941536168e-02, -1.3884233250700563e-03,
          -4.2659207443013734e-03, 9.0019565834450620e-04,
          2.3565795929730115e-03, 3.0522817894272343e-04,
          4.2893587394435759e-03, -4.2002011531569643e-03,
          1.6806037709408545e-03, -1.3884233250700557e-03,
          1.4810347948172092e-01, 2.0296904006416412e-03,
          -5.7090572436453496e-03, -3.6244478117735241e-03,
          8.2641524673591552e-03, -1.1751619933724011e-02,
          -3.8061781151081222e-03, -1.0006667753503432e-02,
          -4.2659207443013752e-03, 2.0296904006416416e-03,
          1.0041584127085858e-01 ]
   - !!opencv-matrix
      rows: 9
      cols: 9
      dt: d
      data: [ 6.5705797992930270e-01, 2.3733299506347078e-01,
          -2.1272103030834596e-02, 4.8857926827471615e-02,
          2.2873058038439819e-02, 5.5948219015312627e-02,
          -2.8123131776396023e-02, 5.0316558815342541e-02,
          -6.2561789188897154e-02, 2.3733299506347078e-01,
          8.3972880087494872e-01, -1.6261119633519703e-02,
          2.0420200299171568e-01, 7.3940610100197965e-02,
          9.0258048917266132e-02, -2.4112995119262839e-01,
          2.1947662515023829e-02, -1.3536822613570898e-01,
          -2.1272103030834599e-02, -1.6261119633519703e-02,
          2.3169571162605451e-01, 7.1359536390602275e-04,
          1.0196413428339134e-01, 1.2341909537135025e-01,
          2.3282799868672313e-01, 4.8172288903062195e-02,
          1.3676949553092599e-01, 4.8857926827471608e-02,
          2.0420200299171576e-01, 7.1359536390602383e-04,
          1.5194488268472595e-01, 4.5912969022550168e-02,
          8.8769052150823230e-02, 1.8621807387834373e-02,
          1.0651288690182692e-02, -2.5964201685465815e-02,
          2.2873058038439819e-02, 7.3940610100197965e-02,
          1.0196413428339134e-01, 4.5912969022550168e-02,
          2.7128880602323752e-01, 1.1533053644287783e-01,
          8.0548025566138853e-02, 3.9205696366003885e-02,
