%YAML:1.0
---
groups:
   - intact
   - CD19
intactGmmnames:
   - "intact.707.0"
   - "intact.707.1"
   - "intact.707.2"
   - "intact.707.3"
   - "intact.707.4"
intactLabels:
   - FSC-A
   - SSC-A
   - SY41
   - CD19
   - CD10
   - CD20
   - CD45
   - CD34
   - CD38
intactMu: !!opencv-matrix
   rows: 5
   cols: 9
   dt: d
   data: [ 2.9974962532942615e+00, 2.7222151317722703e+00,
       3.7688084924211562e+00, 1.3568953207906098e+00,
       1.0887020411240329e+00, 1.5209661677497939e+00,
       2.9414860459311769e+00, 1.1427637041185328e+00,
       2.3522090239660924e+00, 7.5595507426787745e-01,
       2.3555209757886109e-01, 3.7416465894893145e+00,
       8.6636068261207910e-01, 8.3701900397668627e-01,
       8.9430122619814600e-01, 1.0821145343792395e+00,
       1.0490825686800171e+00, 1.4033707238015389e+00,
       1.1083881158363496e+00, 3.2812940379068622e-01,
       3.6817759200549793e+00, 9.2913812620544534e-01,
       7.8950137261187603e-01, 9.4482230180797833e-01,
       3.6305112236813049e+00, 1.0676454479232043e+00,
       1.3387097571027433e+00, 1.5964606083847668e+00,
       1.4634806400733968e+00, 3.7231108255374030e+00,
       1.1153568700583469e+00, 1.2389178798192513e+00,
       1.4203622799990048e+00, 2.9480771087460003e+00,
       1.4530941628296652e+00, 2.2558601975157293e+00,
       2.5988281305188665e+00, 3.3693343448021591e+00,
       3.5809139988829104e+00, 1.5863904792082333e+00,
       2.3839116776393463e+00, 1.3641558402125833e+00,
       3.2106469094119632e+00, 1.2277360889221252e+00,
       1.6827706918073999e+00 ]
intactSigma:
   - !!opencv-matrix
      rows: 9
      cols: 9
      dt: d
      data: [ 4.7240657563257771e-01, 2.2638746766666840e-01,
          2.2757886271155738e-02, 4.4588723205834929e-02,
          2.5636026587452451e-02, 4.4271252488581117e-02,
          1.7738092540184353e-02, 7.3308429476009324e-03,
          1.6354614125475900e-02, 2.2638746766666845e-01,
          4.4300604534738808e-01, 2.6060262650043613e-02,
          6.3115583335665318e-02, 5.0575598439123313e-02,
          7.4165680202091883e-02, 3.2561698067613616e-02,
          1.5861379908672462e-02, 5.9874859404079807e-02,
          2.2757886271155738e-02, 2.6060262650043606e-02,
          4.2443513573560514e-02, -2.8951693935182796e-02,
          -7.8589012797047420e-04, 1.9417068543360862e-02,
          8.2675565229029836e-04, 3.5829222784531868e-03,
          3.8730456109853144e-02, 4.4588723205834915e-02,
          6.3115583335665318e-02, -2.8951693935182796e-02,
          5.8628462152048817e-02, 8.4213438928276516e-03,
          -5.8373235912344834e-03, 7.9436590999470806e-03,
          1.6117978306594150e-04, -3.0431448412647753e-02,
          2.5636026587452451e-02, 5.0575598439123313e-02,
          -7.8589012797047398e-04, 8.4213438928276499e-03,
          6.6082225758035074e-02, 2.2267710936021621e-02,
          4.4271689667349902e-03, 2.6857809582155620e-03,
          3.4438072070852775e-02, 4.4271252488581117e-02,
          7.4165680202091883e-02, 1.9417068543360866e-02,
          -5.8373235912344834e-03, 2.2267710936021621e-02,
          7.0496086773112171e-02, 4.5906695530921176e-03,
          6.5847358562828766e-03, 7.2311549349475202e-02,
          1.7738092540184353e-02, 3.2561698067613616e-02,
          8.2675565229029771e-04, 7.9436590999470771e-03,
          4.4271689667349920e-03, 4.5906695530921167e-03,
          1.7680154130618467e-02, -2.2924077182450805e-04,
          5.8846637754553840e-03, 7.3308429476009315e-03,
          1.5861379908672459e-02, 3.5829222784531886e-03,
          1.6117978306594150e-04, 2.6857809582155625e-03,
          6.5847358562828784e-03, -2.2924077182450789e-04,
          8.0649417321590797e-02, 1.0582054812994715e-02,
          1.6354614125475897e-02, 5.9874859404079807e-02,
          3.8730456109853151e-02, -3.0431448412647753e-02,
          3.4438072070852782e-02, 7.2311549349475215e-02,
          5.8846637754553831e-03, 1.0582054812994715e-02,
          1.8762969240703517e-01 ]
   - !!opencv-matrix
      rows: 9
      cols: 9
      dt: d
      data: [ 1.0244209947101356e-01, 5.0051280951284921e-03,
          -1.8863056727874940e-02, 1.0580163012233183e-02,
          -2.1007022593761879e-04, 8.5034308920514635e-04,
          -2.1209312925291679e-03, -1.3508612040653099e-03,
          -1.7238114979209341e-03, 5.0051280951284929e-03,
          1.1037287651766359e-02, 3.6119472455247458e-03,
          -5.7477022563899713e-04, 4.1873686730035361e-03,
          1.0311075919160079e-02, 8.8168522746080048e-03,
          1.7705212462219982e-03, 5.0458450773094091e-03,
          -1.8863056727874937e-02, 3.6119472455247463e-03,
          4.6347816112625707e-02, -2.6488032438625710e-02,
          -9.5499724116904772e-03, 1.5338416550400183e-03,
          3.4326236175109506e-04, 2.5322034177351171e-03,
          9.5706628416229803e-03, 1.0580163012233187e-02,
          -5.7477022563899691e-04, -2.6488032438625710e-02,
          1.9662605165978651e-02, 7.4376370393737876e-03,
          1.4128023857581358e-03, 1.8223813674666592e-03,
          -1.0404702498314710e-03, -6.3461523657561223e-03,
          -2.1007022593761947e-04, 4.1873686730035361e-03,
          -9.5499724116904754e-03, 7.4376370393737868e-03,
          5.5187728680215750e-02, 2.2549739916097400e-03,
          1.7544667627085724e-02, -2.0348924201116277e-04,
          2.3435057825099861e-03, 8.5034308920514570e-04,
          1.0311075919160079e-02, 1.5338416550400185e-03,
          1.4128023857581356e-03, 2.2549739916097405e-03,
          8.1175850036901337e-02, 1.4803453980287399e-02,
          1.9532325828728664e-03, 6.1085364065285334e-03,
          -2.1209312925291679e-03, 8.8168522746080030e-03,
          3.4326236175109560e-04, 1.8223813674666588e-03,
          1.7544667627085724e-02, 1.4803453980287399e-02,
          1.3712976791737619e-01, 1.8466946258210535e-03,
          1.0628344913113198e-02, -1.3508612040653103e-03,
          1.7705212462219982e-03, 2.5322034177351184e-03,
          -1.0404702498314710e-03, -2.0348924201116290e-04,
          1.9532325828728664e-03, 1.8466946258210556e-03,
          2.9731415308099196e-02, 1.3833623138818558e-03,
          -1.7238114979209339e-03, 5.0458450773094082e-03,
          9.5706628416229803e-03, -6.3461523657561188e-03,
          2.3435057825099866e-03, 6.1085364065285334e-03,
          1.0628344913113199e-02, 1.3833623138818560e-03,
          1.8822998394222166e-02 ]
   - !!opencv-matrix
      rows: 9
      cols: 9
      dt: d
      data: [ 1.1288204569598329e-01, 9.9097718293902608e-03,
          -4.9036806043409563e-03, 1.0456502401649973e-02,
          2.4699893585652913e-03, 9.7091956941434011e-03,
          2.5206723248031082e-02, -6.5203661111479000e-04,
          6.5121314431417052e-04, 9.9097718293902608e-03,
          1.3458008678273164e-02, -1.8617539177085164e-03,
          3.0828187722569825e-03, 3.1841824761083921e-03,
          9.9791241831363123e-03, 7.3212367352859433e-03,
          1.5395633828627607e-03, -3.5930336260979554e-03,
          -4.9036806043409563e-03, -1.8617539177085160e-03,
          2.0403705421390497e-02, -1.1111053675540151e-02,
          -5.4738549194364950e-03, -7.6084162465406648e-04,
          -4.0529387373249596e-03, 1.0214540302638209e-03,
          3.0784778570314315e-03, 1.0456502401649973e-02,
          3.0828187722569825e-03, -1.1111053675540151e-02,
          1.7630014153935593e-02, 3.7558215625107839e-03,
          2.7660447202434569e-03, 3.5249280192716313e-03,
          1.4105089813574103e-03, -3.8619935933708015e-03,
          2.4699893585652917e-03, 3.1841824761083917e-03,
          -5.4738549194364959e-03, 3.7558215625107844e-03,
          4.3798856681338476e-02, -3.2551410831340049e-03,
          1.5530983489112635e-03, -5.1948927836121782e-03,
