%YAML:1.0
---
groups:
   - intact
   - CD19
   - blast
intactGmmnames:
   - "intact.710.0"
   - "intact.710.1"
   - "intact.710.2"
   - "intact.710.3"
   - "intact.710.4"
intactLabels:
   - FSC-A
   - SSC-A
   - SY41
   - CD19
   - CD10
   - CD20
   - CD45
   - CD34
   - CD38
intactMu: !!opencv-matrix
   rows: 5
   cols: 9
   dt: d
   data: [ 1.9177356301903397e+00, 6.5809248868220216e-01,
       2.7984156685993620e+00, 1.1559000471701724e+00,
       1.0130001330150582e+00, 1.0977576170467487e+00,
       3.6912781663002519e+00, 1.0922628124507190e+00,
       1.7265040480223433e+00, 2.2482587482537864e+00,
       1.5274303566948508e+00, 3.0111573256128157e+00,
       1.3446057746727851e+00, 1.4247860344570731e+00,
       1.4284002743537572e+00, 2.4340205985646670e+00,
       1.7377057520913906e+00, 2.1926373863711754e+00,
       1.4343884978553247e+00, 4.2038253791386421e-01,
       2.8358840845011386e+00, 1.1094012693296242e+00,
       8.6418716359062420e-01, 9.6460738515472999e-01,
       3.6013926503422740e+00, 1.0248833649899050e+00,
       1.5641492251583848e+00, 2.8024848373682429e+00,
       2.4711674442298976e+00, 3.1131473826685676e+00,
       1.3758153649426361e+00, 1.4545907772283906e+00,
       1.4472063871974246e+00, 2.5218779923934234e+00,
       1.2193538965968675e+00, 2.2788354241987370e+00,
       1.2574374872033931e+00, 6.5991196567492505e-01,
       3.0594729120305835e+00, 1.0260657408376308e+00,
       1.1695416417031899e+00, 1.0902100121851552e+00,
       1.4549810812942878e+00, 1.0738184169660616e+00,
       1.6111598305034189e+00 ]
intactSigma:
   - !!opencv-matrix
      rows: 9
      cols: 9
      dt: d
      data: [ 3.1563010419697413e-01, 3.9620509723608859e-02,
          -6.2309464821293334e-02, 2.2242967494944220e-02,
          -1.9229327705220185e-02, 4.1357870020264868e-03,
          2.4586509428637552e-02, 7.4894249285484896e-03,
          -1.8427160010849160e-02, 3.9620509723608859e-02,
          7.0793685231780493e-02, -3.3054679099692084e-02,
          2.3363282531844325e-02, -3.2863633975105089e-03,
          1.7729329666500867e-02, 1.1915120909945415e-02,
          1.5681918113872640e-02, 1.8971812569303199e-02,
          -6.2309464821293334e-02, -3.3054679099692084e-02,
          1.7555191259962177e-01, -4.3400656456131483e-02,
          -1.9623149595986947e-02, -7.9884778188670531e-03,
          -1.4870587705847052e-02, 3.1586830541122254e-03,
          -2.8296918677847168e-02, 2.2242967494944220e-02,
          2.3363282531844325e-02, -4.3400656456131469e-02,
          4.9853558853058068e-02, 6.7172151592093752e-03,
          7.4342098427246936e-03, 5.9691529755363957e-03,
          7.9545038002779029e-03, 3.2906279654070299e-03,
          -1.9229327705220185e-02, -3.2863633975105098e-03,
          -1.9623149595986943e-02, 6.7172151592093769e-03,
          1.4051843557403509e-01, -7.7310453492542182e-03,
          -2.2740215605224247e-03, -7.9574869152706264e-03,
          -2.3130143806558479e-02, 4.1357870020264842e-03,
          1.7729329666500863e-02, -7.9884778188670531e-03,
          7.4342098427246962e-03, -7.7310453492542147e-03,
          1.1424724465068280e-01, 1.6760607641455743e-03,
          3.7714300829015035e-03, -1.5854940235445304e-02,
          2.4586509428637545e-02, 1.1915120909945415e-02,
          -1.4870587705847052e-02, 5.9691529755363940e-03,
          -2.2740215605224247e-03, 1.6760607641455743e-03,
          1.3923607058481145e-02, -2.0930681973924409e-03,
          -7.4196248911952980e-04, 7.4894249285484852e-03,
          1.5681918113872640e-02, 3.1586830541122228e-03,
          7.9545038002779029e-03, -7.9574869152706264e-03,
          3.7714300829015043e-03, -2.0930681973924405e-03,
          2.0882054932798275e-01, -5.8919217306654635e-03,
          -1.8427160010849160e-02, 1.8971812569303199e-02,
          -2.8296918677847161e-02, 3.2906279654070299e-03,
          -2.3130143806558479e-02, -1.5854940235445304e-02,
          -7.4196248911952947e-04, -5.8919217306654618e-03,
          2.1164256500481890e-01 ]
   - !!opencv-matrix
      rows: 9
      cols: 9
      dt: d
      data: [ 7.9731341019141377e-01, 2.6492798299237880e-01,
          4.1389294427588208e-02, 9.0604214599566232e-02,
          2.2867975029264978e-02, 3.0300896810224524e-02,
          1.6038150084513267e-01, -1.8643784785219705e-02,
          1.0012085089371726e-01, 2.6492798299237874e-01,
          5.7985828329754374e-01, -4.5543725148489325e-02,
          1.3733090807558873e-01, 3.7030657726046336e-02,
          7.6075582568825711e-02, 1.3258136530041739e-01,
          8.9233846637590944e-02, 6.2186886981217887e-03,
          4.1389294427588187e-02, -4.5543725148489325e-02,
          2.8167607124271138e-01, -9.1046728685435993e-02,
          1.4098055179468745e-02, 1.8433657701016577e-02,
          -5.5511694554873203e-02, -8.4965941430401509e-02,
          3.9322784265111828e-02, 9.0604214599566232e-02,
          1.3733090807558879e-01, -9.1046728685435993e-02,
          2.5380192696197384e-01, 1.4670528585146791e-01,
          1.0418021958647057e-01, 9.2066787729626037e-02,
          2.0391591460061625e-02, 2.9817371166892218e-02,
          2.2867975029264975e-02, 3.7030657726046329e-02,
          1.4098055179468742e-02, 1.4670528585146791e-01,
          3.9051498674631591e-01, 1.5943225930990218e-01,
          -3.6206191736808035e-03, -3.3102194072493783e-02,
          6.4777583236361545e-03, 3.0300896810224534e-02,
          7.6075582568825711e-02, 1.8433657701016577e-02,
          1.0418021958647053e-01, 1.5943225930990218e-01,
          2.5046467574583625e-01, 4.8490469481601253e-02,
          1.4869892234533010e-02, 7.1730722827787431e-03,
          1.6038150084513270e-01, 1.3258136530041736e-01,
          -5.5511694554873203e-02, 9.2066787729626037e-02,
          -3.6206191736808070e-03, 4.8490469481601253e-02,
          5.6550078858495756e-01, 1.2237224893848485e-01,
          2.1597561991248210e-01, -1.8643784785219705e-02,
          8.9233846637590944e-02, -8.4965941430401537e-02,
          2.0391591460061618e-02, -3.3102194072493783e-02,
          1.4869892234533012e-02, 1.2237224893848485e-01,
          4.3870881271342271e-01, 1.2514064906726710e-01,
          1.0012085089371728e-01, 6.2186886981217852e-03,
          3.9322784265111814e-02, 2.9817371166892218e-02,
          6.4777583236361536e-03, 7.1730722827787414e-03,
          2.1597561991248201e-01, 1.2514064906726710e-01,
          4.8137165790518005e-01 ]
   - !!opencv-matrix
      rows: 9
      cols: 9
      dt: d
      data: [ 1.7620991971201636e-01, 2.2496061420220575e-02,
          -7.2578607881692847e-02, 1.5515831637662136e-02,
          4.5848643289718048e-03, 1.4072500374771230e-02,
          3.4251838198904441e-02, 1.7656224927137614e-03,
          -8.4599040391499548e-03, 2.2496061420220571e-02,
          2.0010301227005766e-02, -1.8149287459040975e-02,
          7.1430425685678001e-03, 5.5650991204763715e-03,
          1.2018919143691381e-02, 7.9579050705009362e-03,
          1.6645626106680336e-03, -6.1840143523976040e-03,
          -7.2578607881692847e-02, -1.8149287459040979e-02,
          7.0395286678655578e-02, -1.2576483631082810e-02,
          -5.1903286342433411e-03, -9.1859813400042688e-03,
          -2.2257513970053353e-02, 1.9833816657352041e-03,
          1.0429655728245706e-02, 1.5515831637662137e-02,
          7.1430425685678018e-03, -1.2576483631082809e-02,
          2.8805884812020236e-02, 2.0811649795377616e-03,
          4.8861575737122326e-03, 4.6698928462176161e-03,
          2.4077322455769846e-03, -5.9798009062330681e-03,
          4.5848643289718031e-03, 5.5650991204763715e-03,
          -5.1903286342433411e-03, 2.0811649795377612e-03,
          4.7162105575452827e-02, -2.0635663860180545e-03,
