%YAML:1.0
---
groups:
   - intact
   - CD19
   - blast
intactGmmnames:
   - "intact.711.0"
   - "intact.711.1"
   - "intact.711.2"
   - "intact.711.3"
   - "intact.711.4"
intactLabels:
   - FSC-A
   - SSC-A
   - SY41
   - CD19
   - CD10
   - CD20
   - CD45
   - CD34
   - CD38
intactMu: !!opencv-matrix
   rows: 5
   cols: 9
   dt: d
   data: [ 1.9393255594071963e+00, 6.2932131868761609e-01,
       2.6166214858908972e+00, 1.2136716991150300e+00,
       8.9597437372570699e-01, 1.0011057103510006e+00,
       3.6636950447903782e+00, 9.8073962936937986e-01,
       2.3751837265365707e+00, 1.0082250395821359e+00,
       4.8927761897900451e-01, 3.2510579760468170e+00,
       9.2924689386090698e-01, 1.0930833967274880e+00,
       1.0403617242844880e+00, 1.3536777678137668e+00,
       9.7524180265994354e-01, 1.5065002285457985e+00,
       1.3694580883039222e+00, 3.1677961944456262e-01,
       3.1814270051597271e+00, 1.0534399643787991e+00,
       8.2550145309625877e-01, 9.3766902623198245e-01,
       3.5671579517699397e+00, 9.5760206712734819e-01,
       1.7840101935473394e+00, 2.2129663311430989e+00,
       1.7109249673076021e+00, 3.2463721285533631e+00,
       1.2538213380450849e+00, 1.6285563625372479e+00,
       1.3226187013533455e+00, 2.5256967586094108e+00,
       1.2737858938906552e+00, 2.0490327736109455e+00,
       9.0163442977468589e-01, 2.5092095650309931e-01,
       3.4422410888611612e+00, 9.5543678694483380e-01,
       7.8405319925353578e-01, 8.8574610794968789e-01,
       3.4641215086675849e+00, 9.3841518028301085e-01,
       1.7158842813250690e+00 ]
intactSigma:
   - !!opencv-matrix
      rows: 9
      cols: 9
      dt: d
      data: [ 2.0492061805468878e-01, 8.2431740866372814e-03,
          -1.6320041138252393e-02, -4.9977678180729602e-03,
          2.1238116747290983e-03, 4.1212967423879827e-03,
          4.9999498668569274e-03, -2.6616120974520372e-03,
          -2.0129748928447131e-02, 8.2431740866372814e-03,
          2.5061745039666804e-02, -1.3619398169472026e-02,
          7.4217260558589781e-03, 2.4107324790293935e-03,
          4.7012926480903081e-03, -2.2968539000807133e-03,
          3.9889965577805508e-03, 5.4354725284746955e-02,
          -1.6320041138252393e-02, -1.3619398169472026e-02,
          8.6528447196198482e-02, -1.0119257169664159e-02,
          -3.0039455031906337e-03, 4.4564450514706131e-04,
          -3.5734482920463523e-03, 2.2955855175360068e-03,
          -2.4680592937138712e-02, -4.9977678180729637e-03,
          7.4217260558589789e-03, -1.0119257169664159e-02,
          4.3872053947432620e-02, 1.7686749794278253e-03,
          2.2436331461557269e-03, 2.0710287321103727e-03,
          5.2212829043488925e-03, 3.1916264754149235e-03,
          2.1238116747290983e-03, 2.4107324790293935e-03,
          -3.0039455031906350e-03, 1.7686749794278247e-03,
          5.3549228804254653e-02, -4.8234880638725252e-03,
          1.3323714032299895e-03, -9.0842740881344700e-03,
          -5.6650665733235144e-03, 4.1212967423879827e-03,
          4.7012926480903073e-03, 4.4564450514706147e-04,
          2.2436331461557278e-03, -4.8234880638725244e-03,
          4.8894290053732692e-02, 1.9830215204994011e-03,
          -2.3455784460867731e-04, -1.3638585816761601e-02,
          4.9999498668569257e-03, -2.2968539000807128e-03,
          -3.5734482920463523e-03, 2.0710287321103744e-03,
          1.3323714032299895e-03, 1.9830215204994003e-03,
          1.6730475629329580e-02, -4.2598401254752170e-03,
          -3.9259822058762113e-02, -2.6616120974520350e-03,
          3.9889965577805508e-03, 2.2955855175360073e-03,
          5.2212829043488907e-03, -9.0842740881344700e-03,
          -2.3455784460867839e-04, -4.2598401254752187e-03,
          2.9157287865974257e-01, 2.6535602285618534e-02,
          -2.0129748928447135e-02, 5.4354725284746955e-02,
          -2.4680592937138715e-02, 3.1916264754149209e-03,
          -5.6650665733235109e-03, -1.3638585816761596e-02,
          -3.9259822058762113e-02, 2.6535602285618531e-02,
          5.0973897285284864e-01 ]
   - !!opencv-matrix
      rows: 9
      cols: 9
      dt: d
      data: [ 1.7761410755839369e-01, 4.9492895058910379e-02,
          -2.7085381842092134e-02, 1.6765718718092602e-02,
          4.6187130368894616e-02, 3.3611665702635199e-02,
          4.9067483869724787e-02, 4.1004734925975308e-03,
          1.9757289020938828e-02, 4.9492895058910379e-02,
          3.4196378572168444e-02, 1.6346673835738335e-02,
          2.4458915960336035e-03, 2.5236558763041039e-02,
          2.2326518630172765e-02, 2.8571232001524022e-02,
          4.8272607067525765e-03, 1.3936124218558844e-02,
          -2.7085381842092127e-02, 1.6346673835738335e-02,
          1.9834895652987197e-01, -4.3413819061810265e-02,
          8.8095631990837836e-03, 1.2111052602133186e-02,
          1.2798544491677286e-02, 5.6844140392422896e-03,
          1.8616252872435842e-02, 1.6765718718092602e-02,
          2.4458915960336035e-03, -4.3413819061810272e-02,
          2.3392595419600079e-02, 5.0413160111157235e-03,
          2.0509446949791271e-03, 2.0097974386263594e-03,
          -1.3400870324312464e-04, -4.1528708970204132e-03,
          4.6187130368894623e-02, 2.5236558763041039e-02,
          8.8095631990837836e-03, 5.0413160111157226e-03,
          1.2367295474083390e-01, 1.1537313069522789e-02,
          3.4763279052364482e-02, 1.2608948620943241e-03,
          1.4111373929982077e-02, 3.3611665702635192e-02,
          2.2326518630172765e-02, 1.2111052602133186e-02,
          2.0509446949791279e-03, 1.1537313069522789e-02,
          5.4614312103670799e-02, 1.6485193401367865e-02,
          2.7204465248449015e-03, 8.4939547618230350e-03,
          4.9067483869724787e-02, 2.8571232001524022e-02,
          1.2798544491677284e-02, 2.0097974386263594e-03,
          3.4763279052364482e-02, 1.6485193401367865e-02,
          1.3358085553929219e-01, 2.2666323391647195e-03,
          2.5557979191833214e-02, 4.1004734925975308e-03,
          4.8272607067525756e-03, 5.6844140392422887e-03,
          -1.3400870324312459e-04, 1.2608948620943228e-03,
          2.7204465248449007e-03, 2.2666323391647199e-03,
          5.9040549690460638e-02, 2.2885767934827761e-03,
          1.9757289020938828e-02, 1.3936124218558844e-02,
          1.8616252872435842e-02, -4.1528708970204123e-03,
          1.4111373929982074e-02, 8.4939547618230315e-03,
          2.5557979191833214e-02, 2.2885767934827761e-03,
          2.6344703561069709e-02 ]
   - !!opencv-matrix
      rows: 9
      cols: 9
      dt: d
      data: [ 9.4996145577225730e-02, 1.3061021540430285e-03,
          -2.1270491341207703e-02, 2.9471557654371129e-03,
          2.7025589270903865e-03, 2.5962965876853089e-03,
          1.2913737011790103e-02, -3.9904255132172262e-03,
          -1.1539497169341323e-02, 1.3061021540430283e-03,
          6.4233151432849826e-03, -1.9870451874626875e-03,
          2.8931247708624476e-03, 2.3431519802846867e-03,
          5.7747289316462279e-03, 1.7929215941455137e-03,
          6.7892172303662610e-04, -6.3717882679285038e-03,
          -2.1270491341207703e-02, -1.9870451874626875e-03,
          3.9386952724933623e-02, -1.1430060513181744e-02,
          -4.9603430743943803e-03, -1.3323360218922989e-03,
          -7.2797744403540468e-03, 3.0019357484396790e-03,
          8.0575409638759896e-03, 2.9471557654371133e-03,
          2.8931247708624480e-03, -1.1430060513181744e-02,
          3.5990997266918102e-02, 2.4111403745501487e-03,
          2.6424265866889906e-03, 2.0633393365923586e-03,
          2.2489042933519928e-03, -8.3614651488743991e-03,
          2.7025589270903874e-03, 2.3431519802846871e-03,
          -4.9603430743943803e-03, 2.4111403745501478e-03,
          5.0258024582284573e-02, -4.6133975274289642e-03,
          1.1862874550043498e-03, -8.1496327491059669e-03,
