%YAML:1.0
---
groups:
   - intact
   - CD19
   - blast
intactGmmnames:
   - "intact.713.0"
   - "intact.713.1"
   - "intact.713.2"
   - "intact.713.3"
   - "intact.713.4"
intactLabels:
   - FSC-A
   - SSC-A
   - SY41
   - CD19
   - CD10
   - CD20
   - CD45
   - CD34
   - CD38
intactMu: !!opencv-matrix
   rows: 5
   cols: 9
   dt: d
   data: [ 1.4610375662393733e+00, 1.0943711911762750e+00,
       3.2368212177262845e+00, 1.4192278770061468e+00,
       1.6632530976359372e+00, 1.6491655049760225e+00,
       2.2928428598446953e+00, 1.3941866384435282e+00,
       1.7565135607564162e+00, 1.0234857745561401e+00,
       2.4047220665452518e-01, 3.3599603953091113e+00,
       9.7413551181656388e-01, 8.9127079353544847e-01,
       1.0685020933434006e+00, 3.3808549982685960e+00,
       1.0487331568850797e+00, 1.6230150526970961e+00,
       5.0524088879915363e-01, 2.4471247939642993e-01,
       3.5093472567822377e+00, 7.5315894810373096e-01,
       8.5493477800265227e-01, 9.8285068087652649e-01,
       1.1077317606899728e+00, 1.0554932098720704e+00,
       1.4801516549690410e+00, 2.7091437465609589e+00,
       2.6592741241726663e+00, 3.0520733765338330e+00,
       1.7028153752941886e+00, 1.8191217636604486e+00,
       1.2694493373906452e+00, 2.7010020259831502e+00,
       1.0994526031184910e+00, 1.7499694212910524e+00,
       1.7210470504039324e+00, 3.8783293740419283e-01,
       3.0878607114525054e+00, 1.1175312777775497e+00,
       1.0220823189202044e+00, 1.1217341117981312e+00,
       3.5565853730190082e+00, 1.0602097309187706e+00,
       1.7207594616898882e+00 ]
intactSigma:
   - !!opencv-matrix
      rows: 9
      cols: 9
      dt: d
      data: [ 7.2203939389585903e-01, 2.8456927131200849e-01,
          -1.2645716966365466e-02, 1.4773014680526467e-01,
          2.1668572683189325e-02, -1.9525139120613405e-02,
          2.5418991120884871e-01, 3.6113894978387365e-02,
          7.4577961011899979e-02, 2.8456927131200849e-01,
          6.6418278156066768e-01, -4.1013402319528746e-03,
          2.7157791148236843e-01, 6.9068431043321166e-02,
          6.0662898407954670e-03, 1.1869401539130098e-01,
          8.9797341447351034e-02, 9.0613605697177114e-03,
          -1.2645716966365463e-02, -4.1013402319528764e-03,
          2.3287748137891673e-01, -3.5363746396605757e-02,
          3.3865583603480569e-02, 5.4330588654899863e-02,
          1.1533161994568153e-01, 3.2111377324252695e-03,
          2.2202626656688641e-02, 1.4773014680526464e-01,
          2.7157791148236843e-01, -3.5363746396605757e-02,
          2.7890013770372979e-01, 2.0244176521832213e-01,
          8.4317576165891875e-02, 1.2213094531439563e-01,
          1.0087119568643590e-01, 7.9098904107531856e-02,
          2.1668572683189325e-02, 6.9068431043321166e-02,
          3.3865583603480562e-02, 2.0244176521832213e-01,
          5.5883346882568519e-01, 2.7428333300784430e-01,
          7.3626333695525528e-02, 1.6062102971193518e-01,
          6.3282949059714669e-02, -1.9525139120613409e-02,
          6.0662898407954644e-03, 5.4330588654899863e-02,
          8.4317576165891875e-02, 2.7428333300784430e-01,
          3.5634099975897604e-01, 4.6032357518194622e-02,
          9.6463799381829030e-02, 6.2683617439153469e-03,
          2.5418991120884871e-01, 1.1869401539130094e-01,
          1.1533161994568153e-01, 1.2213094531439563e-01,
          7.3626333695525528e-02, 4.6032357518194622e-02,
          9.0347635805984072e-01, 5.2344424785727657e-02,
          1.5125647577007126e-01, 3.6113894978387372e-02,
          8.9797341447351034e-02, 3.2111377324252708e-03,
          1.0087119568643590e-01, 1.6062102971193515e-01,
          9.6463799381829002e-02, 5.2344424785727657e-02,
          2.5931825794577834e-01, 4.4855218701900533e-02,
          7.4577961011899979e-02, 9.0613605697177114e-03,
          2.2202626656688651e-02, 7.9098904107531856e-02,
          6.3282949059714683e-02, 6.2683617439153469e-03,
          1.5125647577007126e-01, 4.4855218701900533e-02,
          2.9481261079607679e-01 ]
   - !!opencv-matrix
      rows: 9
      cols: 9
      dt: d
      data: [ 1.5674763571894876e-01, 6.9043203984459666e-03,
          -5.5743867500936656e-02, 2.2907327693227064e-02,
          6.5030680052384675e-03, 9.5123828290723106e-03,
          3.7644117048030827e-02, -2.2920345991171908e-03,
          -1.9619231285042470e-02, 6.9043203984459648e-03,
          6.9820077096594555e-03, -3.7757013072735319e-03,
          5.3010492229550428e-03, 5.7403781509840221e-03,
          8.1058787984370738e-03, 3.1950398963424631e-03,
          9.0663431322459949e-04, -2.5723581889328718e-03,
          -5.5743867500936670e-02, -3.7757013072735319e-03,
          3.1805532091720289e-02, -1.4570241191706041e-02,
          -4.1655992041907727e-03, -3.6609463692312961e-03,
          -1.6303639144862440e-02, 1.8682737511897425e-03,
          8.2307941152922458e-03, 2.2907327693227064e-02,
          5.3010492229550428e-03, -1.4570241191706041e-02,
          3.6500595859370981e-02, 6.3562663284420394e-03,
          8.2689966478750616e-03, 8.3946669721947052e-03,
          1.0057924718166649e-03, -7.5333046938627747e-03,
          6.5030680052384675e-03, 5.7403781509840221e-03,
          -4.1655992041907727e-03, 6.3562663284420376e-03,
          5.5192203360277532e-02, 2.5338846721764336e-03,
          3.2194641912311542e-03, -1.4671715454838247e-03,
          -2.5653952587385838e-03, 9.5123828290723141e-03,
          8.1058787984370738e-03, -3.6609463692312961e-03,
          8.2689966478750616e-03, 2.5338846721764323e-03,
          8.7983932541991716e-02, 3.9460008009850117e-03,
          3.3464800329163712e-03, -5.2995566286796261e-03,
          3.7644117048030827e-02, 3.1950398963424636e-03,
          -1.6303639144862440e-02, 8.3946669721947052e-03,
          3.2194641912311550e-03, 3.9460008009850125e-03,
          1.9314447305962028e-02, -2.7773010862695282e-03,
          -5.2402610607484561e-03, -2.2920345991171917e-03,
          9.0663431322459906e-04, 1.8682737511897425e-03,
          1.0057924718166644e-03, -1.4671715454838247e-03,
          3.3464800329163704e-03, -2.7773010862695278e-03,
          1.0641012432986495e-01, 1.5902107002390021e-03,
          -1.9619231285042470e-02, -2.5723581889328718e-03,
          8.2307941152922458e-03, -7.5333046938627747e-03,
          -2.5653952587385833e-03, -5.2995566286796261e-03,
          -5.2402610607484570e-03, 1.5902107002390021e-03,
          3.8508367940498008e-02 ]
   - !!opencv-matrix
      rows: 9
      cols: 9
      dt: d
      data: [ 5.1682975416395271e-02, 8.6731370169113291e-03,
          -3.3508050165604944e-02, 1.5726887485574079e-02,
          6.5423179743258533e-03, 9.3195636253816522e-03,
          4.5032654030370788e-03, 3.2163651315507392e-04,
          -4.7539571132627364e-04, 8.6731370169113291e-03,
          1.2974272997649351e-02, -2.5012479396891224e-03,
          5.8127398264707086e-03, 7.8469305610131147e-03,
          1.3231977338477823e-02, 3.1862441910394004e-03,
          1.9169382198005497e-03, 6.1101238656155802e-04,
          -3.3508050165604951e-02, -2.5012479396891228e-03,
          1.2756858627091716e-01, -5.8892827094474444e-02,
          -1.9220240741847288e-02, -5.7194827875658412e-03,
          -9.8010766778010450e-03, 2.3642282176956218e-03,
          5.8222060429626030e-03, 1.5726887485574083e-02,
          5.8127398264707086e-03, -5.8892827094474444e-02,
          4.5766662421198936e-02, 1.5727598132061350e-02,
          9.9949621901466099e-03, 6.4080381442828882e-03,
          -1.9878224002887126e-04, -4.8767774961676544e-03,
          6.5423179743258567e-03, 7.8469305610131164e-03,
          -1.9220240741847291e-02, 1.5727598132061350e-02,
          6.0470809180511009e-02, 8.6618220681203943e-03,
          1.0035081168377261e-02, 9.7279675791360726e-04,
