%YAML:1.0
---
groups:
   - intact
   - CD19
intactGmmnames:
   - "intact.718.0"
   - "intact.718.1"
   - "intact.718.2"
   - "intact.718.3"
   - "intact.718.4"
intactLabels:
   - FSC-A
   - SSC-A
   - SY41
   - CD19
   - CD10
   - CD20
   - CD45
   - CD34
   - CD38
intactMu: !!opencv-matrix
   rows: 5
   cols: 9
   dt: d
   data: [ 3.0938890571551529e+00, 2.7983330662049295e+00,
       2.7203819042880917e+00, 1.6549070085946225e+00,
       1.1457692753638860e+00, 1.0988475737378800e+00,
       2.7759472168060850e+00, 9.6580192695528655e-01,
       1.5543004267385552e+00, 6.9930389929587056e-01,
       3.3674004853018208e-01, 3.0554565694536708e+00,
       7.9275559222142855e-01, 7.8672665328693547e-01,
       8.4671318588146238e-01, 1.0539020801463161e+00,
       9.4173389829035459e-01, 1.4014491818119692e+00,
       2.7411656248832665e+00, 3.2216581826164497e+00,
       2.6676386523701177e+00, 1.7520407984046340e+00,
       2.5440856550195656e+00, 1.0983544451476703e+00,
       2.9833757316310239e+00, 9.7687720586401017e-01,
       1.4663952355173531e+00, 8.9975237885610526e-01,
       3.2309199766926633e-01, 2.7467324394118480e+00,
       9.9277400796803550e-01, 7.8792574008139782e-01,
       8.4985852522774374e-01, 3.3335461725226030e+00,
       9.1920292998392628e-01, 1.5221951481199802e+00,
       2.0151541243301363e+00, 1.7342478598054474e+00,
       2.8174523539285485e+00, 1.3983401947348386e+00,
       1.1159438582530998e+00, 1.2279794310427139e+00,
       2.7382250031421216e+00, 1.0975307682163102e+00,
       2.2021972447207743e+00 ]
intactSigma:
   - !!opencv-matrix
      rows: 9
      cols: 9
      dt: d
      data: [ 5.3479728018895656e-01, 2.3162663325670346e-01,
          -1.4844058133261218e-02, 5.6193492592244487e-02,
          3.2064931457671843e-02, 3.0245868996990194e-02,
          3.5988691133780080e-02, 6.0378030622892263e-03,
          1.2770861127284195e-03, 2.3162663325670343e-01,
          5.9013192835619244e-01, -2.6693096827621422e-02,
          1.2770052959118469e-01, 1.0728334554774642e-01,
          4.6802499695974824e-02, 8.2796184785043303e-02,
          6.8645033494655148e-03, -2.3425570349248449e-02,
          -1.4844058133261225e-02, -2.6693096827621422e-02,
          1.2258250012485370e-02, -6.4976856596077664e-03,
          -1.0854364719196001e-02, 2.7475884961939267e-03,
          -8.5839135484459088e-03, 7.5519343953086763e-05,
          4.4737776140040151e-03, 5.6193492592244480e-02,
          1.2770052959118469e-01, -6.4976856596077664e-03,
          4.8407875659039590e-02, 2.3951104087897301e-02,
          1.0894618330149243e-02, 1.8729326862598889e-02,
          2.2955352263814301e-03, -8.9463738398091151e-03,
          3.2064931457671843e-02, 1.0728334554774643e-01,
          -1.0854364719196003e-02, 2.3951104087897301e-02,
          1.2312029886857459e-01, -2.2074870956572509e-03,
          2.5557902531965153e-02, -3.3701830135106831e-03,
          -1.1454559177739446e-02, 3.0245868996990194e-02,
          4.6802499695974824e-02, 2.7475884961939271e-03,
          1.0894618330149243e-02, -2.2074870956572509e-03,
          5.2685039416686064e-02, 4.0719077507792110e-03,
          1.4623023005923136e-03, 3.0843853723565139e-03,
          3.5988691133780080e-02, 8.2796184785043289e-02,
          -8.5839135484459088e-03, 1.8729326862598882e-02,
          2.5557902531965160e-02, 4.0719077507792118e-03,
          4.4953109614649593e-02, -1.8310624187028624e-03,
          -1.7084409535261470e-03, 6.0378030622892263e-03,
          6.8645033494655148e-03, 7.5519343953086749e-05,
          2.2955352263814301e-03, -3.3701830135106840e-03,
          1.4623023005923136e-03, -1.8310624187028630e-03,
          6.7398394760810457e-02, 4.5505857598068491e-04,
          1.2770861127284192e-03, -2.3425570349248449e-02,
          4.4737776140040151e-03, -8.9463738398091151e-03,
          -1.1454559177739446e-02, 3.0843853723565144e-03,
          -1.7084409535261470e-03, 4.5505857598068469e-04,
          3.2988541889673727e-02 ]
   - !!opencv-matrix
      rows: 9
      cols: 9
      dt: d
      data: [ 1.3899921304535717e-01, 3.5551939439930617e-02,
          6.5944298490167091e-03, 1.3147256376484416e-02,
          6.5032265435617104e-03, 2.6200216773697445e-02,
          1.2515537732641578e-02, 1.6212019651102494e-03,
          2.1271685240804882e-03, 3.5551939439930617e-02,
          3.2305559070755149e-02, 7.1489725465124837e-03,
          1.1594333299315340e-02, 6.2611635393754967e-03,
          2.3407547181043216e-02, 1.3850493239290889e-02,
          1.7325100010643236e-03, 1.9566491175901229e-03,
          6.5944298490167091e-03, 7.1489725465124837e-03,
          5.1602545959198678e-02, -1.2636329431245106e-02,
          -2.6226665330295316e-03, 6.0484764263445774e-03,
          2.4812441003528823e-03, 7.5965899981279719e-04,
          1.2101947092770734e-03, 1.3147256376484418e-02,
          1.1594333299315340e-02, -1.2636329431245111e-02,
          2.4691505350852412e-02, 4.4789420852244712e-03,
          9.7196917503421191e-03, 5.2418756444920474e-03,
          5.9758529949625373e-04, -1.3465912263098353e-03,
          6.5032265435617104e-03, 6.2611635393754967e-03,
          -2.6226665330295316e-03, 4.4789420852244712e-03,
          3.9144821609654983e-02, 9.6638522135947453e-04,
          1.0788540857256335e-02, 7.2364758315896112e-04,
          4.7894929194606595e-04, 2.6200216773697448e-02,
          2.3407547181043216e-02, 6.0484764263445791e-03,
          9.7196917503421191e-03, 9.6638522135947453e-04,
          7.3263655777854209e-02, 1.2549413563185821e-02,
          1.9837798633918222e-03, 1.5840925633170413e-03,
          1.2515537732641580e-02, 1.3850493239290888e-02,
          2.4812441003528815e-03, 5.2418756444920474e-03,
          1.0788540857256335e-02, 1.2549413563185821e-02,
          1.2566366635033990e-01, -1.0891984118241102e-04,
          1.3812449527570905e-03, 1.6212019651102479e-03,
          1.7325100010643236e-03, 7.5965899981279795e-04,
          5.9758529949625416e-04, 7.2364758315896069e-04,
          1.9837798633918222e-03, -1.0891984118241061e-04,
          2.0310499134053847e-02, 3.3066178891310211e-04,
          2.1271685240804874e-03, 1.9566491175901234e-03,
          1.2101947092770734e-03, -1.3465912263098353e-03,
          4.7894929194606595e-04, 1.5840925633170413e-03,
          1.3812449527570902e-03, 3.3066178891310221e-04,
          2.9195583498948380e-03 ]
   - !!opencv-matrix
      rows: 9
      cols: 9
      dt: d
      data: [ 5.5199070496438740e-01, 1.6045606108846655e-01,
          -8.2210797340529322e-03, 3.3560670547865830e-02,
          -4.6976628230373324e-02, 3.1858884552342273e-02,
          5.4939280228329668e-03, 3.4050478800290939e-03,
          -1.1541678096316052e-03, 1.6045606108846655e-01,
          3.8012836942307482e-01, -5.2402187664618996e-03,
          7.6882582098702426e-02, 2.6183383165325765e-02,
          4.2233271492277902e-02, 3.0202819139506090e-02,
          6.8169705488779963e-03, -3.6279295140782672e-03,
          -8.2210797340529322e-03, -5.2402187664619014e-03,
          1.6050266205786801e-02, -3.1339041175125672e-03,
          -7.7865632213874976e-03, -7.9623928802596296e-05,
          -8.1484613488176840e-03, 5.1450591285260303e-04,
          3.8766785559962415e-04, 3.3560670547865830e-02,
          7.6882582098702426e-02, -3.1339041175125672e-03,
          3.5171130107090706e-02, 9.3300538733891349e-03,
          9.3765187819899853e-03, 9.1945574636536249e-03,
          2.2479877222406114e-03, -5.8445612528088900e-03,
          -4.6976628230373338e-02, 2.6183383165325771e-02,
          -7.7865632213874993e-03, 9.3300538733891349e-03,
          1.1071960697336018e-01, 5.9482803086084324e-03,
          3.2807932394019829e-02, -2.9936197513186219e-04,
