%YAML:1.0
---
groups:
   - intact
   - CD19
   - blast
intactGmmnames:
   - "intact.721.0"
   - "intact.721.1"
   - "intact.721.2"
   - "intact.721.3"
   - "intact.721.4"
intactLabels:
   - FSC-A
   - SSC-A
   - SY41
   - CD19
   - CD10
   - CD20
   - CD45
   - CD34
   - CD38
intactMu: !!opencv-matrix
   rows: 5
   cols: 9
   dt: d
   data: [ 1.1408213990174239e+00, 6.6717768117296683e-01,
       3.5343880079206569e+00, 1.0895981357731199e+00,
       9.9406271914363453e-01, 1.1861262600437443e+00,
       3.5120685892173009e+00, 1.1327136672865297e+00,
       1.6088793712806313e+00, 1.8634108494481634e+00,
       2.7712422308463802e+00, 3.5992416020839468e+00,
       1.5197052888855225e+00, 1.8363929139186812e+00,
       1.6185309070836067e+00, 2.9750240905216749e+00,
       1.5518833739703104e+00, 1.9545901141622128e+00,
       9.2730731092526197e-01, 7.6275475077430654e-01,
       3.4407895250186074e+00, 1.0425823981251972e+00,
       1.0949552429251210e+00, 1.2741462792467420e+00,
       1.4013324786087775e+00, 1.1142641934698725e+00,
       1.6174276829540770e+00, 2.0164196230185247e+00,
       1.2017065057820193e+00, 3.0452053429354100e+00,
       1.2673887353941502e+00, 1.5776877780611491e+00,
       1.1958211736353901e+00, 1.9787032277724736e+00,
       1.5912081336320545e+00, 1.6234086482947534e+00,
       1.2449838289878354e+00, 9.4452791489126608e-01,
       3.3783843778885836e+00, 1.2067996464479449e+00,
       1.0305770120754576e+00, 1.1426698565302098e+00,
       3.4603452762838063e+00, 1.1763100187505033e+00,
       2.7118551542204523e+00 ]
intactSigma:
   - !!opencv-matrix
      rows: 9
      cols: 9
      dt: d
      data: [ 1.6638926228316367e-01, 9.5529500718841143e-03,
          -3.7088785993712521e-02, 1.3747060590590358e-02,
          1.0198161582497596e-02, -5.1329659292964009e-03,
          2.3936636640000290e-02, -3.6850008603670078e-04,
          -5.0782598156669961e-04, 9.5529500718841143e-03,
          3.7357106149435194e-02, -2.5897958739255544e-02,
          2.0793639292498927e-02, 1.5448679349712271e-02,
          9.5639643978688779e-03, 9.7673713572745229e-03,
          5.2871946170974238e-03, -3.8353874292773431e-04,
          -3.7088785993712521e-02, -2.5897958739255544e-02,
          6.2013344521939066e-02, -2.8883075119236695e-02,
          -1.6045846605174864e-02, 2.7889875172717009e-03,
          -1.5360734620813148e-02, -1.3843620798279258e-03,
          -3.4439843648948387e-04, 1.3747060590590358e-02,
          2.0793639292498927e-02, -2.8883075119236695e-02,
          3.0390379168907800e-02, 1.2133170042714895e-02,
          2.4832247531910477e-03, 8.4079675509775194e-03,
          3.2784883037133700e-03, -2.4141352653932200e-03,
          1.0198161582497599e-02, 1.5448679349712268e-02,
          -1.6045846605174868e-02, 1.2133170042714895e-02,
          9.3216139978290855e-02, -2.8493069105103366e-03,
          7.5608283970256401e-03, -2.5625807852919466e-03,
          4.4400103400523598e-04, -5.1329659292963991e-03,
          9.5639643978688797e-03, 2.7889875172717004e-03,
          2.4832247531910482e-03, -2.8493069105103371e-03,
          7.7376890309336727e-02, 5.5056685122501414e-04,
          2.1077446312945934e-03, -1.7884211030733601e-03,
          2.3936636640000290e-02, 9.7673713572745229e-03,
          -1.5360734620813147e-02, 8.4079675509775194e-03,
          7.5608283970256367e-03, 5.5056685122501382e-04,
          1.4639213085658119e-02, -1.2182954015736770e-03,
          2.2473017613322808e-05, -3.6850008603670078e-04,
          5.2871946170974229e-03, -1.3843620798279263e-03,
          3.2784883037133704e-03, -2.5625807852919457e-03,
          2.1077446312945912e-03, -1.2182954015736770e-03,
          1.4946362795456328e-01, 2.5323931536809416e-03,
          -5.0782598156669917e-04, -3.8353874292773420e-04,
          -3.4439843648948393e-04, -2.4141352653932200e-03,
          4.4400103400523664e-04, -1.7884211030733607e-03,
          2.2473017613322828e-05, 2.5323931536809412e-03,
          1.6760904178606643e-02 ]
   - !!opencv-matrix
      rows: 9
      cols: 9
      dt: d
      data: [ 6.4241728462848680e-01, -6.0539426507790033e-02,
          -1.5626219905851495e-02, -4.2900817949208126e-03,
          -4.7999981321748909e-02, 1.8841366565014100e-02,
          1.0041628014796737e-01, 5.4213517321081142e-03,
          4.2188967691834361e-02, -6.0539426507790019e-02,
          1.5455900245286029e+00, -9.0707554444697386e-03,
          2.0280954505211796e-01, 2.7870900599322246e-01,
          -2.9009219085872576e-02, -1.2211150899177570e-01,
          1.0013564797005520e-01, -1.3705055000923291e-01,
          -1.5626219905851498e-02, -9.0707554444697368e-03,
          1.1407683420908699e-01, -6.6438069204956623e-02,
          -1.9714564744731971e-02, 1.4185704798288547e-03,
          -1.8392502549390954e-02, -2.3193808147745892e-03,
          2.0034242241145590e-02, -4.2900817949208100e-03,
          2.0280954505211793e-01, -6.6438069204956637e-02,
          2.4125000864346210e-01, 1.5507085467235387e-01,
          1.0750454425447306e-01, 3.7136397653122190e-02,
          5.9670107105323694e-02, -1.7340630275256556e-02,
          -4.7999981321748902e-02, 2.7870900599322246e-01,
          -1.9714564744731981e-02, 1.5507085467235387e-01,
          3.5410031504665535e-01, 1.0505337873868227e-01,
          6.3039729769226865e-03, 8.5899565121667978e-02,
          -3.6202698704210869e-02, 1.8841366565014100e-02,
          -2.9009219085872586e-02, 1.4185704798288558e-03,
          1.0750454425447306e-01, 1.0505337873868227e-01,
          2.1803623366764624e-01, 9.6795832684189280e-03,
          7.7668297803761874e-02, 3.5018386322710891e-02,
          1.0041628014796738e-01, -1.2211150899177570e-01,
          -1.8392502549390951e-02, 3.7136397653122190e-02,
          6.3039729769226831e-03, 9.6795832684189280e-03,
          2.9816650565209574e-01, 4.8788841911459654e-03,
          5.1582879538281182e-02, 5.4213517321081151e-03,
          1.0013564797005520e-01, -2.3193808147745905e-03,
          5.9670107105323694e-02, 8.5899565121667992e-02,
          7.7668297803761874e-02, 4.8788841911459636e-03,
          2.4065280293748709e-01, 3.0611993707192899e-02,
          4.2188967691834382e-02, -1.3705055000923291e-01,
          2.0034242241145594e-02, -1.7340630275256556e-02,
          -3.6202698704210855e-02, 3.5018386322710891e-02,
          5.1582879538281182e-02, 3.0611993707192902e-02,
          2.2883735077935127e-01 ]
   - !!opencv-matrix
      rows: 9
      cols: 9
      dt: d
      data: [ 1.5250912834492231e-01, 8.2550613003429946e-02,
          1.6570438516622640e-02, 8.9809143939323655e-03,
          2.7164089470118946e-02, 4.4854953730610964e-02,
          3.0146272917720596e-02, 6.7071790107779737e-03,
          1.0318369721937547e-02, 8.2550613003429946e-02,
          1.8205022387151873e-01, 5.4664796365885622e-02,
          1.7385159144453651e-02, 7.4152969746208872e-02,
          1.0173921164998953e-01, 8.8174810895836536e-02,
          1.4454740368368784e-02, 2.8851034005657646e-02,
          1.6570438516622640e-02, 5.4664796365885622e-02,
          1.7637871786657919e-01, -6.1588847503790983e-02,
          -1.2661070474873483e-03, 3.3105083328874428e-02,
          1.8868467071431281e-02, 8.0586085773272087e-03,
          1.9182662587677132e-02, 8.9809143939323655e-03,
          1.7385159144453655e-02, -6.1588847503790983e-02,
          4.3722236457517313e-02, 2.2001415251624429e-02,
          1.2112498568617562e-02, 1.2458356784269379e-02,
          3.9126169629198924e-04, -3.8582237876072611e-03,
          2.7164089470118946e-02, 7.4152969746208872e-02,
          -1.2661070474873489e-03, 2.2001415251624429e-02,
          1.2081035399164725e-01, 4.3346273854303320e-02,
