%YAML:1.0
---
groups:
   - intact
   - CD19
intactGmmnames:
   - "intact.725.0"
   - "intact.725.1"
   - "intact.725.2"
   - "intact.725.3"
   - "intact.725.4"
intactLabels:
   - FSC-A
   - SSC-A
   - SY41
   - CD19
   - CD10
   - CD20
   - CD45
   - CD34
   - CD38
intactMu: !!opencv-matrix
   rows: 5
   cols: 9
   dt: d
   data: [ 2.1867496347864646e+00, 2.8097906517357099e+00,
       2.4057511069334034e+00, 1.7151174802917892e+00,
       2.4083412719770090e+00, 1.1877124910949284e+00,
       2.7482400242911873e+00, 1.0567645031922679e+00,
       1.5722287535513240e+00, 6.7075098856251325e-01,
       3.2024659547576051e-01, 2.3685821768101580e+00,
       1.0388783179552201e+00, 8.7684758995857204e-01,
       9.5971874967479742e-01, 3.5383658610135216e+00,
       9.9960142863673951e-01, 1.6734023776038327e+00,
       2.7724229679148045e+00, 2.4771989654516049e+00,
       2.4471116525888923e+00, 1.6710326457717994e+00,
       1.1404182990900900e+00, 1.2678934635202157e+00,
       2.6934829956409367e+00, 1.0424005969673134e+00,
       1.9896713223577598e+00, 5.5921111855645889e-01,
       3.5460879983984800e-01, 2.5646687315495291e+00,
       9.0494869485981755e-01, 8.8513556811784888e-01,
       8.9738926605080294e-01, 1.2752375978180450e+00,
       1.0295673809811978e+00, 1.2923116646620934e+00,
       1.6304880366446830e+00, 1.5935412261684421e+00,
       2.3929239304557171e+00, 1.4553825257756088e+00,
       1.2232358812206079e+00, 1.2545763175511941e+00,
       2.9610600364721451e+00, 1.3905945645428763e+00,
       2.5151453572396356e+00 ]
intactSigma:
   - !!opencv-matrix
      rows: 9
      cols: 9
      dt: d
      data: [ 3.8368158461641033e-01, 2.1001245335419277e-01,
          -1.1212739122208269e-02, 4.6140471297212958e-02,
          -4.6569294304238007e-02, 3.7990357359500744e-02,
          7.2755892694478103e-03, 6.8212101278510651e-03,
          2.6370661229252027e-02, 2.1001245335419272e-01,
          4.4202459834147712e-01, -1.0858762570084784e-02,
          9.7761490963571868e-02, 3.3460312127903492e-02,
          5.9808992213775183e-02, 3.1699747453530790e-02,
          1.3297105315882452e-02, 4.9751410247355778e-02,
          -1.1212739122208271e-02, -1.0858762570084784e-02,
          4.0104046126044401e-02, -3.2805931176004160e-03,
          -1.3501331835290614e-03, 1.9335046346767844e-03,
          -4.9790306087487829e-03, 1.8116004626690244e-03,
          -2.6761233411617515e-03, 4.6140471297212958e-02,
          9.7761490963571868e-02, -3.2805931176004160e-03,
          4.6575574517469395e-02, 9.5144300570296752e-03,
          1.3982736345558260e-02, 6.6212328978783484e-03,
          4.9966017548648076e-03, 4.3899439961383136e-03,
          -4.6569294304238000e-02, 3.3460312127903492e-02,
          -1.3501331835290610e-03, 9.5144300570296735e-03,
          1.0981457884036058e-01, 4.0844804186435275e-03,
          2.4242640753476163e-02, 1.6681871813979936e-03,
          5.3913054164779776e-04, 3.7990357359500744e-02,
          5.9808992213775183e-02, 1.9335046346767837e-03,
          1.3982736345558260e-02, 4.0844804186435275e-03,
          6.2683136800562589e-02, 4.9081806270177795e-03,
          3.7026471366723174e-03, 7.6770089917944364e-03,
          7.2755892694478103e-03, 3.1699747453530790e-02,
          -4.9790306087487846e-03, 6.6212328978783493e-03,
          2.4242640753476156e-02, 4.9081806270177804e-03,
          3.8270238549662418e-02, -8.3188345599150492e-04,
          1.9065191291176885e-03, 6.8212101278510651e-03,
          1.3297105315882449e-02, 1.8116004626690251e-03,
          4.9966017548648076e-03, 1.6681871813979930e-03,
          3.7026471366723174e-03, -8.3188345599150525e-04,
          8.2434365124708586e-02, 4.1401088213665728e-03,
          2.6370661229252027e-02, 4.9751410247355791e-02,
          -2.6761233411617515e-03, 4.3899439961383128e-03,
          5.3913054164779787e-04, 7.6770089917944390e-03,
          1.9065191291176879e-03, 4.1401088213665746e-03,
          1.1685181789264697e-01 ]
   - !!opencv-matrix
      rows: 9
      cols: 9
      dt: d
      data: [ 7.3892497617187483e-02, 1.4027774222232838e-02,
          -3.1310645474837868e-02, 1.6642299208746846e-03,
          4.5952756190265958e-03, 1.2523441510228696e-02,
          2.4935752857379472e-02, -3.9914927653309680e-03,
          -3.1259136930374042e-02, 1.4027774222232838e-02,
          1.1751833551853651e-02, -9.3549901810569026e-03,
          6.6631768656661506e-03, 3.6948950520345886e-03,
          1.0574015172258958e-02, 8.6513709668288499e-03,
          2.0758132408735556e-04, -9.8379893691787519e-03,
          -3.1310645474837862e-02, -9.3549901810569044e-03,
          5.2250115091274300e-02, -2.9766920915362343e-03,
          -2.4523230243944393e-03, -4.9529844794251555e-03,
          -1.6827310787672620e-02, 5.5577310595062305e-03,
          2.1695606860894105e-02, 1.6642299208746839e-03,
          6.6631768656661488e-03, -2.9766920915362330e-03,
          9.3599631292666477e-02, 2.1846000860053279e-03,
          7.3170033184786244e-03, 1.4014343803436151e-03,
          8.6563009480888076e-03, -1.1932184705123533e-03,
          4.5952756190265958e-03, 3.6948950520345886e-03,
          -2.4523230243944398e-03, 2.1846000860053275e-03,
          5.8723593517639561e-02, -4.3170967743289251e-03,
          3.2082678386264941e-03, -5.9700792154578569e-03,
          -1.1430151526101235e-02, 1.2523441510228696e-02,
          1.0574015172258958e-02, -4.9529844794251546e-03,
          7.3170033184786244e-03, -4.3170967743289242e-03,
          7.8734149505985743e-02, 8.8155292811776254e-03,
          2.2306178710394414e-03, -1.8719333789219486e-02,
          2.4935752857379472e-02, 8.6513709668288499e-03,
          -1.6827310787672620e-02, 1.4014343803436143e-03,
          3.2082678386264941e-03, 8.8155292811776236e-03,
          1.9996244098244284e-02, -4.2508239125490059e-03,
          -1.8623127691185539e-02, -3.9914927653309663e-03,
          2.0758132408735548e-04, 5.5577310595062261e-03,
          8.6563009480888076e-03, -5.9700792154578535e-03,
          2.2306178710394422e-03, -4.2508239125490059e-03,
          1.6300082107271593e-01, 9.3521310038864221e-03,
          -3.1259136930374042e-02, -9.8379893691787519e-03,
          2.1695606860894105e-02, -1.1932184705123552e-03,
          -1.1430151526101233e-02, -1.8719333789219493e-02,
          -1.8623127691185539e-02, 9.3521310038864238e-03,
          2.9193001043154260e-01 ]
   - !!opencv-matrix
      rows: 9
      cols: 9
      dt: d
      data: [ 4.2421330929973067e-01, 2.5048301602284673e-01,
          1.5848894774116173e-02, 6.2269866493191620e-02,
          4.1901802893277586e-02, 6.9705509740745367e-02,
          1.8551180692916888e-02, 1.3764905328730859e-02,
          8.2550906638161295e-02, 2.5048301602284673e-01,
          5.2449501668541409e-01, 2.6591594688092782e-03,
          1.1743984773481415e-01, 7.8618448672002114e-02,
          8.3860407199234696e-02, 3.8315814621136521e-02,
          1.6715463021462720e-02, 9.7552051518981248e-02,
          1.5848894774116166e-02, 2.6591594688092782e-03,
          3.6966181102353467e-02, 6.4285919919421046e-04,
          1.8512321165340497e-03, 1.0554789739388731e-02,
          -2.5477461849389739e-03, 1.0334049322709537e-03,
          1.7114878005296864e-02, 6.2269866493191620e-02,
          1.1743984773481415e-01, 6.4285919919421068e-04,
          5.2966918941089257e-02, 1.7502879689718823e-02,
          2.1020101969897838e-02, 8.6533324945966533e-03,
          5.6227958233802016e-03, 2.3250562881088049e-02,
          4.1901802893277579e-02, 7.8618448672002114e-02,
          1.8512321165340502e-03, 1.7502879689718819e-02,
          8.4398689019114417e-02, 8.0538938075652520e-03,
          7.9801365148910106e-03, 8.8884837784285816e-04,
