%YAML:1.0
---
groups:
   - intact
   - CD19
intactGmmnames:
   - "intact.729.0"
   - "intact.729.1"
   - "intact.729.2"
   - "intact.729.3"
   - "intact.729.4"
intactLabels:
   - FSC-A
   - SSC-A
   - SY41
   - CD19
   - CD10
   - CD20
   - CD45
   - CD34
   - CD38
intactMu: !!opencv-matrix
   rows: 5
   cols: 9
   dt: d
   data: [ 1.2422981858054174e+00, 3.3370528438810970e-01,
       3.0352600827221008e+00, 1.1483162280472845e+00,
       9.3139884378984172e-01, 8.9757120549791858e-01,
       3.6039697376380717e+00, 1.1285978151399771e+00,
       1.7774116478480222e+00, 1.9453427679968212e+00,
       1.2217052150317409e+00, 3.1484723195650854e+00,
       1.3128515724929355e+00, 1.1897579776659730e+00,
       1.2245137477953336e+00, 3.0285104463868247e+00,
       1.6652469021525869e+00, 2.4081290297339906e+00,
       2.9691081443117127e+00, 3.1448221796954687e+00,
       3.0074024605384007e+00, 1.5702101328005080e+00,
       2.5054245560377892e+00, 1.1529118242038030e+00,
       3.1572439496625893e+00, 1.1887415478459185e+00,
       1.8147278540959548e+00, 1.0823462118507912e+00,
       3.0646909324931931e-01, 3.3938055554910549e+00,
       9.0513880072792596e-01, 9.2817763964186450e-01,
       8.5955734314348642e-01, 1.1721278421533865e+00,
       1.0731444325646153e+00, 1.5166061769469681e+00,
       3.3224627688127999e+00, 2.8739652226405785e+00,
       3.0895162926439865e+00, 1.5362273916358635e+00,
       1.1140963070355174e+00, 1.2573121444968660e+00,
       2.9815504582632082e+00, 1.1295115234575162e+00,
       2.2591235219748453e+00 ]
intactSigma:
   - !!opencv-matrix
      rows: 9
      cols: 9
      dt: d
      data: [ 1.5468105864370130e-01, 1.4714285516833544e-02,
          -1.1721159171775316e-02, 1.3043581893841131e-04,
          2.9551856344515043e-03, 1.5938285419267142e-02,
          2.9999613464774900e-02, 2.5557705066103623e-04,
          -1.4864607076725291e-02, 1.4714285516833544e-02,
          9.0611149530608424e-03, -2.1638531359432739e-03,
          3.8246165969479493e-03, 1.4763303918298738e-03,
          7.9429443572120832e-03, 6.3329563589415161e-03,
          2.0851018744557207e-03, -5.6876001735060204e-03,
          -1.1721159171775320e-02, -2.1638531359432739e-03,
          1.2595119946548479e-02, -2.1532538830400984e-03,
          -6.7773855066224410e-04, -8.9043654492335328e-04,
          -3.6046553098988913e-03, 3.3630369035972380e-04,
          4.1132576889495317e-04, 1.3043581893841126e-04,
          3.8246165969479497e-03, -2.1532538830400984e-03,
          2.7362605220729995e-02, 7.6623606690416830e-04,
          3.6763684319370627e-03, 2.3635805174713454e-03,
          3.0183788728099345e-03, -4.9618724253601872e-03,
          2.9551856344515025e-03, 1.4763303918298738e-03,
          -6.7773855066224399e-04, 7.6623606690416808e-04,
          1.4993249455323331e-02, -2.2475269327311091e-03,
          1.3249251853387066e-03, -3.7982651848556290e-03,
          -1.8137513450543954e-03, 1.5938285419267142e-02,
          7.9429443572120815e-03, -8.9043654492335371e-04,
          3.6763684319370627e-03, -2.2475269327311082e-03,
          6.0973582713262288e-02, 6.2707833891684469e-03,
          8.6301569759548991e-04, -9.8086677187448328e-03,
          2.9999613464774900e-02, 6.3329563589415161e-03,
          -3.6046553098988913e-03, 2.3635805174713450e-03,
          1.3249251853387066e-03, 6.2707833891684469e-03,
          1.3579078115292862e-02, -5.3300566731564623e-04,
          -5.9794810763220936e-03, 2.5557705066103580e-04,
          2.0851018744557207e-03, 3.3630369035972390e-04,
          3.0183788728099345e-03, -3.7982651848556290e-03,
          8.6301569759548969e-04, -5.3300566731564602e-04,
          1.2536120068678522e-01, 1.8840316547445216e-03,
          -1.4864607076725291e-02, -5.6876001735060222e-03,
          4.1132576889495317e-04, -4.9618724253601863e-03,
          -1.8137513450543960e-03, -9.8086677187448328e-03,
          -5.9794810763220936e-03, 1.8840316547445227e-03,
          6.3626518817482575e-02 ]
   - !!opencv-matrix
      rows: 9
      cols: 9
      dt: d
      data: [ 7.2892295497162574e-01, 3.6960977006835538e-01,
          -3.5287755345502643e-03, 1.0180190871227802e-01,
          3.4955042061583612e-02, 1.0852363724949027e-01,
          1.4604279003090023e-01, 1.0626491172942777e-01,
          7.4617312157681359e-02, 3.6960977006835538e-01,
          6.7297561200828959e-01, -3.5910511646051371e-02,
          1.8212847464770127e-01, 9.1573635114114885e-02,
          1.7714498357195385e-01, -2.1335655903734048e-02,
          1.9196267473990494e-01, 1.2219581275085227e-01,
          -3.5287755345502613e-03, -3.5910511646051371e-02,
          1.0698036839274312e-01, -3.8357501856527990e-02,
          -8.4403571207489680e-04, 2.7418153288621039e-04,
          -3.6470330216378993e-02, -5.4071078170412984e-02,
          2.7423456657722844e-02, 1.0180190871227802e-01,
          1.8212847464770127e-01, -3.8357501856527990e-02,
          1.1918811326325449e-01, 3.7398051590702287e-02,
          8.1806803077591556e-02, 5.1915059524076795e-02,
          7.1059267932704395e-02, 1.4612170812266201e-02,
          3.4955042061583612e-02, 9.1573635114114885e-02,
          -8.4403571207489843e-04, 3.7398051590702287e-02,
          1.4476330034435655e-01, 4.8656855937704586e-02,
          -8.8325056436138732e-03, 4.6045927920666148e-03,
          -1.7897899749118599e-02, 1.0852363724949027e-01,
          1.7714498357195385e-01, 2.7418153288621028e-04,
          8.1806803077591556e-02, 4.8656855937704573e-02,
          1.7023251791819688e-01, -1.8919039248627107e-02,
          6.0496708321490664e-02, 2.4359755345941679e-03,
          1.4604279003090023e-01, -2.1335655903734031e-02,
          -3.6470330216378993e-02, 5.1915059524076802e-02,
          -8.8325056436138732e-03, -1.8919039248627114e-02,
          5.2180196104107379e-01, -3.0492432638893726e-02,
          2.6015567970630668e-04, 1.0626491172942777e-01,
          1.9196267473990497e-01, -5.4071078170412984e-02,
          7.1059267932704395e-02, 4.6045927920666139e-03,
          6.0496708321490678e-02, -3.0492432638893719e-02,
          4.7469725764556658e-01, 1.8743008419404009e-01,
          7.4617312157681345e-02, 1.2219581275085224e-01,
          2.7423456657722851e-02, 1.4612170812266205e-02,
          -1.7897899749118599e-02, 2.4359755345941662e-03,
          2.6015567970630755e-04, 1.8743008419404011e-01,
          4.9192522599116167e-01 ]
   - !!opencv-matrix
      rows: 9
      cols: 9
      dt: d
      data: [ 5.8937503661995128e-01, 1.8651574687882175e-01,
          -1.0049642912571402e-04, 2.2343447779972055e-02,
          -2.7815753272193999e-02, 2.8039614608721172e-02,
          2.6054488177940583e-02, 7.3379397345239381e-03,
          1.0119755392922798e-02, 1.8651574687882175e-01,
          4.3830767518194874e-01, 6.1860355427563918e-04,
          7.6017823337026821e-02, 2.0856244316659788e-02,
          4.9322740388437147e-02, 3.1398794082273092e-02,
          1.2005960556702231e-02, 2.7323999961101030e-02,
          -1.0049642912571286e-04, 6.1860355427563885e-04,
          1.7222808138728101e-02, -2.8839159728187395e-03,
          -3.0368490749107152e-04, 1.7398726975533204e-03,
          -4.8781528641697706e-03, 8.0145505025968418e-04,
          2.2703072874542605e-03, 2.2343447779972055e-02,
          7.6017823337026835e-02, -2.8839159728187391e-03,
          3.2804608958782476e-02, 6.2512285053631942e-03,
          9.2111058973472579e-03, 6.1053286206470140e-03,
          4.0490201472592807e-03, 1.3105878298470921e-03,
          -2.7815753272193999e-02, 2.0856244316659778e-02,
          -3.0368490749107158e-04, 6.2512285053631950e-03,
          1.2760315250436161e-01, 6.0371280098826868e-03,
          1.4561991947958524e-02, 8.7289597790285306e-03,
