%YAML:1.0
---
groups:
   - intact
   - CD19
   - blast
intactGmmnames:
   - "intact.733.0"
   - "intact.733.1"
   - "intact.733.2"
   - "intact.733.3"
   - "intact.733.4"
intactLabels:
   - FSC-A
   - SSC-A
   - SY41
   - CD19
   - CD10
   - CD20
   - CD45
   - CD34
   - CD38
intactMu: !!opencv-matrix
   rows: 5
   cols: 9
   dt: d
   data: [ 1.6387110781789667e+00, 4.3544163359855725e-01,
       2.8820565666497773e+00, 1.1830041630166068e+00,
       8.7633387970457965e-01, 1.0186725827242842e+00,
       3.5780090765509889e+00, 1.0546774972663151e+00,
       1.6888513864948265e+00, 8.7002743061977450e-01,
       3.0473935769039417e-01, 2.8855388553346271e+00,
       9.9328946035450527e-01, 8.8934294337659303e-01,
       8.1686518514202444e-01, 1.3271356744196279e+00,
       1.0250638119000217e+00, 1.5277898011686053e+00,
       2.5200154665205052e+00, 3.4588832706399399e+00,
       2.9854344893421714e+00, 1.6211376304311693e+00,
       2.1798704018229524e+00, 1.1651200884494777e+00,
       2.6356314117610884e+00, 1.0883737229313402e+00,
       1.8441911988675561e+00, 1.6092638192162156e+00,
       6.1815391960666100e-01, 2.8702304758791493e+00,
       1.1510398438439147e+00, 1.0233719937880787e+00,
       9.9505851111478871e-01, 2.9274927802118387e+00,
       1.0964636946323134e+00, 2.5683566390519204e+00,
       1.9757659407610100e+00, 1.5491898687852355e+00,
       2.7414126029065713e+00, 1.3493077523584793e+00,
       1.3370100074843494e+00, 1.2562684046952204e+00,
       2.2657212720807509e+00, 1.3437391775527419e+00,
       2.0952683092070132e+00 ]
intactSigma:
   - !!opencv-matrix
      rows: 9
      cols: 9
      dt: d
      data: [ 3.4186028330622609e-01, 4.0759758621270466e-02,
          -7.1848837390272743e-02, 1.7512306832599762e-02,
          1.0653332333459485e-02, 2.3969955569657544e-02,
          5.5017252935494344e-02, 8.1973201072572466e-04,
          -8.2280484207104300e-03, 4.0759758621270459e-02,
          2.9475327507203462e-02, -2.7110866839064562e-02,
          1.3456149323273263e-02, 7.9810620080375174e-03,
          1.2412640665140725e-02, 1.8606042397867589e-02,
          1.1361181273223475e-03, 1.5426275735557291e-03,
          -7.1848837390272743e-02, -2.7110866839064562e-02,
          6.0331692873600767e-02, -1.6986602846590832e-02,
          -6.7563469379876709e-03, -7.6593408680849491e-03,
          -2.5529649858588362e-02, 2.7183507491918067e-04,
          -2.3551848192076741e-03, 1.7512306832599762e-02,
          1.3456149323273261e-02, -1.6986602846590832e-02,
          3.2490851043502383e-02, 3.8729389487756494e-03,
          6.1291383049410456e-03, 1.0022792063009094e-02,
          2.0028477774546674e-03, -1.7125046821718660e-03,
          1.0653332333459482e-02, 7.9810620080375174e-03,
          -6.7563469379876727e-03, 3.8729389487756507e-03,
          5.1780990268810577e-02, -9.1630543981827128e-04,
          4.9624570095348737e-03, -6.2328960575961543e-03,
          -1.1437742485576553e-03, 2.3969955569657541e-02,
          1.2412640665140723e-02, -7.6593408680849483e-03,
          6.1291383049410456e-03, -9.1630543981827161e-04,
          7.2131661806148425e-02, 8.0364702740473790e-03,
          1.9361834791158487e-03, -8.1024179881327898e-03,
          5.5017252935494344e-02, 1.8606042397867589e-02,
          -2.5529649858588362e-02, 1.0022792063009099e-02,
          4.9624570095348746e-03, 8.0364702740473807e-03,
          2.3050649778080804e-02, -1.7089285681869508e-03,
          -3.6632553142610448e-04, 8.1973201072572390e-04,
          1.1361181273223471e-03, 2.7183507491918067e-04,
          2.0028477774546669e-03, -6.2328960575961543e-03,
          1.9361834791158479e-03, -1.7089285681869504e-03,
          1.5723006006867449e-01, 2.5762373975164294e-03,
          -8.2280484207104300e-03, 1.5426275735557287e-03,
          -2.3551848192076745e-03, -1.7125046821718662e-03,
          -1.1437742485576558e-03, -8.1024179881327880e-03,
          -3.6632553142610432e-04, 2.5762373975164298e-03,
          7.0423050395433090e-02 ]
   - !!opencv-matrix
      rows: 9
      cols: 9
      dt: d
      data: [ 1.3874087990950065e-01, 1.6040353901224685e-02,
          -8.6425440366423870e-02, 1.6104238986547621e-02,
          6.9001459576304184e-03, 9.1220100579825405e-03,
          5.0549840215761421e-03, 7.3501227712672831e-04,
          -8.1298830039406287e-04, 1.6040353901224689e-02,
          9.9914219802135322e-03, -1.4674753068393949e-02,
          4.2814118632531128e-03, 4.9246897668577391e-03,
          6.2705920751770297e-03, 4.2187801713305462e-03,
          9.4869986130195131e-04, 1.7857835378726804e-03,
          -8.6425440366423856e-02, -1.4674753068393951e-02,
          2.0262883340360768e-01, -3.2642380614307465e-02,
          -9.7551445365421877e-03, -7.4801626959387297e-03,
          -7.0812206537340149e-03, -1.1198820654262831e-03,
          5.8170122108409314e-03, 1.6104238986547618e-02,
          4.2814118632531128e-03, -3.2642380614307458e-02,
          1.2888363618401967e-02, 3.2872959437584060e-03,
          3.0429439904785410e-03, 1.4750874897393621e-03,
          5.1280333452105240e-04, -1.7370821333941799e-03,
          6.9001459576304202e-03, 4.9246897668577391e-03,
          -9.7551445365421912e-03, 3.2872959437584056e-03,
          6.1282012451664203e-02, -2.7699671965165078e-03,
          6.5823105956802292e-03, -7.7371814394520076e-04,
          3.1536809011160996e-03, 9.1220100579825440e-03,
          6.2705920751770297e-03, -7.4801626959387297e-03,
          3.0429439904785410e-03, -2.7699671965165087e-03,
          6.4812886122586788e-02, 2.0863497759960326e-03,
          9.5402986811047165e-04, 5.5426186620113785e-04,
          5.0549840215761421e-03, 4.2187801713305462e-03,
          -7.0812206537340158e-03, 1.4750874897393629e-03,
          6.5823105956802292e-03, 2.0863497759960317e-03,
          3.5310094929429305e-02, -4.0944696360460274e-04,
          4.8713099660579410e-03, 7.3501227712672809e-04,
          9.4869986130195153e-04, -1.1198820654262827e-03,
          5.1280333452105229e-04, -7.7371814394520076e-04,
          9.5402986811047186e-04, -4.0944696360460317e-04,
          3.1071052906786720e-02, 2.2057994407732333e-04,
          -8.1298830039406265e-04, 1.7857835378726804e-03,
          5.8170122108409297e-03, -1.7370821333941796e-03,
          3.1536809011160996e-03, 5.5426186620113785e-04,
          4.8713099660579401e-03, 2.2057994407732322e-04,
          1.0148671326728156e-02 ]
   - !!opencv-matrix
      rows: 9
      cols: 9
      dt: d
      data: [ 6.1505192993193525e-01, 2.1268446568657570e-01,
          -2.0502059007301711e-02, 3.4127119022588609e-02,
          -6.0087747479386208e-02, 3.5170078028261546e-02,
          4.6892463186771288e-02, 2.3121680002480471e-03,
          2.7573352000108679e-02, 2.1268446568657570e-01,
          3.5145879402641023e-01, -3.0959586087527875e-02,
          6.6051991821120176e-02, 3.8351297999342539e-02,
          3.9193079938941965e-02, 3.4567468362443871e-02,
          9.5737412757161411e-03, 1.6729530753889669e-02,
          -2.0502059007301704e-02, -3.0959586087527875e-02,
          3.8119976824633056e-02, -1.0414755171085812e-02,
          -1.0029983716006677e-02, -1.7093351415838904e-03,
          -8.1013730910945696e-03, -2.8129122110180687e-04,
          -4.5739691570177597e-03, 3.4127119022588623e-02,
          6.6051991821120176e-02, -1.0414755171085812e-02,
          2.9717512840997860e-02, 9.0633115747022312e-03,
          7.9145627607353983e-03, 6.3067387642349306e-03,
          2.9732456633378788e-03, 3.0617294842967042e-04,
          -6.0087747479386229e-02, 3.8351297999342539e-02,
          -1.0029983716006677e-02, 9.0633115747022312e-03,
          1.4741671905227663e-01, -9.2315788408220390e-04,
