%YAML:1.0
---
groups:
   - intact
   - CD19
   - blast
intactGmmnames:
   - "intact.742.0"
   - "intact.742.1"
   - "intact.742.2"
   - "intact.742.3"
   - "intact.742.4"
intactLabels:
   - FSC-A
   - SSC-A
   - SY41
   - CD19
   - CD10
   - CD20
   - CD45
   - CD34
   - CD38
intactMu: !!opencv-matrix
   rows: 5
   cols: 9
   dt: d
   data: [ 1.6368235271610005e+00, 2.0020814500322635e+00,
       2.9267193075797588e+00, 1.5216289173524433e+00,
       1.8798494819152780e+00, 1.4587905762486544e+00,
       2.6181262356519190e+00, 1.4011092866748209e+00,
       1.8245016856329859e+00, 1.4207252665204673e+00,
       5.3798856682126539e-01, 3.0134941147904639e+00,
       1.2769989047937118e+00, 1.1705607699646330e+00,
       1.1990098501034272e+00, 3.6161323898092514e+00,
       1.2345739020762545e+00, 1.9321972916174286e+00,
       7.2410866360265391e-01, 2.9282030154142508e-01,
       3.1846239533318847e+00, 9.9996020241948569e-01,
       9.8263347071841622e-01, 1.0459956384882834e+00,
       3.3666689043526490e+00, 1.1471280632994219e+00,
       1.7644702590905792e+00, 1.7817863164496011e+00,
       3.2332060532188889e+00, 3.0568165185581777e+00,
       1.7555301804662862e+00, 2.5578745238456588e+00,
       1.3641762443216696e+00, 3.2145215824991022e+00,
       1.4150236384845545e+00, 1.7373846280431573e+00,
       7.5205000347487705e-01, 4.0525047505006623e-01,
       3.1949630658519252e+00, 7.6907943182801541e-01,
       1.0641138023871706e+00, 9.9238130189229679e-01,
       1.2678934609624295e+00, 1.0227369569838931e+00,
       1.6934128496519223e+00 ]
intactSigma:
   - !!opencv-matrix
      rows: 9
      cols: 9
      dt: d
      data: [ 8.0614964297147429e-01, 4.2096438198394676e-01,
          -6.7410265054094528e-03, 1.0216153673926882e-01,
          2.7740838820020562e-02, 1.3897687376974123e-02,
          1.0799821150428908e-01, 5.8427034540437829e-03,
          -1.8648456830646327e-02, 4.2096438198394676e-01,
          1.1664967984458035e+00, -1.0030470183352004e-01,
          2.5928693366094774e-01, 1.6528903620228441e-01,
          -7.0583017352173275e-02, 1.3480211800479572e-01,
          -2.6156270854994550e-02, -8.0935882255464983e-02,
          -6.7410265054094528e-03, -1.0030470183352004e-01,
          1.7830993154912966e-01, -4.8815483416221925e-02,
          -4.5898339095240180e-02, 6.3925146806179153e-02,
          4.7288738001314008e-02, 3.4620131897639767e-02,
          3.9617723161064926e-02, 1.0216153673926880e-01,
          2.5928693366094779e-01, -4.8815483416221925e-02,
          2.0020206992305828e-01, 9.9327648241618161e-02,
          6.7263780795670455e-02, 6.9202821118270960e-02,
          2.3133917002966280e-02, 1.8427037009827330e-02,
          2.7740838820020562e-02, 1.6528903620228441e-01,
          -4.5898339095240173e-02, 9.9327648241618161e-02,
          3.5887352731930477e-01, 9.6696132539725935e-02,
          8.8570116477732511e-02, 5.6083986701655208e-03,
          1.1550670170041888e-02, 1.3897687376974119e-02,
          -7.0583017352173288e-02, 6.3925146806179153e-02,
          6.7263780795670455e-02, 9.6696132539725962e-02,
          2.4461300915277212e-01, 3.1600966168761423e-02,
          6.0245446774629327e-02, 3.8163320723151706e-02,
          1.0799821150428907e-01, 1.3480211800479572e-01,
          4.7288738001314008e-02, 6.9202821118270960e-02,
          8.8570116477732538e-02, 3.1600966168761409e-02,
          4.4173075721021421e-01, 2.0747871974801674e-02,
          1.8487596734033024e-02, 5.8427034540437846e-03,
          -2.6156270854994543e-02, 3.4620131897639767e-02,
          2.3133917002966273e-02, 5.6083986701655191e-03,
          6.0245446774629327e-02, 2.0747871974801685e-02,
          2.4001510012771851e-01, 3.1810249602730503e-02,
          -1.8648456830646327e-02, -8.0935882255464983e-02,
          3.9617723161064933e-02, 1.8427037009827330e-02,
          1.1550670170041886e-02, 3.8163320723151706e-02,
          1.8487596734033017e-02, 3.1810249602730503e-02,
          1.1231344700877974e-01 ]
   - !!opencv-matrix
      rows: 9
      cols: 9
      dt: d
      data: [ 2.1210441622432641e-01, 3.9959007581390890e-03,
          5.1896314940076491e-03, 5.5532662791459219e-03,
          7.9698181297253152e-04, 6.0043316821426565e-03,
          2.0123621483189358e-02, -5.1787404505532148e-03,
          -1.8510415110710872e-03, 3.9959007581390890e-03,
          2.0050841791433960e-02, -3.4591551267552289e-03,
          1.2823860434689362e-02, 9.7756079481285570e-03,
          9.6215146148006751e-03, 8.0858835600063350e-03,
          7.3056526810727444e-03, 1.0784078911705340e-02,
          5.1896314940076483e-03, -3.4591551267552294e-03,
          2.0926429184434891e-02, -6.5898863478599939e-03,
          -2.5659519912015708e-03, 3.9467105474987225e-04,
          -1.6944759069990446e-03, -1.6116620407428288e-03,
          -4.6310682237139279e-03, 5.5532662791459211e-03,
          1.2823860434689362e-02, -6.5898863478599939e-03,
          8.0113787406615330e-02, 1.5402697275872576e-02,
          1.5192804257719470e-02, 1.3782250617497436e-02,
          1.3928489523594434e-02, -4.4824148218017851e-03,
          7.9698181297253184e-04, 9.7756079481285570e-03,
          -2.5659519912015721e-03, 1.5402697275872575e-02,
          7.3922706836866900e-02, 6.8453173228784593e-03,
          1.2730394797262143e-02, 8.3470375938827905e-04,
          -3.6041221897834793e-03, 6.0043316821426591e-03,
          9.6215146148006751e-03, 3.9467105474987274e-04,
          1.5192804257719470e-02, 6.8453173228784593e-03,
          7.1243028898713617e-02, 1.1588862302799144e-02,
          5.8463386928426361e-03, -1.3546809704702227e-02,
          2.0123621483189358e-02, 8.0858835600063350e-03,
          -1.6944759069990446e-03, 1.3782250617497436e-02,
          1.2730394797262143e-02, 1.1588862302799144e-02,
          1.8030023073975426e-02, 4.4418091631731214e-03,
          -1.0209172860357081e-02, -5.1787404505532113e-03,
          7.3056526810727461e-03, -1.6116620407428288e-03,
          1.3928489523594434e-02, 8.3470375938827937e-04,
          5.8463386928426361e-03, 4.4418091631731214e-03,
          2.0217841135726164e-01, 5.4582115717239366e-03,
          -1.8510415110710870e-03, 1.0784078911705340e-02,
          -4.6310682237139288e-03, -4.4824148218017860e-03,
          -3.6041221897834819e-03, -1.3546809704702227e-02,
          -1.0209172860357081e-02, 5.4582115717239366e-03,
          1.1773411543275605e-01 ]
   - !!opencv-matrix
      rows: 9
      cols: 9
      dt: d
      data: [ 7.1145271051624187e-02, 6.8511340899850681e-03,
          -6.8562011729256678e-03, 1.4048132099684847e-02,
          8.4416151237467676e-03, 1.3628118771788050e-02,
          2.3452282616913657e-02, 1.3032543035626524e-03,
          -7.6585226752098542e-04, 6.8511340899850698e-03,
          6.5766203517009479e-03, -3.2140263594668912e-03,
          7.0529547476219749e-03, 5.7979918168770119e-03,
          9.0435555078488220e-03, 5.6564178505102685e-03,
          1.9941882141304170e-03, -1.4854324582729865e-03,
          -6.8562011729256670e-03, -3.2140263594668912e-03,
          9.8019393653911990e-03, -7.1096185313108719e-03,
          -3.7890687299191534e-03, -3.7036971808879051e-03,
          -5.3834542957076400e-03, -9.3242728254561743e-04,
          9.5761195928998461e-04, 1.4048132099684850e-02,
          7.0529547476219749e-03, -7.1096185313108719e-03,
          6.6666917155213445e-02, 9.9360405784524389e-03,
          1.2206940041804207e-02, 1.0849189129298888e-02,
          5.3246910445939643e-03, -4.1227085495094476e-03,
          8.4416151237467676e-03, 5.7979918168770111e-03,
          -3.7890687299191525e-03, 9.9360405784524406e-03,
          6.6836208198722602e-02, 1.6158646768417951e-03,
          9.1001524460572452e-03, -2.4862851202701037e-03,
