%YAML:1.0
---
groups:
   - intact
   - CD19
intactGmmnames:
   - "intact.744.0"
   - "intact.744.1"
   - "intact.744.2"
   - "intact.744.3"
   - "intact.744.4"
intactLabels:
   - FSC-A
   - SSC-A
   - SY41
   - CD19
   - CD10
   - CD20
   - CD45
   - CD34
   - CD38
intactMu: !!opencv-matrix
   rows: 5
   cols: 9
   dt: d
   data: [ 9.5086549071729110e-01, 7.5863372087847025e-01,
       2.6251687387355371e+00, 1.1261670240000914e+00,
       1.0065847702066790e+00, 1.0219040905577461e+00,
       2.0105746357789815e+00, 1.1739331198531517e+00,
       1.6181951882131145e+00, 4.5494453226240361e-01,
       2.3498808381277778e-01, 3.4786757937813668e+00,
       1.0309913448655104e+00, 8.3103973817284538e-01,
       9.1370549530069056e-01, 3.4365237364734238e+00,
       9.8603712915686570e-01, 1.6542322099242912e+00,
       1.5702984407084539e+00, 3.6949162885570388e+00,
       3.0358434872803532e+00, 1.6884457898437157e+00,
       2.6643281429038561e+00, 1.1878004055082427e+00,
       3.1155731281349408e+00, 1.0721751147559779e+00,
       1.5315902902924532e+00, 1.6706141484074448e+00,
       1.3496081117730205e+00, 3.1504381623291629e+00,
       1.2899329379043782e+00, 1.2286167103215224e+00,
       1.2884710125990197e+00, 3.1301448046909641e+00,
       1.2162429846289189e+00, 2.1886597287918228e+00,
       1.2253828572852015e+00, 3.5440781623417966e-01,
       3.1695106018992423e+00, 1.1342363838276261e+00,
       9.1231358730891576e-01, 9.8992075324072692e-01,
       3.6335785456949385e+00, 9.9889890941040371e-01,
       1.6580278222844129e+00 ]
intactSigma:
   - !!opencv-matrix
      rows: 9
      cols: 9
      dt: d
      data: [ 3.0618743028337803e-01, 1.0368786338767780e-01,
          -1.2388103597416815e-01, 4.8929026705381233e-02,
          2.3124480188029803e-02, 3.5627496233980933e-02,
          1.5224495368843657e-01, 2.3669338530014062e-02,
          2.0508360774564374e-02, 1.0368786338767780e-01,
          1.5382386608523183e-01, -6.7319481111572266e-02,
          5.6157816577327831e-02, 3.8077643840539452e-02,
          5.4263370146423240e-02, 1.5864035406738972e-01,
          3.2194881443849674e-02, 3.5472988413443832e-02,
          -1.2388103597416815e-01, -6.7319481111572266e-02,
          3.1749716188344279e-01, -7.8099217856631598e-02,
          -9.4259786411724361e-03, 5.7623683327766963e-03,
          -1.9347903061836189e-01, -2.3919779998373292e-02,
          -6.9266773972153908e-03, 4.8929026705381219e-02,
          5.6157816577327817e-02, -7.8099217856631598e-02,
          4.2507190342796035e-02, 1.4478617085849766e-02,
          1.4995121313204641e-02, 7.9233180013299237e-02,
          1.3588322801242090e-02, 9.5952950322692951e-03,
          2.3124480188029803e-02, 3.8077643840539452e-02,
          -9.4259786411724378e-03, 1.4478617085849766e-02,
          6.3461111384193275e-02, 1.1777862707684425e-02,
          3.8254476002132602e-02, 5.0716551785960897e-03,
          9.6873834610446286e-03, 3.5627496233980933e-02,
          5.4263370146423240e-02, 5.7623683327766998e-03,
          1.4995121313204641e-02, 1.1777862707684425e-02,
          7.8759084790802472e-02, 4.2645445239917243e-02,
          9.9951469318236823e-03, 1.3679066163139542e-02,
          1.5224495368843657e-01, 1.5864035406738972e-01,
          -1.9347903061836189e-01, 7.9233180013299237e-02,
          3.8254476002132602e-02, 4.2645445239917236e-02,
          2.8932902061209070e-01, 3.6436215804238170e-02,
          3.5409466985747186e-02, 2.3669338530014065e-02,
          3.2194881443849688e-02, -2.3919779998373285e-02,
          1.3588322801242090e-02, 5.0716551785960906e-03,
          9.9951469318236823e-03, 3.6436215804238170e-02,
          4.5220040194189320e-02, 7.3637045412686545e-03,
          2.0508360774564374e-02, 3.5472988413443832e-02,
          -6.9266773972153908e-03, 9.5952950322692951e-03,
          9.6873834610446286e-03, 1.3679066163139542e-02,
          3.5409466985747186e-02, 7.3637045412686527e-03,
          1.9237594694399490e-02 ]
   - !!opencv-matrix
      rows: 9
      cols: 9
      dt: d
      data: [ 5.6399791801244971e-02, 3.9251005428757365e-03,
          -2.4701288285201305e-02, 6.6106309754971650e-03,
          3.4454497976559150e-03, 6.3841009034708547e-03,
          2.3483823929643717e-02, -3.4097530546620103e-03,
          -9.8990527801661992e-03, 3.9251005428757374e-03,
          5.4169939897077499e-03, -1.9260352354890892e-03,
          2.3993043503361027e-03, 3.9191410054798519e-03,
          6.4327351349343330e-03, 3.8193723994794102e-03,
          -2.5636627719891785e-04, -2.0338110057462424e-03,
          -2.4701288285201312e-02, -1.9260352354890892e-03,
          2.7710755805478091e-02, -8.9495744865610658e-03,
          -4.1713288379541637e-03, -2.1293285149247237e-03,
          -1.0439654876538232e-02, 2.3653839100042798e-03,
          6.9998937584886643e-03, 6.6106309754971641e-03,
          2.3993043503361027e-03, -8.9495744865610658e-03,
          2.3644075215868473e-02, 2.8548434652390484e-03,
          3.5332289190241110e-03, 3.7728045874066214e-03,
          3.5477292468153766e-04, -4.2217307061606282e-03,
          3.4454497976559150e-03, 3.9191410054798519e-03,
          -4.1713288379541637e-03, 2.8548434652390484e-03,
          4.5183512006665441e-02, -1.7640348839425830e-03,
          3.2384327667348755e-03, -3.6375922593425694e-03,
          -2.8790574470818871e-03, 6.3841009034708547e-03,
          6.4327351349343339e-03, -2.1293285149247237e-03,
          3.5332289190241110e-03, -1.7640348839425824e-03,
          6.1445280493696824e-02, 6.1102774106434211e-03,
          -1.1028656696458067e-03, -4.6210225364312464e-03,
          2.3483823929643717e-02, 3.8193723994794089e-03,
          -1.0439654876538232e-02, 3.7728045874066227e-03,
          3.2384327667348755e-03, 6.1102774106434228e-03,
          2.0863911386431115e-02, -3.9209761124715517e-03,
          -6.4453982756253183e-03, -3.4097530546620103e-03,
          -2.5636627719891801e-04, 2.3653839100042798e-03,
          3.5477292468153804e-04, -3.6375922593425685e-03,
          -1.1028656696458058e-03, -3.9209761124715525e-03,
          7.7150744533328777e-02, 2.9350893404641669e-03,
          -9.8990527801661992e-03, -2.0338110057462428e-03,
          6.9998937584886643e-03, -4.2217307061606273e-03,
          -2.8790574470818897e-03, -4.6210225364312464e-03,
          -6.4453982756253183e-03, 2.9350893404641665e-03,
          3.8295194116709806e-02 ]
   - !!opencv-matrix
      rows: 9
      cols: 9
      dt: d
      data: [ 4.4535818773749619e-01, 1.5611097176724478e-01,
          -8.3533635716223128e-03, 1.3465372003496952e-02,
          -1.3838499877958702e-03, 1.8633829998001058e-02,
          2.1550182988793101e-02, 2.3013887805392831e-03,
          -9.3049734743845900e-03, 1.5611097176724481e-01,
          2.9444541241908662e-01, -1.6430634348663299e-02,
          4.9956410734780479e-02, 1.5876998848921096e-02,
          2.9805158724086733e-02, 1.8657665666378175e-02,
          3.7728582894841736e-03, -4.3286318012791467e-03,
          -8.3533635716223093e-03, -1.6430634348663299e-02,
          4.2406877049009230e-02, -8.0172631478811571e-03,
          -2.5926499999989771e-03, -6.4359764103802787e-04,
          -3.3397629944813801e-03, 7.0500624735688442e-04,
          -3.1339301414981709e-04, 1.3465372003496951e-02,
          4.9956410734780479e-02, -8.0172631478811571e-03,
          2.7463025235416511e-02, 5.2758672693254387e-03,
          5.3925099051060528e-03, 3.7042398924186253e-03,
          1.0883327373417868e-03, -3.9417311499837671e-03,
          -1.3838499877958698e-03, 1.5876998848921096e-02,
          -2.5926499999989762e-03, 5.2758672693254387e-03,
          7.2774582993723511e-02, 4.4099454275585408e-03,
          1.4374485787967907e-02, -3.5788313575470084e-05,
