%YAML:1.0
---
groups:
   - intact
   - CD19
   - blast
intactGmmnames:
   - "intact.747.0"
   - "intact.747.1"
   - "intact.747.2"
   - "intact.747.3"
   - "intact.747.4"
intactLabels:
   - FSC-A
   - SSC-A
   - SY41
   - CD19
   - CD10
   - CD20
   - CD45
   - CD34
   - CD38
intactMu: !!opencv-matrix
   rows: 5
   cols: 9
   dt: d
   data: [ 1.2376074706665519e+00, 4.2599282864846832e-01,
       2.1556666763070567e+00, 1.2763593140240774e+00,
       9.4469166761193724e-01, 9.9444189744244738e-01,
       3.5522479129836864e+00, 1.0681829089953614e+00,
       2.1126971251849951e+00, 2.0710790926961100e+00,
       3.1341616710974090e+00, 2.4584630897562803e+00,
       1.6850872062030930e+00, 2.2099248965650169e+00,
       1.1762402203553459e+00, 2.6625885231056898e+00,
       1.0863321972852622e+00, 1.6607195999017459e+00,
       2.4672081564043649e+00, 1.2031560543496986e+00,
       1.5733508979860278e+00, 1.3134982886004338e+00,
       8.7969884280909294e-01, 7.5415737415911666e-01,
       1.1395953827677916e+00, 1.0339396851565126e+00,
       1.0886449523252026e+00, 2.0026177948632302e+00,
       1.7273687640467372e+00, 2.2728995554207598e+00,
       1.6111664450703214e+00, 1.3907663546980611e+00,
       1.3756316188805571e+00, 2.9167389896424041e+00,
       1.3170522890050826e+00, 2.2845810238817514e+00,
       7.4327717738133270e-01, 3.9352174720562422e-01,
       2.2907790560083168e+00, 1.0730841505168967e+00,
       1.0465991666029795e+00, 9.1042983240615383e-01,
       1.3381883400336547e+00, 1.0672543181093386e+00,
       1.3566813461715270e+00 ]
intactSigma:
   - !!opencv-matrix
      rows: 9
      cols: 9
      dt: d
      data: [ 2.5680269924080057e-01, 4.0737748605411066e-02,
          -7.9554963258244821e-02, 6.6250052816764120e-03,
          1.8944240345800147e-03, 9.7779271947019998e-03,
          4.5451507773285653e-02, 1.1690760251346173e-03,
          2.5911460715729515e-02, 4.0737748605411066e-02,
          3.2681944204896028e-02, -2.5757742437566119e-02,
          1.0987006237467329e-02, 8.0599628152666671e-03,
          8.4549543427261328e-03, 1.3338048898974914e-02,
          3.0361425747861626e-03, 4.1129965616877116e-02,
          -7.9554963258244835e-02, -2.5757742437566126e-02,
          7.1240975551692814e-02, -9.0016090434353758e-03,
          -7.3628497974451926e-04, -5.2730191785543953e-04,
          -2.2906977224470177e-02, -8.5444188217067467e-04,
          -3.6405368116685648e-02, 6.6250052816764120e-03,
          1.0987006237467329e-02, -9.0016090434353758e-03,
          3.7590933737298264e-02, 3.8971633268744411e-03,
          4.6037562637316221e-03, 6.5283494567010174e-03,
          3.4749847910935956e-03, 8.9083383248358386e-04,
          1.8944240345800142e-03, 8.0599628152666636e-03,
          -7.3628497974451970e-04, 3.8971633268744411e-03,
          5.4876010766282068e-02, -1.6850270023688733e-03,
          2.3747097095376231e-03, -4.1670783795962653e-03,
          -3.2977658791372281e-03, 9.7779271947019998e-03,
          8.4549543427261346e-03, -5.2730191785543975e-04,
          4.6037562637316213e-03, -1.6850270023688752e-03,
          6.3294382721187384e-02, 4.7732372560946416e-03,
          1.3879972220298843e-03, -2.3454260660320903e-02,
          4.5451507773285646e-02, 1.3338048898974914e-02,
          -2.2906977224470177e-02, 6.5283494567010174e-03,
          2.3747097095376227e-03, 4.7732372560946416e-03,
          2.2200785198750250e-02, -9.5179586951250775e-04,
          -4.7425549362475694e-03, 1.1690760251346168e-03,
          3.0361425747861630e-03, -8.5444188217067402e-04,
          3.4749847910935964e-03, -4.1670783795962644e-03,
          1.3879972220298845e-03, -9.5179586951250775e-04,
          1.4968475539246209e-01, 9.6860445233433751e-03,
          2.5911460715729515e-02, 4.1129965616877130e-02,
          -3.6405368116685648e-02, 8.9083383248358408e-04,
          -3.2977658791372290e-03, -2.3454260660320903e-02,
          -4.7425549362475703e-03, 9.6860445233433734e-03,
          4.3928630417806591e-01 ]
   - !!opencv-matrix
      rows: 9
      cols: 9
      dt: d
      data: [ 5.7722486512111770e-01, 2.1099212165547296e-01,
          4.2815591031871159e-03, 3.3698733673800170e-02,
          -1.5167019242501818e-02, 3.6254268324817845e-02,
          3.2345620047000367e-02, 5.7079172678531883e-03,
          1.3714496071076613e-02, 2.1099212165547296e-01,
          3.6509878344186308e-01, -7.8139082106166453e-03,
          6.7755777159690958e-02, 3.3418941954081668e-02,
          4.7588538337207803e-02, 3.0608157418155101e-02,
          1.0494773908850284e-02, 1.5869601110380178e-02,
          4.2815591031871150e-03, -7.8139082106166453e-03,
          2.4878880119253328e-02, -1.9017337324244165e-03,
          -1.0342086778161907e-02, 2.3391267676630806e-03,
          -3.6547886548054416e-03, 2.9219219638866893e-04,
          -5.1015180174369731e-03, 3.3698733673800170e-02,
          6.7755777159690958e-02, -1.9017337324244165e-03,
          3.0809544251847717e-02, 8.3928985308016034e-03,
          9.8585493128578051e-03, 6.5231785551035093e-03,
          2.6194812069725488e-03, -4.9453300660140982e-03,
          -1.5167019242501816e-02, 3.3418941954081662e-02,
          -1.0342086778161903e-02, 8.3928985308016017e-03,
          9.5246702693060709e-02, 3.1168249774517344e-03,
          2.7514999885740174e-02, 1.3090094992808735e-03,
          2.8628067104325017e-03, 3.6254268324817845e-02,
          4.7588538337207817e-02, 2.3391267676630815e-03,
          9.8585493128578033e-03, 3.1168249774517335e-03,
          5.5733064981454687e-02, 5.3471467846861603e-03,
          2.4814142903258549e-03, 3.5395935316097260e-03,
          3.2345620047000367e-02, 3.0608157418155101e-02,
          -3.6547886548054416e-03, 6.5231785551035110e-03,
          2.7514999885740174e-02, 5.3471467846861603e-03,
          4.7265829115623846e-02, -8.6012993996379859e-04,
          -1.0827998877783081e-03, 5.7079172678531900e-03,
          1.0494773908850291e-02, 2.9219219638866920e-04,
          2.6194812069725488e-03, 1.3090094992808743e-03,
          2.4814142903258544e-03, -8.6012993996379837e-04,
          7.2597848260104680e-02, 2.1241177397680194e-03,
          1.3714496071076615e-02, 1.5869601110380178e-02,
          -5.1015180174369731e-03, -4.9453300660140982e-03,
          2.8628067104325009e-03, 3.5395935316097273e-03,
          -1.0827998877783074e-03, 2.1241177397680186e-03,
          9.9189234011038463e-02 ]
   - !!opencv-matrix
      rows: 9
      cols: 9
      dt: d
      data: [ 6.7977426579251166e-01, -8.4373002384119197e-02,
          -2.0777823959497926e-02, -2.1181170439869560e-02,
          -6.9174184231960570e-03, -6.2878454061845420e-03,
          -2.3028736303048049e-03, -3.2692897984260573e-03,
          7.9998128272089613e-03, -8.4373002384119197e-02,
          3.0276955046568887e-01, 2.1842531660923092e-02,
          7.2902372764360054e-02, 4.6165418409419056e-03,
          2.0866342671018267e-03, -2.1186032554216210e-04,
          2.7201388120824529e-03, -3.4447749272224243e-02,
          -2.0777823959497926e-02, 2.1842531660923096e-02,
          4.8143120053941682e-02, 5.0789735095810315e-03,
          4.5231464258320550e-03, 5.1785113966951709e-03,
          1.6629446125950075e-03, 9.4119670911357845e-04,
          -6.5575160755398411e-04, -2.1181170439869570e-02,
          7.2902372764360054e-02, 5.0789735095810315e-03,
          3.6877932451857866e-02, 2.3428289691991991e-03,
          1.2955139764743839e-03, -3.7937182886923668e-04,
          2.0666697593911408e-03, -1.6568191250804526e-02,
          -6.9174184231960536e-03, 4.6165418409419064e-03,
          4.5231464258320550e-03, 2.3428289691991983e-03,
          6.2130926476293348e-02, -5.6753398923306477e-04,
