%YAML:1.0
---
groups:
   - intact
   - CD19
intactGmmnames:
   - "intact.753.0"
   - "intact.753.1"
   - "intact.753.2"
   - "intact.753.3"
   - "intact.753.4"
intactLabels:
   - FSC-A
   - SSC-A
   - SY41
   - CD19
   - CD10
   - CD20
   - CD45
   - CD34
   - CD38
intactMu: !!opencv-matrix
   rows: 5
   cols: 9
   dt: d
   data: [ 1.0224863088360843e+00, 2.6849887144994755e-01,
       3.6402237382214371e+00, 8.8985191741246716e-01,
       9.6048952254764419e-01, 8.8542511750736941e-01,
       1.1918758162830991e+00, 1.1317475005544231e+00,
       1.4958219721162167e+00, 1.1185159533470252e+00,
       2.5237971545520110e-01, 3.4122947451165375e+00,
       1.0490557222679513e+00, 9.6286580514400344e-01,
       8.3838473742802644e-01, 3.6290378393993072e+00,
       1.0742288450367727e+00, 1.7279883623278920e+00,
       1.9481444321067001e+00, 3.4605621199869702e-01,
       3.0724498827692064e+00, 1.1302102176240021e+00,
       9.9088473561754531e-01, 9.1238095080912895e-01,
       3.7425051224285926e+00, 1.0520498358294701e+00,
       1.6454504529352740e+00, 2.4949275968559852e+00,
       8.9967518002149094e-01, 3.2388379108542749e+00,
       1.1630293411385026e+00, 1.0497927522245083e+00,
       1.0847463059864977e+00, 3.4358825494183294e+00,
       1.5391966105617343e+00, 3.1513653480775026e+00,
       2.6072840720537398e+00, 1.5991313787766346e+00,
       3.4443445234136942e+00, 1.2213699631260113e+00,
       1.2476191030050130e+00, 1.3307641438397979e+00,
       3.0446295339034166e+00, 1.4388940982875984e+00,
       2.0611400179957422e+00 ]
intactSigma:
   - !!opencv-matrix
      rows: 9
      cols: 9
      dt: d
      data: [ 3.6252418984541657e-01, 3.6503234604938789e-02,
          -1.0506444627623061e-01, 4.7919992445890222e-02,
          1.7827493163354972e-02, 2.1399102559265214e-02,
          1.7779973934340769e-02, -2.0940343426755431e-03,
          -3.3114447059895114e-03, 3.6503234604938789e-02,
          1.9896058442044645e-02, -8.0190423268723075e-03,
          5.5847632370369382e-03, 5.6982975129902767e-03,
          1.4418918567579314e-02, 9.0413653750079613e-03,
          2.4711645342532533e-03, 1.3478715474781044e-03,
          -1.0506444627623060e-01, -8.0190423268723058e-03,
          1.1107069034690117e-01, -4.8957524154918310e-02,
          -1.5123968667998280e-02, -3.6173932780749650e-03,
          -8.7256344719140368e-03, 4.5554655869840610e-03,
          6.5553298333684623e-03, 4.7919992445890222e-02,
          5.5847632370369382e-03, -4.8957524154918323e-02,
          2.8535204650415792e-02, 8.7740588011947628e-03,
          4.8889444907363484e-03, 5.1658106322907786e-03,
          -2.0350055437388455e-03, -4.0613487852730508e-03,
          1.7827493163354968e-02, 5.6982975129902759e-03,
          -1.5123968667998280e-02, 8.7740588011947628e-03,
          2.1045536520229526e-02, 3.1312726349996371e-03,
          6.7773142777702074e-03, -3.6861350305745610e-04,
          -4.1709031761304319e-04, 2.1399102559265221e-02,
          1.4418918567579314e-02, -3.6173932780749650e-03,
          4.8889444907363484e-03, 3.1312726349996371e-03,
          7.3814094551766685e-02, 9.7077679992403233e-03,
          2.2644886614765409e-03, 1.4840397063744883e-03,
          1.7779973934340772e-02, 9.0413653750079613e-03,
          -8.7256344719140368e-03, 5.1658106322907769e-03,
          6.7773142777702083e-03, 9.7077679992403267e-03,
          7.4624096532780959e-02, 2.1863646813875537e-03,
          1.7651952318518296e-04, -2.0940343426755427e-03,
          2.4711645342532533e-03, 4.5554655869840619e-03,
          -2.0350055437388455e-03, -3.6861350305745621e-04,
          2.2644886614765409e-03, 2.1863646813875537e-03,
          2.6749493495479337e-02, 7.0266277394611775e-04,
          -3.3114447059895114e-03, 1.3478715474781044e-03,
          6.5553298333684623e-03, -4.0613487852730508e-03,
          -4.1709031761304340e-04, 1.4840397063744879e-03,
          1.7651952318518304e-04, 7.0266277394611786e-04,
          3.9689425423322724e-03 ]
   - !!opencv-matrix
      rows: 9
      cols: 9
      dt: d
      data: [ 1.4270388457586694e-01, 7.4542303817296783e-03,
          -4.5321769995191566e-02, 1.1190751991476381e-02,
          5.3136331645207277e-03, 1.1348151198279444e-02,
          3.1282831305031490e-02, -9.4215660781615043e-03,
          -7.0229442728244051e-03, 7.4542303817296774e-03,
          7.3821005260493958e-03, -1.3687519096318164e-03,
          1.6750984476000660e-03, 1.6478585755769879e-03,
          4.5595708797709451e-03, 2.8757532041622908e-03,
          1.1359412662994616e-03, -1.1631158572728484e-03,
          -4.5321769995191566e-02, -1.3687519096318166e-03,
          2.1547356066596357e-02, -5.4759341821403271e-03,
          -1.9781304885688840e-03, -2.2116666000730778e-03,
          -1.1651957231316706e-02, 4.8135385052435397e-03,
          1.9074361872383242e-03, 1.1190751991476381e-02,
          1.6750984476000660e-03, -5.4759341821403271e-03,
          1.4136036525834382e-02, 8.9275521043124509e-04,
          1.9161030788647304e-03, 2.7241804984237529e-03,
          1.0643618365505877e-03, -1.7935724593883711e-03,
          5.3136331645207277e-03, 1.6478585755769881e-03,
          -1.9781304885688840e-03, 8.9275521043124455e-04,
          1.6192764268793659e-02, -3.2693164610469419e-03,
          1.7111216140021444e-03, -3.9146149404012112e-03,
          -1.2603951415738170e-03, 1.1348151198279444e-02,
          4.5595708797709451e-03, -2.2116666000730773e-03,
          1.9161030788647304e-03, -3.2693164610469419e-03,
          5.8717599824804470e-02, 3.7666321154949966e-03,
          -3.4439025084265240e-04, -4.5683414492728716e-03,
          3.1282831305031490e-02, 2.8757532041622908e-03,
          -1.1651957231316703e-02, 2.7241804984237533e-03,
          1.7111216140021444e-03, 3.7666321154949975e-03,
          1.3114601026801535e-02, -4.0245507809291989e-03,
          -3.0489671708466138e-03, -9.4215660781615078e-03,
          1.1359412662994618e-03, 4.8135385052435380e-03,
          1.0643618365505877e-03, -3.9146149404012112e-03,
          -3.4439025084265202e-04, -4.0245507809292006e-03,
          1.1505231522545330e-01, 6.8303011624691254e-03,
          -7.0229442728244025e-03, -1.1631158572728481e-03,
          1.9074361872383231e-03, -1.7935724593883702e-03,
          -1.2603951415738168e-03, -4.5683414492728707e-03,
          -3.0489671708466138e-03, 6.8303011624691254e-03,
          6.5029390583538307e-02 ]
   - !!opencv-matrix
      rows: 9
      cols: 9
      dt: d
      data: [ 2.4644002236500839e-01, 1.9601706195795120e-02,
          -5.2196222079200789e-03, 1.5656970389050734e-03,
          3.0099037428892076e-03, 1.7237663746455394e-02,
          2.3270861310154281e-02, -5.2023151625042573e-03,
          -2.6334081944524967e-02, 1.9601706195795120e-02,
          1.5886816333695503e-02, 1.4345843371081357e-03,
          2.6918458996056166e-03, 1.9658062942665903e-03,
          8.8741174325076295e-03, 6.1512280747971189e-03,
          2.2076475968764568e-03, -3.0444923047422260e-03,
          -5.2196222079200789e-03, 1.4345843371081357e-03,
          1.5377277259840956e-02, -4.7338596503112906e-04,
          -2.6804123977898492e-04, 3.4725559540595770e-03,
          -8.5420885226401952e-04, 4.4023061740900513e-03,
          3.1781068907835194e-03, 1.5656970389050736e-03,
          2.6918458996056174e-03, -4.7338596503112895e-04,
          1.6301161066141125e-02, 4.4114347560905736e-04,
          1.7238301067234701e-03, 8.0700598633726020e-04,
          2.0292203672593128e-03, -2.6965490662427529e-03,
          3.0099037428892085e-03, 1.9658062942665899e-03,
          -2.6804123977898492e-04, 4.4114347560905736e-04,
          1.8992699879227609e-02, -4.0241273131789356e-03,
          7.8257027234477749e-04, -4.5295828874518905e-03,
