%YAML:1.0
---
groups:
   - intact
   - CD19
intactGmmnames:
   - "intact.758.0"
   - "intact.758.1"
   - "intact.758.2"
   - "intact.758.3"
   - "intact.758.4"
intactLabels:
   - FSC-A
   - SSC-A
   - SY41
   - CD19
   - CD10
   - CD20
   - CD45
   - CD34
   - CD38
intactMu: !!opencv-matrix
   rows: 5
   cols: 9
   dt: d
   data: [ 1.8111877506324952e+00, 4.6779971052038705e-01,
       3.2586508592888594e+00, 1.0343264640718046e+00,
       8.3631694289417025e-01, 9.7876572058884392e-01,
       3.5521387488165317e+00, 1.0554926266750815e+00,
       1.5531836196937092e+00, 3.2527145706125964e+00,
       3.1718704718513879e+00, 3.4788067185792579e+00,
       1.4262567098208749e+00, 1.6749439769786836e+00,
       1.0470249394012858e+00, 2.5623794484474280e+00,
       1.0297265529308053e+00, 1.7257431654197617e+00,
       2.6375048301099944e+00, 1.6402124857244949e+00,
       3.3106599819334819e+00, 1.2453272527390347e+00,
       9.6889037464758698e-01, 1.1771345535799838e+00,
       3.3461235195933967e+00, 1.2782208209654746e+00,
       2.5762042366191764e+00, 3.2450490124214597e+00,
       3.5397385405052555e+00, 3.4830618275446854e+00,
       1.4816690360469940e+00, 2.2668737611084446e+00,
       1.1727821156531490e+00, 2.7161398062782647e+00,
       1.0838308871180085e+00, 1.6340370771821726e+00,
       2.1162897551276161e+00, 1.2541374039991422e+00,
       3.6354658357219654e+00, 9.1195600100010832e-01,
       1.0631374956615847e+00, 1.2010224138324443e+00,
       2.1273385688702886e+00, 1.2433685325754331e+00,
       1.8963237244142237e+00 ]
intactSigma:
   - !!opencv-matrix
      rows: 9
      cols: 9
      dt: d
      data: [ 2.1851635313440265e-01, 3.4761714200351318e-02,
          -2.1667085528372092e-02, 1.5874689705542722e-02,
          6.9022551066489956e-03, 1.7214061030217592e-02,
          1.9597514969548674e-02, 9.0161820643951205e-04,
          -1.8596490775968231e-02, 3.4761714200351318e-02,
          2.5571032400104665e-02, -4.6404951438644825e-03,
          1.0137358633906945e-02, 4.2685103745686874e-03,
          1.4889572657316972e-02, 9.6661965719122330e-03,
          2.4044146457013571e-03, -7.6588674276679399e-03,
          -2.1667085528372092e-02, -4.6404951438644825e-03,
          1.5090332656523729e-02, -6.0646048755022223e-03,
          -2.3011061177878283e-03, -1.5307650384465401e-03,
          -4.4218642369096978e-03, 1.1805901619947534e-03,
          4.4794940408627104e-03, 1.5874689705542729e-02,
          1.0137358633906945e-02, -6.0646048755022223e-03,
          3.4336175991719516e-02, 2.3856073613119605e-03,
          6.2709963659876387e-03, 5.0495730478701080e-03,
          3.2685945788860607e-03, -8.0095730507503040e-03,
          6.9022551066489930e-03, 4.2685103745686865e-03,
          -2.3011061177878283e-03, 2.3856073613119618e-03,
          3.8322151596175288e-02, -1.7999436964662992e-03,
          1.8589153723376601e-03, -5.6151270096731166e-03,
          -2.9944165520676249e-03, 1.7214061030217599e-02,
          1.4889572657316972e-02, -1.5307650384465403e-03,
          6.2709963659876395e-03, -1.7999436964663005e-03,
          7.8253722367931725e-02, 4.7838939764085105e-03,
          4.8147215888744957e-04, -8.1777475702534373e-03,
          1.9597514969548677e-02, 9.6661965719122330e-03,
          -4.4218642369096969e-03, 5.0495730478701080e-03,
          1.8589153723376607e-03, 4.7838939764085105e-03,
          1.1507443878769980e-02, -1.9355670651446776e-03,
          -5.0951089913759467e-03, 9.0161820643951357e-04,
          2.4044146457013580e-03, 1.1805901619947531e-03,
          3.2685945788860620e-03, -5.6151270096731192e-03,
          4.8147215888744925e-04, -1.9355670651446783e-03,
          1.4846181946850087e-01, 2.3182169054518317e-03,
          -1.8596490775968227e-02, -7.6588674276679399e-03,
          4.4794940408627104e-03, -8.0095730507503005e-03,
          -2.9944165520676249e-03, -8.1777475702534373e-03,
          -5.0951089913759467e-03, 2.3182169054518312e-03,
          4.7169464364189735e-02 ]
   - !!opencv-matrix
      rows: 9
      cols: 9
      dt: d
      data: [ 5.6417120287737887e-01, 1.2951197659399616e-01,
          -2.8202968766638286e-02, 5.1205257956471080e-02,
          -1.3323895368672628e-01, 6.3675665097379999e-02,
          1.9040713318157314e-02, 5.2373154938752811e-03,
          2.4264648137998807e-02, 1.2951197659399616e-01,
          4.6776827832540152e-01, 4.2727724843726420e-03,
          8.7668369655949804e-02, 1.3321819795459952e-01,
          1.9018825150639032e-02, 1.5762991357532816e-02,
          -1.3332230153699106e-03, 6.2031542950822197e-03,
          -2.8202968766638300e-02, 4.2727724843726412e-03,
          1.5895529371297623e-02, -6.5979980234544579e-03,
          1.3787797028574092e-02, -3.5922295604277022e-03,
          -4.3340348435895919e-03, 2.3128355514547027e-04,
          -4.1425037336246884e-03, 5.1205257956471080e-02,
          8.7668369655949804e-02, -6.5979980234544561e-03,
          4.3260893364587501e-02, 1.1469820579754016e-02,
          1.0033656657713818e-02, 4.9158595193214572e-03,
          7.7734054906020589e-04, 1.1163851612390123e-03,
          -1.3323895368672631e-01, 1.3321819795459952e-01,
          1.3787797028574094e-02, 1.1469820579754019e-02,
          2.8920824169118448e-01, -7.3663340708136904e-02,
          4.9662344968356498e-03, -9.6875358760910944e-03,
          -2.2319458393261694e-02, 6.3675665097379999e-02,
          1.9018825150639025e-02, -3.5922295604277022e-03,
          1.0033656657713818e-02, -7.3663340708136904e-02,
          9.3695408832508736e-02, -5.4970860979741965e-03,
          1.9908420433485557e-03, 1.9313676714762737e-02,
          1.9040713318157314e-02, 1.5762991357532820e-02,
          -4.3340348435895919e-03, 4.9158595193214564e-03,
          4.9662344968356498e-03, -5.4970860979741921e-03,
          4.6405507796132374e-02, -5.5522680029394542e-03,
          8.7387785274743949e-03, 5.2373154938752811e-03,
          -1.3332230153699101e-03, 2.3128355514546992e-04,
          7.7734054906020622e-04, -9.6875358760910926e-03,
          1.9908420433485553e-03, -5.5522680029394525e-03,
          3.3637207614191221e-02, -1.3051706601075079e-04,
          2.4264648137998800e-02, 6.2031542950822223e-03,
          -4.1425037336246884e-03, 1.1163851612390118e-03,
          -2.2319458393261694e-02, 1.9313676714762737e-02,
          8.7387785274743949e-03, -1.3051706601075106e-04,
          4.7875338027228299e-02 ]
   - !!opencv-matrix
      rows: 9
      cols: 9
      dt: d
      data: [ 5.7926501748112669e-01, 3.0761128216874878e-01,
          2.4615703272035203e-02, 3.5757642875217883e-02,
          3.8282413138841051e-02, 6.5905565715418904e-02,
          -5.8825943256719200e-02, 5.1771746472413019e-02,
          -2.4883060495878614e-02, 3.0761128216874878e-01,
          7.5842894242125103e-01, 5.0937828809925624e-02,
          1.1938382862567641e-01, 9.6074301624374331e-02,
          1.3044490078625773e-01, -1.5469608371052354e-01,
          7.9119616075983321e-02, 3.3123945236054081e-02,
          2.4615703272035203e-02, 5.0937828809925624e-02,
          1.4112774952072433e-02, 4.4543287321653956e-03,
          4.9239254873733717e-03, 1.0499704079230066e-02,
          -1.6451885371895958e-02, 7.9974863979922484e-03,
          7.4873943310932939e-03, 3.5757642875217890e-02,
          1.1938382862567641e-01, 4.4543287321653965e-03,
          5.0786296196162942e-02, 1.7018295531376106e-02,
          2.3013691263819643e-02, -1.7326553657588801e-02,
          1.6599910868350620e-02, -1.3921378750458965e-03,
          3.8282413138841051e-02, 9.6074301624374331e-02,
          4.9239254873733717e-03, 1.7018295531376106e-02,
          5.5220749345244749e-02, 1.4752707502463566e-02,
          -1.6443068731610430e-02, 8.2975614271032973e-03,
