%YAML:1.0
---
groups:
   - intact
   - CD19
   - blast
intactGmmnames:
   - "intact.758.0"
   - "intact.758.1"
   - "intact.758.2"
   - "intact.758.3"
   - "intact.758.4"
intactLabels:
   - FSC-A
   - SSC-A
   - SY41
   - CD19
   - CD10
   - CD20
   - CD45
   - CD34
   - CD38
intactMu: !!opencv-matrix
   rows: 5
   cols: 9
   dt: d
   data: [ 2.9845631324584656e+00, 3.5655330072678830e+00,
       3.9719955987577853e+00, 1.1687561066542933e+00,
       2.1853059872133196e+00, 1.0786524844804735e+00,
       2.8133105416401900e+00, 1.1494149489600660e+00,
       1.7244436687209317e+00, 1.2838866123967867e+00,
       3.8631414809519293e-01, 3.7270265467272603e+00,
       9.2713802188838013e-01, 8.2903828629531684e-01,
       9.1639248868689371e-01, 3.7144145081534634e+00,
       1.0842642997196854e+00, 1.6214863126532246e+00,
       2.1487610672841981e+00, 1.8650255973977148e+00,
       3.7161911302309374e+00, 1.1450122022340830e+00,
       1.4112481536124535e+00, 1.2238224502831614e+00,
       3.1814386419268539e+00, 1.3995778654084716e+00,
       2.2746424887357661e+00, 9.4426528428212630e-01,
       4.3065315531520548e-01, 3.8356383406640817e+00,
       6.8216205939316488e-01, 8.4199285931857093e-01,
       8.7869917270047415e-01, 1.3265330934423871e+00,
       1.1145404197580893e+00, 1.5785815022919516e+00,
       1.5013249386309164e+00, 5.7017568055687551e-01,
       3.6334235848814607e+00, 1.0101056261270789e+00,
       8.5198787253768438e-01, 9.0492798047303347e-01,
       3.7631529717573993e+00, 1.1194425058053818e+00,
       2.3634270594247648e+00 ]
intactSigma:
   - !!opencv-matrix
      rows: 9
      cols: 9
      dt: d
      data: [ 4.0609966543738957e-01, 1.1694310345915973e-01,
          -8.9285950544989359e-03, 3.3344032384758644e-02,
          -2.0624190641717853e-02, 2.0927442882473755e-02,
          -5.9209350213297925e-03, 2.5240387842958758e-03,
          -6.3955691969417856e-04, 1.1694310345915974e-01,
          2.8589730846997891e-01, -1.6709251890412554e-02,
          6.8024639674545390e-02, 3.1562250319222100e-02,
          3.2062318443522801e-02, 1.0068083260515708e-02,
          4.3520172965758582e-03, 6.6118366521213745e-03,
          -8.9285950544989359e-03, -1.6709251890412554e-02,
          1.3037163699946218e-02, -1.6999228009515869e-02,
          -4.8805222973205562e-03, -2.8676290526295665e-03,
          -1.8849271314508636e-03, 4.2934930397496920e-04,
          -4.2276803276752352e-04, 3.3344032384758637e-02,
          6.8024639674545390e-02, -1.6999228009515869e-02,
          4.9863491887870551e-02, 1.1384125382381999e-02,
          9.5066811199379132e-03, 3.6778927660333447e-03,
          8.2073054472124574e-04, -2.9457672038566743e-03,
          -2.0624190641717853e-02, 3.1562250319222100e-02,
          -4.8805222973205562e-03, 1.1384125382381999e-02,
          1.0170932414417623e-01, 1.9475140572702383e-03,
          2.1721431794832938e-02, 4.2338713397183629e-04,
          6.2396661123797028e-04, 2.0927442882473755e-02,
          3.2062318443522808e-02, -2.8676290526295665e-03,
          9.5066811199379132e-03, 1.9475140572702396e-03,
          7.5477894662918307e-02, 1.3295724434449559e-03,
          9.3664696960966487e-04, 2.1273480759890235e-03,
          -5.9209350213297899e-03, 1.0068083260515706e-02,
          -1.8849271314508636e-03, 3.6778927660333447e-03,
          2.1721431794832938e-02, 1.3295724434449557e-03,
          2.5688734797938765e-02, -1.6914785189406367e-03,
          -9.6189686532465867e-04, 2.5240387842958745e-03,
          4.3520172965758582e-03, 4.2934930397496920e-04,
          8.2073054472124596e-04, 4.2338713397183574e-04,
          9.3664696960966487e-04, -1.6914785189406367e-03,
          5.4634990546563289e-02, 4.2023912726440934e-04,
          -6.3955691969417965e-04, 6.6118366521213719e-03,
          -4.2276803276752374e-04, -2.9457672038566748e-03,
          6.2396661123797061e-04, 2.1273480759890244e-03,
          -9.6189686532465867e-04, 4.2023912726440907e-04,
          2.7096066235574166e-02 ]
   - !!opencv-matrix
      rows: 9
      cols: 9
      dt: d
      data: [ 1.0571385776300388e-01, 1.4938060995169542e-02,
          -2.6304001690798728e-02, 1.8440762225055043e-02,
          9.4656654363685106e-03, 9.8833764171841181e-03,
          1.4306452156092095e-02, 6.4188823144157203e-04,
          -1.8184069530751110e-02, 1.4938060995169538e-02,
          1.8064112101717076e-02, -1.2804351849721526e-02,
          1.2827297386127900e-02, 7.4302893093333017e-03,
          9.4680148253163017e-03, 8.4937674071033469e-03,
          4.1116189617523927e-04, -1.1479534838565461e-02,
          -2.6304001690798724e-02, -1.2804351849721526e-02,
          2.6349936442008462e-02, -1.9944251296041254e-02,
          -9.6187261192538110e-03, -6.2428672980660103e-03,
          -1.0424587888756057e-02, 9.2255970127820411e-04,
          1.3062817899283159e-02, 1.8440762225055043e-02,
          1.2827297386127900e-02, -1.9944251296041254e-02,
          3.2837089101137917e-02, 8.2134512718282007e-03,
          6.9528516051742808e-03, 8.7664190138646986e-03,
          4.9476709542428611e-04, -1.4167524386057643e-02,
          9.4656654363685089e-03, 7.4302893093333017e-03,
          -9.6187261192538127e-03, 8.2134512718282007e-03,
          4.1929231570102345e-02, -3.7964343117991429e-03,
          4.4900752713485778e-03, -5.7981625091149767e-03,
          -7.5944955394306795e-03, 9.8833764171841181e-03,
          9.4680148253162982e-03, -6.2428672980660085e-03,
          6.9528516051742808e-03, -3.7964343117991429e-03,
          7.9407435200843243e-02, 4.3671158430434202e-03,
          -4.1917286177797123e-05, -8.6189359624551792e-03,
          1.4306452156092095e-02, 8.4937674071033469e-03,
          -1.0424587888756057e-02, 8.7664190138646986e-03,
          4.4900752713485778e-03, 4.3671158430434219e-03,
          1.1345931584897677e-02, -1.9683270017723468e-03,
          -8.8752562393144552e-03, 6.4188823144157182e-04,
          4.1116189617523938e-04, 9.2255970127820433e-04,
          4.9476709542428611e-04, -5.7981625091149784e-03,
          -4.1917286177797021e-05, -1.9683270017723468e-03,
          1.4037590966159122e-01, 2.8822267503215387e-03,
          -1.8184069530751114e-02, -1.1479534838565461e-02,
          1.3062817899283159e-02, -1.4167524386057643e-02,
          -7.5944955394306804e-03, -8.6189359624551810e-03,
          -8.8752562393144552e-03, 2.8822267503215387e-03,
          5.6429260548821789e-02 ]
   - !!opencv-matrix
      rows: 9
      cols: 9
      dt: d
      data: [ 6.5711565882078449e-01, 4.5634863858005509e-01,
          9.5773562177379288e-03, 6.5737471805393577e-02,
          2.4363933294797524e-02, 2.7239080626823495e-02,
          5.5204729806282896e-02, -5.0437956264836343e-03,
          3.5189770119377822e-02, 4.5634863858005509e-01,
          1.1531676449444492e+00, 1.7681809852019927e-02,
          1.6918252505773032e-01, 1.9614737444158714e-01,
          4.3923719782982241e-02, -5.9942700874621425e-02,
          -6.9461219913382723e-03, 1.4751175538309839e-02,
          9.5773562177379323e-03, 1.7681809852019927e-02,
          9.9768236761668128e-02, -6.1871854786823242e-02,
          -1.7120184998739532e-02, 3.5781537107751719e-03,
          1.1094376975703094e-02, -1.2785192920551382e-02,
          4.0462982565595560e-03, 6.5737471805393577e-02,
          1.6918252505773027e-01, -6.1871854786823242e-02,
          1.3879333789900944e-01, 6.1769873345340454e-02,
          5.8524033549779496e-02, 1.9090672754142300e-02,
          1.6851073850445760e-02, 9.5552021924477631e-03,
          2.4363933294797524e-02, 1.9614737444158717e-01,
          -1.7120184998739532e-02, 6.1769873345340440e-02,
          3.6227464290383982e-01, 6.3888156597035728e-02,
