%YAML:1.0
---
groups:
   - intact
   - CD19
intactGmmnames:
   - "intact.771.0"
   - "intact.771.1"
   - "intact.771.2"
   - "intact.771.3"
   - "intact.771.4"
intactLabels:
   - FSC-A
   - SSC-A
   - SY41
   - CD19
   - CD10
   - CD20
   - CD45
   - CD34
   - CD38
intactMu: !!opencv-matrix
   rows: 5
   cols: 9
   dt: d
   data: [ 2.5562891760987099e+00, 3.2172307765937127e+00,
       4.0861344799045272e+00, 1.0487418098999022e+00,
       1.2261348732628523e+00, 1.2990804101061928e+00,
       2.7110619225960804e+00, 1.1220569226524486e+00,
       1.9175712592090486e+00, 9.3370808874459621e-01,
       3.1330307819331465e-01, 4.0683665022433111e+00,
       8.0993801099756568e-01, 7.3429832262585892e-01,
       7.6287738308767172e-01, 3.5616359116461309e+00,
       1.0751771626454012e+00, 1.4160979160348113e+00,
       1.8162857802816426e+00, 1.3100243697979939e+00,
       3.7949722711601468e+00, 1.0555088137771116e+00,
       1.1855227852929684e+00, 1.4061883654634670e+00,
       2.6910624528486249e+00, 1.8212760903148151e+00,
       2.4135956192275581e+00, 1.4280990328385303e+00,
       8.8470380243088442e-01, 2.8262291933952910e+00,
       1.2750531416656739e+00, 1.0027443319144145e+00,
       1.0543079776632558e+00, 2.0396729892315912e+00,
       1.4478549897674911e+00, 1.6016504155135840e+00,
       1.5566402176123380e+00, 6.1423713530058921e-01,
       3.5058726180121433e+00, 1.0960718658708715e+00,
       9.3572558522574723e-01, 9.7052284803609745e-01,
       3.6296901167167794e+00, 1.1451730978271131e+00,
       2.2777428559315438e+00 ]
intactSigma:
   - !!opencv-matrix
      rows: 9
      cols: 9
      dt: d
      data: [ 7.0341176208947553e-01, 1.8648725553421353e-01,
          -4.3034541289639759e-02, 9.3867807770637191e-02,
          -1.0338596122610190e-02, 3.1611425039846756e-02,
          -2.5584621590201274e-03, -3.3869381072257031e-03,
          3.0858870383298483e-02, 1.8648725553421353e-01,
          4.5242786440731875e-01, -4.8650248329688353e-02,
          7.8879089249143913e-02, 8.9154844091555899e-02,
          4.7437728176502443e-02, 1.3721753694486491e-02,
          1.6677454928013065e-03, -4.3787374099829121e-02,
          -4.3034541289639766e-02, -4.8650248329688353e-02,
          4.3219061689428608e-02, -3.9457946108553431e-02,
          -2.0811453611467984e-02, -6.0353999568743925e-03,
          -8.9902665776880157e-03, 2.0247732649743724e-03,
          1.8488174118393146e-02, 9.3867807770637191e-02,
          7.8879089249143927e-02, -3.9457946108553438e-02,
          5.2163562122947670e-02, 2.1713296748339279e-02,
          4.0466324278218887e-03, 4.5712132365223861e-03,
          -2.2612814265089115e-03, -2.4321867847945475e-02,
          -1.0338596122610190e-02, 8.9154844091555899e-02,
          -2.0811453611467981e-02, 2.1713296748339279e-02,
          1.2594613520377265e-01, 8.3553123771904249e-03,
          1.6664662907209551e-02, -9.4299484300734780e-04,
          -2.2225472837760468e-02, 3.1611425039846749e-02,
          4.7437728176502443e-02, -6.0353999568743934e-03,
          4.0466324278218896e-03, 8.3553123771904249e-03,
          9.3830601307246797e-02, 1.2262126788760225e-02,
          4.9556037593029168e-03, 7.0083923104179796e-02,
          -2.5584621590201292e-03, 1.3721753694486494e-02,
          -8.9902665776880157e-03, 4.5712132365223861e-03,
          1.6664662907209558e-02, 1.2262126788760227e-02,
          4.3365985843170952e-02, -1.3855082714965281e-03,
          1.0827138989516632e-02, -3.3869381072257031e-03,
          1.6677454928013063e-03, 2.0247732649743715e-03,
          -2.2612814265089124e-03, -9.4299484300734801e-04,
          4.9556037593029151e-03, -1.3855082714965281e-03,
          5.3053515859729672e-02, 1.1648370637749815e-02,
          3.0858870383298480e-02, -4.3787374099829135e-02,
          1.8488174118393142e-02, -2.4321867847945478e-02,
          -2.2225472837760461e-02, 7.0083923104179796e-02,
          1.0827138989516632e-02, 1.1648370637749818e-02,
          2.0893431423282266e-01 ]
   - !!opencv-matrix
      rows: 9
      cols: 9
      dt: d
      data: [ 9.7310962869629633e-02, 7.4713391454465858e-03,
          -4.5765714837382752e-02, 4.0100112092962069e-02,
          2.8150047953794687e-02, 3.3117195945301332e-02,
          1.2114168144004645e-02, -3.5209205717697573e-03,
          -6.4052516425822396e-04, 7.4713391454465858e-03,
          6.2704494286894780e-03, -4.8483905881280967e-03,
          3.7788307831845935e-03, 3.8498025650162541e-03,
          1.0721257713939539e-02, 3.3648674897993744e-03,
          -3.9773458470368312e-05, -7.0591302874571963e-03,
          -4.5765714837382745e-02, -4.8483905881280976e-03,
          4.3169089424253439e-02, -3.4246872975993221e-02,
          -2.4841125790102763e-02, -2.3851012578439020e-02,
          -8.5304314402585915e-03, 2.7411707741730467e-03,
          1.1676531736720340e-02, 4.0100112092962069e-02,
          3.7788307831845935e-03, -3.4246872975993228e-02,
          2.9900914172419624e-02, 2.0205410762397142e-02,
          1.9744009433885830e-02, 6.1785781491841768e-03,
          -1.4845903816766775e-03, -7.3857164169634738e-03,
          2.8150047953794687e-02, 3.8498025650162550e-03,
          -2.4841125790102763e-02, 2.0205410762397142e-02,
          3.1881764963498975e-02, 1.2195076791885246e-02,
          5.9688055616295465e-03, -5.7590914281709675e-03,
          -9.0419110325817374e-03, 3.3117195945301325e-02,
          1.0721257713939539e-02, -2.3851012578439024e-02,
          1.9744009433885823e-02, 1.2195076791885246e-02,
          1.1267689413624032e-01, 9.3202587314727987e-03,
          -1.4380943164737604e-03, -2.0695391663406410e-02,
          1.2114168144004645e-02, 3.3648674897993744e-03,
          -8.5304314402585915e-03, 6.1785781491841786e-03,
          5.9688055616295473e-03, 9.3202587314727969e-03,
          8.7959686080834269e-03, -2.5914411908461595e-03,
          -9.3062285357749016e-03, -3.5209205717697564e-03,
          -3.9773458470368380e-05, 2.7411707741730454e-03,
          -1.4845903816766775e-03, -5.7590914281709701e-03,
          -1.4380943164737604e-03, -2.5914411908461595e-03,
          1.3611853227092771e-01, 4.8376539545307087e-03,
          -6.4052516425822407e-04, -7.0591302874571955e-03,
          1.1676531736720334e-02, -7.3857164169634712e-03,
          -9.0419110325817356e-03, -2.0695391663406414e-02,
          -9.3062285357749033e-03, 4.8376539545307087e-03,
          1.3616782049156817e-01 ]
   - !!opencv-matrix
      rows: 9
      cols: 9
      dt: d
      data: [ 8.5778802228175854e-01, 4.6022462587301377e-01,
          -6.0115099106559516e-02, 2.7923160456972046e-02,
          6.8247865812918529e-02, -2.4597729873432356e-02,
          1.8576494588987133e-01, 2.2375407522133653e-01,
          2.5791555236578029e-01, 4.6022462587301377e-01,
          9.1155498025943971e-01, -1.4081524430184930e-01,
          1.0501993331770111e-01, 1.5899403624568575e-01,
          1.0073196352324847e-01, 1.1477568075530425e-01,
          5.8429510806505096e-02, 1.0601591039219852e-02,
          -6.0115099106559509e-02, -1.4081524430184930e-01,
          3.0395199373781590e-01, -1.3199628042653680e-01,
          -1.8697910370075924e-01, -3.7833887496561122e-02,
          4.9404574617604162e-02, 9.3718768076264072e-02,
          1.0627057194105512e-01, 2.7923160456972039e-02,
          1.0501993331770110e-01, -1.3199628042653680e-01,
          1.2217227755306530e-01, 1.1644300253146485e-01,
          1.3003751989169673e-01, 1.2381856155847337e-02,
          -6.6143107643803697e-02, -8.4628764276108465e-02,
          6.8247865812918529e-02, 1.5899403624568575e-01,
          -1.8697910370075924e-01, 1.1644300253146485e-01,
          3.9769490958276238e-01, 1.4735629090036959e-01,
