%YAML:1.0
---
groups:
   - intact
   - CD19
intactGmmnames:
   - "intact.774.0"
   - "intact.774.1"
   - "intact.774.2"
   - "intact.774.3"
   - "intact.774.4"
intactLabels:
   - FSC-A
   - SSC-A
   - SY41
   - CD19
   - CD10
   - CD20
   - CD45
   - CD34
   - CD38
intactMu: !!opencv-matrix
   rows: 5
   cols: 9
   dt: d
   data: [ 1.1880936152359860e+00, 4.4653585472989288e-01,
       2.8709324972813741e+00, 1.0836250098665718e+00,
       1.2346110639878440e+00, 1.0814366931782848e+00,
       1.4454886508461791e+00, 1.1622663790900574e+00,
       1.7759478940708362e+00, 2.2892248507777819e+00,
       3.3170236830681192e+00, 3.0507546924780562e+00,
       1.6006127369870600e+00, 1.8953685879667073e+00,
       1.4296370037550046e+00, 3.0574278582300867e+00,
       1.2229026522441018e+00, 1.8798241404619993e+00,
       1.3439339148255669e+00, 4.2184188155262270e-01,
       3.2325165171738410e+00, 1.2030688552019173e+00,
       1.2706202897482752e+00, 1.1352144172766909e+00,
       3.7380577096150920e+00, 1.1797756404074036e+00,
       2.0305072684869150e+00, 6.0809726119349028e-01,
       3.5110466455041422e-01, 3.6217647347916828e+00,
       8.4317602546558512e-01, 1.2036931140668743e+00,
       1.0137655732205617e+00, 1.3926827473341210e+00,
       1.0863656247366993e+00, 1.7893772362944307e+00,
       1.5184779555857357e+00, 1.5435803761652485e+00,
       3.3219212409187824e+00, 1.3889907082724247e+00,
       1.4396257039897344e+00, 1.6674393472902591e+00,
       2.8835907307512971e+00, 1.4427970126199687e+00,
       2.2419154737125044e+00 ]
intactSigma:
   - !!opencv-matrix
      rows: 9
      cols: 9
      dt: d
      data: [ 3.9707502126853078e-01, 3.4774980471067161e-02,
          -1.9379046231484523e-02, 1.0762644255886508e-02,
          4.6035961364847512e-03, 3.1794164780250447e-02,
          1.4267020722747834e-02, 1.1646454647956569e-02,
          1.1170792415339421e-03, 3.4774980471067141e-02,
          4.5946085912582202e-02, 2.0516759172414353e-03,
          9.9634693545056462e-03, 5.7167117803417549e-03,
          3.3822936388760577e-02, 3.1752494772595910e-02,
          2.0816766420164810e-02, 3.2691313198694337e-03,
          -1.9379046231484516e-02, 2.0516759172414345e-03,
          1.4375191482881558e-01, -1.7786873190428456e-02,
          -1.7339529215201119e-03, 4.2225429898282299e-03,
          -4.2179419589878378e-02, -2.5872265233140276e-02,
          -1.7275234993414171e-03, 1.0762644255886505e-02,
          9.9634693545056462e-03, -1.7786873190428456e-02,
          1.2855405215619998e-02, 2.0213115589453744e-03,
          9.1441018493763418e-03, 1.2212447239037335e-02,
          8.6779330243650123e-03, 3.6022840292884722e-04,
          4.6035961364847520e-03, 5.7167117803417549e-03,
          -1.7339529215201126e-03, 2.0213115589453740e-03,
          6.9352642026366479e-03, 5.3904110231957720e-03,
          8.1368707460651932e-03, 3.3233559313602121e-03,
          7.2529759490832515e-04, 3.1794164780250447e-02,
          3.3822936388760577e-02, 4.2225429898282299e-03,
          9.1441018493763401e-03, 5.3904110231957720e-03,
          8.5663400568562267e-02, 3.4470075193454561e-02,
          2.2357457437462636e-02, 3.2360099214101931e-03,
          1.4267020722747834e-02, 3.1752494772595910e-02,
          -4.2179419589878378e-02, 1.2212447239037335e-02,
          8.1368707460651932e-03, 3.4470075193454561e-02,
          1.5847766533054108e-01, 5.4305198310543402e-02,
          7.3411484091284460e-03, 1.1646454647956571e-02,
          2.0816766420164810e-02, -2.5872265233140283e-02,
          8.6779330243650123e-03, 3.3233559313602121e-03,
          2.2357457437462629e-02, 5.4305198310543389e-02,
          8.9010029348534803e-02, 4.6023318413225892e-03,
          1.1170792415339419e-03, 3.2691313198694337e-03,
          -1.7275234993414166e-03, 3.6022840292884722e-04,
          7.2529759490832515e-04, 3.2360099214101931e-03,
          7.3411484091284460e-03, 4.6023318413225900e-03,
          1.8189176829701077e-03 ]
   - !!opencv-matrix
      rows: 9
      cols: 9
      dt: d
      data: [ 8.3480487886541777e-01, 1.0793531222103223e-01,
          2.1922793660129159e-02, 3.6236539577745156e-03,
          -9.4593400817350196e-02, 2.4225847961762293e-02,
          -2.4096138699583595e-02, -4.9641926090740734e-04,
          1.6368236025962039e-02, 1.0793531222103220e-01,
          5.2317127194275626e-01, 4.7246114161773142e-02,
          8.9125801027129192e-02, 1.3918279893040972e-01,
          3.8836245632657522e-02, 1.4750167803916561e-01,
          1.8270794911690390e-02, 1.1577578714827248e-02,
          2.1922793660129156e-02, 4.7246114161773142e-02,
          1.2568930714624929e-01, -9.1231266929934010e-03,
          9.3712700998472282e-05, 3.8324595334500236e-03,
          3.9651758661104528e-02, 2.5492771291239914e-03,
          1.5149742412676572e-02, 3.6236539577745156e-03,
          8.9125801027129192e-02, -9.1231266929934010e-03,
          4.1479104202146615e-02, 4.4463637187963007e-02,
          1.6035862135266796e-02, 3.8544787455715317e-02,
          7.3424722436162817e-03, -1.2015816678361177e-03,
          -9.4593400817350196e-02, 1.3918279893040972e-01,
          9.3712700998472472e-05, 4.4463637187963007e-02,
          2.3572161731951877e-01, 3.0420145112060971e-02,
          1.3808455550059792e-01, 1.8186751656738435e-02,
          -2.9612079239987352e-03, 2.4225847961762293e-02,
          3.8836245632657522e-02, 3.8324595334500236e-03,
          1.6035862135266792e-02, 3.0420145112060953e-02,
          7.4692109569099302e-02, 2.6123612049703256e-02,
          1.5572599830593899e-02, 1.8049414601394864e-03,
          -2.4096138699583606e-02, 1.4750167803916558e-01,
          3.9651758661104528e-02, 3.8544787455715317e-02,
          1.3808455550059792e-01, 2.6123612049703256e-02,
          1.7800925434339285e-01, 1.3386759769901646e-02,
          1.1054958237142273e-02, -4.9641926090740658e-04,
          1.8270794911690390e-02, 2.5492771291239927e-03,
          7.3424722436162817e-03, 1.8186751656738435e-02,
          1.5572599830593899e-02, 1.3386759769901642e-02,
          1.1998721133333519e-01, 1.5231756692519042e-03,
          1.6368236025962043e-02, 1.1577578714827249e-02,
          1.5149742412676571e-02, -1.2015816678361177e-03,
          -2.9612079239987365e-03, 1.8049414601394864e-03,
          1.1054958237142273e-02, 1.5231756692519040e-03,
          1.2926706083003232e-02 ]
   - !!opencv-matrix
      rows: 9
      cols: 9
      dt: d
      data: [ 3.0208563142809375e-01, 2.0388617756592970e-02,
          -7.1905055186159056e-02, 2.8937914364999370e-02,
          7.8919576663160282e-03, 1.0271071514610196e-02,
          3.8086847628694194e-02, 2.2382628308519155e-03,
          3.6234447090495649e-02, 2.0388617756592970e-02,
          2.7372762216194554e-02, -1.3750129066738243e-02,
          1.0068335223046001e-02, 3.0470785160229669e-03,
          9.6432570578266017e-03, 6.5823984223404228e-03,
          6.1898168561152662e-03, 2.8045251030883279e-02,
          -7.1905055186159056e-02, -1.3750129066738243e-02,
          9.7237186349324919e-02, -2.8675842443966319e-02,
          -5.2595875805750260e-03, -1.7137635334151522e-04,
          -1.5513940874172205e-02, 5.4142115399967612e-04,
          -3.7220938250643675e-02, 2.8937914364999370e-02,
          1.0068335223046001e-02, -2.8675842443966319e-02,
          4.4122406717701457e-02, 3.9058391578873702e-03,
          5.2473213891841572e-03, 1.1677135321733232e-02,
          4.2353089875125753e-03, 9.9374662399158153e-03,
          7.8919576663160282e-03, 3.0470785160229661e-03,
          -5.2595875805750260e-03, 3.9058391578873702e-03,
          6.9637785225440665e-03, 7.1126479664752320e-04,
          4.2977644579503616e-03, -1.9469045829333645e-03,
