%YAML:1.0
---
groups:
   - intact
   - CD19
intactGmmnames:
   - "intact.775.0"
   - "intact.775.1"
   - "intact.775.2"
   - "intact.775.3"
   - "intact.775.4"
intactLabels:
   - FSC-A
   - SSC-A
   - SY41
   - CD19
   - CD10
   - CD20
   - CD45
   - CD34
   - CD38
intactMu: !!opencv-matrix
   rows: 5
   cols: 9
   dt: d
   data: [ 2.3353470377651298e+00, 1.4669307526719000e+00,
       2.5010958396210410e+00, 1.4380218881573856e+00,
       1.2257992000074400e+00, 1.3321274764179287e+00,
       3.5409283735576143e+00, 1.6025009508253452e+00,
       2.7097984455730542e+00, 1.5439822193918098e+00,
       3.3832859502764928e-01, 2.4896763559866701e+00,
       1.1952638425819551e+00, 8.7499553860049617e-01,
       9.5275215749869591e-01, 3.7860615428151299e+00,
       1.1328778380103119e+00, 1.6424577936298848e+00,
       3.3222448370192441e+00, 3.5131969663978171e+00,
       2.4481519635042455e+00, 1.7291736468785712e+00,
       1.8397389676085223e+00, 1.3148566884055537e+00,
       3.1521605934790591e+00, 1.2119967524902622e+00,
       1.7718136306078294e+00, 1.7033724392570102e+00,
       1.1085448593684439e+00, 1.8195821556474967e+00,
       1.2477254940164531e+00, 9.6102240044663101e-01,
       9.9445697091954610e-01, 2.1181585344007714e+00,
       1.6742955099196106e+00, 1.6632289913801039e+00,
       1.4796254803602860e+00, 5.0013941158027864e-01,
       2.7286790170370696e+00, 1.0428177415028166e+00,
       1.1627304495158832e+00, 1.1252698125292362e+00,
       1.5294515620134790e+00, 1.1373283213108463e+00,
       1.6121755015221853e+00 ]
intactSigma:
   - !!opencv-matrix
      rows: 9
      cols: 9
      dt: d
      data: [ 7.1360765756280664e-01, 4.7045757150173845e-01,
          6.7925729903581741e-02, 7.6942007805416227e-02,
          8.8904004862477237e-02, 1.2299046799217220e-01,
          -5.3710216272985861e-02, 7.2270086551713908e-02,
          4.8491488703989415e-02, 4.7045757150173839e-01,
          1.0055156860351910e+00, 1.3894736426368559e-01,
          1.7638039757599250e-01, 2.2445595710605640e-01,
          2.6021464438419212e-01, -1.6691651508480113e-01,
          1.2110625709785633e-01, 1.3530998442912023e-01,
          6.7925729903581727e-02, 1.3894736426368559e-01,
          1.5740382078742904e-01, 6.8933715641027928e-03,
          5.3197518041350221e-02, 6.2459983313470267e-02,
          -8.2875955920903674e-02, 3.2962558271569346e-02,
          3.4296026898716053e-02, 7.6942007805416240e-02,
          1.7638039757599250e-01, 6.8933715641027928e-03,
          9.6276779955782169e-02, 4.5937299534504074e-02,
          6.3320050314701962e-02, 7.9088296715057859e-03,
          1.8729534533678975e-02, 5.4286929862089094e-03,
          8.8904004862477237e-02, 2.2445595710605640e-01,
          5.3197518041350221e-02, 4.5937299534504074e-02,
          2.2107863527112179e-01, 9.6275248550642109e-02,
          -7.5967523852136190e-02, 2.2691968400730810e-02,
          -5.9444972982954666e-04, 1.2299046799217221e-01,
          2.6021464438419212e-01, 6.2459983313470267e-02,
          6.3320050314701948e-02, 9.6275248550642109e-02,
          1.7356948024362318e-01, -7.2071779824438964e-02,
          4.8321426157398838e-02, 2.9268879564684561e-02,
          -5.3710216272985861e-02, -1.6691651508480113e-01,
          -8.2875955920903674e-02, 7.9088296715057859e-03,
          -7.5967523852136190e-02, -7.2071779824438964e-02,
          2.4001288704780363e-01, -4.0853363233737575e-02,
          -2.7163479613801639e-02, 7.2270086551713908e-02,
          1.2110625709785633e-01, 3.2962558271569346e-02,
          1.8729534533678985e-02, 2.2691968400730803e-02,
          4.8321426157398831e-02, -4.0853363233737588e-02,
          4.6262663215343691e-01, 1.0969881713061073e-01,
          4.8491488703989415e-02, 1.3530998442912023e-01,
          3.4296026898716053e-02, 5.4286929862089068e-03,
          -5.9444972982954732e-04, 2.9268879564684568e-02,
          -2.7163479613801649e-02, 1.0969881713061073e-01,
          4.0939018857526616e-01 ]
   - !!opencv-matrix
      rows: 9
      cols: 9
      dt: d
      data: [ 1.5018856992536303e-01, 1.4714539425964570e-02,
          -2.5881543988507005e-02, 6.7946695534223658e-03,
          2.1790985243410103e-03, 8.8951074110384873e-03,
          1.2319669311443930e-02, 1.1905524637417914e-03,
          -9.9758895182155277e-03, 1.4714539425964570e-02,
          1.3376770156128816e-02, -7.0861143110662892e-03,
          6.2155833990171720e-03, 3.0874266748898141e-03,
          9.9893046481402611e-03, 6.5304059188681825e-03,
          1.6083476492329823e-03, -6.4298576757811062e-03,
          -2.5881543988507005e-02, -7.0861143110662892e-03,
          3.8729465938756820e-02, -5.9584254715273647e-03,
          -1.3878125847408135e-03, -3.5709684679701612e-03,
          -7.1138817489300177e-03, 7.5974163804142598e-04,
          5.1000424971000434e-03, 6.7946695534223667e-03,
          6.2155833990171720e-03, -5.9584254715273647e-03,
          4.6956398048970366e-02, 1.7127441861229870e-03,
          4.9609475931922196e-03, 4.1684492193655633e-03,
          3.2273781396449986e-03, -1.0099372174320690e-02,
          2.1790985243410098e-03, 3.0874266748898154e-03,
          -1.3878125847408126e-03, 1.7127441861229870e-03,
          4.3805558903257644e-02, -2.9996187826021258e-03,
          1.5690460990781334e-03, -7.8474761456036723e-03,
          -3.3193887309472567e-03, 8.8951074110384856e-03,
          9.9893046481402611e-03, -3.5709684679701612e-03,
          4.9609475931922187e-03, -2.9996187826021262e-03,
          7.1399868553920026e-02, 4.8109101569820591e-03,
          7.9897924981593899e-04, -1.0959945186245297e-02,
          1.2319669311443930e-02, 6.5304059188681825e-03,
          -7.1138817489300177e-03, 4.1684492193655625e-03,
          1.5690460990781326e-03, 4.8109101569820600e-03,
          8.7762503937345061e-03, -1.1440993886584873e-03,
          -5.9065062276219323e-03, 1.1905524637417927e-03,
          1.6083476492329823e-03, 7.5974163804142620e-04,
          3.2273781396449973e-03, -7.8474761456036723e-03,
          7.9897924981593899e-04, -1.1440993886584867e-03,
          1.5310719833486308e-01, 2.5673253911804791e-03,
          -9.9758895182155277e-03, -6.4298576757811062e-03,
          5.1000424971000434e-03, -1.0099372174320690e-02,
          -3.3193887309472571e-03, -1.0959945186245299e-02,
          -5.9065062276219323e-03, 2.5673253911804774e-03,
          8.4470120207639179e-02 ]
   - !!opencv-matrix
      rows: 9
      cols: 9
      dt: d
      data: [ 4.6093590119751782e-01, 8.0421711412116459e-02,
          8.4405707966772915e-03, 1.5491132185897958e-02,
          -1.3762007288524758e-01, 2.2741977137813892e-02,
          -1.0924702925654405e-02, -3.1151087745276429e-04,
          3.2100673656244708e-02, 8.0421711412116459e-02,
          3.4081395069667031e-01, 4.8870200149636073e-03,
          5.6719076672276582e-02, 5.1876627198253401e-02,
          3.3461194193128749e-02, 2.0277534381467729e-02,
          1.3681108277279794e-02, 8.0079327471353056e-03,
          8.4405707966772880e-03, 4.8870200149636091e-03,
          3.8847174342998704e-02, 2.6392230195613310e-04,
          -1.0560703404463512e-02, 4.4404763194994534e-03,
          -2.6602004673258665e-03, 1.0385638439093072e-03,
          6.1056754972624817e-03, 1.5491132185897958e-02,
          5.6719076672276582e-02, 2.6392230195613304e-04,
          2.7632530006832474e-02, 1.0998749219831266e-03,
          7.2327227000549936e-03, 3.9207412737104694e-03,
          2.4903365823500819e-03, -4.3039123022650406e-04,
          -1.3762007288524761e-01, 5.1876627198253415e-02,
          -1.0560703404463509e-02, 1.0998749219831266e-03,
          4.2825526022768418e-01, -1.5254433935683636e-02,
          1.5878615336219634e-02, 2.0719707167589071e-02,
