%YAML:1.0
---
groups:
   - intact
   - CD19
intactGmmnames:
   - "intact.780.0"
   - "intact.780.1"
   - "intact.780.2"
   - "intact.780.3"
   - "intact.780.4"
intactLabels:
   - FSC-A
   - SSC-A
   - SY41
   - CD19
   - CD10
   - CD20
   - CD45
   - CD34
   - CD38
intactMu: !!opencv-matrix
   rows: 5
   cols: 9
   dt: d
   data: [ 7.3129277238762735e-01, 2.3315699616447344e-01,
       2.9697661221103324e+00, 1.0255059640342783e+00,
       9.8816946402562056e-01, 1.0288791178969696e+00,
       1.3747735617720929e+00, 1.0708491837962575e+00,
       1.4688176606051409e+00, 2.4270504958649868e+00,
       2.5722611732750766e+00, 2.9165775363203350e+00,
       1.4832403540569048e+00, 1.3598872581565946e+00,
       1.6199603291183227e+00, 3.0211371565736336e+00,
       1.6979087474673986e+00, 2.9170267463156212e+00,
       6.6095246853106204e-01, 1.5569395737283853e-01,
       2.9115701579424091e+00, 1.1011988862295845e+00,
       9.0714623565666830e-01, 1.0136898055021999e+00,
       3.5743272178772139e+00, 1.0997664185264664e+00,
       1.5599157795728071e+00, 1.8430587027575136e+00,
       1.7612933941911437e+00, 2.9548290000985626e+00,
       1.5695852736040847e+00, 1.7963005908287826e+00,
       1.7844416851100404e+00, 3.1376005485448020e+00,
       1.6136361576871077e+00, 2.3449602058413834e+00,
       1.5353607199404753e+00, 1.2421904912933670e+00,
       3.1452919360214024e+00, 1.2643420283024822e+00,
       1.2505559655533656e+00, 1.3362094160572626e+00,
       2.4450569177906725e+00, 1.2266176597752851e+00,
       1.5964656132917483e+00 ]
intactSigma:
   - !!opencv-matrix
      rows: 9
      cols: 9
      dt: d
      data: [ 1.6005715393473260e-01, -6.7974363323319636e-04,
          -4.3595115629807495e-02, 3.7809822238652545e-03,
          -9.3742867754769404e-03, -1.8175332884412969e-02,
          -2.0030436257120570e-02, -4.4197009098238165e-03,
          -3.3787913134224836e-03, -6.7974363323319658e-04,
          2.5635658513923805e-02, 1.4430018967666375e-02,
          5.1246032631703936e-03, 1.5048557907403696e-02,
          2.3532957023933338e-02, 2.0060444905213987e-02,
          3.7946534787136593e-03, 3.9501415457347576e-03,
          -4.3595115629807495e-02, 1.4430018967666373e-02,
          7.6421123816718783e-02, -5.1628850199886877e-03,
          1.5301373342597027e-02, 2.9507794174722757e-02,
          2.8820170360780550e-02, 5.2412545575414764e-03,
          5.4236960894851211e-03, 3.7809822238652545e-03,
          5.1246032631703945e-03, -5.1628850199886877e-03,
          1.1267803313941397e-02, 3.7083065971016144e-03,
          4.7266889977671160e-03, 1.7553286720167871e-03,
          5.1784607553504065e-04, -1.3984962994730169e-03,
          -9.3742867754769438e-03, 1.5048557907403696e-02,
          1.5301373342597032e-02, 3.7083065971016140e-03,
          7.3232252220823024e-02, 1.3484447068738142e-02,
          2.2953414707891581e-02, 2.1407403920158177e-03,
          3.8853872996250575e-03, -1.8175332884412969e-02,
          2.3532957023933338e-02, 2.9507794174722757e-02,
          4.7266889977671160e-03, 1.3484447068738142e-02,
          9.1749956162097621e-02, 3.0281229707158384e-02,
          4.8007769373077285e-03, 5.0389414079036049e-03,
          -2.0030436257120570e-02, 2.0060444905213991e-02,
          2.8820170360780550e-02, 1.7553286720167871e-03,
          2.2953414707891577e-02, 3.0281229707158380e-02,
          1.1906930759032026e-01, 2.6806207453572099e-03,
          4.3281431876790594e-03, -4.4197009098238156e-03,
          3.7946534787136580e-03, 5.2412545575414747e-03,
          5.1784607553504033e-04, 2.1407403920158177e-03,
          4.8007769373077311e-03, 2.6806207453572094e-03,
          4.5593910967662424e-02, 1.2480708066188000e-03,
          -3.3787913134224836e-03, 3.9501415457347576e-03,
          5.4236960894851211e-03, -1.3984962994730162e-03,
          3.8853872996250575e-03, 5.0389414079036058e-03,
          4.3281431876790585e-03, 1.2480708066188000e-03,
          6.8406487357223584e-03 ]
   - !!opencv-matrix
      rows: 9
      cols: 9
      dt: d
      data: [ 9.7577428747668971e-01, 4.9069411829325299e-01,
          8.0165433485504201e-02, 7.9901855950318637e-02,
          5.6798317354864424e-02, 7.1721181739664366e-02,
          4.9310263811367487e-02, -6.7387716855130592e-02,
          8.0355599879809569e-03, 4.9069411829325299e-01,
          1.0831420029997867e+00, 1.0402953692748611e-01,
          1.8204083795992526e-01, 2.0060919025997204e-01,
          1.8787777064534941e-01, 6.6261297208688147e-02,
          -2.9625957880427073e-01, 1.5712062613974602e-03,
          8.0165433485504201e-02, 1.0402953692748612e-01,
          8.3388510896180795e-02, 6.3197854390942667e-03,
          5.6064930638680156e-03, 1.7866350813640200e-02,
          2.9007560884574977e-02, -6.5632678234168332e-03,
          1.3196708967600537e-01, 7.9901855950318665e-02,
          1.8204083795992526e-01, 6.3197854390942641e-03,
          5.2649924518827274e-02, 3.7762179573441038e-02,
          3.3444308627305533e-02, 9.8339933444951157e-03,
          -4.7042626302079553e-02, -2.1293722173334906e-02,
          5.6798317354864424e-02, 2.0060919025997204e-01,
          5.6064930638680165e-03, 3.7762179573441031e-02,
          1.1459257212348074e-01, 5.1311983163359699e-02,
          3.9742216984200475e-04, -7.9296365654352885e-02,
          -1.9737877867681893e-02, 7.1721181739664366e-02,
          1.8787777064534938e-01, 1.7866350813640200e-02,
          3.3444308627305533e-02, 5.1311983163359699e-02,
          7.0089612840994880e-02, 1.8512088038617655e-04,
          -5.3068049086443164e-02, 8.9054808945649086e-03,
          4.9310263811367487e-02, 6.6261297208688161e-02,
          2.9007560884574984e-02, 9.8339933444951157e-03,
          3.9742216984200491e-04, 1.8512088038617706e-04,
          6.5885989285118449e-02, 1.8730167682934763e-02,
          5.1176608427032755e-02, -6.7387716855130592e-02,
          -2.9625957880427073e-01, -6.5632678234168332e-03,
          -4.7042626302079560e-02, -7.9296365654352899e-02,
          -5.3068049086443157e-02, 1.8730167682934763e-02,
          4.4116530002535126e-01, 8.6877540516705182e-02,
          8.0355599879809603e-03, 1.5712062613974602e-03,
          1.3196708967600537e-01, -2.1293722173334900e-02,
          -1.9737877867681893e-02, 8.9054808945649069e-03,
          5.1176608427032755e-02, 8.6877540516705182e-02,
          3.6295667971214451e-01 ]
   - !!opencv-matrix
      rows: 9
      cols: 9
      dt: d
      data: [ 1.7468963542139812e-01, 1.0618911829275613e-02,
          -4.3900303615248777e-02, 9.0376188926687209e-03,
          1.0129467092867999e-03, 4.3851227961605793e-03,
          1.0032243505001773e-02, -3.3909612913018590e-03,
          -8.9493835447129969e-03, 1.0618911829275613e-02,
          8.2386805387816408e-03, -1.6694884852697304e-03,
          2.8082356048692485e-03, 3.5498579551164087e-03,
          6.5025102920640409e-03, 2.7272920430347213e-03,
          1.2621676213920897e-03, -7.0843946171462882e-04,
          -4.3900303615248777e-02, -1.6694884852697298e-03,
          2.5493735858612608e-02, -2.8452496728893148e-03,
          1.1574160619316320e-03, 1.9150498575899201e-03,
          -2.3334085640069929e-03, 2.2202826479196347e-03,
          1.8221311346548988e-03, 9.0376188926687192e-03,
          2.8082356048692485e-03, -2.8452496728893148e-03,
          2.4455762934781033e-02, 1.0246493748430133e-03,
          3.1805673430760281e-03, 1.2983629052937735e-03,
          2.0569740247353353e-03, -4.5392417594614922e-03,
          1.0129467092867966e-03, 3.5498579551164087e-03,
          1.1574160619316318e-03, 1.0246493748430131e-03,
          6.3816166883094799e-02, -3.8434009298763056e-03,
          1.3218037478393357e-03, -7.3106709847844372e-03,
