%YAML:1.0
---
groups:
   - intact
   - CD19
   - blast
intactGmmnames:
   - "intact.799.0"
   - "intact.799.1"
   - "intact.799.2"
   - "intact.799.3"
   - "intact.799.4"
intactLabels:
   - FSC-A
   - SSC-A
   - SY41
   - CD19
   - CD10
   - CD20
   - CD45
   - CD34
   - CD38
intactMu: !!opencv-matrix
   rows: 5
   cols: 9
   dt: d
   data: [ 7.6053041424278334e-01, 2.4425396003013591e-01,
       3.4631606441576137e+00, 1.2970518476615029e+00,
       9.6632546796888452e-01, 9.5367813088493714e-01,
       3.0947855081371336e+00, 1.0581684440318859e+00,
       1.8581850547892729e+00, 4.5188970711340465e-01,
       3.2696176871765448e-01, 3.6208466307014811e+00,
       9.5546237947291168e-01, 8.5879956489275100e-01,
       8.5031542447235819e-01, 1.0582672406131182e+00,
       1.1399983364454320e+00, 1.3606193837993503e+00,
       1.8863673145543169e+00, 1.9031600073185886e+00,
       3.1860621784826093e+00, 1.4361935447011376e+00,
       1.3100142654521831e+00, 1.0417988410588763e+00,
       2.1943296041393792e+00, 1.0830187016389765e+00,
       1.7890301989240724e+00, 1.3852190874459718e+00,
       4.2828665199926075e-01, 3.0983573516416403e+00,
       1.4936001074139333e+00, 1.0532175410517646e+00,
       1.0441340781868862e+00, 3.2489773592229483e+00,
       1.0216569358143950e+00, 2.0686459924260734e+00,
       1.2953565165115084e+00, 1.1994972653542060e+00,
       3.7052790732760821e+00, 1.2499644370117360e+00,
       9.7613591450607662e-01, 1.0478310494568641e+00,
       2.1029541542238350e+00, 1.4508996430234495e+00,
       2.0731969287928194e+00 ]
intactSigma:
   - !!opencv-matrix
      rows: 9
      cols: 9
      dt: d
      data: [ 7.6202617844611728e-02, 8.6947601099401450e-04,
          -4.2389163323682276e-02, 1.9008369203640265e-02,
          1.6900830133665511e-02, 1.6831860162121844e-02,
          9.9201108291736822e-03, -9.5907271985529157e-03,
          -3.8968414433561312e-03, 8.6947601099401450e-04,
          7.0415686218604891e-03, -2.2899847202361265e-03,
          3.0476582994307540e-03, 1.5669494348512312e-03,
          1.8995671114481127e-03, 2.0277628236016784e-03,
          -1.7933371527679247e-04, -8.8556015658018618e-04,
          -4.2389163323682276e-02, -2.2899847202361269e-03,
          4.7099961585138690e-02, -2.0114067566010765e-02,
          -1.7848672412427873e-02, -1.7659249009539614e-02,
          -8.1489846264704065e-03, 1.0496542455698270e-02,
          6.3137560563160805e-03, 1.9008369203640265e-02,
          3.0476582994307540e-03, -2.0114067566010765e-02,
          2.4320790223220031e-02, 8.4134683041077844e-03,
          8.6209292140014045e-03, 6.8560370313535063e-03,
          -4.0852425894441699e-03, -6.0085388138783093e-03,
          1.6900830133665511e-02, 1.5669494348512308e-03,
          -1.7848672412427873e-02, 8.4134683041077844e-03,
          1.2189415732809282e-02, 6.0690671275633679e-03,
          3.7051188175009023e-03, -5.3573580637977132e-03,
          -2.5406378633811744e-03, 1.6831860162121848e-02,
          1.8995671114481127e-03, -1.7659249009539614e-02,
          8.6209292140014045e-03, 6.0690671275633679e-03,
          1.1546736458707529e-02, 3.8579082868108829e-03,
          -4.1230719023363409e-03, -2.7789839639424914e-03,
          9.9201108291736839e-03, 2.0277628236016793e-03,
          -8.1489846264704065e-03, 6.8560370313535063e-03,
          3.7051188175009032e-03, 3.8579082868108829e-03,
          9.3713228345298182e-03, -1.2870615485905742e-03,
          1.5160387869854483e-03, -9.5907271985529157e-03,
          -1.7933371527679263e-04, 1.0496542455698272e-02,
          -4.0852425894441699e-03, -5.3573580637977132e-03,
          -4.1230719023363409e-03, -1.2870615485905742e-03,
          1.1285221809078393e-01, 5.5678445706748535e-03,
          -3.8968414433561325e-03, -8.8556015658018618e-04,
          6.3137560563160831e-03, -6.0085388138783093e-03,
          -2.5406378633811739e-03, -2.7789839639424919e-03,
          1.5160387869854479e-03, 5.5678445706748543e-03,
          5.4443763552541602e-02 ]
   - !!opencv-matrix
      rows: 9
      cols: 9
      dt: d
      data: [ 2.9453552047950211e-02, 6.6618567339552914e-03,
          -8.9145264667173877e-03, 3.2804130797032269e-03,
          2.6993331998490626e-03, 3.2130048665277053e-03,
          1.7354999754416269e-03, -8.7240594049228120e-04,
          -1.0397566937101475e-03, 6.6618567339552914e-03,
          1.9498393063745019e-02, 1.1843329403858712e-02,
          -5.7820523065683950e-03, -7.5257595396801989e-03,
          -6.3988808643166591e-03, -1.8660077392834234e-03,
          6.9877054433019345e-03, 9.2730143510080121e-03,
          -8.9145264667173877e-03, 1.1843329403858713e-02,
          1.3629932199550632e-01, -6.3514156591332194e-02,
          -6.4100821556795529e-02, -6.1184272876694916e-02,
          -2.5592942045308053e-02, 3.9672016079204210e-02,
          4.9587135259591755e-02, 3.2804130797032256e-03,
          -5.7820523065683967e-03, -6.3514156591332194e-02,
          4.1786958876791271e-02, 3.6367759938381504e-02,
          3.4864714499466834e-02, 1.4940622456714557e-02,
          -2.2159502934564645e-02, -3.0653813627160166e-02,
          2.6993331998490622e-03, -7.5257595396801989e-03,
          -6.4100821556795529e-02, 3.6367759938381504e-02,
          4.0987851193152826e-02, 3.4057715224752060e-02,
          1.5722574662403375e-02, -2.2921748992756046e-02,
          -2.8240813396609419e-02, 3.2130048665277053e-03,
          -6.3988808643166582e-03, -6.1184272876694916e-02,
          3.4864714499466834e-02, 3.4057715224752060e-02,
          3.7382203618028964e-02, 1.4699439610375981e-02,
          -2.1661450613368827e-02, -2.6838580383091712e-02,
          1.7354999754416269e-03, -1.8660077392834234e-03,
          -2.5592942045308053e-02, 1.4940622456714557e-02,
          1.5722574662403375e-02, 1.4699439610375981e-02,
          2.5493830374699173e-02, -6.3569968086091061e-03,
          -1.0376592014316014e-02, -8.7240594049228098e-04,
          6.9877054433019337e-03, 3.9672016079204210e-02,
          -2.2159502934564645e-02, -2.2921748992756046e-02,
          -2.1661450613368827e-02, -6.3569968086091061e-03,
          4.5395997005638955e-02, 1.9715860206133737e-02,
          -1.0397566937101481e-03, 9.2730143510080121e-03,
          4.9587135259591734e-02, -3.0653813627160166e-02,
          -2.8240813396609419e-02, -2.6838580383091701e-02,
          -1.0376592014316014e-02, 1.9715860206133737e-02,
          4.0198091956604093e-02 ]
   - !!opencv-matrix
      rows: 9
      cols: 9
      dt: d
      data: [ 7.0570800522985688e-01, 2.7758517846079511e-01,
          7.8612180155007774e-02, 3.9381036846963612e-02,
          -4.5724755843723180e-02, 8.7926817140389947e-03,
          9.5102393445082090e-02, 8.4607530478219531e-04,
          8.9011922833655041e-02, 2.7758517846079511e-01,
          6.5504920126627342e-01, 9.8090340502734533e-02,
          1.1224131560120325e-01, 1.0493694529452560e-01,
          8.1943108744825330e-03, 2.8798386846209945e-01,
          4.0379735549801142e-03, 1.6018698403085008e-01,
          7.8612180155007774e-02, 9.8090340502734560e-02,
          2.0904628182505519e-01, -1.9157328836069500e-02,
          -1.3866880974083022e-02, -3.4794211945621878e-02,
          8.2106415048455089e-02, 1.5204730835180686e-02,
          7.0787075885579073e-02, 3.9381036846963598e-02,
          1.1224131560120325e-01, -1.9157328836069500e-02,
          4.3248364973286650e-02, 2.8024311068933831e-02,
          1.0510788507141640e-02, 5.5355204411510470e-02,
          -2.7404937071923521e-03, 2.0448896282575287e-02,
          -4.5724755843723180e-02, 1.0493694529452560e-01,
          -1.3866880974083019e-02, 2.8024311068933831e-02,
          1.2298809819778744e-01, 3.5576795218162458e-03,
