%YAML:1.0
---
groups:
   - intact
   - CD19
   - blast
intactGmmnames:
   - "intact.802.0"
   - "intact.802.1"
   - "intact.802.2"
   - "intact.802.3"
   - "intact.802.4"
intactLabels:
   - FSC-A
   - SSC-A
   - SY41
   - CD19
   - CD10
   - CD20
   - CD45
   - CD34
   - CD38
intactMu: !!opencv-matrix
   rows: 5
   cols: 9
   dt: d
   data: [ 1.8927010689413319e+00, 3.0784645831281203e+00,
       3.0465439091251074e+00, 1.6729456682933961e+00,
       1.4622979245464933e+00, 8.3035601840454520e-01,
       2.2337334691446498e+00, 1.0532654527841134e+00,
       1.6650967907881427e+00, 1.1716086968349815e+00,
       5.0646101925700682e-01, 2.7186547760136848e+00,
       1.8185721441623779e+00, 8.6914589070046200e-01,
       8.0532205798238743e-01, 3.4373221993676384e+00,
       1.0344565800320320e+00, 2.1230239162088940e+00,
       6.9792688995802366e-01, 4.5497039616503393e-01,
       2.9752348521161638e+00, 1.0027343749436521e+00,
       8.0161691268006496e-01, 7.7853341365085527e-01,
       1.3722131934933277e+00, 1.0527827106450214e+00,
       1.3821115147191909e+00, 2.4644440448128533e+00,
       3.4846592191604220e+00, 2.9722131219773136e+00,
       1.8000737857471338e+00, 1.5579121588445215e+00,
       8.9668821136090271e-01, 2.2891888784716627e+00,
       1.1391122381942889e+00, 1.7786689337140460e+00,
       1.7632417742534601e+00, 1.9744400435388585e+00,
       2.9361009718300779e+00, 1.7172198772236202e+00,
       1.2385734993519379e+00, 1.1857787285516894e+00,
       2.4501550119294930e+00, 1.3359824083816525e+00,
       2.1125683132852835e+00 ]
intactSigma:
   - !!opencv-matrix
      rows: 9
      cols: 9
      dt: d
      data: [ 2.8414569240980447e-01, 1.2582249524312386e-01,
          -5.7543111979711332e-03, 2.2310053989567657e-02,
          -1.1095697743401835e-02, 1.3673592497016256e-02,
          -1.5119914059403824e-02, -5.9317686353986595e-03,
          2.0832263880084237e-03, 1.2582249524312386e-01,
          3.3884797572626657e-01, -1.0024326105113376e-02,
          6.4193285472324849e-02, 2.4048333186761802e-02,
          2.9036271455640483e-02, 4.0177189606677094e-03,
          -3.3378535510392164e-03, 1.6046779843739915e-02,
          -5.7543111979711315e-03, -1.0024326105113375e-02,
          8.7643320352050989e-03, -2.7723955249567859e-03,
          -8.4707550914647398e-04, -4.0265850047772915e-03,
          1.5475937827099235e-03, 1.0477899064170674e-03,
          -1.4391971827532987e-03, 2.2310053989567657e-02,
          6.4193285472324849e-02, -2.7723955249567855e-03,
          3.8605062772521515e-02, 7.5517156958500109e-03,
          6.2706644397755073e-03, 5.0857584558409025e-03,
          -1.4950183553064662e-03, -2.6795044292590988e-03,
          -1.1095697743401831e-02, 2.4048333186761809e-02,
          -8.4707550914647441e-04, 7.5517156958500101e-03,
          1.0797839855387159e-01, -1.8359106765325001e-04,
          2.4732831104441817e-02, -2.7620725279662319e-03,
          2.5363804483174348e-03, 1.3673592497016256e-02,
          2.9036271455640483e-02, -4.0265850047772915e-03,
          6.2706644397755064e-03, -1.8359106765325044e-04,
          2.3415208285319473e-02, -2.0570210550709353e-04,
          -9.5328547055086629e-04, 2.5004006259094157e-03,
          -1.5119914059403824e-02, 4.0177189606677120e-03,
          1.5475937827099237e-03, 5.0857584558409025e-03,
          2.4732831104441817e-02, -2.0570210550709342e-04,
          4.8693499424795485e-02, 6.2553491817353630e-05,
          1.7807133602266427e-03, -5.9317686353986621e-03,
          -3.3378535510392195e-03, 1.0477899064170674e-03,
          -1.4950183553064666e-03, -2.7620725279662328e-03,
          -9.5328547055086629e-04, 6.2553491817353521e-05,
          4.0122996604922773e-02, 5.5785622434507249e-04,
          2.0832263880084237e-03, 1.6046779843739912e-02,
          -1.4391971827532992e-03, -2.6795044292590988e-03,
          2.5363804483174344e-03, 2.5004006259094166e-03,
          1.7807133602266427e-03, 5.5785622434507270e-04,
          2.6458288194325569e-02 ]
   - !!opencv-matrix
      rows: 9
      cols: 9
      dt: d
      data: [ 1.7541143950636179e-01, 2.5112899806244784e-02,
          -2.4331550054926699e-02, 3.6917746589669231e-02,
          6.6423430615615772e-03, 7.5565760683092556e-03,
          3.3889969204970442e-02, 6.8033551797745337e-04,
          2.9815442982732154e-02, 2.5112899806244784e-02,
          2.3550228954666130e-02, -7.8794316720373174e-03,
          1.8776415430768963e-02, 3.6834116253300279e-03,
          4.9578197887287659e-03, 1.4992585545849060e-02,
          1.0269329104581890e-03, 2.1878004358757294e-02,
          -2.4331550054926699e-02, -7.8794316720373209e-03,
          2.3100937467878058e-02, -1.2665228627573653e-02,
          -4.7333006175358681e-03, -4.6608593955227576e-03,
          -1.0341537664454311e-02, 6.4975899906300039e-05,
          -1.3199403868310193e-02, 3.6917746589669231e-02,
          1.8776415430768963e-02, -1.2665228627573653e-02,
          5.3931908205207227e-02, 6.2365630410360397e-03,
          6.2816712754043052e-03, 2.8680697002191727e-02,
          3.2640309801075038e-05, 1.3871832296221222e-02,
          6.6423430615615772e-03, 3.6834116253300279e-03,
          -4.7333006175358681e-03, 6.2365630410360388e-03,
          2.3980472432686535e-02, -1.1327403178479009e-03,
          5.1523449618629032e-03, -4.4966868181591417e-03,
          3.3829509361428035e-03, 7.5565760683092556e-03,
          4.9578197887287651e-03, -4.6608593955227576e-03,
          6.2816712754043052e-03, -1.1327403178479011e-03,
          2.0348131979557739e-02, 4.9025757825634630e-03,
          -8.2173657079523789e-04, 1.6607543525549277e-03,
          3.3889969204970449e-02, 1.4992585545849060e-02,
          -1.0341537664454311e-02, 2.8680697002191727e-02,
          5.1523449618629032e-03, 4.9025757825634638e-03,
          2.6760921195508085e-02, 7.8911293033049883e-05,
          1.4708307032307086e-02, 6.8033551797745369e-04,
          1.0269329104581890e-03, 6.4975899906299903e-05,
          3.2640309801075221e-05, -4.4966868181591417e-03,
          -8.2173657079523789e-04, 7.8911293033049639e-05,
          1.6214000245689486e-01, 6.6754837030779156e-03,
          2.9815442982732168e-02, 2.1878004358757294e-02,
          -1.3199403868310193e-02, 1.3871832296221227e-02,
          3.3829509361428026e-03, 1.6607543525549277e-03,
          1.4708307032307088e-02, 6.6754837030779182e-03,
          1.3497576510306900e-01 ]
   - !!opencv-matrix
      rows: 9
      cols: 9
      dt: d
      data: [ 9.1810844868096181e-02, 1.2508016086034038e-02,
          -1.3274154901323438e-02, 7.0573733772984386e-03,
          5.4968587569481555e-03, 8.5180121025014762e-03,
          1.2980950933701070e-03, 5.6243571095786508e-04,
          1.5169957424158160e-03, 1.2508016086034038e-02,
          2.8592329980797061e-02, 1.3614219289172060e-02,
          3.6528874295177999e-03, 2.0168241809858304e-03,
          5.5347573069446845e-03, 2.4523515700191401e-03,
          2.4919317489365557e-03, 5.1770229214769883e-03,
          -1.3274154901323438e-02, 1.3614219289172060e-02,
          5.4953121895747296e-02, -9.7675324872976178e-03,
          -1.0671266869603123e-02, -1.3347401007082236e-02,
          3.6419012156648195e-04, 4.5668795948246455e-03,
          6.5728032250651144e-03, 7.0573733772984377e-03,
          3.6528874295177999e-03, -9.7675324872976213e-03,
          1.9381144307911519e-02, 3.8499716809223925e-03,
          5.6988639747678075e-03, 5.7874575703483649e-04,
          -4.2435473357486236e-04, -2.4133316725740745e-03,
          5.4968587569481564e-03, 2.0168241809858304e-03,
          -1.0671266869603123e-02, 3.8499716809223912e-03,
          2.8692686061381957e-02, 1.8273666210954012e-03,
