%YAML:1.0
---
groups:
   - intact
   - CD19
intactGmmnames:
   - "intact.805.0"
   - "intact.805.1"
   - "intact.805.2"
   - "intact.805.3"
   - "intact.805.4"
intactLabels:
   - FSC-A
   - SSC-A
   - SY41
   - CD19
   - CD10
   - CD20
   - CD45
   - CD34
   - CD38
intactMu: !!opencv-matrix
   rows: 5
   cols: 9
   dt: d
   data: [ 1.3505592217804776e+00, 2.6328222259352102e-01,
       3.3837033511292200e+00, 9.3169309605325179e-01,
       1.3916782107174246e+00, 9.5375037258263795e-01,
       3.6721811376156026e+00, 1.1047159422945692e+00,
       1.4020567226948302e+00, 2.8460492812052696e+00,
       2.3832902253843762e+00, 3.4355249670221553e+00,
       1.1969131409046514e+00, 1.7799555918579648e+00,
       1.3491561858489571e+00, 3.0415727007253293e+00,
       1.2492167138190089e+00, 1.9886011700613822e+00,
       1.6488235410902481e+00, 7.8133204578208859e-01,
       3.3818420508718257e+00, 8.9965102217189774e-01,
       1.1498003199134637e+00, 1.1794819966709644e+00,
       2.0162705142484549e+00, 1.3708178853622417e+00,
       1.7059982002510958e+00, 7.8498909659538363e-01,
       4.2626253514967510e-01, 3.7705919795276430e+00,
       7.6500035345924955e-01, 8.0856911753592875e-01,
       9.3593946473877321e-01, 1.2506954382852997e+00,
       1.0894324950665559e+00, 1.5310907450459550e+00,
       2.0660952783902369e+00, 5.9738805323538424e-01,
       3.3309807036397125e+00, 9.8116408410399503e-01,
       1.7174226840344333e+00, 1.0698319043198965e+00,
       3.6271245575157813e+00, 1.6037637806967531e+00,
       2.5564531737589742e+00 ]
intactSigma:
   - !!opencv-matrix
      rows: 9
      cols: 9
      dt: d
      data: [ 2.9666235967370713e-01, 2.1350125599334017e-02,
          -7.4938931821867172e-02, 5.0404621122546379e-02,
          3.3341310036254013e-02, 4.0122330849296867e-02,
          3.3578550452301563e-02, -1.6252923890444106e-03,
          1.7093020383491249e-03, 2.1350125599334017e-02,
          8.0401484097095549e-03, -6.6719675218707888e-03,
          3.5888928269615281e-03, 5.4198195498290540e-03,
          9.3341619624141836e-03, 5.4352580773548266e-03,
          7.2219307004279989e-04, -3.6843472419233847e-03,
          -7.4938931821867172e-02, -6.6719675218707888e-03,
          3.9536461273253547e-02, -1.9304578126948659e-02,
          -1.3395963668147165e-02, -1.1199527227612706e-02,
          -1.0460450093703454e-02, 4.2411580201282960e-04,
          -4.8282040897376790e-04, 5.0404621122546379e-02,
          3.5888928269615277e-03, -1.9304578126948659e-02,
          2.4610100672776754e-02, 7.8380394829892282e-03,
          6.6178685450564738e-03, 5.0763644060241100e-03,
          1.7158022794040520e-03, 4.0388261549606616e-04,
          3.3341310036254013e-02, 5.4198195498290566e-03,
          -1.3395963668147161e-02, 7.8380394829892300e-03,
          7.3010056344532601e-02, 4.2527392174863052e-03,
          1.2123977275861543e-02, -9.3073609737077500e-04,
          1.6053312835038059e-03, 4.0122330849296867e-02,
          9.3341619624141853e-03, -1.1199527227612706e-02,
          6.6178685450564738e-03, 4.2527392174863052e-03,
          9.6007025027765411e-02, 8.7580317423884436e-03,
          9.8358650329918884e-04, -9.0876896470220327e-03,
          3.3578550452301563e-02, 5.4352580773548284e-03,
          -1.0460450093703451e-02, 5.0763644060241100e-03,
          1.2123977275861543e-02, 8.7580317423884436e-03,
          1.0997948184089149e-02, -9.5660607298129769e-04,
          -4.3888701234635038e-03, -1.6252923890444112e-03,
          7.2219307004279989e-04, 4.2411580201282998e-04,
          1.7158022794040518e-03, -9.3073609737077598e-04,
          9.8358650329918927e-04, -9.5660607298129737e-04,
          1.4749914210324716e-01, 1.9770328848434855e-03,
          1.7093020383491249e-03, -3.6843472419233847e-03,
          -4.8282040897376747e-04, 4.0388261549606633e-04,
          1.6053312835038072e-03, -9.0876896470220327e-03,
          -4.3888701234635038e-03, 1.9770328848434850e-03,
          4.1308169877126641e-02 ]
   - !!opencv-matrix
      rows: 9
      cols: 9
      dt: d
      data: [ 8.1459344264173028e-01, 3.3918694966834267e-01,
          -1.2565491954753918e-03, 9.0154794967888113e-02,
          -1.0812367595200563e-01, 7.3023354161511032e-03,
          3.8545158232034492e-02, -3.6558121359110185e-02,
          -6.3270136371178065e-02, 3.3918694966834267e-01,
          7.6751013032667292e-01, -3.4003157471263187e-02,
          1.2051004678168495e-01, 9.6272597652747940e-02,
          4.2511631205339783e-03, 6.1680963883979603e-02,
          -5.6983530697779602e-02, -1.7025351274230949e-01,
          -1.2565491954753902e-03, -3.4003157471263187e-02,
          7.5537455529850292e-02, -3.7796095892085095e-02,
          -1.1113265424857905e-02, 1.4155041640149156e-02,
          -6.9855821524149380e-03, 4.3319142653550226e-04,
          2.9371950045055824e-02, 9.0154794967888113e-02,
          1.2051004678168495e-01, -3.7796095892085095e-02,
          6.2382080267395397e-02, 5.7905312675987008e-03,
          -3.7209508085460190e-03, 6.9425545950817001e-03,
          -9.8348612508466042e-03, -4.4233311253154786e-02,
          -1.0812367595200563e-01, 9.6272597652747940e-02,
          -1.1113265424857901e-02, 5.7905312675987008e-03,
          2.9649477101201793e-01, 8.5926293055979975e-03,
          6.2060571724084475e-02, 3.2404283192294756e-02,
          -1.6922064190949132e-02, 7.3023354161511015e-03,
          4.2511631205339783e-03, 1.4155041640149156e-02,
          -3.7209508085460181e-03, 8.5926293055979992e-03,
          1.0810836501108514e-01, 8.3830396229522611e-03,
          2.4803528518327216e-02, 7.8142783059382298e-02,
          3.8545158232034499e-02, 6.1680963883979596e-02,
          -6.9855821524149406e-03, 6.9425545950817019e-03,
          6.2060571724084468e-02, 8.3830396229522593e-03,
          1.0256359092379046e-01, 1.4641412517116726e-02,
          7.6678190388483588e-03, -3.6558121359110185e-02,
          -5.6983530697779602e-02, 4.3319142653550183e-04,
          -9.8348612508466025e-03, 3.2404283192294762e-02,
          2.4803528518327216e-02, 1.4641412517116726e-02,
          1.4205079077578484e-01, 6.7760162135237667e-02,
          -6.3270136371178079e-02, -1.7025351274230952e-01,
          2.9371950045055818e-02, -4.4233311253154800e-02,
          -1.6922064190949136e-02, 7.8142783059382298e-02,
          7.6678190388483588e-03, 6.7760162135237667e-02,
          2.6064891674981477e-01 ]
   - !!opencv-matrix
      rows: 9
      cols: 9
      dt: d
      data: [ 6.0501454090239482e-01, 1.6870070693359129e-01,
          4.1909743240834615e-02, -6.8373708061528361e-03,
          5.6565373975206328e-02, 9.3606963897711032e-02,
          1.6564156983001804e-01, 7.1663886279247815e-02,
          4.6443948104160235e-02, 1.6870070693359127e-01,
          1.9117016893996336e-01, 1.5570860168197098e-01,
          -6.5266474092147711e-02, 7.0799701146299479e-02,
          1.0032350327165561e-01, 1.1282065208244514e-01,
          1.4468918799325135e-02, 5.5948609791901874e-02,
          4.1909743240834629e-02, 1.5570860168197101e-01,
          3.7984168242561750e-01, -1.5551454868783052e-01,
          5.0160671157241085e-02, 9.8200753208729577e-02,
          -7.9260819996961884e-03, -7.7567819200659083e-02,
          7.1008246267375730e-02, -6.8373708061528387e-03,
          -6.5266474092147725e-02, -1.5551454868783052e-01,
          8.2959962274001445e-02, -1.5940278464612472e-02,
          -3.6415849051870820e-02, 2.5178490923977634e-03,
          4.0963012562539404e-02, -3.1696620319571864e-02,
          5.6565373975206328e-02, 7.0799701146299465e-02,
          5.0160671157241099e-02, -1.5940278464612472e-02,
          1.3622867945683270e-01, 5.1589689911259506e-02,
          8.8680142599237038e-02, 1.6946697826105077e-02,
