%YAML:1.0
---
groups:
   - intact
   - CD19
intactGmmnames:
   - "intact.811.0"
   - "intact.811.1"
   - "intact.811.2"
   - "intact.811.3"
   - "intact.811.4"
intactLabels:
   - FSC-A
   - SSC-A
   - SY41
   - CD19
   - CD10
   - CD20
   - CD45
   - CD34
   - CD38
intactMu: !!opencv-matrix
   rows: 5
   cols: 9
   dt: d
   data: [ 2.1503428567740737e+00, 2.9192423283340672e+00,
       1.9833261491256586e+00, 1.8022156935665408e+00,
       2.3922114282236913e+00, 8.8989947190592689e-01,
       2.5027174070967511e+00, 1.0674316648504025e+00,
       1.8498190974566193e+00, 1.1483296693230600e+00,
       4.2485148428528147e-01, 1.9343021194660919e+00,
       1.6434340574700206e+00, 8.4298202028160463e-01,
       8.1260459856789669e-01, 3.2205096082078764e+00,
       1.0030069818785590e+00, 2.1523285319502845e+00,
       1.7953948677726832e+00, 2.0708913244095406e+00,
       1.4461824538032624e+00, 1.5493555126330316e+00,
       1.3336117834510750e+00, 8.4983021275245052e-01,
       1.4479021761592918e+00, 1.0501622183480523e+00,
       1.1990842237143631e+00, 2.2360061250145957e+00,
       2.1624453834019777e+00, 2.0130997097360499e+00,
       1.7551651979327503e+00, 1.2731227593638414e+00,
       1.0531380997582498e+00, 2.4830841929959222e+00,
       1.1815931344758972e+00, 2.1643200800521534e+00,
       7.5953624258645469e-01, 3.7426610281144890e-01,
       2.0147097200497188e+00, 9.6828377418782097e-01,
       8.8737745243902733e-01, 7.4813387600695869e-01,
       1.1006185990924211e+00, 1.0695725902788835e+00,
       1.2205109554556763e+00 ]
intactSigma:
   - !!opencv-matrix
      rows: 9
      cols: 9
      dt: d
      data: [ 4.6118526124369935e-01, 1.8866771878053071e-01,
          -6.2214992212945283e-02, 3.3589424680613933e-02,
          -1.5733807794394556e-02, 2.7976795056153164e-02,
          -7.7425354987588858e-03, 2.0413419887423383e-03,
          2.7226837769453505e-02, 1.8866771878053071e-01,
          3.5302201177981157e-01, -5.5923105075304493e-02,
          6.6684653988796208e-02, 4.5084914146560073e-02,
          4.0316137758735583e-02, 2.3191535168038537e-02,
          7.9437369934236297e-03, 3.1404222458782632e-02,
          -6.2214992212945269e-02, -5.5923105075304493e-02,
          1.4224298521694581e-01, -1.4107117925113377e-02,
          -1.2250392128170045e-02, -1.3211770539050064e-02,
          -7.7619566969786375e-03, 2.3613524748464001e-04,
          -5.7856770854812058e-03, 3.3589424680613933e-02,
          6.6684653988796208e-02, -1.4107117925113377e-02,
          3.6313840305931891e-02, 1.3749118295846728e-02,
          8.6838675035798441e-03, 9.6823068660416324e-03,
          2.0009425638555785e-03, -4.3710365129136176e-04,
          -1.5733807794394556e-02, 4.5084914146560073e-02,
          -1.2250392128170045e-02, 1.3749118295846728e-02,
          7.4914906838628087e-02, 6.6726255436032359e-03,
          2.5229977150432563e-02, 2.4302357339955061e-03,
          1.9269482623691316e-03, 2.7976795056153164e-02,
          4.0316137758735583e-02, -1.3211770539050064e-02,
          8.6838675035798441e-03, 6.6726255436032342e-03,
          5.2991351672459969e-02, 4.1512743975900372e-03,
          4.5017669793585093e-04, 4.5624158460065819e-03,
          -7.7425354987588858e-03, 2.3191535168038537e-02,
          -7.7619566969786375e-03, 9.6823068660416324e-03,
          2.5229977150432559e-02, 4.1512743975900372e-03,
          3.7688616949536527e-02, 2.8549899722146630e-03,
          2.1092292297306466e-03, 2.0413419887423401e-03,
          7.9437369934236297e-03, 2.3613524748463977e-04,
          2.0009425638555785e-03, 2.4302357339955069e-03,
          4.5017669793585076e-04, 2.8549899722146630e-03,
          6.2216280358260434e-02, 3.9137234977174289e-03,
          2.7226837769453505e-02, 3.1404222458782632e-02,
          -5.7856770854812023e-03, -4.3710365129136193e-04,
          1.9269482623691322e-03, 4.5624158460065792e-03,
          2.1092292297306458e-03, 3.9137234977174289e-03,
          6.5722226936854117e-02 ]
   - !!opencv-matrix
      rows: 9
      cols: 9
      dt: d
      data: [ 1.1618407005230427e-01, 1.8920133722943523e-02,
          -6.3315614560139233e-02, 2.1083224911367150e-02,
          1.1373208601778487e-03, 5.1338015284282737e-03,
          1.7389111259823498e-02, 5.6657455485909284e-04,
          1.1068213344466246e-02, 1.8920133722943527e-02,
          1.6396503870910874e-02, -2.6916449997747866e-02,
          1.2309634699972677e-02, 2.1228984341111401e-03,
          7.3583271919515506e-03, 8.3086455661272075e-03,
          6.9567675960228027e-04, 5.6532862184205390e-03,
          -6.3315614560139233e-02, -2.6916449997747866e-02,
          1.6114000602057446e-01, -3.1737142650082442e-02,
          -4.7797692941814341e-03, -1.1406522994963133e-02,
          -2.3610812464014433e-02, 9.3557794152660260e-04,
          -1.3795588752331311e-02, 2.1083224911367146e-02,
          1.2309634699972673e-02, -3.1737142650082442e-02,
          5.5624971416919584e-02, 2.6164510913602250e-03,
          6.9821604162302554e-03, 1.7670210428000137e-02,
          -8.7157977438460186e-05, -9.9005266856102680e-03,
          1.1373208601778487e-03, 2.1228984341111396e-03,
          -4.7797692941814332e-03, 2.6164510913602250e-03,
          3.0063694907587802e-02, -3.2987848223263363e-03,
          1.4528931617543029e-03, -3.9394609898917958e-03,
          -3.5673816309212802e-03, 5.1338015284282737e-03,
          7.3583271919515523e-03, -1.1406522994963135e-02,
          6.9821604162302563e-03, -3.2987848223263363e-03,
          5.2564646356539124e-02, 4.1096802761294423e-03,
          -4.7720991445325631e-04, -8.1281760540150381e-03,
          1.7389111259823498e-02, 8.3086455661272075e-03,
          -2.3610812464014429e-02, 1.7670210428000137e-02,
          1.4528931617543031e-03, 4.1096802761294423e-03,
          1.7014862512700839e-02, 5.9751150616768750e-05,
          -4.8723693022284555e-03, 5.6657455485909294e-04,
          6.9567675960228049e-04, 9.3557794152660271e-04,
          -8.7157977438460308e-05, -3.9394609898917958e-03,
          -4.7720991445325658e-04, 5.9751150616768722e-05,
          1.1734381883057966e-01, 4.7024695185545274e-03,
          1.1068213344466248e-02, 5.6532862184205382e-03,
          -1.3795588752331311e-02, -9.9005266856102680e-03,
          -3.5673816309212802e-03, -8.1281760540150398e-03,
          -4.8723693022284572e-03, 4.7024695185545239e-03,
          1.6810684526176367e-01 ]
   - !!opencv-matrix
      rows: 9
      cols: 9
      dt: d
      data: [ 4.9848557226509832e-01, 1.9342949568872353e-01,
          3.3258025409473667e-02, 5.1154007629006619e-02,
          3.6780517334807791e-02, 2.5521838975021319e-02,
          3.1387303875104772e-02, 5.1048617254932096e-04,
          2.0362011696635138e-02, 1.9342949568872350e-01,
          2.7379409594740822e-01, 4.4243600769693955e-02,
          7.0736763583838000e-02, 6.2536111014612830e-02,
          2.7229513594029638e-02, 4.0935822030555784e-02,
          9.6828296938123641e-04, 2.4794287168765240e-02,
          3.3258025409473667e-02, 4.4243600769693955e-02,
          8.4727992503656951e-02, 1.2575888438642211e-02,
          1.8614984889098241e-02, 9.6721099633390022e-03,
          7.6907703706911362e-03, -3.3428481218212348e-03,
          7.3011312502466704e-03, 5.1154007629006619e-02,
          7.0736763583838000e-02, 1.2575888438642211e-02,
          5.1664770738001332e-02, 1.9706260502991704e-02,
          8.1844344307717767e-03, 1.3039909437508641e-02,
          1.3274612528964608e-03, -2.5337782911303065e-03,
          3.6780517334807798e-02, 6.2536111014612830e-02,
          1.8614984889098241e-02, 1.9706260502991704e-02,
          1.1223233568799224e-01, 3.1621450166191820e-03,
          5.6319861720689007e-02, -8.1607652766175045e-04,
