%YAML:1.0
---
groups:
   - intact
   - CD19
   - blast
intactGmmnames:
   - "intact.Bln079.0"
   - "intact.Bln079.1"
   - "intact.Bln079.2"
   - "intact.Bln079.3"
   - "intact.Bln079.4"
intactLabels:
   - FSC-A
   - SSC-A
   - SY41
   - CD19
   - CD10
   - CD20
   - CD45
   - CD34
   - CD38
   - CD58
intactMu: !!opencv-matrix
   rows: 5
   cols: 10
   dt: d
   data: [ 3.3554322511575996e+00, 2.6244732472636985e+00,
       2.0619224861730432e+00, 9.5953103829785780e-01,
       1.9816925269298939e+00, 1.0803636999883524e+00,
       1.8702198459995885e+00, 1.1254615519515765e+00,
       2.2838775094814681e+00, 1.9967105698770897e+00,
       1.8994862953048577e+00, 3.8549782251176284e-01,
       2.1631421639175934e+00, 8.2040571810126606e-01,
       7.7609797422626592e-01, 1.0880914693675794e+00,
       2.0703182157346993e+00, 9.6285632336765559e-01,
       2.2702457607121205e+00, 1.9472821023641693e+00,
       3.4169664718152779e+00, 3.0071809273434296e+00,
       2.1140183994400639e+00, 1.0220325527794465e+00,
       2.3630585459455977e+00, 1.1206664688018377e+00,
       1.9691781544295928e+00, 1.2031849664753538e+00,
       2.5163813183500801e+00, 2.2632887757136668e+00,
       2.5257478902649990e+00, 1.4835707704867065e+00,
       2.1179068697202443e+00, 1.1415870202511322e+00,
       1.3388060854706851e+00, 1.3254537545899610e+00,
       1.8963928025926078e+00, 1.3300572834574751e+00,
       2.6534266412161340e+00, 2.0096733211443540e+00,
       1.3340891485284556e+00, 3.1021234451735674e-01,
       1.9788685940158055e+00, 7.9339356435683572e-01,
       8.3563632039415925e-01, 9.5851024671585450e-01,
       2.3033519155289404e+00, 9.3382810672669281e-01,
       2.2278768419183472e+00, 1.3919429547593074e+00 ]
intactSigma:
   - !!opencv-matrix
      rows: 10
      cols: 10
      dt: d
      data: [ 3.3972785813517309e-01, 1.6985609766827833e-01,
          -6.5091298440489746e-03, 1.7252320686340502e-03,
          -3.7372885775067096e-03, 1.7062273895285820e-03,
          1.4261388642685342e-02, 4.1340760080110384e-03,
          1.8350145246731887e-02, 1.3011477583885574e-02,
          1.6985609766827833e-01, 3.4659030344599717e-01,
          2.8946558050256307e-03, 1.9553340116914179e-02,
          4.7624941408629544e-02, 8.5098789318936875e-03,
          3.3042618473724986e-02, 2.5465103605014486e-02,
          4.1609947746953826e-02, 4.5454061211478658e-02,
          -6.5091298440489703e-03, 2.8946558050256307e-03,
          5.5062589857039317e-02, 1.0321904672697557e-02,
          1.4803151742419317e-03, 8.8445732578547008e-03,
          8.2947584423281040e-03, 1.6167464996801537e-02,
          2.3885143008195563e-02, 1.3855784422807911e-02,
          1.7252320686340485e-03, 1.9553340116914175e-02,
          1.0321904672697562e-02, 7.6911519991739424e-02,
          3.1728682967757618e-02, 1.2780133926900683e-03,
          1.3220559808200682e-02, 4.5046156264700815e-03,
          3.1718178410842378e-03, 7.7268482734194387e-03,
          -3.7372885775067118e-03, 4.7624941408629537e-02,
          1.4803151742419317e-03, 3.1728682967757625e-02,
          2.2934776908981663e-01, -2.7866617931974764e-04,
          6.4458395726687504e-02, 1.6906503991892918e-02,
          -5.0792822661417499e-02, -3.8855711523210039e-03,
          1.7062273895285815e-03, 8.5098789318936875e-03,
          8.8445732578547008e-03, 1.2780133926900683e-03,
          -2.7866617931974775e-04, 1.1542392385347622e-02,
          -6.9486258236321085e-06, 4.7375849343995573e-03,
          8.2297017401929129e-03, 4.4584411259683031e-03,
          1.4261388642685341e-02, 3.3042618473724986e-02,
          8.2947584423281040e-03, 1.3220559808200676e-02,
          6.4458395726687517e-02, -6.9486258236322703e-06,
          5.8289955649188138e-02, 1.2741897438518427e-02,
          -2.0889282488764132e-02, 9.1772125521870692e-03,
          4.1340760080110376e-03, 2.5465103605014489e-02,
          1.6167464996801537e-02, 4.5046156264700807e-03,
          1.6906503991892918e-02, 4.7375849343995564e-03,
          1.2741897438518425e-02, 2.1268339425121168e-02,
          6.6342468816973608e-03, 1.0937388908558590e-02,
          1.8350145246731894e-02, 4.1609947746953826e-02,
          2.3885143008195563e-02, 3.1718178410842374e-03,
          -5.0792822661417512e-02, 8.2297017401929112e-03,
          -2.0889282488764128e-02, 6.6342468816973591e-03,
          1.0234645914748010e-01, 3.6690000421335377e-02,
          1.3011477583885571e-02, 4.5454061211478665e-02,
          1.3855784422807911e-02, 7.7268482734194404e-03,
          -3.8855711523210048e-03, 4.4584411259683031e-03,
          9.1772125521870675e-03, 1.0937388908558590e-02,
          3.6690000421335377e-02, 4.8611826728941390e-02 ]
   - !!opencv-matrix
      rows: 10
      cols: 10
      dt: d
      data: [ 1.0540552290153018e+00, -1.2758045900099714e-02,
          5.5854785686965121e-02, -6.0659919174941715e-03,
          2.2828836387627061e-02, -4.1694823939894307e-02,
          2.6288089553723004e-01, -1.6065574146861158e-02,
          -2.4552754477085874e-02, -2.9575457919602144e-02,
          -1.2758045900099714e-02, 1.6623671420688158e-02,
          -2.8009615278829481e-03, 4.5073679456518545e-03,
          2.7575750420942499e-03, 3.2727052829894772e-03,
          3.3655096478733153e-02, -8.1416229566541251e-04,
          7.6454072230623726e-02, 4.6052468456071602e-03,
          5.5854785686965121e-02, -2.8009615278829481e-03,
          6.3762568756197749e-02, -1.6414238533741232e-03,
          -6.9009263325766658e-03, -1.3739306412888038e-02,
          -3.9499517768935184e-02, 6.0302367276824755e-03,
          -7.5745655672927972e-02, 3.2158364022183104e-02,
          -6.0659919174941698e-03, 4.5073679456518545e-03,
          -1.6414238533741245e-03, 5.4792869590081686e-02,
          2.4106666527991451e-03, 1.9167675934722655e-03,
          1.7256459773764228e-02, -3.8429768438088818e-03,
          6.4899081995297758e-02, -1.6437513589004325e-03,
          2.2828836387627061e-02, 2.7575750420942491e-03,
          -6.9009263325766658e-03, 2.4106666527991456e-03,
          2.1638226368146874e-02, 4.4465698181395215e-03,
          3.1736498774852295e-02, -3.4791804678156128e-03,
          3.3272015538819373e-02, -1.7619865242062702e-02,
          -4.1694823939894307e-02, 3.2727052829894764e-03,
          -1.3739306412888038e-02, 1.9167675934722663e-03,
          4.4465698181395223e-03, 7.1515592713569442e-02,
          4.0044201047627258e-02, -2.4313272405956992e-03,
          4.6457974106867538e-03, -1.1726523856269950e-02,
          2.6288089553723004e-01, 3.3655096478733153e-02,
          -3.9499517768935184e-02, 1.7256459773764225e-02,
          3.1736498774852295e-02, 4.0044201047627258e-02,
          3.2298010101799535e-01, -2.2873190742661698e-02,
          3.4579532313888972e-01, -5.4390401532526632e-02,
          -1.6065574146861154e-02, -8.1416229566541262e-04,
          6.0302367276824755e-03, -3.8429768438088831e-03,
          -3.4791804678156132e-03, -2.4313272405956997e-03,
          -2.2873190742661691e-02, 7.8643060245166471e-03,
          -3.4245072370096302e-02, 1.1240156623722715e-02,
          -2.4552754477085874e-02, 7.6454072230623726e-02,
          -7.5745655672927972e-02, 6.4899081995297744e-02,
          3.3272015538819373e-02, 4.6457974106867538e-03,
          3.4579532313888972e-01, -3.4245072370096309e-02,
          1.2823187941401137e+00, -5.9617728923883229e-02,
          -2.9575457919602133e-02, 4.6052468456071584e-03,
          3.2158364022183104e-02, -1.6437513589004330e-03,
          -1.7619865242062702e-02, -1.1726523856269950e-02,
          -5.4390401532526618e-02, 1.1240156623722715e-02,
          -5.9617728923883229e-02, 8.7053588380623284e-02 ]
   - !!opencv-matrix
      rows: 10
      cols: 10
      dt: d
