%YAML:1.0
---
groups:
   - intact
   - CD19
   - blast
intactGmmnames:
   - "intact.Bln052.0"
   - "intact.Bln052.1"
   - "intact.Bln052.2"
   - "intact.Bln052.3"
   - "intact.Bln052.4"
intactLabels:
   - FSC-A
   - SSC-A
   - SY41
   - CD19
   - CD10
   - CD20
   - CD45
   - CD34
   - CD38
   - CD58
intactMu: !!opencv-matrix
   rows: 5
   cols: 10
   dt: d
   data: [ 2.0981448992293448e+00, 1.6923145926646856e+00,
       2.7610363458033471e+00, 9.6522729880833513e-01,
       1.3861226923649368e+00, 1.2437655119739597e+00,
       2.0288194363761103e+00, 1.2939495360244908e+00,
       2.2249670187043380e+00, 2.0544660618325699e+00,
       1.1268371370085990e+00, 4.1474814665401250e-01,
       2.6703488005343541e+00, 7.0777551637774405e-01,
       7.8252153790378054e-01, 9.8822541007848252e-01,
       2.5306732680073880e+00, 1.0008075290582141e+00,
       1.5786028656069910e+00, 2.0544016773475127e+00,
       2.6911548191233612e+00, 3.2226943561648209e+00,
       2.9265176335915348e+00, 9.8082343690678853e-01,
       2.5077382339348318e+00, 1.0937082363180572e+00,
       2.1249145432511591e+00, 1.2308208248187402e+00,
       2.2681793743427350e+00, 2.3085269202952383e+00,
       8.1510759482744100e-01, 3.4242149935902660e-01,
       2.8538716721834474e+00, 6.8751312179022794e-01,
       7.1948868363221463e-01, 9.7902673294298659e-01,
       9.0117974874558704e-01, 1.0869637561342251e+00,
       1.4610820944606682e+00, 2.3674935876819516e+00,
       8.4889714923982595e-01, 3.3730187674294482e-01,
       2.7982838544206539e+00, 7.5607019463475289e-01,
       8.6248782923191503e-01, 9.9359067634174436e-01,
       2.5062421311633769e+00, 1.0117211161837489e+00,
       2.6452954555502388e+00, 1.3531660978964364e+00 ]
intactSigma:
   - !!opencv-matrix
      rows: 10
      cols: 10
      dt: d
      data: [ 1.0056687363259558e+00, 9.3153635179642169e-01,
          4.8416204948385548e-02, 9.7287473887691447e-02,
          2.2364840295220770e-01, 1.7152158111228919e-02,
          8.6099614551304257e-02, 1.2309681319564784e-01,
          2.5774549822439430e-01, 2.3102758852881930e-01,
          9.3153635179642169e-01, 1.4299325715990543e+00,
          5.4254697907646712e-02, 1.3494491971139000e-01,
          4.6806419053948761e-01, 8.8065219798436501e-03,
          1.1738234740819946e-01, 1.2436716213035090e-01,
          3.1067908564958613e-01, 1.9081154061062242e-01,
          4.8416204948385548e-02, 5.4254697907646712e-02,
          1.4521959569647289e-01, 1.4195682550638479e-02,
          6.2009936069060190e-02, -2.2187139755452856e-05,
          1.4109525606134297e-02, 8.1179310814440235e-03,
          4.9585615401865679e-02, 2.7070235061178526e-02,
          9.7287473887691447e-02, 1.3494491971139003e-01,
          1.4195682550638479e-02, 2.1461563403858444e-01,
          1.1026134476677617e-01, 9.7792806599621723e-02,
          6.2376734353509593e-02, 7.3627000461278916e-02,
          8.7804222551785271e-02, 5.6578948895733200e-02,
          2.2364840295220770e-01, 4.6806419053948761e-01,
          6.2009936069060190e-02, 1.1026134476677617e-01,
          5.6442253511030949e-01, 9.3989438421482555e-03,
          8.5266550480964778e-02, 3.7794507875255651e-02,
          9.3575449908874769e-03, -1.3842442187367240e-02,
          1.7152158111228923e-02, 8.8065219798436501e-03,
          -2.2187139755453100e-05, 9.7792806599621723e-02,
          9.3989438421482521e-03, 1.7476802274693756e-01,
          8.2518369686030754e-02, 5.1793519356229632e-02,
          3.5125139855918142e-02, 4.1917400113419524e-02,
          8.6099614551304257e-02, 1.1738234740819949e-01,
          1.4109525606134297e-02, 6.2376734353509593e-02,
          8.5266550480964778e-02, 8.2518369686030768e-02,
          3.6932790487391964e-01, 2.8054543860142514e-02,
          1.9634456317993162e-01, 1.2014448234726197e-01,
          1.2309681319564782e-01, 1.2436716213035090e-01,
          8.1179310814440252e-03, 7.3627000461278902e-02,
          3.7794507875255651e-02, 5.1793519356229632e-02,
          2.8054543860142517e-02, 1.4336062152394496e-01,
          1.0230469991281017e-01, 9.9867463974356127e-02,
          2.5774549822439430e-01, 3.1067908564958602e-01,
          4.9585615401865679e-02, 8.7804222551785271e-02,
          9.3575449908874717e-03, 3.5125139855918142e-02,
          1.9634456317993162e-01, 1.0230469991281017e-01,
          6.3096288543125112e-01, 2.1875204055836311e-01,
          2.3102758852881930e-01, 1.9081154061062242e-01,
          2.7070235061178526e-02, 5.6578948895733200e-02,
          -1.3842442187367241e-02, 4.1917400113419524e-02,
          1.2014448234726197e-01, 9.9867463974356127e-02,
          2.1875204055836314e-01, 2.6594217150752503e-01 ]
   - !!opencv-matrix
      rows: 10
      cols: 10
      dt: d
      data: [ 1.2793077215716081e-01, 3.5145340695546781e-03,
          -2.2627963047694995e-02, -1.3545322631076996e-03,
          5.1643904999983045e-03, -1.4706509247815547e-03,
          1.8246273018522097e-02, -7.8858142345088599e-03,
          1.8846336019433828e-02, -9.3286686493746652e-03,
          3.5145340695546790e-03, 9.5932078434209644e-03,
          -4.1711633568322030e-03, 2.6200037125699593e-04,
          -1.5535809742721494e-03, -5.4408287950316820e-04,
          7.2492143895258928e-03, -2.0618222038884065e-04,
          1.3677965010461151e-02, 1.2114031018014082e-02,
          -2.2627963047694995e-02, -4.1711633568322038e-03,
          5.8102265149581077e-02, 5.4599085324863539e-03,
          3.0841906539259369e-03, 2.0405405206102723e-03,
          -4.0521525363927868e-03, 6.7078346190204401e-03,
          -1.2637528074311613e-02, -4.3244470799577986e-03,
          -1.3545322631076985e-03, 2.6200037125699593e-04,
          5.4599085324863513e-03, 4.6542695121899867e-02,
          9.6701022628666641e-04, -7.9155861510460027e-05,
          7.2170021928709784e-04, -1.2056209917770877e-03,
          -7.7769405975748195e-04, -1.2990345284521741e-03,
          5.1643904999983028e-03, -1.5535809742721497e-03,
          3.0841906539259374e-03, 9.6701022628666641e-04,
          2.2605946404215881e-02, 7.8644181533676363e-04,
          1.4837783284246007e-03, -1.0521116661624487e-03,
          -5.4080115820186918e-03, -1.9449904514369121e-02,
          -1.4706509247815538e-03, -5.4408287950316798e-04,
          2.0405405206102723e-03, -7.9155861510460054e-05,
          7.8644181533676341e-04, 7.6185082851763751e-03,
          4.0247912257785809e-04, 1.4972810437132846e-04,
          -9.2870538729822750e-03, -2.0286249692642402e-03,
          1.8246273018522097e-02, 7.2492143895258919e-03,
          -4.0521525363927859e-03, 7.2170021928709763e-04,
          1.4837783284246020e-03, 4.0247912257785809e-04,
          2.5842993922768991e-02, -1.4787600927173657e-03,
          3.8382778833832752e-02, 8.2865497115513671e-03,
          -7.8858142345088617e-03, -2.0618222038884054e-04,
          6.7078346190204410e-03, -1.2056209917770879e-03,
          -1.0521116661624484e-03, 1.4972810437132846e-04,
          -1.4787600927173652e-03, 5.4400681976742487e-03,
          -1.0835834949286360e-03, 3.8928898147739320e-03,
          1.8846336019433821e-02, 1.3677965010461151e-02,
          -1.2637528074311608e-02, -7.7769405975748281e-04,
          -5.4080115820186918e-03, -9.2870538729822750e-03,
          3.8382778833832745e-02, -1.0835834949286364e-03,
          3.8620021769413476e-01, 2.7665336807523297e-02,
          -9.3286686493746652e-03, 1.2114031018014086e-02,
          -4.3244470799577977e-03, -1.2990345284521739e-03,
          -1.9449904514369121e-02, -2.0286249692642402e-03,
          8.2865497115513671e-03, 3.8928898147739342e-03,
          2.7665336807523304e-02, 8.0337445566285165e-02 ]
   - !!opencv-matrix
      rows: 10
      cols: 10
      dt: d
