%YAML:1.0
---
groups:
   - intact
   - CD19
   - blast
intactGmmnames:
   - "intact.Bln013.0"
   - "intact.Bln013.1"
   - "intact.Bln013.2"
   - "intact.Bln013.3"
   - "intact.Bln013.4"
intactLabels:
   - FSC-A
   - SSC-A
   - SY41
   - CD19
   - CD10
   - CD20
   - CD45
   - CD34
   - CD38
   - CD58
intactMu: !!opencv-matrix
   rows: 5
   cols: 10
   dt: d
   data: [ 9.8503558150806436e-01, 3.3058682822764940e-01,
       2.2030994610316679e+00, 5.9814683030673765e-01,
       8.1559396364778203e-01, 6.2031507555280796e-01,
       2.5329992773236669e+00, 7.2943010284689780e-01,
       1.8884220336023378e+00, 1.0576396241219415e+00,
       2.6740978764890042e+00, 2.8566614882663890e+00,
       2.2947137009477756e+00, 8.6953517370991751e-01,
       2.4040450861502163e+00, 8.8153452640019836e-01,
       2.2642210567542946e+00, 9.2843513678863154e-01,
       2.0594003865801649e+00, 1.7934147778054352e+00,
       2.5215104613395534e+00, 2.4384174111025914e+00,
       2.2226218654834469e+00, 7.6450515126254603e-01,
       1.8825818164209980e+00, 8.4116244900486725e-01,
       2.0648690381919996e+00, 9.2972076381741509e-01,
       1.9320449068311913e+00, 1.5453142498170922e+00,
       1.6825886699611468e+00, 8.1054506262953929e-01,
       2.2693383412529631e+00, 7.5279946506660356e-01,
       9.6312192956137455e-01, 8.9558242089112250e-01,
       2.5573571743829331e+00, 9.1658633250940214e-01,
       2.1252963660828450e+00, 1.4928561954290918e+00,
       1.4608049689166451e+00, 7.3235981043186915e-01,
       2.1559801917937063e+00, 6.8273001304321068e-01,
       7.6782319702291790e-01, 7.9483152361502241e-01,
       1.1088014574048444e+00, 1.0399773586959218e+00,
       1.3368139212819308e+00, 1.8234954137756891e+00 ]
intactSigma:
   - !!opencv-matrix
      rows: 10
      cols: 10
      dt: d
      data: [ 4.9627158017013583e-02, 3.0892760425095911e-03,
          -1.0264221386324358e-02, -5.5596806470577492e-04,
          -2.2036045401698648e-04, -1.3794990467695873e-03,
          2.4439981670263482e-03, -3.8496342932110741e-03,
          -9.9075760758515138e-03, 5.0422060380144705e-03,
          3.0892760425095911e-03, 4.6198872072576169e-03,
          3.1123028016754098e-04, 2.6229608478852383e-04,
          4.7811505395738802e-04, 5.4230761430295444e-04,
          2.9542896438545319e-03, 6.0857645041080489e-04,
          -7.8915259658382721e-03, 6.7126506781402216e-03,
          -1.0264221386324358e-02, 3.1123028016754093e-04,
          1.2419166694131688e-02, 6.4445606271621770e-04,
          6.8972586512911480e-04, 1.2864591188829334e-03,
          1.6077246839185230e-03, 2.6254098874987208e-03,
          -3.0735671420731287e-04, 1.7230987875954005e-03,
          -5.5596806470577514e-04, 2.6229608478852399e-04,
          6.4445606271621770e-04, 4.9443267207650568e-03,
          8.4518096398066266e-05, -9.2522220516454448e-06,
          3.3835996413515625e-04, -1.7710132783431965e-04,
          -3.4103957049332279e-04, 3.4699568335809104e-04,
          -2.2036045401698632e-04, 4.7811505395738791e-04,
          6.8972586512911480e-04, 8.4518096398066348e-05,
          2.9333615300148868e-03, 1.9744390071625866e-04,
          1.2059568043411046e-03, 1.6869326270480971e-04,
          -4.9400328358934203e-04, -1.3897711363346336e-03,
          -1.3794990467695873e-03, 5.4230761430295433e-04,
          1.2864591188829334e-03, -9.2522220516454363e-06,
          1.9744390071625874e-04, 5.6142360336989784e-03,
          6.2849888691268578e-04, 5.7229983848431103e-04,
          -1.6034196284129287e-03, 9.8090774774131097e-04,
          2.4439981670263487e-03, 2.9542896438545319e-03,
          1.6077246839185230e-03, 3.3835996413515625e-04,
          1.2059568043411046e-03, 6.2849888691268588e-04,
          7.5382182364734833e-03, 7.5857140878949215e-04,
          -4.3620977364429705e-03, 4.1171616682077984e-03,
          -3.8496342932110741e-03, 6.0857645041080489e-04,
          2.6254098874987208e-03, -1.7710132783431962e-04,
          1.6869326270480971e-04, 5.7229983848431124e-04,
          7.5857140878949215e-04, 2.7090186986437788e-03,
          3.8982750583524997e-04, 1.6881054190841863e-03,
          -9.9075760758515104e-03, -7.8915259658382721e-03,
          -3.0735671420731287e-04, -3.4103957049332246e-04,
          -4.9400328358934192e-04, -1.6034196284129291e-03,
          -4.3620977364429705e-03, 3.8982750583524981e-04,
          1.6300827407641882e-01, -1.8801400309563291e-02,
          5.0422060380144705e-03, 6.7126506781402216e-03,
          1.7230987875954007e-03, 3.4699568335809093e-04,
          -1.3897711363346338e-03, 9.8090774774131097e-04,
          4.1171616682077984e-03, 1.6881054190841867e-03,
          -1.8801400309563298e-02, 4.1383242206473644e-02 ]
   - !!opencv-matrix
      rows: 10
      cols: 10
      dt: d
      data: [ 3.5465889273475149e-01, 2.0030966328229835e-01,
          -3.2634591134105106e-02, 2.3346348357729380e-02,
          4.0245696318886290e-02, 2.7293721275182582e-02,
          4.5657551942119810e-02, 3.0379750609111671e-02,
          1.4564536011862389e-02, 5.8534054124456579e-02,
          2.0030966328229835e-01, 3.4053990765672304e-01,
          -3.0023661166025756e-02, 2.3841888507044381e-02,
          3.6745375288102053e-02, 2.9535941510302262e-02,
          3.3581591628173660e-02, 3.0364817378870049e-02,
          2.4884783633624095e-02, 6.3734113697639316e-02,
          -3.2634591134105106e-02, -3.0023661166025756e-02,
          3.4427607064440112e-02, -7.4219973060467822e-03,
          -2.2761317147080542e-02, -2.4869806268482610e-03,
          -2.5029334745162661e-02, -3.1755936138826656e-03,
          1.4374059771163456e-02, -2.5061517914155944e-02,
          2.3346348357729380e-02, 2.3841888507044381e-02,
          -7.4219973060467804e-03, 3.3449400991484940e-02,
          2.4173460827574982e-02, 1.2510360248782043e-02,
          1.8852573765956761e-02, 9.1314555758480794e-03,
          7.2273833479081845e-03, 1.9929899461852193e-02,
          4.0245696318886290e-02, 3.6745375288102046e-02,
          -2.2761317147080538e-02, 2.4173460827574982e-02,
          8.6638209162080301e-02, 1.0468033565908391e-02,
          4.2676293751278585e-02, 9.4312186132358908e-03,
          -2.5277367185988536e-03, 3.0884951149670221e-02,
          2.7293721275182575e-02, 2.9535941510302262e-02,
          -2.4869806268482610e-03, 1.2510360248782043e-02,
          1.0468033565908391e-02, 2.1260022739667778e-02,
          1.1532177214078369e-02, 1.0967167854235719e-02,
          9.1060821905118647e-03, 1.5093122938712624e-02,
          4.5657551942119810e-02, 3.3581591628173660e-02,
          -2.5029334745162654e-02, 1.8852573765956761e-02,
          4.2676293751278592e-02, 1.1532177214078369e-02,
          4.8330641912326493e-02, 1.3250878155101443e-02,
          -3.8943268407634879e-03, 3.3259725642517175e-02,
          3.0379750609111671e-02, 3.0364817378870045e-02,
          -3.1755936138826647e-03, 9.1314555758480794e-03,
          9.4312186132358908e-03, 1.0967167854235717e-02,
          1.3250878155101439e-02, 1.9798728863048197e-02,
          8.1899577144754036e-03, 1.6395618251211622e-02,
          1.4564536011862386e-02, 2.4884783633624095e-02,
          1.4374059771163456e-02, 7.2273833479081836e-03,
          -2.5277367185988545e-03, 9.1060821905118647e-03,
          -3.8943268407634879e-03, 8.1899577144754036e-03,
          3.7487743566032308e-02, 8.2372499238707406e-03,
          5.8534054124456579e-02, 6.3734113697639316e-02,
          -2.5061517914155937e-02, 1.9929899461852193e-02,
          3.0884951149670214e-02, 1.5093122938712625e-02,
          3.3259725642517175e-02, 1.6395618251211622e-02,
          8.2372499238707406e-03, 5.2455231837673692e-02 ]
   - !!opencv-matrix
      rows: 10
      cols: 10
      dt: d
