%YAML:1.0
---
groups:
   - intact
   - CD19
   - blast
intactGmmnames:
   - "intact.Bln082.0"
   - "intact.Bln082.1"
   - "intact.Bln082.2"
   - "intact.Bln082.3"
   - "intact.Bln082.4"
intactLabels:
   - FSC-A
   - SSC-A
   - SY41
   - CD19
   - CD10
   - CD20
   - CD45
   - CD34
   - CD38
   - CD58
intactMu: !!opencv-matrix
   rows: 5
   cols: 10
   dt: d
   data: [ 1.0318876084736812e+00, 2.0508853852981232e-01,
       2.3342338352072951e+00, 7.2518193252669216e-01,
       8.5441712917717960e-01, 9.8406649907275301e-01,
       2.3494682795671129e+00, 9.6950511842139242e-01,
       1.9737871360534063e+00, 1.3525920862906111e+00,
       3.0278984425769409e+00, 2.3768738397725868e+00,
       2.3923171525222608e+00, 1.1470793899395526e+00,
       2.4676356446726091e+00, 1.2409307826073412e+00,
       2.0381838938072945e+00, 1.3120938518024190e+00,
       2.5107562672213843e+00, 2.0980718789919997e+00,
       1.1817486638918180e+00, 3.6695646989266778e-01,
       2.3344975815487503e+00, 7.8643806140360650e-01,
       8.4805481449925979e-01, 1.1606054702315194e+00,
       2.0828847117477811e+00, 1.0445218552724020e+00,
       2.5504876123597331e+00, 1.8241768433782659e+00,
       1.1947811373238317e+00, 2.7342242206253720e-01,
       2.1819504792747795e+00, 7.0894896003164676e-01,
       8.3534517333558089e-01, 9.7864314900818927e-01,
       2.2721510344492493e+00, 9.6527612997678092e-01,
       1.6622439308556960e+00, 1.6060784006636988e+00,
       2.1825181912210621e+00, 1.2639695606627179e+00,
       2.3331281478980799e+00, 1.2644554006500894e+00,
       1.5135231751322740e+00, 1.5980415323188653e+00,
       1.8933527110020298e+00, 1.5837616734032203e+00,
       2.3492110541015663e+00, 1.9096581633607823e+00 ]
intactSigma:
   - !!opencv-matrix
      rows: 10
      cols: 10
      dt: d
      data: [ 4.4966728003072977e-02, -3.9845801331291503e-04,
          -7.6724943523236713e-03, -4.2958609392892749e-04,
          2.9735224161312471e-04, -9.8727466100832664e-04,
          1.7439766565342770e-03, -3.1383227230413566e-03,
          2.2571989850590202e-03, -8.0124556087635794e-03,
          -3.9845801331291520e-04, 1.4646481913553402e-03,
          4.3014732344872454e-04, 4.7352112642688277e-04,
          3.1717293962248459e-04, 2.5495221236145228e-04,
          1.4064717859865322e-03, 5.9852465542568499e-04,
          -4.6352194078330298e-03, 4.7389865298762095e-03,
          -7.6724943523236704e-03, 4.3014732344872448e-04,
          9.8492474663806687e-03, 7.4439508609651806e-04,
          5.6054874803127572e-04, 7.0816971986269542e-04,
          1.8391874833855984e-03, 2.0745256969498605e-03,
          -2.6132371880379043e-03, 6.3140043820214473e-03,
          -4.2958609392892727e-04, 4.7352112642688282e-04,
          7.4439508609651785e-04, 4.4531554818191370e-02,
          2.3015993597223853e-04, -6.8228658691110809e-04,
          7.0009873461508699e-04, -1.3554190673422039e-03,
          -1.5306118667672078e-03, 1.2760881809694387e-03,
          2.9735224161312482e-04, 3.1717293962248464e-04,
          5.6054874803127561e-04, 2.3015993597223848e-04,
          8.3990873511464517e-03, 1.2920589723574907e-04,
          9.5197663102678377e-04, -2.6551043007243247e-04,
          -3.3711963106527929e-03, -5.9275447742709233e-03,
          -9.8727466100832664e-04, 2.5495221236145234e-04,
          7.0816971986269542e-04, -6.8228658691110776e-04,
          1.2920589723574915e-04, 5.8378309967496347e-03,
          3.4602716089054785e-04, 2.7949265725263068e-04,
          -2.2386885863693675e-03, 1.4539649373664560e-03,
          1.7439766565342765e-03, 1.4064717859865322e-03,
          1.8391874833855980e-03, 7.0009873461508720e-04,
          9.5197663102678377e-04, 3.4602716089054785e-04,
          7.1157319602983115e-03, 8.0105754663661150e-04,
          -7.4587986649065491e-03, 6.6211181088418770e-03,
          -3.1383227230413566e-03, 5.9852465542568499e-04,
          2.0745256969498600e-03, -1.3554190673422039e-03,
          -2.6551043007243247e-04, 2.7949265725263079e-04,
          8.0105754663661150e-04, 3.7280108426040472e-03,
          -1.8817993518835928e-03, 5.1216840018418735e-03,
          2.2571989850590202e-03, -4.6352194078330281e-03,
          -2.6132371880379043e-03, -1.5306118667672063e-03,
          -3.3711963106527929e-03, -2.2386885863693680e-03,
          -7.4587986649065482e-03, -1.8817993518835928e-03,
          2.1247687782211777e-01, -8.8875239663919314e-03,
          -8.0124556087635811e-03, 4.7389865298762086e-03,
          6.3140043820214481e-03, 1.2760881809694381e-03,
          -5.9275447742709233e-03, 1.4539649373664560e-03,
          6.6211181088418770e-03, 5.1216840018418744e-03,
          -8.8875239663919279e-03, 9.4200714765168628e-02 ]
   - !!opencv-matrix
      rows: 10
      cols: 10
      dt: d
      data: [ 4.5778326311268674e-01, 3.0960714834372927e-01,
          -2.9106566696552739e-02, 3.7296047802698198e-02,
          2.3189072237538664e-02, 2.7067390107399964e-02,
          3.3230455535986914e-02, 4.2172149402898824e-02,
          6.7401348973535766e-02, 6.0277908138778133e-02,
          3.0960714834372927e-01, 5.0973043753789971e-01,
          -3.6653161099160218e-02, 6.2576008426565827e-02,
          5.4700323356790675e-02, 4.8431556583795603e-02,
          4.8915076332373741e-02, 6.5921910080608381e-02,
          1.2361004507484999e-01, 1.1018133535123231e-01,
          -2.9106566696552739e-02, -3.6653161099160218e-02,
          5.3927889601959628e-02, 5.5451514785058633e-03,
          -4.1205154343372692e-03, 1.4599234678477556e-02,
          4.9520202463182060e-03, 1.6730107869587826e-02,
          -4.7577155367625181e-03, -1.3674780763900187e-02,
          3.7296047802698191e-02, 6.2576008426565827e-02,
          5.5451514785058624e-03, 1.0874030586980168e-01,
          3.4543243165358763e-02, 2.2046261795109105e-02,
          2.1766004752603232e-02, 1.8264459965897078e-02,
          3.4478740706297653e-02, 2.7754313133212378e-02,
          2.3189072237538664e-02, 5.4700323356790675e-02,
          -4.1205154343372657e-03, 3.4543243165358763e-02,
          1.0707329987228496e-01, 9.7310837606064734e-03,
          3.2130151768778266e-02, 8.7186768877699477e-03,
          2.9763715131491994e-02, 2.9265707350228126e-02,
          2.7067390107399964e-02, 4.8431556583795603e-02,
          1.4599234678477556e-02, 2.2046261795109105e-02,
          9.7310837606064734e-03, 4.0401017967070831e-02,
          1.2881681427499896e-02, 2.7939472641971261e-02,
          2.5507265812717301e-02, 1.5884811181701583e-02,
          3.3230455535986914e-02, 4.8915076332373734e-02,
          4.9520202463182068e-03, 2.1766004752603232e-02,
          3.2130151768778252e-02, 1.2881681427499896e-02,
          4.8447965343501910e-02, 2.0510637574198569e-02,
          3.3322140219655155e-02, 2.8061193470444140e-02,
          4.2172149402898818e-02, 6.5921910080608381e-02,
          1.6730107869587826e-02, 1.8264459965897074e-02,
          8.7186768877699512e-03, 2.7939472641971257e-02,
          2.0510637574198569e-02, 5.5802903368302029e-02,
          3.0449459997997742e-02, 2.1785574398293414e-02,
          6.7401348973535780e-02, 1.2361004507484999e-01,
          -4.7577155367625181e-03, 3.4478740706297653e-02,
          2.9763715131491997e-02, 2.5507265812717301e-02,
          3.3322140219655169e-02, 3.0449459997997742e-02,
          8.7922251729313047e-02, 5.9890302869419362e-02,
          6.0277908138778133e-02, 1.1018133535123231e-01,
          -1.3674780763900184e-02, 2.7754313133212378e-02,
          2.9265707350228119e-02, 1.5884811181701583e-02,
          2.8061193470444140e-02, 2.1785574398293421e-02,
          5.9890302869419362e-02, 6.7715319534477569e-02 ]
   - !!opencv-matrix
      rows: 10
      cols: 10
      dt: d
