%YAML:1.0
---
groups:
   - intact
   - CD19
   - blast
intactGmmnames:
   - "intact.Bln049.0"
   - "intact.Bln049.1"
   - "intact.Bln049.2"
   - "intact.Bln049.3"
   - "intact.Bln049.4"
intactLabels:
   - FSC-A
   - SSC-A
   - SY41
   - CD19
   - CD10
   - CD20
   - CD45
   - CD34
   - CD38
   - CD58
intactMu: !!opencv-matrix
   rows: 5
   cols: 10
   dt: d
   data: [ 1.2555963519392326e+00, 6.6628000360771711e-01,
       2.3204413862700597e+00, 9.9107991237847726e-01,
       8.9788210104409028e-01, 1.1695303744950134e+00,
       2.5899477778025468e+00, 8.6536162510411441e-01,
       3.3731242072861765e+00, 1.9400483451441963e+00,
       1.0063977514082567e+00, 3.7030153204489052e-01,
       2.3327684986549531e+00, 7.8541135448734001e-01,
       9.3353016571438285e-01, 9.8966629030705844e-01,
       2.6141423657160607e+00, 1.0145851991326020e+00,
       2.4612960287068320e+00, 1.0493749749008934e+00,
       2.7643173241834402e+00, 1.9673788168323867e+00,
       2.4915718272529914e+00, 1.1067490989348894e+00,
       1.4872012724371677e+00, 1.2456059881631094e+00,
       2.3050001845434553e+00, 1.2866652559357299e+00,
       2.5273923116942316e+00, 2.2342820990417342e+00,
       1.0219825904244726e+00, 4.6694766727190334e-01,
       2.5637962897011368e+00, 7.6550826950786111e-01,
       9.5744793895163116e-01, 1.0806954982635346e+00,
       8.6823876684794288e-01, 1.0619906437784397e+00,
       1.1124530306252844e+00, 1.3067480866582741e+00,
       1.0087325796357773e+00, 4.5809558034502568e-01,
       2.3245695482119766e+00, 8.0157106948499446e-01,
       9.3841633031959870e-01, 9.9565839579700777e-01,
       2.6306892662103056e+00, 1.0603187742722797e+00,
       2.2248968699150113e+00, 1.5668197625595288e+00 ]
intactSigma:
   - !!opencv-matrix
      rows: 10
      cols: 10
      dt: d
      data: [ 1.1863618394965571e-01, 4.3503385344825007e-02,
          1.9332601675841089e-02, 1.7958009829374899e-02,
          -8.2414408170959890e-04, -1.3664885878653209e-02,
          5.1396765291453748e-04, -2.7378940444871807e-02,
          8.6645187148048489e-02, 5.6281009381152033e-02,
          4.3503385344825007e-02, 5.7009689700879281e-02,
          2.5052444671977227e-02, 2.3706194709965482e-02,
          -1.6449403763339116e-03, -5.9214925404718179e-03,
          9.8306519783522700e-03, -2.6240875847825119e-02,
          1.0601562796491150e-01, 7.6297055391360349e-02,
          1.9332601675841089e-02, 2.5052444671977231e-02,
          6.4403622473301003e-02, 1.4570704023371994e-02,
          3.8490611138844557e-03, 8.9340775971053360e-03,
          1.1139008726904648e-02, 1.9205727547460369e-03,
          2.0923345484842655e-02, 2.4218463271971805e-02,
          1.7958009829374896e-02, 2.3706194709965479e-02,
          1.4570704023371994e-02, 8.5551675426183055e-02,
          -2.0534261148531701e-03, 1.6490884667191025e-02,
          4.6312714513373245e-03, -3.1628116222335460e-02,
          8.8367456506446354e-02, 3.5568907958012368e-02,
          -8.2414408170959782e-04, -1.6449403763339112e-03,
          3.8490611138844539e-03, -2.0534261148531709e-03,
          1.9364898328161826e-02, 5.2321301398875223e-03,
          9.3452323536946866e-03, 9.4209547597351867e-03,
          -2.8605371287773306e-02, -1.6467477633897117e-02,
          -1.3664885878653206e-02, -5.9214925404718162e-03,
          8.9340775971053325e-03, 1.6490884667191025e-02,
          5.2321301398875197e-03, 1.0112278657921114e-01,
          9.8893140019734871e-03, 4.4078529624143013e-03,
          -3.6585661532585655e-02, -2.5140517979840876e-02,
          5.1396765291453791e-04, 9.8306519783522717e-03,
          1.1139008726904650e-02, 4.6312714513373245e-03,
          9.3452323536946866e-03, 9.8893140019734854e-03,
          4.3214118352930084e-02, 9.3650042348232317e-03,
          -7.8049073696537415e-03, 7.2546084137304467e-03,
          -2.7378940444871807e-02, -2.6240875847825119e-02,
          1.9205727547460364e-03, -3.1628116222335460e-02,
          9.4209547597351884e-03, 4.4078529624143022e-03,
          9.3650042348232335e-03, 6.1573276600758342e-02,
          -1.5210749465509682e-01, -5.8821599323613444e-02,
          8.6645187148048503e-02, 1.0601562796491151e-01,
          2.0923345484842669e-02, 8.8367456506446354e-02,
          -2.8605371287773306e-02, -3.6585661532585668e-02,
          -7.8049073696537441e-03, -1.5210749465509682e-01,
          6.2745385826233990e-01, 2.6146329915908589e-01,
          5.6281009381152033e-02, 7.6297055391360349e-02,
          2.4218463271971809e-02, 3.5568907958012368e-02,
          -1.6467477633897117e-02, -2.5140517979840876e-02,
          7.2546084137304493e-03, -5.8821599323613444e-02,
          2.6146329915908589e-01, 2.2286705812521004e-01 ]
   - !!opencv-matrix
      rows: 10
      cols: 10
      dt: d
      data: [ 4.5951417425979094e-02, 3.9116548272622731e-03,
          -1.5804764572225072e-02, -3.9165432726323470e-04,
          9.1272075949752802e-04, -1.4177305763565433e-03,
          3.7321087003215894e-03, -5.2537379152397638e-03,
          -1.0917221499199099e-03, 1.4402443268521389e-03,
          3.9116548272622740e-03, 4.8987806117574547e-03,
          -7.1839683713131809e-04, 9.7258739726493397e-04,
          1.1216375156601456e-03, 2.8304494845309838e-04,
          2.6839101716286192e-03, 6.3889293845030787e-04,
          -5.1878181977050549e-03, 3.7668347106440039e-03,
          -1.5804764572225072e-02, -7.1839683713131809e-04,
          4.9286988574294789e-02, 4.7153058877411717e-03,
          1.0364281268676310e-03, 2.6409503366553459e-03,
          -1.3191890047239230e-03, 7.8105256705611938e-03,
          -1.2402423363756408e-03, 3.4686189709321603e-03,
          -3.9165432726323503e-04, 9.7258739726493440e-04,
          4.7153058877411709e-03, 5.4802310932193558e-02,
          2.4229714467424187e-04, -3.4157066040878172e-04,
          7.7251111640292617e-04, -1.5854801424608580e-03,
          4.6582560609151417e-04, 1.7609383105426449e-03,
          9.1272075949752802e-04, 1.1216375156601456e-03,
          1.0364281268676310e-03, 2.4229714467424168e-04,
          6.3125412454434794e-03, 2.3936461851090357e-04,
          1.7106245142174366e-03, 4.5674304121405752e-04,
          -2.6220275000568114e-03, 7.1733982879011726e-04,
          -1.4177305763565442e-03, 2.8304494845309832e-04,
          2.6409503366553468e-03, -3.4157066040878216e-04,
          2.3936461851090349e-04, 9.3980546301750886e-03,
          1.3892041517055096e-04, 7.9792683106162947e-04,
          -2.4923198705988476e-03, 7.7409738655231399e-04,
          3.7321087003215894e-03, 2.6839101716286196e-03,
          -1.3191890047239226e-03, 7.7251111640292585e-04,
          1.7106245142174366e-03, 1.3892041517055102e-04,
          7.8609430651857826e-03, 2.2907819031768375e-04,
          -5.2570667439135335e-03, 1.7146964495959685e-03,
          -5.2537379152397638e-03, 6.3889293845030787e-04,
          7.8105256705611947e-03, -1.5854801424608587e-03,
          4.5674304121405741e-04, 7.9792683106162925e-04,
          2.2907819031768380e-04, 6.8324648929303294e-03,
          -6.3012584949154390e-03, 1.9063039841635634e-03,
          -1.0917221499199099e-03, -5.1878181977050549e-03,
          -1.2402423363756395e-03, 4.6582560609151428e-04,
          -2.6220275000568114e-03, -2.4923198705988489e-03,
          -5.2570667439135335e-03, -6.3012584949154399e-03,
          1.2731693105812938e-01, -9.7242834950207347e-03,
          1.4402443268521394e-03, 3.7668347106440034e-03,
          3.4686189709321608e-03, 1.7609383105426462e-03,
          7.1733982879011726e-04, 7.7409738655231431e-04,
          1.7146964495959685e-03, 1.9063039841635632e-03,
          -9.7242834950207347e-03, 1.4437798386184550e-02 ]
   - !!opencv-matrix
      rows: 10
      cols: 10
      dt: d
