%YAML:1.0
---
groups:
   - intact
   - CD19
   - blast
intactGmmnames:
   - "intact.Bln038.0"
   - "intact.Bln038.1"
   - "intact.Bln038.2"
   - "intact.Bln038.3"
   - "intact.Bln038.4"
intactLabels:
   - FSC-A
   - SSC-A
   - SY41
   - CD19
   - CD10
   - CD20
   - CD45
   - CD34
   - CD38
   - CD58
intactMu: !!opencv-matrix
   rows: 5
   cols: 10
   dt: d
   data: [ 1.1962721805992347e+00, 4.5268102449714986e-01,
       2.6943528248790467e+00, 7.8516367272987408e-01,
       8.2635700879348417e-01, 9.6916910984818372e-01,
       2.8460340605241106e+00, 8.8556729129151746e-01,
       2.0398735870833518e+00, 2.0617314594631457e+00,
       1.0551372450345595e+00, 3.0246746403278008e-01,
       2.5363379926644005e+00, 7.7618202917257695e-01,
       8.9042371062897363e-01, 9.6952737832178371e-01,
       2.6535172302707517e+00, 8.3424504837537927e-01,
       1.7118070266685339e+00, 1.3007065109159910e+00,
       1.6710155850872206e+00, 8.4430749443325470e-01,
       2.8084193012720444e+00, 9.7227551389486944e-01,
       1.0425738623349461e+00, 1.0892941853627642e+00,
       2.1696847140246782e+00, 1.1375548677890048e+00,
       2.3360478647974294e+00, 1.8768084576512094e+00,
       1.1702401632559514e+00, 3.8125034906961119e-01,
       2.6646634105053693e+00, 8.4267867228454607e-01,
       1.0661123371430274e+00, 1.4305119891384737e+00,
       2.7826205598851206e+00, 8.6675842330009745e-01,
       1.4823613560295144e+00, 1.6738922441347652e+00,
       9.6031793746188376e-01, 2.6963507274667348e-01,
       2.7566975881635725e+00, 8.1676008642315534e-01,
       9.1062883266700689e-01, 9.6091321131136453e-01,
       2.7276086199261043e+00, 8.9731853034737463e-01,
       2.6087065721985181e+00, 1.1942654729201678e+00 ]
intactSigma:
   - !!opencv-matrix
      rows: 10
      cols: 10
      dt: d
      data: [ 5.7967769062000289e-02, 7.4641057056934667e-03,
          -1.7765667396145322e-03, 1.0887517556889073e-03,
          4.9987940523959834e-03, -2.4386384353246356e-03,
          6.2477536019557448e-03, -9.3127536012826157e-03,
          2.8832088230407053e-02, -1.1174550530555796e-02,
          7.4641057056934659e-03, 1.1610358695176582e-02,
          2.0328038621858046e-03, 1.1221826223326784e-03,
          1.3505041249441553e-03, -1.7447435403580716e-03,
          6.0405693542550203e-03, -2.3461513338260531e-03,
          2.8115897566749579e-02, 4.6298750118773510e-03,
          -1.7765667396145324e-03, 2.0328038621858046e-03,
          2.3826911886260609e-02, 6.7398321159249793e-04,
          1.7730979537239416e-03, 1.0244908699467694e-03,
          3.0826340122225787e-03, 4.1077008006400826e-03,
          -1.1083736742517294e-02, 3.1395958844826930e-03,
          1.0887517556889075e-03, 1.1221826223326782e-03,
          6.7398321159249750e-04, 5.3298796066001290e-02,
          1.3697707547711546e-03, -1.6004857404862541e-03,
          5.4951095063344221e-04, -4.7785614300368444e-03,
          9.3825264314556546e-03, -2.1913930338811477e-03,
          4.9987940523959834e-03, 1.3505041249441550e-03,
          1.7730979537239418e-03, 1.3697707547711553e-03,
          2.2003619549551785e-02, 1.6944991285675057e-04,
          2.2657533342377938e-03, -3.3836248778496311e-03,
          -1.7504560172088281e-04, -1.6042117961072303e-02,
          -2.4386384353246361e-03, -1.7447435403580710e-03,
          1.0244908699467694e-03, -1.6004857404862541e-03,
          1.6944991285675057e-04, 1.1400282522345644e-02,
          -7.9600832589131042e-04, 2.4447542482204155e-03,
          -2.9997816334630036e-02, -1.7412507915733983e-04,
          6.2477536019557448e-03, 6.0405693542550203e-03,
          3.0826340122225787e-03, 5.4951095063344242e-04,
          2.2657533342377943e-03, -7.9600832589131010e-04,
          1.0088075956582660e-02, -8.6878737210890401e-04,
          2.3628629131413371e-02, 4.0285702641363512e-03,
          -9.3127536012826157e-03, -2.3461513338260531e-03,
          4.1077008006400826e-03, -4.7785614300368444e-03,
          -3.3836248778496311e-03, 2.4447542482204159e-03,
          -8.6878737210890401e-04, 2.2203998086025280e-02,
          -2.6766650499749418e-02, 1.0223302630831628e-02,
          2.8832088230407053e-02, 2.8115897566749579e-02,
          -1.1083736742517296e-02, 9.3825264314556511e-03,
          -1.7504560172088322e-04, -2.9997816334630042e-02,
          2.3628629131413375e-02, -2.6766650499749415e-02,
          5.8697302161288822e-01, 6.2329506238054692e-03,
          -1.1174550530555796e-02, 4.6298750118773510e-03,
          3.1395958844826930e-03, -2.1913930338811490e-03,
          -1.6042117961072303e-02, -1.7412507915733985e-04,
          4.0285702641363512e-03, 1.0223302630831628e-02,
          6.2329506238054666e-03, 6.3988157352621866e-02 ]
   - !!opencv-matrix
      rows: 10
      cols: 10
      dt: d
      data: [ 5.9004918698425196e-02, 6.1719404946378436e-03,
          -8.5459839079564080e-03, -1.1720228411286496e-04,
          1.7833028439830847e-03, 1.9868469547035738e-04,
          1.0694638252579578e-02, -5.5198026556423285e-03,
          -3.5101528969790956e-02, 1.1258619222944223e-02,
          6.1719404946378436e-03, 5.1157175328728896e-03,
          -6.5906903308693710e-07, 1.1603463491948413e-04,
          3.7805742459554953e-04, 3.3931994272097738e-04,
          4.2816822451616802e-03, 4.3156795275817576e-05,
          -1.4245517252878499e-02, 1.1351270127631763e-02,
          -8.5459839079564080e-03, -6.5906903308688491e-07,
          5.7608595936665327e-02, 3.4214723386871882e-03,
          5.2260266388599649e-03, 1.8570600344095588e-03,
          2.0883106617568072e-02, 1.0882901544203941e-02,
          -3.8030675078916526e-02, 1.1427601869874213e-02,
          -1.1720228411286496e-04, 1.1603463491948398e-04,
          3.4214723386871877e-03, 4.7557405006226842e-02,
          3.5740517665230936e-04, -9.3613691709645255e-04,
          1.7645343238987547e-03, -2.2027651302389583e-03,
          -1.2137448884245946e-03, -3.8215588523993873e-06,
          1.7833028439830853e-03, 3.7805742459554942e-04,
          5.2260266388599649e-03, 3.5740517665230946e-04,
          1.0216024343085914e-02, 2.2649105320555793e-04,
          4.1731621997882443e-03, 3.1586230327545106e-04,
          -6.4040030492783012e-03, -8.3295423634220829e-03,
          1.9868469547035722e-04, 3.3931994272097733e-04,
          1.8570600344095583e-03, -9.3613691709645212e-04,
          2.2649105320555793e-04, 4.7170657582825378e-03,
          7.0136762737397639e-04, 5.6794140475334713e-04,
          -1.1568324394467909e-02, 1.1632676203551691e-03,
          1.0694638252579575e-02, 4.2816822451616793e-03,
          2.0883106617568072e-02, 1.7645343238987541e-03,
          4.1731621997882443e-03, 7.0136762737397650e-04,
          2.2609840186212531e-02, 3.5348145196071970e-03,
          -2.5167511709335167e-02, 1.4803871073671954e-02,
          -5.5198026556423285e-03, 4.3156795275817522e-05,
          1.0882901544203941e-02, -2.2027651302389583e-03,
          3.1586230327545096e-04, 5.6794140475334713e-04,
          3.5348145196071970e-03, 1.4683701095780842e-02,
          -9.8819892008657727e-03, 6.0181711578971737e-03,
          -3.5101528969790956e-02, -1.4245517252878499e-02,
          -3.8030675078916526e-02, -1.2137448884245933e-03,
          -6.4040030492783003e-03, -1.1568324394467909e-02,
          -2.5167511709335157e-02, -9.8819892008657727e-03,
          4.1581452280478520e-01, -6.6719244289023094e-02,
          1.1258619222944221e-02, 1.1351270127631763e-02,
          1.1427601869874219e-02, -3.8215588523997904e-06,
          -8.3295423634220829e-03, 1.1632676203551695e-03,
          1.4803871073671952e-02, 6.0181711578971737e-03,
          -6.6719244289023094e-02, 1.2822534943930725e-01 ]
   - !!opencv-matrix
      rows: 10
      cols: 10
      dt: d
