%YAML:1.0
---
groups:
   - intact
   - CD19
   - blast
intactGmmnames:
   - "intact.Bln023.0"
   - "intact.Bln023.1"
   - "intact.Bln023.2"
   - "intact.Bln023.3"
   - "intact.Bln023.4"
intactLabels:
   - FSC-A
   - SSC-A
   - SY41
   - CD19
   - CD10
   - CD20
   - CD45
   - CD34
   - CD38
   - CD58
intactMu: !!opencv-matrix
   rows: 5
   cols: 10
   dt: d
   data: [ 1.0065513011470339e+00, 2.7395665802055469e-01,
       2.7783916231172716e+00, 5.9986410202733498e-01,
       7.9209989414365456e-01, 8.8578724686381149e-01,
       2.2041420093818593e+00, 6.7071503507450458e-01,
       1.8323972121788556e+00, 8.6609345740323918e-01,
       2.6975701128471146e+00, 3.5011018499218935e+00,
       2.9008107725573171e+00, 6.5799414834080816e-01,
       1.6852369526742459e+00, 9.0993839538592580e-01,
       1.8289429861161419e+00, 7.5770601734438436e-01,
       1.7823491400644522e+00, 1.8165506172680033e+00,
       1.1329133407688350e+00, 4.5892671591367118e-01,
       2.7002548017810892e+00, 5.9639890958994546e-01,
       7.7634121954119450e-01, 8.8363667323411244e-01,
       2.2333122839225621e+00, 6.6813013394878995e-01,
       1.8792286251147186e+00, 1.2615110933531224e+00,
       2.0209490750350705e+00, 1.3502197669981106e+00,
       2.8243871335923343e+00, 7.7938580293405491e-01,
       1.0254124019913369e+00, 1.0340148379721448e+00,
       2.0793498819900154e+00, 8.0245535876837892e-01,
       2.2011653204645967e+00, 1.5543366966944274e+00,
       7.9572917616337990e-01, 4.8667218489777248e-01,
       2.8435430406230533e+00, 5.8711039334765003e-01,
       7.7759998359723681e-01, 8.8629199817339865e-01,
       8.4895560873750686e-01, 7.3071352742446716e-01,
       1.3394628464568339e+00, 1.9364155262382936e+00 ]
intactSigma:
   - !!opencv-matrix
      rows: 10
      cols: 10
      dt: d
      data: [ 4.0843548094344061e-02, 1.1522552764171305e-03,
          -1.7883298096261466e-02, -9.3773621364891832e-04,
          1.2080743246074108e-04, -7.2449793056768557e-04,
          3.4198332467328739e-03, -2.3139602959380439e-03,
          4.9986401543286327e-03, -1.4311104073122180e-03,
          1.1522552764171308e-03, 3.0440420747088622e-03,
          5.4343198348414746e-04, 2.7487765340815259e-04,
          4.2136903123187076e-04, 1.9952915727792028e-04,
          2.0091085960841212e-03, 3.5042641541079868e-04,
          -6.9577659761433470e-03, 1.3133753103290046e-03,
          -1.7883298096261466e-02, 5.4343198348414735e-04,
          2.3051302377290368e-02, 1.0575954187035822e-03,
          5.2263556039673631e-04, 6.8471612762490840e-04,
          9.5065800438195710e-04, 1.9934822702065047e-03,
          -5.0302706855465005e-03, 1.9948941112907484e-03,
          -9.3773621364891810e-04, 2.7487765340815254e-04,
          1.0575954187035822e-03, 4.8609557984928345e-03,
          2.3000872518690250e-05, 1.8185451036041315e-04,
          2.0813298455546827e-04, -6.8646144600991276e-05,
          -4.3876926365981643e-05, 2.7080459044169795e-04,
          1.2080743246074117e-04, 4.2136903123187082e-04,
          5.2263556039673664e-04, 2.3000872518690239e-05,
          1.1647394056776301e-03, 5.5776989961253905e-05,
          7.3937862889715132e-04, 5.1087936591374369e-05,
          -1.5705360871657212e-03, 4.0591187568261322e-05,
          -7.2449793056768557e-04, 1.9952915727792023e-04,
          6.8471612762490840e-04, 1.8185451036041315e-04,
          5.5776989961253925e-05, 7.1929830309351312e-04,
          1.4105944719909624e-04, 1.2520665775210107e-04,
          -1.8194508182448844e-03, 1.8638531534393980e-04,
          3.4198332467328739e-03, 2.0091085960841212e-03,
          9.5065800438195720e-04, 2.0813298455546827e-04,
          7.3937862889715132e-04, 1.4105944719909616e-04,
          8.2302308249336247e-03, 1.2214095210952690e-04,
          -4.1020478033399416e-03, 1.4036470199866777e-04,
          -2.3139602959380439e-03, 3.5042641541079868e-04,
          1.9934822702065047e-03, -6.8646144600991276e-05,
          5.1087936591374390e-05, 1.2520665775210107e-04,
          1.2214095210952687e-04, 1.1649558850019214e-03,
          -2.7903721978934982e-03, 4.5627247922437364e-04,
          4.9986401543286327e-03, -6.9577659761433461e-03,
          -5.0302706855465040e-03, -4.3876926365981603e-05,
          -1.5705360871657212e-03, -1.8194508182448848e-03,
          -4.1020478033399416e-03, -2.7903721978934986e-03,
          1.9311725385297773e-01, -6.4296615577516909e-03,
          -1.4311104073122180e-03, 1.3133753103290048e-03,
          1.9948941112907484e-03, 2.7080459044169779e-04,
          4.0591187568261329e-05, 1.8638531534393983e-04,
          1.4036470199866775e-04, 4.5627247922437348e-04,
          -6.4296615577516909e-03, 2.6452665327715971e-03 ]
   - !!opencv-matrix
      rows: 10
      cols: 10
      dt: d
      data: [ 2.8310619811092008e-01, 1.3345238928264996e-01,
          1.3298007853803162e-03, -3.6713557158060484e-05,
          -1.7081892981122938e-02, 1.8656674376618075e-03,
          2.1198235604560781e-04, 5.5140449363310154e-03,
          1.3692072107285852e-02, 4.7736792788592736e-03,
          1.3345238928264996e-01, 3.0217641122929778e-01,
          2.7573181514312751e-04, 4.3017956563614797e-03,
          2.9704596594728783e-02, 2.2920568164492778e-03,
          1.4044896171799402e-02, 6.3996550479830461e-03,
          2.3404296272186965e-02, 1.8119549797603555e-02,
          1.3298007853803160e-03, 2.7573181514312751e-04,
          2.9622052222606075e-02, 2.1728725162549513e-03,
          6.4169636244186075e-03, 1.1490166730313625e-03,
          3.8933086303021341e-03, 3.7274439749436362e-03,
          1.1421431176722122e-02, 1.0228289659517642e-02,
          -3.6713557158060566e-05, 4.3017956563614797e-03,
          2.1728725162549513e-03, 9.8387690549282016e-03,
          8.8756917797737801e-03, 2.4403083914448231e-04,
          2.2973407138057477e-03, -4.8002226564957849e-04,
          3.7402116493600655e-03, 2.9561083021722463e-03,
          -1.7081892981122945e-02, 2.9704596594728783e-02,
          6.4169636244186075e-03, 8.8756917797737801e-03,
          1.2532141027674606e-01, 6.7748521255278063e-04,
          2.0742562490776748e-02, -3.6691562144027098e-03,
          8.7099675715411849e-03, 1.3266590098283508e-02,
          1.8656674376618082e-03, 2.2920568164492778e-03,
          1.1490166730313625e-03, 2.4403083914448231e-04,
          6.7748521255278074e-04, 7.9079313365967201e-04,
          2.9189909017431504e-04, 3.9628748526683593e-04,
          1.0947592389502685e-03, 8.1621745728056405e-04,
          2.1198235604560781e-04, 1.4044896171799402e-02,
          3.8933086303021354e-03, 2.2973407138057477e-03,
          2.0742562490776752e-02, 2.9189909017431510e-04,
          1.5488674496753273e-02, 7.5837816754591289e-04,
          4.9050425445517258e-03, 8.3369957495528745e-03,
          5.5140449363310128e-03, 6.3996550479830478e-03,
          3.7274439749436362e-03, -4.8002226564957849e-04,
          -3.6691562144027098e-03, 3.9628748526683593e-04,
          7.5837816754591321e-04, 4.9973655158888327e-03,
          3.5756920598778883e-03, 3.2993020127241265e-03,
          1.3692072107285852e-02, 2.3404296272186972e-02,
          1.1421431176722122e-02, 3.7402116493600655e-03,
          8.7099675715411867e-03, 1.0947592389502685e-03,
          4.9050425445517258e-03, 3.5756920598778879e-03,
          4.7595704273134913e-02, 1.5899849185101289e-02,
          4.7736792788592728e-03, 1.8119549797603555e-02,
          1.0228289659517645e-02, 2.9561083021722454e-03,
          1.3266590098283508e-02, 8.1621745728056405e-04,
          8.3369957495528745e-03, 3.2993020127241265e-03,
          1.5899849185101289e-02, 2.2578918406072446e-02 ]
   - !!opencv-matrix
      rows: 10
      cols: 10
      dt: d
