%YAML:1.0
---
groups:
   - intact
   - CD19
intactGmmnames:
   - "intact.Bln030.0"
   - "intact.Bln030.1"
   - "intact.Bln030.2"
   - "intact.Bln030.3"
   - "intact.Bln030.4"
intactLabels:
   - FSC-A
   - SSC-A
   - SY41
   - CD19
   - CD10
   - CD20
   - CD45
   - CD34
   - CD38
   - CD58
intactMu: !!opencv-matrix
   rows: 5
   cols: 10
   dt: d
   data: [ 8.3219732146545877e-01, 3.3978968672477838e-01,
       2.8094920052302119e+00, 5.9295197796434396e-01,
       7.8930649876686265e-01, 8.8810515530832967e-01,
       2.4291334925181043e+00, 6.9665332408276204e-01,
       1.8735878569276798e+00, 1.0476340841419314e+00,
       6.8925636905206866e-01, 4.1866334356887847e-01,
       2.9648641079150919e+00, 5.7812579316795121e-01,
       6.8302813613155267e-01, 8.9421493595260748e-01,
       6.4066255513223891e-01, 7.2788198418626271e-01,
       9.2814984619039786e-01, 1.8003290720851246e+00,
       2.4711095094687123e+00, 2.6546414698864962e+00,
       2.7722163123626173e+00, 7.1295424438177224e-01,
       1.5525586192355616e+00, 9.5267682618513350e-01,
       2.0604211338885086e+00, 8.0311528678099420e-01,
       1.8577601159779975e+00, 1.8187121213201103e+00,
       1.7235608259220538e+00, 1.1162569676567040e+00,
       2.7711153753399000e+00, 6.5513193633015687e-01,
       7.5620382632532712e-01, 9.2503704557353961e-01,
       1.7898998187520587e+00, 9.4897756360162377e-01,
       2.2268066678121534e+00, 1.7507580181123428e+00,
       1.5370202752652626e+00, 1.1304474745475472e+00,
       3.2042633178243802e+00, 5.9609541433664825e-01,
       5.9595126868766712e-01, 9.0386725409377533e-01,
       8.2894733263670806e-01, 8.6943383735811042e-01,
       1.3407778992838137e+00, 2.3234810614822186e+00 ]
intactSigma:
   - !!opencv-matrix
      rows: 10
      cols: 10
      dt: d
      data: [ 1.2140357516029555e-01, 2.4908463332997371e-02,
          -6.8123442902851689e-02, -8.5912758910122711e-04,
          -2.0898523752675433e-03, -1.0120260551626560e-03,
          1.1837716734400698e-02, -6.9282202884007275e-03,
          1.9763680981050896e-02, 4.7254722217909141e-02,
          2.4908463332997371e-02, 1.5090664624917790e-02,
          -1.2893843272182343e-02, 2.2540754106310649e-04,
          -1.7032008392812387e-04, -2.9679737594864793e-04,
          7.4058617661606979e-03, -4.3823028977480095e-04,
          2.0427345443595764e-02, 1.9374781759347270e-02,
          -6.8123442902851689e-02, -1.2893843272182343e-02,
          6.5122778646898014e-02, 1.2634920941699019e-03,
          2.0478023083843238e-03, 9.1141804284283810e-04,
          -4.0748839115878075e-03, 6.1152674001663087e-03,
          -1.6695948502779997e-02, -2.6208422545024770e-02,
          -8.5912758910122711e-04, 2.2540754106310638e-04,
          1.2634920941699019e-03, 4.2484379312248636e-03,
          1.0011673992479640e-04, -6.1756574282669538e-05,
          3.3122709329377599e-04, -1.2802268958639400e-04,
          4.8578054713766130e-04, -3.4513001288898694e-04,
          -2.0898523752675437e-03, -1.7032008392812393e-04,
          2.0478023083843238e-03, 1.0011673992479638e-04,
          1.9873359444391157e-03, 4.2910004634320489e-05,
          6.3575726295795449e-04, 1.1672571361831337e-04,
          -6.2043305667439888e-04, -4.5710997529485424e-03,
          -1.0120260551626560e-03, -2.9679737594864793e-04,
          9.1141804284283789e-04, -6.1756574282669578e-05,
          4.2910004634320489e-05, 5.1530360185448492e-04,
          -1.6139322252055579e-04, 1.3053430016823114e-04,
          -3.6937178415437635e-03, -2.6869013193510659e-04,
          1.1837716734400698e-02, 7.4058617661606979e-03,
          -4.0748839115878083e-03, 3.3122709329377610e-04,
          6.3575726295795449e-04, -1.6139322252055574e-04,
          1.2407155559325405e-02, 1.3625329295310459e-04,
          1.5366478089679647e-02, 1.0352227258308892e-02,
          -6.9282202884007275e-03, -4.3823028977480074e-04,
          6.1152674001663096e-03, -1.2802268958639397e-04,
          1.1672571361831332e-04, 1.3053430016823119e-04,
          1.3625329295310462e-04, 2.2353050395370441e-03,
          -1.7816904876599684e-03, -5.9286829570311952e-04,
          1.9763680981050889e-02, 2.0427345443595767e-02,
          -1.6695948502779997e-02, 4.8578054713766119e-04,
          -6.2043305667439899e-04, -3.6937178415437635e-03,
          1.5366478089679647e-02, -1.7816904876599691e-03,
          3.6331641358626515e-01, 6.5019338574598363e-03,
          4.7254722217909141e-02, 1.9374781759347270e-02,
          -2.6208422545024770e-02, -3.4513001288898667e-04,
          -4.5710997529485424e-03, -2.6869013193510648e-04,
          1.0352227258308888e-02, -5.9286829570311952e-04,
          6.5019338574598346e-03, 7.4824230470487196e-02 ]
   - !!opencv-matrix
      rows: 10
      cols: 10
      dt: d
      data: [ 4.0476127233800278e-02, 1.2682128287074089e-02,
          -5.8180410847770642e-03, -8.9924606234835852e-05,
          -1.8822997584048429e-03, -8.3257099417349410e-06,
          1.7020100721431726e-03, 1.2434596646877193e-03,
          5.3607188393208268e-03, 1.8733718095964694e-02,
          1.2682128287074089e-02, 1.6534897664240118e-02,
          6.7472867567511859e-03, 1.6469896761465226e-04,
          -1.9547597535406547e-03, 1.0899308782195937e-04,
          2.1365374436947519e-03, 2.1246391446999749e-03,
          6.2691818140077496e-03, 2.0600884644336750e-02,
          -5.8180410847770659e-03, 6.7472867567511842e-03,
          3.6220943142961315e-02, 4.8502659712612860e-04,
          2.2837548318527454e-04, 2.6558073449879573e-04,
          -6.9133660858197868e-03, 2.3927439998911015e-03,
          3.2487501531238082e-03, 5.6504183963118860e-03,
          -8.9924606234835879e-05, 1.6469896761465221e-04,
          4.8502659712612871e-04, 3.9070372923425438e-03,
          2.3626120665669148e-05, -8.0287589200872268e-05,
          -3.6592500579668466e-04, -3.2376893826506357e-04,
          1.2715624543109308e-04, 2.2332215053415174e-04,
          -1.8822997584048429e-03, -1.9547597535406551e-03,
          2.2837548318527462e-04, 2.3626120665669131e-05,
          3.8632240687701247e-03, 3.0734699638237314e-06,
          5.5018029881499755e-05, -6.3447153452553902e-04,
          -1.1168219445594732e-03, -6.6008552162431988e-03,
          -8.3257099417349173e-06, 1.0899308782195930e-04,
          2.6558073449879573e-04, -8.0287589200872254e-05,
          3.0734699638237318e-06, 1.7377844013915264e-04,
          -7.4234538339176101e-05, 4.9187600173291906e-05,
          -5.8016708786862869e-05, 1.5271333790736416e-04,
          1.7020100721431726e-03, 2.1365374436947519e-03,
          -6.9133660858197877e-03, -3.6592500579668471e-04,
          5.5018029881499673e-05, -7.4234538339176129e-05,
          3.4566744267241108e-02, -1.2467268004740656e-03,
          -5.0330981516056770e-04, -7.2230429624100968e-03,
          1.2434596646877197e-03, 2.1246391446999749e-03,
          2.3927439998911015e-03, -3.2376893826506362e-04,
          -6.3447153452553902e-04, 4.9187600173291906e-05,
          -1.2467268004740656e-03, 2.3238062749649743e-03,
          1.2839162237873051e-03, 4.8509709420425694e-03,
          5.3607188393208277e-03, 6.2691818140077496e-03,
          3.2487501531238082e-03, 1.2715624543109308e-04,
          -1.1168219445594732e-03, -5.8016708786862869e-05,
          -5.0330981516056759e-04, 1.2839162237873051e-03,
          1.0557931988834294e-02, 1.1137195184432985e-02,
          1.8733718095964694e-02, 2.0600884644336750e-02,
          5.6504183963118843e-03, 2.2332215053415161e-04,
          -6.6008552162431988e-03, 1.5271333790736416e-04,
          -7.2230429624100968e-03, 4.8509709420425694e-03,
          1.1137195184432985e-02, 5.8040709787403374e-02 ]
   - !!opencv-matrix
      rows: 10
      cols: 10
      dt: d
