%YAML:1.0
---
groups:
   - intact
   - CD19
intactGmmnames:
   - "intact.Bln005.0"
   - "intact.Bln005.1"
   - "intact.Bln005.2"
   - "intact.Bln005.3"
   - "intact.Bln005.4"
intactLabels:
   - FSC-A
   - SSC-A
   - SY41
   - CD19
   - CD10
   - CD20
   - CD45
   - CD34
   - CD38
   - CD58
intactMu: !!opencv-matrix
   rows: 5
   cols: 10
   dt: d
   data: [ 1.1409896874065932e+00, 4.9266486445293584e-01,
       1.8963891510560122e+00, 5.6222867004195742e-01,
       7.6805836862662147e-01, 5.8364055246582380e-01,
       7.8937250412967630e-01, 7.4045951446783431e-01,
       1.0759546578080008e+00, 1.7685284827154211e+00,
       2.1955220606057311e+00, 1.5918328373258186e+00,
       1.9927925929683639e+00, 7.2725932838035001e-01,
       1.1307933450095773e+00, 7.6351584736995826e-01,
       2.0334406179390423e+00, 9.9488899609740278e-01,
       2.0594185397729965e+00, 1.6939708091346899e+00,
       1.1367457178794587e+00, 3.4933972337568964e-01,
       1.8558134484800790e+00, 5.6755183768231443e-01,
       7.8951703742246981e-01, 5.7596594129794421e-01,
       2.1815948573327839e+00, 6.8525407287306239e-01,
       1.3884251290509373e+00, 1.1758145522704533e+00,
       2.8343799751175589e+00, 2.9232662934942244e+00,
       2.0770336031876853e+00, 6.4932276956889989e-01,
       1.4563951050528041e+00, 6.8515067741385394e-01,
       1.9754017434945725e+00, 8.6147257558894041e-01,
       1.7853407525990383e+00, 1.4470823314575028e+00,
       1.4246782284223023e+00, 5.6839084043509092e-01,
       1.7584151127435406e+00, 6.1288219007970102e-01,
       8.0529044519257043e-01, 7.7343632457113798e-01,
       2.2241661004856472e+00, 7.9048140926493815e-01,
       2.7703635041151426e+00, 1.4753417603188326e+00 ]
intactSigma:
   - !!opencv-matrix
      rows: 10
      cols: 10
      dt: d
      data: [ 2.1744333018858528e-01, 6.0406294108749953e-02,
          2.3408190593381065e-02, 1.9761333762395045e-03,
          3.5261792361806817e-03, 6.7623235028087790e-04,
          3.4617130419562527e-02, 1.1249822089195005e-02,
          5.7329933391684552e-02, 8.8546043261387070e-02,
          6.0406294108749953e-02, 5.4995900756230488e-02,
          1.7923061420756350e-02, 6.5843001515523514e-04,
          4.2928375027601441e-03, 8.5997416330450078e-04,
          2.9386500726240914e-02, 9.9809025372423251e-03,
          4.8814482751448021e-02, 6.3644355237306924e-02,
          2.3408190593381069e-02, 1.7923061420756354e-02,
          7.1901247602859444e-02, 4.9534655847965968e-04,
          2.0787340829416566e-03, 6.0277058285950012e-04,
          -3.3423621425784818e-03, 2.4202796821601478e-03,
          1.7337724750502520e-02, -8.3813923182099442e-03,
          1.9761333762395045e-03, 6.5843001515523535e-04,
          4.9534655847965957e-04, 3.0477889427390097e-03,
          -8.9004697276776700e-05, -1.5019467056828881e-04,
          8.2597102684310825e-04, -1.8502123052429524e-04,
          1.0321830113098132e-03, 1.1585940870637674e-03,
          3.5261792361806813e-03, 4.2928375027601450e-03,
          2.0787340829416562e-03, -8.9004697276776686e-05,
          6.6013368141601631e-03, 2.1180541436918048e-04,
          5.5898690552975451e-03, 7.3744699300459652e-04,
          6.7204103012075342e-03, 2.0652356899574385e-04,
          6.7623235028087768e-04, 8.5997416330450068e-04,
          6.0277058285950012e-04, -1.5019467056828881e-04,
          2.1180541436918054e-04, 1.9714723188607561e-03,
          9.6892694573610472e-04, 2.8227598945479627e-04,
          2.7126784146568034e-04, 5.4710096979489816e-04,
          3.4617130419562527e-02, 2.9386500726240914e-02,
          -3.3423621425784809e-03, 8.2597102684310825e-04,
          5.5898690552975451e-03, 9.6892694573610472e-04,
          3.8472841849275498e-02, 7.5517463689084964e-03,
          3.8518001227286290e-02, 3.6709191397069352e-02,
          1.1249822089195003e-02, 9.9809025372423251e-03,
          2.4202796821601478e-03, -1.8502123052429529e-04,
          7.3744699300459674e-04, 2.8227598945479633e-04,
          7.5517463689084947e-03, 4.6874693305609255e-03,
          1.0833961975016904e-02, 1.8432950511051885e-02,
          5.7329933391684552e-02, 4.8814482751448021e-02,
          1.7337724750502520e-02, 1.0321830113098126e-03,
          6.7204103012075342e-03, 2.7126784146568012e-04,
          3.8518001227286290e-02, 1.0833961975016904e-02,
          9.9399681323849062e-02, 7.4393376789945342e-02,
          8.8546043261387070e-02, 6.3644355237306938e-02,
          -8.3813923182099442e-03, 1.1585940870637676e-03,
          2.0652356899574382e-04, 5.4710096979489805e-04,
          3.6709191397069352e-02, 1.8432950511051885e-02,
          7.4393376789945342e-02, 1.7856373132706227e-01 ]
   - !!opencv-matrix
      rows: 10
      cols: 10
      dt: d
      data: [ 7.0074918442625056e-01, 3.5084628116799049e-01,
          9.3159192843105948e-02, 5.6767448346049874e-02,
          7.5981067264871152e-02, 4.3659931384606110e-02,
          1.7302231633358803e-01, 8.1452216324440482e-02,
          1.2366310149929385e-01, 1.2007114242949929e-01,
          3.5084628116799049e-01, 7.1910972191075340e-01,
          3.0916244010294244e-02, 5.8756781210386515e-02,
          8.0387544870533179e-02, 5.7606409419947782e-02,
          2.2865101433440749e-01, 8.5263219539965476e-02,
          3.1397598996367493e-01, 1.2989863776907387e-01,
          9.3159192843105948e-02, 3.0916244010294244e-02,
          1.1977364723767113e-01, 1.1993650541438002e-02,
          1.7161179712870907e-02, 1.7986088959691345e-02,
          -1.2787986759839557e-03, 2.7014589321896619e-02,
          -1.6358086597495127e-02, 2.4607200369274808e-02,
          5.6767448346049861e-02, 5.8756781210386515e-02,
          1.1993650541438002e-02, 6.6724658353487787e-02,
          2.6430813359112609e-02, 4.3582085831979721e-02,
          3.8823802837469307e-02, 3.3247543574379743e-02,
          3.9840078991511929e-02, 1.0020273360879182e-02,
          7.5981067264871152e-02, 8.0387544870533179e-02,
          1.7161179712870914e-02, 2.6430813359112616e-02,
          1.0790711538590196e-01, 1.9852265932443401e-02,
          5.4040839689377416e-02, 3.9339177792686121e-02,
          4.7198702735539909e-05, 2.6460984644963260e-02,
          4.3659931384606110e-02, 5.7606409419947782e-02,
          1.7986088959691348e-02, 4.3582085831979721e-02,
          1.9852265932443401e-02, 7.4756164633463656e-02,
          1.6555922286362875e-02, 4.2368630849841125e-02,
          3.1066884438898150e-02, -6.2119405928971472e-03,
          1.7302231633358808e-01, 2.2865101433440749e-01,
          -1.2787986759839568e-03, 3.8823802837469307e-02,
          5.4040839689377416e-02, 1.6555922286362882e-02,
          3.6470621572056711e-01, 3.9064432064955038e-02,
          2.3751264059805197e-01, 9.7079699183547766e-02,
          8.1452216324440482e-02, 8.5263219539965476e-02,
          2.7014589321896623e-02, 3.3247543574379743e-02,
          3.9339177792686121e-02, 4.2368630849841125e-02,
          3.9064432064955038e-02, 8.0399151043379552e-02,
          4.1480383879222295e-02, 2.2536242325778767e-02,
          1.2366310149929388e-01, 3.1397598996367493e-01,
          -1.6358086597495134e-02, 3.9840078991511943e-02,
          4.7198702735539103e-05, 3.1066884438898150e-02,
          2.3751264059805197e-01, 4.1480383879222295e-02,
          5.6387850729360156e-01, 1.8484453105397861e-01,
          1.2007114242949930e-01, 1.2989863776907390e-01,
          2.4607200369274804e-02, 1.0020273360879182e-02,
          2.6460984644963260e-02, -6.2119405928971498e-03,
          9.7079699183547752e-02, 2.2536242325778767e-02,
          1.8484453105397861e-01, 1.8708189166525127e-01 ]
   - !!opencv-matrix
      rows: 10
      cols: 10
      dt: d
      data: [ 1.2284108498097790e-01, 2.1171314742139034e-02,
