%YAML:1.0
---
groups:
   - intact
   - CD19
   - blast
intactGmmnames:
   - "intact.Bln085.0"
   - "intact.Bln085.1"
   - "intact.Bln085.2"
   - "intact.Bln085.3"
   - "intact.Bln085.4"
intactLabels:
   - FSC-A
   - SSC-A
   - SY41
   - CD19
   - CD10
   - CD20
   - CD45
   - CD34
   - CD38
   - CD58
intactMu: !!opencv-matrix
   rows: 5
   cols: 10
   dt: d
   data: [ 2.3013675211992477e+00, 1.3574839645722552e+00,
       1.9476554245778539e+00, 1.0758727124483287e+00,
       1.3748884572782643e+00, 1.3725186037514523e+00,
       1.8717214254907286e+00, 1.4624794565807115e+00,
       2.3758359162715288e+00, 2.0568086280424320e+00,
       9.8788714011162126e-01, 2.2071778335004388e-01,
       1.8868125566506595e+00, 7.5869681753083629e-01,
       8.9846710543524611e-01, 9.8979608396768015e-01,
       2.3512777938058402e+00, 9.7473097787232066e-01,
       2.3801076685065845e+00, 1.0293657895965065e+00,
       2.9019666438137679e+00, 2.9562635531292005e+00,
       1.9281984976745608e+00, 1.0297210338649583e+00,
       2.3427575747633029e+00, 1.1783775919750046e+00,
       2.0238734927757962e+00, 1.2415929957882141e+00,
       2.4527892705159271e+00, 2.2666770121253124e+00,
       1.3074564306569216e+00, 3.4876060901000455e-01,
       1.8088298741082989e+00, 7.6603795754750403e-01,
       8.5844470319541721e-01, 1.0441756893343332e+00,
       2.3841983992864186e+00, 1.0231899859632405e+00,
       2.2785275357672692e+00, 1.6446309602806837e+00,
       1.1170475910253272e+00, 3.3767585788997162e-01,
       1.9601917553669670e+00, 7.0698670742219694e-01,
       7.4604312810335527e-01, 9.9127348218692279e-01,
       9.7415347369465566e-01, 1.0985078778196993e+00,
       1.4229133185876353e+00, 2.3166454914290995e+00 ]
intactSigma:
   - !!opencv-matrix
      rows: 10
      cols: 10
      dt: d
      data: [ 1.0032655725714459e+00, 6.7595886598139010e-01,
          1.2175702447227529e-01, 4.3834331342809979e-02,
          1.7715073675115842e-01, 5.9953230412686850e-03,
          2.1199302296678227e-01, 4.3915528980237900e-02,
          2.9343068697193109e-01, 1.6573809075425644e-01,
          6.7595886598139010e-01, 9.6044581304409971e-01,
          9.2804315737318982e-02, 2.0399388029209771e-02,
          3.0830084785883094e-01, -4.8847759015436087e-02,
          1.2858621885717383e-01, -3.4116620189006922e-02,
          2.2407212857593808e-01, 9.4921315739457404e-02,
          1.2175702447227529e-01, 9.2804315737318982e-02,
          1.3708759178512298e-01, 1.6742188053719506e-04,
          5.3857165914768794e-02, -1.4063449213160349e-02,
          3.4441047918672904e-02, 6.0396696356930027e-03,
          4.1836809793560803e-02, 1.9060267953710429e-02,
          4.3834331342809979e-02, 2.0399388029209757e-02,
          1.6742188053719479e-04, 2.8494412289208026e-01,
          9.5248942758635463e-02, 2.3164827161586057e-01,
          7.7790885458912815e-02, 1.6101372106714507e-01,
          1.0176441702785881e-01, 1.3749000002396319e-01,
          1.7715073675115844e-01, 3.0830084785883094e-01,
          5.3857165914768808e-02, 9.5248942758635463e-02,
          4.1604327969281402e-01, 3.5702326125511337e-02,
          8.0234505535380057e-02, 3.1654539509661364e-02,
          1.1875842997872673e-02, 2.2794088483753357e-02,
          5.9953230412686867e-03, -4.8847759015436087e-02,
          -1.4063449213160349e-02, 2.3164827161586057e-01,
          3.5702326125511337e-02, 3.6059169516244188e-01,
          6.4122589083883519e-02, 1.9858627655727826e-01,
          1.2249795764028171e-01, 1.6794201214866930e-01,
          2.1199302296678227e-01, 1.2858621885717381e-01,
          3.4441047918672904e-02, 7.7790885458912801e-02,
          8.0234505535380071e-02, 6.4122589083883519e-02,
          3.1031469494388675e-01, 7.4841075627188586e-02,
          2.1362508047752352e-01, 8.9730492359343536e-02,
          4.3915528980237900e-02, -3.4116620189006922e-02,
          6.0396696356930027e-03, 1.6101372106714507e-01,
          3.1654539509661364e-02, 1.9858627655727826e-01,
          7.4841075627188586e-02, 2.4051692653974813e-01,
          1.3355149144364525e-01, 1.9655269194976016e-01,
          2.9343068697193109e-01, 2.2407212857593808e-01,
          4.1836809793560810e-02, 1.0176441702785881e-01,
          1.1875842997872671e-02, 1.2249795764028172e-01,
          2.1362508047752352e-01, 1.3355149144364528e-01,
          4.9230455933528106e-01, 2.3011021946902555e-01,
          1.6573809075425644e-01, 9.4921315739457446e-02,
          1.9060267953710425e-02, 1.3749000002396319e-01,
          2.2794088483753357e-02, 1.6794201214866930e-01,
          8.9730492359343536e-02, 1.9655269194976016e-01,
          2.3011021946902555e-01, 3.0808430199601189e-01 ]
   - !!opencv-matrix
      rows: 10
      cols: 10
      dt: d
      data: [ 4.9328703754449026e-02, 9.5715252915501794e-04,
          -2.1415603432027547e-02, -6.3450151252626805e-04,
          1.8061565610789698e-04, -1.4747019733039580e-03,
          3.3010836573859090e-03, -3.6473741393431946e-03,
          -7.8984368566842635e-03, -9.5616041017627322e-04,
          9.5715252915501794e-04, 1.9959124809100564e-03,
          -3.0525074895282903e-04, 9.6179835925740891e-04,
          1.0331239136542720e-03, 2.1557706703763488e-04,
          2.2657482594805761e-03, 7.7653112170077609e-04,
          -4.5086235330927685e-03, 2.9424103767601816e-03,
          -2.1415603432027547e-02, -3.0525074895282892e-04,
          3.6307944937182153e-02, 2.0801856519612636e-03,
          1.4050044364627826e-03, 1.6469114737497172e-03,
          4.0794015365943912e-03, 4.7540860822262859e-03,
          5.1196968655541058e-03, 4.6412046056480060e-03,
          -6.3450151252626816e-04, 9.6179835925740858e-04,
          2.0801856519612636e-03, 4.8278739864350655e-02,
          9.8163308114770725e-04, -6.7350695616141690e-04,
          1.7866123168769940e-03, -5.4765819832891549e-04,
          -7.9951977556680246e-04, 2.3680804626455450e-03,
          1.8061565610789712e-04, 1.0331239136542720e-03,
          1.4050044364627831e-03, 9.8163308114770768e-04,
          7.3007516034651844e-03, 2.6412414734819031e-04,
          2.6048150284636046e-03, 5.9553929687167922e-04,
          -2.4088879822895706e-03, 5.2619492459280435e-04,
          -1.4747019733039573e-03, 2.1557706703763488e-04,
          1.6469114737497172e-03, -6.7350695616141712e-04,
          2.6412414734819042e-04, 7.2260983765729024e-03,
          6.1602237485060794e-04, 4.4722218644657503e-04,
          1.5225414252260842e-03, 5.4468864934741361e-04,
          3.3010836573859085e-03, 2.2657482594805765e-03,
          4.0794015365943920e-03, 1.7866123168769940e-03,
          2.6048150284636055e-03, 6.1602237485060805e-04,
          1.1829083883976415e-02, 1.5426585719373034e-03,
          -4.1679028346006667e-04, 3.8082552736084020e-03,
          -3.6473741393431955e-03, 7.7653112170077609e-04,
          4.7540860822262859e-03, -5.4765819832891538e-04,
          5.9553929687167911e-04, 4.4722218644657503e-04,
          1.5426585719373034e-03, 4.3630437685443840e-03,
          3.7971104545727022e-05, 2.6296521816409806e-03,
          -7.8984368566842635e-03, -4.5086235330927694e-03,
          5.1196968655541049e-03, -7.9951977556680408e-04,
          -2.4088879822895715e-03, 1.5225414252260842e-03,
          -4.1679028346006683e-04, 3.7971104545726920e-05,
          1.9439548855835112e-01, -6.5140010017598095e-03,
          -9.5616041017627267e-04, 2.9424103767601816e-03,
          4.6412046056480060e-03, 2.3680804626455450e-03,
          5.2619492459280435e-04, 5.4468864934741339e-04,
          3.8082552736084020e-03, 2.6296521816409806e-03,
          -6.5140010017598112e-03, 1.9912023407027385e-02 ]
   - !!opencv-matrix
      rows: 10
      cols: 10
      dt: d
