%YAML:1.0
---
groups:
   - intact
   - CD19
   - blast
intactGmmnames:
   - "intact.Bln040.0"
   - "intact.Bln040.1"
   - "intact.Bln040.2"
   - "intact.Bln040.3"
   - "intact.Bln040.4"
intactLabels:
   - FSC-A
   - SSC-A
   - SY41
   - CD19
   - CD10
   - CD20
   - CD45
   - CD34
   - CD38
   - CD58
intactMu: !!opencv-matrix
   rows: 5
   cols: 10
   dt: d
   data: [ 1.2249760313507148e+00, 4.3095540752118056e-01,
       2.2535068391870499e+00, 7.4790919003574041e-01,
       7.8937897852402572e-01, 9.9363057363599994e-01,
       2.2755064709317425e+00, 9.6324291941045426e-01,
       2.3339644347351722e+00, 1.8144747544187383e+00,
       2.5725426607066995e+00, 2.7955771380933068e+00,
       2.3845867478912410e+00, 9.4442383367163574e-01,
       1.9229638545576593e+00, 1.1317684455924129e+00,
       1.8171351506347844e+00, 1.1727243922681951e+00,
       2.5977863765903981e+00, 2.2903048427117754e+00,
       8.9368215485525149e-01, 2.3895796618208462e-01,
       2.4093612581540236e+00, 7.7314228939863328e-01,
       8.6255722140891800e-01, 9.9241253471455260e-01,
       2.2121528918689308e+00, 9.8132887783931977e-01,
       2.4671428683429002e+00, 1.0842633094748981e+00,
       8.9509402383156789e-01, 3.0249999723348059e-01,
       2.2938312545811015e+00, 7.5913403553936754e-01,
       8.7858426743243279e-01, 1.0037288170613285e+00,
       1.5368089461498711e+00, 1.0259599117555966e+00,
       1.9878917086685342e+00, 1.5467049986942480e+00,
       2.0122999454003527e+00, 1.0318397380608981e+00,
       2.4927560522446939e+00, 1.0606848045323887e+00,
       1.0985268166374946e+00, 1.4304765513935216e+00,
       1.8696078094947097e+00, 1.4214018579723906e+00,
       2.5853785953375295e+00, 1.9498283183536289e+00 ]
intactSigma:
   - !!opencv-matrix
      rows: 10
      cols: 10
      dt: d
      data: [ 6.6455923073940007e-02, 6.5852999619573824e-04,
          1.4507612990400669e-03, -4.2734252550049912e-04,
          1.3087871262770611e-03, -4.2683622216339526e-04,
          2.8800630358759068e-03, -9.9877942811188556e-04,
          -2.1543534258562768e-02, -2.1484253288031477e-03,
          6.5852999619573813e-04, 1.5724800800845862e-02,
          -2.0064726665456815e-03, 4.9259395968941782e-04,
          -1.1803490568507342e-03, 9.0636474634125128e-04,
          4.6554294223529018e-03, 7.1972514556907442e-04,
          4.9693390581375757e-02, 1.2852187921265926e-02,
          1.4507612990400669e-03, -2.0064726665456815e-03,
          2.1322273572529176e-02, 1.4772511238621924e-03,
          1.4047150222209687e-03, 1.1018436291593779e-03,
          2.8087432858600598e-03, 1.9770513444727746e-03,
          -1.4256431286850425e-02, 1.8262222646177712e-03,
          -4.2734252550049917e-04, 4.9259395968941804e-04,
          1.4772511238621922e-03, 4.5692589980887849e-02,
          4.2842683423346788e-04, -1.8469231441168966e-04,
          3.4941472861600476e-04, -1.1458994462915434e-03,
          5.5806946205239003e-03, -3.4064780622592615e-04,
          1.3087871262770609e-03, -1.1803490568507342e-03,
          1.4047150222209685e-03, 4.2842683423346755e-04,
          1.4496892212542323e-02, 9.3709716145702547e-05,
          7.6498375254515564e-04, -8.5060667192339806e-04,
          -6.9484428422027962e-03, -1.1647429116845737e-02,
          -4.2683622216339526e-04, 9.0636474634125149e-04,
          1.1018436291593777e-03, -1.8469231441168958e-04,
          9.3709716145702507e-05, 1.1623416599854369e-02,
          -1.4625236781712206e-04, 7.2462941137576133e-04,
          8.8755542704317229e-03, 7.8540442162984678e-04,
          2.8800630358759077e-03, 4.6554294223529035e-03,
          2.8087432858600585e-03, 3.4941472861600448e-04,
          7.6498375254515543e-04, -1.4625236781712206e-04,
          1.8369937189924804e-02, 2.0382205746970802e-04,
          1.8857011991257812e-02, 8.1434551722541580e-03,
          -9.9877942811188556e-04, 7.1972514556907410e-04,
          1.9770513444727742e-03, -1.1458994462915431e-03,
          -8.5060667192339806e-04, 7.2462941137576144e-04,
          2.0382205746970802e-04, 3.4795470869073922e-03,
          6.2444177066440804e-03, 3.0658584906573774e-03,
          -2.1543534258562775e-02, 4.9693390581375757e-02,
          -1.4256431286850425e-02, 5.5806946205239003e-03,
          -6.9484428422027953e-03, 8.8755542704317247e-03,
          1.8857011991257812e-02, 6.2444177066440796e-03,
          6.1009418460272968e-01, 3.8780912994944211e-02,
          -2.1484253288031468e-03, 1.2852187921265926e-02,
          1.8262222646177712e-03, -3.4064780622592588e-04,
          -1.1647429116845737e-02, 7.8540442162984732e-04,
          8.1434551722541580e-03, 3.0658584906573774e-03,
          3.8780912994944211e-02, 6.7600690866805119e-02 ]
   - !!opencv-matrix
      rows: 10
      cols: 10
      dt: d
      data: [ 3.4730667124958259e-01, 2.1487348301628501e-01,
          -2.7118651137892987e-03, 2.8459872803458493e-04,
          -9.1893781061541200e-03, 1.3845395952881780e-02,
          1.7761121052054043e-03, 1.5228303948707007e-02,
          3.9343348943187265e-02, 2.1008026098002178e-02,
          2.1487348301628501e-01, 4.4221790496604657e-01,
          -4.2461946581855139e-03, 2.4703671460805262e-02,
          1.0963521433688034e-01, 2.0882444725916979e-02,
          3.8007887132093715e-02, 2.9457087032552402e-02,
          3.9672841505711931e-02, 3.9095473171529289e-02,
          -2.7118651137892978e-03, -4.2461946581855139e-03,
          2.4770087101563081e-02, 3.6556735755939977e-03,
          -7.6693931888470838e-03, 4.0321940840058962e-03,
          1.3465708993403147e-03, 5.6763157139089930e-03,
          6.6144923867033443e-03, 6.2018415616780414e-03,
          2.8459872803458347e-04, 2.4703671460805262e-02,
          3.6556735755939986e-03, 8.6664047202425806e-02,
          4.4202226046979549e-02, 1.9193783173052858e-03,
          1.1863077010061378e-02, 2.9586537283243319e-04,
          3.7455135192133206e-03, 6.6545107240498173e-03,
          -9.1893781061541252e-03, 1.0963521433688037e-01,
          -7.6693931888470821e-03, 4.4202226046979549e-02,
          3.4536637690942301e-01, 5.0725352014178195e-03,
          7.0728682976915258e-02, 1.3702100994867831e-02,
          -1.3133406426323272e-02, 1.8870957529795229e-02,
          1.3845395952881779e-02, 2.0882444725916979e-02,
          4.0321940840058954e-03, 1.9193783173052860e-03,
          5.0725352014178203e-03, 1.5108617976685893e-02,
          2.3039884758122705e-03, 4.3221949381760574e-03,
          6.1880356803956597e-03, 4.1483296044175239e-03,
          1.7761121052054037e-03, 3.8007887132093715e-02,
          1.3465708993403147e-03, 1.1863077010061382e-02,
          7.0728682976915258e-02, 2.3039884758122705e-03,
          3.1699884265081961e-02, 5.6717213940549694e-03,
          -2.4107066458704143e-03, 8.9745514062760656e-03,
          1.5228303948707011e-02, 2.9457087032552402e-02,
          5.6763157139089930e-03, 2.9586537283243336e-04,
          1.3702100994867831e-02, 4.3221949381760574e-03,
          5.6717213940549694e-03, 1.7436142158819081e-02,
          7.2183258673402997e-03, 7.3536612307490284e-03,
          3.9343348943187265e-02, 3.9672841505711938e-02,
          6.6144923867033443e-03, 3.7455135192133197e-03,
          -1.3133406426323272e-02, 6.1880356803956597e-03,
          -2.4107066458704147e-03, 7.2183258673402997e-03,
          4.1683329468792434e-02, 1.1292438216147192e-02,
          2.1008026098002185e-02, 3.9095473171529289e-02,
          6.2018415616780396e-03, 6.6545107240498155e-03,
          1.8870957529795226e-02, 4.1483296044175239e-03,
          8.9745514062760656e-03, 7.3536612307490284e-03,
          1.1292438216147192e-02, 1.7549233237135232e-02 ]
   - !!opencv-matrix
      rows: 10
      cols: 10
      dt: d
