%YAML:1.0
---
groups:
   - intact
   - CD19
   - blast
intactGmmnames:
   - "intact.Bln049.0"
   - "intact.Bln049.1"
   - "intact.Bln049.2"
   - "intact.Bln049.3"
   - "intact.Bln049.4"
intactLabels:
   - FSC-A
   - SSC-A
   - SY41
   - CD19
   - CD10
   - CD20
   - CD45
   - CD34
   - CD38
   - CD58
intactMu: !!opencv-matrix
   rows: 5
   cols: 10
   dt: d
   data: [ 1.2555963519392326e+00, 6.6628000360771711e-01,
       2.3204413862700597e+00, 9.9107991237847726e-01,
       8.9788210104409028e-01, 1.1695303744950134e+00,
       2.5899477778025468e+00, 8.6536162510411441e-01,
       3.3731242072861765e+00, 1.9400483451441963e+00,
       1.0063977514082567e+00, 3.7030153204489052e-01,
       2.3327684986549531e+00, 7.8541135448734001e-01,
       9.3353016571438285e-01, 9.8966629030705844e-01,
       2.6141423657160607e+00, 1.0145851991326020e+00,
       2.4612960287068320e+00, 1.0493749749008934e+00,
       2.7643173241834402e+00, 1.9673788168323867e+00,
       2.4915718272529914e+00, 1.1067490989348894e+00,
       1.4872012724371677e+00, 1.2456059881631094e+00,
       2.3050001845434553e+00, 1.2866652559357299e+00,
       2.5273923116942316e+00, 2.2342820990417342e+00,
       1.0219825904244726e+00, 4.6694766727190334e-01,
       2.5637962897011368e+00, 7.6550826950786111e-01,
       9.5744793895163116e-01, 1.0806954982635346e+00,
       8.6823876684794288e-01, 1.0619906437784397e+00,
       1.1124530306252844e+00, 1.3067480866582741e+00,
       1.0087325796357773e+00, 4.5809558034502568e-01,
       2.3245695482119766e+00, 8.0157106948499446e-01,
       9.3841633031959870e-01, 9.9565839579700777e-01,
       2.6306892662103056e+00, 1.0603187742722797e+00,
       2.2248968699150113e+00, 1.5668197625595288e+00 ]
intactSigma:
   - !!opencv-matrix
      rows: 10
      cols: 10
      dt: d
      data: [ 1.1863618394965571e-01, 4.3503385344825007e-02,
          1.9332601675841089e-02, 1.7958009829374899e-02,
          -8.2414408170959890e-04, -1.3664885878653209e-02,
          5.1396765291453748e-04, -2.7378940444871807e-02,
          8.6645187148048489e-02, 5.6281009381152033e-02,
          4.3503385344825007e-02, 5.7009689700879281e-02,
          2.5052444671977227e-02, 2.3706194709965482e-02,
          -1.6449403763339116e-03, -5.9214925404718179e-03,
          9.8306519783522700e-03, -2.6240875847825119e-02,
          1.0601562796491150e-01, 7.6297055391360349e-02,
          1.9332601675841089e-02, 2.5052444671977231e-02,
          6.4403622473301003e-02, 1.4570704023371994e-02,
          3.8490611138844557e-03, 8.9340775971053360e-03,
          1.1139008726904648e-02, 1.9205727547460369e-03,
          2.0923345484842655e-02, 2.4218463271971805e-02,
          1.7958009829374896e-02, 2.3706194709965479e-02,
          1.4570704023371994e-02, 8.5551675426183055e-02,
          -2.0534261148531701e-03, 1.6490884667191025e-02,
          4.6312714513373245e-03, -3.1628116222335460e-02,
          8.8367456506446354e-02, 3.5568907958012368e-02,
          -8.2414408170959782e-04, -1.6449403763339112e-03,
          3.8490611138844539e-03, -2.0534261148531709e-03,
          1.9364898328161826e-02, 5.2321301398875223e-03,
          9.3452323536946866e-03, 9.4209547597351867e-03,
          -2.8605371287773306e-02, -1.6467477633897117e-02,
          -1.3664885878653206e-02, -5.9214925404718162e-03,
          8.9340775971053325e-03, 1.6490884667191025e-02,
          5.2321301398875197e-03, 1.0112278657921114e-01,
          9.8893140019734871e-03, 4.4078529624143013e-03,
          -3.6585661532585655e-02, -2.5140517979840876e-02,
          5.1396765291453791e-04, 9.8306519783522717e-03,
          1.1139008726904650e-02, 4.6312714513373245e-03,
          9.3452323536946866e-03, 9.8893140019734854e-03,
          4.3214118352930084e-02, 9.3650042348232317e-03,
          -7.8049073696537415e-03, 7.2546084137304467e-03,
          -2.7378940444871807e-02, -2.6240875847825119e-02,
          1.9205727547460364e-03, -3.1628116222335460e-02,
          9.4209547597351884e-03, 4.4078529624143022e-03,
          9.3650042348232335e-03, 6.1573276600758342e-02,
          -1.5210749465509682e-01, -5.8821599323613444e-02,
          8.6645187148048503e-02, 1.0601562796491151e-01,
          2.0923345484842669e-02, 8.8367456506446354e-02,
          -2.8605371287773306e-02, -3.6585661532585668e-02,
          -7.8049073696537441e-03, -1.5210749465509682e-01,
          6.2745385826233990e-01, 2.6146329915908589e-01,
          5.6281009381152033e-02, 7.6297055391360349e-02,
          2.4218463271971809e-02, 3.5568907958012368e-02,
          -1.6467477633897117e-02, -2.5140517979840876e-02,
          7.2546084137304493e-03, -5.8821599323613444e-02,
          2.6146329915908589e-01, 2.2286705812521004e-01 ]
   - !!opencv-matrix
      rows: 10
      cols: 10
      dt: d
      data: [ 4.5951417425979094e-02, 3.9116548272622731e-03,
          -1.5804764572225072e-02, -3.9165432726323470e-04,
          9.1272075949752802e-04, -1.4177305763565433e-03,
          3.7321087003215894e-03, -5.2537379152397638e-03,
          -1.0917221499199099e-03, 1.4402443268521389e-03,
          3.9116548272622740e-03, 4.8987806117574547e-03,
          -7.1839683713131809e-04, 9.7258739726493397e-04,
          1.1216375156601456e-03, 2.8304494845309838e-04,
          2.6839101716286192e-03, 6.3889293845030787e-04,
          -5.1878181977050549e-03, 3.7668347106440039e-03,
          -1.5804764572225072e-02, -7.1839683713131809e-04,
          4.9286988574294789e-02, 4.7153058877411717e-03,
          1.0364281268676310e-03, 2.6409503366553459e-03,
          -1.3191890047239230e-03, 7.8105256705611938e-03,
          -1.2402423363756408e-03, 3.4686189709321603e-03,
          -3.9165432726323503e-04, 9.7258739726493440e-04,
          4.7153058877411709e-03, 5.4802310932193558e-02,
          2.4229714467424187e-04, -3.4157066040878172e-04,
          7.7251111640292617e-04, -1.5854801424608580e-03,
          4.6582560609151417e-04, 1.7609383105426449e-03,
          9.1272075949752802e-04, 1.1216375156601456e-03,
          1.0364281268676310e-03, 2.4229714467424168e-04,
          6.3125412454434794e-03, 2.3936461851090357e-04,
          1.7106245142174366e-03, 4.5674304121405752e-04,
          -2.6220275000568114e-03, 7.1733982879011726e-04,
          -1.4177305763565442e-03, 2.8304494845309832e-04,
          2.6409503366553468e-03, -3.4157066040878216e-04,
          2.3936461851090349e-04, 9.3980546301750886e-03,
          1.3892041517055096e-04, 7.9792683106162947e-04,
          -2.4923198705988476e-03, 7.7409738655231399e-04,
          3.7321087003215894e-03, 2.6839101716286196e-03,
          -1.3191890047239226e-03, 7.7251111640292585e-04,
          1.7106245142174366e-03, 1.3892041517055102e-04,
          7.8609430651857826e-03, 2.2907819031768375e-04,
          -5.2570667439135335e-03, 1.7146964495959685e-03,
          -5.2537379152397638e-03, 6.3889293845030787e-04,
          7.8105256705611947e-03, -1.5854801424608587e-03,
          4.5674304121405741e-04, 7.9792683106162925e-04,
          2.2907819031768380e-04, 6.8324648929303294e-03,
          -6.3012584949154390e-03, 1.9063039841635634e-03,
          -1.0917221499199099e-03, -5.1878181977050549e-03,
          -1.2402423363756395e-03, 4.6582560609151428e-04,
          -2.6220275000568114e-03, -2.4923198705988489e-03,
          -5.2570667439135335e-03, -6.3012584949154399e-03,
          1.2731693105812938e-01, -9.7242834950207347e-03,
          1.4402443268521394e-03, 3.7668347106440034e-03,
          3.4686189709321608e-03, 1.7609383105426462e-03,
          7.1733982879011726e-04, 7.7409738655231431e-04,
          1.7146964495959685e-03, 1.9063039841635632e-03,
          -9.7242834950207347e-03, 1.4437798386184550e-02 ]
   - !!opencv-matrix
      rows: 10
      cols: 10
      dt: d
      data: [ 8.4954185069739663e-01, 5.5876121721327965e-01,
          5.0899722790317438e-02, 4.9938100187257980e-04,
          -2.2212196824864024e-02, -3.8147664054249325e-02,
          7.5021190804365298e-02, -2.9233703001791258e-02,
          1.5546175259889522e-01, 1.6973803927433984e-01,
          5.5876121721327965e-01, 1.1027890663218123e+00,
          5.9000317938493189e-02, 5.7653622826757400e-03,
          1.6158359446417628e-01, -3.0865287203838535e-02,
          -2.3742875559803266e-02, 4.3620369131260911e-02,
          -1.2549528583354458e-01, 1.5422296401881555e-01,
          5.0899722790317438e-02, 5.9000317938493189e-02,
          8.1137808120684718e-02, 3.6538242243282161e-04,
          -2.9448566918396642e-02, -6.1471361951385469e-03,
          9.5731734990928685e-03, 3.0099622498428072e-03,
          4.8121616875419632e-02, 2.2632119622850708e-02,
          4.9938100187257731e-04, 5.7653622826757461e-03,
          3.6538242243282172e-04, 2.1426681837569969e-01,
          6.6462651321213928e-02, 1.1687480252700301e-01,
          -3.0487135481840839e-04, 6.7223475117216158e-02,
          7.2185060032420492e-02, 3.6012606728542264e-02,
          -2.2212196824864017e-02, 1.6158359446417628e-01,
          -2.9448566918396642e-02, 6.6462651321213928e-02,
          2.9405825275136871e-01, 2.7131751423706791e-02,
          -3.2824836633071217e-02, 5.8951873534315510e-02,
          -1.6620340852854029e-01, -1.8787410820161023e-02,
          -3.8147664054249325e-02, -3.0865287203838535e-02,
          -6.1471361951385469e-03, 1.1687480252700302e-01,
          2.7131751423706791e-02, 2.0757379135938678e-01,
          -1.9782058696640771e-02, 9.6158803233855603e-02,
          4.6114434696024872e-02, 1.6119949126388748e-02,
          7.5021190804365298e-02, -2.3742875559803266e-02,
          9.5731734990928720e-03, -3.0487135481840785e-04,
          -3.2824836633071224e-02, -1.9782058696640768e-02,
          1.8487244453135204e-01, -3.5872952476557710e-02,
          1.6454241030516234e-01, 9.3790408408316803e-02,
          -2.9233703001791258e-02, 4.3620369131260925e-02,
          3.0099622498428067e-03, 6.7223475117216158e-02,
          5.8951873534315503e-02, 9.6158803233855603e-02,
          -3.5872952476557703e-02, 1.9004106678617269e-01,
          -5.3563401672395199e-02, 2.2257287024263477e-02,
          1.5546175259889519e-01, -1.2549528583354458e-01,
          4.8121616875419632e-02, 7.2185060032420478e-02,
          -1.6620340852854026e-01, 4.6114434696024866e-02,
          1.6454241030516234e-01, -5.3563401672395199e-02,
          7.7774390378288794e-01, 1.9920175564773959e-01,
          1.6973803927433984e-01, 1.5422296401881555e-01,
          2.2632119622850708e-02, 3.6012606728542264e-02,
          -1.8787410820161023e-02, 1.6119949126388748e-02,
          9.3790408408316803e-02, 2.2257287024263477e-02,
          1.9920175564773959e-01, 2.0267653447332057e-01 ]
   - !!opencv-matrix
      rows: 10
      cols: 10
      dt: d
      data: [ 3.9547793154737293e-01, 1.2301944519350554e-01,
          -3.8559695241501793e-03, 1.5108891268157313e-02,
          3.0789555520309170e-02, 1.2780394206274165e-02,
          9.1731618259928094e-02, 3.1956789597270940e-02,
          5.3408201727967633e-02, 1.4164499998061819e-01,
          1.2301944519350559e-01, 9.5407836635577281e-02,
          4.6712772980936834e-04, 1.2352068740766640e-02,
          2.0940120084605440e-02, 1.4156863054292113e-02,
          4.5903135526998089e-02, 1.8674920035840016e-02,
          3.6629583646754969e-02, 4.0003110573132467e-02,
          -3.8559695241501750e-03, 4.6712772980936909e-04,
          2.1849032717748104e-01, 9.6526012917374487e-03,
          -6.8928186072459647e-03, 7.1405904497245445e-03,
          -9.0674232560056439e-02, 4.8838027060915130e-03,
          2.8614325802962669e-03, 1.3938389755418158e-02,
          1.5108891268157313e-02, 1.2352068740766640e-02,
          9.6526012917374487e-03, 6.4331771968977339e-02,
          9.5075675243034962e-03, 6.8212777041497486e-03,
          2.9526740785891263e-03, 9.0597917224078256e-03,
          1.4480485731041498e-02, 1.4338068017769191e-02,
          3.0789555520309164e-02, 2.0940120084605440e-02,
          -6.8928186072459664e-03, 9.5075675243034979e-03,
          2.7685489396820855e-02, 7.4135969807422632e-03,
          3.9648310432808635e-02, 1.3686177977952572e-02,
          1.4980846397440335e-02, 1.4564250807297301e-02,
          1.2780394206274163e-02, 1.4156863054292113e-02,
          7.1405904497245445e-03, 6.8212777041497504e-03,
          7.4135969807422632e-03, 2.3182827976163584e-02,
          4.1569222913117121e-03, 8.3820675697250917e-03,
          1.9057810730784351e-02, 5.3058915926238761e-04,
          9.1731618259928094e-02, 4.5903135526998096e-02,
          -9.0674232560056439e-02, 2.9526740785891250e-03,
          3.9648310432808621e-02, 4.1569222913117121e-03,
          2.1637453684069655e-01, 1.8045448267675596e-02,
          2.1811554839919079e-02, 2.2034243760935480e-02,
          3.1956789597270940e-02, 1.8674920035840020e-02,
          4.8838027060915130e-03, 9.0597917224078256e-03,
          1.3686177977952572e-02, 8.3820675697250900e-03,
          1.8045448267675596e-02, 2.4587032462943661e-02,
          1.9398773274683031e-02, 4.9210532003604084e-02,
          5.3408201727967626e-02, 3.6629583646754969e-02,
          2.8614325802962678e-03, 1.4480485731041501e-02,
          1.4980846397440335e-02, 1.9057810730784351e-02,
          2.1811554839919079e-02, 1.9398773274683031e-02,
          6.7808301070972715e-02, 4.5426111237471201e-02,
          1.4164499998061819e-01, 4.0003110573132467e-02,
          1.3938389755418163e-02, 1.4338068017769195e-02,
          1.4564250807297304e-02, 5.3058915926238728e-04,
          2.2034243760935473e-02, 4.9210532003604091e-02,
          4.5426111237471201e-02, 3.0808897589445106e-01 ]
   - !!opencv-matrix
      rows: 10
      cols: 10
      dt: d
      data: [ 5.0970275652354111e-02, 2.6625799285032916e-03,
          -1.7650193190203670e-02, -2.7268561386896667e-03,
          -4.0795234988248952e-04, -2.7863346691536358e-03,
          -6.0997443322230503e-04, -9.5244375639625140e-03,
          -2.1408182490387662e-02, 7.7173361782042283e-03,
          2.6625799285032907e-03, 1.1294155671640903e-02,
          2.3380829025444355e-03, 2.1023665705166765e-03,
          1.2487299642262670e-03, 7.3443082409412226e-04,
          3.2127548006557092e-03, 2.3090864912456029e-03,
          -5.8546090604780507e-03, 1.3539327998011573e-02,
          -1.7650193190203667e-02, 2.3380829025444359e-03,
          5.4604029538171728e-02, 7.9715362199703071e-03,
          3.4110512915025270e-03, 4.2126590477502886e-03,
          -2.8416523904553008e-04, 1.4872405213489644e-02,
          1.6038897478579135e-02, -8.2170115182429605e-03,
          -2.7268561386896684e-03, 2.1023665705166773e-03,
          7.9715362199703071e-03, 6.2744461657198630e-02,
          2.0652186865257370e-03, 2.7560732771727707e-04,
          1.4324154627918719e-03, 1.5245095890349543e-03,
          7.7084835066923698e-03, -2.2052638948589615e-03,
          -4.0795234988248946e-04, 1.2487299642262673e-03,
          3.4110512915025283e-03, 2.0652186865257357e-03,
          1.3538274021502724e-02, 8.4601859464950198e-04,
          2.1698652800409553e-03, 1.8607843885730863e-03,
          -3.3171033144518562e-04, -7.6643950045283821e-03,
          -2.7863346691536350e-03, 7.3443082409412226e-04,
          4.2126590477502886e-03, 2.7560732771727696e-04,
          8.4601859464950187e-04, 7.8553450647466921e-03,
          2.4180579521480009e-04, 2.5639918650780303e-03,
          -2.6403871980852475e-03, -1.6941975399115457e-03,
          -6.0997443322230492e-04, 3.2127548006557092e-03,
          -2.8416523904552948e-04, 1.4324154627918719e-03,
          2.1698652800409557e-03, 2.4180579521480006e-04,
          1.0111496031158452e-02, 1.0039227164680639e-03,
          4.6026737031204757e-03, 3.4680500754518404e-03,
          -9.5244375639625140e-03, 2.3090864912456029e-03,
          1.4872405213489644e-02, 1.5245095890349554e-03,
          1.8607843885730863e-03, 2.5639918650780299e-03,
          1.0039227164680639e-03, 1.3743839633756019e-02,
          2.1356876661920276e-03, -3.0900486963054592e-03,
          -2.1408182490387662e-02, -5.8546090604780490e-03,
          1.6038897478579135e-02, 7.7084835066923664e-03,
          -3.3171033144518589e-04, -2.6403871980852471e-03,
          4.6026737031204749e-03, 2.1356876661920285e-03,
          2.9466505162712048e-01, -1.8666485697062103e-02,
          7.7173361782042300e-03, 1.3539327998011573e-02,
          -8.2170115182429605e-03, -2.2052638948589593e-03,
          -7.6643950045283821e-03, -1.6941975399115457e-03,
          3.4680500754518404e-03, -3.0900486963054592e-03,
          -1.8666485697062096e-02, 1.2634453358958650e-01 ]
intactC: !!opencv-matrix
   rows: 1
   cols: 5
   dt: d
   data: [ 1.0524028438195282e-01, 3.1699986600396879e-01,
       7.9915887077093309e-02, 2.8103569866727157e-02,
       3.1407084496922932e-01 ]
intactNumEvents: 36047.
intactMaxVals: !!opencv-matrix
   rows: 1
   cols: 10
   dt: d
   data: [ 4.5000000000000000e+00, 4.5000000000000000e+00,
       4.5000000000000000e+00, 4.5000000000000000e+00,
       4.5000000000000000e+00, 4.5000000000000000e+00,
       4.5000000000000000e+00, 4.5000000000000000e+00,
       4.5000000000000000e+00, 4.5000000000000000e+00 ]
CD19Gmmnames:
   - "CD19.Bln049.0"
   - "CD19.Bln049.1"
CD19Labels:
   - FSC-A
   - SSC-A
   - SY41
   - CD19
   - CD10
   - CD20
   - CD45
   - CD34
   - CD38
   - CD58
CD19Mu: !!opencv-matrix
   rows: 2
   cols: 10
   dt: d
   data: [ 8.8479423910946853e-01, 2.7572671412744154e-01,
       2.2260043026579037e+00, 2.9030322370963546e+00,
       9.2669095655845635e-01, 3.3373940802501365e+00,
       2.4547753403219477e+00, 1.0296026051726612e+00,
       2.2525572885177692e+00, 1.0076527893126022e+00,
       1.0326799083441278e+00, 3.5199521837768449e-01,
       2.2319876635584452e+00, 2.9169622868653762e+00,
       1.2587629923412065e+00, 3.3766917405829080e+00,
       2.4685500583423163e+00, 1.0553068000049468e+00,
       2.3317040767662132e+00, 1.2477747636276597e+00 ]
CD19Sigma:
   - !!opencv-matrix
      rows: 10
      cols: 10
      dt: d
      data: [ 3.1842139897213788e-02, 5.2100000670809773e-03,
          -2.0005761611376786e-02, 1.2716682625038448e-02,
          -1.0268396836720058e-03, 1.0155444417445073e-02,
          1.3717854410451820e-02, -3.2627729171647666e-03,
          6.4185113034444284e-03, 4.9686985714572241e-03,
          5.2100000670809773e-03, 3.3330253732142107e-03,
          -2.8543628617082660e-03, 4.4366748539020114e-03,
          -4.4111484085870720e-04, 4.0923018956198669e-03,
          4.2050885027657883e-03, -1.4327085193208429e-04,
          3.0821329864724263e-03, 2.1840752480856121e-03,
          -2.0005761611376786e-02, -2.8543628617082651e-03,
          4.7283954935785528e-02, -7.5574720353444001e-03,
          -7.1251181441056946e-04, -5.2612940558118991e-03,
          -1.1715194471930188e-02, 5.1401192761130234e-03,
          -8.7243274697655828e-03, -1.5599432392583013e-04,
          1.2716682625038445e-02, 4.4366748539020106e-03,
          -7.5574720353444053e-03, 3.4490151012023448e-02,
          -3.5355084314002160e-03, 1.3361803709336121e-02,
          1.0769451319407375e-02, 1.1323833440625645e-03,
          2.7068052244147941e-03, 3.9435326752002998e-03,
          -1.0268396836720058e-03, -4.4111484085870720e-04,
          -7.1251181441056989e-04, -3.5355084314002169e-03,
          2.2378631800733167e-02, 4.6097670734781307e-04,
          -6.5822063944538330e-04, -6.4519747484162730e-04,
          9.6868888943312439e-03, -1.7335074043475104e-03,
          1.0155444417445075e-02, 4.0923018956198669e-03,
          -5.2612940558118982e-03, 1.3361803709336121e-02,
          4.6097670734781328e-04, 2.7304717847296437e-02,
          8.1796932268052274e-03, 7.9572236975002401e-04,
          7.6654035960247897e-03, 2.1960767464586088e-03,
          1.3717854410451823e-02, 4.2050885027657883e-03,
          -1.1715194471930191e-02, 1.0769451319407377e-02,
          -6.5822063944538341e-04, 8.1796932268052274e-03,
          1.6350146182645266e-02, -1.4975295425449456e-03,
          7.4472585656993485e-03, 2.0068374215346696e-03,
          -3.2627729171647666e-03, -1.4327085193208423e-04,
          5.1401192761130234e-03, 1.1323833440625643e-03,
          -6.4519747484162752e-04, 7.9572236975002401e-04,
          -1.4975295425449456e-03, 5.6916748682849161e-03,
          -2.3017036130552732e-03, 3.1720572001642679e-06,
          6.4185113034444302e-03, 3.0821329864724263e-03,
          -8.7243274697655828e-03, 2.7068052244147950e-03,
          9.6868888943312439e-03, 7.6654035960247863e-03,
          7.4472585656993485e-03, -2.3017036130552732e-03,
          8.9426053903156791e-02, -4.3845658091810225e-03,
          4.9686985714572232e-03, 2.1840752480856121e-03,
          -1.5599432392582996e-04, 3.9435326752002989e-03,
          -1.7335074043475108e-03, 2.1960767464586088e-03,
          2.0068374215346696e-03, 3.1720572001643251e-06,
          -4.3845658091810225e-03, 9.0917752661868242e-03 ]
   - !!opencv-matrix
      rows: 10
      cols: 10
      dt: d
      data: [ 9.7771730223660494e-02, 2.4036888728236637e-02,
          -4.5078802867083573e-03, 2.0848986896416694e-02,
          -2.3932229786350408e-02, 1.3310095292241732e-02,
          2.7282984779478596e-02, 5.4187636889962924e-03,
          7.2635363270294470e-03, 2.2363895612313545e-02,
          2.4036888728236637e-02, 1.6639956127868179e-02,
          3.6414269755560176e-03, 1.1870074315025441e-02,
          -1.7465754080857786e-02, 7.5520762663866692e-03,
          1.1924248284837709e-02, 3.9598098936158080e-03,
          7.0124563839009261e-03, 1.8393270111937705e-02,
          -4.5078802867083590e-03, 3.6414269755560176e-03,
          5.1764310745278118e-02, -1.7744800682639044e-03,
          -5.3860494364289741e-03, 1.2752553430414841e-05,
          -3.7624081676990479e-03, 7.2401333328428958e-03,
          3.0383802448773656e-03, 9.4027790593492859e-03,
          2.0848986896416694e-02, 1.1870074315025441e-02,
          -1.7744800682639040e-03, 6.4685927986575381e-02,
          -1.4565227077965363e-02, 3.7007439849698544e-02,
          2.3040068578711079e-02, 7.2130487971460745e-04,
          3.8505817466186853e-03, 7.3196496360053388e-03,
          -2.3932229786350404e-02, -1.7465754080857786e-02,
          -5.3860494364289776e-03, -1.4565227077965363e-02,
          2.0149872665622923e-01, -5.0319689037819169e-03,
          -1.4011783229812592e-02, 3.2178765100374608e-03,
          6.1659611702453640e-02, -5.3796298236079121e-02,
          1.3310095292241735e-02, 7.5520762663866692e-03,
          1.2752553430414532e-05, 3.7007439849698544e-02,
          -5.0319689037819169e-03, 7.4417645007005220e-02,
          2.5402295529060342e-02, 4.9137119082195667e-03,
          -4.9482028716475012e-03, -2.5533020551535930e-03,
          2.7282984779478596e-02, 1.1924248284837709e-02,
          -3.7624081676990479e-03, 2.3040068578711072e-02,
          -1.4011783229812592e-02, 2.5402295529060346e-02,
          3.8970699871556977e-02, -4.6793098974630279e-03,
          -3.6954615782035928e-03, 9.5177822590279248e-03,
          5.4187636889962932e-03, 3.9598098936158080e-03,
          7.2401333328428966e-03, 7.2130487971460691e-04,
          3.2178765100374612e-03, 4.9137119082195667e-03,
          -4.6793098974630279e-03, 3.6018447247021128e-02,
          -5.2657491364105418e-03, 6.7004908085079844e-03,
          7.2635363270294470e-03, 7.0124563839009261e-03,
          3.0383802448773626e-03, 3.8505817466186836e-03,
          6.1659611702453640e-02, -4.9482028716475012e-03,
          -3.6954615782035945e-03, -5.2657491364105401e-03,
          1.8604430033829097e-01, -8.7980330197735632e-03,
          2.2363895612313552e-02, 1.8393270111937705e-02,
          9.4027790593492859e-03, 7.3196496360053388e-03,
          -5.3796298236079121e-02, -2.5533020551535934e-03,
          9.5177822590279248e-03, 6.7004908085079827e-03,
          -8.7980330197735580e-03, 7.9568752726850281e-02 ]
CD19C: !!opencv-matrix
   rows: 1
   cols: 2
   dt: d
   data: [ 1.0232600649273728e-01, 5.1563389895429766e-02 ]
CD19NumEvents: 6570.
CD19MaxVals: !!opencv-matrix
   rows: 1
   cols: 10
   dt: d
   data: [ 4.5000000000000000e+00, 4.5000000000000000e+00,
       4.5000000000000000e+00, 4.5000000000000000e+00,
       4.5000000000000000e+00, 4.5000000000000000e+00,
       4.5000000000000000e+00, 4.5000000000000000e+00,
       4.5000000000000000e+00, 4.5000000000000000e+00 ]
blastGmmnames:
   - "blast.Bln049.0"
blastLabels:
   - FSC-A
   - SSC-A
   - SY41
   - CD19
   - CD10
   - CD20
   - CD45
   - CD34
   - CD38
   - CD58
blastMu: !!opencv-matrix
   rows: 1
   cols: 10
   dt: d
   data: [ 1.9383943959286338e+00, 8.1931298657467488e-01,
       2.3229994962089937e+00, 3.5166334541220414e+00,
       3.2158812504065661e+00, 1.9254712619279559e+00,
       1.9794119204345502e+00, 1.2663373484423286e+00,
       3.3336608221656396e+00, 2.3965438933748948e+00 ]
blastSigma:
   - !!opencv-matrix
      rows: 10
      cols: 10
      dt: d
      data: [ 1.9923956814629709e-01, 5.3900883108379892e-02,
          2.6781052974131778e-02, 1.5535401740402400e-02,
          1.1617041420762600e-02, -6.0468095647144351e-04,
          2.9418008778689105e-02, 2.2827148022932488e-02,
          1.3073675721768338e-02, 6.6591218717699463e-02,
          5.3900883108379892e-02, 4.8050404347866831e-02,
          2.2364910023498375e-02, 1.2109318273410569e-02,
          1.4962690745806379e-02, 1.9184784639178987e-02,
          1.9084619793549973e-02, 1.3939431636759854e-02,
          1.5664059741488403e-02, 3.8832000143079262e-02,
          2.6781052974131778e-02, 2.2364910023498375e-02,
          3.8824762770478811e-02, 7.6164178792735363e-03,
          5.8182724983576227e-03, 3.0362542980320373e-02,
          1.8185409528306960e-02, -4.1579710571301165e-03,
          1.4847133762875830e-02, 2.8253655143526530e-02,
          1.5535401740402400e-02, 1.2109318273410569e-02,
          7.6164178792735363e-03, 3.0653435532842999e-02,
          1.1326584388403628e-02, 1.6908180454479345e-02,
          3.9441360258092705e-03, 1.5280782830458296e-02,
          5.3551370904805582e-03, 1.4270974202254269e-02,
          1.1617041420762600e-02, 1.4962690745806379e-02,
          5.8182724983576227e-03, 1.1326584388403628e-02,
          3.7016805777893479e-02, 1.3795450068817900e-02,
          6.7290279741706342e-03, 1.5413903492152386e-02,
          3.7323832137606296e-02, 2.6504593750359906e-02,
          -6.0468095647144351e-04, 1.9184784639178987e-02,
          3.0362542980320373e-02, 1.6908180454479345e-02,
          1.3795450068817900e-02, 2.1082017389225391e-01,
          5.3273807345655892e-02, 3.4877585431296938e-02,
          2.4420279604740285e-02, 1.4072765849680759e-02,
          2.9418008778689105e-02, 1.9084619793549973e-02,
          1.8185409528306960e-02, 3.9441360258092705e-03,
          6.7290279741706342e-03, 5.3273807345655892e-02,
          5.2229679970568099e-02, -3.0214245799610379e-03,
          3.8831914908334761e-03, 1.4089258487495867e-02,
          2.2827148022932488e-02, 1.3939431636759854e-02,
          -4.1579710571301165e-03, 1.5280782830458296e-02,
          1.5413903492152386e-02, 3.4877585431296938e-02,
          -3.0214245799610379e-03, 7.2411927906519333e-02,
          4.1544713074405347e-03, 1.3251159132986459e-02,
          1.3073675721768338e-02, 1.5664059741488403e-02,
          1.4847133762875830e-02, 5.3551370904805582e-03,
          3.7323832137606296e-02, 2.4420279604740285e-02,
          3.8831914908334761e-03, 4.1544713074405347e-03,
          1.4193710144084659e-01, 4.6466685846371564e-02,
          6.6591218717699463e-02, 3.8832000143079262e-02,
          2.8253655143526530e-02, 1.4270974202254269e-02,
          2.6504593750359906e-02, 1.4072765849680759e-02,
          1.4089258487495867e-02, 1.3251159132986459e-02,
          4.6466685846371564e-02, 6.5292427530965064e-02 ]
blastC: !!opencv-matrix
   rows: 1
   cols: 1
   dt: d
   data: [ 1.7801513128615932e-03 ]
blastNumEvents: 76.
blastMaxVals: !!opencv-matrix
   rows: 1
   cols: 10
   dt: d
   data: [ 4.5000000000000000e+00, 4.5000000000000000e+00,
       4.5000000000000000e+00, 4.5000000000000000e+00,
       4.5000000000000000e+00, 4.5000000000000000e+00,
       4.5000000000000000e+00, 4.5000000000000000e+00,
       4.5000000000000000e+00, 4.5000000000000000e+00 ]
