%YAML:1.0
---
groups:
   - intact
   - CD19
intactGmmnames:
   - "intact.Bln075.0"
   - "intact.Bln075.1"
   - "intact.Bln075.2"
   - "intact.Bln075.3"
   - "intact.Bln075.4"
intactLabels:
   - FSC-A
   - SSC-A
   - SY41
   - CD19
   - CD10
   - CD20
   - CD45
   - CD34
   - CD38
   - CD58
intactMu: !!opencv-matrix
   rows: 5
   cols: 10
   dt: d
   data: [ 3.3634017420301214e+00, 2.9427016663159979e+00,
       2.4534413020319339e+00, 1.1180780169276721e+00,
       2.7072706526714985e+00, 1.3053228214898043e+00,
       2.2503578399808095e+00, 1.3905352732457312e+00,
       2.5688172968313112e+00, 2.2764616523467045e+00,
       1.1410038972772292e+00, 2.4573474004591017e-01,
       2.5655283304340046e+00, 7.9280342044455576e-01,
       8.0602616435849539e-01, 1.1480201631079836e+00,
       2.3871079123483985e+00, 1.0143980079268820e+00,
       2.0141659897530686e+00, 1.8473592598774251e+00,
       2.6098119408349532e+00, 2.0921347021191852e+00,
       2.7334600541511280e+00, 1.0769745911734723e+00,
       2.2259101432586350e+00, 1.3385911242520980e+00,
       1.7856124503613608e+00, 1.3195833674259707e+00,
       2.2475946437013614e+00, 1.8182527480570980e+00,
       2.5177340938769817e+00, 1.4110323089096757e+00,
       2.7105136669048489e+00, 1.0236084947237836e+00,
       1.1705646877219433e+00, 1.3672082961530432e+00,
       2.0682776908691460e+00, 1.4335809043796977e+00,
       2.7700287025307988e+00, 2.2457687704299545e+00,
       1.0991373696205973e+00, 3.6183198313402215e-01,
       2.6633127955930140e+00, 7.5257033202646972e-01,
       8.4179750902298967e-01, 1.0362205634795836e+00,
       1.0096119607514440e+00, 1.1542393953171592e+00,
       2.1570457924998445e+00, 2.3640663729093507e+00 ]
intactSigma:
   - !!opencv-matrix
      rows: 10
      cols: 10
      dt: d
      data: [ 2.7524891594530648e-01, 1.1462907096659204e-01,
          7.4926538416133963e-03, 9.6043387532578819e-03,
          5.0743955424816757e-03, 1.8442721390176681e-02,
          4.8102116780461592e-03, 1.9581976178728411e-02,
          1.8196252648464806e-02, 1.1353972409019958e-03,
          1.1462907096659204e-01, 3.2146414208908619e-01,
          8.2184650192115832e-03, 1.9475489170004332e-02,
          1.1898359299115547e-02, 1.9769250598629218e-02,
          -1.1664353663124068e-03, 2.7724761701045215e-02,
          4.6540667597909716e-02, 3.8241449769477513e-02,
          7.4926538416133972e-03, 8.2184650192115832e-03,
          1.4125410886087731e-02, 3.5374536339520487e-03,
          4.2434125148384461e-04, 5.8724761897418478e-03,
          1.9666762751969200e-03, 7.0926681277794397e-03,
          4.6586883616418651e-03, 2.2322836478272114e-03,
          9.6043387532578784e-03, 1.9475489170004332e-02,
          3.5374536339520478e-03, 1.0314720810172026e-01,
          2.6943890831578013e-02, 1.1870831819647694e-02,
          8.8220397948655729e-03, 7.6680807959302781e-03,
          1.0586216861618390e-02, 8.7121071292258802e-03,
          5.0743955424816774e-03, 1.1898359299115551e-02,
          4.2434125148384466e-04, 2.6943890831578013e-02,
          9.2679801801019104e-02, 5.0443373491206702e-03,
          1.7025032948677528e-02, 1.9005510300719116e-02,
          -1.7852477667987918e-03, 4.8001053166099074e-03,
          1.8442721390176681e-02, 1.9769250598629218e-02,
          5.8724761897418478e-03, 1.1870831819647694e-02,
          5.0443373491206693e-03, 4.1559493095977056e-02,
          4.9966851246282997e-03, 1.7737199241458817e-02,
          1.7626646033504941e-02, 8.0311864158420926e-03,
          4.8102116780461592e-03, -1.1664353663124059e-03,
          1.9666762751969196e-03, 8.8220397948655729e-03,
          1.7025032948677528e-02, 4.9966851246282997e-03,
          1.5835833046233306e-02, 8.0749109097927544e-03,
          5.3931043034216499e-04, 2.3860695827395725e-03,
          1.9581976178728411e-02, 2.7724761701045215e-02,
          7.0926681277794388e-03, 7.6680807959302799e-03,
          1.9005510300719116e-02, 1.7737199241458817e-02,
          8.0749109097927544e-03, 3.7624039592137740e-02,
          1.2636983100391512e-02, 8.4815353398097950e-03,
          1.8196252648464806e-02, 4.6540667597909716e-02,
          4.6586883616418651e-03, 1.0586216861618385e-02,
          -1.7852477667987922e-03, 1.7626646033504941e-02,
          5.3931043034216521e-04, 1.2636983100391512e-02,
          4.2214224441042718e-02, 1.8529323467353150e-02,
          1.1353972409019958e-03, 3.8241449769477527e-02,
          2.2322836478272114e-03, 8.7121071292258784e-03,
          4.8001053166099083e-03, 8.0311864158420926e-03,
          2.3860695827395725e-03, 8.4815353398097950e-03,
          1.8529323467353150e-02, 2.2182025612569260e-02 ]
   - !!opencv-matrix
      rows: 10
      cols: 10
      dt: d
      data: [ 9.8897903051382130e-02, 5.4634315665939735e-03,
          -1.2684241752310399e-02, -4.2213969997367800e-03,
          -3.3761180054937257e-03, -2.0852822106075149e-03,
          6.4658797009724614e-03, -5.9674837227479986e-03,
          -5.7807120262109775e-02, 1.6599630478293336e-02,
          5.4634315665939744e-03, 5.0012518957160716e-03,
          -5.3131181050881991e-04, 3.5820440408230428e-04,
          -1.8513051848566462e-03, 1.4663679897578047e-03,
          2.9196016329229003e-03, 1.2196709227200895e-03,
          -1.6075772400121455e-02, 1.5969369711224445e-02,
          -1.2684241752310399e-02, -5.3131181050881991e-04,
          1.9238294544046863e-02, 3.1277015831389825e-03,
          2.1859859244974331e-03, 3.6055718976528606e-03,
          2.9843004528742000e-03, 4.1616137335796551e-03,
          1.3709542990206523e-02, 9.1685720983790831e-04,
          -4.2213969997367800e-03, 3.5820440408230466e-04,
          3.1277015831389825e-03, 5.6235489094212797e-02,
          9.8917193050917693e-04, 1.7147056628666003e-03,
          6.7156935575254863e-04, -6.6908346742957617e-04,
          5.1095908245101396e-03, 9.6463816791326183e-04,
          -3.3761180054937261e-03, -1.8513051848566462e-03,
          2.1859859244974323e-03, 9.8917193050917737e-04,
          1.7448867575143665e-02, -1.3851015397873029e-04,
          3.9323538000722564e-04, -2.7920365678529624e-04,
          1.2286939052169876e-02, -1.8011630986673598e-02,
          -2.0852822106075149e-03, 1.4663679897578049e-03,
          3.6055718976528593e-03, 1.7147056628666003e-03,
          -1.3851015397873032e-04, 2.2692449969495959e-02,
          2.0365321049710277e-03, 1.9931941972573235e-03,
          -1.2476318383346917e-02, 1.0165011875720525e-02,
          6.4658797009724597e-03, 2.9196016329229003e-03,
          2.9843004528742000e-03, 6.7156935575254906e-04,
          3.9323538000722564e-04, 2.0365321049710273e-03,
          1.3269658490663595e-02, 1.1513113575681217e-03,
          -5.4148637057273366e-03, 1.1929881965769180e-02,
          -5.9674837227479995e-03, 1.2196709227200895e-03,
          4.1616137335796560e-03, -6.6908346742957617e-04,
          -2.7920365678529640e-04, 1.9931941972573235e-03,
          1.1513113575681217e-03, 6.4440965573822947e-03,
          2.9074138486048944e-03, 6.8581534551416298e-03,
          -5.7807120262109775e-02, -1.6075772400121455e-02,
          1.3709542990206523e-02, 5.1095908245101379e-03,
          1.2286939052169871e-02, -1.2476318383346922e-02,
          -5.4148637057273375e-03, 2.9074138486048944e-03,
          3.4815081874969317e-01, -7.1739024178705590e-02,
          1.6599630478293336e-02, 1.5969369711224445e-02,
          9.1685720983790831e-04, 9.6463816791326075e-04,
          -1.8011630986673598e-02, 1.0165011875720525e-02,
          1.1929881965769180e-02, 6.8581534551416298e-03,
          -7.1739024178705590e-02, 1.2945318076815729e-01 ]
   - !!opencv-matrix
      rows: 10
      cols: 10
      dt: d
