%YAML:1.0
---
groups:
   - intact
   - CD19
intactGmmnames:
   - "intact.Bln034.0"
   - "intact.Bln034.1"
   - "intact.Bln034.2"
   - "intact.Bln034.3"
   - "intact.Bln034.4"
intactLabels:
   - FSC-A
   - SSC-A
   - SY41
   - CD19
   - CD10
   - CD20
   - CD45
   - CD34
   - CD38
   - CD58
intactMu: !!opencv-matrix
   rows: 5
   cols: 10
   dt: d
   data: [ 9.1833290902496822e-01, 2.3071747110700333e-01,
       2.0733441747628549e+00, 8.8632017280665054e-01,
       8.7020032650266899e-01, 9.9900474179319543e-01,
       2.2887119409240020e+00, 9.7035340078121668e-01,
       2.4716115255597235e+00, 1.2177412885161627e+00,
       2.9480452681378413e+00, 3.6104581708822368e+00,
       1.9882260837701746e+00, 1.1206334265474864e+00,
       2.5888721987332852e+00, 1.2073390566011306e+00,
       2.0207355764901962e+00, 1.6318075412947135e+00,
       2.3013156295401447e+00, 2.3385106684452155e+00,
       8.5532195330882366e-01, 3.5125767575361477e-01,
       2.0546180704952159e+00, 8.3489665776186939e-01,
       7.4633756102733750e-01, 9.9626300030324533e-01,
       9.0350093187062464e-01, 1.0931430208932562e+00,
       1.4266889097230238e+00, 2.3285328140048209e+00,
       1.2577034308160020e+00, 3.8981962283860822e-01,
       1.9477224026447215e+00, 8.7742680238025827e-01,
       8.3735481871168704e-01, 9.9399217871594692e-01,
       2.3301478909297959e+00, 9.3935123576415858e-01,
       1.9749369181332548e+00, 1.7184850923791684e+00,
       2.2588341479826006e+00, 1.2500031101856559e+00,
       2.1682767227888351e+00, 1.1051142014370356e+00,
       1.1406194439116950e+00, 1.2805870870011578e+00,
       2.0142540935859943e+00, 1.5593528102450815e+00,
       2.5635821657199260e+00, 2.0866695973957010e+00 ]
intactSigma:
   - !!opencv-matrix
      rows: 10
      cols: 10
      dt: d
      data: [ 6.5128772170198315e-02, 2.1677978340647484e-04,
          -2.0843397421865351e-02, -1.7554508736863888e-03,
          -1.1812233859651248e-05, -4.1040138189564774e-03,
          3.0792446548204579e-03, -1.9753196339283362e-02,
          1.3659301226575538e-02, -9.1084226334790779e-03,
          2.1677978340647490e-04, 1.9904562674054132e-03,
          9.7701354915552042e-04, 5.7427583494024364e-04,
          3.2505170359924210e-04, 5.2919725855980152e-04,
          1.2773335716391269e-03, 2.1630543678738249e-03,
          -3.8845610056486494e-03, 5.0887497197575704e-03,
          -2.0843397421865344e-02, 9.7701354915552064e-04,
          1.8092940587433218e-02, 1.8265315719757458e-03,
          8.4588232922503260e-04, 2.8194272337417137e-03,
          -6.7877572907869895e-05, 1.3326789562671526e-02,
          -1.0865984617745036e-02, 7.6193307616023616e-03,
          -1.7554508736863888e-03, 5.7427583494024375e-04,
          1.8265315719757458e-03, 6.2098732034317317e-02,
          5.4261747726696750e-05, -4.2760308531996732e-04,
          6.1007241135265780e-04, -3.0025238795965085e-03,
          -2.7473708156542661e-04, 2.2095936582297881e-03,
          -1.1812233859651345e-05, 3.2505170359924216e-04,
          8.4588232922503238e-04, 5.4261747726696729e-05,
          8.4588829404143983e-03, 2.9361225659354264e-04,
          1.3504685502341218e-03, 5.7616657944103576e-04,
          -2.3560078744452153e-03, -3.7704994091746452e-03,
          -4.1040138189564774e-03, 5.2919725855980152e-04,
          2.8194272337417137e-03, -4.2760308531996743e-04,
          2.9361225659354259e-04, 1.0336145760430087e-02,
          3.3408333527768847e-04, 2.8492279122421943e-03,
          -4.7220959117779101e-03, 2.2691661039699689e-03,
          3.0792446548204571e-03, 1.2773335716391269e-03,
          -6.7877572907869963e-05, 6.1007241135265736e-04,
          1.3504685502341218e-03, 3.3408333527768831e-04,
          9.2643870213092276e-03, 8.6362651087910924e-04,
          -2.0639188537910328e-03, 1.8788170404095547e-03,
          -1.9753196339283362e-02, 2.1630543678738253e-03,
          1.3326789562671523e-02, -3.0025238795965085e-03,
          5.7616657944103554e-04, 2.8492279122421943e-03,
          8.6362651087910892e-04, 2.9888844475455870e-02,
          -1.2782260483767344e-02, 1.1959186594524393e-02,
          1.3659301226575538e-02, -3.8845610056486494e-03,
          -1.0865984617745034e-02, -2.7473708156542677e-04,
          -2.3560078744452153e-03, -4.7220959117779101e-03,
          -2.0639188537910328e-03, -1.2782260483767344e-02,
          1.6981908926989259e-01, -1.1829268925906189e-02,
          -9.1084226334790814e-03, 5.0887497197575704e-03,
          7.6193307616023616e-03, 2.2095936582297877e-03,
          -3.7704994091746452e-03, 2.2691661039699689e-03,
          1.8788170404095542e-03, 1.1959186594524393e-02,
          -1.1829268925906191e-02, 5.9231314615297924e-02 ]
   - !!opencv-matrix
      rows: 10
      cols: 10
      dt: d
      data: [ 3.1105576286320052e-01, 1.1501388225207236e-01,
          5.3409199388623875e-03, 8.2350914659975964e-03,
          -5.9761717921413731e-03, 1.6187101711893397e-02,
          2.5861720531179569e-03, 2.5260194061480154e-02,
          2.8003630526453608e-02, 1.2616464137005963e-02,
          1.1501388225207236e-01, 2.6218932626353469e-01,
          6.6376401031289388e-03, 1.5641509157199605e-02,
          1.0971433089636906e-02, 1.5166786452226228e-02,
          1.5798126638989609e-03, 2.6839902621690864e-02,
          3.9827902147972605e-02, 1.9607245740389152e-02,
          5.3409199388623875e-03, 6.6376401031289414e-03,
          2.2767692917924614e-02, 5.3977426010491198e-03,
          2.7628097331243930e-03, 4.7675118054214833e-03,
          5.9622898800373832e-03, 9.9927317059547386e-03,
          7.5442265063185628e-03, 6.3142966126100769e-03,
          8.2350914659975981e-03, 1.5641509157199605e-02,
          5.3977426010491207e-03, 1.0774055837300153e-01,
          1.1944602443613788e-02, 2.4723373972867614e-03,
          5.7386645863221177e-03, 4.6793021779914174e-03,
          8.8825333559983781e-03, 6.4765934581485123e-03,
          -5.9761717921413705e-03, 1.0971433089636908e-02,
          2.7628097331243934e-03, 1.1944602443613787e-02,
          8.0197166249898852e-02, 1.5261262886341691e-03,
          1.4342329417207077e-02, 2.2389645189780209e-02,
          -9.5245676312736367e-04, 6.5182980502504007e-03,
          1.6187101711893397e-02, 1.5166786452226227e-02,
          4.7675118054214833e-03, 2.4723373972867614e-03,
          1.5261262886341691e-03, 1.6845228760482590e-02,
          2.7844773761125292e-03, 9.3102752047481627e-03,
          5.4278615047767343e-03, 5.4377218707880879e-03,
          2.5861720531179552e-03, 1.5798126638989615e-03,
          5.9622898800373832e-03, 5.7386645863221168e-03,
          1.4342329417207077e-02, 2.7844773761125283e-03,
          2.3721345013783226e-02, 9.7704500973770855e-03,
          -6.6938722326143974e-04, 2.8626192427241761e-03,
          2.5260194061480154e-02, 2.6839902621690864e-02,
          9.9927317059547386e-03, 4.6793021779914191e-03,
          2.2389645189780209e-02, 9.3102752047481627e-03,
          9.7704500973770873e-03, 3.8297576488347876e-02,
          1.0909078699920033e-02, 1.2698784271750687e-02,
          2.8003630526453608e-02, 3.9827902147972598e-02,
          7.5442265063185602e-03, 8.8825333559983816e-03,
          -9.5245676312736367e-04, 5.4278615047767334e-03,
          -6.6938722326143974e-04, 1.0909078699920033e-02,
          5.0327505440927789e-02, 1.4136648508633212e-02,
          1.2616464137005963e-02, 1.9607245740389152e-02,
          6.3142966126100769e-03, 6.4765934581485149e-03,
          6.5182980502504016e-03, 5.4377218707880887e-03,
          2.8626192427241761e-03, 1.2698784271750687e-02,
          1.4136648508633212e-02, 1.6464817675070475e-02 ]
   - !!opencv-matrix
      rows: 10
      cols: 10
      dt: d
