%YAML:1.0
---
groups:
   - intact
   - CD19
   - blast
intactGmmnames:
   - "intact.Bue076.0"
   - "intact.Bue076.1"
   - "intact.Bue076.2"
   - "intact.Bue076.3"
   - "intact.Bue076.4"
intactLabels:
   - FSC-A
   - SSC-A
   - SY41
   - CD19
   - CD10
   - CD20
   - CD45
   - CD34
   - CD38
   - CD58
intactMu: !!opencv-matrix
   rows: 5
   cols: 10
   dt: d
   data: [ 1.3517297094544110e+00, 3.2134199264786883e-01,
       2.5432230447745146e+00, 1.0319767079030999e+00,
       8.6697063449371414e-01, 9.9976313444240228e-01,
       3.1059390808065350e+00, 1.0820259756791097e+00,
       2.5743270986339502e+00, 1.6755302670905892e+00,
       2.1227522620692776e+00, 2.8789629522435911e+00,
       2.6514052123360954e+00, 1.1874315341003265e+00,
       1.8524834942584680e+00, 1.4545108703601826e+00,
       2.9546731293180843e+00, 1.7166737901349616e+00,
       2.3601664480852929e+00, 2.5825470896095322e+00,
       1.1883267851493440e+00, 1.7475587890763050e-01,
       2.7740522526621385e+00, 1.0349311635145553e+00,
       8.5839738134596399e-01, 1.0172638330189177e+00,
       2.9303589642008734e+00, 1.3752508279814020e+00,
       2.1781221164247913e+00, 1.1285615003696099e+00,
       1.3908970452602794e+00, 4.9461017001758756e-01,
       2.9061116409457664e+00, 1.0475204269082679e+00,
       8.9019374558418451e-01, 1.1260164219183062e+00,
       1.9001310906916031e+00, 1.6419611837162689e+00,
       1.4398275094322621e+00, 2.7305165953302031e+00,
       1.9082051673269598e+00, 9.0670959310454502e-01,
       2.9219890027541311e+00, 1.1583264779427964e+00,
       1.0089446543771046e+00, 1.3786061720720020e+00,
       2.6758931186121013e+00, 1.7960116822121006e+00,
       2.5147608569301343e+00, 2.1433502442367924e+00 ]
intactSigma:
   - !!opencv-matrix
      rows: 10
      cols: 10
      dt: d
      data: [ 1.9737469914186692e-02, 8.0433622076791621e-03,
          4.5354929894084401e-03, 1.0362482707620081e-03,
          2.9336862975757369e-04, -4.0449648795230341e-05,
          7.0753612308534202e-03, -9.1126605548772568e-03,
          3.1268479402320019e-02, 2.6322488202546731e-02,
          8.0433622076791621e-03, 1.2438725582471333e-02,
          2.7143856664790626e-03, 1.3077267303065600e-03,
          6.0047696407244337e-04, 2.9039240289982184e-04,
          6.0189759306548364e-03, -1.0186833474759363e-02,
          3.8297022580320979e-02, 4.9117846285544040e-02,
          4.5354929894084401e-03, 2.7143856664790626e-03,
          1.1709454385243843e-01, -3.3646555630719051e-04,
          -4.7096915177380924e-04, 3.1068349049997277e-03,
          -6.4360726617567821e-04, 2.3673098393355813e-04,
          1.3967931371555165e-02, 9.5376814056088929e-03,
          1.0362482707620081e-03, 1.3077267303065595e-03,
          -3.3646555630719024e-04, 1.0850892089242397e-02,
          2.8420425079086261e-04, -1.6172944753603791e-03,
          6.0268501331525173e-04, -8.8336772519295708e-03,
          1.0693267569053007e-02, 5.4040031400795158e-03,
          2.9336862975757363e-04, 6.0047696407244369e-04,
          -4.7096915177380908e-04, 2.8420425079086256e-04,
          1.2554544937979886e-02, 3.6632684726872359e-04,
          1.0815270462503559e-03, -2.1947153068189642e-03,
          -1.3092413755256367e-03, 6.6312111061751203e-04,
          -4.0449648795230212e-05, 2.9039240289982255e-04,
          3.1068349049997303e-03, -1.6172944753603785e-03,
          3.6632684726872305e-04, 1.3776770090047408e-01,
          5.6295056291978879e-04, 4.7051949108037203e-04,
          3.9404303881712911e-03, 9.7039848155383807e-04,
          7.0753612308534202e-03, 6.0189759306548390e-03,
          -6.4360726617567767e-04, 6.0268501331525140e-04,
          1.0815270462503563e-03, 5.6295056291978890e-04,
          3.2352955597487465e-02, -6.9774189801369664e-03,
          1.1765206670755007e-02, 2.4919082279148960e-02,
          -9.1126605548772568e-03, -1.0186833474759363e-02,
          2.3673098393355837e-04, -8.8336772519295708e-03,
          -2.1947153068189642e-03, 4.7051949108037268e-04,
          -6.9774189801369664e-03, 6.0040773050021305e-02,
          -8.5277235507274174e-02, -4.4552991700286232e-02,
          3.1268479402320019e-02, 3.8297022580320979e-02,
          1.3967931371555163e-02, 1.0693267569053005e-02,
          -1.3092413755256369e-03, 3.9404303881712911e-03,
          1.1765206670755002e-02, -8.5277235507274174e-02,
          6.3034513750605448e-01, 1.4886745330015463e-01,
          2.6322488202546724e-02, 4.9117846285544026e-02,
          9.5376814056088964e-03, 5.4040031400795132e-03,
          6.6312111061751181e-04, 9.7039848155383622e-04,
          2.4919082279148960e-02, -4.4552991700286232e-02,
          1.4886745330015463e-01, 3.2749110017380101e-01 ]
   - !!opencv-matrix
      rows: 10
      cols: 10
      dt: d
      data: [ 8.1206554925726038e-02, 1.1261720611170158e-01,
          1.8792866915484423e-02, -1.5147294869066526e-03,
          -5.5683354773188240e-02, 2.3443959560117206e-02,
          -2.7112809540760192e-02, 2.7338146542825941e-02,
          4.1998506204100054e-02, 3.9929222535025838e-03,
          1.1261720611170158e-01, 4.5626046774412465e-01,
          8.7857866807095862e-03, 5.9354308660358492e-03,
          1.4711132568676827e-03, 3.6139971189969464e-02,
          2.0870439313670584e-02, 3.6329249841517718e-02,
          7.7356147461084948e-02, 2.9170780093388513e-02,
          1.8792866915484423e-02, 8.7857866807095862e-03,
          6.9507359137415861e-02, -3.2847681849042872e-03,
          -4.5870669152887594e-02, 3.0798925644670142e-03,
          -2.7581359549428031e-02, 9.3290495023992687e-03,
          1.9654623456464498e-02, -3.6308168869502227e-03,
          -1.5147294869066526e-03, 5.9354308660358492e-03,
          -3.2847681849042885e-03, 5.9565296065139661e-02,
          3.3998247304594859e-02, 1.2093497717314973e-02,
          2.1657744315789738e-02, -3.7412031630280345e-03,
          1.0625992931141423e-04, 7.3896112793053028e-03,
          -5.5683354773188240e-02, 1.4711132568676823e-03,
          -4.5870669152887594e-02, 3.3998247304594859e-02,
          3.5137230090343707e-01, 1.8891103932444635e-02,
          1.6865965338146968e-01, -2.4709004663571684e-03,
          -6.6543122166381793e-02, 3.3114282399626001e-02,
          2.3443959560117206e-02, 3.6139971189969464e-02,
          3.0798925644670155e-03, 1.2093497717314973e-02,
          1.8891103932444635e-02, 1.2619683577441318e-01,
          1.5235914908014908e-02, 4.7667438555351702e-02,
          7.8001001397269183e-03, 1.2200381731389195e-02,
          -2.7112809540760199e-02, 2.0870439313670570e-02,
          -2.7581359549428031e-02, 2.1657744315789738e-02,
          1.6865965338146971e-01, 1.5235914908014908e-02,
          1.1653336521226376e-01, 4.5776324074773599e-03,
          -3.9455857452881687e-02, 2.1470173858256253e-02,
          2.7338146542825941e-02, 3.6329249841517718e-02,
          9.3290495023992687e-03, -3.7412031630280345e-03,
          -2.4709004663571684e-03, 4.7667438555351695e-02,
          4.5776324074773582e-03, 1.1973479821564738e-01,
          1.1388664440542691e-02, 1.0401254611241821e-02,
          4.1998506204100054e-02, 7.7356147461084948e-02,
          1.9654623456464498e-02, 1.0625992931141425e-04,
          -6.6543122166381793e-02, 7.8001001397269148e-03,
          -3.9455857452881681e-02, 1.1388664440542691e-02,
          9.7412545059915062e-02, 6.8276727592728173e-03,
          3.9929222535025838e-03, 2.9170780093388519e-02,
          -3.6308168869502223e-03, 7.3896112793053028e-03,
          3.3114282399626001e-02, 1.2200381731389195e-02,
          2.1470173858256253e-02, 1.0401254611241821e-02,
          6.8276727592728173e-03, 2.1872990676573070e-02 ]
   - !!opencv-matrix
      rows: 10
      cols: 10
      dt: d
