%YAML:1.0
---
groups:
   - intact
   - CD19
   - blast
intactGmmnames:
   - "intact.Bue016.0"
   - "intact.Bue016.1"
   - "intact.Bue016.2"
   - "intact.Bue016.3"
   - "intact.Bue016.4"
intactLabels:
   - FSC-A
   - SSC-A
   - SY41
   - CD19
   - CD10
   - CD20
   - CD45
   - CD34
   - CD38
   - CD58
intactMu: !!opencv-matrix
   rows: 5
   cols: 10
   dt: d
   data: [ 1.0987726361049936e+00, 2.9140076480084304e-01,
       2.4231589760076098e+00, 1.2142284959776168e+00,
       9.5853996491257132e-01, 1.0827420400421481e+00,
       1.4680986559252902e+00, 1.1991415536182664e+00,
       1.1087676549928249e+00, 2.6383204990771958e+00,
       1.2545142812829313e+00, 2.7671140619506224e-01,
       1.9927005266147146e+00, 1.2181024058641112e+00,
       9.7508721367430951e-01, 1.0936258351382977e+00,
       3.1763393847894368e+00, 1.0674272808855991e+00,
       1.8269788096116892e+00, 1.6805213509588972e+00,
       1.4111187263200398e+00, 4.0649747100376571e-01,
       2.0401990739114906e+00, 1.2709135733006600e+00,
       1.0506373845980788e+00, 1.1701006904733868e+00,
       3.1866034752872725e+00, 1.1597739449979105e+00,
       2.1172666675752527e+00, 2.1848513460221572e+00,
       2.0950074974614292e+00, 1.3171244587843809e+00,
       2.4220283087685597e+00, 1.3086567420795698e+00,
       1.5320751242683250e+00, 1.3146080570708014e+00,
       2.4990530964047988e+00, 1.6308953324665747e+00,
       1.8946885008190377e+00, 2.3503566202199653e+00,
       1.4227694028458964e+00, 3.7335698940985762e-01,
       2.0269748145094271e+00, 1.2171534294858759e+00,
       9.8875448381117081e-01, 1.0989637721850538e+00,
       3.1464453382940474e+00, 1.1016120352378105e+00,
       1.0131882006538202e+00, 2.2409529419081968e+00 ]
intactSigma:
   - !!opencv-matrix
      rows: 10
      cols: 10
      dt: d
      data: [ 8.5449870172747550e-02, 1.9046286667208819e-02,
          2.8410970002778514e-02, 4.0842950272843069e-04,
          4.4217389996574642e-03, 6.9927092968143469e-04,
          1.3863577645514720e-02, 6.4221953365396021e-03,
          1.2730840571308267e-02, 2.5843383049682266e-02,
          1.9046286667208819e-02, 8.0436900331779578e-03,
          8.2636609395596774e-03, 1.1262419379424047e-04,
          1.4673718946085575e-03, 2.5809544112768832e-04,
          4.7895939958819481e-03, 2.7634596410887518e-03,
          4.8415746946539736e-03, 8.9415801963675743e-03,
          2.8410970002778514e-02, 8.2636609395596774e-03,
          4.1888500996603864e-02, 2.9263728731469964e-04,
          2.4429341022327842e-03, 6.9654602768229497e-04,
          7.2928534499295903e-03, 3.3132144615850285e-03,
          5.6937815937722130e-03, 9.3247601078886092e-03,
          4.0842950272843075e-04, 1.1262419379424047e-04,
          2.9263728731469975e-04, 3.6796674449518065e-03,
          2.5589992234508255e-04, -9.1012151435764945e-05,
          2.3440012530065023e-04, -4.7327365203858754e-03,
          3.7856122119364638e-04, 2.4298510032210705e-04,
          4.4217389996574642e-03, 1.4673718946085575e-03,
          2.4429341022327842e-03, 2.5589992234508250e-04,
          2.4910110643813325e-02, 5.3547606605914156e-04,
          2.2247961131606950e-03, -3.7740610398364237e-03,
          1.6897285673072480e-03, 5.1520182901469952e-04,
          6.9927092968143502e-04, 2.5809544112768832e-04,
          6.9654602768229519e-04, -9.1012151435764850e-05,
          5.3547606605914156e-04, 1.3572558870244153e-02,
          7.2240990072355502e-04, -1.6707940826139209e-03,
          -1.3323763502689425e-03, 1.3732385886267118e-04,
          1.3863577645514717e-02, 4.7895939958819498e-03,
          7.2928534499295903e-03, 2.3440012530065018e-04,
          2.2247961131606950e-03, 7.2240990072355545e-04,
          1.7005737445397712e-02, 2.0718471394399101e-03,
          4.5937914032957109e-03, 6.1608291194845460e-03,
          6.4221953365396003e-03, 2.7634596410887513e-03,
          3.3132144615850281e-03, -4.7327365203858746e-03,
          -3.7740610398364219e-03, -1.6707940826139209e-03,
          2.0718471394399101e-03, 6.0127269304046285e-02,
          6.5037304134503697e-04, 4.5937691030732341e-03,
          1.2730840571308267e-02, 4.8415746946539736e-03,
          5.6937815937722147e-03, 3.7856122119364627e-04,
          1.6897285673072480e-03, -1.3323763502689420e-03,
          4.5937914032957109e-03, 6.5037304134503665e-04,
          1.9871546485703981e-02, 6.6806900870364618e-03,
          2.5843383049682270e-02, 8.9415801963675760e-03,
          9.3247601078886109e-03, 2.4298510032210699e-04,
          5.1520182901469941e-04, 1.3732385886267126e-04,
          6.1608291194845460e-03, 4.5937691030732350e-03,
          6.6806900870364635e-03, 2.9312316986662167e-02 ]
   - !!opencv-matrix
      rows: 10
      cols: 10
      dt: d
      data: [ 3.3447060252119250e-02, 5.2706548601348458e-03,
          -1.4619712309838405e-02, 1.5141174826555461e-04,
          2.0566114736344406e-03, 6.0661003297807540e-04,
          7.3702070113269100e-03, 3.3699770937103025e-04,
          -3.4709910961791862e-03, 2.0238143883503104e-02,
          5.2706548601348458e-03, 3.0427675340879211e-03,
          -3.0689783052733322e-03, 3.1810746952427166e-05,
          7.5357209743153071e-04, 1.9616847477430590e-04,
          3.0988960731360427e-03, 5.8231774560963290e-04,
          -2.1397692126279167e-03, 9.0327903815032081e-03,
          -1.4619712309838405e-02, -3.0689783052733322e-03,
          3.0534125117150465e-02, -1.4436971924254130e-04,
          -1.1064622351931227e-03, -3.5448841480178035e-04,
          -7.6212622126640732e-03, 7.6698207195339499e-04,
          -6.9678007234346782e-03, -1.5490631901304569e-02,
          1.5141174826555453e-04, 3.1810746952427159e-05,
          -1.4436971924254143e-04, 2.6890461648901472e-03,
          4.3938129613199975e-04, -2.5340226263694616e-04,
          1.8287136790227649e-04, -2.7593890612739700e-03,
          1.7532376250681815e-04, 5.4007023749584940e-04,
          2.0566114736344397e-03, 7.5357209743153071e-04,
          -1.1064622351931225e-03, 4.3938129613199975e-04,
          1.8298632010280959e-02, 5.5963304101488357e-04,
          1.3142680927666999e-03, -2.7766054161971168e-03,
          -2.1349445482906292e-03, 4.9074988491457508e-03,
          6.0661003297807540e-04, 1.9616847477430590e-04,
          -3.5448841480178035e-04, -2.5340226263694611e-04,
          5.5963304101488347e-04, 1.7499060252456601e-02,
          4.6735058654707280e-04, -7.7187411164759934e-04,
          -4.5933382210778242e-03, 1.7253173069060870e-03,
          7.3702070113269092e-03, 3.0988960731360422e-03,
          -7.6212622126640714e-03, 1.8287136790227641e-04,
          1.3142680927666997e-03, 4.6735058654707318e-04,
          1.0217690885844871e-02, 8.7145727927469513e-04,
          -6.3717516008499689e-03, 1.4534345337460126e-02,
          3.3699770937102997e-04, 5.8231774560963279e-04,
          7.6698207195339445e-04, -2.7593890612739700e-03,
          -2.7766054161971173e-03, -7.7187411164759891e-04,
          8.7145727927469578e-04, 3.5851100930446828e-02,
          -3.0206601685536182e-03, 3.9696428161264978e-03,
          -3.4709910961791862e-03, -2.1397692126279167e-03,
          -6.9678007234346782e-03, 1.7532376250681815e-04,
          -2.1349445482906296e-03, -4.5933382210778216e-03,
          -6.3717516008499680e-03, -3.0206601685536182e-03,
          2.2787674528445498e-01, -5.7213393984961135e-03,
          2.0238143883503104e-02, 9.0327903815032081e-03,
          -1.5490631901304569e-02, 5.4007023749584951e-04,
          4.9074988491457517e-03, 1.7253173069060870e-03,
          1.4534345337460126e-02, 3.9696428161264986e-03,
          -5.7213393984961169e-03, 1.6857796478482140e-01 ]
   - !!opencv-matrix
      rows: 10
      cols: 10
      dt: d
