%YAML:1.0
---
groups:
   - intact
   - CD19
intactGmmnames:
   - "intact.Bue080.0"
   - "intact.Bue080.1"
   - "intact.Bue080.2"
   - "intact.Bue080.3"
   - "intact.Bue080.4"
intactLabels:
   - FSC-A
   - SSC-A
   - SY41
   - CD19
   - CD10
   - CD20
   - CD45
   - CD34
   - CD38
   - CD58
intactMu: !!opencv-matrix
   rows: 5
   cols: 10
   dt: d
   data: [ 1.2551549855859763e+00, 2.9867273535556793e-01,
       2.6523321353575695e+00, 1.0588295259690665e+00,
       8.1534582077846463e-01, 9.4150816625611511e-01,
       1.4660050836808256e+00, 1.2730326106689092e+00,
       1.3421260289943966e+00, 2.5893892042857694e+00,
       9.7515421777852074e-01, 2.0845435072003313e-01,
       2.5121678681924258e+00, 1.0731749810876330e+00,
       8.0175917069292935e-01, 1.0404833591587763e+00,
       3.3259823876066186e+00, 1.2105097108918073e+00,
       1.8303939014949930e+00, 1.5954942732436357e+00,
       1.5385911848754354e+00, 3.5921934363229263e-01,
       2.2468947111867634e+00, 1.0601936356688269e+00,
       8.1586190202245767e-01, 1.0101743303361521e+00,
       3.5049905045134473e+00, 1.1157098227082198e+00,
       2.7476070204974201e+00, 2.2708889607952556e+00,
       2.1871536089466042e+00, 1.4011055233228944e+00,
       2.6033044154825631e+00, 1.2796833793488116e+00,
       1.7388457861500615e+00, 1.5283439092238695e+00,
       3.0623018537842008e+00, 1.5827507829868976e+00,
       2.0742591331362519e+00, 2.4347204336469099e+00,
       1.3956874946242104e+00, 2.7511528854378381e-01,
       2.3626097433363928e+00, 1.0571384935642369e+00,
       8.6685624656185023e-01, 1.1128409647371904e+00,
       3.3621541880823931e+00, 1.1652235002740110e+00,
       1.2321625956842728e+00, 2.1149465528908453e+00 ]
intactSigma:
   - !!opencv-matrix
      rows: 10
      cols: 10
      dt: d
      data: [ 1.7058867556378696e-01, 2.7327283509615011e-02,
          4.0517431004032142e-02, 2.5546797730404114e-03,
          7.1381875198998383e-03, 8.7333538349147546e-03,
          2.2248694693163429e-02, 8.9534570211729989e-03,
          6.2292807046929622e-03, 3.6126729009731427e-02,
          2.7327283509615011e-02, 9.3231567389598542e-03,
          8.1786957521233460e-03, 7.3430967257239442e-04,
          1.9950379486050789e-03, 2.5568877855742618e-03,
          5.9980964901505188e-03, 2.7992233796047452e-03,
          1.9817586425294981e-03, 1.0706659289411297e-02,
          4.0517431004032142e-02, 8.1786957521233477e-03,
          3.3620462835896182e-02, 1.3310520732352392e-03,
          2.2548153899738530e-03, 3.7434898888036167e-03,
          3.5131853731102964e-03, 4.3349572206237506e-03,
          1.4657904574178965e-03, 9.9988406905033474e-03,
          2.5546797730404110e-03, 7.3430967257239431e-04,
          1.3310520732352392e-03, 2.0449016607983261e-02,
          8.8953686545086702e-04, 2.0407448150207570e-05,
          1.2708640199231140e-03, -4.7437417333055180e-03,
          4.7287938382111990e-04, 1.2778336627136001e-03,
          7.1381875198998383e-03, 1.9950379486050789e-03,
          2.2548153899738525e-03, 8.8953686545086680e-04,
          3.3346586195562411e-02, 1.6541654520360806e-03,
          3.1802200834102753e-03, -1.8619670855096805e-03,
          8.9019261289894453e-04, -7.4628547719500816e-07,
          8.7333538349147546e-03, 2.5568877855742622e-03,
          3.7434898888036180e-03, 2.0407448150207106e-05,
          1.6541654520360806e-03, 7.8997926606887384e-02,
          6.0827299852323907e-03, 8.9390957478712279e-05,
          -1.5560143437053280e-03, 2.7890703618183672e-03,
          2.2248694693163429e-02, 5.9980964901505188e-03,
          3.5131853731102964e-03, 1.2708640199231140e-03,
          3.1802200834102766e-03, 6.0827299852323933e-03,
          4.1742661613102743e-02, 3.2128612606296555e-03,
          1.4738183773886475e-03, 6.5260973150254318e-03,
          8.9534570211729989e-03, 2.7992233796047452e-03,
          4.3349572206237506e-03, -4.7437417333055188e-03,
          -1.8619670855096800e-03, 8.9390957478712618e-05,
          3.2128612606296555e-03, 2.6369819032551142e-02,
          5.1958639799032120e-04, 3.5156921350795261e-03,
          6.2292807046929622e-03, 1.9817586425294981e-03,
          1.4657904574178959e-03, 4.7287938382111969e-04,
          8.9019261289894507e-04, -1.5560143437053280e-03,
          1.4738183773886475e-03, 5.1958639799032130e-04,
          3.5698647761612697e-03, 1.5992440967438459e-03,
          3.6126729009731427e-02, 1.0706659289411296e-02,
          9.9988406905033474e-03, 1.2778336627136005e-03,
          -7.4628547719484786e-07, 2.7890703618183663e-03,
          6.5260973150254335e-03, 3.5156921350795265e-03,
          1.5992440967438459e-03, 5.6290115778197654e-02 ]
   - !!opencv-matrix
      rows: 10
      cols: 10
      dt: d
      data: [ 2.4664836914565929e-02, 1.9287311345774047e-03,
          -2.2423980577544484e-02, -5.1325450104710245e-04,
          4.2953737247170275e-04, -2.5359667294430994e-03,
          2.1210252694554626e-03, -3.3831797364640712e-03,
          -7.0709610312754733e-03, 1.7380257062840350e-03,
          1.9287311345774051e-03, 2.8256240823942764e-03,
          -1.8110868677388158e-04, 3.3474584983051982e-04,
          8.7458373300567510e-04, 1.4033182623784494e-03,
          3.0804026576314392e-03, 9.8555176758153141e-04,
          -4.5002381213523250e-03, 1.2347820414523914e-02,
          -2.2423980577544488e-02, -1.8110868677388166e-04,
          6.5658923160943725e-02, 2.2228325467150843e-03,
          8.5870670763332801e-04, 1.0760664022429986e-02,
          1.1663881700733931e-03, 1.0935329942023840e-02,
          2.5505932215119150e-03, 9.0622540073679193e-03,
          -5.1325450104710234e-04, 3.3474584983051977e-04,
          2.2228325467150843e-03, 2.0219957321563002e-02,
          2.8005068552615706e-04, 2.4453119934076018e-03,
          -9.0307302275298421e-05, -3.1905164841677194e-03,
          -1.9742477105298876e-04, 2.7676156832519561e-03,
          4.2953737247170308e-04, 8.7458373300567510e-04,
          8.5870670763332866e-04, 2.8005068552615706e-04,
          2.2119239443851042e-02, 1.8343846206193908e-03,
          1.1007006068436732e-03, -1.0769297458253758e-03,
          -2.1716299235046178e-03, 1.2434406481194715e-03,
          -2.5359667294430990e-03, 1.4033182623784492e-03,
          1.0760664022429986e-02, 2.4453119934076022e-03,
          1.8343846206193908e-03, 1.0920199553795260e-01,
          1.3104494498167665e-03, 2.5048954135383520e-03,
          -6.7563152485145281e-03, 9.0267866373767922e-03,
          2.1210252694554626e-03, 3.0804026576314392e-03,
          1.1663881700733931e-03, -9.0307302275298421e-05,
          1.1007006068436728e-03, 1.3104494498167661e-03,
          1.3219308405152029e-02, 1.5059043779326014e-03,
          -8.1407932957482509e-03, 1.7285990244420655e-02,
          -3.3831797364640703e-03, 9.8555176758153141e-04,
          1.0935329942023836e-02, -3.1905164841677194e-03,
          -1.0769297458253755e-03, 2.5048954135383520e-03,
          1.5059043779326010e-03, 2.0753884245913547e-02,
          -3.6231285895503926e-03, 6.8314910115880633e-03,
          -7.0709610312754733e-03, -4.5002381213523233e-03,
          2.5505932215119142e-03, -1.9742477105298887e-04,
          -2.1716299235046187e-03, -6.7563152485145281e-03,
          -8.1407932957482509e-03, -3.6231285895503913e-03,
          1.5123094767753029e-01, -2.8157811214642749e-02,
          1.7380257062840361e-03, 1.2347820414523916e-02,
          9.0622540073679193e-03, 2.7676156832519561e-03,
          1.2434406481194719e-03, 9.0267866373767904e-03,
          1.7285990244420648e-02, 6.8314910115880667e-03,
          -2.8157811214642760e-02, 2.2728961980811629e-01 ]
   - !!opencv-matrix
      rows: 10
      cols: 10
      dt: d
