%YAML:1.0
---
groups:
   - intact
   - CD19
   - blast
intactGmmnames:
   - "intact.Bue088.0"
   - "intact.Bue088.1"
   - "intact.Bue088.2"
   - "intact.Bue088.3"
   - "intact.Bue088.4"
intactLabels:
   - FSC-A
   - SSC-A
   - SY41
   - CD19
   - CD10
   - CD20
   - CD45
   - CD34
   - CD38
   - CD58
intactMu: !!opencv-matrix
   rows: 5
   cols: 10
   dt: d
   data: [ 1.4094195722474026e+00, 2.6570461069558149e-01,
       1.8521681755437949e+00, 9.3078626092448402e-01,
       8.7433780243358750e-01, 9.2759364615106688e-01,
       3.2284745413351286e+00, 1.0645177694314718e+00,
       2.0158771739131374e+00, 1.9042426662703398e+00,
       2.5303437713030976e+00, 2.3690368647128124e+00,
       1.9643423560214122e+00, 1.1460987331326675e+00,
       1.7825710921178803e+00, 1.3787374575158298e+00,
       2.8201960339752463e+00, 2.0213995996014447e+00,
       2.1347452752461749e+00, 2.7713646828949017e+00,
       1.0987737058595923e+00, 2.5004340266018465e-01,
       2.0980444021687301e+00, 9.0389202421382897e-01,
       8.4921992330303997e-01, 8.7940422393408380e-01,
       1.4297919436856357e+00, 1.2360158677922664e+00,
       1.2778684398673545e+00, 2.6698376121523433e+00,
       1.2474508350167872e+00, 1.9318046643643688e-01,
       1.7079069890086058e+00, 8.9337086548243527e-01,
       8.4899192233665599e-01, 8.9836047912584582e-01,
       3.1328300471851613e+00, 1.0502436003220186e+00,
       1.7159569341367755e+00, 1.2395400453693830e+00,
       1.6650047549555720e+00, 5.0843410792324939e-01,
       2.1382078591616396e+00, 1.0940580870603618e+00,
       9.8559225539171114e-01, 1.1776760262577295e+00,
       2.2398170730753919e+00, 1.6270185998516138e+00,
       1.7425302678911847e+00, 2.3388365810386516e+00 ]
intactSigma:
   - !!opencv-matrix
      rows: 10
      cols: 10
      dt: d
      data: [ 9.3912787788788046e-02, 1.5320026639492751e-02,
          2.5150876718297681e-02, -1.7715573229155938e-03,
          2.1659959916607344e-03, -4.6142276027580182e-03,
          2.8527981973917382e-02, -1.2582130088636212e-02,
          5.0701865308768447e-02, 6.8409488015968800e-02,
          1.5320026639492751e-02, 7.0525360371265040e-03,
          -5.6322449486876096e-04, -3.8595332335400436e-05,
          8.8052523882696629e-04, -1.2401066716780521e-04,
          8.2706838319820744e-03, -2.1597601232211799e-03,
          1.5580867008087583e-02, 2.6025921876581766e-02,
          2.5150876718297677e-02, -5.6322449486876096e-04,
          5.2864126814454973e-02, -3.3425449554696351e-03,
          -4.1560385005293219e-04, -2.8139210639469767e-03,
          7.9763486481671761e-05, -2.3217651983312112e-03,
          -4.4215222564922919e-02, -4.9022416499166881e-03,
          -1.7715573229155944e-03, -3.8595332335400314e-05,
          -3.3425449554696351e-03, 3.3842579905550500e-02,
          2.2757787277498665e-05, -5.2785149246856915e-04,
          -1.1659982549320368e-03, -1.2358448025903628e-02,
          3.0636531270118016e-03, -9.2989857218133104e-04,
          2.1659959916607344e-03, 8.8052523882696629e-04,
          -4.1560385005293203e-04, 2.2757787277498665e-05,
          1.8866112034304956e-02, 8.5581704557290996e-04,
          1.1074167691788488e-03, -4.6282504077977240e-03,
          -2.4774054793948340e-03, 1.0778909250831891e-03,
          -4.6142276027580165e-03, -1.2401066716780486e-04,
          -2.8139210639469775e-03, -5.2785149246856883e-04,
          8.5581704557290920e-04, 9.1966611878796151e-02,
          -9.6814347413157241e-04, -9.4061882701487135e-04,
          -1.6210491537499861e-02, -4.0394996891087052e-03,
          2.8527981973917375e-02, 8.2706838319820744e-03,
          7.9763486481671856e-05, -1.1659982549320370e-03,
          1.1074167691788490e-03, -9.6814347413157241e-04,
          2.9124339972292936e-02, -8.8304534926442295e-03,
          2.7863130502578905e-02, 4.0275227549241233e-02,
          -1.2582130088636215e-02, -2.1597601232211799e-03,
          -2.3217651983312095e-03, -1.2358448025903628e-02,
          -4.6282504077977240e-03, -9.4061882701487103e-04,
          -8.8304534926442312e-03, 9.7682780764308488e-02,
          -2.5949041120844788e-02, -1.1914405440192661e-02,
          5.0701865308768461e-02, 1.5580867008087584e-02,
          -4.4215222564922919e-02, 3.0636531270118025e-03,
          -2.4774054793948340e-03, -1.6210491537499865e-02,
          2.7863130502578912e-02, -2.5949041120844795e-02,
          5.3861709963050430e-01, 8.1490900932244467e-02,
          6.8409488015968800e-02, 2.6025921876581766e-02,
          -4.9022416499166889e-03, -9.2989857218133071e-04,
          1.0778909250831901e-03, -4.0394996891087061e-03,
          4.0275227549241233e-02, -1.1914405440192668e-02,
          8.1490900932244453e-02, 1.9879862521208336e-01 ]
   - !!opencv-matrix
      rows: 10
      cols: 10
      dt: d
      data: [ 1.0141562097183662e-01, 1.2616513087650044e-01,
          1.4762178383673949e-02, 9.4739957072674484e-03,
          1.9533239932661997e-02, 3.5984186328361492e-02,
          1.0427124690361602e-02, 3.5764073965585556e-02,
          2.3341843324310878e-02, 1.4852186852910549e-02,
          1.2616513087650044e-01, 3.1673054480125851e-01,
          2.5349194783443340e-02, 1.3443729080099266e-02,
          5.0240568850683752e-02, 4.4307566429833446e-02,
          2.3034480371589405e-02, 4.8878439817460623e-02,
          4.8197439551128825e-02, 2.0673501816149718e-02,
          1.4762178383673948e-02, 2.5349194783443340e-02,
          1.3938902231584791e-02, -7.1559327114973596e-04,
          -1.4694828651655067e-02, 9.5330974142961156e-03,
          -6.0826864192846629e-03, 8.6766975927395750e-03,
          9.1390093434518677e-03, 2.4130526074536045e-03,
          9.4739957072674519e-03, 1.3443729080099271e-02,
          -7.1559327114973617e-04, 1.1603744766152281e-01,
          1.8543015908031493e-02, 1.0789374487714649e-02,
          9.4394477853045073e-03, -4.8058307948868860e-03,
          1.6277878777518188e-03, 4.9785592483979381e-03,
          1.9533239932661997e-02, 5.0240568850683752e-02,
          -1.4694828651655067e-02, 1.8543015908031497e-02,
          1.9507145171882184e-01, 1.5210660721019870e-02,
          4.0126287221989729e-02, 6.5782186166831414e-03,
          -1.3731512360806317e-02, 3.5740146990864531e-03,
          3.5984186328361492e-02, 4.4307566429833460e-02,
          9.5330974142961156e-03, 1.0789374487714647e-02,
          1.5210660721019875e-02, 1.0842506878690893e-01,
          1.1234523935045692e-02, 3.4309780318643582e-02,
          8.3523637741585264e-04, 1.0487396126587233e-02,
          1.0427124690361599e-02, 2.3034480371589405e-02,
          -6.0826864192846629e-03, 9.4394477853045073e-03,
          4.0126287221989729e-02, 1.1234523935045693e-02,
          2.6636793745328249e-02, 7.7085544604983324e-03,
          -7.0486831823320453e-03, 4.1731229934669186e-03,
          3.5764073965585556e-02, 4.8878439817460623e-02,
          8.6766975927395767e-03, -4.8058307948868860e-03,
          6.5782186166831406e-03, 3.4309780318643568e-02,
          7.7085544604983324e-03, 7.5329002998816799e-02,
          4.7989937284138202e-03, 9.3529380361085379e-03,
          2.3341843324310878e-02, 4.8197439551128825e-02,
          9.1390093434518677e-03, 1.6277878777518193e-03,
          -1.3731512360806317e-02, 8.3523637741585199e-04,
          -7.0486831823320445e-03, 4.7989937284138185e-03,
          5.8970592614415680e-02, 8.7613976344228881e-03,
          1.4852186852910549e-02, 2.0673501816149718e-02,
          2.4130526074536045e-03, 4.9785592483979381e-03,
          3.5740146990864536e-03, 1.0487396126587233e-02,
          4.1731229934669177e-03, 9.3529380361085379e-03,
          8.7613976344228899e-03, 1.0764392243381694e-02 ]
   - !!opencv-matrix
      rows: 10
      cols: 10
      dt: d
