%YAML:1.0
---
groups:
   - intact
   - CD19
   - blast
intactGmmnames:
   - "intact.Bue088.0"
   - "intact.Bue088.1"
   - "intact.Bue088.2"
   - "intact.Bue088.3"
   - "intact.Bue088.4"
intactLabels:
   - FSC-A
   - SSC-A
   - SY41
   - CD19
   - CD10
   - CD20
   - CD45
   - CD34
   - CD38
   - CD58
intactMu: !!opencv-matrix
   rows: 5
   cols: 10
   dt: d
   data: [ 1.4094195722474026e+00, 2.6570461069558149e-01,
       1.8521681755437949e+00, 9.3078626092448402e-01,
       8.7433780243358750e-01, 9.2759364615106688e-01,
       3.2284745413351286e+00, 1.0645177694314718e+00,
       2.0158771739131374e+00, 1.9042426662703398e+00,
       2.5303437713030976e+00, 2.3690368647128124e+00,
       1.9643423560214122e+00, 1.1460987331326675e+00,
       1.7825710921178803e+00, 1.3787374575158298e+00,
       2.8201960339752463e+00, 2.0213995996014447e+00,
       2.1347452752461749e+00, 2.7713646828949017e+00,
       1.0987737058595923e+00, 2.5004340266018465e-01,
       2.0980444021687301e+00, 9.0389202421382897e-01,
       8.4921992330303997e-01, 8.7940422393408380e-01,
       1.4297919436856357e+00, 1.2360158677922664e+00,
       1.2778684398673545e+00, 2.6698376121523433e+00,
       1.2474508350167872e+00, 1.9318046643643688e-01,
       1.7079069890086058e+00, 8.9337086548243527e-01,
       8.4899192233665599e-01, 8.9836047912584582e-01,
       3.1328300471851613e+00, 1.0502436003220186e+00,
       1.7159569341367755e+00, 1.2395400453693830e+00,
       1.6650047549555720e+00, 5.0843410792324939e-01,
       2.1382078591616396e+00, 1.0940580870603618e+00,
       9.8559225539171114e-01, 1.1776760262577295e+00,
       2.2398170730753919e+00, 1.6270185998516138e+00,
       1.7425302678911847e+00, 2.3388365810386516e+00 ]
intactSigma:
   - !!opencv-matrix
      rows: 10
      cols: 10
      dt: d
      data: [ 9.3912787788788046e-02, 1.5320026639492751e-02,
          2.5150876718297681e-02, -1.7715573229155938e-03,
          2.1659959916607344e-03, -4.6142276027580182e-03,
          2.8527981973917382e-02, -1.2582130088636212e-02,
          5.0701865308768447e-02, 6.8409488015968800e-02,
          1.5320026639492751e-02, 7.0525360371265040e-03,
          -5.6322449486876096e-04, -3.8595332335400436e-05,
          8.8052523882696629e-04, -1.2401066716780521e-04,
          8.2706838319820744e-03, -2.1597601232211799e-03,
          1.5580867008087583e-02, 2.6025921876581766e-02,
          2.5150876718297677e-02, -5.6322449486876096e-04,
          5.2864126814454973e-02, -3.3425449554696351e-03,
          -4.1560385005293219e-04, -2.8139210639469767e-03,
          7.9763486481671761e-05, -2.3217651983312112e-03,
          -4.4215222564922919e-02, -4.9022416499166881e-03,
          -1.7715573229155944e-03, -3.8595332335400314e-05,
          -3.3425449554696351e-03, 3.3842579905550500e-02,
          2.2757787277498665e-05, -5.2785149246856915e-04,
          -1.1659982549320368e-03, -1.2358448025903628e-02,
          3.0636531270118016e-03, -9.2989857218133104e-04,
          2.1659959916607344e-03, 8.8052523882696629e-04,
          -4.1560385005293203e-04, 2.2757787277498665e-05,
          1.8866112034304956e-02, 8.5581704557290996e-04,
          1.1074167691788488e-03, -4.6282504077977240e-03,
          -2.4774054793948340e-03, 1.0778909250831891e-03,
          -4.6142276027580165e-03, -1.2401066716780486e-04,
          -2.8139210639469775e-03, -5.2785149246856883e-04,
          8.5581704557290920e-04, 9.1966611878796151e-02,
          -9.6814347413157241e-04, -9.4061882701487135e-04,
          -1.6210491537499861e-02, -4.0394996891087052e-03,
          2.8527981973917375e-02, 8.2706838319820744e-03,
          7.9763486481671856e-05, -1.1659982549320370e-03,
          1.1074167691788490e-03, -9.6814347413157241e-04,
          2.9124339972292936e-02, -8.8304534926442295e-03,
          2.7863130502578905e-02, 4.0275227549241233e-02,
          -1.2582130088636215e-02, -2.1597601232211799e-03,
          -2.3217651983312095e-03, -1.2358448025903628e-02,
          -4.6282504077977240e-03, -9.4061882701487103e-04,
          -8.8304534926442312e-03, 9.7682780764308488e-02,
          -2.5949041120844788e-02, -1.1914405440192661e-02,
          5.0701865308768461e-02, 1.5580867008087584e-02,
          -4.4215222564922919e-02, 3.0636531270118025e-03,
          -2.4774054793948340e-03, -1.6210491537499865e-02,
          2.7863130502578912e-02, -2.5949041120844795e-02,
          5.3861709963050430e-01, 8.1490900932244467e-02,
          6.8409488015968800e-02, 2.6025921876581766e-02,
          -4.9022416499166889e-03, -9.2989857218133071e-04,
          1.0778909250831901e-03, -4.0394996891087061e-03,
          4.0275227549241233e-02, -1.1914405440192668e-02,
          8.1490900932244453e-02, 1.9879862521208336e-01 ]
   - !!opencv-matrix
      rows: 10
      cols: 10
      dt: d
      data: [ 1.0141562097183662e-01, 1.2616513087650044e-01,
          1.4762178383673949e-02, 9.4739957072674484e-03,
          1.9533239932661997e-02, 3.5984186328361492e-02,
          1.0427124690361602e-02, 3.5764073965585556e-02,
          2.3341843324310878e-02, 1.4852186852910549e-02,
          1.2616513087650044e-01, 3.1673054480125851e-01,
          2.5349194783443340e-02, 1.3443729080099266e-02,
          5.0240568850683752e-02, 4.4307566429833446e-02,
          2.3034480371589405e-02, 4.8878439817460623e-02,
          4.8197439551128825e-02, 2.0673501816149718e-02,
          1.4762178383673948e-02, 2.5349194783443340e-02,
          1.3938902231584791e-02, -7.1559327114973596e-04,
          -1.4694828651655067e-02, 9.5330974142961156e-03,
          -6.0826864192846629e-03, 8.6766975927395750e-03,
          9.1390093434518677e-03, 2.4130526074536045e-03,
          9.4739957072674519e-03, 1.3443729080099271e-02,
          -7.1559327114973617e-04, 1.1603744766152281e-01,
          1.8543015908031493e-02, 1.0789374487714649e-02,
          9.4394477853045073e-03, -4.8058307948868860e-03,
          1.6277878777518188e-03, 4.9785592483979381e-03,
          1.9533239932661997e-02, 5.0240568850683752e-02,
          -1.4694828651655067e-02, 1.8543015908031497e-02,
          1.9507145171882184e-01, 1.5210660721019870e-02,
          4.0126287221989729e-02, 6.5782186166831414e-03,
          -1.3731512360806317e-02, 3.5740146990864531e-03,
          3.5984186328361492e-02, 4.4307566429833460e-02,
          9.5330974142961156e-03, 1.0789374487714647e-02,
          1.5210660721019875e-02, 1.0842506878690893e-01,
          1.1234523935045692e-02, 3.4309780318643582e-02,
          8.3523637741585264e-04, 1.0487396126587233e-02,
          1.0427124690361599e-02, 2.3034480371589405e-02,
          -6.0826864192846629e-03, 9.4394477853045073e-03,
          4.0126287221989729e-02, 1.1234523935045693e-02,
          2.6636793745328249e-02, 7.7085544604983324e-03,
          -7.0486831823320453e-03, 4.1731229934669186e-03,
          3.5764073965585556e-02, 4.8878439817460623e-02,
          8.6766975927395767e-03, -4.8058307948868860e-03,
          6.5782186166831406e-03, 3.4309780318643568e-02,
          7.7085544604983324e-03, 7.5329002998816799e-02,
          4.7989937284138202e-03, 9.3529380361085379e-03,
          2.3341843324310878e-02, 4.8197439551128825e-02,
          9.1390093434518677e-03, 1.6277878777518193e-03,
          -1.3731512360806317e-02, 8.3523637741585199e-04,
          -7.0486831823320445e-03, 4.7989937284138185e-03,
          5.8970592614415680e-02, 8.7613976344228881e-03,
          1.4852186852910549e-02, 2.0673501816149718e-02,
          2.4130526074536045e-03, 4.9785592483979381e-03,
          3.5740146990864536e-03, 1.0487396126587233e-02,
          4.1731229934669177e-03, 9.3529380361085379e-03,
          8.7613976344228899e-03, 1.0764392243381694e-02 ]
   - !!opencv-matrix
      rows: 10
      cols: 10
      dt: d
      data: [ 1.1408160922657958e-01, 2.1379975387213982e-02,
          3.7011024378853966e-02, 1.5540391753541768e-03,
          5.5016987562039694e-03, 3.6758924905504766e-03,
          1.8029250940253996e-02, 1.1860868871497461e-02,
          6.8799514353273545e-03, 3.4798793450955448e-02,
          2.1379975387213982e-02, 7.4172849817968961e-03,
          8.0553164199197794e-03, 7.7150775768346192e-04,
          1.7112412406131703e-03, 1.4118572324150385e-03,
          5.3978888388815094e-03, 5.5581598211520734e-03,
          2.5740111977733617e-03, 1.0457523470225145e-02,
          3.7011024378853966e-02, 8.0553164199197794e-03,
          3.0249432276146890e-02, 7.1252032050450576e-04,
          2.0554087853347663e-03, 1.9104073472585160e-03,
          5.0478256573237507e-03, 8.0927015733856904e-03,
          2.3291491826339457e-03, 1.2941789386359195e-02,
          1.5540391753541773e-03, 7.7150775768346171e-04,
          7.1252032050450609e-04, 3.1670119085297377e-02,
          3.1744992374787857e-04, -1.0699937477029523e-03,
          7.4392949426338158e-04, -1.5016184361578309e-02,
          6.7370161924567727e-04, 1.0779575527495716e-03,
          5.5016987562039694e-03, 1.7112412406131703e-03,
          2.0554087853347667e-03, 3.1744992374787873e-04,
          2.4184908482348336e-02, 1.1498797285752549e-03,
          1.7617947598331451e-03, -3.6591057605220765e-03,
          7.6263773226425079e-04, 9.1565764725445951e-04,
          3.6758924905504779e-03, 1.4118572324150383e-03,
          1.9104073472585149e-03, -1.0699937477029523e-03,
          1.1498797285752545e-03, 4.7788095220753300e-02,
          1.7212918317373704e-03, -1.7199820879930934e-03,
          -9.3094585331116985e-04, 1.5513078599425443e-03,
          1.8029250940253996e-02, 5.3978888388815094e-03,
          5.0478256573237507e-03, 7.4392949426338158e-04,
          1.7617947598331451e-03, 1.7212918317373704e-03,
          1.4443221481312737e-02, 4.9478383257092733e-03,
          2.3446717627279645e-03, 7.3812879943316121e-03,
          1.1860868871497454e-02, 5.5581598211520734e-03,
          8.0927015733856904e-03, -1.5016184361578313e-02,
          -3.6591057605220765e-03, -1.7199820879930934e-03,
          4.9478383257092733e-03, 9.9602450195252087e-02,
          3.4427617497393924e-03, 5.4060612378276293e-03,
          6.8799514353273545e-03, 2.5740111977733612e-03,
          2.3291491826339457e-03, 6.7370161924567738e-04,
          7.6263773226425112e-04, -9.3094585331116985e-04,
          2.3446717627279645e-03, 3.4427617497393916e-03,
          5.2030057373268768e-03, 2.8951936445520588e-03,
          3.4798793450955441e-02, 1.0457523470225145e-02,
          1.2941789386359195e-02, 1.0779575527495716e-03,
          9.1565764725445951e-04, 1.5513078599425447e-03,
          7.3812879943316121e-03, 5.4060612378276311e-03,
          2.8951936445520588e-03, 2.7772985041755401e-02 ]
   - !!opencv-matrix
      rows: 10
      cols: 10
      dt: d
      data: [ 2.1458132735116143e-02, 4.4428486222949847e-03,
          1.4866468339821976e-03, -9.7512547630665984e-06,
          1.7006358643973688e-03, 1.3108749006957962e-03,
          6.3090466399401517e-03, 3.9238255810700715e-04,
          -2.2914005834989096e-02, 2.0122370764193213e-02,
          4.4428486222949847e-03, 2.3453455579716038e-03,
          -1.5495869413424077e-04, -3.1976763667604332e-05,
          5.7062426332986490e-04, 4.2250373627968811e-04,
          2.5912672472697853e-03, 1.5299702681659510e-04,
          -7.0150394448770820e-03, 1.2335087509176900e-02,
          1.4866468339821970e-03, -1.5495869413424083e-04,
          8.4372543008267836e-03, -3.8755932613587313e-05,
          1.3267955178021139e-04, -3.7608174842539152e-05,
          -2.9877157371969295e-03, 9.6301318480518426e-04,
          -7.5032352415140479e-03, -2.2104195380384926e-03,
          -9.7512547630665002e-06, -3.1976763667604346e-05,
          -3.8755932613587272e-05, 2.1745936667542466e-02,
          2.3448027230088806e-05, -1.3835773344832701e-03,
          -1.0885932243707655e-04, -1.1527268094110844e-02,
          -7.7727906270477611e-06, -9.6674070922576666e-04,
          1.7006358643973688e-03, 5.7062426332986490e-04,
          1.3267955178021155e-04, 2.3448027230088820e-05,
          1.5257599531016965e-02, 4.4595122947739210e-04,
          7.2506998995969425e-04, -4.0853248313350082e-03,
          -4.5087035638133773e-03, 3.9271874331874284e-04,
          1.3108749006957962e-03, 4.2250373627968822e-04,
          -3.7608174842539220e-05, -1.3835773344832705e-03,
          4.4595122947739232e-04, 5.6419844334320485e-02,
          6.8478128852627533e-04, -2.9779926380922328e-03,
          -6.1370759962074781e-03, 2.2987955223392393e-03,
          6.3090466399401525e-03, 2.5912672472697849e-03,
          -2.9877157371969295e-03, -1.0885932243707661e-04,
          7.2506998995969382e-04, 6.8478128852627544e-04,
          1.1164066764880999e-02, -6.5338259271268415e-04,
          -4.1720284626207468e-03, 9.2089015270118181e-03,
          3.9238255810700759e-04, 1.5299702681659521e-04,
          9.6301318480518404e-04, -1.1527268094110844e-02,
          -4.0853248313350082e-03, -2.9779926380922332e-03,
          -6.5338259271268382e-04, 7.0972455413498461e-02,
          -6.3416265072158626e-03, 4.9471292497249341e-03,
          -2.2914005834989096e-02, -7.0150394448770820e-03,
          -7.5032352415140479e-03, -7.7727906270473613e-06,
          -4.5087035638133781e-03, -6.1370759962074781e-03,
          -4.1720284626207468e-03, -6.3416265072158608e-03,
          1.9905473480908731e-01, -4.0967683225978734e-02,
          2.0122370764193213e-02, 1.2335087509176898e-02,
          -2.2104195380384926e-03, -9.6674070922576634e-04,
          3.9271874331874273e-04, 2.2987955223392393e-03,
          9.2089015270118181e-03, 4.9471292497249349e-03,
          -4.0967683225978727e-02, 1.9116254200168625e-01 ]
   - !!opencv-matrix
      rows: 10
      cols: 10
      dt: d
      data: [ 6.1240529584312031e-01, 1.6162902753683822e-01,
          -2.0214206402510283e-03, -3.5839086974211805e-03,
          3.1232467896252121e-02, -4.3645302032280238e-02,
          2.3419789145444816e-01, -1.2651923127775393e-02,
          1.5832395936026136e-01, 1.7247235735027289e-01,
          1.6162902753683825e-01, 1.4279499062994291e-01,
          -2.8319100096009689e-03, 2.5450290826152151e-02,
          3.2556074617386473e-02, 2.8513178004483310e-02,
          1.0443952090764048e-01, 4.5027331639977283e-02,
          9.9846108308697029e-02, 1.0311835731042571e-01,
          -2.0214206402510287e-03, -2.8319100096009671e-03,
          1.0717537665591871e-01, -2.5147772655979453e-03,
          -5.6752522588898700e-03, 1.7161956136434894e-02,
          -7.6429331792187721e-02, 7.2329000225167112e-02,
          -1.4444943840193123e-02, 5.1135550674213839e-02,
          -3.5839086974211792e-03, 2.5450290826152151e-02,
          -2.5147772655979453e-03, 1.6413505372312198e-01,
          1.8676387370665216e-02, 1.0984570526895900e-01,
          7.2849423899170401e-02, 3.5824359795486857e-02,
          2.3602796955484475e-02, 5.3528986024521663e-03,
          3.1232467896252124e-02, 3.2556074617386466e-02,
          -5.6752522588898700e-03, 1.8676387370665216e-02,
          7.8367573360522469e-02, 2.7427837944184397e-02,
          6.3919959881015884e-02, 2.0744238071140654e-02,
          1.7689626908337405e-02, 1.0846784072897474e-02,
          -4.3645302032280238e-02, 2.8513178004483310e-02,
          1.7161956136434894e-02, 1.0984570526895900e-01,
          2.7427837944184387e-02, 2.9681853298067545e-01,
          7.1184061107713859e-02, 1.5401769123861703e-01,
          1.0496417797837467e-03, 1.5106426367377721e-02,
          2.3419789145444808e-01, 1.0443952090764048e-01,
          -7.6429331792187694e-02, 7.2849423899170401e-02,
          6.3919959881015884e-02, 7.1184061107713886e-02,
          5.8153131116334011e-01, 6.8657991572753478e-03,
          2.2810867114570074e-01, -2.4388195201044176e-02,
          -1.2651923127775404e-02, 4.5027331639977283e-02,
          7.2329000225167112e-02, 3.5824359795486857e-02,
          2.0744238071140654e-02, 1.5401769123861703e-01,
          6.8657991572753461e-03, 3.2485594876822432e-01,
          3.8406897460794696e-02, 1.0130510063579595e-01,
          1.5832395936026136e-01, 9.9846108308697015e-02,
          -1.4444943840193123e-02, 2.3602796955484482e-02,
          1.7689626908337402e-02, 1.0496417797837463e-03,
          2.2810867114570074e-01, 3.8406897460794703e-02,
          3.6136981002629909e-01, 6.8954194907050015e-02,
          1.7247235735027291e-01, 1.0311835731042571e-01,
          5.1135550674213853e-02, 5.3528986024521706e-03,
          1.0846784072897474e-02, 1.5106426367377716e-02,
          -2.4388195201044176e-02, 1.0130510063579595e-01,
          6.8954194907050001e-02, 3.1318856001188722e-01 ]
intactC: !!opencv-matrix
   rows: 1
   cols: 5
   dt: d
   data: [ 1.6055099184043331e-01, 9.1966595034871673e-02,
       2.3861428588733397e-01, 2.5907969650159057e-01,
       6.0831957554992655e-02 ]
intactNumEvents: 135072.
intactMaxVals: !!opencv-matrix
   rows: 1
   cols: 10
   dt: d
   data: [ 4.5000000000000000e+00, 4.5000000000000000e+00,
       4.5000000000000000e+00, 4.5000000000000000e+00,
       4.5000000000000000e+00, 4.5000000000000000e+00,
       4.5000000000000000e+00, 4.5000000000000000e+00,
       4.5000000000000000e+00, 4.5000000000000000e+00 ]
CD19Gmmnames:
   - "CD19.Bue088.0"
   - "CD19.Bue088.1"
CD19Labels:
   - FSC-A
   - SSC-A
   - SY41
   - CD19
   - CD10
   - CD20
   - CD45
   - CD34
   - CD38
   - CD58
CD19Mu: !!opencv-matrix
   rows: 2
   cols: 10
   dt: d
   data: [ 1.5227860087651981e+00, 3.2537051532329764e-01,
       1.8751795206580393e+00, 2.9189665026964100e+00,
       1.0515883513334856e+00, 3.0199573697675910e+00,
       3.0445456540880360e+00, 1.1368655164577162e+00,
       1.6956320731495669e+00, 1.8892969502313315e+00,
       1.2138207780861376e+00, 1.9504415839624445e-01,
       1.6152593752151594e+00, 3.0987600095514107e+00,
       8.5763654916574494e-01, 3.2839798494115526e+00,
       3.1085486872485726e+00, 9.5265868578995705e-01,
       1.2581691015601217e+00, 1.4303543387634314e+00 ]
CD19Sigma:
   - !!opencv-matrix
      rows: 10
      cols: 10
      dt: d
      data: [ 3.4000305834623873e-01, 6.1224607129390485e-02,
          3.8750798730638747e-02, 5.0736123821356165e-02,
          -2.4890345834729200e-02, -4.2935868931193374e-02,
          7.9030999777942604e-02, -3.4493680817937668e-02,
          1.6492367887981757e-01, 1.3590034665293507e-01,
          6.1224607129390492e-02, 3.0650099444700915e-02,
          4.4104825672698581e-03, 1.1094024085516048e-02,
          -7.8876827663569935e-03, -2.6955824993365865e-02,
          1.7138353386371308e-02, 1.1271169126366175e-02,
          6.8609189232917783e-02, 5.7956297885326115e-02,
          3.8750798730638747e-02, 4.4104825672698590e-03,
          1.0270817808004273e-01, -1.4736766056879564e-02,
          -2.9772031063688961e-02, -4.0382579035474535e-02,
          -1.1683304003441111e-02, 5.8902682438373280e-02,
          4.5364448596064651e-02, 3.1152940491990237e-02,
          5.0736123821356165e-02, 1.1094024085516054e-02,
          -1.4736766056879564e-02, 1.0970871360999736e-01,
          1.5276437037246291e-02, 1.3576821102275033e-01,
          4.9889338800982036e-02, -5.3039953638494876e-02,
          -5.9708750242469168e-02, 1.5039421594041652e-02,
          -2.4890345834729200e-02, -7.8876827663569953e-03,
          -2.9772031063688961e-02, 1.5276437037246291e-02,
          1.2426751574805578e-01, 4.8606933381227582e-02,
          1.2469433464918562e-02, -3.2354223601689033e-02,
          -1.7275384656370643e-02, -2.2808584181476195e-02,
          -4.2935868931193374e-02, -2.6955824993365858e-02,
          -4.0382579035474535e-02, 1.3576821102275033e-01,
          4.8606933381227575e-02, 6.1613285000640694e-01,
          4.2150501956990161e-02, -1.4702172087053225e-02,
          -4.9220287891728359e-01, -9.4372842821376854e-02,
          7.9030999777942604e-02, 1.7138353386371308e-02,
          -1.1683304003441111e-02, 4.9889338800982036e-02,
          1.2469433464918564e-02, 4.2150501956990175e-02,
          9.1887391593592757e-02, -4.7601511427301124e-02,
          1.5159849928273799e-02, 4.5172926321341018e-02,
          -3.4493680817937668e-02, 1.1271169126366170e-02,
          5.8902682438373280e-02, -5.3039953638494876e-02,
          -3.2354223601689040e-02, -1.4702172087053234e-02,
          -4.7601511427301138e-02, 4.0434311703051257e-01,
          -2.9759262589334985e-02, 5.2973203839377953e-02,
          1.6492367887981757e-01, 6.8609189232917783e-02,
          4.5364448596064651e-02, -5.9708750242469168e-02,
          -1.7275384656370647e-02, -4.9220287891728359e-01,
          1.5159849928273794e-02, -2.9759262589334978e-02,
          8.3092551366595957e-01, 1.9688205210339893e-01,
          1.3590034665293507e-01, 5.7956297885326115e-02,
          3.1152940491990237e-02, 1.5039421594041653e-02,
          -2.2808584181476195e-02, -9.4372842821376854e-02,
          4.5172926321341011e-02, 5.2973203839377953e-02,
          1.9688205210339893e-01, 2.6138622966989322e-01 ]
   - !!opencv-matrix
      rows: 10
      cols: 10
      dt: d
      data: [ 2.6922086533351239e-02, 6.2368049229789011e-03,
          4.0190980815531891e-03, 9.4602483038337837e-03,
          8.2066456973082169e-04, 1.3886174781016761e-02,
          1.2268648695247979e-02, -2.6337022738173225e-03,
          -8.5328257101512598e-03, 2.7399001686365169e-02,
          6.2368049229789011e-03, 3.2598269934904531e-03,
          -1.3549725687817020e-04, 3.5734981257126534e-03,
          3.7672205449241803e-04, 5.1978810370846788e-03,
          3.9384960421130046e-03, -1.8427333385361857e-04,
          -2.7813294315100923e-03, 1.5907021979100808e-02,
          4.0190980815531891e-03, -1.3549725687817020e-04,
          3.2472343580668556e-02, -3.5244135376958649e-03,
          -1.1285906767392582e-03, -3.0236639923756203e-03,
          -1.6703128071805075e-03, -1.5968451592763447e-03,
          -1.5713178521274721e-03, 3.2711114331612345e-03,
          9.4602483038337855e-03, 3.5734981257126534e-03,
          -3.5244135376958649e-03, 3.5520617882152945e-02,
          -3.0379551618006022e-03, 1.8587507383862872e-02,
          1.4624811813612724e-02, -1.4053802564452489e-02,
          -1.6161555056795475e-03, 1.0421678534545930e-02,
          8.2066456973082223e-04, 3.7672205449241808e-04,
          -1.1285906767392580e-03, -3.0379551618006017e-03,
          2.9847833185196140e-02, 1.2346535649619655e-03,
          4.6970218029912335e-04, -1.1885753801832500e-03,
          4.3538276380553041e-03, -3.7469985687726471e-04,
          1.3886174781016761e-02, 5.1978810370846788e-03,
          -3.0236639923756207e-03, 1.8587507383862875e-02,
          1.2346535649619666e-03, 3.3755373668014871e-02,
          1.1928516553659275e-02, -3.8955030744615179e-03,
          -8.7556258149591171e-03, 1.6335051411910214e-02,
          1.2268648695247979e-02, 3.9384960421130046e-03,
          -1.6703128071805071e-03, 1.4624811813612724e-02,
          4.6970218029912346e-04, 1.1928516553659275e-02,
          2.0051899905390691e-02, -3.5961972248958747e-03,
          -3.4029040113329237e-03, 1.6478830704241852e-02,
          -2.6337022738173203e-03, -1.8427333385361849e-04,
          -1.5968451592763438e-03, -1.4053802564452484e-02,
          -1.1885753801832502e-03, -3.8955030744615179e-03,
          -3.5961972248958747e-03, 2.4496744547006757e-01,
          -1.3605792217446899e-03, 3.5935589013221980e-03,
          -8.5328257101512615e-03, -2.7813294315100915e-03,
          -1.5713178521274723e-03, -1.6161555056795468e-03,
          4.3538276380553050e-03, -8.7556258149591171e-03,
          -3.4029040113329237e-03, -1.3605792217446897e-03,
          7.1078448565445138e-02, -1.4737193082448721e-02,
          2.7399001686365169e-02, 1.5907021979100808e-02,
          3.2711114331612336e-03, 1.0421678534545929e-02,
          -3.7469985687726487e-04, 1.6335051411910214e-02,
          1.6478830704241852e-02, 3.5935589013222002e-03,
          -1.4737193082448721e-02, 1.7322160491171978e-01 ]
CD19C: !!opencv-matrix
   rows: 1
   cols: 2
   dt: d
   data: [ 1.7726967548617970e-02, 1.7087523851475347e-01 ]
CD19NumEvents: 31410.
CD19MaxVals: !!opencv-matrix
   rows: 1
   cols: 10
   dt: d
   data: [ 4.5000000000000000e+00, 4.5000000000000000e+00,
       4.5000000000000000e+00, 4.5000000000000000e+00,
       4.5000000000000000e+00, 4.5000000000000000e+00,
       4.5000000000000000e+00, 4.5000000000000000e+00,
       4.5000000000000000e+00, 4.5000000000000000e+00 ]
blastGmmnames:
   - "blast.Bue088.0"
blastLabels:
   - FSC-A
   - SSC-A
   - SY41
   - CD19
   - CD10
   - CD20
   - CD45
   - CD34
   - CD38
   - CD58
blastMu: !!opencv-matrix
   rows: 1
   cols: 10
   dt: d
   data: [ 1.4559074872631137e+00, 2.7679087752002779e-01,
       1.9157986095396138e+00, 2.9251008437851729e+00,
       2.7677151752730547e+00, 1.8267180596367787e+00,
       1.7419734001159668e+00, 1.0061437758475036e+00,
       2.5643481622307989e+00, 2.4980432542703919e+00 ]
blastSigma:
   - !!opencv-matrix
      rows: 10
      cols: 10
      dt: d
      data: [ 1.1760884239444129e-01, 2.2426952867121978e-02,
          -3.5680094396651012e-03, 3.7441059278565614e-02,
          3.2614889796590989e-02, 2.3603688831170772e-02,
          9.3116091730171303e-03, 1.1114642513250153e-02,
          -1.9389922946731152e-02, 4.1647911085851461e-02,
          2.2426952867121978e-02, 9.9892682978886399e-03,
          -5.5962930027023215e-04, 1.5981308667109968e-02,
          6.3035024011924628e-03, 1.3584609666829613e-02,
          7.0546088819929869e-03, 4.9732777898026251e-03,
          -1.0784108288757680e-02, 1.4077861291878106e-02,
          -3.5680094396651012e-03, -5.5962930027023215e-04,
          1.3401446447126170e-02, -7.4523084056549839e-03,
          -2.0414848156014888e-03, -2.9650642804521128e-02,
          -2.0438980687183684e-02, -7.6984887600140680e-03,
          -6.9526852884893211e-03, 8.9565040787538356e-03,
          3.7441059278565614e-02, 1.5981308667109968e-02,
          -7.4523084056549839e-03, 1.1430812981059599e-01,
          -1.0681228126040752e-02, 7.5869813662853822e-02,
          3.4365126468764030e-02, -3.0472626356423543e-02,
          6.8804002757141564e-03, -1.4205630094139483e-02,
          3.2614889796590989e-02, 6.3035024011924628e-03,
          -2.0414848156014888e-03, -1.0681228126040752e-02,
          6.2984499401540606e-02, -2.3953161428997002e-02,
          -1.7324430427973866e-02, 1.8405200716802197e-02,
          -1.7097923401476103e-03, 2.5453162235224539e-02,
          2.3603688831170772e-02, 1.3584609666829613e-02,
          -2.9650642804521128e-02, 7.5869813662853822e-02,
          -2.3953161428997002e-02, 5.9767259376107207e-01,
          1.4588088094036608e-01, -2.5835219251235607e-03,
          -8.5586124056920343e-02, -9.2954934715936383e-02,
          9.3116091730171303e-03, 7.0546088819929869e-03,
          -2.0438980687183684e-02, 3.4365126468764030e-02,
          -1.7324430427973866e-02, 1.4588088094036608e-01,
          1.3341025544750770e-01, 2.0483367784551471e-02,
          3.7694037365838548e-03, -3.8691248611917556e-02,
          1.1114642513250153e-02, 4.9732777898026251e-03,
          -7.6984887600140680e-03, -3.0472626356423543e-02,
          1.8405200716802197e-02, -2.5835219251235607e-03,
          2.0483367784551471e-02, 5.6206134609648817e-01,
          1.5187037377617492e-02, 1.9969262163979939e-02,
          -1.9389922946731152e-02, -1.0784108288757680e-02,
          -6.9526852884893211e-03, 6.8804002757141564e-03,
          -1.7097923401476103e-03, -8.5586124056920343e-02,
          3.7694037365838548e-03, 1.5187037377617492e-02,
          2.1025627271277450e-01, -9.0277470046765916e-03,
          4.1647911085851461e-02, 1.4077861291878106e-02,
          8.9565040787538356e-03, -1.4205630094139483e-02,
          2.5453162235224539e-02, -9.2954934715936383e-02,
          -3.8691248611917556e-02, 1.9969262163979939e-02,
          -9.0277470046765916e-03, 8.5134498583814416e-02 ]
blastC: !!opencv-matrix
   rows: 1
   cols: 1
   dt: d
   data: [ 3.5426711740652478e-04 ]
blastNumEvents: 59.
blastMaxVals: !!opencv-matrix
   rows: 1
   cols: 10
   dt: d
   data: [ 4.5000000000000000e+00, 4.5000000000000000e+00,
       4.5000000000000000e+00, 4.5000000000000000e+00,
       4.5000000000000000e+00, 4.5000000000000000e+00,
       4.5000000000000000e+00, 4.5000000000000000e+00,
       4.5000000000000000e+00, 4.5000000000000000e+00 ]
