%YAML:1.0
---
groups:
   - intact
   - CD19
intactGmmnames:
   - "intact.Bue024.0"
   - "intact.Bue024.1"
   - "intact.Bue024.2"
   - "intact.Bue024.3"
   - "intact.Bue024.4"
intactLabels:
   - FSC-A
   - SSC-A
   - SY41
   - CD19
   - CD10
   - CD20
   - CD45
   - CD34
   - CD38
   - CD58
intactMu: !!opencv-matrix
   rows: 5
   cols: 10
   dt: d
   data: [ 1.9368324484032604e+00, 1.4348105087632190e+00,
       3.0906732078205206e+00, 1.0655061091841833e+00,
       2.4594323884421687e+00, 1.1357149333722782e+00,
       2.8570148372311794e+00, 1.4175183684371584e+00,
       1.8262927778276903e+00, 2.6047489575595941e+00,
       9.9918471185571878e-01, 2.1031227646280845e-01,
       3.2553526638875390e+00, 1.0344958143723686e+00,
       9.4352363625253766e-01, 1.0800034619049650e+00,
       3.0850181028641388e+00, 1.3125142461334569e+00,
       1.7277057186478972e+00, 2.0245665208331478e+00,
       9.1830704478605085e-01, 2.8498112912889001e-01,
       3.3026061523051808e+00, 1.0184303258354939e+00,
       9.6933620813618815e-01, 1.0470499569022995e+00,
       1.6586679199404168e+00, 1.2998495228072922e+00,
       1.2696740697935913e+00, 2.6914730646829650e+00,
       1.4440844430478186e+00, 3.8411930948815975e-01,
       3.1752909459924759e+00, 1.0461606243113191e+00,
       9.6419721445446871e-01, 1.0569702584916676e+00,
       3.1952357125789370e+00, 1.1929649858556910e+00,
       2.9653598830048367e+00, 2.3891199473115869e+00,
       1.5460011347517884e+00, 1.1552401387908486e+00,
       3.4205739706641776e+00, 1.1954964148347236e+00,
       1.9599887608387820e+00, 1.4008750211998651e+00,
       2.5715374023796413e+00, 2.0446584409730999e+00,
       2.0173714016140778e+00, 2.4237315519971676e+00 ]
intactSigma:
   - !!opencv-matrix
      rows: 10
      cols: 10
      dt: d
      data: [ 7.6771512441530090e-02, 6.0783091090740753e-02,
          1.0249892271606524e-02, 1.9554256674287561e-03,
          -9.2990523266266384e-04, 6.0153124934630015e-03,
          1.8658135204635028e-03, 2.1523543661727072e-02,
          1.6711756127361144e-02, 8.9881741142095687e-03,
          6.0783091090740753e-02, 9.7205676063774157e-02,
          8.6307235492492952e-03, 1.7816486425004201e-03,
          4.1877048776377008e-03, 5.1289827924534161e-03,
          6.0607729989887119e-03, 2.2409442879916034e-02,
          2.3610877688642947e-02, 1.1049807960533726e-02,
          1.0249892271606524e-02, 8.6307235492492970e-03,
          6.0797892394149457e-03, 7.4705042757420800e-04,
          -1.8273507121351290e-03, 1.9128817628105803e-03,
          -3.6307458978151390e-04, 7.1090576978471249e-03,
          2.1852009525332216e-03, 1.6669499083984262e-03,
          1.9554256674287548e-03, 1.7816486425004190e-03,
          7.4705042757420832e-04, 3.5826892557090942e-02,
          4.0196850628548301e-03, 5.6372783898685002e-04,
          1.3842512403555072e-03, -2.8591708037825146e-02,
          1.2657550550854997e-03, 7.4358799934861654e-04,
          -9.2990523266266438e-04, 4.1877048776377008e-03,
          -1.8273507121351297e-03, 4.0196850628548293e-03,
          9.6391027916603381e-02, 2.0562828766966601e-03,
          2.0816982722897299e-02, -9.2697081909104816e-03,
          -1.6224993151480079e-03, 3.1491829028885824e-03,
          6.0153124934630015e-03, 5.1289827924534187e-03,
          1.9128817628105796e-03, 5.6372783898684992e-04,
          2.0562828766966601e-03, 3.1515998423625458e-02,
          8.0861649971018356e-04, 1.2769511559541154e-03,
          -1.2643780916384057e-03, 9.4621566696151242e-04,
          1.8658135204635033e-03, 6.0607729989887145e-03,
          -3.6307458978151357e-04, 1.3842512403555074e-03,
          2.0816982722897299e-02, 8.0861649971018335e-04,
          1.9382961484958012e-02, -6.2138701689699069e-04,
          -8.1194680772106031e-04, 2.7496901323081496e-03,
          2.1523543661727065e-02, 2.2409442879916034e-02,
          7.1090576978471249e-03, -2.8591708037825139e-02,
          -9.2697081909104816e-03, 1.2769511559541150e-03,
          -6.2138701689699166e-04, 2.2099382902619066e-01,
          6.4216684239950719e-03, 3.0511210589584297e-03,
          1.6711756127361144e-02, 2.3610877688642947e-02,
          2.1852009525332207e-03, 1.2657550550855001e-03,
          -1.6224993151480079e-03, -1.2643780916384054e-03,
          -8.1194680772106031e-04, 6.4216684239950719e-03,
          4.3152136480152675e-02, 5.8744297300669492e-03,
          8.9881741142095670e-03, 1.1049807960533726e-02,
          1.6669499083984262e-03, 7.4358799934861654e-04,
          3.1491829028885824e-03, 9.4621566696151177e-04,
          2.7496901323081496e-03, 3.0511210589584297e-03,
          5.8744297300669492e-03, 9.1228459927202073e-03 ]
   - !!opencv-matrix
      rows: 10
      cols: 10
      dt: d
      data: [ 7.0023531015374466e-02, 9.5428940641708263e-03,
          -2.5277911947777038e-02, -2.5906616344535103e-03,
          -6.1925131416565218e-04, -7.0726717133218079e-03,
          2.6770334012888100e-02, -4.1119964407444261e-02,
          -1.3144548162113254e-02, 6.4962234006562494e-02,
          9.5428940641708263e-03, 3.5223576125343659e-03,
          -1.9653055173706629e-03, -1.2468766009497486e-04,
          3.8246512019936085e-04, -5.0763826133687416e-04,
          6.3571000445122048e-03, -3.4680685059270810e-03,
          -3.0383613866164389e-04, 1.5478502794445998e-02,
          -2.5277911947777038e-02, -1.9653055173706629e-03,
          1.9982018327400448e-02, 1.7107076984374350e-03,
          1.1751795976883614e-03, 4.1144941080055201e-03,
          -8.7515731770407938e-03, 2.4931196059410722e-02,
          1.1996980520080473e-03, -1.9883364494715040e-02,
          -2.5906616344535103e-03, -1.2468766009497494e-04,
          1.7107076984374345e-03, 1.7558028042171499e-02,
          3.0659013694079961e-04, 3.2974470983302448e-04,
          -8.7990304196587188e-04, -6.8399777547836589e-03,
          -4.9694999179851289e-04, -1.6527301976475973e-03,
          -6.1925131416565207e-04, 3.8246512019936074e-04,
          1.1751795976883608e-03, 3.0659013694079928e-04,
          1.7406765284989623e-02, 7.1038860248791714e-04,
          6.7088701717759355e-04, -1.2007075770702775e-03,
          -8.9304696055475194e-04, -1.0240728117818379e-03,
          -7.0726717133218079e-03, -5.0763826133687416e-04,
          4.1144941080055201e-03, 3.2974470983302453e-04,
          7.1038860248791693e-04, 2.7611357466321134e-02,
          -2.5390671479606918e-03, 5.7459038948384916e-03,
          -2.0125439334514944e-03, -4.6029283061145183e-03,
          2.6770334012888100e-02, 6.3571000445122048e-03,
          -8.7515731770407938e-03, -8.7990304196587210e-04,
          6.7088701717759377e-04, -2.5390671479606909e-03,
          3.4218447900253385e-02, -1.3619518290706952e-02,
          -3.5930349359717279e-04, 3.7954609871159527e-02,
          -4.1119964407444261e-02, -3.4680685059270805e-03,
          2.4931196059410722e-02, -6.8399777547836606e-03,
          -1.2007075770702779e-03, 5.7459038948384925e-03,
          -1.3619518290706952e-02, 1.0829271335308098e-01,
          2.1372727369037502e-03, -3.3395405440764803e-02,
          -1.3144548162113251e-02, -3.0383613866164405e-04,
          1.1996980520080486e-03, -4.9694999179851322e-04,
          -8.9304696055475226e-04, -2.0125439334514957e-03,
          -3.5930349359717274e-04, 2.1372727369037485e-03,
          2.0178253351384653e-01, -1.1071463604992761e-02,
          6.4962234006562494e-02, 1.5478502794445997e-02,
          -1.9883364494715040e-02, -1.6527301976475973e-03,
          -1.0240728117818377e-03, -4.6029283061145149e-03,
          3.7954609871159527e-02, -3.3395405440764803e-02,
          -1.1071463604992761e-02, 1.7341006109262505e-01 ]
   - !!opencv-matrix
      rows: 10
      cols: 10
      dt: d
