%YAML:1.0
---
groups:
   - intact
   - CD19
   - blast
intactGmmnames:
   - "intact.Bue096.0"
   - "intact.Bue096.1"
   - "intact.Bue096.2"
   - "intact.Bue096.3"
   - "intact.Bue096.4"
intactLabels:
   - FSC-A
   - SSC-A
   - SY41
   - CD19
   - CD10
   - CD20
   - CD45
   - CD34
   - CD38
   - CD58
intactMu: !!opencv-matrix
   rows: 5
   cols: 10
   dt: d
   data: [ 1.5727916874652419e+00, 4.3173516734384110e-01,
       2.1254603672633525e+00, 1.2365432524311160e+00,
       9.2685551901367835e-01, 9.7149995401695954e-01,
       1.4787289968214701e+00, 1.2424339422327384e+00,
       1.2157934162618391e+00, 2.7072154300464080e+00,
       2.2597077760168376e+00, 2.0702985096176012e+00,
       2.1434182735726206e+00, 1.3708512219307210e+00,
       1.3180636608851410e+00, 1.2277537068870854e+00,
       2.4716330906637829e+00, 1.7324093986809479e+00,
       2.2610993361912715e+00, 2.6811778052956932e+00,
       1.2972766105014950e+00, 2.3316395615590516e-01,
       1.9859999431988911e+00, 1.2333261916374176e+00,
       9.0559432732272938e-01, 9.6604931358207224e-01,
       2.8521382787986069e+00, 1.0946099261756510e+00,
       1.6780896161195318e+00, 1.3749988466834062e+00,
       9.2306646463698805e-01, 2.5952812250987800e-01,
       1.7676382825872079e+00, 1.2251479244278236e+00,
       8.9307913138106976e-01, 9.5026644801686666e-01,
       1.3934347235976672e+00, 1.1481994714819208e+00,
       1.1229946247828755e+00, 2.7062334032293607e+00,
       1.5715841374181190e+00, 3.8538879791062736e-01,
       1.8263777862336970e+00, 1.2359040560814112e+00,
       9.1481414746762313e-01, 9.8004553516299475e-01,
       3.0711137115637728e+00, 1.0608397755885526e+00,
       2.1494786592517734e+00, 2.2620869425168935e+00 ]
intactSigma:
   - !!opencv-matrix
      rows: 10
      cols: 10
      dt: d
      data: [ 2.4612241935015183e-01, 5.8608679280301300e-02,
          9.1471458840977835e-03, -1.6926757665685564e-04,
          6.3099248621973619e-03, 1.4434156967899636e-04,
          8.0593393768186080e-03, 1.9024326002330120e-02,
          1.0256515467248341e-02, 9.0351542743629110e-02,
          5.8608679280301300e-02, 3.2386302852339559e-02,
          6.7333354549430572e-03, 1.5595905853526876e-04,
          3.7392778247156287e-03, 7.9714966291497794e-04,
          5.5312830781583042e-03, 1.2246284073613084e-02,
          9.3196311380374982e-03, 5.5741296029437948e-02,
          9.1471458840977835e-03, 6.7333354549430546e-03,
          5.3943032460395481e-02, 7.5127413847673010e-04,
          2.9893213217971151e-03, 3.4136214576355123e-03,
          8.3249300920838504e-03, 1.5415428020784407e-02,
          6.0895871025740235e-03, 6.0390288058568718e-03,
          -1.6926757665685618e-04, 1.5595905853526876e-04,
          7.5127413847673043e-04, 5.1863043440630533e-03,
          3.1189125833674556e-04, -1.9835929506244247e-05,
          4.6749517297162157e-04, -4.6240005890855369e-03,
          5.5878986313120287e-04, 2.9869928010447974e-04,
          6.3099248621973619e-03, 3.7392778247156287e-03,
          2.9893213217971151e-03, 3.1189125833674556e-04,
          2.1942179047767674e-02, 7.1659064561180503e-04,
          1.8557423341456418e-03, -1.3039247640525230e-03,
          1.7796417379415742e-03, 5.7277123056105718e-03,
          1.4434156967899658e-04, 7.9714966291497815e-04,
          3.4136214576355097e-03, -1.9835929506244291e-05,
          7.1659064561180503e-04, 2.5078346364981345e-02,
          1.1799654812006421e-03, 1.3194087447376216e-03,
          -1.0805742689815633e-03, -2.1811670514789675e-04,
          8.0593393768186063e-03, 5.5312830781583042e-03,
          8.3249300920838504e-03, 4.6749517297162157e-04,
          1.8557423341456420e-03, 1.1799654812006421e-03,
          1.2124562244175347e-02, 4.6617581552945439e-03,
          3.8471306218946831e-03, 4.6459388363512934e-03,
          1.9024326002330120e-02, 1.2246284073613084e-02,
          1.5415428020784407e-02, -4.6240005890855369e-03,
          -1.3039247640525236e-03, 1.3194087447376212e-03,
          4.6617581552945431e-03, 8.5483176207625439e-02,
          6.1961043687397670e-03, 2.1819428018905886e-02,
          1.0256515467248341e-02, 9.3196311380374982e-03,
          6.0895871025740218e-03, 5.5878986313120287e-04,
          1.7796417379415737e-03, -1.0805742689815629e-03,
          3.8471306218946831e-03, 6.1961043687397653e-03,
          2.2923190409036651e-02, 2.0039216128988811e-02,
          9.0351542743629124e-02, 5.5741296029437955e-02,
          6.0390288058568727e-03, 2.9869928010447974e-04,
          5.7277123056105710e-03, -2.1811670514789626e-04,
          4.6459388363512969e-03, 2.1819428018905886e-02,
          2.0039216128988811e-02, 2.6053026438494647e-01 ]
   - !!opencv-matrix
      rows: 10
      cols: 10
      dt: d
      data: [ 3.4113136875670524e-01, 4.3964170484124554e-01,
          2.0129140591620302e-02, -3.1418093298895985e-02,
          5.3374065745495164e-02, -3.8761670633004466e-02,
          8.7548897351473143e-02, 7.4404360389330362e-02,
          1.3952179435544076e-01, 8.9661693795815067e-02,
          4.3964170484124554e-01, 1.4953631380431518e+00,
          5.0234156883197153e-03, -6.3599049822172557e-02,
          2.5569028762628049e-01, -4.9172247119867285e-02,
          1.7285574414408927e-01, 1.7337711048887661e-01,
          3.5586864333908291e-01, 2.1864774439897502e-01,
          2.0129140591620302e-02, 5.0234156883197162e-03,
          5.4538286699509178e-02, 2.1877168634646563e-03,
          -1.0853158420732402e-02, 1.6479735083274313e-02,
          -3.4158664224686601e-02, 3.1266552478974315e-02,
          1.7585631816848458e-02, 8.9846949870385270e-03,
          -3.1418093298895985e-02, -6.3599049822172557e-02,
          2.1877168634646563e-03, 6.7388283016553308e-02,
          9.6475437627673178e-03, 5.2478259755642596e-02,
          -1.7483142925170383e-03, 3.9443277837419013e-03,
          -2.4045928868134950e-02, -1.1673109883430632e-02,
          5.3374065745495164e-02, 2.5569028762628049e-01,
          -1.0853158420732400e-02, 9.6475437627673178e-03,
          2.0032965125210725e-01, 1.8281075031218220e-02,
          9.7002190598067153e-02, 4.8302322999528469e-02,
          3.2123779361849708e-02, 4.3017241080607026e-02,
          -3.8761670633004466e-02, -4.9172247119867271e-02,
          1.6479735083274313e-02, 5.2478259755642596e-02,
          1.8281075031218220e-02, 1.6999241594605777e-01,
          -1.1075105768901089e-02, 4.4334306871457708e-02,
          -4.3790382962605172e-02, -1.3273265860732254e-02,
          8.7548897351473143e-02, 1.7285574414408927e-01,
          -3.4158664224686594e-02, -1.7483142925170383e-03,
          9.7002190598067126e-02, -1.1075105768901089e-02,
          2.4967590741467560e-01, 3.0075611158707286e-02,
          6.3228800949875541e-02, 2.2371551731454657e-02,
          7.4404360389330348e-02, 1.7337711048887661e-01,
          3.1266552478974315e-02, 3.9443277837419013e-03,
          4.8302322999528469e-02, 4.4334306871457708e-02,
          3.0075611158707286e-02, 1.8536019136424289e-01,
          5.7538374553976146e-02, 5.5265411611463568e-02,
          1.3952179435544076e-01, 3.5586864333908286e-01,
          1.7585631816848458e-02, -2.4045928868134950e-02,
          3.2123779361849708e-02, -4.3790382962605172e-02,
          6.3228800949875541e-02, 5.7538374553976146e-02,
          3.8913987983151060e-01, 7.2561418009238446e-02,
          8.9661693795815067e-02, 2.1864774439897502e-01,
          8.9846949870385270e-03, -1.1673109883430632e-02,
          4.3017241080607026e-02, -1.3273265860732254e-02,
          2.2371551731454657e-02, 5.5265411611463568e-02,
          7.2561418009238474e-02, 1.2347078323767642e-01 ]
   - !!opencv-matrix
      rows: 10
      cols: 10
      dt: d
