%YAML:1.0
---
groups:
   - intact
   - CD19
intactGmmnames:
   - "intact.Bue018.0"
   - "intact.Bue018.1"
   - "intact.Bue018.2"
   - "intact.Bue018.3"
   - "intact.Bue018.4"
intactLabels:
   - FSC-A
   - SSC-A
   - SY41
   - CD19
   - CD10
   - CD20
   - CD45
   - CD34
   - CD38
   - CD58
intactMu: !!opencv-matrix
   rows: 5
   cols: 10
   dt: d
   data: [ 2.5958012651670277e+00, 3.1248596948446612e+00,
       2.5073582653961872e+00, 1.1203453667216869e+00,
       2.2036268449767662e+00, 1.2851636520893046e+00,
       3.0127544142504834e+00, 1.7677718520715231e+00,
       1.7732033220889947e+00, 2.7333291412829381e+00,
       1.1384238755492817e+00, 3.3853784593669523e-01,
       2.3556545682915417e+00, 1.0450701961471962e+00,
       1.1058708737041183e+00, 1.1677672536906165e+00,
       3.2049303244217624e+00, 1.0222201802619786e+00,
       1.6484148231656246e+00, 1.5482742878663087e+00,
       1.9036968586485310e+00, 1.0845819906532170e+00,
       2.6251109125935290e+00, 1.1878820383912150e+00,
       1.3682482783982408e+00, 1.3566323797178086e+00,
       2.8244748801714277e+00, 1.5951897317777177e+00,
       1.9894958976848613e+00, 2.3426979186375467e+00,
       1.3201005374752497e+00, 4.5417623487048153e-01,
       2.6771424215970074e+00, 1.0553356316798654e+00,
       1.1160733955649120e+00, 1.1777555540364451e+00,
       1.5925920963693840e+00, 1.2077031712795574e+00,
       1.2402928138216678e+00, 2.5837404126656320e+00,
       1.3348860816003896e+00, 4.6190843330184422e-01,
       2.3911519039782427e+00, 1.0510862897003854e+00,
       1.1095915089092869e+00, 1.1615561295434360e+00,
       3.3299761687156177e+00, 1.0152025577559738e+00,
       2.5019691419624128e+00, 2.2153819474829435e+00 ]
intactSigma:
   - !!opencv-matrix
      rows: 10
      cols: 10
      dt: d
      data: [ 9.0029446126922777e-02, 1.3895531838996122e-01,
          1.3278321396524472e-02, 3.9062086085149602e-03,
          -7.7779699939658281e-03, 9.1175582793512674e-03,
          9.1416035714948502e-04, 3.7653364748050859e-02,
          3.1026566641352671e-02, 1.0700983157227043e-02,
          1.3895531838996122e-01, 4.5225998800048195e-01,
          2.8802912445033160e-02, 8.9114017792593699e-03,
          3.7268838951303153e-02, 1.1949538071452125e-02,
          2.6172286714073158e-02, 6.6418293592922575e-02,
          6.0914212970742586e-02, 2.4203967649916541e-02,
          1.3278321396524472e-02, 2.8802912445033163e-02,
          1.4766682170261908e-02, 6.8288957202919073e-04,
          -7.1933332542622212e-03, 1.5813202925949895e-03,
          -2.4292056773111744e-03, 9.3053148869406757e-03,
          6.7433402294050301e-03, 1.6517434278487378e-03,
          3.9062086085149611e-03, 8.9114017792593699e-03,
          6.8288957202919051e-04, 3.9880328757526257e-02,
          5.7936489499673810e-03, 7.9106132104319173e-04,
          2.4911304493108869e-03, -1.7139350833943925e-02,
          3.2529340667704688e-03, 1.3924494466298351e-03,
          -7.7779699939658298e-03, 3.7268838951303146e-02,
          -7.1933332542622229e-03, 5.7936489499673810e-03,
          1.3327640607854105e-01, 5.5789443191501544e-04,
          2.7861658493903135e-02, -1.0461209188042435e-02,
          -1.0285144152924900e-02, 1.5164723551039723e-03,
          9.1175582793512674e-03, 1.1949538071452128e-02,
          1.5813202925949892e-03, 7.9106132104319173e-04,
          5.5789443191501522e-04, 1.7310965168260032e-02,
          8.9313469776029645e-04, 5.0224559053968741e-03,
          3.0940378643634233e-03, 1.5905054877727199e-03,
          9.1416035714948470e-04, 2.6172286714073158e-02,
          -2.4292056773111744e-03, 2.4911304493108874e-03,
          2.7861658493903135e-02, 8.9313469776029601e-04,
          1.8499224502421960e-02, 1.2816198817851906e-03,
          -2.9044485575905284e-03, 6.2595232981752392e-04,
          3.7653364748050859e-02, 6.6418293592922575e-02,
          9.3053148869406757e-03, -1.7139350833943929e-02,
          -1.0461209188042438e-02, 5.0224559053968758e-03,
          1.2816198817851906e-03, 1.5246653396864657e-01,
          2.2988941423372825e-02, 6.5032185311169558e-03,
          3.1026566641352674e-02, 6.0914212970742586e-02,
          6.7433402294050319e-03, 3.2529340667704679e-03,
          -1.0285144152924900e-02, 3.0940378643634233e-03,
          -2.9044485575905289e-03, 2.2988941423372822e-02,
          6.3157893447633423e-02, 7.7354972032344206e-03,
          1.0700983157227041e-02, 2.4203967649916544e-02,
          1.6517434278487378e-03, 1.3924494466298351e-03,
          1.5164723551039723e-03, 1.5905054877727203e-03,
          6.2595232981752392e-04, 6.5032185311169558e-03,
          7.7354972032344206e-03, 8.5004929776861145e-03 ]
   - !!opencv-matrix
      rows: 10
      cols: 10
      dt: d
      data: [ 4.2480000212009206e-02, 1.2399432807318641e-02,
          -5.1074318961680145e-04, -9.0623861428835019e-04,
          1.1838593765269583e-03, -7.4176929272107880e-04,
          1.8045614169974994e-02, -5.5656606597923276e-03,
          -1.7775812370160772e-02, 4.9886669009576876e-02,
          1.2399432807318639e-02, 9.0623367827896463e-03,
          8.3353525633724290e-05, -1.9159632976747102e-04,
          6.4189478908097304e-04, -3.0883702280885682e-05,
          7.6262002260367541e-03, 1.8074089734095657e-04,
          -1.0168909760879037e-02, 2.8672311819963527e-02,
          -5.1074318961680113e-04, 8.3353525633724250e-05,
          8.5141806697625350e-03, 1.7267603657903848e-05,
          1.3282408725108743e-05, -1.3131393429102907e-04,
          -6.9518306764039897e-04, 9.2430668166172854e-04,
          -2.6996121797850364e-03, 1.3247881971533040e-03,
          -9.0623861428834997e-04, -1.9159632976747110e-04,
          1.7267603657903801e-05, 7.1507790485498927e-03,
          1.2611091836134744e-04, -1.9089519334855771e-04,
          -8.5693453238191552e-04, -5.6503902283105683e-03,
          5.6082143925987042e-04, -8.9110345279258399e-04,
          1.1838593765269583e-03, 6.4189478908097304e-04,
          1.3282408725108765e-05, 1.2611091836134731e-04,
          5.0557430177605766e-03, 7.3008730103275244e-05,
          8.0623760432589695e-04, -2.4611461682419221e-03,
          -1.6407402416357120e-03, 9.4883191397358044e-04,
          -7.4176929272107880e-04, -3.0883702280885716e-05,
          -1.3131393429102923e-04, -1.9089519334855763e-04,
          7.3008730103275271e-05, 9.1983244817391147e-03,
          -3.1609556808002558e-04, -6.6807060368334191e-04,
          -1.0835488412974067e-03, -8.3597535348546549e-04,
          1.8045614169974994e-02, 7.6262002260367541e-03,
          -6.9518306764039897e-04, -8.5693453238191552e-04,
          8.0623760432589674e-04, -3.1609556808002553e-04,
          2.0619626329561519e-02, -2.2191467373520366e-03,
          -4.5674867064457135e-03, 2.3013869160680510e-02,
          -5.5656606597923293e-03, 1.8074089734095684e-04,
          9.2430668166172854e-04, -5.6503902283105683e-03,
          -2.4611461682419221e-03, -6.6807060368334181e-04,
          -2.2191467373520370e-03, 5.3655751553409549e-02,
          1.4245068187652870e-03, -3.5321646526283970e-03,
          -1.7775812370160772e-02, -1.0168909760879037e-02,
          -2.6996121797850364e-03, 5.6082143925987064e-04,
          -1.6407402416357124e-03, -1.0835488412974073e-03,
          -4.5674867064457126e-03, 1.4245068187652883e-03,
          1.6964767530986011e-01, -7.4361289374274095e-02,
          4.9886669009576876e-02, 2.8672311819963527e-02,
          1.3247881971533040e-03, -8.9110345279258530e-04,
          9.4883191397358054e-04, -8.3597535348546549e-04,
          2.3013869160680510e-02, -3.5321646526283979e-03,
          -7.4361289374274095e-02, 2.2287491449208430e-01 ]
   - !!opencv-matrix
      rows: 10
      cols: 10
      dt: d
