%YAML:1.0
---
groups:
   - intact
   - CD19
   - blast
intactGmmnames:
   - "intact.Bue055.0"
   - "intact.Bue055.1"
   - "intact.Bue055.2"
   - "intact.Bue055.3"
   - "intact.Bue055.4"
intactLabels:
   - FSC-A
   - SSC-A
   - SY41
   - CD19
   - CD10
   - CD20
   - CD45
   - CD34
   - CD38
   - CD58
intactMu: !!opencv-matrix
   rows: 5
   cols: 10
   dt: d
   data: [ 1.1835404621334218e+00, 2.0194556386852996e-01,
       3.5006910078652909e+00, 8.1010698147121518e-01,
       8.1565963085654036e-01, 9.5488822258592343e-01,
       2.8380722129162494e+00, 1.3861638369730382e+00,
       1.6037094623286172e+00, -1.1394987931938505e-01,
       2.0679224423770819e+00, 2.7507784204043788e+00,
       3.5257956290614385e+00, 1.0576184824173389e+00,
       1.5034450000380213e+00, 1.3195232852972678e+00,
       3.1228581100177393e+00, 1.9436394878972658e+00,
       2.0477802080224352e+00, 2.7153789528424204e+00,
       1.0989103498835273e+00, 3.3943447740824856e-01,
       3.5217514602016173e+00, 7.9326191587150330e-01,
       8.0062812755011503e-01, 9.3863711507886571e-01,
       1.4044455790247083e+00, 1.3669533051136324e+00,
       1.1457698361957249e+00, 2.7399083275002862e+00,
       1.3619881671230836e+00, 3.4040182018473558e-01,
       3.5104364089416986e+00, 8.1442825494031212e-01,
       8.2759334163380849e-01, 9.4558186432455660e-01,
       3.2610677816792277e+00, 1.1233210367422992e+00,
       1.8360902725826844e+00, 2.0686279602461499e+00,
       1.6553441098906485e+00, 7.5096472027940131e-01,
       3.6156103113182079e+00, 1.0902979341955799e+00,
       1.6278850178532833e+00, 1.2710926805797937e+00,
       2.1898337035771318e+00, 2.0206355596834928e+00,
       1.7032380429138858e+00, 2.4891521747480749e+00 ]
intactSigma:
   - !!opencv-matrix
      rows: 10
      cols: 10
      dt: d
      data: [ 4.0012260275376944e-02, 7.8137590304491501e-03,
          1.6805236764097464e-02, 2.4760231332890911e-03,
          -7.6518879443352404e-04, 1.8827287770092464e-03,
          8.4353064752409834e-02, 1.6927431423575209e-02,
          1.4711111127705902e-02, -2.1613329589025464e-02,
          7.8137590304491519e-03, 3.5099518926794727e-03,
          3.8652032095168689e-03, 6.2380741859059945e-04,
          4.2398115691157963e-04, 4.3417258268304177e-04,
          2.1917398608923607e-02, 4.8416642995969639e-04,
          2.8917373700684352e-03, -3.3686277473149616e-03,
          1.6805236764097464e-02, 3.8652032095168689e-03,
          1.0790050675805650e-02, 9.1743143307779066e-04,
          -8.3625094264671771e-04, 1.1304701699360029e-03,
          4.1699173033544000e-02, 8.4685301973701343e-03,
          7.6431984585149616e-03, -2.3439975239598659e-02,
          2.4760231332890911e-03, 6.2380741859059945e-04,
          9.1743143307779110e-04, 5.9700109792329863e-02,
          2.4519747207716858e-03, -1.3027416503906283e-03,
          6.1295088097724354e-03, -1.5313741925408920e-02,
          6.0398769404794797e-04, 6.0331146105579271e-03,
          -7.6518879443352437e-04, 4.2398115691157963e-04,
          -8.3625094264671771e-04, 2.4519747207716858e-03,
          3.1292525823385542e-02, 2.0442452547296793e-03,
          -6.3697691652155435e-03, -7.5220319738492222e-04,
          -3.7607515620204654e-03, 9.4451763769872344e-03,
          1.8827287770092468e-03, 4.3417258268304177e-04,
          1.1304701699360029e-03, -1.3027416503906283e-03,
          2.0442452547296784e-03, 6.1140852886327403e-02,
          8.1678020670358006e-03, 1.3723106684944335e-03,
          -3.3838313010855370e-03, -2.2489175962224497e-04,
          8.4353064752409834e-02, 2.1917398608923611e-02,
          4.1699173033544000e-02, 6.1295088097724354e-03,
          -6.3697691652155435e-03, 8.1678020670357988e-03,
          4.0535519338755116e-01, 5.9044465652819414e-02,
          1.2598848752369321e-01, -9.9370582606646399e-02,
          1.6927431423575209e-02, 4.8416642995969617e-04,
          8.4685301973701343e-03, -1.5313741925408920e-02,
          -7.5220319738492276e-04, 1.3723106684944352e-03,
          5.9044465652819428e-02, 1.2231585496686405e-01,
          1.1543425482530376e-02, 1.7299009314176203e-02,
          1.4711111127705900e-02, 2.8917373700684344e-03,
          7.6431984585149599e-03, 6.0398769404794732e-04,
          -3.7607515620204654e-03, -3.3838313010855349e-03,
          1.2598848752369315e-01, 1.1543425482530375e-02,
          2.2877238897063082e-01, -8.3822136315969784e-02,
          -2.1613329589025457e-02, -3.3686277473149607e-03,
          -2.3439975239598659e-02, 6.0331146105579289e-03,
          9.4451763769872344e-03, -2.2489175962224579e-04,
          -9.9370582606646427e-02, 1.7299009314176203e-02,
          -8.3822136315969770e-02, 5.7857153679413731e-01 ]
   - !!opencv-matrix
      rows: 10
      cols: 10
      dt: d
      data: [ 5.7264526593231717e-02, 1.0972381230248399e-01,
          7.9303102131933114e-03, 5.7074006802917410e-03,
          5.0423607250154080e-03, 1.4144632620379224e-02,
          1.3103234140532344e-03, 2.1488340988762261e-02,
          1.5336607700099163e-02, 9.7125088801803591e-03,
          1.0972381230248399e-01, 3.7910150283508953e-01,
          1.9378542494027682e-02, 2.3850108853297292e-02,
          4.0388807313663455e-02, 4.2386529298879469e-02,
          3.0863465924559443e-02, 6.2377068777644866e-02,
          3.9445888120867814e-02, 2.3686821117374093e-02,
          7.9303102131933114e-03, 1.9378542494027682e-02,
          4.7301904379871539e-03, 3.3095681837128359e-04,
          -3.8940016293973617e-03, 2.5274332657914049e-03,
          -2.9214467379538736e-03, 4.6648365327456587e-03,
          4.8356472314101985e-03, 1.1765398642784293e-03,
          5.7074006802917436e-03, 2.3850108853297285e-02,
          3.3095681837128359e-04, 1.5965818098867277e-01,
          2.4330352211852511e-02, 1.3223415079297814e-02,
          1.5054914582115416e-02, -4.6250315249252785e-03,
          5.1988544801078581e-03, 6.5718554205644597e-03,
          5.0423607250154089e-03, 4.0388807313663455e-02,
          -3.8940016293973617e-03, 2.4330352211852511e-02,
          1.5403717594050614e-01, 1.9761728423780579e-02,
          4.5768907070583863e-02, 1.5914271100300387e-02,
          -1.8487205671211895e-02, 6.7787827645419546e-03,
          1.4144632620379230e-02, 4.2386529298879455e-02,
          2.5274332657914040e-03, 1.3223415079297808e-02,
          1.9761728423780579e-02, 1.0954169409378547e-01,
          1.4228540792612097e-02, 3.6128179172780675e-02,
          -1.0181338430140195e-03, 7.5673436918331860e-03,
          1.3103234140532337e-03, 3.0863465924559443e-02,
          -2.9214467379538728e-03, 1.5054914582115416e-02,
          4.5768907070583863e-02, 1.4228540792612101e-02,
          4.3395884260875817e-02, 1.6266633515673500e-02,
          -1.6683858275205059e-02, 4.1596289309188119e-03,
          2.1488340988762261e-02, 6.2377068777644866e-02,
          4.6648365327456595e-03, -4.6250315249252811e-03,
          1.5914271100300380e-02, 3.6128179172780675e-02,
          1.6266633515673500e-02, 1.1407011770337419e-01,
          3.0401036989648991e-03, 1.0553616936931727e-02,
          1.5336607700099163e-02, 3.9445888120867807e-02,
          4.8356472314101985e-03, 5.1988544801078547e-03,
          -1.8487205671211895e-02, -1.0181338430140200e-03,
          -1.6683858275205059e-02, 3.0401036989649004e-03,
          9.2547763635999300e-02, 1.3270750072390904e-02,
          9.7125088801803608e-03, 2.3686821117374090e-02,
          1.1765398642784293e-03, 6.5718554205644597e-03,
          6.7787827645419529e-03, 7.5673436918331860e-03,
          4.1596289309188119e-03, 1.0553616936931727e-02,
          1.3270750072390907e-02, 1.4227546688995188e-02 ]
   - !!opencv-matrix
      rows: 10
      cols: 10
      dt: d
