%YAML:1.0
---
groups:
   - intact
   - CD19
   - blast
intactGmmnames:
   - "intact.Bue100.0"
   - "intact.Bue100.1"
   - "intact.Bue100.2"
   - "intact.Bue100.3"
   - "intact.Bue100.4"
intactLabels:
   - FSC-A
   - SSC-A
   - SY41
   - CD19
   - CD10
   - CD20
   - CD45
   - CD34
   - CD38
   - CD58
intactMu: !!opencv-matrix
   rows: 5
   cols: 10
   dt: d
   data: [ 8.0049912765036801e-01, 2.4099662251563952e-01,
       1.9119545036590213e+00, 8.1952918937803998e-01,
       8.9736877741009824e-01, 9.1574989637472559e-01,
       1.2147365169506441e+00, 1.2551511827444355e+00,
       1.2725126711497901e+00, 2.8342520934974953e+00,
       1.6255717864869317e+00, 5.6027077015167837e-01,
       2.4688878612047644e+00, 1.0694200546579093e+00,
       1.0489702278177471e+00, 1.2753888516524574e+00,
       2.2644585934176322e+00, 1.7717503308568174e+00,
       2.0788406918553064e+00, 2.5882582373797431e+00,
       1.1592842079174832e+00, 2.0223913000930255e-01,
       2.1860046899245749e+00, 8.2895617283268108e-01,
       8.9856767219591305e-01, 9.4114601038214596e-01,
       2.9591694735771545e+00, 1.2084662501852876e+00,
       1.9633885695899009e+00, 1.7176219665429791e+00,
       2.0828309390716275e+00, 2.3250494777932298e+00,
       2.2691032707075225e+00, 1.1748220338768123e+00,
       1.8744958174381814e+00, 1.2534786615570099e+00,
       2.5846142020373013e+00, 2.0044699847582614e+00,
       2.0697335657290115e+00, 2.8512395142217075e+00,
       1.3646559787696155e+00, 4.0049105039568073e-01,
       2.3249237870338453e+00, 8.7171442984841041e-01,
       9.3042228004153538e-01, 9.5410807402460696e-01,
       1.3389977696061293e+00, 1.4277514203728823e+00,
       1.3512752151853642e+00, 3.0143164744615891e+00 ]
intactSigma:
   - !!opencv-matrix
      rows: 10
      cols: 10
      dt: d
      data: [ 1.0791854352525882e-02, 2.5097881379527766e-03,
          -2.4998872494582367e-03, -2.2585967783773285e-04,
          1.8969071831685837e-04, -3.2430578395462452e-05,
          1.6906847108960773e-03, -9.7093022658910160e-04,
          5.7468649182659565e-04, 4.8410819662515420e-03,
          2.5097881379527770e-03, 2.3908562005294028e-03,
          -3.2522134953528380e-04, 1.1805383078766085e-04,
          3.3912235981273963e-04, 2.0456197792994568e-04,
          1.0929196989123864e-03, 8.2685857574927690e-04,
          4.1021665984332021e-04, 3.4295097225413812e-03,
          -2.4998872494582367e-03, -3.2522134953528369e-04,
          4.8652875749685881e-02, -3.6611749266491993e-04,
          1.8382523057212041e-04, 3.7705303939047100e-04,
          -9.1315954277907492e-04, 5.0525814660517705e-03,
          3.9556842910090016e-04, 5.9629891029176448e-04,
          -2.2585967783773274e-04, 1.1805383078766092e-04,
          -3.6611749266491966e-04, 5.6514613339048940e-02,
          2.3034594274778150e-04, -1.9145591563023440e-03,
          1.3906802262629098e-04, -1.4610718599786772e-02,
          1.2306253587076959e-04, 4.1013222073292359e-04,
          1.8969071831685823e-04, 3.3912235981273963e-04,
          1.8382523057212057e-04, 2.3034594274778142e-04,
          1.8041895869396286e-02, 3.0193272915518494e-04,
          7.0540809909552500e-04, -2.9415459074200144e-03,
          8.2272511585587438e-05, -5.4400317672455333e-04,
          -3.2430578395462465e-05, 2.0456197792994562e-04,
          3.7705303939047127e-04, -1.9145591563023434e-03,
          3.0193272915518516e-04, 2.5643753397925705e-02,
          -8.8793427832907965e-05, -1.8656284257579793e-03,
          -1.1719636599409433e-03, 2.9845036624137486e-04,
          1.6906847108960773e-03, 1.0929196989123867e-03,
          -9.1315954277907535e-04, 1.3906802262629082e-04,
          7.0540809909552479e-04, -8.8793427832908114e-05,
          1.9147628400719440e-02, 4.8499401319449572e-04,
          1.8392765817560231e-04, 8.7653127385748503e-04,
          -9.7093022658910105e-04, 8.2685857574927733e-04,
          5.0525814660517714e-03, -1.4610718599786769e-02,
          -2.9415459074200148e-03, -1.8656284257579797e-03,
          4.8499401319449561e-04, 3.9199422725018557e-02,
          6.0958238046514603e-05, 1.6884132767884196e-03,
          5.7468649182659565e-04, 4.1021665984332015e-04,
          3.9556842910090027e-04, 1.2306253587076956e-04,
          8.2272511585587492e-05, -1.1719636599409433e-03,
          1.8392765817560228e-04, 6.0958238046514610e-05,
          2.2449096272271476e-03, 7.5037458799462971e-04,
          4.8410819662515420e-03, 3.4295097225413812e-03,
          5.9629891029176448e-04, 4.1013222073292365e-04,
          -5.4400317672455333e-04, 2.9845036624137481e-04,
          8.7653127385748514e-04, 1.6884132767884200e-03,
          7.5037458799462971e-04, 1.2231001198657578e-02 ]
   - !!opencv-matrix
      rows: 10
      cols: 10
      dt: d
      data: [ 4.2527383143746461e-01, 1.4595804119383862e-01,
          9.0918516318648265e-02, -2.5272398515132178e-02,
          -7.9200441622563292e-03, -1.1680015697124395e-01,
          1.1980872214140541e-01, -4.6194582763451428e-03,
          2.3623090106147693e-01, 1.6364608478188875e-01,
          1.4595804119383862e-01, 1.2658381488737347e-01,
          2.6526972173473148e-02, 1.5013819375419435e-02,
          1.4717000890345657e-02, -1.7464970643841837e-02,
          5.2079082274299388e-02, 2.1028222595815424e-02,
          1.0376636484728446e-01, 9.8746578374877547e-02,
          9.0918516318648265e-02, 2.6526972173473148e-02,
          1.3329510809119458e-01, 4.3046621422055016e-02,
          -7.9392161469385939e-03, 7.4676637249532080e-02,
          -6.8663087795255234e-02, 1.3476756290980269e-01,
          -1.3156645768607114e-02, 8.4365356943165312e-02,
          -2.5272398515132178e-02, 1.5013819375419431e-02,
          4.3046621422055016e-02, 2.4756789445609959e-01,
          1.9434726988041259e-02, 1.6864879908981470e-01,
          -1.4614296172360994e-02, 1.4864341949152451e-01,
          -5.1025873503605886e-02, 5.7297402908350316e-02,
          -7.9200441622563292e-03, 1.4717000890345659e-02,
          -7.9392161469385956e-03, 1.9434726988041259e-02,
          9.0979237213421424e-02, 2.0892155501302530e-02,
          3.9778107364157739e-02, 1.4121589769801402e-02,
          -1.1706933399633128e-02, -6.3110119159001188e-03,
          -1.1680015697124395e-01, -1.7464970643841837e-02,
          7.4676637249532080e-02, 1.6864879908981470e-01,
          2.0892155501302526e-02, 4.5248807679555436e-01,
          -6.2112995454080631e-02, 3.0720177450228514e-01,
          -1.7980813507289198e-01, 6.9065846521217805e-02,
          1.1980872214140541e-01, 5.2079082274299388e-02,
          -6.8663087795255207e-02, -1.4614296172360999e-02,
          3.9778107364157739e-02, -6.2112995454080631e-02,
          5.0376758294041346e-01, -1.1538158493426735e-01,
          2.9047696374675130e-01, 1.0650674523990995e-02,
          -4.6194582763451472e-03, 2.1028222595815424e-02,
          1.3476756290980269e-01, 1.4864341949152451e-01,
          1.4121589769801398e-02, 3.0720177450228514e-01,
          -1.1538158493426735e-01, 4.6156239506153390e-01,
          -1.0908350497853073e-01, 1.3477126895840133e-01,
          2.3623090106147690e-01, 1.0376636484728446e-01,
          -1.3156645768607114e-02, -5.1025873503605886e-02,
          -1.1706933399633130e-02, -1.7980813507289198e-01,
          2.9047696374675130e-01, -1.0908350497853073e-01,
          6.6598279301244478e-01, 5.8216711614398474e-02,
          1.6364608478188875e-01, 9.8746578374877547e-02,
          8.4365356943165312e-02, 5.7297402908350302e-02,
          -6.3110119159001154e-03, 6.9065846521217777e-02,
          1.0650674523990994e-02, 1.3477126895840133e-01,
          5.8216711614398474e-02, 2.6230601884242721e-01 ]
   - !!opencv-matrix
      rows: 10
      cols: 10
      dt: d
