%YAML:1.0
---
groups:
   - intact
   - CD19
   - blast
intactGmmnames:
   - "intact.Bue102.0"
   - "intact.Bue102.1"
   - "intact.Bue102.2"
   - "intact.Bue102.3"
   - "intact.Bue102.4"
intactLabels:
   - FSC-A
   - SSC-A
   - SY41
   - CD19
   - CD10
   - CD20
   - CD45
   - CD34
   - CD38
   - CD58
intactMu: !!opencv-matrix
   rows: 5
   cols: 10
   dt: d
   data: [ 2.1287856299133914e+00, 1.9848562004953234e+00,
       1.6683497352373531e+00, 1.3992527747495302e+00,
       1.6581860737181309e+00, 1.3387230268370505e+00,
       1.9670938890112843e+00, 2.0798848302049908e+00,
       2.0816818769713228e+00, 2.8171888233761813e+00,
       9.1384188547544709e-01, 2.4789636547278393e-01,
       1.4192413069541754e+00, 1.2701920930377149e+00,
       8.1582684041495079e-01, 8.6939820969159376e-01,
       1.3554652677224361e+00, 1.2832535600439214e+00,
       1.3462090234938335e+00, 2.7243547314559566e+00,
       1.1780281037412503e+00, 2.4644603251683497e-01,
       1.3264928695386311e+00, 1.2743869212403967e+00,
       8.1481523695018954e-01, 8.8028527041027504e-01,
       2.4181595237785429e+00, 1.1202129063324200e+00,
       1.7042732037397228e+00, 1.5789689861066940e+00,
       1.7818429362982446e+00, 7.1454930524650995e-01,
       1.5301002988921193e+00, 1.3084057643313114e+00,
       9.1377183381228577e-01, 9.6936673545200791e-01,
       2.2513100593181350e+00, 1.5078563447323294e+00,
       2.5399494626635373e+00, 2.6563882054435850e+00,
       2.0518597095083306e+00, 2.1439565448494626e+00,
       1.3756716826392863e+00, 1.3834569289865806e+00,
       2.0220234429968689e+00, 1.3110978494805841e+00,
       2.1215745544494675e+00, 2.1794558968972599e+00,
       1.8703673319171608e+00, 2.8238130999279987e+00 ]
intactSigma:
   - !!opencv-matrix
      rows: 10
      cols: 10
      dt: d
      data: [ 1.2974440911724938e-01, 1.1265766611308375e-01,
          3.3414151809187338e-02, 5.7427218103110926e-03,
          -3.3369865098819194e-02, 3.0227483268522252e-02,
          7.7360333665680658e-04, 5.7322423959401105e-02,
          6.7612156414560962e-02, 2.8786099571234808e-02,
          1.1265766611308375e-01, 3.5552309282058653e-01,
          4.4827622593105125e-02, 1.5195848359926952e-02,
          1.1618529363712034e-01, 4.2584007975270642e-02,
          7.9436280805512530e-02, 5.3395387648252031e-02,
          3.0931349366602464e-02, 4.0862763360617331e-02,
          3.3414151809187338e-02, 4.4827622593105132e-02,
          6.6224695291443592e-02, -2.4376584195698645e-04,
          -1.2165406689068209e-04, 1.4841473121891475e-02,
          2.5475476946472168e-03, 4.6080827184244895e-02,
          1.7741698343034455e-02, 9.7494673393252289e-03,
          5.7427218103110918e-03, 1.5195848359926952e-02,
          -2.4376584195698656e-04, 2.8152100155677290e-02,
          1.5410898298287321e-02, 1.2232792389825838e-02,
          1.0383297768009555e-02, 8.0468317127586047e-03,
          -1.1822128490683394e-04, 4.7551418598545912e-03,
          -3.3369865098819201e-02, 1.1618529363712034e-01,
          -1.2165406689068209e-04, 1.5410898298287325e-02,
          3.3223944599311334e-01, 1.4765499137241186e-04,
          1.2942917666121700e-01, -4.6957790589096562e-02,
          -9.5699862610804126e-02, 7.5082217348054810e-03,
          3.0227483268522252e-02, 4.2584007975270635e-02,
          1.4841473121891479e-02, 1.2232792389825834e-02,
          1.4765499137241295e-04, 1.1963255894341747e-01,
          7.2198665490890357e-03, 6.4017751343895410e-02,
          9.4390581417854082e-03, 1.4375349408236742e-02,
          7.7360333665680615e-04, 7.9436280805512530e-02,
          2.5475476946472172e-03, 1.0383297768009553e-02,
          1.2942917666121700e-01, 7.2198665490890357e-03,
          8.2612918312512551e-02, -1.1121530395742204e-02,
          -3.4134813616931090e-02, 9.3524379695736418e-03,
          5.7322423959401105e-02, 5.3395387648252031e-02,
          4.6080827184244895e-02, 8.0468317127586047e-03,
          -4.6957790589096556e-02, 6.4017751343895410e-02,
          -1.1121530395742199e-02, 1.6780790773723639e-01,
          4.2479565809418945e-02, 2.1181055636887398e-02,
          6.7612156414560975e-02, 3.0931349366602464e-02,
          1.7741698343034462e-02, -1.1822128490683420e-04,
          -9.5699862610804126e-02, 9.4390581417854030e-03,
          -3.4134813616931083e-02, 4.2479565809418945e-02,
          1.4529588752870282e-01, 1.5829025748692879e-02,
          2.8786099571234808e-02, 4.0862763360617331e-02,
          9.7494673393252324e-03, 4.7551418598545912e-03,
          7.5082217348054828e-03, 1.4375349408236742e-02,
          9.3524379695736418e-03, 2.1181055636887398e-02,
          1.5829025748692879e-02, 1.8487523068871640e-02 ]
   - !!opencv-matrix
      rows: 10
      cols: 10
      dt: d
      data: [ 7.1638929123978373e-02, 1.8065310657165976e-02,
          3.6029500105161635e-02, 1.1957024002212388e-03,
          4.6421876031477998e-03, 2.9846937212198842e-03,
          1.6414952598226300e-03, 9.3810860831823328e-03,
          7.8511322113327033e-03, 2.8565209843227499e-02,
          1.8065310657165976e-02, 7.9934001201625148e-03,
          9.7843181252010771e-03, 4.7317760201131973e-04,
          1.9895741055638988e-03, 1.0522505356512506e-03,
          5.2461039917271962e-04, 4.9972695502338953e-03,
          3.1775652493810317e-03, 1.0993141968371695e-02,
          3.6029500105161635e-02, 9.7843181252010771e-03,
          3.7958644019668898e-02, 7.1807058799203377e-04,
          2.7842124485085305e-03, 1.8003500253297652e-03,
          2.3010422287513869e-04, 8.6156593556179582e-03,
          4.4815222706902176e-03, 1.3968508054179148e-02,
          1.1957024002212384e-03, 4.7317760201131973e-04,
          7.1807058799203344e-04, 6.1861371253234352e-03,
          5.3609685950136774e-05, -8.7246812738940051e-04,
          4.8117532276009598e-05, -5.8378137592057407e-03,
          3.4094988685897407e-04, 8.1648501714475571e-04,
          4.6421876031477989e-03, 1.9895741055638979e-03,
          2.7842124485085297e-03, 5.3609685950136842e-05,
          3.8617571934246094e-02, 4.3798311173345780e-04,
          6.5931448794948207e-04, -4.5413500413166363e-03,
          9.3970885015848705e-04, 1.3559304963127060e-03,
          2.9846937212198851e-03, 1.0522505356512510e-03,
          1.8003500253297659e-03, -8.7246812738940019e-04,
          4.3798311173345801e-04, 4.0072853447475403e-02,
          3.0605347714644570e-04, -2.7636443011643257e-03,
          -7.5688205738626041e-04, 1.4223207575056710e-03,
          1.6414952598226295e-03, 5.2461039917271984e-04,
          2.3010422287513869e-04, 4.8117532276009645e-05,
          6.5931448794948196e-04, 3.0605347714644570e-04,
          2.1346048827277451e-03, 6.7859011803404854e-04,
          2.7764534846177536e-04, -1.9884510908492988e-04,
          9.3810860831823328e-03, 4.9972695502338961e-03,
          8.6156593556179616e-03, -5.8378137592057398e-03,
          -4.5413500413166372e-03, -2.7636443011643265e-03,
          6.7859011803404843e-04, 1.1676159166623457e-01,
          3.6436319217566073e-03, 4.6551171697421624e-03,
          7.8511322113327033e-03, 3.1775652493810317e-03,
          4.4815222706902184e-03, 3.4094988685897396e-04,
          9.3970885015848727e-04, -7.5688205738626041e-04,
          2.7764534846177536e-04, 3.6436319217566086e-03,
          5.0087974869509853e-03, 4.4408992192661034e-03,
          2.8565209843227506e-02, 1.0993141968371695e-02,
          1.3968508054179148e-02, 8.1648501714475603e-04,
          1.3559304963127060e-03, 1.4223207575056712e-03,
          -1.9884510908492985e-04, 4.6551171697421624e-03,
          4.4408992192661034e-03, 2.5805225546468680e-02 ]
   - !!opencv-matrix
      rows: 10
      cols: 10
      dt: d
