%YAML:1.0
---
groups:
   - intact
   - CD19
   - blast
intactGmmnames:
   - "intact.Bue102.0"
   - "intact.Bue102.1"
   - "intact.Bue102.2"
   - "intact.Bue102.3"
   - "intact.Bue102.4"
intactLabels:
   - FSC-A
   - SSC-A
   - SY41
   - CD19
   - CD10
   - CD20
   - CD45
   - CD34
   - CD38
   - CD58
intactMu: !!opencv-matrix
   rows: 5
   cols: 10
   dt: d
   data: [ 2.1287856299133914e+00, 1.9848562004953234e+00,
       1.6683497352373531e+00, 1.3992527747495302e+00,
       1.6581860737181309e+00, 1.3387230268370505e+00,
       1.9670938890112843e+00, 2.0798848302049908e+00,
       2.0816818769713228e+00, 2.8171888233761813e+00,
       9.1384188547544709e-01, 2.4789636547278393e-01,
       1.4192413069541754e+00, 1.2701920930377149e+00,
       8.1582684041495079e-01, 8.6939820969159376e-01,
       1.3554652677224361e+00, 1.2832535600439214e+00,
       1.3462090234938335e+00, 2.7243547314559566e+00,
       1.1780281037412503e+00, 2.4644603251683497e-01,
       1.3264928695386311e+00, 1.2743869212403967e+00,
       8.1481523695018954e-01, 8.8028527041027504e-01,
       2.4181595237785429e+00, 1.1202129063324200e+00,
       1.7042732037397228e+00, 1.5789689861066940e+00,
       1.7818429362982446e+00, 7.1454930524650995e-01,
       1.5301002988921193e+00, 1.3084057643313114e+00,
       9.1377183381228577e-01, 9.6936673545200791e-01,
       2.2513100593181350e+00, 1.5078563447323294e+00,
       2.5399494626635373e+00, 2.6563882054435850e+00,
       2.0518597095083306e+00, 2.1439565448494626e+00,
       1.3756716826392863e+00, 1.3834569289865806e+00,
       2.0220234429968689e+00, 1.3110978494805841e+00,
       2.1215745544494675e+00, 2.1794558968972599e+00,
       1.8703673319171608e+00, 2.8238130999279987e+00 ]
intactSigma:
   - !!opencv-matrix
      rows: 10
      cols: 10
      dt: d
      data: [ 1.2974440911724938e-01, 1.1265766611308375e-01,
          3.3414151809187338e-02, 5.7427218103110926e-03,
          -3.3369865098819194e-02, 3.0227483268522252e-02,
          7.7360333665680658e-04, 5.7322423959401105e-02,
          6.7612156414560962e-02, 2.8786099571234808e-02,
          1.1265766611308375e-01, 3.5552309282058653e-01,
          4.4827622593105125e-02, 1.5195848359926952e-02,
          1.1618529363712034e-01, 4.2584007975270642e-02,
          7.9436280805512530e-02, 5.3395387648252031e-02,
          3.0931349366602464e-02, 4.0862763360617331e-02,
          3.3414151809187338e-02, 4.4827622593105132e-02,
          6.6224695291443592e-02, -2.4376584195698645e-04,
          -1.2165406689068209e-04, 1.4841473121891475e-02,
          2.5475476946472168e-03, 4.6080827184244895e-02,
          1.7741698343034455e-02, 9.7494673393252289e-03,
          5.7427218103110918e-03, 1.5195848359926952e-02,
          -2.4376584195698656e-04, 2.8152100155677290e-02,
          1.5410898298287321e-02, 1.2232792389825838e-02,
          1.0383297768009555e-02, 8.0468317127586047e-03,
          -1.1822128490683394e-04, 4.7551418598545912e-03,
          -3.3369865098819201e-02, 1.1618529363712034e-01,
          -1.2165406689068209e-04, 1.5410898298287325e-02,
          3.3223944599311334e-01, 1.4765499137241186e-04,
          1.2942917666121700e-01, -4.6957790589096562e-02,
          -9.5699862610804126e-02, 7.5082217348054810e-03,
          3.0227483268522252e-02, 4.2584007975270635e-02,
          1.4841473121891479e-02, 1.2232792389825834e-02,
          1.4765499137241295e-04, 1.1963255894341747e-01,
          7.2198665490890357e-03, 6.4017751343895410e-02,
          9.4390581417854082e-03, 1.4375349408236742e-02,
          7.7360333665680615e-04, 7.9436280805512530e-02,
          2.5475476946472172e-03, 1.0383297768009553e-02,
          1.2942917666121700e-01, 7.2198665490890357e-03,
          8.2612918312512551e-02, -1.1121530395742204e-02,
          -3.4134813616931090e-02, 9.3524379695736418e-03,
          5.7322423959401105e-02, 5.3395387648252031e-02,
          4.6080827184244895e-02, 8.0468317127586047e-03,
          -4.6957790589096556e-02, 6.4017751343895410e-02,
          -1.1121530395742199e-02, 1.6780790773723639e-01,
          4.2479565809418945e-02, 2.1181055636887398e-02,
          6.7612156414560975e-02, 3.0931349366602464e-02,
          1.7741698343034462e-02, -1.1822128490683420e-04,
          -9.5699862610804126e-02, 9.4390581417854030e-03,
          -3.4134813616931083e-02, 4.2479565809418945e-02,
          1.4529588752870282e-01, 1.5829025748692879e-02,
          2.8786099571234808e-02, 4.0862763360617331e-02,
          9.7494673393252324e-03, 4.7551418598545912e-03,
          7.5082217348054828e-03, 1.4375349408236742e-02,
          9.3524379695736418e-03, 2.1181055636887398e-02,
          1.5829025748692879e-02, 1.8487523068871640e-02 ]
   - !!opencv-matrix
      rows: 10
      cols: 10
      dt: d
      data: [ 7.1638929123978373e-02, 1.8065310657165976e-02,
          3.6029500105161635e-02, 1.1957024002212388e-03,
          4.6421876031477998e-03, 2.9846937212198842e-03,
          1.6414952598226300e-03, 9.3810860831823328e-03,
          7.8511322113327033e-03, 2.8565209843227499e-02,
          1.8065310657165976e-02, 7.9934001201625148e-03,
          9.7843181252010771e-03, 4.7317760201131973e-04,
          1.9895741055638988e-03, 1.0522505356512506e-03,
          5.2461039917271962e-04, 4.9972695502338953e-03,
          3.1775652493810317e-03, 1.0993141968371695e-02,
          3.6029500105161635e-02, 9.7843181252010771e-03,
          3.7958644019668898e-02, 7.1807058799203377e-04,
          2.7842124485085305e-03, 1.8003500253297652e-03,
          2.3010422287513869e-04, 8.6156593556179582e-03,
          4.4815222706902176e-03, 1.3968508054179148e-02,
          1.1957024002212384e-03, 4.7317760201131973e-04,
          7.1807058799203344e-04, 6.1861371253234352e-03,
          5.3609685950136774e-05, -8.7246812738940051e-04,
          4.8117532276009598e-05, -5.8378137592057407e-03,
          3.4094988685897407e-04, 8.1648501714475571e-04,
          4.6421876031477989e-03, 1.9895741055638979e-03,
          2.7842124485085297e-03, 5.3609685950136842e-05,
          3.8617571934246094e-02, 4.3798311173345780e-04,
          6.5931448794948207e-04, -4.5413500413166363e-03,
          9.3970885015848705e-04, 1.3559304963127060e-03,
          2.9846937212198851e-03, 1.0522505356512510e-03,
          1.8003500253297659e-03, -8.7246812738940019e-04,
          4.3798311173345801e-04, 4.0072853447475403e-02,
          3.0605347714644570e-04, -2.7636443011643257e-03,
          -7.5688205738626041e-04, 1.4223207575056710e-03,
          1.6414952598226295e-03, 5.2461039917271984e-04,
          2.3010422287513869e-04, 4.8117532276009645e-05,
          6.5931448794948196e-04, 3.0605347714644570e-04,
          2.1346048827277451e-03, 6.7859011803404854e-04,
          2.7764534846177536e-04, -1.9884510908492988e-04,
          9.3810860831823328e-03, 4.9972695502338961e-03,
          8.6156593556179616e-03, -5.8378137592057398e-03,
          -4.5413500413166372e-03, -2.7636443011643265e-03,
          6.7859011803404843e-04, 1.1676159166623457e-01,
          3.6436319217566073e-03, 4.6551171697421624e-03,
          7.8511322113327033e-03, 3.1775652493810317e-03,
          4.4815222706902184e-03, 3.4094988685897396e-04,
          9.3970885015848727e-04, -7.5688205738626041e-04,
          2.7764534846177536e-04, 3.6436319217566086e-03,
          5.0087974869509853e-03, 4.4408992192661034e-03,
          2.8565209843227506e-02, 1.0993141968371695e-02,
          1.3968508054179148e-02, 8.1648501714475603e-04,
          1.3559304963127060e-03, 1.4223207575056712e-03,
          -1.9884510908492985e-04, 4.6551171697421624e-03,
          4.4408992192661034e-03, 2.5805225546468680e-02 ]
   - !!opencv-matrix
      rows: 10
      cols: 10
      dt: d
      data: [ 2.0279450220842085e-02, 8.2324852661576318e-03,
          4.7596236219073374e-03, 2.6584461348738470e-04,
          2.0193588401291292e-03, -1.9406983379015889e-05,
          1.2526649297715069e-02, -3.8806307196863356e-03,
          -2.2934299739231240e-02, 4.6126929224469600e-02,
          8.2324852661576318e-03, 6.6985011776049160e-03,
          1.5802478553987977e-03, 1.6963370819576349e-04,
          1.1854839173364819e-03, 2.5898939467814129e-04,
          8.1135039361751940e-03, -2.6601266121266303e-03,
          -1.3425873485426979e-02, 3.7771718623884898e-02,
          4.7596236219073374e-03, 1.5802478553987984e-03,
          2.0537323231924174e-02, 5.8933681897924356e-05,
          6.0385400967504453e-04, -7.3964413098350510e-04,
          -6.3944529034785490e-03, -6.8918615795509556e-04,
          -1.0954534463458999e-02, 5.0385531411002264e-03,
          2.6584461348738453e-04, 1.6963370819576349e-04,
          5.8933681897924383e-05, 5.8958216809033674e-03,
          -4.8645494199399698e-05, -1.2208589249555557e-03,
          4.3253021839659497e-05, -5.1174255917487820e-03,
          -3.2509666529385465e-04, 8.2005831950119473e-04,
          2.0193588401291296e-03, 1.1854839173364821e-03,
          6.0385400967504421e-04, -4.8645494199399718e-05,
          2.7209996590921378e-02, 4.4917386558679460e-04,
          2.2137324576231320e-03, -5.4503200680073704e-03,
          -2.9325674683068491e-03, 3.3134558405953102e-03,
          -1.9406983379015713e-05, 2.5898939467814135e-04,
          -7.3964413098350521e-04, -1.2208589249555553e-03,
          4.4917386558679482e-04, 5.0765599274292181e-02,
          4.2394232578261271e-04, -4.6614833684995548e-03,
          -4.1538214257990673e-03, 2.8287586201190327e-03,
          1.2526649297715069e-02, 8.1135039361751957e-03,
          -6.3944529034785482e-03, 4.3253021839659280e-05,
          2.2137324576231316e-03, 4.2394232578261254e-04,
          5.1283405104506706e-02, -3.9007146116271439e-03,
          -1.2277606256011096e-02, 3.5929134814185040e-02,
          -3.8806307196863361e-03, -2.6601266121266298e-03,
          -6.8918615795509534e-04, -5.1174255917487820e-03,
          -5.4503200680073687e-03, -4.6614833684995556e-03,
          -3.9007146116271439e-03, 8.7810721543240822e-02,
          7.5549646030136025e-03, -1.3219843898557059e-02,
          -2.2934299739231240e-02, -1.3425873485426979e-02,
          -1.0954534463458999e-02, -3.2509666529385482e-04,
          -2.9325674683068491e-03, -4.1538214257990664e-03,
          -1.2277606256011094e-02, 7.5549646030136069e-03,
          1.8368306242178806e-01, -1.0335585892801946e-01,
          4.6126929224469600e-02, 3.7771718623884898e-02,
          5.0385531411002256e-03, 8.2005831950119473e-04,
          3.3134558405953089e-03, 2.8287586201190323e-03,
          3.5929134814185040e-02, -1.3219843898557062e-02,
          -1.0335585892801946e-01, 3.8007584544838247e-01 ]
   - !!opencv-matrix
      rows: 10
      cols: 10
      dt: d
      data: [ 1.9029450691055746e-01, 9.4146119177726570e-02,
          7.9514679230916797e-04, 1.4181545081764374e-03,
          1.2766347988642688e-02, -2.7255233533443481e-02,
          7.6882694321456030e-02, 1.0173510607319714e-02,
          1.0727775087862897e-01, 9.1436717384485930e-02,
          9.4146119177726570e-02, 9.9430455265725623e-02,
          -7.1894429033802273e-03, -4.0899065793274379e-04,
          1.6717182407149190e-02, -1.4058981457261116e-02,
          3.2884940479891211e-02, 7.9617518401891227e-03,
          6.3270988742251372e-02, 7.7023972250347017e-02,
          7.9514679230916852e-04, -7.1894429033802255e-03,
          6.3505299684130087e-02, 2.4904231157302763e-03,
          -1.4703442548761196e-04, 2.4000008478872244e-02,
          -5.1284661650398709e-02, 4.1001634741401630e-02,
          -6.2645719119976365e-02, 1.0336132516327517e-02,
          1.4181545081764385e-03, -4.0899065793274369e-04,
          2.4904231157302763e-03, 1.5599198190788909e-02,
          2.0204831017299751e-03, 4.3854326198829469e-03,
          -2.8113001712684340e-03, 4.5438522917524383e-03,
          1.2583797241699868e-03, 1.7707766063045397e-03,
          1.2766347988642684e-02, 1.6717182407149190e-02,
          -1.4703442548761231e-04, 2.0204831017299760e-03,
          5.2271985756893784e-02, 7.7749713265895014e-03,
          3.7267014745636052e-03, 1.1622051268683219e-02,
          -1.8281978523110927e-03, 1.2399629483846883e-02,
          -2.7255233533443474e-02, -1.4058981457261113e-02,
          2.4000008478872244e-02, 4.3854326198829478e-03,
          7.7749713265895031e-03, 1.7117001168376622e-01,
          -3.8336180401569747e-02, 6.4599225769639460e-02,
          -6.6783956497499561e-02, -2.5618263378160413e-03,
          7.6882694321456030e-02, 3.2884940479891211e-02,
          -5.1284661650398709e-02, -2.8113001712684344e-03,
          3.7267014745636052e-03, -3.8336180401569747e-02,
          2.1587388803978980e-01, -6.7656571814600844e-02,
          9.9369530228681446e-02, -4.9643665589336845e-03,
          1.0173510607319717e-02, 7.9617518401891227e-03,
          4.1001634741401630e-02, 4.5438522917524374e-03,
          1.1622051268683216e-02, 6.4599225769639473e-02,
          -6.7656571814600844e-02, 2.3149052890358257e-01,
          -6.2667241036862123e-02, 3.5708663123472997e-02,
          1.0727775087862897e-01, 6.3270988742251358e-02,
          -6.2645719119976392e-02, 1.2583797241699872e-03,
          -1.8281978523110919e-03, -6.6783956497499561e-02,
          9.9369530228681446e-02, -6.2667241036862109e-02,
          3.9904365498776634e-01, 8.8391171198018044e-03,
          9.1436717384485930e-02, 7.7023972250347017e-02,
          1.0336132516327517e-02, 1.7707766063045402e-03,
          1.2399629483846883e-02, -2.5618263378160422e-03,
          -4.9643665589336871e-03, 3.5708663123472997e-02,
          8.8391171198018009e-03, 1.2075418756583828e-01 ]
   - !!opencv-matrix
      rows: 10
      cols: 10
      dt: d
      data: [ 3.8076209857823964e-02, 6.7580215373430799e-02,
          6.6876648321346870e-03, 5.0478091801423840e-03,
          -4.6321403562425431e-03, 2.1586391296471035e-02,
          1.8495566809810674e-03, 2.2419906029881628e-02,
          1.6835713517670638e-02, 1.0786583625131345e-02,
          6.7580215373430799e-02, 2.1830022058734563e-01,
          1.4501503018698828e-02, 6.3016846224637204e-03,
          -6.2569982028082586e-04, 3.4038501791645012e-02,
          1.2680623387244969e-03, 3.6521482817662362e-02,
          3.7918097114833252e-02, 1.9001883794980478e-02,
          6.6876648321346870e-03, 1.4501503018698828e-02,
          1.3339664079659594e-02, -2.6042002523003164e-04,
          -9.9909063272888080e-03, 2.0106784856159989e-03,
          -5.5737774831445906e-03, 3.1970911433480617e-03,
          2.8971505980001258e-03, 1.5674529753941957e-03,
          5.0478091801423831e-03, 6.3016846224637178e-03,
          -2.6042002523003174e-04, 2.2082949708520726e-02,
          5.9367737173799777e-03, 5.0849217858934875e-03,
          4.0806321524416043e-03, 2.1203092830066159e-03,
          3.5248564310846053e-03, 2.4975718424411599e-03,
          -4.6321403562425431e-03, -6.2569982028082608e-04,
          -9.9909063272888080e-03, 5.9367737173799768e-03,
          1.5313230310699935e-01, 8.6525512422757390e-03,
          4.4625912992957199e-02, 7.0557278016126403e-03,
          -7.5895761243560938e-03, -3.5543073073549605e-03,
          2.1586391296471035e-02, 3.4038501791645012e-02,
          2.0106784856159989e-03, 5.0849217858934866e-03,
          8.6525512422757390e-03, 8.5567014201271080e-02,
          6.7410743265475057e-03, 2.3391870444136889e-02,
          5.6303927260789076e-03, 8.8396178136691903e-03,
          1.8495566809810661e-03, 1.2680623387244980e-03,
          -5.5737774831445923e-03, 4.0806321524416026e-03,
          4.4625912992957199e-02, 6.7410743265475066e-03,
          3.2397827286434450e-02, 6.9134134580759003e-03,
          -5.4764020441725337e-04, -2.9961294022416598e-04,
          2.2419906029881628e-02, 3.6521482817662362e-02,
          3.1970911433480617e-03, 2.1203092830066167e-03,
          7.0557278016126412e-03, 2.3391870444136886e-02,
          6.9134134580759021e-03, 5.1414056290057283e-02,
          9.1668091802981442e-03, 8.5584263757774327e-03,
          1.6835713517670638e-02, 3.7918097114833252e-02,
          2.8971505980001258e-03, 3.5248564310846053e-03,
          -7.5895761243560964e-03, 5.6303927260789085e-03,
          -5.4764020441725359e-04, 9.1668091802981442e-03,
          3.3020387865867071e-02, 7.2927038134523413e-03,
          1.0786583625131345e-02, 1.9001883794980478e-02,
          1.5674529753941957e-03, 2.4975718424411599e-03,
          -3.5543073073549605e-03, 8.8396178136691921e-03,
          -2.9961294022416598e-04, 8.5584263757774327e-03,
          7.2927038134523413e-03, 9.3293871223930069e-03 ]
intactC: !!opencv-matrix
   rows: 1
   cols: 5
   dt: d
   data: [ 9.4391177726171810e-02, 2.1314738995979107e-01,
       1.5099864728550069e-01, 7.2964358627871040e-02,
       4.6355799112867691e-01 ]
intactNumEvents: 526892.
intactMaxVals: !!opencv-matrix
   rows: 1
   cols: 10
   dt: d
   data: [ 4.5000000000000000e+00, 4.5000000000000000e+00,
       4.5000000000000000e+00, 4.5000000000000000e+00,
       4.5000000000000000e+00, 4.5000000000000000e+00,
       4.5000000000000000e+00, 4.5000000000000000e+00,
       4.5000000000000000e+00, 4.5000000000000000e+00 ]
CD19Gmmnames:
   - "CD19.Bue102.0"
   - "CD19.Bue102.1"
CD19Labels:
   - FSC-A
   - SSC-A
   - SY41
   - CD19
   - CD10
   - CD20
   - CD45
   - CD34
   - CD38
   - CD58
CD19Mu: !!opencv-matrix
   rows: 2
   cols: 10
   dt: d
   data: [ 1.1398929412368883e+00, 2.5134385222931488e-01,
       1.4572469423159926e+00, 3.0699638636370561e+00,
       8.4398559978840859e-01, 3.0788003759359470e+00,
       2.5947711532276356e+00, 1.1517121433579576e+00,
       1.5052207588288360e+00, 1.5995663701922320e+00,
       2.1196622654656840e+00, 5.7520398302060327e-01,
       1.5067734031578270e+00, 2.7679087692824766e+00,
       8.9826641978948651e-01, 1.1295886116587783e+00,
       2.4310369850213265e+00, 1.7276611575460623e+00,
       3.8499825153200127e+00, 2.5833802578890612e+00 ]
CD19Sigma:
   - !!opencv-matrix
      rows: 10
      cols: 10
      dt: d
      data: [ 4.9492108924140132e-02, 1.4652475346085929e-02,
          1.1617415561173997e-02, 7.2343525941454745e-03,
          4.6697812488009144e-03, 9.8691562581011087e-03,
          1.1274324831688392e-02, 1.0520267807504778e-02,
          7.7070928729636359e-03, 5.7960641861697325e-02,
          1.4652475346085929e-02, 9.6181582391610711e-03,
          6.5009600880936028e-03, 4.8036857356807570e-03,
          3.7885665868110348e-03, 6.7419675917683086e-03,
          4.4316325728918663e-03, 1.1616613310226346e-02,
          4.1460015446198265e-03, 3.8259928418659779e-02,
          1.1617415561173997e-02, 6.5009600880936028e-03,
          1.0731726086495874e-01, 1.7169391913299532e-02,
          5.6244334698922222e-03, 2.4344481231792933e-02,
          1.8833159865805894e-02, 2.2325456364855712e-02,
          5.6757440462739074e-03, 2.3410254934464556e-02,
          7.2343525941454745e-03, 4.8036857356807570e-03,
          1.7169391913299532e-02, 6.2497389741168329e-02,
          -1.1134723977566023e-03, 4.8084342388268954e-02,
          2.7471306291134347e-02, -1.9972124367842212e-02,
          9.4597210585992131e-03, 1.8552584535987991e-04,
          4.6697812488009144e-03, 3.7885665868110348e-03,
          5.6244334698922240e-03, -1.1134723977566023e-03,
          4.8933153826481557e-02, 1.5040919095478020e-03,
          -1.0728045841640263e-03, 1.1563597250219465e-02,
          1.1188713675733049e-02, 1.2754230450118040e-02,
          9.8691562581011087e-03, 6.7419675917683086e-03,
          2.4344481231792933e-02, 4.8084342388268954e-02,
          1.5040919095478020e-03, 1.0201641288158729e-01,
          5.1923153560802307e-02, -3.9256292314386538e-03,
          3.0534669791689286e-03, 2.7518721828867189e-04,
          1.1274324831688392e-02, 4.4316325728918663e-03,
          1.8833159865805894e-02, 2.7471306291134347e-02,
          -1.0728045841640263e-03, 5.1923153560802307e-02,
          7.4281419103069804e-02, -8.5412100869861705e-03,
          -5.7188719012330504e-03, 8.3065658296835702e-03,
          1.0520267807504778e-02, 1.1616613310226346e-02,
          2.2325456364855712e-02, -1.9972124367842212e-02,
          1.1563597250219465e-02, -3.9256292314386538e-03,
          -8.5412100869861705e-03, 3.0161925942836842e-01,
          4.3224906184030328e-03, 6.5646778821768823e-02,
          7.7070928729636359e-03, 4.1460015446198265e-03,
          5.6757440462739074e-03, 9.4597210585992131e-03,
          1.1188713675733049e-02, 3.0534669791689286e-03,
          -5.7188719012330504e-03, 4.3224906184030328e-03,
          1.0401592995517986e-01, 2.0545446380658269e-03,
          5.7960641861697325e-02, 3.8259928418659779e-02,
          2.3410254934464556e-02, 1.8552584535987953e-04,
          1.2754230450118040e-02, 2.7518721828867189e-04,
          8.3065658296835702e-03, 6.5646778821768823e-02,
          2.0545446380658282e-03, 3.0266436275725156e-01 ]
   - !!opencv-matrix
      rows: 10
      cols: 10
      dt: d
      data: [ 2.2285652314037724e-01, 4.8889804320318128e-02,
          6.7963589625965382e-02, 3.0763534203841810e-02,
          1.7148704351184613e-02, 7.9393999803259053e-03,
          2.9118616396167262e-02, 1.4530559980389738e-02,
          2.8652350336366799e-02, 3.4496675346954823e-02,
          4.8889804320318128e-02, 2.3218695132648702e-02,
          1.6077200033021984e-02, 1.1651383700050359e-02,
          5.8050839828405086e-03, 9.8561014291554203e-03,
          1.1225387157865771e-02, 1.1687940460086069e-02,
          6.3864223369340355e-03, 1.3897737513142702e-02,
          6.7963589625965382e-02, 1.6077200033021984e-02,
          6.2274648628764591e-02, 1.0267332341073701e-02,
          5.8305898785238463e-03, 3.5071471549722169e-03,
          7.3345733241058347e-03, 1.4713123518323105e-03,
          -5.1930178710248723e-03, 1.7831211723047996e-02,
          3.0763534203841810e-02, 1.1651383700050359e-02,
          1.0267332341073701e-02, 6.0441693272955829e-02,
          4.7345244104386921e-03, 2.1330335198930385e-02,
          1.8622953795309559e-02, -1.0320636745268988e-02,
          2.3865357951900477e-04, 1.1248716295189134e-02,
          1.7148704351184613e-02, 5.8050839828405086e-03,
          5.8305898785238463e-03, 4.7345244104386921e-03,
          4.2096911076694186e-02, 3.9754644784177201e-03,
          1.8430163604505150e-03, -9.4628850375363580e-04,
          5.0106020608450983e-03, 1.7071833921042064e-03,
          7.9393999803259053e-03, 9.8561014291554203e-03,
          3.5071471549722156e-03, 2.1330335198930385e-02,
          3.9754644784177201e-03, 5.5150871551280256e-01,
          2.5359965591994806e-02, -9.7601190108943005e-03,
          -3.9213027435680538e-02, -1.6272736450563278e-03,
          2.9118616396167262e-02, 1.1225387157865771e-02,
          7.3345733241058347e-03, 1.8622953795309555e-02,
          1.8430163604505150e-03, 2.5359965591994806e-02,
          6.1553093941775307e-02, -1.2823351421774666e-02,
          -1.3763096448057151e-02, 1.3556712304012631e-02,
          1.4530559980389738e-02, 1.1687940460086069e-02,
          1.4713123518323105e-03, -1.0320636745268988e-02,
          -9.4628850375363580e-04, -9.7601190108943022e-03,
          -1.2823351421774666e-02, 1.9554304192279104e-01,
          1.3208453968158829e-02, 6.3540072104258140e-03,
          2.8652350336366799e-02, 6.3864223369340355e-03,
          -5.1930178710248723e-03, 2.3865357951900493e-04,
          5.0106020608450983e-03, -3.9213027435680538e-02,
          -1.3763096448057151e-02, 1.3208453968158829e-02,
          5.1208177375095969e-02, -1.3169643951901713e-03,
          3.4496675346954823e-02, 1.3897737513142707e-02,
          1.7831211723047996e-02, 1.1248716295189134e-02,
          1.7071833921042064e-03, -1.6272736450563278e-03,
          1.3556712304012631e-02, 6.3540072104258140e-03,
          -1.3169643951901717e-03, 3.9511826932716307e-02 ]
CD19C: !!opencv-matrix
   rows: 1
   cols: 2
   dt: d
   data: [ 2.2094751225674066e-03, 2.5817650475528486e-03 ]
CD19NumEvents: 2537.
CD19MaxVals: !!opencv-matrix
   rows: 1
   cols: 10
   dt: d
   data: [ 4.5000000000000000e+00, 4.5000000000000000e+00,
       4.5000000000000000e+00, 4.5000000000000000e+00,
       4.5000000000000000e+00, 4.5000000000000000e+00,
       4.5000000000000000e+00, 4.5000000000000000e+00,
       4.5000000000000000e+00, 4.5000000000000000e+00 ]
blastGmmnames:
   - "blast.Bue102.0"
blastLabels:
   - FSC-A
   - SSC-A
   - SY41
   - CD19
   - CD10
   - CD20
   - CD45
   - CD34
   - CD38
   - CD58
blastMu: !!opencv-matrix
   rows: 1
   cols: 10
   dt: d
   data: [ 1.1607547764536701e+00, 2.6391850468478623e-01,
       1.2926778914053230e+00, 2.9261575228051293e+00,
       2.8432894779157034e+00, 2.7739341756965539e+00,
       1.3750571540639369e+00, 1.5960259133407586e+00,
       2.4478170826465266e+00, 2.2019450468353079e+00 ]
blastSigma:
   - !!opencv-matrix
      rows: 10
      cols: 10
      dt: d
      data: [ 6.0698642834960903e-02, 7.6983291285049084e-03,
          -1.6715853876669929e-03, 3.7913472053242726e-02,
          2.5714834203147390e-03, -1.1541495137704092e-03,
          -7.2162893063306484e-04, -2.0872786784560941e-02,
          4.4691402678245007e-02, 9.2312354393829892e-03,
          7.6983291285049084e-03, 5.8627563152063794e-03,
          6.7755482769160076e-03, 3.9962483756470777e-03,
          -5.1849490217459855e-03, 7.6841015805529439e-03,
          1.1046537741273023e-03, 6.2974910375557429e-03,
          1.1753905184456752e-02, 2.5472944148070211e-03,
          -1.6715853876669929e-03, 6.7755482769160076e-03,
          5.4524087489535744e-02, -1.1105582734781730e-02,
          -1.9745921732572291e-02, 1.4975293665259976e-02,
          3.9242593052293204e-03, 3.5556712506116424e-02,
          2.7805602771325912e-03, -1.0322254865824393e-02,
          3.7913472053242726e-02, 3.9962483756470777e-03,
          -1.1105582734781730e-02, 8.8294435459612644e-02,
          1.1171078134421872e-02, 2.0377894756694531e-02,
          4.3343241051590189e-05, -2.2723813600620826e-02,
          7.3112924306257071e-02, -3.9590560939665115e-03,
          2.5714834203147390e-03, -5.1849490217459855e-03,
          -1.9745921732572291e-02, 1.1171078134421872e-02,
          8.4549339861593673e-02, -2.6486931300715680e-02,
          -7.9802463069082053e-03, -2.8675307120946906e-02,
          -6.4059496924220175e-03, 3.6488282327846337e-02,
          -1.1541495137704092e-03, 7.6841015805529439e-03,
          1.4975293665259976e-02, 2.0377894756694531e-02,
          -2.6486931300715680e-02, 1.3269227156305932e-01,
          6.1759113119060844e-03, 2.4763685898017852e-02,
          7.4261129650769253e-02, -3.8035502546073560e-02,
          -7.2162893063306484e-04, 1.1046537741273023e-03,
          3.9242593052293204e-03, 4.3343241051590189e-05,
          -7.9802463069082053e-03, 6.1759113119060844e-03,
          4.5303314811071154e-03, 7.5716677675681477e-03,
          6.2962423973428562e-03, -4.3567188134448938e-03,
          -2.0872786784560941e-02, 6.2974910375557429e-03,
          3.5556712506116424e-02, -2.2723813600620826e-02,
          -2.8675307120946906e-02, 2.4763685898017852e-02,
          7.5716677675681477e-03, 3.8259552183676471e-01,
          -2.1418773886870988e-02, 2.1408916926548980e-02,
          4.4691402678245007e-02, 1.1753905184456752e-02,
          2.7805602771325912e-03, 7.3112924306257071e-02,
          -6.4059496924220175e-03, 7.4261129650769253e-02,
          6.2962423973428562e-03, -2.1418773886870988e-02,
          3.3761705032249373e-01, -6.0286291576989691e-02,
          9.2312354393829892e-03, 2.5472944148070211e-03,
          -1.0322254865824393e-02, -3.9590560939665115e-03,
          3.6488282327846337e-02, -3.8035502546073560e-02,
          -4.3567188134448938e-03, 2.1408916926548980e-02,
          -6.0286291576989691e-02, 8.1954548302280036e-02 ]
blastC: !!opencv-matrix
   rows: 1
   cols: 1
   dt: d
   data: [ 1.4919510186815139e-04 ]
blastNumEvents: 79.
blastMaxVals: !!opencv-matrix
   rows: 1
   cols: 10
   dt: d
   data: [ 4.5000000000000000e+00, 4.5000000000000000e+00,
       4.5000000000000000e+00, 4.5000000000000000e+00,
       4.5000000000000000e+00, 4.5000000000000000e+00,
       4.5000000000000000e+00, 4.5000000000000000e+00,
       4.5000000000000000e+00, 4.5000000000000000e+00 ]
