%YAML:1.0
---
groups:
   - intact
   - CD19
   - blast
intactGmmnames:
   - "intact.2014-2994.0"
   - "intact.2014-2994.1"
   - "intact.2014-2994.2"
   - "intact.2014-2994.3"
   - "intact.2014-2994.4"
intactLabels:
   - FSC-A
   - SSC-A
   - SY41
   - CD19
   - CD10
   - CD20
   - CD45
   - CD34
   - CD38
   - CD58
intactMu: !!opencv-matrix
   rows: 5
   cols: 10
   dt: d
   data: [ 3.0556238351031175e+00, 3.1468880704241089e+00,
       3.5682031161868997e+00, 1.8416041936078513e+00,
       1.8623700313447857e+00, 1.0391364574905857e+00,
       2.7193372874170674e+00, 1.1245850142601044e+00,
       1.5882278373047087e+00, 1.9907294750975113e+00,
       2.1852702598148883e+00, 6.3474255753543363e-01,
       3.6109361855326503e+00, 1.3312779309454288e+00,
       1.4441915122818931e+00, 8.9934364215693041e-01,
       3.5442815899023730e+00, 9.6723797306476855e-01,
       1.9424127722645950e+00, 1.1434891773007765e+00,
       1.7783845562479839e+00, 6.0703469436784785e-01,
       3.6262483471294598e+00, 1.1161552799205889e+00,
       1.1514502427031716e+00, 9.6252916368318253e-01,
       1.2234951027206040e+00, 1.1396026547451674e+00,
       1.3798018038852895e+00, 2.4009269326200720e+00,
       2.1499980074996503e+00, 3.9326570513843961e-01,
       3.6016429909300620e+00, 1.1881814181525521e+00,
       1.2333764774546265e+00, 9.0700668112660243e-01,
       3.4078391709044822e+00, 1.0448835127535550e+00,
       1.9549004694447136e+00, 7.6535206107779552e-01,
       2.3164436625428726e+00, 8.1417413177183362e-01,
       3.5673506945265938e+00, 1.4496728011237168e+00,
       1.5174972428657074e+00, 9.0395355216981643e-01,
       3.5248412719090649e+00, 9.3129185736051900e-01,
       2.3703338603025306e+00, 1.0808476653311745e+00 ]
intactSigma:
   - !!opencv-matrix
      rows: 10
      cols: 10
      dt: d
      data: [ 4.4966571583872827e-01, 2.7204817997699016e-01,
          1.9737588149904135e-02, 2.7095761887713579e-02,
          6.9426609586199173e-02, -5.2887439559057572e-02,
          7.4624327659623957e-02, -7.0204651469035302e-03,
          9.7719656137773402e-03, 3.2964580179888049e-02,
          2.7204817997699016e-01, 1.0526472148924364e+00,
          9.7976236971414610e-03, 1.3451489539599962e-01,
          3.2084916269363623e-01, -1.3145725254037574e-01,
          2.4952364042237593e-01, -5.2569765425387896e-02,
          -4.7203855245107673e-02, 6.1367737367264800e-02,
          1.9737588149904128e-02, 9.7976236971414610e-03,
          4.3555351644094902e-02, 1.7934796743104297e-03,
          -6.9150119069156049e-04, -4.8922983829204070e-03,
          1.3087863974981671e-03, -3.0814008342467175e-03,
          3.9674972475303915e-03, 1.4371663360525302e-02,
          2.7095761887713579e-02, 1.3451489539599962e-01,
          1.7934796743104293e-03, 9.6976911095579710e-02,
          3.9314277449547776e-02, 4.4264198236878986e-02,
          8.1985788263579801e-02, -1.0257248058236185e-02,
          6.3025327702434172e-04, -1.6037185550695134e-02,
          6.9426609586199173e-02, 3.2084916269363623e-01,
          -6.9150119069156092e-04, 3.9314277449547776e-02,
          2.9479561409145261e-01, -4.5514881912782253e-02,
          1.2171909424371430e-01, -2.1744316581390682e-02,
          -1.2491759314317230e-02, 2.8912377417657870e-02,
          -5.2887439559057572e-02, -1.3145725254037574e-01,
          -4.8922983829204070e-03, 4.4264198236878986e-02,
          -4.5514881912782253e-02, 1.7287059271436422e-01,
          3.1324179153552921e-02, 2.1539010293097935e-03,
          8.7540252766250427e-03, -3.6376922051495550e-02,
          7.4624327659623957e-02, 2.4952364042237596e-01,
          1.3087863974981680e-03, 8.1985788263579801e-02,
          1.2171909424371433e-01, 3.1324179153552928e-02,
          3.2056970100189064e-01, -1.8192133619413461e-02,
          5.9621853321851062e-02, -4.4199809322960311e-02,
          -7.0204651469035302e-03, -5.2569765425387896e-02,
          -3.0814008342467175e-03, -1.0257248058236185e-02,
          -2.1744316581390682e-02, 2.1539010293097935e-03,
          -1.8192133619413464e-02, 6.8315058027906800e-02,
          1.4376701158544131e-02, 3.9660967796361435e-03,
          9.7719656137773402e-03, -4.7203855245107673e-02,
          3.9674972475303924e-03, 6.3025327702434194e-04,
          -1.2491759314317228e-02, 8.7540252766250427e-03,
          5.9621853321851076e-02, 1.4376701158544131e-02,
          7.6602674427464532e-02, -1.5704876710637996e-02,
          3.2964580179888049e-02, 6.1367737367264807e-02,
          1.4371663360525302e-02, -1.6037185550695138e-02,
          2.8912377417657870e-02, -3.6376922051495550e-02,
          -4.4199809322960311e-02, 3.9660967796361444e-03,
          -1.5704876710637992e-02, 1.1719067308408042e-01 ]
   - !!opencv-matrix
      rows: 10
      cols: 10
      dt: d
      data: [ 7.5882682270703661e-02, 2.7229569684847441e-03,
          -1.0378039890215150e-03, -1.2360190458357025e-03,
          7.8909399928324374e-03, 6.5401704358593500e-04,
          -1.2667371196973325e-03, -1.7813210293235735e-03,
          -6.7653737096226487e-04, -1.2657608000515774e-02,
          2.7229569684847441e-03, 2.7771213661086230e-02,
          -1.8962285824253967e-04, 1.6382344911199321e-02,
          2.7434307664366810e-02, -1.2100781637309618e-03,
          1.4220895224622792e-02, -1.0299060631198490e-02,
          1.1947825767289647e-02, 5.4769338987540103e-03,
          -1.0378039890215145e-03, -1.8962285824253948e-04,
          2.3990392243001927e-02, 1.6324866191128658e-03,
          -2.6959107481300711e-03, 3.7928909855116017e-04,
          -3.4996587849797292e-04, 7.1791723387537164e-04,
          -1.0160154981144196e-03, -2.7240456028183047e-05,
          -1.2360190458357021e-03, 1.6382344911199321e-02,
          1.6324866191128658e-03, 1.4960737483785341e-01,
          2.5402940429743802e-02, -6.5445765672000481e-03,
          8.9429843918833948e-03, -8.1578545127128661e-03,
          -3.2239708335371760e-03, 2.3703550094132360e-03,
          7.8909399928324374e-03, 2.7434307664366810e-02,
          -2.6959107481300706e-03, 2.5402940429743802e-02,
          2.4456497531293869e-01, -1.3974085821550548e-03,
          1.9159204877641518e-02, -1.5894918511221538e-02,
          2.1521782565495792e-02, -1.4424089897710332e-03,
          6.5401704358593478e-04, -1.2100781637309622e-03,
          3.7928909855116044e-04, -6.5445765672000481e-03,
          -1.3974085821550548e-03, 5.6339029205805385e-02,
          -1.5353720278743126e-03, -1.3316927616286270e-02,
          -1.5181325448526663e-02, 5.9139771050580850e-04,
          -1.2667371196973330e-03, 1.4220895224622792e-02,
          -3.4996587849797308e-04, 8.9429843918833966e-03,
          1.9159204877641518e-02, -1.5353720278743130e-03,
          1.4857788695064834e-02, -7.1421772701991742e-03,
          1.2938663667808029e-02, 1.6363072339708597e-03,
          -1.7813210293235722e-03, -1.0299060631198490e-02,
          7.1791723387537186e-04, -8.1578545127128626e-03,
          -1.5894918511221542e-02, -1.3316927616286270e-02,
          -7.1421772701991768e-03, 1.1133811701188845e-01,
          -2.0653589950130951e-03, -1.3377916198356916e-04,
          -6.7653737096226530e-04, 1.1947825767289647e-02,
          -1.0160154981144198e-03, -3.2239708335371747e-03,
          2.1521782565495792e-02, -1.5181325448526663e-02,
          1.2938663667808029e-02, -2.0653589950130947e-03,
          4.0690910237534912e-02, 2.2446408102235930e-04,
          -1.2657608000515774e-02, 5.4769338987540094e-03,
          -2.7240456028183281e-05, 2.3703550094132378e-03,
          -1.4424089897710332e-03, 5.9139771050580785e-04,
          1.6363072339708601e-03, -1.3377916198356929e-04,
          2.2446408102235873e-04, 1.2659113405683908e-01 ]
   - !!opencv-matrix
      rows: 10
