%YAML:1.0
---
groups:
   - intact
   - CD19
intactGmmnames:
   - "intact.2014-1404.0"
   - "intact.2014-1404.1"
   - "intact.2014-1404.2"
   - "intact.2014-1404.3"
   - "intact.2014-1404.4"
intactLabels:
   - FSC-A
   - SSC-A
   - SY41
   - CD19
   - CD10
   - CD20
   - CD45
   - CD34
   - CD38
   - CD58
intactMu: !!opencv-matrix
   rows: 5
   cols: 10
   dt: d
   data: [ 1.5453079655890825e+00, 4.9088227462248823e-01,
       2.9332967929417353e+00, 1.5077118914665479e+00,
       1.3329048176523488e+00, 9.7303184739232118e-01,
       2.9869547500562508e+00, 1.2031133520553208e+00,
       1.8186354964517137e+00, 1.1676441928918451e+00,
       2.2888210251099248e+00, 2.8827509289363484e+00,
       2.9519801718161722e+00, 1.7906522626349262e+00,
       1.8087538976381834e+00, 1.0481958281674235e+00,
       2.3314968379680905e+00, 1.2014981539459157e+00,
       1.7238343018436788e+00, 1.4483806385313338e+00,
       1.4638122835638618e+00, 9.5660072920586492e-01,
       3.0612285935534924e+00, 1.4857124780957394e+00,
       1.3458373568205089e+00, 9.3915488754753906e-01,
       2.8353906114033642e+00, 1.1076746077380111e+00,
       1.7459414889723717e+00, 1.0706943886725024e+00,
       1.7423631480435489e+00, 7.1891442096675329e-01,
       2.8227714950596821e+00, 1.5914817864744035e+00,
       1.4200918236110012e+00, 1.1001326879525124e+00,
       2.8033573209869873e+00, 1.2961502461225414e+00,
       2.2067089163512685e+00, 1.0900899859390396e+00,
       1.4515154346530805e+00, 3.3581523011687797e-01,
       3.0232861792882231e+00, 1.3600265018395985e+00,
       1.3197559341546676e+00, 9.3920992862664543e-01,
       2.8725798670845526e+00, 1.1153063722588299e+00,
       1.7484287188577878e+00, 1.0182530356811574e+00 ]
intactSigma:
   - !!opencv-matrix
      rows: 10
      cols: 10
      dt: d
      data: [ 1.2149430592328407e-01, 2.8651553685480669e-03,
          -1.1578675875216760e-02, 2.6636532600548806e-03,
          9.1483330460674823e-04, 3.8601875832125569e-04,
          1.5537891555080481e-03, 3.9047452359334965e-03,
          -1.4338939565397880e-03, -5.8384182789915700e-03,
          2.8651553685480674e-03, 2.0700539172678271e-02,
          -3.5554326744727627e-03, 6.7720115746338913e-03,
          3.3376925978315856e-03, 7.3228136255332015e-04,
          2.8422753414399631e-03, 3.8675665550228526e-03,
          -1.3517770789743680e-03, 1.3296670010802895e-02,
          -1.1578675875216759e-02, -3.5554326744727627e-03,
          2.7274352478540344e-02, -5.5302575729381511e-03,
          -1.2296480067508901e-03, -1.0904800769333922e-03,
          -4.4441642239804076e-03, -4.2886222870907086e-03,
          -5.1248946061705066e-04, -1.8170744722902944e-03,
          2.6636532600548815e-03, 6.7720115746338913e-03,
          -5.5302575729381511e-03, 5.1633854438433734e-02,
          3.7671651733105693e-03, -5.4170527431943855e-04,
          1.2012832140650853e-02, 9.8303487103419181e-03,
          5.3031811377174680e-04, 9.3601037551014829e-03,
          9.1483330460674780e-04, 3.3376925978315856e-03,
          -1.2296480067508901e-03, 3.7671651733105676e-03,
          2.0592957191689149e-01, 3.6548920332434604e-03,
          1.1350755126967275e-03, 3.8253874348929168e-03,
          3.9688580892022624e-03, 5.5993139281747019e-03,
          3.8601875832125607e-04, 7.3228136255332015e-04,
          -1.0904800769333930e-03, -5.4170527431943811e-04,
          3.6548920332434599e-03, 8.2835440751264422e-02,
          2.9442307754909054e-03, -1.0714130617077150e-02,
          -6.8790141950166635e-03, 2.3054005553854316e-03,
          1.5537891555080477e-03, 2.8422753414399631e-03,
          -4.4441642239804085e-03, 1.2012832140650853e-02,
          1.1350755126967275e-03, 2.9442307754909054e-03,
          1.8719835311367481e-02, 7.9169250641947936e-03,
          5.7536811580425696e-03, 7.8131025419445766e-03,
          3.9047452359334996e-03, 3.8675665550228543e-03,
          -4.2886222870907077e-03, 9.8303487103419181e-03,
          3.8253874348929146e-03, -1.0714130617077150e-02,
          7.9169250641947918e-03, 1.5478949396366765e-01,
          3.3036528943013658e-03, 3.2579420061827702e-03,
          -1.4338939565397880e-03, -1.3517770789743676e-03,
          -5.1248946061705077e-04, 5.3031811377174647e-04,
          3.9688580892022624e-03, -6.8790141950166627e-03,
          5.7536811580425696e-03, 3.3036528943013658e-03,
          1.4962419293422661e-02, -1.8016780727796271e-03,
          -5.8384182789915700e-03, 1.3296670010802895e-02,
          -1.8170744722902940e-03, 9.3601037551014829e-03,
          5.5993139281746993e-03, 2.3054005553854321e-03,
          7.8131025419445749e-03, 3.2579420061827702e-03,
          -1.8016780727796260e-03, 9.5585953967291595e-02 ]
   - !!opencv-matrix
      rows: 10
      cols: 10
      dt: d
      data: [ 6.0558892944816967e-01, 5.1547279808622304e-01,
          2.6403521249593592e-03, 1.2235048790527664e-01,
          1.0215480427719158e-01, 1.5414909889403786e-02,
          1.5281499591650843e-01, 2.7039738755353322e-02,
          2.7834127894277978e-02, 5.1169621448407789e-02,
          5.1547279808622304e-01, 1.1832512655539178e+00,
          7.1686125278337424e-03, 2.6659869317511098e-01,
          2.3208557264589227e-01, 3.6955591510564607e-02,
          3.0338034312500767e-01, 5.1690976716079300e-02,
          5.6340354693699204e-02, 9.9221134180807996e-02,
          2.6403521249593609e-03, 7.1686125278337398e-03,
          5.6230221780839966e-02, 2.5183565014774119e-03,
          8.7538265043549564e-03, -3.6397339756827885e-03,
          1.3044537110293740e-02, -2.0016470240806269e-03,
          2.3154793023177659e-03, 3.1798521230271735e-03,
          1.2235048790527664e-01, 2.6659869317511109e-01,
          2.5183565014774128e-03, 8.7821663588744742e-02,
          5.8486666688921704e-02, 1.1449384275803597e-02,
          8.4857070055948544e-02, 1.5550976533124825e-02,
          1.3881947359815580e-02, 2.7298021902734629e-02,
          1.0215480427719160e-01, 2.3208557264589227e-01,
          8.7538265043549546e-03, 5.8486666688921704e-02,
          2.1317957416080505e-01, 1.1497086182463534e-02,
          1.0311488565668810e-01, 1.9425122471893919e-02,
          2.0247696112897288e-02, 4.3338404051999783e-02,
          1.5414909889403786e-02, 3.6955591510564607e-02,
          -3.6397339756827898e-03, 1.1449384275803597e-02,
          1.1497086182463532e-02, 9.9270079258888005e-02,
          8.6402137087099474e-03, 2.5644373775076342e-03,
          -3.1641796279545491e-03, 1.0392232272836668e-02,
          1.5281499591650843e-01, 3.0338034312500767e-01,
          1.3044537110293743e-02, 8.4857070055948544e-02,
          1.0311488565668810e-01, 8.6402137087099457e-03,
          2.0579011971405045e-01, 2.2273127537701068e-02,
          2.9139134948394596e-02, 3.5194200702667974e-02,
          2.7039738755353322e-02, 5.1690976716079286e-02,
          -2.0016470240806243e-03, 1.5550976533124830e-02,
          1.9425122471893923e-02, 2.5644373775076347e-03,
          2.2273127537701064e-02, 1.1266263111318223e-01,
          7.2116982881455256e-03, 1.0989305401658100e-02,
          2.7834127894277978e-02, 5.6340354693699204e-02,
          2.3154793023177659e-03, 1.3881947359815580e-02,
          2.0247696112897291e-02, -3.1641796279545495e-03,
          2.9139134948394596e-02, 7.2116982881455230e-03,
          1.3784653517911031e-02, 1.1212999245214569e-02,
          5.1169621448407789e-02, 9.9221134180807996e-02,
          3.1798521230271748e-03, 2.7298021902734629e-02,
          4.3338404051999783e-02, 1.0392232272836671e-02,
          3.5194200702667974e-02, 1.0989305401658100e-02,
          1.1212999245214569e-02, 7.3801236028920802e-02 ]
   - !!opencv-matrix
      rows: 10
      cols: 10
      dt: d
