%YAML:1.0
---
groups:
   - intact
   - CD19
   - blast
intactGmmnames:
   - "intact.2014-1722.0"
   - "intact.2014-1722.1"
   - "intact.2014-1722.2"
   - "intact.2014-1722.3"
   - "intact.2014-1722.4"
intactLabels:
   - FSC-A
   - SSC-A
   - SY41
   - CD19
   - CD10
   - CD20
   - CD45
   - CD34
   - CD38
   - CD58
intactMu: !!opencv-matrix
   rows: 5
   cols: 10
   dt: d
   data: [ 1.5629654362562426e+00, 1.4892272852123285e+00,
       3.1219508640918292e+00, 1.5269987294163514e+00,
       1.4337281867182692e+00, 1.1690491253188251e+00,
       2.2264449688015233e+00, 1.2446494241054435e+00,
       1.8246113552552314e+00, 1.8025676625155045e+00,
       1.1813849165973198e+00, 4.6147133790146266e-01,
       3.0824656990105246e+00, 1.4725180911701408e+00,
       9.1388510698988146e-01, 9.0444582108299199e-01,
       3.2979395627629797e+00, 1.0598374722669894e+00,
       1.8319843650126468e+00, 1.2445235882449455e+00,
       2.4608345118029371e+00, 3.6207606031210524e+00,
       3.1057597123556109e+00, 1.7331349610111189e+00,
       2.2561090440479692e+00, 9.8108692198636871e-01,
       2.5183210812187835e+00, 1.1975387858819913e+00,
       1.6235421072624838e+00, 1.9657384482686555e+00,
       1.0846057775793192e+00, 3.0471431101832347e-01,
       3.1218898368710697e+00, 1.3770645964384147e+00,
       8.5472728871864301e-01, 9.1647722668295795e-01,
       3.2137808554272640e+00, 1.0444258448159776e+00,
       1.9116707450041199e+00, 9.1888592364668853e-01,
       1.2948921897652617e+00, 6.4492456425420219e-01,
       2.9903617297621174e+00, 1.5455668900357000e+00,
       9.0649526624086540e-01, 9.3497381164620397e-01,
       3.3556706440106026e+00, 1.0599941405502031e+00,
       2.2896035713007197e+00, 1.3464643855618481e+00 ]
intactSigma:
   - !!opencv-matrix
      rows: 10
      cols: 10
      dt: d
      data: [ 6.9564878527932306e-01, 5.2968604326820423e-01,
          1.2530923069601161e-02, 1.3899118326643389e-01,
          3.1034624880932622e-02, -2.8377356187956134e-03,
          2.4781925080281539e-01, 5.7580182092564762e-02,
          5.4913155919275564e-02, -3.8457415375807311e-02,
          5.2968604326820423e-01, 1.3761047114315206e+00,
          -7.5896055075419027e-03, 2.3390558011154414e-01,
          2.0235979857784073e-01, 4.4838536527004546e-05,
          1.1192623657064271e-01, 5.0352793865453979e-02,
          1.4430863113988144e-03, -6.5337528661507424e-02,
          1.2530923069601161e-02, -7.5896055075419045e-03,
          6.3197636686259107e-02, 6.3801049371147427e-03,
          1.3827436117327356e-02, -7.3795555296897117e-03,
          4.3757464001083456e-02, 2.3855520239528679e-03,
          3.1368574314926269e-02, 1.2082649194698649e-02,
          1.3899118326643389e-01, 2.3390558011154414e-01,
          6.3801049371147445e-03, 2.0378897397085680e-01,
          9.6774587413362197e-03, 1.2760284265344993e-01,
          2.0673291970287686e-01, 1.8267359488568901e-02,
          3.1822229372072817e-02, -7.1682139470380407e-02,
          3.1034624880932622e-02, 2.0235979857784078e-01,
          1.3827436117327360e-02, 9.6774587413362215e-03,
          2.7602676681420008e-01, -3.7379141110640834e-02,
          -4.4759885582344706e-02, 4.8165538520203430e-02,
          3.2012791223962452e-04, 3.2509084540219009e-02,
          -2.8377356187956160e-03, 4.4838536527000514e-05,
          -7.3795555296897117e-03, 1.2760284265344993e-01,
          -3.7379141110640834e-02, 3.3274991784538349e-01,
          1.4516489916150777e-01, 1.3274932792150295e-02,
          5.7494552775267816e-03, -6.4663729705895359e-02,
          2.4781925080281531e-01, 1.1192623657064271e-01,
          4.3757464001083449e-02, 2.0673291970287686e-01,
          -4.4759885582344706e-02, 1.4516489916150777e-01,
          6.7543295455365648e-01, 7.3104094047783535e-03,
          1.7612338763245705e-01, -1.3182240570953821e-01,
          5.7580182092564790e-02, 5.0352793865453979e-02,
          2.3855520239528679e-03, 1.8267359488568908e-02,
          4.8165538520203430e-02, 1.3274932792150296e-02,
          7.3104094047783562e-03, 2.2018012717280352e-01,
          2.5594508647773417e-02, 1.5678132925167558e-02,
          5.4913155919275557e-02, 1.4430863113988127e-03,
          3.1368574314926276e-02, 3.1822229372072824e-02,
          3.2012791223962425e-04, 5.7494552775267799e-03,
          1.7612338763245708e-01, 2.5594508647773417e-02,
          1.3501683191827460e-01, 1.8519547951488604e-02,
          -3.8457415375807311e-02, -6.5337528661507410e-02,
          1.2082649194698649e-02, -7.1682139470380407e-02,
          3.2509084540219009e-02, -6.4663729705895345e-02,
          -1.3182240570953821e-01, 1.5678132925167555e-02,
          1.8519547951488611e-02, 3.1956651854509210e-01 ]
   - !!opencv-matrix
      rows: 10
      cols: 10
      dt: d
      data: [ 6.4949425409151995e-02, 6.6736192014782269e-03,
          -5.3967436199212192e-03, 4.6582928742522336e-03,
          -1.8486364640672021e-03, -4.7721762613167873e-04,
          4.9598741050833738e-03, 2.4507666780775218e-04,
          -5.3012837178860442e-05, -2.4161021959975232e-03,
          6.6736192014782278e-03, 1.9219466627743535e-02,
          -3.2293207528346370e-03, 8.8449957301098090e-03,
          2.3549957365295478e-03, 7.0155255468133009e-04,
          6.7362957293639180e-03, 4.5699791979843501e-04,
          2.5107786232291106e-03, 3.0833722478241288e-02,
          -5.3967436199212192e-03, -3.2293207528346370e-03,
          7.3160710124679307e-03, -3.3073829276165779e-03,
          2.6626649507495198e-04, 6.4911554069157335e-04,
          -4.4913781203510519e-03, 7.3660293604671577e-04,
          -5.2484230070220497e-04, -2.0516065548961356e-03,
          4.6582928742522336e-03, 8.8449957301098073e-03,
          -3.3073829276165788e-03, 5.7579865337580312e-02,
          -5.4526413954667484e-04, -3.9433106721126652e-03,
          1.0169407489984567e-02, 7.2994708691999594e-04,
          -4.7216674362114214e-04, 1.0525107105351671e-02,
          -1.8486364640672012e-03, 2.3549957365295478e-03,
          2.6626649507495209e-04, -5.4526413954667462e-04,
          6.8548872596938398e-02, 8.5220879202229391e-04,
          -1.2474089858646061e-03, 2.8509855712563486e-04,
          -3.1600863460223323e-04, 9.4634372794039252e-03,
          -4.7721762613167889e-04, 7.0155255468132977e-04,
          6.4911554069157302e-04, -3.9433106721126652e-03,
          8.5220879202229391e-04, 6.0755885546286567e-02,
          -1.1448773033186990e-03, -1.1864549554524451e-02,
          -9.0227734616414434e-03, 2.8408801582622102e-03,
          4.9598741050833730e-03, 6.7362957293639171e-03,
          -4.4913781203510519e-03, 1.0169407489984569e-02,
          -1.2474089858646061e-03, -1.1448773033186990e-03,
          1.4246053649514416e-02, -8.3813206550148098e-04,
          4.4969968028772010e-03, 4.1530406281548313e-03,
          2.4507666780775196e-04, 4.5699791979843463e-04,
          7.3660293604671555e-04, 7.2994708691999507e-04,
          2.8509855712563476e-04, -1.1864549554524451e-02,
          -8.3813206550148055e-04, 1.1476653510818845e-01,
          2.4927139943989674e-03, 2.3826986813837458e-03,
          -5.3012837178860375e-05, 2.5107786232291106e-03,
          -5.2484230070220519e-04, -4.7216674362114192e-04,
          -3.1600863460223301e-04, -9.0227734616414434e-03,
          4.4969968028772019e-03, 2.4927139943989674e-03,
          1.2964748748641270e-02, 3.9063192646017634e-03,
          -2.4161021959975249e-03, 3.0833722478241288e-02,
          -2.0516065548961361e-03, 1.0525107105351671e-02,
          9.4634372794039287e-03, 2.8408801582622102e-03,
          4.1530406281548322e-03, 2.3826986813837449e-03,
          3.9063192646017608e-03, 1.4350254999913475e-01 ]
   - !!opencv-matrix
      rows: 10
      cols: 10
      dt: d
