%YAML:1.0
---
groups:
   - intact
   - CD19
   - blast
intactGmmnames:
   - "intact.2014-1243.0"
   - "intact.2014-1243.1"
   - "intact.2014-1243.2"
   - "intact.2014-1243.3"
   - "intact.2014-1243.4"
intactLabels:
   - FSC-A
   - SSC-A
   - SY41
   - CD19
   - CD10
   - CD20
   - CD45
   - CD34
   - CD38
   - CD58
intactMu: !!opencv-matrix
   rows: 5
   cols: 10
   dt: d
   data: [ 1.6429390560445039e+00, 3.7605283351798295e+00,
       2.5019190331625705e+00, 1.6063905419288900e+00,
       1.5922616764121627e+00, 9.1289785599680195e-01,
       3.1792787567554899e+00, 1.0327689388310417e+00,
       2.0337815377874895e+00, 1.8076146859173110e+00,
       1.2650791733339508e+00, 3.4659081024169824e-01,
       2.7768018347283330e+00, 1.0651092655134302e+00,
       8.3738340631181707e-01, 9.2098464830250770e-01,
       3.2740522254815421e+00, 1.0004864583717255e+00,
       2.1168719707167258e+00, 1.1053048210024783e+00,
       1.0408632412284564e+00, 4.9545704944633490e-01,
       2.7558305103607941e+00, 1.1734503649930141e+00,
       9.5733090270485466e-01, 9.2703262939591968e-01,
       1.1678125805141124e+00, 1.0397798361269135e+00,
       1.1940933364388171e+00, 2.0150459791899094e+00,
       2.2339944204268209e+00, 3.2980987952186624e+00,
       2.6992869547383398e+00, 1.5683120075085213e+00,
       1.5754703813115440e+00, 9.4623967943962395e-01,
       3.0200733054172950e+00, 1.0371837230330609e+00,
       1.9615953698423636e+00, 1.7517223610457195e+00,
       1.6421052208818259e+00, 1.3644969807417309e+00,
       2.6464092565549686e+00, 1.4094111045391813e+00,
       1.2890717284885789e+00, 1.2378091591286648e+00,
       2.5156795768269289e+00, 1.2501581671853523e+00,
       2.1112688873857008e+00, 1.7130698065077041e+00 ]
intactSigma:
   - !!opencv-matrix
      rows: 10
      cols: 10
      dt: d
      data: [ 1.6681935490038838e-01, 5.0459631455494515e-02,
          3.4120729392738787e-03, 8.6138279878861263e-03,
          9.6283535296584153e-03, 2.1054443346060847e-03,
          -4.1788897151072008e-03, 1.7914910349052292e-03,
          2.7796516466671219e-03, 3.6668146675759112e-03,
          5.0459631455494522e-02, 1.9590377298516534e-01,
          1.7320016592797531e-03, 3.0126425254392526e-02,
          -7.8596341622687543e-04, 2.0651543835205348e-03,
          1.7104902137311346e-03, 6.5855906537502307e-04,
          5.1311250122863770e-03, 7.7833784465511958e-03,
          3.4120729392738787e-03, 1.7320016592797538e-03,
          2.3777597069997606e-02, 1.4936082943416194e-03,
          -9.4988373663680414e-03, 2.2773165738953065e-04,
          -3.3919481422384676e-03, 7.9610925968323155e-04,
          -1.5518532990959756e-04, 2.8659800755178252e-03,
          8.6138279878861246e-03, 3.0126425254392526e-02,
          1.4936082943416188e-03, 3.7700903729785268e-02,
          -1.3363195482031947e-02, -1.6948351522309178e-03,
          -3.9578199477871253e-03, 3.3847853836471909e-04,
          -5.8659025367350324e-03, 1.8763151609112860e-03,
          9.6283535296584153e-03, -7.8596341622687695e-04,
          -9.4988373663680396e-03, -1.3363195482031942e-02,
          3.7800756645368455e-01, -1.1678042274221754e-03,
          2.3665395551398013e-02, -3.5150594659897993e-03,
          1.3222724853835831e-03, -1.4439295950134297e-02,
          2.1054443346060843e-03, 2.0651543835205352e-03,
          2.2773165738953065e-04, -1.6948351522309178e-03,
          -1.1678042274221774e-03, 6.3137127309473198e-02,
          -8.4565163285179766e-04, -7.3187318716313584e-03,
          -1.5475662423930035e-02, 8.3051085958343797e-04,
          -4.1788897151072008e-03, 1.7104902137311361e-03,
          -3.3919481422384685e-03, -3.9578199477871253e-03,
          2.3665395551398013e-02, -8.4565163285179787e-04,
          1.2639123062575568e-02, -1.9043548051831435e-04,
          5.8241915517846521e-03, -1.0319323348990234e-03,
          1.7914910349052294e-03, 6.5855906537502253e-04,
          7.9610925968323133e-04, 3.3847853836471985e-04,
          -3.5150594659897985e-03, -7.3187318716313584e-03,
          -1.9043548051831424e-04, 9.1653574762266973e-02,
          3.0128576123663628e-03, 2.4019945379502681e-04,
          2.7796516466671206e-03, 5.1311250122863770e-03,
          -1.5518532990959756e-04, -5.8659025367350332e-03,
          1.3222724853835827e-03, -1.5475662423930033e-02,
          5.8241915517846512e-03, 3.0128576123663632e-03,
          3.9599883115861143e-02, 5.1136709892129944e-03,
          3.6668146675759104e-03, 7.7833784465511967e-03,
          2.8659800755178265e-03, 1.8763151609112860e-03,
          -1.4439295950134297e-02, 8.3051085958343819e-04,
          -1.0319323348990236e-03, 2.4019945379502691e-04,
          5.1136709892129961e-03, 2.4677530076700496e-02 ]
   - !!opencv-matrix
      rows: 10
      cols: 10
      dt: d
      data: [ 9.9378348704267969e-02, 1.5956188671499519e-02,
          -1.6359472594667586e-02, -3.7044254945957963e-04,
          4.1519537061455794e-03, -1.1305814741320789e-03,
          1.9110932831163878e-02, -1.1246107114963933e-03,
          1.4410030935974389e-02, 2.9587933375873399e-02,
          1.5956188671499519e-02, 1.9166259965975551e-02,
          -9.1035975405544482e-03, 1.4959372738379154e-03,
          4.4208241291901866e-03, -2.0036471273485195e-04,
          1.4076412409231201e-02, -4.4369721562771084e-04,
          1.0629507141608766e-02, 3.6913151074349775e-02,
          -1.6359472594667586e-02, -9.1035975405544482e-03,
          4.8174674165773958e-02, 1.2866541353033802e-03,
          -1.1678838656524998e-03, 1.4824357621467260e-03,
          -1.0496273498416362e-02, 1.8594136179953538e-03,
          -8.9700477562081500e-03, -1.6142996609456478e-02,
          -3.7044254945957979e-04, 1.4959372738379154e-03,
          1.2866541353033802e-03, 4.1779001601320725e-02,
          4.1902874326282891e-03, 3.5330566892359870e-03,
          -2.5342287369503960e-03, 2.3419667275932131e-04,
          -5.1831403068178352e-03, 5.4717162834771408e-03,
          4.1519537061455794e-03, 4.4208241291901866e-03,
          -1.1678838656524995e-03, 4.1902874326282891e-03,
          4.8418077926511323e-02, 2.5827237648982809e-03,
          3.8330601974375369e-03, -1.0230554024424720e-04,
          2.2079807396634473e-03, 1.2382919631064228e-02,
          -1.1305814741320794e-03, -2.0036471273485209e-04,
          1.4824357621467253e-03, 3.5330566892359879e-03,
          2.5827237648982800e-03, 7.2175370732639355e-02,
          -6.1117975746893664e-04, -7.3737092339560342e-03,
          -1.4718603374010876e-02, 9.0753304661005401e-04,
          1.9110932831163878e-02, 1.4076412409231201e-02,
          -1.0496273498416361e-02, -2.5342287369503947e-03,
          3.8330601974375378e-03, -6.1117975746893631e-04,
          2.2781356461111488e-02, -1.2686059784898114e-03,
          1.7212598485733706e-02, 2.8197889888011893e-02,
          -1.1246107114963935e-03, -4.4369721562771014e-04,
          1.8594136179953538e-03, 2.3419667275932133e-04,
          -1.0230554024424748e-04, -7.3737092339560351e-03,
          -1.2686059784898110e-03, 1.0145518562915984e-01,
          1.0151834860650842e-03, -1.0021429217516871e-03,
          1.4410030935974396e-02, 1.0629507141608766e-02,
          -8.9700477562081500e-03, -5.1831403068178360e-03,
          2.2079807396634464e-03, -1.4718603374010876e-02,
          1.7212598485733706e-02, 1.0151834860650840e-03,
          7.1424062755574905e-02, 1.9989693302755848e-02,
          2.9587933375873392e-02, 3.6913151074349775e-02,
          -1.6142996609456478e-02, 5.4717162834771391e-03,
          1.2382919631064231e-02, 9.0753304661005390e-04,
          2.8197889888011887e-02, -1.0021429217516879e-03,
          1.9989693302755848e-02, 1.5229848205613136e-01 ]
   - !!opencv-matrix
      rows: 10
      cols: 10
