%YAML:1.0
---
groups:
   - intact
   - CD19
   - blast
intactGmmnames:
   - "intact.2014-4055.0"
   - "intact.2014-4055.1"
   - "intact.2014-4055.2"
   - "intact.2014-4055.3"
   - "intact.2014-4055.4"
intactLabels:
   - FSC-A
   - SSC-A
   - SY41
   - CD19
   - CD10
   - CD20
   - CD45
   - CD34
   - CD38
   - CD58
intactMu: !!opencv-matrix
   rows: 5
   cols: 10
   dt: d
   data: [ 1.3390183008121717e+00, 4.5599348665173667e-01,
       3.2766358165476119e+00, 1.3560689895322990e+00,
       8.7053781667599217e-01, 9.6620321777245854e-01,
       3.2799071897143421e+00, 1.1732880430890817e+00,
       2.0340623294716509e+00, 1.0520643285674982e+00,
       1.8647810050456035e+00, 7.5029511389789161e-01,
       2.9620730660581267e+00, 1.5167740056849883e+00,
       9.4594678031528856e-01, 9.4992289502623817e-01,
       3.4222257408153598e+00, 1.2002095738234675e+00,
       2.0524619953180494e+00, 1.3698295791868478e+00,
       1.2121694751401577e+00, 7.9505905407027444e-01,
       3.1820145571845382e+00, 1.0998949056040943e+00,
       1.0191839480686375e+00, 9.9128011997892884e-01,
       1.2810543296114596e+00, 1.1848398959781894e+00,
       1.1606159334730921e+00, 2.3775890104308224e+00,
       2.2125971352739082e+00, 2.1059341983859419e+00,
       3.1096112082513834e+00, 1.7195368435223426e+00,
       1.2708612757825697e+00, 1.2121539532361851e+00,
       2.5514785453370097e+00, 1.2929090166685637e+00,
       1.9076022312366236e+00, 1.7163820608943849e+00,
       1.9419851684373439e+00, 1.0739240058281647e+00,
       2.7199607805078201e+00, 1.5318445074967715e+00,
       9.1498703630523492e-01, 8.9675802197199228e-01,
       3.3896500404661301e+00, 1.2566546221479769e+00,
       2.8784714606100059e+00, 1.7330556979005713e+00 ]
intactSigma:
   - !!opencv-matrix
      rows: 10
      cols: 10
      dt: d
      data: [ 1.1921369975885755e-01, 1.2761419538347316e-02,
          -5.9768636589652320e-02, 7.8562272738591961e-03,
          -4.3944887180639826e-03, -9.6961720611650406e-04,
          1.3779777321945769e-02, -2.6835099743583056e-03,
          8.9030016463966001e-03, -3.7701032264859762e-03,
          1.2761419538347316e-02, 2.7654074639402344e-02,
          -6.9491568476837190e-03, 6.4722237535970190e-03,
          1.1138778004223446e-03, 1.6439566598110602e-04,
          4.0215010446022197e-03, -3.7795182454001359e-04,
          2.2700161036051693e-03, 5.0040769600642479e-02,
          -5.9768636589652320e-02, -6.9491568476837198e-03,
          5.8995304843194235e-02, -4.0873295980189944e-03,
          3.0958959102397668e-03, 7.6289846158723580e-04,
          -8.9653484515210078e-03, 1.2511200735469408e-03,
          -8.4400368614255660e-03, 4.7858508177368465e-03,
          7.8562272738591978e-03, 6.4722237535970182e-03,
          -4.0873295980189944e-03, 7.4495191715349116e-02,
          1.1461550204367762e-03, -4.8095328554974351e-03,
          5.0545891353957362e-03, -6.0701872356510255e-04,
          -1.7483592419984676e-03, 7.4094736555552062e-03,
          -4.3944887180639835e-03, 1.1138778004223446e-03,
          3.0958959102397685e-03, 1.1461550204367771e-03,
          5.1709618121023482e-02, 1.0072191920496095e-03,
          -1.0821737607070528e-03, -2.4807914036961638e-04,
          -5.0967632859933354e-04, 5.1162835990290504e-03,
          -9.6961720611650362e-04, 1.6439566598110578e-04,
          7.6289846158723580e-04, -4.8095328554974351e-03,
          1.0072191920496108e-03, 4.7393140376778171e-02,
          -2.3027388112055187e-04, -5.7004869128650642e-03,
          -1.4503930435733165e-02, 2.3029681063811510e-04,
          1.3779777321945769e-02, 4.0215010446022197e-03,
          -8.9653484515210078e-03, 5.0545891353957345e-03,
          -1.0821737607070528e-03, -2.3027388112055176e-04,
          1.1473782698686739e-02, -1.9801098705134060e-04,
          8.8992684792842999e-03, -1.0496690243633928e-03,
          -2.6835099743583034e-03, -3.7795182454001310e-04,
          1.2511200735469406e-03, -6.0701872356510320e-04,
          -2.4807914036961638e-04, -5.7004869128650659e-03,
          -1.9801098705134090e-04, 4.5019968744934469e-02,
          5.1476618165142421e-03, -6.3362495810197433e-04,
          8.9030016463966018e-03, 2.2700161036051684e-03,
          -8.4400368614255660e-03, -1.7483592419984672e-03,
          -5.0967632859933354e-04, -1.4503930435733168e-02,
          8.8992684792842999e-03, 5.1476618165142421e-03,
          8.8299493385867567e-02, -1.6719683923788438e-03,
          -3.7701032264859792e-03, 5.0040769600642479e-02,
          4.7858508177368465e-03, 7.4094736555552088e-03,
          5.1162835990290530e-03, 2.3029681063811518e-04,
          -1.0496690243633935e-03, -6.3362495810197401e-04,
          -1.6719683923788415e-03, 1.8479309980644126e-01 ]
   - !!opencv-matrix
      rows: 10
      cols: 10
      dt: d
      data: [ 1.3239785339405158e-01, 1.5564294284329584e-02,
          -3.6827911961926585e-02, 7.2546334362255894e-03,
          -1.0454405043075144e-02, 9.6318933385602988e-04,
          8.8730675930786766e-03, -3.9152046417040192e-03,
          3.7207478156313424e-03, 9.4885528642236015e-03,
          1.5564294284329584e-02, 6.8221452198150845e-02,
          -2.6888215234082791e-02, 2.0359995002234729e-02,
          -1.6389270859965028e-03, -1.3082502509654040e-03,
          1.5735838912993530e-02, -1.6571549516414370e-03,
          1.7720683604885799e-02, 7.6530729688016219e-02,
          -3.6827911961926578e-02, -2.6888215234082784e-02,
          9.4879990171064410e-02, -1.6306760930065455e-02,
          7.6585510021729862e-03, 1.5680288867877181e-03,
          -2.0672489414719782e-02, 2.8912203971906778e-03,
          -1.5010945471474989e-02, -3.5292440131752048e-02,
          7.2546334362255912e-03, 2.0359995002234729e-02,
          -1.6306760930065455e-02, 7.2459393001072195e-02,
          -1.9190545877123143e-03, -5.2782099769002932e-03,
          1.1812976127658515e-02, -9.4859143417614375e-04,
          4.8240976760027749e-03, 2.1756624487425918e-02,
          -1.0454405043075148e-02, -1.6389270859965019e-03,
          7.6585510021729827e-03, -1.9190545877123151e-03,
          8.6578344141554908e-02, 7.4772436019415408e-04,
          -3.5039167807895395e-03, -6.8758250550340991e-04,
          -1.8889608118271581e-03, 2.9903047334798780e-03,
          9.6318933385602912e-04, -1.3082502509654040e-03,
          1.5680288867877185e-03, -5.2782099769002932e-03,
          7.4772436019415387e-04, 5.1248377426176821e-02,
          -1.5017577836186240e-03, -8.5616518463902218e-03,
          -1.8752187901725250e-02, -1.7829996508582245e-03,
          8.8730675930786766e-03, 1.5735838912993527e-02,
          -2.0672489414719782e-02, 1.1812976127658513e-02,
          -3.5039167807895391e-03, -1.5017577836186236e-03,
          1.5942757915602658e-02, -4.6848068272516385e-04,
          1.5256231254980379e-02, 1.7679061834106218e-02,
          -3.9152046417040183e-03, -1.6571549516414370e-03,
          2.8912203971906778e-03, -9.4859143417614332e-04,
          -6.8758250550340948e-04, -8.5616518463902200e-03,
          -4.6848068272516385e-04, 7.2321943644742870e-02,
          7.2334456081204496e-03, -3.4989087524996401e-03,
          3.7207478156313432e-03, 1.7720683604885799e-02,
          -1.5010945471474989e-02, 4.8240976760027749e-03,
          -1.8889608118271572e-03, -1.8752187901725254e-02,
          1.5256231254980379e-02, 7.2334456081204496e-03,
          8.0973718055273425e-02, 6.6454251125722119e-03,
          9.4885528642236084e-03, 7.6530729688016219e-02,
          -3.5292440131752048e-02, 2.1756624487425911e-02,
          2.9903047334798771e-03, -1.7829996508582240e-03,
          1.7679061834106214e-02, -3.4989087524996401e-03,
          6.6454251125722136e-03, 2.1751465130820413e-01 ]
   - !!opencv-matrix
      rows: 10
