%YAML:1.0
---
groups:
   - intact
   - CD19
   - blast
intactGmmnames:
   - "intact.2014-1174.0"
   - "intact.2014-1174.1"
   - "intact.2014-1174.2"
   - "intact.2014-1174.3"
   - "intact.2014-1174.4"
intactLabels:
   - FSC-A
   - SSC-A
   - SY41
   - CD19
   - CD10
   - CD20
   - CD45
   - CD34
   - CD38
   - CD58
intactMu: !!opencv-matrix
   rows: 5
   cols: 10
   dt: d
   data: [ 1.3559508894124106e+00, 2.7246200788399239e-01,
       3.0728433659685144e+00, 1.1224569746579736e+00,
       8.3896193729004398e-01, 9.2818361542889316e-01,
       3.3402341159662359e+00, 1.0919960387803986e+00,
       2.0917551291397465e+00, 9.6321314380721235e-01,
       2.2129174970472918e+00, 2.9517602606256426e+00,
       3.0321918590912307e+00, 1.5781723690130898e+00,
       2.2185370188234792e+00, 9.6127397769743039e-01,
       2.8491211632328177e+00, 1.1358127106523068e+00,
       1.8286412712461368e+00, 1.8009161498050625e+00,
       1.9153907853829719e+00, 1.2282465719055473e+00,
       3.1132381003417446e+00, 1.5212617410768623e+00,
       1.2708457265136168e+00, 1.3178186670928802e+00,
       2.6824145001971789e+00, 1.2223594296081706e+00,
       2.0673235653474844e+00, 1.5350660673135079e+00,
       1.4238635632285894e+00, 5.3931891554050226e-01,
       2.9906558120368745e+00, 1.1603070475155490e+00,
       8.7743522290611486e-01, 9.4816869978455731e-01,
       3.5382139240508534e+00, 1.0789140461114053e+00,
       2.4776079680770704e+00, 1.3651400628082260e+00,
       1.0153297614862713e+00, 4.5471296404539502e-01,
       3.2112935585839515e+00, 1.1999985944641978e+00,
       1.0076803332094435e+00, 9.5512148583354661e-01,
       1.3783079395557973e+00, 1.1343414194493910e+00,
       1.1438154014009569e+00, 2.0967971086826114e+00 ]
intactSigma:
   - !!opencv-matrix
      rows: 10
      cols: 10
      dt: d
      data: [ 8.1228648592481328e-02, 5.1187347599009787e-03,
          -4.3642250133891537e-03, 3.4388072584556233e-04,
          3.7557620475273248e-04, 3.0974157680099535e-04,
          7.3877534828893096e-03, -2.4294385255586460e-04,
          3.1825207731318657e-03, 6.0753482095882664e-03,
          5.1187347599009787e-03, 7.2410008771549668e-03,
          -8.1725105040186786e-04, 9.0817270714592326e-04,
          2.1939284686744022e-03, -4.1969911182219890e-05,
          5.0130948008534947e-03, -5.1811192357112656e-05,
          2.1747411597571355e-03, 1.8438421312777922e-02,
          -4.3642250133891537e-03, -8.1725105040186786e-04,
          4.2193694851131508e-03, 4.2048113124739522e-04,
          2.4064651690519891e-04, 2.5094867468531686e-04,
          -1.8485416854863753e-03, 1.4614575826619374e-04,
          -2.1878171514102050e-03, -1.8687211482187494e-04,
          3.4388072584556222e-04, 9.0817270714592380e-04,
          4.2048113124739517e-04, 3.1842635853031126e-02,
          8.3663286422618857e-04, -2.5947666284744076e-03,
          -1.6085165217772106e-03, -3.5730449199115267e-05,
          -5.6982438778550356e-03, 3.6471528138254032e-03,
          3.7557620475273253e-04, 2.1939284686744026e-03,
          2.4064651690519905e-04, 8.3663286422618857e-04,
          6.2803178685636105e-02, 6.5780456538715073e-04,
          6.7162900674456365e-04, -1.4775983640986175e-03,
          -1.0893643760198693e-03, 8.9327003632282739e-03,
          3.0974157680099508e-04, -4.1969911182219863e-05,
          2.5094867468531686e-04, -2.5947666284744076e-03,
          6.5780456538715084e-04, 6.1853443070211511e-02,
          -4.1115811841509707e-04, -7.1479302656842101e-03,
          -1.5696306092870045e-02, 9.4876706254668318e-05,
          7.3877534828893105e-03, 5.0130948008534947e-03,
          -1.8485416854863753e-03, -1.6085165217772108e-03,
          6.7162900674456289e-04, -4.1115811841509707e-04,
          1.2903878960158491e-02, -2.3826798021699995e-04,
          1.0752811087577410e-02, 7.3030986937979757e-03,
          -2.4294385255586507e-04, -5.1811192357112710e-05,
          1.4614575826619376e-04, -3.5730449199114915e-05,
          -1.4775983640986162e-03, -7.1479302656842101e-03,
          -2.3826798021700003e-04, 7.3032730845996222e-02,
          2.9293422945580795e-03, -2.5827460995144066e-04,
          3.1825207731318666e-03, 2.1747411597571346e-03,
          -2.1878171514102050e-03, -5.6982438778550339e-03,
          -1.0893643760198704e-03, -1.5696306092870045e-02,
          1.0752811087577406e-02, 2.9293422945580786e-03,
          5.6546262435137669e-02, 3.4232799528030968e-04,
          6.0753482095882690e-03, 1.8438421312777918e-02,
          -1.8687211482187500e-04, 3.6471528138254045e-03,
          8.9327003632282739e-03, 9.4876706254667939e-05,
          7.3030986937979775e-03, -2.5827460995144055e-04,
          3.4232799528030925e-04, 1.2433255983918691e-01 ]
   - !!opencv-matrix
      rows: 10
      cols: 10
      dt: d
      data: [ 3.8379948246996287e-01, 1.0243948848760193e-01,
          2.6035192428207209e-03, 2.2223139575657889e-02,
          -1.6445712696244983e-02, 2.4357131481603958e-03,
          -1.6126088555704608e-02, 8.4957877230247623e-04,
          -6.2639140126688540e-04, 1.9450894184273441e-03,
          1.0243948848760194e-01, 3.8750386032492184e-01,
          -1.1295637391637563e-03, 6.2905526690039140e-02,
          6.3135562462787898e-02, 3.8246717716464334e-03,
          3.0285285255643207e-02, 1.5345053468951613e-03,
          2.3660669519034571e-02, 2.2616659753117763e-02,
          2.6035192428207209e-03, -1.1295637391637568e-03,
          9.2665151925347376e-03, 3.9598353086082891e-04,
          -6.5268669887056105e-03, 1.5192516471667717e-04,
          -4.5414892994401837e-03, -7.1957553578426780e-05,
          -1.1254073778890737e-03, -8.1079088228244896e-04,
          2.2223139575657889e-02, 6.2905526690039140e-02,
          3.9598353086082853e-04, 3.5729644925175545e-02,
          1.7308651592517375e-03, -1.8431234702702489e-03,
          1.2399833913524015e-03, 6.1899033874772435e-04,
          -3.1435373253802783e-03, 3.3473974801819760e-03,
          -1.6445712696244986e-02, 6.3135562462787898e-02,
          -6.5268669887056114e-03, 1.7308651592517362e-03,
          2.1170104251278229e-01, 1.7334212179639537e-03,
          4.9853442600835039e-02, 2.3337489968888970e-03,
          1.2634953155633911e-02, 1.8752017182854481e-02,
          2.4357131481603932e-03, 3.8246717716464347e-03,
          1.5192516471667717e-04, -1.8431234702702486e-03,
          1.7334212179639533e-03, 5.8770473712833532e-02,
          5.9519261087373401e-04, -4.8924388443604755e-03,
          -1.6179010936313663e-02, 3.1771642837854071e-04,
          -1.6126088555704611e-02, 3.0285285255643207e-02,
          -4.5414892994401837e-03, 1.2399833913524019e-03,
          4.9853442600835053e-02, 5.9519261087373433e-04,
          4.5064109209041990e-02, 1.1547888821334376e-03,
          1.4600914347763871e-02, 8.0274570846197071e-03,
          8.4957877230247677e-04, 1.5345053468951617e-03,
          -7.1957553578426848e-05, 6.1899033874772403e-04,
          2.3337489968888953e-03, -4.8924388443604755e-03,
          1.1547888821334374e-03, 4.6630784573740681e-02,
          3.0134857677604752e-03, 4.6386013358678413e-04,
          -6.2639140126688573e-04, 2.3660669519034571e-02,
          -1.1254073778890737e-03, -3.1435373253802783e-03,
          1.2634953155633911e-02, -1.6179010936313663e-02,
          1.4600914347763873e-02, 3.0134857677604765e-03,
          6.0327119467804183e-02, 4.2767916439623889e-03,
          1.9450894184273447e-03, 2.2616659753117763e-02,
          -8.1079088228244874e-04, 3.3473974801819751e-03,
          1.8752017182854477e-02, 3.1771642837854082e-04,
          8.0274570846197071e-03, 4.6386013358678375e-04,
          4.2767916439623880e-03, 2.7100479781725931e-02 ]
   - !!opencv-matrix
      rows: 10
      cols: 10
      dt: d
