%YAML:1.0
---
groups:
   - intact
   - CD19
   - blast
intactGmmnames:
   - "intact.2014-1751.0"
   - "intact.2014-1751.1"
   - "intact.2014-1751.2"
   - "intact.2014-1751.3"
   - "intact.2014-1751.4"
intactLabels:
   - FSC-A
   - SSC-A
   - SY41
   - CD19
   - CD10
   - CD20
   - CD45
   - CD34
   - CD38
   - CD58
intactMu: !!opencv-matrix
   rows: 5
   cols: 10
   dt: d
   data: [ 2.0258620673153747e+00, 1.2497043268284562e+00,
       2.9907196815285291e+00, 1.3735336315617694e+00,
       1.4482862613190071e+00, 1.2273721346502728e+00,
       1.6627160590489514e+00, 1.4212071150119272e+00,
       1.3613336653607886e+00, 2.4643411015571215e+00,
       2.9613120503221992e+00, 3.1837856392274206e+00,
       3.1993271189700185e+00, 1.6411784295236151e+00,
       1.2591671137584397e+00, 1.0650388233391550e+00,
       2.2353089858984734e+00, 1.1820571968305507e+00,
       2.0278318177904202e+00, 2.0795602993317539e+00,
       2.2270640867652065e+00, 3.4904823896036627e+00,
       3.1945353640438849e+00, 1.6842162154637021e+00,
       2.3913762446343361e+00, 1.0501721056953450e+00,
       2.4973916813095833e+00, 1.1755419671046876e+00,
       1.6263018160800651e+00, 2.2309787228767153e+00,
       1.9828275338945485e+00, 1.3026559450015882e+00,
       3.8200080530031242e+00, 1.3635969634238876e+00,
       1.5786724277567332e+00, 1.1459709060952359e+00,
       1.8758560537628877e+00, 1.2437425601392584e+00,
       1.9385062050098201e+00, 2.6301571459088326e+00,
       2.2510616564996324e+00, 1.9961992461929303e+00,
       3.3909286490913764e+00, 1.7038803566193803e+00,
       1.9303118954958847e+00, 1.5554122163791264e+00,
       2.3766477730182189e+00, 1.6181823668974740e+00,
       2.1032114154965020e+00, 2.2861648668365970e+00 ]
intactSigma:
   - !!opencv-matrix
      rows: 10
      cols: 10
      dt: d
      data: [ 6.4458443899875117e-01, 6.0810856587284155e-02,
          7.5592567746355838e-02, 3.0783696877097248e-02,
          6.5401792863481231e-02, -1.0051946515018218e-02,
          -2.7926814263856906e-02, -4.7606423206816344e-02,
          9.3334766348413273e-03, 2.3340472513186234e-02,
          6.0810856587284162e-02, 5.6405700634804601e-02,
          6.7537667317990151e-03, 1.3333798128768915e-02,
          1.3988202183807226e-02, 1.7227741505560317e-02,
          1.9050538129758470e-02, 2.5766207039663244e-02,
          8.3432096781618538e-03, -1.0082507028368326e-05,
          7.5592567746355852e-02, 6.7537667317990177e-03,
          2.0949671666468808e-01, 2.6948844470882855e-03,
          4.0992654563204230e-02, -4.3233296280392602e-02,
          -6.2780811069912831e-02, -1.0549568044981707e-01,
          -6.5687103966802418e-03, -2.5041876339673842e-02,
          3.0783696877097262e-02, 1.3333798128768915e-02,
          2.6948844470882855e-03, 1.4724163985157442e-02,
          1.0144186249553119e-02, 2.0540214017338160e-03,
          3.7105082300474324e-03, 3.5036851678844042e-03,
          -1.8653108120003729e-04, 6.6101515788765503e-04,
          6.5401792863481245e-02, 1.3988202183807228e-02,
          4.0992654563204230e-02, 1.0144186249553124e-02,
          1.5025008731303394e-01, -1.8837803334648812e-02,
          -1.6445420691857313e-02, -3.7330022000402870e-02,
          1.1348416055436126e-02, 4.9922565820619429e-02,
          -1.0051946515018222e-02, 1.7227741505560317e-02,
          -4.3233296280392602e-02, 2.0540214017338155e-03,
          -1.8837803334648809e-02, 8.6507217910640311e-02,
          4.2332848223442847e-02, 7.0733843612011640e-02,
          -1.2684496775743704e-03, -5.1472864144697823e-03,
          -2.7926814263856920e-02, 1.9050538129758470e-02,
          -6.2780811069912831e-02, 3.7105082300474320e-03,
          -1.6445420691857317e-02, 4.2332848223442854e-02,
          7.3763624563574687e-02, 8.3268489558260411e-02,
          2.4385337312079383e-02, 2.4715048564002445e-02,
          -4.7606423206816344e-02, 2.5766207039663244e-02,
          -1.0549568044981707e-01, 3.5036851678844046e-03,
          -3.7330022000402870e-02, 7.0733843612011640e-02,
          8.3268489558260411e-02, 1.6859126567139485e-01,
          1.9241371884593541e-02, 3.8089206520123685e-03,
          9.3334766348413326e-03, 8.3432096781618555e-03,
          -6.5687103966802418e-03, -1.8653108120003723e-04,
          1.1348416055436130e-02, -1.2684496775743717e-03,
          2.4385337312079383e-02, 1.9241371884593548e-02,
          6.6089291083705495e-02, 2.5879562862843670e-02,
          2.3340472513186244e-02, -1.0082507028367675e-05,
          -2.5041876339673839e-02, 6.6101515788765601e-04,
          4.9922565820619436e-02, -5.1472864144697815e-03,
          2.4715048564002445e-02, 3.8089206520123681e-03,
          2.5879562862843670e-02, 2.4451255521328097e-01 ]
   - !!opencv-matrix
      rows: 10
      cols: 10
      dt: d
      data: [ 3.7886191442450945e-01, 1.8871792834287454e-01,
          -7.9051616332410229e-03, 3.2442109144804755e-02,
          1.0336308800202516e-02, 5.9883506716911948e-03,
          -1.2338915189229315e-02, 1.7706528373379474e-03,
          7.2826719793512174e-03, 2.6699140016888043e-03,
          1.8871792834287454e-01, 4.1429834425146772e-01,
          -3.1371565928284988e-02, 5.8289069379494199e-02,
          4.5031388550176812e-02, 5.5230855201938702e-03,
          2.1374909814945671e-02, 4.3472035594604745e-03,
          1.6642944320615225e-02, 3.2848138894816262e-02,
          -7.9051616332410229e-03, -3.1371565928284988e-02,
          3.1713226782684255e-02, -4.2706846908290410e-03,
          8.2052271542105841e-06, -1.3314716093469007e-04,
          -6.0579217747759474e-03, 9.5301556644477215e-04,
          1.3742439046792770e-02, 3.2617188868963461e-05,
          3.2442109144804755e-02, 5.8289069379494199e-02,
          -4.2706846908290418e-03, 2.1627465438947512e-02,
          6.8291737969685485e-03, -1.0614847476306095e-03,
          5.1381522280217794e-03, 8.6806623713807580e-04,
          3.2828389561440404e-03, 4.7779645833954092e-03,
          1.0336308800202521e-02, 4.5031388550176812e-02,
          8.2052271542098489e-06, 6.8291737969685459e-03,
          1.0200345147272850e-01, 1.8857244297327532e-03,
          1.9248537632047210e-03, 4.7556878334401156e-04,
          3.0806749206793165e-03, 9.4518059470086492e-03,
          5.9883506716911965e-03, 5.5230855201938694e-03,
          -1.3314716093469010e-04, -1.0614847476306092e-03,
          1.8857244297327521e-03, 4.5846669208380750e-02,
          -3.2282482750515146e-04, -3.4059151532071135e-03,
          -1.5978306487017941e-02, 8.8007774818472419e-04,
          -1.2338915189229313e-02, 2.1374909814945667e-02,
          -6.0579217747759482e-03, 5.1381522280217777e-03,
          1.9248537632047210e-03, -3.2282482750515119e-04,
          5.2774845146476540e-02, 3.0488078875557517e-03,
          3.3915461612129459e-02, 1.1569042399226586e-02,
          1.7706528373379487e-03, 4.3472035594604771e-03,
          9.5301556644477193e-04, 8.6806623713807558e-04,
          4.7556878334401102e-04, -3.4059151532071135e-03,
          3.0488078875557517e-03, 2.5096639782942597e-02,
          8.8968525103971970e-03, 9.3302577114474981e-04,
          7.2826719793512174e-03, 1.6642944320615218e-02,
          1.3742439046792770e-02, 3.2828389561440417e-03,
          3.0806749206793160e-03, -1.5978306487017934e-02,
          3.3915461612129459e-02, 8.8968525103971970e-03,
          1.4770692662979393e-01, 1.0215105518404812e-02,
          2.6699140016888017e-03, 3.2848138894816269e-02,
          3.2617188868962817e-05, 4.7779645833954092e-03,
          9.4518059470086509e-03, 8.8007774818472419e-04,
          1.1569042399226586e-02, 9.3302577114474916e-04,
          1.0215105518404812e-02, 3.1296649152725405e-02 ]
   - !!opencv-matrix
      rows: 10
      cols: 10
      dt: d
