%YAML:1.0
---
groups:
   - intact
   - CD19
   - blast
intactGmmnames:
   - "intact.2015-3322.0"
   - "intact.2015-3322.1"
   - "intact.2015-3322.2"
   - "intact.2015-3322.3"
   - "intact.2015-3322.4"
intactLabels:
   - FSC-A
   - SSC-A
   - SY41
   - CD19
   - CD10
   - CD20
   - CD45
   - CD34
   - CD38
   - CD58
intactMu: !!opencv-matrix
   rows: 5
   cols: 10
   dt: d
   data: [ 1.4816266453806644e+00, 8.2083942074901206e-01,
       3.2606774151398512e+00, 1.4825423323576534e+00,
       1.0887139735942868e+00, 1.0949363241135470e+00,
       3.8036432776222391e+00, 1.2667826121634549e+00,
       2.7549738768653249e+00, 1.6646687751188174e+00,
       1.0270426223582605e+00, 4.6196944474398616e-01,
       3.3513662718979638e+00, 1.1436680820896921e+00,
       1.3702521961669698e+00, 1.1515343751460296e+00,
       1.5770732946623875e+00, 1.2316034463972920e+00,
       1.1364797641435589e+00, 2.4079033128217464e+00,
       1.5603710872730578e+00, 7.0322086648768867e-01,
       3.2697848650940209e+00, 1.5312245188379217e+00,
       1.0998901143148450e+00, 1.1233332689312607e+00,
       3.9458974499081547e+00, 1.2273499287486747e+00,
       1.5916911563883920e+00, 1.6607555779366847e+00,
       2.0700823120939309e+00, 2.3933966845962056e+00,
       3.1843199449456754e+00, 1.6566148622421315e+00,
       1.4783914659410624e+00, 1.2318347499659448e+00,
       2.6604392480800052e+00, 1.4962508417846481e+00,
       1.5033485325798339e+00, 2.0884394644323829e+00,
       1.4956144587809408e+00, 4.0580778269471757e-01,
       3.5219137151804447e+00, 1.3573343024916733e+00,
       1.0781471805286698e+00, 1.1299171029317887e+00,
       3.7535985511918875e+00, 1.2310489880283604e+00,
       1.7078954094598455e+00, 1.0758817693050060e+00 ]
intactSigma:
   - !!opencv-matrix
      rows: 10
      cols: 10
      dt: d
      data: [ 8.7293297270258571e-02, -1.0967274768351616e-02,
          3.5337428598389729e-03, -5.8100609885976444e-03,
          7.8026835955241429e-04, 2.0941909495745975e-03,
          -6.3659155173674854e-03, 2.3907271196737536e-03,
          -1.0954982475548573e-02, -4.6387477125826842e-03,
          -1.0967274768351616e-02, 2.5966909739940938e-02,
          -2.1484504022022881e-03, 5.8167136539486845e-03,
          8.0503217459753393e-04, -7.5111173213217872e-03,
          5.8231602436034681e-03, 2.3682098255345938e-03,
          2.4266075915838136e-02, 1.7151744644287700e-02,
          3.5337428598389703e-03, -2.1484504022022881e-03,
          8.0000303681746418e-02, -1.3922358536939316e-03,
          3.2609891398545788e-04, 2.1934291004435530e-03,
          -2.1056057696487614e-03, 3.7965082412367477e-03,
          1.0151276672755983e-03, 2.8302606894455915e-05,
          -5.8100609885976462e-03, 5.8167136539486828e-03,
          -1.3922358536939321e-03, 7.9327725123706519e-02,
          1.4090996776998225e-04, -4.2434156612050816e-05,
          3.9121821725162575e-03, 5.9850158204116620e-03,
          -1.0774769460178855e-03, 5.5727800077424562e-03,
          7.8026835955241375e-04, 8.0503217459753403e-04,
          3.2609891398545832e-04, 1.4090996776998309e-04,
          4.8963483042959582e-02, 1.6346999393503306e-04,
          9.0326487243033357e-05, -5.4949650030889389e-03,
          1.5564666580663437e-03, 1.0241518210213712e-03,
          2.0941909495745983e-03, -7.5111173213217855e-03,
          2.1934291004435526e-03, -4.2434156612050904e-05,
          1.6346999393503312e-04, 8.5810983253401529e-02,
          7.0717951316434972e-04, -8.1902048969693317e-03,
          -3.3263580451224586e-02, -5.1548026203804727e-03,
          -6.3659155173674854e-03, 5.8231602436034681e-03,
          -2.1056057696487614e-03, 3.9121821725162575e-03,
          9.0326487243033466e-05, 7.0717951316434950e-04,
          8.3545599469287204e-03, -1.0368767693466180e-03,
          5.7894264593316945e-03, 7.0415185320841667e-03,
          2.3907271196737519e-03, 2.3682098255345934e-03,
          3.7965082412367468e-03, 5.9850158204116620e-03,
          -5.4949650030889407e-03, -8.1902048969693352e-03,
          -1.0368767693466180e-03, 1.8403868022268824e-01,
          7.0480758596965613e-03, 2.1220381741441207e-03,
          -1.0954982475548573e-02, 2.4266075915838136e-02,
          1.0151276672755983e-03, -1.0774769460178853e-03,
          1.5564666580663441e-03, -3.3263580451224586e-02,
          5.7894264593316910e-03, 7.0480758596965579e-03,
          1.2358201515853873e-01, 2.9150930634148847e-02,
          -4.6387477125826859e-03, 1.7151744644287700e-02,
          2.8302606894455983e-05, 5.5727800077424571e-03,
          1.0241518210213712e-03, -5.1548026203804736e-03,
          7.0415185320841685e-03, 2.1220381741441216e-03,
          2.9150930634148847e-02, 5.6824671239028519e-02 ]
   - !!opencv-matrix
      rows: 10
      cols: 10
      dt: d
      data: [ 3.6196898085096942e-02, 1.1861908302797097e-02,
          1.6836638191363205e-04, 4.5499522893105888e-03,
          5.7981123079268310e-03, 1.1591776965256529e-04,
          8.6475387701851932e-03, 1.6254741356435828e-03,
          1.7077814240067241e-03, 4.8586582903863262e-03,
          1.1861908302797097e-02, 1.7954445165170342e-02,
          -1.7120746990058420e-03, 6.1565241560259300e-03,
          6.6677938595473231e-03, 4.1460039967513565e-04,
          7.9622538135523634e-03, 2.3043947484403257e-03,
          1.8301853345043776e-03, 5.7875480527403633e-03,
          1.6836638191363186e-04, -1.7120746990058426e-03,
          9.9890853205241326e-02, -3.3051540178931083e-03,
          -2.8329520284418337e-03, 2.1168878132583180e-04,
          6.7900757775399175e-03, 2.1154340191804912e-03,
          1.0246832594187443e-03, 7.1381982820145819e-03,
          4.5499522893105897e-03, 6.1565241560259318e-03,
          -3.3051540178931091e-03, 2.5762438937441050e-02,
          4.6229531274017454e-03, -2.2090952570394998e-03,
          1.3405859301250335e-03, 1.3336440564441243e-03,
          -2.5611029925555894e-03, 1.6252741112648677e-03,
          5.7981123079268310e-03, 6.6677938595473239e-03,
          -2.8329520284418337e-03, 4.6229531274017462e-03,
          9.9301468175007207e-02, 4.8729728028342362e-04,
          2.8078654391301742e-03, -2.2881445064382349e-03,
          1.1354685835822159e-03, 4.4866300785641831e-03,
          1.1591776965256529e-04, 4.1460039967513565e-04,
          2.1168878132583207e-04, -2.2090952570394998e-03,
          4.8729728028342324e-04, 1.7044879305516798e-02,
          -1.8950854246542881e-05, -1.5488161160631100e-03,
          -5.6967355404863923e-03, 9.8726063350081951e-05,
          8.6475387701851949e-03, 7.9622538135523634e-03,
          6.7900757775399166e-03, 1.3405859301250335e-03,
          2.8078654391301737e-03, -1.8950854246542884e-05,
          1.9875031416873576e-01, -2.3305768647748052e-03,
          -5.4036542156653863e-04, 9.7499644436061690e-03,
          1.6254741356435838e-03, 2.3043947484403257e-03,
          2.1154340191804908e-03, 1.3336440564441247e-03,
          -2.2881445064382349e-03, -1.5488161160631100e-03,
          -2.3305768647748043e-03, 3.7107064787006663e-02,
          1.0559729842882805e-03, 1.3012831565440974e-03,
          1.7077814240067243e-03, 1.8301853345043776e-03,
          1.0246832594187436e-03, -2.5611029925555894e-03,
          1.1354685835822161e-03, -5.6967355404863923e-03,
          -5.4036542156653830e-04, 1.0559729842882801e-03,
          1.5266635986785130e-02, 1.4640000402823428e-03,
          4.8586582903863262e-03, 5.7875480527403633e-03,
          7.1381982820145837e-03, 1.6252741112648677e-03,
          4.4866300785641839e-03, 9.8726063350081951e-05,
          9.7499644436061673e-03, 1.3012831565440974e-03,
          1.4640000402823428e-03, 1.7659139623411067e-02 ]
   - !!opencv-matrix
      rows: 10
      cols: 10
      dt: d
