%YAML:1.0
---
groups:
   - intact
   - CD19
   - blast
intactGmmnames:
   - "intact.2015-3562.0"
   - "intact.2015-3562.1"
   - "intact.2015-3562.2"
   - "intact.2015-3562.3"
   - "intact.2015-3562.4"
intactLabels:
   - FSC-A
   - SSC-A
   - SY41
   - CD19
   - CD10
   - CD20
   - CD45
   - CD34
   - CD38
   - CD58
intactMu: !!opencv-matrix
   rows: 5
   cols: 10
   dt: d
   data: [ 1.1165115978174056e+00, 4.1693372510327842e-01,
       3.5525631095767127e+00, 1.1760143449047227e+00,
       1.2588943268429313e+00, 1.1946235932426574e+00,
       1.3513460073867780e+00, 1.0850257980729823e+00,
       1.2243511827789784e+00, 2.3893908389907135e+00,
       1.3230217625251230e+00, 3.4118344106983173e-01,
       3.3201293884652445e+00, 1.2650010652525574e+00,
       1.0457491968286021e+00, 1.1556243376727606e+00,
       3.7284038015155043e+00, 1.8188922134004448e+00,
       1.5921570890526713e+00, 1.0173307098156268e+00,
       3.0539499825702290e+00, 3.3146829489821776e+00,
       3.3852999392231977e+00, 1.7908715256418530e+00,
       2.2210570955845776e+00, 1.2026938777963232e+00,
       3.1628130955947475e+00, 1.6641433520919320e+00,
       1.3623041461813821e+00, 2.2072011747691538e+00,
       1.5320020173713913e+00, 5.7389199175106465e-01,
       3.2411474800200586e+00, 1.3552439735174580e+00,
       1.0699498716232270e+00, 1.1358002119471677e+00,
       3.8641292711035926e+00, 2.0931247515602567e+00,
       1.8866366914801431e+00, 1.7613097507777373e+00,
       2.1721903663868107e+00, 1.5017127173580869e+00,
       3.4531276627327827e+00, 1.5485252644141183e+00,
       1.4223892705761503e+00, 1.3179117879913855e+00,
       2.8790996878279476e+00, 1.8167446199196442e+00,
       1.8300390690673283e+00, 1.9826751262256062e+00 ]
intactSigma:
   - !!opencv-matrix
      rows: 10
      cols: 10
      dt: d
      data: [ 1.0093210620441127e-01, 2.7555525786580846e-02,
          2.2539744376618511e-02, 5.6652499177760563e-03,
          1.3464671769265109e-02, 7.2198368897079138e-04,
          2.8633221034850938e-02, 8.9579775872367685e-03,
          7.1324611278088413e-03, 2.6704251214164636e-02,
          2.7555525786580846e-02, 1.7204691217978973e-02,
          1.0029597814252411e-02, 3.9653459628121923e-03,
          6.6265383168845901e-03, 4.6551751920461662e-04,
          1.4064777460072517e-02, 5.3075913247024181e-03,
          3.5150779324704729e-03, 1.4768736098515358e-02,
          2.2539744376618511e-02, 1.0029597814252413e-02,
          7.3922751906352266e-02, 6.2616397232270055e-04,
          7.4297443908511443e-03, 5.7025625525818058e-04,
          1.7453888490993687e-02, 6.0179770564163281e-03,
          4.3735507715286373e-03, 1.8736505040038098e-02,
          5.6652499177760555e-03, 3.9653459628121914e-03,
          6.2616397232270076e-04, 1.4084013508878680e-02,
          1.8709424519725661e-03, -1.2857016731672285e-03,
          3.1485573987061774e-04, 1.9645673225982684e-03,
          -1.2893614162475450e-03, 3.2490398575072688e-03,
          1.3464671769265109e-02, 6.6265383168845910e-03,
          7.4297443908511443e-03, 1.8709424519725670e-03,
          1.1178037652782860e-01, 3.2447587998010589e-04,
          -2.0553594210615502e-02, -7.2223330186379955e-04,
          3.5129268206782545e-03, 1.0103375455826090e-02,
          7.2198368897079149e-04, 4.6551751920461635e-04,
          5.7025625525818058e-04, -1.2857016731672281e-03,
          3.2447587998010599e-04, 1.1837228311277537e-02,
          1.3767723615968046e-03, -2.8942236489886961e-03,
          -3.5628589459343269e-03, 4.0879835421609958e-04,
          2.8633221034850938e-02, 1.4064777460072517e-02,
          1.7453888490993687e-02, 3.1485573987061709e-04,
          -2.0553594210615502e-02, 1.3767723615968046e-03,
          1.9515251156713184e-01, 2.9715092271186960e-03,
          7.1444323529756956e-03, 1.7718997765882906e-02,
          8.9579775872367685e-03, 5.3075913247024199e-03,
          6.0179770564163281e-03, 1.9645673225982684e-03,
          -7.2223330186379944e-04, -2.8942236489886957e-03,
          2.9715092271186960e-03, 1.1352016106733223e-01,
          2.1456815364901565e-03, 6.0585997524984737e-03,
          7.1324611278088413e-03, 3.5150779324704729e-03,
          4.3735507715286373e-03, -1.2893614162475450e-03,
          3.5129268206782545e-03, -3.5628589459343269e-03,
          7.1444323529756956e-03, 2.1456815364901570e-03,
          1.1334500105795368e-02, 4.6144966996432652e-03,
          2.6704251214164636e-02, 1.4768736098515355e-02,
          1.8736505040038095e-02, 3.2490398575072688e-03,
          1.0103375455826093e-02, 4.0879835421609980e-04,
          1.7718997765882906e-02, 6.0585997524984737e-03,
          4.6144966996432652e-03, 3.1601567211254560e-02 ]
   - !!opencv-matrix
      rows: 10
      cols: 10
      dt: d
      data: [ 9.0013724932322139e-02, 1.4359245293295837e-02,
          -1.0241582148791206e-02, 6.7366279115092208e-03,
          3.5296826118696735e-03, -8.7336578547036212e-04,
          1.2577170197497982e-02, 9.8391551826050826e-03,
          -1.4186401282158510e-02, 1.7338169486693002e-02,
          1.4359245293295837e-02, 9.1238167999286579e-03,
          -2.4740417211454495e-03, 3.4937611918708193e-03,
          1.7992069807837706e-03, -3.3452596959024621e-04,
          6.1896200544887927e-03, 4.4841397892901296e-03,
          -8.5152405294756494e-03, 2.2166193081195724e-02,
          -1.0241582148791206e-02, -2.4740417211454508e-03,
          2.0687887607450769e-02, -1.4485642665958774e-03,
          -2.8286360011463366e-04, 2.4844869591249486e-04,
          -2.8895339052774313e-03, -1.7701957638996241e-03,
          1.9478714651631960e-03, -1.1526226630883798e-03,
          6.7366279115092199e-03, 3.4937611918708193e-03,
          -1.4485642665958774e-03, 4.4225640050568039e-02,
          9.7685755026426452e-04, -2.5220212528121091e-03,
          2.2868448809131707e-03, 6.4605113761418351e-03,
          -8.6702324467037295e-03, 7.8005743186757258e-03,
          3.5296826118696727e-03, 1.7992069807837706e-03,
          -2.8286360011463329e-04, 9.7685755026426496e-04,
          5.8496993848837490e-02, 2.2368136664319371e-04,
          9.0764273910416834e-04, -3.7763711341360189e-03,
          -3.1274178714754274e-03, 6.2416421721189870e-03,
          -8.7336578547036266e-04, -3.3452596959024621e-04,
          2.4844869591249469e-04, -2.5220212528121091e-03,
          2.2368136664319379e-04, 1.9800227191840256e-02,
          -5.2597625906786107e-04, -7.4515900441328988e-03,
          -1.0205696934975016e-02, -5.5007825513051433e-04,
          1.2577170197497982e-02, 6.1896200544887927e-03,
          -2.8895339052774308e-03, 2.2868448809131702e-03,
          9.0764273910416866e-04, -5.2597625906786118e-04,
          1.0614510272213778e-02, 7.1849278057781654e-03,
          -7.3166584770747887e-03, 1.2498235273074821e-02,
          9.8391551826050826e-03, 4.4841397892901287e-03,
          -1.7701957638996252e-03, 6.4605113761418325e-03,
          -3.7763711341360202e-03, -7.4515900441328988e-03,
          7.1849278057781654e-03, 1.9135640831779441e-01,
          -3.0070020517769772e-03, 7.1051664790887478e-04,
          -1.4186401282158510e-02, -8.5152405294756494e-03,
          1.9478714651631960e-03, -8.6702324467037295e-03,
          -3.1274178714754274e-03, -1.0205696934975016e-02,
          -7.3166584770747887e-03, -3.0070020517769759e-03,
          1.2105220313735229e-01, -3.7820396537087284e-02,
          1.7338169486693002e-02, 2.2166193081195724e-02,
          -1.1526226630883805e-03, 7.8005743186757241e-03,
          6.2416421721189878e-03, -5.5007825513051487e-04,
          1.2498235273074818e-02, 7.1051664790887489e-04,
          -3.7820396537087290e-02, 1.8725283389024341e-01 ]
   - !!opencv-matrix
      rows: 10
      cols: 10
      dt: d
