%YAML:1.0
---
groups:
   - intact
   - CD19
   - blast
intactGmmnames:
   - "intact.2015-5009.0"
   - "intact.2015-5009.1"
   - "intact.2015-5009.2"
   - "intact.2015-5009.3"
   - "intact.2015-5009.4"
intactLabels:
   - FSC-A
   - SSC-A
   - SY41
   - CD19
   - CD10
   - CD20
   - CD45
   - CD34
   - CD38
   - CD58
intactMu: !!opencv-matrix
   rows: 5
   cols: 10
   dt: d
   data: [ 9.6844479724439614e-01, 2.9290713655076545e-01,
       3.1248548819073259e+00, 1.1722777716722572e+00,
       1.0815543947395789e+00, 1.0868585193740048e+00,
       3.6968635712224027e+00, 1.8113496496074242e+00,
       1.5227802082303445e+00, 1.1280627510667121e+00,
       2.4495482450173998e+00, 3.2943369586237403e+00,
       2.7500076946953902e+00, 1.8498428815921386e+00,
       2.6892462585031800e+00, 1.1248896600861102e+00,
       3.3266470923666547e+00, 1.7325590013235945e+00,
       1.6290559908967621e+00, 2.1601130121675656e+00,
       2.4538490889260589e+00, 1.9012200935315471e+00,
       2.8415857262086339e+00, 1.6124844386471253e+00,
       1.5052887300610784e+00, 1.2115024578464271e+00,
       2.9730777657712490e+00, 1.6876277130133508e+00,
       1.6691024879335354e+00, 1.7997981717952201e+00,
       1.5604440232858665e+00, 5.8700437144756779e-01,
       2.6958667568611938e+00, 1.2761504288615448e+00,
       1.0895195030328080e+00, 1.0523253394416101e+00,
       3.8653859315326162e+00, 2.0223846759127464e+00,
       1.9820793427437693e+00, 1.6632082632075520e+00,
       9.4778943868034116e-01, 4.7545778035817293e-01,
       2.9686905886852899e+00, 1.1590979065255538e+00,
       1.2851848802419901e+00, 1.1213763125043641e+00,
       1.6784165934406408e+00, 1.1499960841791637e+00,
       1.1801039407179388e+00, 2.2737769112595028e+00 ]
intactSigma:
   - !!opencv-matrix
      rows: 10
      cols: 10
      dt: d
      data: [ 7.3759442640391457e-02, 4.0800918388086607e-03,
          -3.5470734354050577e-02, 1.0817324980357027e-03,
          -7.6458258491096656e-05, -1.5579092700488322e-03,
          4.2425981661745917e-03, -8.8317877898761387e-04,
          -8.6853152548445698e-03, 3.3668635691305408e-03,
          4.0800918388086607e-03, 8.7550839049006374e-03,
          -6.9551211764878656e-04, 3.7923831947218449e-03,
          2.7424134517338816e-03, 3.3042990921679769e-04,
          3.1828994845431212e-03, 4.9604035898317932e-03,
          -6.8045736293809887e-03, 2.9077691543907446e-02,
          -3.5470734354050577e-02, -6.9551211764878635e-04,
          3.2929265881460258e-02, 8.0759427676653603e-04,
          1.0915852356630598e-03, 1.3762644047381255e-03,
          -1.1948874813693530e-03, 2.6991435501888712e-03,
          1.7111407952248109e-04, 1.3874592195875926e-03,
          1.0817324980357031e-03, 3.7923831947218435e-03,
          8.0759427676653679e-04, 7.3319377120030935e-02,
          2.1833537013023221e-03, -3.2775703297318153e-03,
          -5.7269410072452256e-05, 7.9065079416105154e-03,
          -1.1841981335387140e-02, 1.2639170061578612e-02,
          -7.6458258491097076e-05, 2.7424134517338816e-03,
          1.0915852356630595e-03, 2.1833537013023221e-03,
          6.4681439176721048e-02, 5.2288184132022486e-04,
          4.8157810291449857e-04, -8.6980205678243523e-04,
          -3.4137546630180534e-03, 1.3011748410277081e-02,
          -1.5579092700488328e-03, 3.3042990921679786e-04,
          1.3762644047381259e-03, -3.2775703297318166e-03,
          5.2288184132022475e-04, 3.1998674321542429e-02,
          -2.1588285235765443e-04, -6.1273180598130413e-03,
          -1.6385636369885138e-02, 1.6258186936009039e-03,
          4.2425981661745917e-03, 3.1828994845431217e-03,
          -1.1948874813693530e-03, -5.7269410072452222e-05,
          4.8157810291449851e-04, -2.1588285235765449e-04,
          7.0728920843126713e-03, 4.9436082644937433e-03,
          -4.2816283644939064e-03, 8.2981769234383527e-03,
          -8.8317877898761387e-04, 4.9604035898317923e-03,
          2.6991435501888721e-03, 7.9065079416105154e-03,
          -8.6980205678243523e-04, -6.1273180598130413e-03,
          4.9436082644937441e-03, 1.8078527854144832e-01,
          3.2903931319358174e-04, 1.5447586219571851e-02,
          -8.6853152548445715e-03, -6.8045736293809887e-03,
          1.7111407952248068e-04, -1.1841981335387141e-02,
          -3.4137546630180547e-03, -1.6385636369885138e-02,
          -4.2816283644939064e-03, 3.2903931319358027e-04,
          1.4335578078870986e-01, -1.8027977238504096e-02,
          3.3668635691305421e-03, 2.9077691543907446e-02,
          1.3874592195875916e-03, 1.2639170061578612e-02,
          1.3011748410277087e-02, 1.6258186936009044e-03,
          8.2981769234383527e-03, 1.5447586219571851e-02,
          -1.8027977238504092e-02, 2.1119135675015285e-01 ]
   - !!opencv-matrix
      rows: 10
      cols: 10
      dt: d
      data: [ 3.1624454017975839e-01, 1.3239090978459434e-01,
          -1.0356613265122253e-02, 2.6286710466745106e-02,
          -3.5787629485872405e-03, 2.4653432152992451e-03,
          -2.6471810569829381e-03, 9.5410761751718795e-03,
          1.3736882624364401e-02, 4.3611413157225564e-03,
          1.3239090978459434e-01, 3.1567540712016795e-01,
          -1.9636643748335170e-02, 5.7509546275324279e-02,
          2.6135381581447042e-02, 1.9678086972316159e-03,
          1.4369230452820264e-02, 2.3783605745344428e-02,
          2.0777819166920220e-02, 1.6104087664549113e-02,
          -1.0356613265122256e-02, -1.9636643748335170e-02,
          2.2672811792106038e-02, -4.1368318043106074e-03,
          -3.6419992499402759e-03, 5.0635048197937322e-04,
          -4.1846396237992219e-03, -1.8851411713637833e-03,
          1.7395211747793301e-04, -9.7788473775081469e-04,
          2.6286710466745102e-02, 5.7509546275324272e-02,
          -4.1368318043106082e-03, 3.7734220329178385e-02,
          6.6529447549425573e-03, -1.9058923572615361e-03,
          2.9466107897957931e-03, 7.8304593018039426e-03,
          -3.3028705997805055e-03, 3.1920917878716297e-03,
          -3.5787629485872414e-03, 2.6135381581447042e-02,
          -3.6419992499402759e-03, 6.6529447549425573e-03,
          1.0009915895861829e-01, -4.2984684864568455e-04,
          1.6187269175059874e-02, 2.2605047667489653e-02,
          -1.3637477957041330e-03, 4.6297140156818352e-03,
          2.4653432152992446e-03, 1.9678086972316159e-03,
          5.0635048197937333e-04, -1.9058923572615367e-03,
          -4.2984684864568455e-04, 3.4890242761179108e-02,
          -2.4026759607349778e-04, -4.7188258645904993e-03,
          -1.3994117195766979e-02, 4.5478141195434864e-04,
          -2.6471810569829364e-03, 1.4369230452820264e-02,
          -4.1846396237992219e-03, 2.9466107897957931e-03,
          1.6187269175059874e-02, -2.4026759607349783e-04,
          1.5512948505226377e-02, 9.6294117728018512e-03,
          -2.2095247157136399e-03, 3.0931081932573088e-03,
          9.5410761751718864e-03, 2.3783605745344428e-02,
          -1.8851411713637848e-03, 7.8304593018039461e-03,
          2.2605047667489650e-02, -4.7188258645904993e-03,
          9.6294117728018529e-03, 1.7778242706809186e-01,
          2.7391222012122765e-03, 6.7302444594849620e-03,
          1.3736882624364405e-02, 2.0777819166920213e-02,
          1.7395211747793282e-04, -3.3028705997805059e-03,
          -1.3637477957041326e-03, -1.3994117195766979e-02,
          -2.2095247157136399e-03, 2.7391222012122774e-03,
          7.3846486494623553e-02, 3.0296246524966221e-03,
          4.3611413157225599e-03, 1.6104087664549117e-02,
          -9.7788473775081491e-04, 3.1920917878716284e-03,
          4.6297140156818344e-03, 4.5478141195434875e-04,
          3.0931081932573088e-03, 6.7302444594849620e-03,
          3.0296246524966217e-03, 2.1333992737979941e-02 ]
   - !!opencv-matrix
      rows: 10
      cols: 10
