%YAML:1.0
---
groups:
   - intact
   - CD19
   - blast
intactGmmnames:
   - "intact.2015-1556.0"
   - "intact.2015-1556.1"
   - "intact.2015-1556.2"
   - "intact.2015-1556.3"
   - "intact.2015-1556.4"
intactLabels:
   - FSC-A
   - SSC-A
   - SY41
   - CD19
   - CD10
   - CD20
   - CD45
   - CD34
   - CD38
   - CD58
intactMu: !!opencv-matrix
   rows: 5
   cols: 10
   dt: d
   data: [ 1.2131661272559460e+00, 7.1115033729383881e-01,
       3.1997479019153676e+00, 1.4647275720471034e+00,
       9.9231985743908124e-01, 1.2436249009653026e+00,
       3.9176050586103504e+00, 1.2786355774874039e+00,
       2.4955276591966546e+00, 1.4191873349322977e+00,
       1.0929541666843710e+00, 3.5358858857125308e-01,
       3.4200511430879996e+00, 1.3562211319550688e+00,
       9.6530911715663792e-01, 1.0061441137984701e+00,
       3.8940408617732776e+00, 1.2258865941396182e+00,
       2.0301705545838642e+00, 8.0524155807797293e-01,
       2.3756816745226224e+00, 3.3884392599558906e+00,
       3.4202565367466833e+00, 1.8104174512570446e+00,
       2.2648338276063349e+00, 1.0352102655520801e+00,
       3.1028215002541786e+00, 1.2989232721018964e+00,
       1.7523967433498300e+00, 2.1653223864269289e+00,
       1.1714708327327368e+00, 5.0915913428029858e-01,
       3.2108210551482466e+00, 1.4485088450507844e+00,
       1.0525698658767122e+00, 9.8943587489247564e-01,
       3.9827372111024202e+00, 1.2456538984666852e+00,
       1.6561434318619717e+00, 1.3119680466555155e+00,
       1.2626075676308068e+00, 1.0105825072072345e+00,
       3.3568605990200071e+00, 1.3796341828607854e+00,
       1.2854137273285628e+00, 1.1195100179128572e+00,
       2.4308508529657074e+00, 1.3660696018972980e+00,
       1.6986735862555089e+00, 2.1357300531730483e+00 ]
intactSigma:
   - !!opencv-matrix
      rows: 10
      cols: 10
      dt: d
      data: [ 5.9398726063083822e-02, 2.2240057070922740e-02,
          -3.6225358759202610e-02, 3.3050786632700972e-03,
          1.9558997776246687e-03, 1.2613247360665545e-02,
          3.7112580884999516e-03, 6.6882655434632801e-03,
          5.2014100860737392e-02, 3.2673083550977075e-02,
          2.2240057070922740e-02, 4.8817621176188729e-02,
          -2.6509306605350291e-02, 9.0738173192807681e-03,
          4.6814112814954935e-03, -1.1390741461502368e-03,
          5.7882960860429055e-03, 6.9601063134459781e-03,
          3.9350448634267655e-02, 3.3269626643569188e-02,
          -3.6225358759202617e-02, -2.6509306605350284e-02,
          1.1124514591143035e-01, -5.1908647442237797e-03,
          -3.3098407426032937e-04, -2.6094782869905086e-02,
          -1.4137406644700409e-02, -4.9055320822110155e-03,
          -1.0978021740530727e-01, -6.4247723326529255e-02,
          3.3050786632700968e-03, 9.0738173192807681e-03,
          -5.1908647442237797e-03, 7.9275711553459985e-02,
          3.6750000011195058e-03, 2.5549828044307805e-04,
          5.4120918954330861e-03, 4.0477774343580823e-03,
          -5.0268392981953989e-03, 6.2757131874316497e-03,
          1.9558997776246687e-03, 4.6814112814954926e-03,
          -3.3098407426032937e-04, 3.6750000011195076e-03,
          7.8916824625419685e-02, -6.5288994291923513e-04,
          4.2815787433368415e-04, -2.9703987008662587e-03,
          2.8359566854320831e-05, 3.2967350217399339e-03,
          1.2613247360665549e-02, -1.1390741461502372e-03,
          -2.6094782869905086e-02, 2.5549828044307843e-04,
          -6.5288994291923523e-04, 1.8407314375271000e-01,
          8.7708664133669522e-03, -2.2800814939847205e-03,
          6.8138271488241073e-02, 2.9616100338196387e-02,
          3.7112580884999503e-03, 5.7882960860429038e-03,
          -1.4137406644700411e-02, 5.4120918954330861e-03,
          4.2815787433368415e-04, 8.7708664133669522e-03,
          1.2945930296325993e-02, -6.5208426016245450e-05,
          1.5780152657197368e-02, 1.3555185551838942e-02,
          6.6882655434632819e-03, 6.9601063134459773e-03,
          -4.9055320822110173e-03, 4.0477774343580806e-03,
          -2.9703987008662595e-03, -2.2800814939847214e-03,
          -6.5208426016245599e-05, 1.9154135893907265e-01,
          2.1585009072304203e-02, 1.9910132526560331e-02,
          5.2014100860737392e-02, 3.9350448634267655e-02,
          -1.0978021740530727e-01, -5.0268392981953989e-03,
          2.8359566854321512e-05, 6.8138271488241073e-02,
          1.5780152657197365e-02, 2.1585009072304200e-02,
          2.9981922603751393e-01, 1.2969240680770466e-01,
          3.2673083550977068e-02, 3.3269626643569195e-02,
          -6.4247723326529255e-02, 6.2757131874316479e-03,
          3.2967350217399331e-03, 2.9616100338196387e-02,
          1.3555185551838942e-02, 1.9910132526560338e-02,
          1.2969240680770466e-01, 2.2698784087439475e-01 ]
   - !!opencv-matrix
      rows: 10
      cols: 10
      dt: d
      data: [ 2.4443912283334004e-02, 3.3974760248078693e-03,
          -7.5095106704784718e-03, 1.4173255947302738e-03,
          2.1570040042225266e-04, 3.6103230137092134e-04,
          1.7352811243260319e-03, 1.2425859551598618e-03,
          4.6222598977625580e-03, -9.5519076156699010e-04,
          3.3974760248078701e-03, 6.1972037768822878e-03,
          -4.2607692731789094e-03, 2.8155446411784078e-03,
          6.1388254487709326e-04, -6.1943690713177769e-04,
          2.4404774800560400e-03, 1.0799457484783565e-03,
          -2.0895508472679393e-03, 1.1488312375777026e-02,
          -7.5095106704784727e-03, -4.2607692731789102e-03,
          2.2194952004723521e-02, -3.1893441583935932e-03,
          -2.8666700746007097e-04, 5.7554339430870296e-04,
          -3.6834002362002550e-03, 2.6964695063862128e-04,
          -2.2991767885905453e-03, 1.7921270980532742e-03,
          1.4173255947302747e-03, 2.8155446411784078e-03,
          -3.1893441583935927e-03, 7.1943871870323903e-02,
          5.1187139015065495e-04, -6.0507550180901168e-03,
          1.1190649844991863e-03, 3.8563543074706082e-03,
          -6.3341872765682022e-03, 2.1170424083590128e-03,
          2.1570040042225241e-04, 6.1388254487709326e-04,
          -2.8666700746007119e-04, 5.1187139015065528e-04,
          5.5272779327124794e-02, 1.4735547902140701e-04,
          9.0368505094775019e-05, -3.9067909310762745e-03,
          -9.4468848566764039e-04, 9.8074095782012304e-04,
          3.6103230137092112e-04, -6.1943690713177802e-04,
          5.7554339430870285e-04, -6.0507550180901168e-03,
          1.4735547902140737e-04, 9.3862407863724906e-02,
          -4.3373755075828149e-04, -1.1207941551173776e-02,
          1.3142053399908362e-03, -4.8754816393750558e-04,
          1.7352811243260314e-03, 2.4404774800560400e-03,
          -3.6834002362002550e-03, 1.1190649844991869e-03,
          9.0368505094774978e-05, -4.3373755075828187e-04,
          4.9738314184288113e-03, -1.4813475462615243e-03,
          -6.8009237016969371e-04, -6.8364408260851483e-04,
          1.2425859551598636e-03, 1.0799457484783562e-03,
          2.6964695063862122e-04, 3.8563543074706056e-03,
          -3.9067909310762780e-03, -1.1207941551173772e-02,
          -1.4813475462615248e-03, 1.6993005676872666e-01,
          4.2377324922812480e-03, 1.9192114699331971e-03,
          4.6222598977625614e-03, -2.0895508472679397e-03,
          -2.2991767885905453e-03, -6.3341872765682022e-03,
          -9.4468848566764039e-04, 1.3142053399908362e-03,
          -6.8009237016969392e-04, 4.2377324922812471e-03,
          1.3687507257717826e-01, 7.3008754783959252e-04,
          -9.5519076156699010e-04, 1.1488312375777026e-02,
          1.7921270980532750e-03, 2.1170424083590119e-03,
          9.8074095782012174e-04, -4.8754816393750569e-04,
          -6.8364408260851483e-04, 1.9192114699331971e-03,
          7.3008754783959230e-04, 1.0928652095252014e-01 ]
   - !!opencv-matrix
      rows: 10
      cols: 10
      dt: d
