%YAML:1.0
---
groups:
   - intact
   - CD19
intactGmmnames:
   - "intact.2015-1388.0"
   - "intact.2015-1388.1"
   - "intact.2015-1388.2"
   - "intact.2015-1388.3"
   - "intact.2015-1388.4"
intactLabels:
   - FSC-A
   - SSC-A
   - SY41
   - CD19
   - CD10
   - CD20
   - CD45
   - CD34
   - CD38
   - CD58
intactMu: !!opencv-matrix
   rows: 5
   cols: 10
   dt: d
   data: [ 1.4590157927774010e+00, 7.3252429683759168e-01,
       3.5981525093990938e+00, 1.1646739161246500e+00,
       1.0285044605467530e+00, 1.0631957272018360e+00,
       3.8350074132107732e+00, 1.2049615852277835e+00,
       1.9947265558872580e+00, 1.3992361011186729e+00,
       1.2127274093530021e+00, 3.5963669146617638e-01,
       3.7810590335233547e+00, 1.0828331415079762e+00,
       1.0047987051358378e+00, 1.0798088391301892e+00,
       3.7043281684354263e+00, 1.1579522136660263e+00,
       1.5203004235007886e+00, 9.1671831878031684e-01,
       1.8826934655232430e+00, 1.5084146638673048e+00,
       3.7028919088210381e+00, 1.5551119647674843e+00,
       1.4513432088622675e+00, 1.5259704480530583e+00,
       3.2783359217208186e+00, 1.5911711326823821e+00,
       1.7774993814500082e+00, 1.6817140396173604e+00,
       1.1788909677572019e+00, 6.5483357443125845e-01,
       3.5317081597071436e+00, 1.1922990944760636e+00,
       1.4695118646870684e+00, 1.1163710570156808e+00,
       1.8445502990430984e+00, 1.3055003801233811e+00,
       1.4910049570288026e+00, 2.2357286506302496e+00,
       1.4518879193853060e+00, 5.1234967282476740e-01,
       3.6509309594189641e+00, 1.1145481164030120e+00,
       1.0309232203638410e+00, 1.0776820664365394e+00,
       3.8369480103386766e+00, 1.1669517615210394e+00,
       1.4425337885556353e+00, 1.3395432054630549e+00 ]
intactSigma:
   - !!opencv-matrix
      rows: 10
      cols: 10
      dt: d
      data: [ 7.6540348434250213e-02, 2.0334567918221646e-02,
          -1.6966130146218190e-02, 1.3673918650821707e-03,
          9.1325889906779516e-04, -4.3036231365191384e-03,
          1.0901879137308872e-02, 3.6278282921678598e-03,
          4.8211490626764331e-02, 3.7707933744322415e-02,
          2.0334567918221642e-02, 6.1911536262421053e-02,
          -6.1317668495323371e-03, 1.1422915333868605e-02,
          1.3299668301843936e-03, -4.9095072800469019e-03,
          3.7289904387112576e-03, 6.7698561502229828e-03,
          2.5497171398986752e-02, 3.4822178709290115e-02,
          -1.6966130146218190e-02, -6.1317668495323371e-03,
          8.5252284293069455e-02, -7.3949265371398628e-04,
          7.2487832736743522e-04, 3.8181727665037302e-03,
          -1.3114351851602092e-02, -2.3524764734524092e-04,
          -4.7686107763039567e-02, -3.6627356264913036e-02,
          1.3673918650821697e-03, 1.1422915333868607e-02,
          -7.3949265371398617e-04, 7.6477837238804081e-02,
          1.9505499856058443e-03, -5.4792136371532071e-03,
          -1.1289134770460284e-03, 3.3353169647366496e-03,
          -1.6176960721582352e-03, 2.4544234889702864e-03,
          9.1325889906779581e-04, 1.3299668301843947e-03,
          7.2487832736743544e-04, 1.9505499856058443e-03,
          7.7323324074941149e-02, 3.4853178944728696e-04,
          7.7821877921698457e-04, -3.0228886374492558e-03,
          3.5595429665604046e-04, 4.3661335127712060e-03,
          -4.3036231365191410e-03, -4.9095072800469002e-03,
          3.8181727665037302e-03, -5.4792136371532071e-03,
          3.4853178944728674e-04, 5.5458015618391934e-02,
          -6.0733816917193256e-04, -1.0109244904263522e-02,
          -2.8670824261038279e-02, -6.8519310230679732e-03,
          1.0901879137308872e-02, 3.7289904387112576e-03,
          -1.3114351851602094e-02, -1.1289134770460279e-03,
          7.7821877921698500e-04, -6.0733816917193256e-04,
          2.2430394241447056e-02, -1.0080167295807491e-03,
          4.9169278917572442e-03, 2.8844196311974390e-02,
          3.6278282921678581e-03, 6.7698561502229811e-03,
          -2.3524764734524070e-04, 3.3353169647366487e-03,
          -3.0228886374492558e-03, -1.0109244904263522e-02,
          -1.0080167295807491e-03, 1.8216597942653742e-01,
          1.0956699791240428e-02, 8.5478782366900010e-03,
          4.8211490626764331e-02, 2.5497171398986752e-02,
          -4.7686107763039567e-02, -1.6176960721582371e-03,
          3.5595429665603965e-04, -2.8670824261038268e-02,
          4.9169278917572459e-03, 1.0956699791240428e-02,
          2.7938975828026702e-01, 7.2350071280759917e-02,
          3.7707933744322408e-02, 3.4822178709290115e-02,
          -3.6627356264913036e-02, 2.4544234889702856e-03,
          4.3661335127712052e-03, -6.8519310230679732e-03,
          2.8844196311974386e-02, 8.5478782366900010e-03,
          7.2350071280759917e-02, 1.9060880029216981e-01 ]
   - !!opencv-matrix
      rows: 10
      cols: 10
      dt: d
      data: [ 3.9152011545615088e-02, 3.9357119836745495e-03,
          -7.3531599450916193e-03, 3.2867919044653237e-04,
          -6.3739102969230901e-05, -4.6347806117044449e-04,
          4.5207502520336305e-03, -2.0958801157611603e-03,
          1.2906282406482195e-03, -1.4030865823362368e-04,
          3.9357119836745495e-03, 6.9468880216729369e-03,
          -3.6421518276644161e-04, 1.1497067395155828e-03,
          8.0867829454196825e-04, -1.2206771853664623e-05,
          2.3215902447770637e-03, -2.0471002456998757e-05,
          -9.0847635897315412e-04, 1.8317398088198364e-02,
          -7.3531599450916193e-03, -3.6421518276644145e-04,
          1.6247786056982249e-02, -2.3641755815576246e-04,
          2.4090191758256276e-04, 1.1683219269338304e-05,
          -1.6172475053168266e-03, 8.6747711489404693e-04,
          -1.3294488744519171e-03, 1.4597089341060578e-03,
          3.2867919044653210e-04, 1.1497067395155828e-03,
          -2.3641755815576230e-04, 5.1451850443221030e-02,
          7.3929760488455952e-04, -2.1134725303287743e-03,
          -1.1142781280598377e-03, 3.2215522646723426e-03,
          -2.3357461590022394e-03, 4.0816953563880447e-03,
          -6.3739102969230765e-05, 8.0867829454196857e-04,
          2.4090191758256257e-04, 7.3929760488455985e-04,
          5.7611051798550444e-02, 4.3801217486891291e-04,
          1.0344227976164559e-04, -4.5095531893353403e-03,
          -3.0112783008536941e-04, 2.9269624217773396e-03,
          -4.6347806117044525e-04, -1.2206771853664602e-05,
          1.1683219269338334e-05, -2.1134725303287747e-03,
          4.3801217486891285e-04, 2.6519529745327338e-02,
          4.5936334206368108e-05, -7.7986588368095652e-03,
          -6.3565397846183256e-03, 1.2385273947073565e-04,
          4.5207502520336305e-03, 2.3215902447770637e-03,
          -1.6172475053168266e-03, -1.1142781280598381e-03,
          1.0344227976164571e-04, 4.5936334206368047e-05,
          7.6159230238425236e-03, -1.6151181141342901e-03,
          -2.3295140367332422e-04, 1.7671366846954604e-03,
          -2.0958801157611603e-03, -2.0471002456998910e-05,
          8.6747711489404660e-04, 3.2215522646723439e-03,
          -4.5095531893353386e-03, -7.7986588368095652e-03,
          -1.6151181141342899e-03, 1.2832814916379390e-01,
          2.9567547094859698e-03, 6.3594477783373757e-04,
          1.2906282406482188e-03, -9.0847635897315434e-04,
          -1.3294488744519171e-03, -2.3357461590022385e-03,
          -3.0112783008536909e-04, -6.3565397846183256e-03,
          -2.3295140367332419e-04, 2.9567547094859698e-03,
          1.8799208895352231e-02, -9.0732470371112782e-04,
          -1.4030865823362344e-04, 1.8317398088198364e-02,
          1.4597089341060574e-03, 4.0816953563880447e-03,
          2.9269624217773391e-03, 1.2385273947073560e-04,
          1.7671366846954604e-03, 6.3594477783373725e-04,
          -9.0732470371112804e-04, 1.4431641176519147e-01 ]
   - !!opencv-matrix
      rows: 10
      cols: 10
      dt: d
