%YAML:1.0
---
groups:
   - intact
   - CD19
   - blast
intactGmmnames:
   - "intact.2015-0071.0"
   - "intact.2015-0071.1"
   - "intact.2015-0071.2"
   - "intact.2015-0071.3"
   - "intact.2015-0071.4"
intactLabels:
   - FSC-A
   - SSC-A
   - SY41
   - CD19
   - CD10
   - CD20
   - CD45
   - CD34
   - CD38
   - CD58
intactMu: !!opencv-matrix
   rows: 5
   cols: 10
   dt: d
   data: [ 2.0552880632997050e+00, 7.1868799458647525e-01,
       1.8823711236503724e+00, 1.4487204872484933e+00,
       9.7805210856051050e-01, 9.1179205460018775e-01,
       3.4379943220765865e+00, 9.9352104427009635e-01,
       2.4050361318719733e+00, 1.6905351547100915e+00,
       3.3849472537395471e+00, 2.6114793479023493e+00,
       2.2755135226958045e+00, 1.9117850870617654e+00,
       2.0778120354072867e+00, 9.6195221732761449e-01,
       3.0257732127553330e+00, 1.1766447345706879e+00,
       1.7911625378081795e+00, 2.2254421517018965e+00,
       1.6851742489695003e+00, 8.0878402124787674e-01,
       1.7557998139269475e+00, 1.3452658719060764e+00,
       1.0356007471837008e+00, 9.6213619980438703e-01,
       1.0838517284849878e+00, 1.1416864145405066e+00,
       1.0788649922683988e+00, 1.8794822152600317e+00,
       1.8696300689368206e+00, 3.7672264172568315e-01,
       1.8915551353532223e+00, 1.2530537815181209e+00,
       9.4355272230264320e-01, 9.1821602645110012e-01,
       3.4121389137287812e+00, 9.9599513304751319e-01,
       2.0381090713488219e+00, 1.1100044610295681e+00,
       2.0167992855754298e+00, 1.5460926087745528e+00,
       2.0024542481099474e+00, 1.9503515216140355e+00,
       1.2532966946390554e+00, 1.7309955290545687e+00,
       3.0905251945167840e+00, 1.1661540605579883e+00,
       1.9676718917297524e+00, 1.7497523873613741e+00 ]
intactSigma:
   - !!opencv-matrix
      rows: 10
      cols: 10
      dt: d
      data: [ 1.5918595218617668e-01, 1.7700025701415543e-03,
          -3.0078894022390779e-02, 5.0874645357035946e-04,
          3.5545180736340767e-03, -5.6195539156471972e-03,
          -6.5191529352252725e-03, 3.0099953849182823e-03,
          1.0000541092952751e-02, 2.1174433920951977e-02,
          1.7700025701415543e-03, 1.2036583737673170e-01,
          5.2410695809519776e-03, 4.6310058037103551e-02,
          6.5384953630697584e-03, -3.8901880293028537e-03,
          4.2500983761562961e-03, 3.7515651510949561e-03,
          -3.6397637045039233e-02, 1.9021518081480077e-02,
          -3.0078894022390782e-02, 5.2410695809519759e-03,
          1.4932247091319595e-01, 1.2896529363064342e-03,
          3.2245298249677476e-03, 6.5705505710157699e-03,
          -5.0397003407919938e-03, 5.3743670610316117e-03,
          -3.8557741733602720e-02, -9.6078836227482985e-03,
          5.0874645357036055e-04, 4.6310058037103537e-02,
          1.2896529363064350e-03, 1.1883403322339176e-01,
          6.4874825364300568e-03, -1.3241282640573932e-02,
          5.5934396603176924e-03, 4.4980265833101706e-03,
          -1.5806675422394348e-02, 1.6384081717510202e-02,
          3.5545180736340750e-03, 6.5384953630697566e-03,
          3.2245298249677485e-03, 6.4874825364300568e-03,
          7.9169211281242949e-02, 2.9149393195307627e-04,
          1.1880619227617843e-03, 5.0291766434624107e-04,
          -1.0059179087270433e-03, 1.5568622690989589e-02,
          -5.6195539156471954e-03, -3.8901880293028554e-03,
          6.5705505710157716e-03, -1.3241282640573932e-02,
          2.9149393195307654e-04, 9.3027936679441120e-02,
          -9.2775417217703222e-04, -8.9897851150079824e-03,
          -2.4119203886337252e-02, -3.8882906740089021e-03,
          -6.5191529352252725e-03, 4.2500983761562944e-03,
          -5.0397003407919938e-03, 5.5934396603176898e-03,
          1.1880619227617843e-03, -9.2775417217703222e-04,
          1.5676926740183641e-02, -4.5223462031835420e-03,
          1.2758419393003980e-02, 1.4069181101772613e-02,
          3.0099953849182823e-03, 3.7515651510949561e-03,
          5.3743670610316117e-03, 4.4980265833101723e-03,
          5.0291766434624097e-04, -8.9897851150079859e-03,
          -4.5223462031835420e-03, 1.1435882411321413e-01,
          -1.6079575297374898e-02, -1.4321051237487050e-03,
          1.0000541092952753e-02, -3.6397637045039233e-02,
          -3.8557741733602727e-02, -1.5806675422394351e-02,
          -1.0059179087270416e-03, -2.4119203886337252e-02,
          1.2758419393003984e-02, -1.6079575297374898e-02,
          1.8563902656078560e-01, 3.6804223521079517e-02,
          2.1174433920951977e-02, 1.9021518081480077e-02,
          -9.6078836227482933e-03, 1.6384081717510202e-02,
          1.5568622690989589e-02, -3.8882906740089021e-03,
          1.4069181101772611e-02, -1.4321051237487061e-03,
          3.6804223521079517e-02, 1.4446288660464718e-01 ]
   - !!opencv-matrix
      rows: 10
      cols: 10
      dt: d
      data: [ 3.4895404812061620e-01, 1.3098267637852181e-02,
          7.7275700790015644e-03, 5.3783106645918950e-04,
          -2.3334025107699517e-02, -5.1314023824412082e-03,
          -2.8080541536558142e-02, -4.9378212274652231e-03,
          1.2560298326118281e-02, 2.1487992040276876e-02,
          1.3098267637852181e-02, 4.6504716269058660e-01,
          2.8386963572013962e-02, 8.9680237612778713e-02,
          -5.4195218033885459e-04, 1.0096168281062557e-03,
          -2.1792798947044500e-03, 7.4854933492942179e-03,
          1.4580781892462177e-03, 3.8585348024406427e-02,
          7.7275700790015583e-03, 2.8386963572013962e-02,
          1.1315918700141850e-01, 4.0083348302291369e-03,
          1.1345932722944195e-02, 7.6594819305634274e-04,
          -1.3001762580833437e-02, -1.4089351616052538e-03,
          -1.1983425191231049e-02, 1.4770509905259245e-04,
          5.3783106645918929e-04, 8.9680237612778713e-02,
          4.0083348302291369e-03, 4.8014922093867561e-02,
          8.7075361598013424e-03, -3.0861743065243551e-03,
          5.5185019574502539e-03, 4.4879716055709401e-03,
          -3.3375507378485335e-03, 8.7339986999393632e-03,
          -2.3334025107699517e-02, -5.4195218033885112e-04,
          1.1345932722944195e-02, 8.7075361598013424e-03,
          2.3551242158555200e-01, 5.9675090018939964e-03,
          6.3566282970110993e-02, 8.3015580855168858e-03,
          1.4730547824964628e-02, 1.2537185423083677e-02,
          -5.1314023824412100e-03, 1.0096168281062570e-03,
          7.6594819305634274e-04, -3.0861743065243551e-03,
          5.9675090018939947e-03, 6.4541230702114191e-02,
          3.3922989465812172e-03, -7.6609654412817356e-03,
          -1.9267386663879824e-02, 4.4149729835132520e-04,
          -2.8080541536558142e-02, -2.1792798947044500e-03,
          -1.3001762580833437e-02, 5.5185019574502539e-03,
          6.3566282970110993e-02, 3.3922989465812194e-03,
          5.3498672553997317e-02, 6.3346780191163047e-03,
          1.6483325673438361e-02, 3.6373980769345070e-03,
          -4.9378212274652231e-03, 7.4854933492942179e-03,
          -1.4089351616052540e-03, 4.4879716055709392e-03,
          8.3015580855168875e-03, -7.6609654412817382e-03,
          6.3346780191163030e-03, 9.0668071192837110e-02,
          2.0600133678498555e-03, 6.7750089354785717e-04,
          1.2560298326118284e-02, 1.4580781892462162e-03,
          -1.1983425191231049e-02, -3.3375507378485335e-03,
          1.4730547824964631e-02, -1.9267386663879827e-02,
          1.6483325673438357e-02, 2.0600133678498546e-03,
          9.9552190481166231e-02, 2.3509496120683718e-02,
          2.1487992040276880e-02, 3.8585348024406427e-02,
          1.4770509905259220e-04, 8.7339986999393649e-03,
          1.2537185423083680e-02, 4.4149729835132482e-04,
          3.6373980769345078e-03, 6.7750089354785684e-04,
          2.3509496120683718e-02, 5.1896399301399991e-02 ]
   - !!opencv-matrix
      rows: 10
      cols: 10
      dt: d
