%YAML:1.0
---
groups:
   - intact
   - CD19
   - blast
intactGmmnames:
   - "intact.2015-3633.0"
   - "intact.2015-3633.1"
   - "intact.2015-3633.2"
   - "intact.2015-3633.3"
   - "intact.2015-3633.4"
intactLabels:
   - FSC-A
   - SSC-A
   - SY41
   - CD19
   - CD10
   - CD20
   - CD45
   - CD34
   - CD38
   - CD58
intactMu: !!opencv-matrix
   rows: 5
   cols: 10
   dt: d
   data: [ 1.4934107379563868e+00, 5.0701684553661253e-01,
       3.8685936235752267e+00, 1.4169306762372043e+00,
       1.5390601347449333e+00, 9.6959195280013211e-01,
       4.0351073450143931e+00, 2.4329090528520423e+00,
       1.9606959439982714e+00, 1.4109274945757373e+00,
       1.8982060741828695e+00, 7.8914147296907633e-01,
       3.2953845998543883e+00, 1.3107157533598226e+00,
       1.3462967405535966e+00, 1.4235403948812471e+00,
       2.3854324686142245e+00, 2.0815468534425645e+00,
       1.3375979132996880e+00, 2.0703170548374574e+00,
       1.4482258776414196e+00, 3.4324003553454047e-01,
       4.0991912485417190e+00, 1.3354503591195028e+00,
       1.4525125162016344e+00, 9.8475602520109107e-01,
       3.9691768388380972e+00, 1.9753830801016583e+00,
       1.9065685465698818e+00, 1.0210014462928536e+00,
       1.1851699595126368e+00, 3.2631261356273034e-01,
       4.1964042840701143e+00, 1.3337254400677820e+00,
       1.4222792735057801e+00, 9.6804504124020463e-01,
       3.9583678579740194e+00, 2.3098305187138588e+00,
       2.0350729523307827e+00, 1.0450715772390469e+00,
       2.3283988326050973e+00, 1.7336761268248611e+00,
       4.0966743330987629e+00, 1.6053110874892536e+00,
       1.6560685128089534e+00, 1.2255924245477781e+00,
       3.5984842805866553e+00, 2.2004031679369453e+00,
       1.9357279189281942e+00, 1.7476256781183503e+00 ]
intactSigma:
   - !!opencv-matrix
      rows: 10
      cols: 10
      dt: d
      data: [ 7.7662371151670864e-02, 4.8867175837980252e-03,
          -1.5224656779282043e-02, 7.2330259662328931e-05,
          2.1960791694852467e-03, 4.9924016104593513e-04,
          -2.0251238710420416e-03, 1.2459229592118681e-03,
          2.4086311976676898e-02, 4.9850733470076132e-03,
          4.8867175837980260e-03, 1.9930950466965504e-02,
          -5.2178853721872405e-03, 4.5708052188573592e-03,
          8.1496525893743465e-03, -3.0499030028749373e-03,
          4.2838713055285979e-03, 7.6660439357941219e-03,
          3.1768052595861053e-02, 3.8772275511325303e-02,
          -1.5224656779282041e-02, -5.2178853721872405e-03,
          6.6255414507185667e-02, -3.9474417416060685e-03,
          -1.7468613878336713e-02, 7.0706157371335275e-03,
          -7.8715585139533233e-03, -8.7713989878927517e-03,
          -3.6928467282607819e-02, -1.6862385458470162e-02,
          7.2330259662328769e-05, 4.5708052188573583e-03,
          -3.9474417416060677e-03, 5.6413106196016791e-02,
          3.8758356587766307e-03, -6.3205262968382232e-03,
          3.1440414627290163e-03, 6.1070198923066652e-03,
          -5.5463887188936401e-03, 7.8561881869615748e-03,
          2.1960791694852462e-03, 8.1496525893743448e-03,
          -1.7468613878336713e-02, 3.8758356587766285e-03,
          2.9144791164452521e-01, -4.6582055379341776e-03,
          4.3878701771193343e-03, 1.0019982012105882e-02,
          4.3670694675340092e-02, 2.1173110499750895e-02,
          4.9924016104593459e-04, -3.0499030028749365e-03,
          7.0706157371335275e-03, -6.3205262968382232e-03,
          -4.6582055379341810e-03, 7.9014050202715388e-02,
          -2.3973219688680713e-03, -8.9241680598101548e-03,
          -4.3898149739834476e-02, -5.8718979500725693e-03,
          -2.0251238710420416e-03, 4.2838713055285971e-03,
          -7.8715585139533233e-03, 3.1440414627290163e-03,
          4.3878701771193325e-03, -2.3973219688680713e-03,
          8.8042991684507757e-03, 7.4532680428674300e-03,
          1.6794158049738995e-03, 7.9573104099088660e-03,
          1.2459229592118677e-03, 7.6660439357941219e-03,
          -8.7713989878927517e-03, 6.1070198923066678e-03,
          1.0019982012105886e-02, -8.9241680598101582e-03,
          7.4532680428674300e-03, 4.0657562757327771e-02,
          3.3167232954234960e-02, 1.5434360128126207e-02,
          2.4086311976676898e-02, 3.1768052595861053e-02,
          -3.6928467282607819e-02, -5.5463887188936384e-03,
          4.3670694675340092e-02, -4.3898149739834483e-02,
          1.6794158049738999e-03, 3.3167232954234967e-02,
          4.4510417346175962e-01, 5.6360531221847712e-02,
          4.9850733470076123e-03, 3.8772275511325310e-02,
          -1.6862385458470155e-02, 7.8561881869615713e-03,
          2.1173110499750895e-02, -5.8718979500725693e-03,
          7.9573104099088660e-03, 1.5434360128126207e-02,
          5.6360531221847712e-02, 1.8269747095193190e-01 ]
   - !!opencv-matrix
      rows: 10
      cols: 10
      dt: d
      data: [ 6.8884671358692351e-01, 1.8292005275892667e-01,
          -1.0076884936411366e-01, 4.0474825801365175e-02,
          -7.1436906204335373e-03, 1.5413951692488859e-01,
          2.3050148866280848e-01, 2.9236831233583166e-01,
          4.3758461206746868e-02, 2.2418643368224928e-02,
          1.8292005275892659e-01, 1.6614538680855154e-01,
          -7.5119699584840190e-03, 3.8899667445246790e-02,
          5.4450685471866163e-03, 5.4318644847409503e-02,
          1.2475910217369666e-01, 1.4246702358664903e-01,
          3.1516884792248179e-02, 4.6799530171208886e-02,
          -1.0076884936411368e-01, -7.5119699584840190e-03,
          1.8485559230402210e-01, -2.9043921321709968e-03,
          1.7749912742885982e-02, -4.9198118708973282e-02,
          -6.9048294386643422e-02, -1.0426561146103905e-01,
          1.4339275166488212e-02, 6.2851742360407498e-02,
          4.0474825801365168e-02, 3.8899667445246790e-02,
          -2.9043921321709972e-03, 2.5779303699835856e-02,
          4.3615820978971905e-03, 7.9023158522867568e-03,
          2.1630602243156043e-02, 3.0056985189241447e-02,
          3.3756173448704842e-03, 7.3478870923635552e-03,
          -7.1436906204335390e-03, 5.4450685471866180e-03,
          1.7749912742885982e-02, 4.3615820978971905e-03,
          3.7796261911634425e-02, -6.1222997072623488e-03,
          -1.9093566116758890e-02, -1.3703381164542240e-02,
          2.2836523996269107e-03, 8.1015364928953559e-03,
          1.5413951692488856e-01, 5.4318644847409510e-02,
          -4.9198118708973282e-02, 7.9023158522867551e-03,
          -6.1222997072623445e-03, 1.1870538087250769e-01,
          1.0400856272847152e-01, 1.3052188107863785e-01,
          3.2024802548472706e-03, 4.9685003930243204e-03,
          2.3050148866280848e-01, 1.2475910217369666e-01,
          -6.9048294386643422e-02, 2.1630602243156043e-02,
          -1.9093566116758890e-02, 1.0400856272847152e-01,
          3.5848637397788291e-01, 2.9856588521150285e-01,
          6.5208293634513845e-02, 6.2516177647116380e-02,
          2.9236831233583166e-01, 1.4246702358664906e-01,
          -1.0426561146103905e-01, 3.0056985189241454e-02,
          -1.3703381164542240e-02, 1.3052188107863785e-01,
          2.9856588521150285e-01, 4.3224045301683478e-01,
          5.7787064903733712e-02, 2.9983153377273659e-02,
          4.3758461206746868e-02, 3.1516884792248172e-02,
          1.4339275166488212e-02, 3.3756173448704842e-03,
          2.2836523996269107e-03, 3.2024802548472706e-03,
          6.5208293634513845e-02, 5.7787064903733719e-02,
          5.8143123338372876e-02, 3.6317559834082330e-02,
          2.2418643368224921e-02, 4.6799530171208900e-02,
          6.2851742360407498e-02, 7.3478870923635552e-03,
          8.1015364928953559e-03, 4.9685003930243204e-03,
          6.2516177647116380e-02, 2.9983153377273659e-02,
          3.6317559834082337e-02, 1.4073391802227195e-01 ]
   - !!opencv-matrix
      rows: 10
      cols: 10
      dt: d
