%YAML:1.0
---
groups:
   - intact
   - CD19
   - blast
intactGmmnames:
   - "intact.2015-2771.0"
   - "intact.2015-2771.1"
   - "intact.2015-2771.2"
   - "intact.2015-2771.3"
   - "intact.2015-2771.4"
intactLabels:
   - FSC-A
   - SSC-A
   - SY41
   - CD19
   - CD10
   - CD20
   - CD45
   - CD34
   - CD38
   - CD58
intactMu: !!opencv-matrix
   rows: 5
   cols: 10
   dt: d
   data: [ 1.2872620216053960e+00, 4.7319931801494863e-01,
       3.1299698829672553e+00, 1.3908013055213382e+00,
       1.2038461322815499e+00, 1.0666198201543939e+00,
       3.8564568815250384e+00, 1.2920373966666896e+00,
       1.7167843722028506e+00, 1.3260191820592655e+00,
       2.2688082308285402e+00, 3.3530722403047406e+00,
       3.2301753216119549e+00, 1.8486699758367240e+00,
       2.1992700843564594e+00, 1.1585772269734365e+00,
       3.1031968570813562e+00, 1.4871644336115162e+00,
       1.4492205303232650e+00, 1.9094452506968396e+00,
       1.1384266644657410e+00, 5.9448051830072146e-01,
       3.2639508559288957e+00, 1.2466925280630230e+00,
       1.2456443746447343e+00, 1.0993745238238171e+00,
       1.7074643821297011e+00, 1.2822305859986451e+00,
       1.3976540976522840e+00, 2.2102422683883076e+00,
       2.0904683100277994e+00, 1.4660073065544870e+00,
       3.2592263244103354e+00, 1.7039571930409030e+00,
       1.7648401591205598e+00, 1.4071938936132145e+00,
       3.3650001790965729e+00, 1.9695491361322803e+00,
       2.0315591263804214e+00, 1.9974773902348220e+00,
       8.3450232615234199e-01, 3.3278576098370416e-01,
       3.3635053894268880e+00, 1.3379713875179016e+00,
       1.1809248032240647e+00, 1.0615088635682612e+00,
       3.8126006193011630e+00, 1.2710894835939359e+00,
       1.6873901864458394e+00, 1.1666464481476568e+00 ]
intactSigma:
   - !!opencv-matrix
      rows: 10
      cols: 10
      dt: d
      data: [ 1.3008247391246919e-01, 1.2965029613866632e-02,
          -1.6734762743052300e-02, 9.6879440701118022e-03,
          -1.3939310895655457e-03, -2.9919910758253003e-03,
          1.5757115079867406e-02, 1.0566394028187821e-03,
          1.1126057151422078e-02, 3.0015045925802373e-02,
          1.2965029613866631e-02, 3.3724121468101720e-02,
          5.7271011225795820e-03, 1.3781617665552765e-02,
          7.6580061113441971e-03, 2.6180543086613728e-03,
          1.0234301380979752e-02, 8.2565135313788507e-03,
          1.0132098009615858e-02, 5.6012115492621230e-02,
          -1.6734762743052300e-02, 5.7271011225795811e-03,
          3.5670654596628305e-02, 2.9137756571269123e-03,
          5.4647932308468147e-03, 5.8696743501433363e-03,
          -1.9049104970852401e-03, 9.4237481161332567e-03,
          -6.4317618758801395e-03, 6.8138335477902750e-03,
          9.6879440701118057e-03, 1.3781617665552765e-02,
          2.9137756571269127e-03, 7.1257414536025132e-02,
          6.3768585665145679e-03, -4.1023438844117197e-03,
          6.5826547926353283e-03, 7.9709226973320221e-03,
          -1.4863264787265118e-03, 2.2974510658129776e-02,
          -1.3939310895655444e-03, 7.6580061113441953e-03,
          5.4647932308468129e-03, 6.3768585665145679e-03,
          1.0084908633760797e-01, 3.1982456892605954e-03,
          1.5596535074775544e-03, 4.2105183426210547e-03,
          5.8966177479782321e-03, 1.9251079763617163e-02,
          -2.9919910758252994e-03, 2.6180543086613737e-03,
          5.8696743501433380e-03, -4.1023438844117197e-03,
          3.1982456892605962e-03, 6.5660117498946527e-02,
          -6.3439846709779013e-04, -6.4112126558335345e-03,
          -3.0111140712973737e-02, 4.0375863449453285e-03,
          1.5757115079867406e-02, 1.0234301380979752e-02,
          -1.9049104970852396e-03, 6.5826547926353274e-03,
          1.5596535074775542e-03, -6.3439846709779034e-04,
          1.3805882311417732e-02, -1.4907609413074838e-03,
          4.7802309247801603e-03, 1.6230781906293668e-02,
          1.0566394028187821e-03, 8.2565135313788507e-03,
          9.4237481161332601e-03, 7.9709226973320221e-03,
          4.2105183426210556e-03, -6.4112126558335328e-03,
          -1.4907609413074847e-03, 2.0917945475276117e-01,
          4.9682201719095688e-03, 1.5105253136789796e-02,
          1.1126057151422081e-02, 1.0132098009615858e-02,
          -6.4317618758801360e-03, -1.4863264787265123e-03,
          5.8966177479782313e-03, -3.0111140712973737e-02,
          4.7802309247801603e-03, 4.9682201719095653e-03,
          2.2959613880497265e-01, 2.0065255701697877e-02,
          3.0015045925802366e-02, 5.6012115492621237e-02,
          6.8138335477902759e-03, 2.2974510658129776e-02,
          1.9251079763617167e-02, 4.0375863449453285e-03,
          1.6230781906293668e-02, 1.5105253136789789e-02,
          2.0065255701697877e-02, 2.0999703388668428e-01 ]
   - !!opencv-matrix
      rows: 10
      cols: 10
      dt: d
      data: [ 6.3753535229250757e-01, 2.0971399039814817e-01,
          -7.1933351414926572e-02, 3.0533618747217075e-02,
          -1.9730614091024939e-01, -3.3355611565138842e-03,
          6.9984357132187147e-02, -1.2227137551773603e-02,
          1.1900093835126604e-01, 4.0970584380954557e-02,
          2.0971399039814814e-01, 4.7337593972033443e-01,
          -3.1955905396591114e-02, 7.5921218937539350e-02,
          7.4037939098636471e-02, 5.1544201092986646e-03,
          1.0228841397921459e-01, 2.0591720964685884e-02,
          3.5460776404358046e-02, 8.0645284945498497e-02,
          -7.1933351414926572e-02, -3.1955905396591114e-02,
          1.0511766851977380e-01, -9.7760474416375750e-04,
          1.1872983171081047e-02, 6.2507243249634026e-03,
          -1.9347228948786644e-02, 1.4729677388670729e-02,
          -8.9791892178708067e-03, 8.7420328158834058e-04,
          3.0533618747217075e-02, 7.5921218937539350e-02,
          -9.7760474416375728e-04, 3.9669300479650629e-02,
          2.7574806554020941e-02, -1.7113669140160473e-04,
          2.3905661114148664e-02, 9.3929122017451325e-03,
          -1.1256107733434752e-03, 1.5662981011555877e-02,
          -1.9730614091024939e-01, 7.4037939098636471e-02,
          1.1872983171081044e-02, 2.7574806554020941e-02,
          5.0234924630052324e-01, 8.7250397751894599e-03,
          1.5294543619601622e-01, 4.5910874355735917e-02,
          -4.4924003792688634e-02, 5.7584981011483467e-02,
          -3.3355611565138838e-03, 5.1544201092986663e-03,
          6.2507243249634008e-03, -1.7113669140160430e-04,
          8.7250397751894634e-03, 6.1595723029191855e-02,
          -2.5732230208242086e-03, 1.9180037939252191e-03,
          -2.2852242665131677e-02, 2.4040816426309721e-03,
          6.9984357132187133e-02, 1.0228841397921462e-01,
          -1.9347228948786641e-02, 2.3905661114148668e-02,
          1.5294543619601617e-01, -2.5732230208242090e-03,
          2.0440269550212314e-01, 1.3103145230930414e-02,
          5.8377006930689423e-02, 7.1316015529830329e-02,
          -1.2227137551773596e-02, 2.0591720964685884e-02,
          1.4729677388670729e-02, 9.3929122017451343e-03,
          4.5910874355735917e-02, 1.9180037939252206e-03,
          1.3103145230930414e-02, 1.4963718810637719e-01,
          2.1278789226220817e-03, 1.5668147321165893e-02,
          1.1900093835126604e-01, 3.5460776404358033e-02,
          -8.9791892178708067e-03, -1.1256107733434750e-03,
          -4.4924003792688648e-02, -2.2852242665131670e-02,
          5.8377006930689423e-02, 2.1278789226220813e-03,
          1.5269206343693273e-01, 3.7492106951544521e-02,
          4.0970584380954557e-02, 8.0645284945498497e-02,
          8.7420328158834026e-04, 1.5662981011555874e-02,
          5.7584981011483467e-02, 2.4040816426309725e-03,
          7.1316015529830329e-02, 1.5668147321165893e-02,
          3.7492106951544521e-02, 9.1937729339999788e-02 ]
   - !!opencv-matrix
      rows: 10
      cols: 10
      dt: d
