%YAML:1.0
---
groups:
   - intact
   - CD19
   - blast
intactGmmnames:
   - "intact.2015-1649.0"
   - "intact.2015-1649.1"
   - "intact.2015-1649.2"
   - "intact.2015-1649.3"
   - "intact.2015-1649.4"
intactLabels:
   - FSC-A
   - SSC-A
   - SY41
   - CD19
   - CD10
   - CD20
   - CD45
   - CD34
   - CD38
   - CD58
intactMu: !!opencv-matrix
   rows: 5
   cols: 10
   dt: d
   data: [ 1.2581877595543125e+00, 3.3729859312245453e-01,
       2.1729548020547278e+00, 1.3216822447915502e+00,
       1.3464718163885241e+00, 9.8876897892113391e-01,
       3.7223019427884920e+00, 1.1930006517993432e+00,
       1.7202476566020093e+00, 7.2173817793358463e-01,
       2.6470484569935566e+00, 3.6616298869734263e+00,
       2.3967816947103082e+00, 1.9839288358352949e+00,
       2.2250534290664143e+00, 1.0829886673356111e+00,
       3.0431803496738472e+00, 1.3749806083330023e+00,
       1.4630431280144158e+00, 2.1551645368958465e+00,
       9.8783440933547328e-01, 4.6952121811057279e-01,
       2.5047313899725010e+00, 1.2096272136591497e+00,
       1.3527842938175354e+00, 1.0469391578613678e+00,
       1.5923351343465730e+00, 1.2018702257471379e+00,
       1.3344607307061316e+00, 2.2558565701090938e+00,
       2.6305929931290453e+00, 1.5528113260619858e+00,
       2.3905429590483531e+00, 1.6726664264484130e+00,
       1.4395456346647701e+00, 1.2198367976993452e+00,
       2.6470440887480500e+00, 1.4064634976342569e+00,
       1.6557463646510402e+00, 1.6105836551767332e+00,
       1.3232549738937625e+00, 5.4653716976796007e-01,
       2.1094186636566405e+00, 1.4080324057869116e+00,
       1.4363085306324077e+00, 9.8952618189028974e-01,
       3.7899837001314238e+00, 1.2362415935331099e+00,
       1.8814746460024658e+00, 1.1835271238143712e+00 ]
intactSigma:
   - !!opencv-matrix
      rows: 10
      cols: 10
      dt: d
      data: [ 1.0736319261171062e-01, 9.0653820744658123e-03,
          -1.8864098172406481e-02, 6.8090030170132529e-03,
          4.4665697986403267e-03, -1.2320857927911749e-03,
          8.7714497178606396e-03, -8.5254741192096646e-04,
          5.4942719320366065e-04, -3.2353309602482994e-04,
          9.0653820744658123e-03, 7.0255155723883533e-03,
          -4.7622276671845576e-03, 3.4393509405275385e-03,
          2.7487264394494468e-03, -3.6167966691168398e-04,
          3.9808712467898633e-03, 3.5818716755602487e-04,
          -3.1313717836819808e-03, 4.5631586515188375e-03,
          -1.8864098172406477e-02, -4.7622276671845576e-03,
          2.5895913485641690e-02, -2.1171542036834017e-03,
          -5.4984130238264965e-04, 1.5495566402364644e-03,
          -3.5862590584700314e-03, 1.2793321103054140e-04,
          -2.9651966677914188e-03, 3.7404677014710747e-03,
          6.8090030170132546e-03, 3.4393509405275390e-03,
          -2.1171542036834013e-03, 6.1220883973419585e-02,
          5.8683514888957415e-03, -3.7132264133452287e-03,
          2.0308833512695476e-03, 3.5643721026045448e-03,
          -6.0721089320180700e-03, 1.6695252310813110e-03,
          4.4665697986403232e-03, 2.7487264394494468e-03,
          -5.4984130238264933e-04, 5.8683514888957407e-03,
          2.0435356579781463e-01, 6.3453406512507685e-04,
          1.9086186701518799e-03, -4.6698083516571679e-03,
          -1.4920796885573241e-03, 2.3426670233695473e-03,
          -1.2320857927911745e-03, -3.6167966691168371e-04,
          1.5495566402364644e-03, -3.7132264133452274e-03,
          6.3453406512507641e-04, 7.3791624504776374e-02,
          -4.8689277783130864e-04, -1.1584009612004844e-02,
          -2.0693117244568661e-02, 6.5743637106370836e-04,
          8.7714497178606396e-03, 3.9808712467898633e-03,
          -3.5862590584700310e-03, 2.0308833512695480e-03,
          1.9086186701518808e-03, -4.8689277783130880e-04,
          8.0763966464268908e-03, -1.7717372084593752e-03,
          5.7937313665275356e-04, -1.1866012033405037e-03,
          -8.5254741192096592e-04, 3.5818716755602552e-04,
          1.2793321103054129e-04, 3.5643721026045448e-03,
          -4.6698083516571670e-03, -1.1584009612004842e-02,
          -1.7717372084593765e-03, 1.7827894963507973e-01,
          2.2963799882618533e-03, 7.6599420024614907e-04,
          5.4942719320366055e-04, -3.1313717836819813e-03,
          -2.9651966677914188e-03, -6.0721089320180726e-03,
          -1.4920796885573232e-03, -2.0693117244568664e-02,
          5.7937313665275335e-04, 2.2963799882618542e-03,
          9.5228124570250899e-02, -7.8988047628077221e-03,
          -3.2353309602482967e-04, 4.5631586515188375e-03,
          3.7404677014710747e-03, 1.6695252310813099e-03,
          2.3426670233695473e-03, 6.5743637106370934e-04,
          -1.1866012033405035e-03, 7.6599420024614864e-04,
          -7.8988047628077221e-03, 5.1176707692680679e-02 ]
   - !!opencv-matrix
      rows: 10
      cols: 10
      dt: d
      data: [ 3.3281600932457756e-01, 2.2018606975830760e-02,
          -1.1682342493202573e-03, 5.5994761211589333e-02,
          -1.2257928729471552e-02, 2.6887579055879123e-02,
          -1.5917885361697918e-02, 4.1062218896597960e-02,
          4.5682591279465994e-02, -1.8470060134156471e-02,
          2.2018606975830760e-02, 3.4144102439346630e-01,
          8.1700323454566015e-03, -7.7639143667130692e-02,
          -8.8238194407670265e-02, -6.5591002295082440e-02,
          -3.9481827005660355e-03, -1.0687386567632126e-01,
          -1.0719738117902647e-01, 3.8398106601851160e-02,
          -1.1682342493202569e-03, 8.1700323454565998e-03,
          2.4516096347247898e-02, -8.6462406245801076e-03,
          -1.3974967456601943e-02, -5.1270367404818501e-03,
          -8.4987702787026782e-03, -8.8230783787037938e-03,
          -9.7864318607264085e-03, 1.2805489996253222e-03,
          5.5994761211589320e-02, -7.7639143667130706e-02,
          -8.6462406245801041e-03, 1.3061273742052826e-01,
          1.0350631847543862e-01, 6.2818766458607761e-02,
          1.2178520136272639e-02, 1.0548023019444358e-01,
          9.8833137469639801e-02, -2.3878182280812420e-02,
          -1.2257928729471549e-02, -8.8238194407670265e-02,
          -1.3974967456601943e-02, 1.0350631847543862e-01,
          3.2496336318482072e-01, 6.0119381121220686e-02,
          4.1448885501302789e-02, 9.8093240155491035e-02,
          9.5618909774972227e-02, -1.1432963759207056e-02,
          2.6887579055879123e-02, -6.5591002295082426e-02,
          -5.1270367404818501e-03, 6.2818766458607775e-02,
          6.0119381121220686e-02, 1.1156104707073800e-01,
          7.3438628441341433e-03, 5.8369550664985753e-02,
          5.1660042584271135e-02, -1.4538285007384365e-02,
          -1.5917885361697914e-02, -3.9481827005660355e-03,
          -8.4987702787026765e-03, 1.2178520136272642e-02,
          4.1448885501302789e-02, 7.3438628441341433e-03,
          3.9089553734727139e-02, 9.0717823272776985e-03,
          1.0724758111067038e-02, 6.4210557796054514e-05,
          4.1062218896597946e-02, -1.0687386567632128e-01,
          -8.8230783787037921e-03, 1.0548023019444358e-01,
          9.8093240155491035e-02, 5.8369550664985753e-02,
          9.0717823272777002e-03, 2.1561019370896523e-01,
          1.0205528475923895e-01, -2.2223066801822688e-02,
          4.5682591279465994e-02, -1.0719738117902647e-01,
          -9.7864318607264120e-03, 9.8833137469639801e-02,
          9.5618909774972227e-02, 5.1660042584271135e-02,
          1.0724758111067038e-02, 1.0205528475923895e-01,
          1.2592617508026016e-01, -2.5025695086414005e-02,
          -1.8470060134156471e-02, 3.8398106601851160e-02,
          1.2805489996253222e-03, -2.3878182280812413e-02,
          -1.1432963759207056e-02, -1.4538285007384364e-02,
          6.4210557796054405e-05, -2.2223066801822688e-02,
          -2.5025695086414005e-02, 2.7574760659144562e-02 ]
   - !!opencv-matrix
      rows: 10
