%YAML:1.0
---
groups:
   - intact
   - CD19
   - blast
intactGmmnames:
   - "intact.2015-4780.0"
   - "intact.2015-4780.1"
   - "intact.2015-4780.2"
   - "intact.2015-4780.3"
   - "intact.2015-4780.4"
intactLabels:
   - FSC-A
   - SSC-A
   - SY41
   - CD19
   - CD10
   - CD20
   - CD45
   - CD34
   - CD38
   - CD58
intactMu: !!opencv-matrix
   rows: 5
   cols: 10
   dt: d
   data: [ 1.0198480532532339e+00, 3.3375753557640647e-01,
       3.1097324294945219e+00, 1.2655678818658023e+00,
       1.2774951072833225e+00, 9.6689170355831755e-01,
       1.4391537194106698e+00, 9.9391506747911507e-01,
       1.1250774291301537e+00, 2.1712020354310764e+00,
       1.3739106543441917e+00, 4.3962867586933024e-01,
       3.2430989716747383e+00, 1.4217702628604605e+00,
       1.5566451484602917e+00, 1.0944586218434418e+00,
       3.6216702281560442e+00, 1.9733821248025911e+00,
       1.6165974164370480e+00, 1.4543021081294440e+00,
       2.3343577222520500e+00, 2.1575033454231649e+00,
       3.3727390749822246e+00, 1.6364446812709887e+00,
       1.6602606871226140e+00, 1.0886054329006840e+00,
       2.6335825972693785e+00, 1.5635405689391042e+00,
       1.5111621592276732e+00, 1.7863466590326740e+00,
       1.3995391420172956e+00, 5.1355431274188079e-01,
       3.3967387513596505e+00, 1.3165542717750491e+00,
       1.3413598709561576e+00, 9.7990298720179825e-01,
       1.7023429928276665e+00, 1.1020684238249308e+00,
       1.2278382886911900e+00, 2.3410848412731085e+00,
       1.1422019837129891e+00, 2.6925486251193864e-01,
       3.2808802772373475e+00, 1.2960371699472093e+00,
       1.3662270997064450e+00, 8.9913160334042763e-01,
       3.5792333647556158e+00, 1.7773860566037190e+00,
       1.5606174703816411e+00, 1.0487630893030933e+00 ]
intactSigma:
   - !!opencv-matrix
      rows: 10
      cols: 10
      dt: d
      data: [ 1.4634367874529498e-02, 3.2663838853908070e-03,
          -8.0675946965798190e-03, 5.9034603924247012e-04,
          5.3596847805685945e-04, 1.6793782208197490e-04,
          -1.1214954679012007e-04, 3.0577179966683816e-04,
          -5.0691145787901636e-04, 1.6623854759627055e-04,
          3.2663838853908070e-03, 4.6680665956038174e-03,
          -6.5054616966518089e-03, 9.8313950442525098e-04,
          1.0397077741939582e-03, 1.9905534407862961e-04,
          2.7688177725643899e-03, 8.3206773340040760e-04,
          2.4320423483378584e-04, 2.9220108202795535e-03,
          -8.0675946965798190e-03, -6.5054616966518097e-03,
          5.1744367988554925e-02, -2.0295285132520421e-03,
          -1.7171380222931500e-03, -1.9923211962133227e-04,
          -1.6672225986148160e-03, 7.4680367394519434e-04,
          -3.7713050452418816e-05, -4.2727416651911669e-03,
          5.9034603924247033e-04, 9.8313950442525098e-04,
          -2.0295285132520421e-03, 7.0121578227959535e-03,
          1.6569511655005241e-03, -1.4769436713988860e-03,
          1.3805700662069189e-03, 1.2556522774499269e-03,
          -1.2923932784907302e-03, 1.4837889858331577e-03,
          5.3596847805685978e-04, 1.0397077741939580e-03,
          -1.7171380222931487e-03, 1.6569511655005237e-03,
          4.5080136644955575e-02, 3.3885671321302001e-04,
          -1.0826178234245318e-02, -1.4752527060324645e-03,
          2.4015210635371662e-03, 3.3967975366558170e-03,
          1.6793782208197476e-04, 1.9905534407862961e-04,
          -1.9923211962133230e-04, -1.4769436713988856e-03,
          3.3885671321302023e-04, 4.7011874739023213e-02,
          2.4141562483246154e-03, -3.9501665514107718e-03,
          -9.4997065506883509e-03, 5.6340372427154722e-04,
          -1.1214954679011990e-04, 2.7688177725643907e-03,
          -1.6672225986148154e-03, 1.3805700662069184e-03,
          -1.0826178234245318e-02, 2.4141562483246180e-03,
          1.7669917621322129e-01, -3.7707885065838307e-04,
          4.0815275767628577e-03, 1.0266652352922141e-02,
          3.0577179966683891e-04, 8.3206773340040803e-04,
          7.4680367394519467e-04, 1.2556522774499264e-03,
          -1.4752527060324641e-03, -3.9501665514107744e-03,
          -3.7707885065838340e-04, 1.0209380883320793e-01,
          1.5673656630826047e-03, 2.0630103401920240e-03,
          -5.0691145787901657e-04, 2.4320423483378595e-04,
          -3.7713050452418661e-05, -1.2923932784907302e-03,
          2.4015210635371666e-03, -9.4997065506883509e-03,
          4.0815275767628594e-03, 1.5673656630826047e-03,
          1.8101304635720732e-02, 2.1773781006652008e-03,
          1.6623854759627036e-04, 2.9220108202795535e-03,
          -4.2727416651911669e-03, 1.4837889858331577e-03,
          3.3967975366558179e-03, 5.6340372427154766e-04,
          1.0266652352922142e-02, 2.0630103401920244e-03,
          2.1773781006652008e-03, 1.7069162130994173e-02 ]
   - !!opencv-matrix
      rows: 10
      cols: 10
      dt: d
      data: [ 1.1316329426088198e-01, 1.4864196159183283e-02,
          -1.8396997367555745e-02, -1.3927951909157379e-02,
          2.3418407606498624e-02, -5.0331403345638778e-02,
          2.5316664078522993e-02, 2.9325705680634046e-02,
          -2.5641230323121540e-03, 4.2546928082726893e-02,
          1.4864196159183283e-02, 2.0522395119409141e-02,
          -9.1854930171529642e-03, -2.7228626584252951e-03,
          1.5135344906770763e-02, -1.7183666657403646e-02,
          1.1173341907271506e-02, 1.6412782315149057e-02,
          1.9271604087460651e-02, 3.1299993752778497e-02,
          -1.8396997367555745e-02, -9.1854930171529642e-03,
          5.2177610587418898e-02, 6.9305784821813996e-03,
          -3.2841875925165707e-02, 3.1861205676942707e-02,
          -2.1385568558962741e-02, -2.7387671146673790e-02,
          -1.9079675147412375e-02, -3.2303052520596127e-02,
          -1.3927951909157375e-02, -2.7228626584252960e-03,
          6.9305784821814013e-03, 5.7095309913963180e-02,
          -6.0798699458421450e-03, 5.8485834198061873e-02,
          -3.2339082350889398e-03, -5.3140317408263103e-03,
          -1.4857251775943690e-02, -1.4362885117615215e-02,
          2.3418407606498617e-02, 1.5135344906770763e-02,
          -3.2841875925165701e-02, -6.0798699458421484e-03,
          4.0537431461411394e-01, -5.2623953082650575e-02,
          2.9038227571557825e-02, 3.6351058731095572e-02,
          4.2769453164010547e-02, 4.8864576699732085e-02,
          -5.0331403345638799e-02, -1.7183666657403646e-02,
          3.1861205676942714e-02, 5.8485834198061873e-02,
          -5.2623953082650589e-02, 3.1662661230123801e-01,
          -2.8902783664956702e-02, -5.6977124823512561e-02,
          -5.3230176147306969e-02, -7.4428628215576248e-02,
          2.5316664078522986e-02, 1.1173341907271506e-02,
          -2.1385568558962741e-02, -3.2339082350889385e-03,
          2.9038227571557829e-02, -2.8902783664956702e-02,
          3.9247422066096896e-02, 3.9094494304614098e-02,
          6.7957957446367467e-03, 3.7258574453684599e-02,
          2.9325705680634046e-02, 1.6412782315149057e-02,
          -2.7387671146673790e-02, -5.3140317408263112e-03,
          3.6351058731095572e-02, -5.6977124823512561e-02,
          3.9094494304614098e-02, 1.6881845530835790e-01,
          2.7702051904645815e-02, 5.2815887156525215e-02,
          -2.5641230323121540e-03, 1.9271604087460641e-02,
          -1.9079675147412368e-02, -1.4857251775943693e-02,
          4.2769453164010547e-02, -5.3230176147306969e-02,
          6.7957957446367467e-03, 2.7702051904645822e-02,
          2.9460826448702343e-01, 2.4082062657879388e-02,
          4.2546928082726893e-02, 3.1299993752778490e-02,
          -3.2303052520596127e-02, -1.4362885117615215e-02,
          4.8864576699732092e-02, -7.4428628215576262e-02,
          3.7258574453684599e-02, 5.2815887156525215e-02,
          2.4082062657879391e-02, 1.8599860014223474e-01 ]
   - !!opencv-matrix
      rows: 10
      cols: 10
