%YAML:1.0
---
groups:
   - intact
   - CD19
   - blast
intactGmmnames:
   - "intact.2016-0383.0"
   - "intact.2016-0383.1"
   - "intact.2016-0383.2"
   - "intact.2016-0383.3"
   - "intact.2016-0383.4"
intactLabels:
   - FSC-A
   - SSC-A
   - SY41
   - CD19
   - CD10
   - CD20
   - CD45
   - CD34
   - CD38
   - CD58
intactMu: !!opencv-matrix
   rows: 5
   cols: 10
   dt: d
   data: [ 2.2288707828500316e+00, 9.7075857765178242e-01,
       3.3069265054532058e+00, 1.6434896959038967e+00,
       1.3108139529899203e+00, 1.3570061888781497e+00,
       3.1071492436631694e+00, 2.0375508267064770e+00,
       1.8855074586698723e+00, 1.5836584872960389e+00,
       1.2678585350031675e+00, 2.5014146805043291e-01,
       3.5382058856721299e+00, 1.2914857251588518e+00,
       1.1289291445010676e+00, 1.0958496935003605e+00,
       3.6295959320491105e+00, 1.7726729370048331e+00,
       1.4969567258066838e+00, 1.0381708390935973e+00,
       2.4891343038151974e+00, 2.5281808478326071e+00,
       3.2502608505299886e+00, 1.7655936488161796e+00,
       1.5560070853040406e+00, 1.1515372778761823e+00,
       2.7569743152022426e+00, 1.7668155826763960e+00,
       1.4043045761340158e+00, 1.6757100180363278e+00,
       1.7327841175744738e+00, 5.3892021859360484e-01,
       2.8103395376901399e+00, 1.2933412122697920e+00,
       1.1963619453403245e+00, 1.1527745167696606e+00,
       1.7834016405977180e+00, 1.7794267710131006e+00,
       1.2680380000162752e+00, 1.7121173114337402e+00,
       1.6217168457947240e+00, 4.5004076846715418e-01,
       3.1291818427159126e+00, 1.3810036885246084e+00,
       1.1330557264425254e+00, 1.0777228146295557e+00,
       3.7626808284651534e+00, 1.9631383176918100e+00,
       2.0523113581380859e+00, 1.3546749373945528e+00 ]
intactSigma:
   - !!opencv-matrix
      rows: 10
      cols: 10
      dt: d
      data: [ 9.2601883606201529e-01, 1.1941000599073261e-01,
          -1.1675487923074726e-01, 3.2584726150276981e-03,
          -3.1404162744317149e-02, -8.2710403299188412e-02,
          2.1511553741000919e-01, 1.0203849912365633e-01,
          1.6074724617847094e-01, 7.9941281010793799e-02,
          1.1941000599073261e-01, 3.9612225656789007e-01,
          8.4612072169506190e-03, 9.9625971357988397e-02,
          5.9249978707180913e-02, 4.2050455059045790e-02,
          -1.4146105493571876e-01, 1.5586193684072911e-02,
          -6.6209604166724764e-02, 9.7713938836031786e-02,
          -1.1675487923074726e-01, 8.4612072169506173e-03,
          2.6269699562626098e-01, 2.2977952183775786e-02,
          -2.7343621132407949e-03, 1.5544465151845594e-02,
          1.4037056586805513e-01, 2.7554289406687627e-02,
          7.8050953208793029e-03, -3.1820883488925321e-03,
          3.2584726150277020e-03, 9.9625971357988397e-02,
          2.2977952183775786e-02, 2.0335411447288282e-01,
          4.3949834436289796e-02, 1.2973502669786033e-01,
          3.0220582982460345e-02, 8.6679181191694505e-03,
          -2.5311126583812934e-03, 3.5376875494874817e-02,
          -3.1404162744317149e-02, 5.9249978707180913e-02,
          -2.7343621132407954e-03, 4.3949834436289782e-02,
          2.0735668630826282e-01, 2.0878594948928516e-02,
          -5.9958673040990410e-02, -8.5145016901639458e-03,
          -1.6101012980764277e-02, 4.8144079691357790e-02,
          -8.2710403299188426e-02, 4.2050455059045790e-02,
          1.5544465151845597e-02, 1.2973502669786033e-01,
          2.0878594948928516e-02, 3.3691791274109856e-01,
          7.5320648657372638e-03, 1.8043653051681464e-02,
          -7.0232867627775558e-02, -7.8736143486530484e-03,
          2.1511553741000919e-01, -1.4146105493571884e-01,
          1.4037056586805513e-01, 3.0220582982460348e-02,
          -5.9958673040990410e-02, 7.5320648657372620e-03,
          8.3649614227283897e-01, 1.9249583557266486e-01,
          2.5633561310946007e-01, 4.9132221701806448e-03,
          1.0203849912365633e-01, 1.5586193684072908e-02,
          2.7554289406687624e-02, 8.6679181191694453e-03,
          -8.5145016901639406e-03, 1.8043653051681464e-02,
          1.9249583557266486e-01, 3.5862999051033512e-01,
          9.0114371335504456e-02, 4.9901476034088788e-02,
          1.6074724617847094e-01, -6.6209604166724764e-02,
          7.8050953208792994e-03, -2.5311126583812938e-03,
          -1.6101012980764280e-02, -7.0232867627775544e-02,
          2.5633561310946007e-01, 9.0114371335504456e-02,
          4.5627342919310548e-01, 5.0645079946761040e-02,
          7.9941281010793758e-02, 9.7713938836031772e-02,
          -3.1820883488925342e-03, 3.5376875494874824e-02,
          4.8144079691357790e-02, -7.8736143486530501e-03,
          4.9132221701806466e-03, 4.9901476034088788e-02,
          5.0645079946761040e-02, 2.6609201481019601e-01 ]
   - !!opencv-matrix
      rows: 10
      cols: 10
      dt: d
      data: [ 6.1155452490717840e-02, 4.2648821255981406e-03,
          -1.2231228045148684e-02, 3.6763276079514328e-03,
          9.6180502664217689e-04, -1.0210096898523296e-03,
          5.6057365024190136e-03, 4.7017087979210606e-03,
          -2.4189128869391606e-03, 3.7368628097984228e-03,
          4.2648821255981415e-03, 6.6327040045191478e-03,
          -1.5256146235979675e-03, 2.3690564913489511e-03,
          1.5953563090759398e-03, -6.3908588214976129e-05,
          2.5503259877513763e-03, 4.3236286169163179e-03,
          -2.6167018103474883e-03, 2.0197845891450031e-02,
          -1.2231228045148685e-02, -1.5256146235979675e-03,
          1.0954374103494766e-02, -1.1453471073921838e-03,
          -1.2949593300545047e-04, 4.0580312260189065e-04,
          -2.4115568614240684e-03, -1.0834418812902663e-03,
          8.0702227801988350e-04, -4.0994212207420025e-04,
          3.6763276079514328e-03, 2.3690564913489511e-03,
          -1.1453471073921842e-03, 2.4191217943191567e-02,
          7.9887348941135462e-04, -1.9722072158082403e-03,
          1.1213440030492182e-03, 5.6196784652540431e-03,
          -4.8593896609022587e-03, 6.2309873676734259e-03,
          9.6180502664217668e-04, 1.5953563090759391e-03,
          -1.2949593300545030e-04, 7.9887348941135483e-04,
          4.8670273399228518e-02, 2.6881259666692301e-04,
          1.0652053654608225e-04, -2.8117715760410406e-03,
          -9.2514344905971770e-04, 5.7895565382019192e-03,
          -1.0210096898523294e-03, -6.3908588214976170e-05,
          4.0580312260189038e-04, -1.9722072158082403e-03,
          2.6881259666692296e-04, 2.4481403195505437e-02,
          -5.7203721908636446e-04, -9.8477123864117513e-03,
          -1.1654652342963276e-02, 2.4883705533417514e-04,
          5.6057365024190136e-03, 2.5503259877513763e-03,
          -2.4115568614240684e-03, 1.1213440030492182e-03,
          1.0652053654608231e-04, -5.7203721908636446e-04,
          7.8305898570030751e-03, 5.4454489930445653e-03,
          -1.0333133063526085e-03, 2.5296921807226140e-03,
          4.7017087979210597e-03, 4.3236286169163179e-03,
          -1.0834418812902665e-03, 5.6196784652540405e-03,
          -2.8117715760410415e-03, -9.8477123864117513e-03,
          5.4454489930445644e-03, 1.8161390456792634e-01,
          4.1056848257317070e-03, 9.2381191508486265e-03,
          -2.4189128869391593e-03, -2.6167018103474887e-03,
          8.0702227801988295e-04, -4.8593896609022604e-03,
          -9.2514344905971716e-04, -1.1654652342963281e-02,
          -1.0333133063526079e-03, 4.1056848257317070e-03,
          7.9932531347537805e-02, -3.8458278126192688e-03,
          3.7368628097984220e-03, 2.0197845891450031e-02,
          -4.0994212207420025e-04, 6.2309873676734268e-03,
          5.7895565382019209e-03, 2.4883705533417519e-04,
          2.5296921807226127e-03, 9.2381191508486213e-03,
          -3.8458278126192666e-03, 1.3616488487347242e-01 ]
   - !!opencv-matrix
      rows: 10
      cols: 10
      dt: d
