%YAML:1.0
---
groups:
   - intact
   - CD19
   - blast
intactGmmnames:
   - "intact.2016-4645.0"
   - "intact.2016-4645.1"
   - "intact.2016-4645.2"
   - "intact.2016-4645.3"
   - "intact.2016-4645.4"
intactLabels:
   - FSC-A
   - SSC-A
   - SY41
   - CD19
   - CD10
   - CD20
   - CD45
   - CD34
   - CD38
   - CD58
intactMu: !!opencv-matrix
   rows: 5
   cols: 10
   dt: d
   data: [ 1.9084987318763966e+00, 1.3963689173493472e+00,
       3.4491144709688490e+00, 1.5394006201496786e+00,
       1.3450347983969932e+00, 1.3254048485582575e+00,
       2.8742721682812680e+00, 1.8687982460584565e+00,
       2.0239974765803543e+00, 2.1642386592832330e+00,
       1.5765293935284370e+00, 5.6400757618992425e-01,
       3.3194162193565324e+00, 1.5187780936705622e+00,
       1.1316341093864148e+00, 1.1987900173415693e+00,
       3.7103123874769812e+00, 1.5246461007664418e+00,
       2.5769657646067539e+00, 1.7575870262578093e+00,
       1.2203397596234971e+00, 2.9554914085117340e-01,
       3.8329367699395513e+00, 1.3369982032384096e+00,
       1.1010426929037509e+00, 1.1958005222055454e+00,
       3.5049443482395426e+00, 1.3808920331584413e+00,
       1.9387623683926551e+00, 1.1338617064541212e+00,
       2.5457995990902265e+00, 2.8945870487843548e+00,
       3.5068019880283212e+00, 1.8970251587942191e+00,
       2.0371666652298721e+00, 1.3345989691984756e+00,
       3.0093043210424608e+00, 1.3232280353675052e+00,
       1.7250694612021349e+00, 2.1645309417873198e+00,
       1.2144301626401770e+00, 6.0175048226117900e-01,
       3.7225624628719545e+00, 1.2361430462792322e+00,
       1.3830810830922429e+00, 1.2224674170915368e+00,
       1.8619737903602305e+00, 1.1632853883851804e+00,
       1.5659679813187639e+00, 2.4582357299013990e+00 ]
intactSigma:
   - !!opencv-matrix
      rows: 10
      cols: 10
      dt: d
      data: [ 4.5132613717238834e-01, 2.3906106117735110e-01,
          6.9431595076668309e-02, 6.6087153883629790e-02,
          4.4969692156222076e-02, -1.7236426515956266e-02,
          6.5917477021015650e-02, -7.3437214601826274e-03,
          2.0303546729027080e-01, 9.7123616520910575e-02,
          2.3906106117735110e-01, 4.5197134249671322e-01,
          3.1685467944845294e-02, 1.0707173294005365e-01,
          6.9414089999544654e-02, -2.1247714440554604e-02,
          4.8231698900494592e-02, -2.5180378442324552e-02,
          1.2641810882496488e-01, 8.4824750640755175e-02,
          6.9431595076668309e-02, 3.1685467944845308e-02,
          2.9503317367022391e-01, 2.0569876075624639e-02,
          2.1317514460664159e-02, 8.1613313587475700e-04,
          8.7060791277992891e-02, -8.6870446517664318e-02,
          1.5110757353144871e-01, -6.8909686665728942e-02,
          6.6087153883629790e-02, 1.0707173294005365e-01,
          2.0569876075624643e-02, 6.7356816194029251e-02,
          1.8262052310323032e-02, -1.5777477558860459e-02,
          5.5040386295309413e-02, -1.6640112545191901e-02,
          5.5509101007920635e-02, -7.8509359418577074e-04,
          4.4969692156222062e-02, 6.9414089999544668e-02,
          2.1317514460664159e-02, 1.8262052310323032e-02,
          2.1670421611326307e-01, 1.1677978448290584e-02,
          -3.4372282909390400e-02, -2.7749542821406188e-02,
          6.3361278130049260e-04, 2.3134539263085879e-02,
          -1.7236426515956259e-02, -2.1247714440554604e-02,
          8.1613313587475581e-04, -1.5777477558860459e-02,
          1.1677978448290587e-02, 9.9382744436874698e-02,
          -1.2129455862042262e-03, 9.3053318900022559e-03,
          -1.0498620270268830e-02, -2.4423911858450343e-05,
          6.5917477021015650e-02, 4.8231698900494578e-02,
          8.7060791277992891e-02, 5.5040386295309413e-02,
          -3.4372282909390400e-02, -1.2129455862042266e-03,
          3.5668076421785833e-01, 4.2203668576310241e-03,
          2.1770826522953901e-01, -5.9415042656923642e-02,
          -7.3437214601826247e-03, -2.5180378442324552e-02,
          -8.6870446517664360e-02, -1.6640112545191901e-02,
          -2.7749542821406188e-02, 9.3053318900022559e-03,
          4.2203668576310293e-03, 3.0850076878625404e-01,
          1.9001944654731630e-02, 9.4662061565725236e-02,
          2.0303546729027080e-01, 1.2641810882496488e-01,
          1.5110757353144871e-01, 5.5509101007920635e-02,
          6.3361278130049249e-04, -1.0498620270268832e-02,
          2.1770826522953907e-01, 1.9001944654731630e-02,
          4.6350747612845689e-01, 2.0890146370594744e-02,
          9.7123616520910575e-02, 8.4824750640755189e-02,
          -6.8909686665728970e-02, -7.8509359418577117e-04,
          2.3134539263085886e-02, -2.4423911858449567e-05,
          -5.9415042656923642e-02, 9.4662061565725250e-02,
          2.0890146370594751e-02, 2.4662600527237979e-01 ]
   - !!opencv-matrix
      rows: 10
      cols: 10
      dt: d
      data: [ 7.6521345769354765e-02, 4.1306845520306052e-03,
          -2.3443971844147180e-02, 1.7408142390191977e-03,
          8.4524861206554890e-04, -2.5527801040280660e-04,
          1.9411348320985712e-03, 3.3028709596142594e-03,
          -6.2209225256108320e-03, 5.0718541890909232e-03,
          4.1306845520306043e-03, 1.9142533827820725e-02,
          -1.4062059698500929e-02, 4.1865085616749793e-03,
          1.3676099076671245e-03, 1.6227152421587666e-03,
          -3.9245328627724368e-04, 4.1342523010619936e-03,
          3.8155122936881537e-02, 1.6028895103117093e-02,
          -2.3443971844147180e-02, -1.4062059698500929e-02,
          9.2899243985665833e-02, -5.8183906966522330e-03,
          8.2103150610526410e-04, -1.6575122311973220e-04,
          -3.9736688110517306e-03, -2.7824146725393961e-03,
          -3.9048696202557305e-02, -1.3318996346541117e-02,
          1.7408142390191981e-03, 4.1865085616749785e-03,
          -5.8183906966522330e-03, 4.8798768738974964e-02,
          9.5208695317323304e-04, -6.7170428013928283e-03,
          8.1520529700511123e-03, 1.2291802872456107e-02,
          -1.2267274799643776e-02, 3.1384743311186907e-03,
          8.4524861206554782e-04, 1.3676099076671236e-03,
          8.2103150610526485e-04, 9.5208695317323304e-04,
          8.1991274842349998e-02, 5.1922278753483732e-04,
          -5.9523555806817928e-05, -3.5771862930992623e-03,
          1.2312090696623822e-03, 4.8722332260477553e-03,
          -2.5527801040280682e-04, 1.6227152421587666e-03,
          -1.6575122311973214e-04, -6.7170428013928283e-03,
          5.1922278753483743e-04, 5.0535219236438889e-02,
          -2.0020091709690674e-03, -1.2523454716828841e-02,
          5.0345739866685373e-03, 1.0322450486946067e-03,
          1.9411348320985712e-03, -3.9245328627724379e-04,
          -3.9736688110517315e-03, 8.1520529700511123e-03,
          -5.9523555806818050e-05, -2.0020091709690678e-03,
          1.5725466698085701e-02, 8.3491083893526344e-03,
          -2.6970693709495674e-02, 3.0021073752646609e-04,
          3.3028709596142603e-03, 4.1342523010619936e-03,
          -2.7824146725393961e-03, 1.2291802872456107e-02,
          -3.5771862930992623e-03, -1.2523454716828837e-02,
          8.3491083893526344e-03, 1.8230180565495741e-01,
          -3.6969778118986709e-03, 5.7773224899396050e-03,
          -6.2209225256108338e-03, 3.8155122936881551e-02,
          -3.9048696202557298e-02, -1.2267274799643773e-02,
          1.2312090696623820e-03, 5.0345739866685356e-03,
          -2.6970693709495678e-02, -3.6969778118986704e-03,
          3.3614676965333767e-01, 3.8398510616772789e-02,
          5.0718541890909250e-03, 1.6028895103117089e-02,
          -1.3318996346541117e-02, 3.1384743311186915e-03,
          4.8722332260477579e-03, 1.0322450486946052e-03,
          3.0021073752646620e-04, 5.7773224899396050e-03,
          3.8398510616772782e-02, 5.9416997073451765e-02 ]
   - !!opencv-matrix
      rows: 10
      cols: 10
      dt: d
