%YAML:1.0
---
groups:
   - intact
   - CD19
   - blast
intactGmmnames:
   - "intact.2016-4315.0"
   - "intact.2016-4315.1"
   - "intact.2016-4315.2"
   - "intact.2016-4315.3"
   - "intact.2016-4315.4"
intactLabels:
   - FSC-A
   - SSC-A
   - SY41
   - CD19
   - CD10
   - CD20
   - CD45
   - CD34
   - CD38
   - CD58
intactMu: !!opencv-matrix
   rows: 5
   cols: 10
   dt: d
   data: [ 1.5657790757691190e+00, 5.3854974116014720e-01,
       2.9050878719376474e+00, 1.6720574575204852e+00,
       1.1393575981352642e+00, 1.2192573029013893e+00,
       3.8109128874146658e+00, 1.8030324963470754e+00,
       3.1663822085836513e+00, 1.7809130584915063e+00,
       1.4653656501295258e+00, 4.3008666105748694e-01,
       2.9948030025032275e+00, 1.7005415684941729e+00,
       1.1371602831886392e+00, 1.1340063817255075e+00,
       3.8776862685949194e+00, 1.7961613872530948e+00,
       2.0426567651904350e+00, 1.6159214696033413e+00,
       1.2452298585395720e+00, 2.3907803669067995e-01,
       3.1775998189756236e+00, 1.4722966301782359e+00,
       1.0810154171112107e+00, 1.1253816442358733e+00,
       3.6458420695399130e+00, 1.5363678006780745e+00,
       1.8972638854620187e+00, 1.0389380859465331e+00,
       1.6356733976818665e+00, 6.8826912811961516e-01,
       3.6079698359469488e+00, 1.3787052191285634e+00,
       1.5033314052705955e+00, 1.2166979648491512e+00,
       2.1868815760741858e+00, 1.3812030000894322e+00,
       2.0461283648059143e+00, 2.5035083713463147e+00,
       2.2449535557566236e+00, 1.6291135330945998e+00,
       3.3861188885750084e+00, 1.8119901062425032e+00,
       1.5052146156748112e+00, 1.4349031486230976e+00,
       3.0907879629647694e+00, 1.9874163187052318e+00,
       2.6892656958434253e+00, 2.0908146732174373e+00 ]
intactSigma:
   - !!opencv-matrix
      rows: 10
      cols: 10
      dt: d
      data: [ 3.1682526061073288e-02, 4.6265878768833278e-03,
          -2.3040979230558654e-03, 2.1426710255754385e-03,
          2.1242182102674447e-04, -4.3318740454576849e-04,
          2.2841986131148092e-03, 4.6083414485283093e-03,
          6.0031699596311818e-03, 1.8159862988344703e-03,
          4.6265878768833269e-03, 9.9252448898935579e-03,
          1.6589876759598793e-04, 4.6689355061756777e-03,
          2.4478718606560429e-03, 5.9632060663470244e-04,
          3.0122012909951689e-03, 5.9333098141862144e-03,
          8.0501334538403291e-03, 1.4246280853036248e-02,
          -2.3040979230558654e-03, 1.6589876759598768e-04,
          6.9470604792421953e-02, -5.1295751644260784e-04,
          1.6511641793683694e-03, -6.9564523657436388e-04,
          -1.2473840478942917e-03, -2.3863218380678918e-03,
          1.6656042696019553e-03, -9.4164112038222885e-05,
          2.1426710255754377e-03, 4.6689355061756768e-03,
          -5.1295751644260860e-04, 4.7107707376304930e-02,
          1.4128908074659487e-03, -1.0040384516122462e-02,
          4.0554615554579633e-03, 9.4901949040828749e-03,
          3.6019120436601108e-03, 7.6494237633236298e-03,
          2.1242182102674428e-04, 2.4478718606560429e-03,
          1.6511641793683705e-03, 1.4128908074659472e-03,
          9.7117058845739596e-02, 1.6602650805027388e-03,
          6.8027775813817850e-04, 1.1895346290637562e-04,
          4.1931394231593706e-03, 9.9186808091226205e-03,
          -4.3318740454576838e-04, 5.9632060663470266e-04,
          -6.9564523657436388e-04, -1.0040384516122460e-02,
          1.6602650805027381e-03, 1.3112620724406432e-01,
          6.3820333205760835e-04, -1.0855942840319297e-02,
          3.0778409959863213e-03, 1.6902145859318070e-03,
          2.2841986131148092e-03, 3.0122012909951693e-03,
          -1.2473840478942908e-03, 4.0554615554579633e-03,
          6.8027775813817883e-04, 6.3820333205760835e-04,
          6.5222729454513743e-03, 5.3043250827802032e-03,
          4.1927281717694474e-03, 5.2570892903929019e-03,
          4.6083414485283076e-03, 5.9333098141862127e-03,
          -2.3863218380678918e-03, 9.4901949040828715e-03,
          1.1895346290637520e-04, -1.0855942840319294e-02,
          5.3043250827802023e-03, 1.5123939038969247e-01,
          1.6838627095700866e-02, 1.3263744555043686e-02,
          6.0031699596311836e-03, 8.0501334538403291e-03,
          1.6656042696019547e-03, 3.6019120436601103e-03,
          4.1931394231593698e-03, 3.0778409959863217e-03,
          4.1927281717694482e-03, 1.6838627095700859e-02,
          5.0173053761016197e-02, 1.2995419044138647e-02,
          1.8159862988344703e-03, 1.4246280853036248e-02,
          -9.4164112038222695e-05, 7.6494237633236298e-03,
          9.9186808091226205e-03, 1.6902145859318074e-03,
          5.2570892903929019e-03, 1.3263744555043687e-02,
          1.2995419044138647e-02, 7.7906867416570547e-02 ]
   - !!opencv-matrix
      rows: 10
      cols: 10
      dt: d
      data: [ 4.3130372539524134e-02, 4.8637033535840167e-03,
          -7.3799864433649843e-03, 6.0261809205259800e-03,
          -1.8508647273797043e-04, -1.9997363882806921e-03,
          6.4881648554172356e-03, 6.0215990716440005e-03,
          4.8024417714798793e-03, 4.7396684586238219e-03,
          4.8637033535840167e-03, 9.8393650254002939e-03,
          -2.9444467773985217e-03, 4.9747962548120995e-03,
          2.5948275731675890e-03, -1.1274565820973289e-03,
          3.4381681407388925e-03, 4.5215405748698333e-03,
          4.3854490400751060e-03, 2.0060768847866728e-02,
          -7.3799864433649817e-03, -2.9444467773985217e-03,
          7.4068044723671400e-02, -8.2057032669217624e-03,
          1.2987112398856026e-03, 1.4093254952457907e-03,
          -9.2725550773994480e-03, -7.8355404864317857e-03,
          -1.1821382695287168e-02, -1.2057279783959301e-02,
          6.0261809205259800e-03, 4.9747962548121003e-03,
          -8.2057032669217624e-03, 5.1789090580777603e-02,
          1.8822180017517933e-03, -5.3174782369177264e-03,
          1.0656405870159312e-02, 1.6527416592999514e-02,
          9.7972472055667809e-03, 1.1849972207311685e-02,
          -1.8508647273797084e-04, 2.5948275731675899e-03,
          1.2987112398856026e-03, 1.8822180017517951e-03,
          9.9065865647640250e-02, 1.3169157938099506e-03,
          2.3079143529906214e-04, -2.1057121675229634e-03,
          3.1965272846771326e-04, 1.2718437437784757e-02,
          -1.9997363882806908e-03, -1.1274565820973289e-03,
          1.4093254952457894e-03, -5.3174782369177255e-03,
          1.3169157938099508e-03, 5.7655380431795092e-02,
          -7.3883569903747794e-04, -1.7766666835252444e-02,
          -1.5106739965956396e-02, -2.1414239529941059e-03,
          6.4881648554172356e-03, 3.4381681407388925e-03,
          -9.2725550773994480e-03, 1.0656405870159312e-02,
          2.3079143529906217e-04, -7.3883569903747848e-04,
          1.3895445580045976e-02, 1.1403146193781858e-02,
          1.6259484013874365e-02, 9.7782119503387402e-03,
          6.0215990716440005e-03, 4.5215405748698315e-03,
          -7.8355404864317840e-03, 1.6527416592999510e-02,
          -2.1057121675229621e-03, -1.7766666835252444e-02,
          1.1403146193781858e-02, 1.6495285274409258e-01,
          2.6871878476830736e-02, 1.6136043999072154e-02,
          4.8024417714798776e-03, 4.3854490400751043e-03,
          -1.1821382695287166e-02, 9.7972472055667757e-03,
          3.1965272846771266e-04, -1.5106739965956396e-02,
          1.6259484013874372e-02, 2.6871878476830736e-02,
          2.2467089353489075e-01, 3.4814330441999635e-03,
          4.7396684586238262e-03, 2.0060768847866728e-02,
          -1.2057279783959299e-02, 1.1849972207311687e-02,
          1.2718437437784762e-02, -2.1414239529941041e-03,
          9.7782119503387402e-03, 1.6136043999072154e-02,
          3.4814330441999652e-03, 1.4355770485937955e-01 ]
   - !!opencv-matrix
      rows: 10
      cols: 10
      dt: d
