%YAML:1.0
---
groups:
   - intact
   - CD19
   - blast
intactGmmnames:
   - "intact.2016-2742.0"
   - "intact.2016-2742.1"
   - "intact.2016-2742.2"
   - "intact.2016-2742.3"
   - "intact.2016-2742.4"
intactLabels:
   - FSC-A
   - SSC-A
   - SY41
   - CD19
   - CD10
   - CD20
   - CD45
   - CD34
   - CD38
   - CD58
intactMu: !!opencv-matrix
   rows: 5
   cols: 10
   dt: d
   data: [ 1.2883600801820458e+00, 2.3881213744350460e-01,
       2.7831873724337353e+00, 1.4140243630088747e+00,
       1.0750661460800783e+00, 1.1166820704496041e+00,
       3.7822112980923173e+00, 1.6291102385294565e+00,
       1.6724702546231780e+00, 1.0010092433709967e+00,
       1.8848102253900823e+00, 1.2372520999947514e+00,
       2.7156278096804463e+00, 1.7354003140494196e+00,
       1.5141811553889242e+00, 1.5319451979115650e+00,
       2.8823275550699479e+00, 1.7863361650629241e+00,
       1.9368174048538269e+00, 1.7945814089672623e+00,
       2.6596123526168780e+00, 3.3781881735446264e+00,
       2.6789952474256715e+00, 2.0217147127340462e+00,
       1.9852990944141788e+00, 1.1935794874580983e+00,
       3.3651944939271212e+00, 1.7919763580451551e+00,
       1.6728006579471479e+00, 2.3317802908178131e+00,
       1.3595540637590429e+00, 5.2168175848515230e-01,
       2.9269400064495357e+00, 1.3613222747748583e+00,
       1.7492206447506657e+00, 1.2098632532604889e+00,
       2.5512318949021937e+00, 1.3137019313104537e+00,
       1.7850170380307964e+00, 2.5370904924782138e+00,
       1.5814579845128589e+00, 5.3160955784482022e-01,
       2.5680022115556094e+00, 1.5537408725253541e+00,
       1.1182500982504944e+00, 1.1426710397712936e+00,
       3.9375845603577102e+00, 1.8632455813449100e+00,
       2.3757119885972298e+00, 1.7336948571911062e+00 ]
intactSigma:
   - !!opencv-matrix
      rows: 10
      cols: 10
      dt: d
      data: [ 9.7042821592942460e-02, 7.5201333128557370e-03,
          -2.5034401896075073e-02, 7.7512166932203292e-03,
          6.1826941246992135e-04, -2.7657025567632250e-03,
          1.3253864595482816e-02, 9.4538541390803317e-03,
          -2.7620231565848499e-03, 8.6765275827691557e-03,
          7.5201333128557370e-03, 5.1243934954336079e-03,
          -1.5024094191815824e-03, 2.2284565684700026e-03,
          1.2767743584973961e-03, -7.1076067489450235e-05,
          2.1015942072373042e-03, 2.8241581835425065e-03,
          -6.6501137426904400e-04, 2.0091734410063442e-02,
          -2.5034401896075070e-02, -1.5024094191815828e-03,
          1.3975452069155849e-02, -2.1954238840337335e-03,
          3.3081702988487356e-04, 9.4299791414971382e-04,
          -4.4011361545827259e-03, -2.3650546775784986e-03,
          -1.0947020445553581e-05, -6.0338116858571771e-04,
          7.7512166932203292e-03, 2.2284565684700026e-03,
          -2.1954238840337335e-03, 3.2582623282395820e-02,
          7.0269204407859504e-04, -2.9633109931287908e-03,
          1.7921078679107273e-03, 6.3392925100041993e-03,
          -2.3032709117165435e-03, 6.0453384211334761e-03,
          6.1826941246992135e-04, 1.2767743584973961e-03,
          3.3081702988487372e-04, 7.0269204407859569e-04,
          6.4888647061391941e-02, 4.7493119416824084e-04,
          2.2529849532597858e-04, -3.8765659585139438e-03,
          -7.9276778458113907e-05, 6.5365944193786418e-03,
          -2.7657025567632246e-03, -7.1076067489450221e-05,
          9.4299791414971371e-04, -2.9633109931287900e-03,
          4.7493119416824067e-04, 3.5588832278331053e-02,
          -5.2007682603385000e-04, -8.5884599549841938e-03,
          -6.7879883671955197e-03, 9.5478212784236034e-04,
          1.3253864595482818e-02, 2.1015942072373042e-03,
          -4.4011361545827259e-03, 1.7921078679107266e-03,
          2.2529849532597877e-04, -5.2007682603385000e-04,
          6.5087696870275782e-03, 2.3696845208831256e-03,
          1.8421807557326687e-04, 3.4470485033401069e-03,
          9.4538541390803334e-03, 2.8241581835425069e-03,
          -2.3650546775784969e-03, 6.3392925100042002e-03,
          -3.8765659585139438e-03, -8.5884599549841956e-03,
          2.3696845208831252e-03, 1.6932764705628170e-01,
          2.5546323431963952e-03, 7.8486190019047847e-03,
          -2.7620231565848507e-03, -6.6501137426904378e-04,
          -1.0947020445553440e-05, -2.3032709117165439e-03,
          -7.9276778458113798e-05, -6.7879883671955205e-03,
          1.8421807557326695e-04, 2.5546323431963934e-03,
          1.9587515270573508e-02, -1.8903691878271686e-03,
          8.6765275827691557e-03, 2.0091734410063442e-02,
          -6.0338116858571814e-04, 6.0453384211334735e-03,
          6.5365944193786444e-03, 9.5478212784235958e-04,
          3.4470485033401077e-03, 7.8486190019047847e-03,
          -1.8903691878271692e-03, 2.1160126703074930e-01 ]
   - !!opencv-matrix
      rows: 10
      cols: 10
      dt: d
      data: [ 6.8071635292272270e-01, 3.5953525688794907e-01,
          -7.9712620060860395e-04, 8.1921936821275243e-02,
          1.1489178108594808e-01, -4.5022030417422941e-02,
          -8.8312988412362313e-03, 1.2038883376937388e-01,
          1.1278839848470579e-01, 2.3370856837544549e-01,
          3.5953525688794907e-01, 8.4234443562853012e-01,
          -5.1930180289822755e-02, 1.5727454273731356e-01,
          9.8788509281969528e-02, -1.0091996655271869e-01,
          -1.5820142410106453e-01, -2.8539548385244286e-02,
          -1.8332121964953307e-03, 9.4182096570627982e-02,
          -7.9712620060860709e-04, -5.1930180289822755e-02,
          1.8170227590698354e-01, 1.0542770531240909e-02,
          5.6167170827113783e-02, 3.4301706741051728e-02,
          2.0060559346934848e-01, 8.0105326373996588e-02,
          1.2341344529075908e-01, 7.8101123625914495e-02,
          8.1921936821275243e-02, 1.5727454273731359e-01,
          1.0542770531240909e-02, 1.7318867928513265e-01,
          9.8032563132384218e-02, 1.2018382079480468e-01,
          6.8147445605175924e-02, 2.4857969123191288e-02,
          1.9733081733322111e-02, 2.9413672803632312e-02,
          1.1489178108594808e-01, 9.8788509281969528e-02,
          5.6167170827113783e-02, 9.8032563132384218e-02,
          4.1854069588880694e-01, 5.9563989931142321e-02,
          2.8824611055503019e-02, 6.8725381824288834e-02,
          7.7105892334897674e-02, 1.8844208583460798e-01,
          -4.5022030417422941e-02, -1.0091996655271869e-01,
          3.4301706741051728e-02, 1.2018382079480466e-01,
          5.9563989931142335e-02, 4.2940810323899214e-01,
          1.6274552499123701e-01, 5.2337305578337726e-02,
          6.7709169073361195e-03, -2.3725874403100037e-02,
          -8.8312988412362209e-03, -1.5820142410106453e-01,
          2.0060559346934848e-01, 6.8147445605175924e-02,
          2.8824611055503019e-02, 1.6274552499123701e-01,
          8.3771152062239451e-01, 2.3705605219262790e-01,
          2.4967827004000617e-01, 5.7665145467829838e-02,
          1.2038883376937388e-01, -2.8539548385244286e-02,
          8.0105326373996588e-02, 2.4857969123191291e-02,
          6.8725381824288834e-02, 5.2337305578337726e-02,
          2.3705605219262790e-01, 3.8182257586467588e-01,
          2.0289209281597018e-01, 1.5211034538666171e-01,
          1.1278839848470576e-01, -1.8332121964953303e-03,
          1.2341344529075908e-01, 1.9733081733322107e-02,
          7.7105892334897674e-02, 6.7709169073361152e-03,
          2.4967827004000617e-01, 2.0289209281597018e-01,
          3.8752746128882348e-01, 1.7512866287726414e-01,
          2.3370856837544549e-01, 9.4182096570627954e-02,
          7.8101123625914495e-02, 2.9413672803632312e-02,
          1.8844208583460792e-01, -2.3725874403100044e-02,
          5.7665145467829845e-02, 1.5211034538666171e-01,
          1.7512866287726414e-01, 4.4247856693870885e-01 ]
   - !!opencv-matrix
      rows: 10
      cols: 10
      dt: d
