%YAML:1.0
---
groups:
   - intact
   - CD19
   - blast
intactGmmnames:
   - "intact.2016-3716.0"
   - "intact.2016-3716.1"
   - "intact.2016-3716.2"
   - "intact.2016-3716.3"
   - "intact.2016-3716.4"
intactLabels:
   - FSC-A
   - SSC-A
   - SY41
   - CD19
   - CD10
   - CD20
   - CD45
   - CD34
   - CD38
   - CD58
intactMu: !!opencv-matrix
   rows: 5
   cols: 10
   dt: d
   data: [ 2.1758326446132634e+00, 3.4975791349604929e-01,
       3.4225203337983334e+00, 1.3707283851039114e+00,
       1.1684470914554161e+00, 1.1537384802368766e+00,
       3.6454637484556427e+00, 1.4817980146287593e+00,
       1.7210243095527782e+00, 1.1219728550086865e+00,
       2.6013799583944470e+00, 7.3585553128529824e-01,
       3.2930714225108710e+00, 1.4798944069966660e+00,
       1.1894157301818100e+00, 1.2333133453390877e+00,
       3.7023854227288497e+00, 1.6086312109678327e+00,
       2.9595530769500562e+00, 1.5648815348105150e+00,
       3.5255715640143461e+00, 1.9808498753549968e+00,
       3.4569360424210034e+00, 1.7408768460147435e+00,
       1.4913347629866296e+00, 1.3278063660324531e+00,
       3.2901441248441348e+00, 1.7804740155255778e+00,
       2.3196803881795702e+00, 2.1483240899262301e+00,
       1.9544869241815730e+00, 6.2535048463127452e-01,
       3.4606113595131673e+00, 1.2620023688366075e+00,
       1.5084738702832405e+00, 1.1969014316258884e+00,
       1.8433092727425513e+00, 1.2519538995924400e+00,
       1.4896975112263455e+00, 2.3268094819629224e+00,
       2.5060242960019590e+00, 6.3592195187054212e-01,
       3.4016844744245422e+00, 1.5315960711793972e+00,
       1.1896418979461556e+00, 1.1531316256809727e+00,
       3.8235910399895880e+00, 1.6624609450227903e+00,
       1.7452066459991984e+00, 1.5392466930472641e+00 ]
intactSigma:
   - !!opencv-matrix
      rows: 10
      cols: 10
      dt: d
      data: [ 1.6360799071793825e-01, 1.4365308967387132e-02,
          -1.2616192291847898e-02, 8.2696637216523056e-03,
          2.1101674164129354e-03, -1.4706892229822399e-03,
          9.6693154139769425e-03, 6.6646436027077566e-03,
          -8.7382316114542231e-03, 1.2801006307609955e-02,
          1.4365308967387132e-02, 1.4905501908024685e-02,
          -2.8423003323484802e-03, 5.2907821282086182e-03,
          3.9546674401974543e-03, -1.6050216260224992e-04,
          3.8243170427082959e-03, 6.2435353506155216e-03,
          -2.3558776214549610e-03, 3.7482539893919822e-02,
          -1.2616192291847898e-02, -2.8423003323484806e-03,
          8.9815650903741114e-03, -1.5167429472250020e-03,
          -2.3232148411997524e-04, 4.6826181656732860e-04,
          -2.7137416285926536e-03, -1.0541548753811164e-03,
          1.1907848478249223e-03, -3.3340146535978860e-03,
          8.2696637216523056e-03, 5.2907821282086182e-03,
          -1.5167429472250009e-03, 4.5490157057795251e-02,
          1.7239162637944243e-03, -3.7615662771653575e-03,
          2.5215950247938867e-03, 7.7955086790478835e-03,
          -8.0911207209536581e-03, 1.0091539591233635e-02,
          2.1101674164129350e-03, 3.9546674401974534e-03,
          -2.3232148411997486e-04, 1.7239162637944230e-03,
          8.1936842846872082e-02, 6.1198916532345811e-04,
          -1.1897167539831848e-05, -1.3919938565192310e-03,
          1.2390729105920251e-04, 1.3540526799528966e-02,
          -1.4706892229822395e-03, -1.6050216260225003e-04,
          4.6826181656732865e-04, -3.7615662771653567e-03,
          6.1198916532345801e-04, 2.8243099925820477e-02,
          -5.7249072618062035e-04, -1.0795380881390695e-02,
          -1.3185656698589907e-02, 6.9652263794850173e-04,
          9.6693154139769425e-03, 3.8243170427082964e-03,
          -2.7137416285926536e-03, 2.5215950247938867e-03,
          -1.1897167539831902e-05, -5.7249072618062089e-04,
          7.9822505502032907e-03, 2.2245572409329366e-03,
          -3.6259164176714663e-03, 3.7535979579226735e-03,
          6.6646436027077592e-03, 6.2435353506155216e-03,
          -1.0541548753811162e-03, 7.7955086790478844e-03,
          -1.3919938565192316e-03, -1.0795380881390695e-02,
          2.2245572409329358e-03, 1.6587187505111539e-01,
          4.8062251710142886e-03, 1.6922810356729292e-02,
          -8.7382316114542249e-03, -2.3558776214549610e-03,
          1.1907848478249219e-03, -8.0911207209536581e-03,
          1.2390729105920308e-04, -1.3185656698589910e-02,
          -3.6259164176714650e-03, 4.8062251710142903e-03,
          1.4436905434079075e-01, 8.8371662671780698e-04,
          1.2801006307609957e-02, 3.7482539893919822e-02,
          -3.3340146535978860e-03, 1.0091539591233635e-02,
          1.3540526799528970e-02, 6.9652263794850141e-04,
          3.7535979579226748e-03, 1.6922810356729292e-02,
          8.8371662671780839e-04, 1.8197276013046515e-01 ]
   - !!opencv-matrix
      rows: 10
      cols: 10
      dt: d
      data: [ 1.4292175585757208e-01, 3.3981436863559686e-02,
          -1.8598231259686065e-03, 1.3053310406416000e-03,
          2.8876998479893234e-03, -2.0626523615877518e-03,
          -1.2359404789053823e-02, -9.3593901186856776e-04,
          2.3660533570358754e-02, 3.3380173840191381e-02,
          3.3981436863559686e-02, 4.8189017033118578e-02,
          -3.9709440443368925e-04, 5.0924955271546262e-03,
          7.3513142015744224e-03, 4.7809087410250161e-04,
          -7.1073353110811342e-03, 3.1682736719123379e-03,
          3.7082207520452555e-02, 6.2745194128793272e-02,
          -1.8598231259686067e-03, -3.9709440443368935e-04,
          7.8940632070691723e-03, -5.9992868694642315e-04,
          4.5521137730117984e-04, 5.8412345005486195e-04,
          -9.9441649275981378e-04, -7.5879033906779681e-04,
          -9.9558159119904062e-04, -1.3689682665428444e-03,
          1.3053310406416000e-03, 5.0924955271546262e-03,
          -5.9992868694642315e-04, 5.0080556991058449e-02,
          2.4796612090868028e-03, -9.8956173778851336e-03,
          6.3838521601858895e-03, 1.1658819727189376e-02,
          -1.4550907537253862e-03, 7.6162990517151721e-03,
          2.8876998479893255e-03, 7.3513142015744224e-03,
          4.5521137730117946e-04, 2.4796612090868014e-03,
          1.0491376623480943e-01, 1.0479707458819099e-03,
          -1.0270618945918881e-03, -2.6687622389465920e-03,
          4.8300198239819006e-03, 1.4898265059440642e-02,
          -2.0626523615877514e-03, 4.7809087410250199e-04,
          5.8412345005486195e-04, -9.8956173778851336e-03,
          1.0479707458819101e-03, 8.2487511353325674e-02,
          1.2493960007395758e-03, -1.1172022396855009e-02,
          -2.4165198667758904e-03, 3.0868920961644479e-03,
          -1.2359404789053823e-02, -7.1073353110811350e-03,
          -9.9441649275981378e-04, 6.3838521601858877e-03,
          -1.0270618945918872e-03, 1.2493960007395758e-03,
          1.9141820765686650e-02, 1.1206356628468918e-02,
          -1.0976447288017907e-02, -7.9229255415061289e-03,
          -9.3593901186856602e-04, 3.1682736719123379e-03,
          -7.5879033906779670e-04, 1.1658819727189381e-02,
          -2.6687622389465920e-03, -1.1172022396855013e-02,
          1.1206356628468918e-02, 1.6836534078633411e-01,
          5.9092932532200902e-03, 1.1008519971187234e-02,
          2.3660533570358747e-02, 3.7082207520452555e-02,
          -9.9558159119904105e-04, -1.4550907537253866e-03,
          4.8300198239819023e-03, -2.4165198667758891e-03,
          -1.0976447288017907e-02, 5.9092932532200876e-03,
          8.9002418983611331e-02, 5.3423766203634961e-02,
          3.3380173840191374e-02, 6.2745194128793258e-02,
          -1.3689682665428435e-03, 7.6162990517151738e-03,
          1.4898265059440641e-02, 3.0868920961644466e-03,
          -7.9229255415061289e-03, 1.1008519971187234e-02,
          5.3423766203634961e-02, 1.6075883590174056e-01 ]
   - !!opencv-matrix
      rows: 10
      cols: 10
