%YAML:1.0
---
groups:
   - intact
   - CD19
intactGmmnames:
   - "intact.2016-0931.0"
   - "intact.2016-0931.1"
   - "intact.2016-0931.2"
   - "intact.2016-0931.3"
   - "intact.2016-0931.4"
intactLabels:
   - FSC-A
   - SSC-A
   - SY41
   - CD19
   - CD10
   - CD20
   - CD45
   - CD34
   - CD38
   - CD58
intactMu: !!opencv-matrix
   rows: 5
   cols: 10
   dt: d
   data: [ 8.3663210180029468e-01, 3.3488148811180019e-01,
       3.2734655595430415e+00, 1.1677933037079478e+00,
       1.1482992988379586e+00, 9.9128682779856159e-01,
       1.6363457046022709e+00, 1.0111317227022361e+00,
       1.2323762268337897e+00, 2.2925271049859055e+00,
       1.4174429245093856e+00, 9.3081777300196944e-01,
       3.3063671704326372e+00, 1.5543252359301745e+00,
       1.1907580261099531e+00, 1.1395926250455766e+00,
       3.8069420278215347e+00, 2.1918984471832945e+00,
       2.1501703665319396e+00, 1.9727854303011509e+00,
       2.4513165512261876e+00, 2.9331621343342658e+00,
       3.1001276381845235e+00, 1.7238237934705709e+00,
       1.6304122469140907e+00, 9.7234757866151866e-01,
       3.3369752523761198e+00, 1.5950614232034250e+00,
       1.9019546407851944e+00, 2.2101901571166578e+00,
       6.4576806874896686e-01, 2.6796906671930587e-01,
       3.5476130686631211e+00, 1.2982393638672933e+00,
       1.0332009385504644e+00, 9.2144730804321928e-01,
       3.7319292876424868e+00, 1.8414593168271820e+00,
       1.5495631869943214e+00, 1.2743969530373676e+00,
       1.6595868026567366e+00, 1.5966288822391430e+00,
       3.0229661308454232e+00, 1.4766273797054872e+00,
       1.4832349796583919e+00, 1.0707410424325192e+00,
       2.5184410303174438e+00, 1.5029813884713965e+00,
       1.4417238706341176e+00, 1.8986835661442143e+00 ]
intactSigma:
   - !!opencv-matrix
      rows: 10
      cols: 10
      dt: d
      data: [ 4.0880888238138097e-02, 1.1352225386497822e-02,
          -4.4597732460599435e-03, 2.3518476360639413e-03,
          3.4474733997522976e-03, 3.3865119005319121e-04,
          1.5290337731321456e-02, 2.7116909900891844e-03,
          6.7706591527823129e-03, 1.3865864460643869e-02,
          1.1352225386497822e-02, 1.0189285661909723e-02,
          5.1145017983678532e-03, 2.1939002313995362e-03,
          2.0669417773109540e-03, 4.4147043401758713e-04,
          1.4658288942831579e-02, 2.5732963522441840e-03,
          7.0976638038991050e-03, 1.2290165057388490e-02,
          -4.4597732460599435e-03, 5.1145017983678532e-03,
          1.2791481729770920e-01, -5.5907349828109032e-04,
          -3.7677854741178783e-03, 8.9892274927506639e-04,
          1.3336354021548631e-02, 2.4436607421299758e-03,
          5.3635495076494802e-03, 1.5355061735378938e-02,
          2.3518476360639413e-03, 2.1939002313995366e-03,
          -5.5907349828109010e-04, 9.4977590787033890e-03,
          1.2717256109353789e-03, -2.3584164140766414e-03,
          1.5360903753281125e-03, 1.1405790537482893e-03,
          -2.9918150338947017e-04, 2.2777615623239132e-03,
          3.4474733997522946e-03, 2.0669417773109540e-03,
          -3.7677854741178783e-03, 1.2717256109353794e-03,
          8.5540113436685550e-02, -1.7922878830561626e-05,
          -1.9038364680653071e-02, -3.2527286450780694e-03,
          2.5070147918282290e-03, 2.1649915422848722e-03,
          3.3865119005319078e-04, 4.4147043401758707e-04,
          8.9892274927506715e-04, -2.3584164140766414e-03,
          -1.7922878830561064e-05, 3.9131875219005602e-02,
          1.4267640007842740e-03, -5.4799611243563900e-03,
          -1.0255551342687593e-02, 9.9639133649490931e-04,
          1.5290337731321452e-02, 1.4658288942831579e-02,
          1.3336354021548631e-02, 1.5360903753281114e-03,
          -1.9038364680653071e-02, 1.4267640007842740e-03,
          2.0718972706916741e-01, 8.7035568843141882e-04,
          3.0792649912561414e-02, 3.0515207640111956e-02,
          2.7116909900891852e-03, 2.5732963522441840e-03,
          2.4436607421299745e-03, 1.1405790537482893e-03,
          -3.2527286450780703e-03, -5.4799611243563900e-03,
          8.7035568843141827e-04, 9.6522740546257701e-02,
          5.0524826899117819e-03, 3.8650065242294882e-03,
          6.7706591527823129e-03, 7.0976638038991050e-03,
          5.3635495076494811e-03, -2.9918150338946995e-04,
          2.5070147918282290e-03, -1.0255551342687592e-02,
          3.0792649912561414e-02, 5.0524826899117819e-03,
          4.0130799815427873e-02, 1.2258123745296107e-02,
          1.3865864460643869e-02, 1.2290165057388490e-02,
          1.5355061735378941e-02, 2.2777615623239132e-03,
          2.1649915422848726e-03, 9.9639133649490888e-04,
          3.0515207640111956e-02, 3.8650065242294882e-03,
          1.2258123745296107e-02, 3.3041598536847371e-02 ]
   - !!opencv-matrix
      rows: 10
      cols: 10
      dt: d
      data: [ 2.9867787963897396e-01, 2.7049966015849763e-01,
          -1.0533714755363839e-02, 8.5848260906700280e-02,
          6.2819120466249975e-02, 4.3947314029537457e-02,
          -6.2039982431294398e-03, 5.7429149663860618e-02,
          1.3148464853452624e-01, 1.0803572842889449e-01,
          2.7049966015849763e-01, 5.0951906119293144e-01,
          -7.7258433384180024e-03, 1.3412367490723878e-01,
          1.2998969868516999e-01, 6.9478267481986378e-02,
          -4.1137982489707015e-02, 5.6641465902707855e-02,
          2.3085542446497545e-01, 1.5542497632888436e-01,
          -1.0533714755363842e-02, -7.7258433384180059e-03,
          1.0548656295974954e-01, -5.4692787019770220e-04,
          -6.0879787338643503e-03, 1.7796856292935891e-02,
          -2.5097591559372235e-02, -1.6877148138839650e-02,
          -1.7919243402579384e-02, -2.3050694366234099e-02,
          8.5848260906700280e-02, 1.3412367490723878e-01,
          -5.4692787019770166e-04, 1.3977001786705209e-01,
          4.8264299884008884e-02, 1.2483225225229337e-01,
          9.3691015360167895e-03, 1.9351403851258931e-02,
          2.9125691649230085e-02, 1.2664666064197090e-02,
          6.2819120466249975e-02, 1.2998969868516999e-01,
          -6.0879787338643503e-03, 4.8264299884008884e-02,
          1.8358174930971732e-01, 4.6823140800413991e-02,
          -9.2491809166141883e-03, 8.2787097645231154e-03,
          4.4395936928104139e-02, 2.9295853773984738e-02,
          4.3947314029537457e-02, 6.9478267481986378e-02,
          1.7796856292935891e-02, 1.2483225225229337e-01,
          4.6823140800413991e-02, 4.5382351905161161e-01,
          -1.1488326126089687e-02, -1.5414575110817112e-02,
          -4.8155596803530921e-03, -8.7736363306636200e-02,
          -6.2039982431294372e-03, -4.1137982489707015e-02,
          -2.5097591559372235e-02, 9.3691015360167895e-03,
          -9.2491809166141917e-03, -1.1488326126089687e-02,
          7.4758030948894549e-02, 1.6870136466438503e-02,
          -6.1928554225350735e-02, 5.2755045012374702e-03,
          5.7429149663860618e-02, 5.6641465902707855e-02,
          -1.6877148138839653e-02, 1.9351403851258931e-02,
          8.2787097645231188e-03, -1.5414575110817112e-02,
          1.6870136466438503e-02, 1.7080269926891420e-01,
          7.1604594042857947e-02, 5.1186289382000108e-02,
          1.3148464853452627e-01, 2.3085542446497551e-01,
          -1.7919243402579388e-02, 2.9125691649230082e-02,
          4.4395936928104125e-02, -4.8155596803530912e-03,
          -6.1928554225350735e-02, 7.1604594042857961e-02,
          4.7405359509584971e-01, 8.3554429241298883e-02,
          1.0803572842889446e-01, 1.5542497632888436e-01,
          -2.3050694366234099e-02, 1.2664666064197095e-02,
          2.9295853773984741e-02, -8.7736363306636186e-02,
          5.2755045012374702e-03, 5.1186289382000101e-02,
          8.3554429241298897e-02, 1.8466174993694484e-01 ]
   - !!opencv-matrix
      rows: 10
      cols: 10
      dt: d
