%YAML:1.0
---
groups:
   - intact
   - CD19
   - blast
intactGmmnames:
   - "intact.2016-3889.0"
   - "intact.2016-3889.1"
   - "intact.2016-3889.2"
   - "intact.2016-3889.3"
   - "intact.2016-3889.4"
intactLabels:
   - FSC-A
   - SSC-A
   - SY41
   - CD19
   - CD10
   - CD20
   - CD45
   - CD34
   - CD38
   - CD58
intactMu: !!opencv-matrix
   rows: 5
   cols: 10
   dt: d
   data: [ 1.6446586140287849e+00, 5.6760048586987855e-01,
       2.8962886361736406e+00, 1.5207218903730020e+00,
       1.1436832848133287e+00, 1.2409818755728428e+00,
       3.7106426858578074e+00, 1.5437370686327518e+00,
       2.5398338983073949e+00, 1.4481194428914230e+00,
       3.1770125708046932e+00, 3.3491353914058570e+00,
       3.3466166207822368e+00, 1.8690869797729590e+00,
       1.6725877045767279e+00, 1.2587644153932218e+00,
       2.6175903535612326e+00, 1.2227384239785011e+00,
       1.3428932542899006e+00, 2.1707343690439731e+00,
       1.6006324735409228e+00, 4.6693527663750545e-01,
       2.9869498047393859e+00, 1.5139706457278532e+00,
       1.1305026174442647e+00, 1.2042334904424092e+00,
       3.7430834036743694e+00, 1.5350362340464165e+00,
       1.5916047349504894e+00, 1.3124728960321712e+00,
       1.3602293812309960e+00, 2.9640893137135116e-01,
       3.1149272879712924e+00, 1.4197483989456521e+00,
       1.1190577456335835e+00, 1.2128318416479238e+00,
       3.6495209789599903e+00, 1.4435394205079461e+00,
       1.7515975866412627e+00, 9.2211517895017325e-01,
       2.0412754958119237e+00, 1.3157373630565474e+00,
       3.0391228946777962e+00, 1.5393472743307626e+00,
       1.4533151013607448e+00, 1.2989028079947709e+00,
       2.7021594091379240e+00, 1.4744385092637597e+00,
       2.0275783253527737e+00, 2.0520032846760272e+00 ]
intactSigma:
   - !!opencv-matrix
      rows: 10
      cols: 10
      dt: d
      data: [ 5.7250116029356472e-02, 1.4778154320865673e-02,
          -6.1340270283753101e-03, -7.2385804294482366e-04,
          1.5562349060744677e-03, 3.2601736827856737e-04,
          -5.1180285768932746e-03, 6.0462760807756470e-04,
          1.4851232593692625e-02, 1.7930768083867819e-02,
          1.4778154320865673e-02, 2.1544055953004008e-02,
          -6.5998499807844255e-03, 2.9245341327297034e-03,
          3.5542565957828913e-03, -5.0445520179398333e-04,
          -1.0268043265228301e-03, 3.8884801327881374e-03,
          2.3786426202664242e-02, 3.5295925540964355e-02,
          -6.1340270283753101e-03, -6.5998499807844255e-03,
          2.0150931437766171e-02, -2.7808076808940947e-03,
          -1.1135598531794347e-03, 1.3672682507570365e-03,
          -3.2393885303063966e-03, -2.6341676332344035e-03,
          -1.1733200711314116e-02, -1.1478676473734423e-02,
          -7.2385804294482366e-04, 2.9245341327297021e-03,
          -2.7808076808940939e-03, 3.9713859790081588e-02,
          1.4403600321686418e-03, -5.2381358209369318e-03,
          8.5200265701383740e-03, 1.1924692064623345e-02,
          -3.4597092046673209e-03, 5.2950422285940749e-03,
          1.5562349060744686e-03, 3.5542565957828905e-03,
          -1.1135598531794360e-03, 1.4403600321686418e-03,
          9.6162357862451475e-02, 2.6442394278630612e-04,
          -6.6994921926072783e-04, -1.1585566120942805e-03,
          6.1663207278374399e-03, 1.0146198620221493e-02,
          3.2601736827856732e-04, -5.0445520179398355e-04,
          1.3672682507570361e-03, -5.2381358209369309e-03,
          2.6442394278630628e-04, 3.7212095345661535e-02,
          -8.3841057907771801e-04, -9.4382216484853489e-03,
          -3.4012932549110681e-03, -5.3274397781554687e-04,
          -5.1180285768932746e-03, -1.0268043265228303e-03,
          -3.2393885303063966e-03, 8.5200265701383740e-03,
          -6.6994921926072826e-04, -8.3841057907771833e-04,
          1.7937387664626103e-02, 9.7400005775792713e-03,
          -8.4281064227526570e-03, -2.0271017428601010e-03,
          6.0462760807756491e-04, 3.8884801327881374e-03,
          -2.6341676332344035e-03, 1.1924692064623345e-02,
          -1.1585566120942818e-03, -9.4382216484853489e-03,
          9.7400005775792730e-03, 1.7044684256473566e-01,
          7.2861149889045847e-03, 7.7836727143795236e-03,
          1.4851232593692625e-02, 2.3786426202664249e-02,
          -1.1733200711314114e-02, -3.4597092046673231e-03,
          6.1663207278374408e-03, -3.4012932549110698e-03,
          -8.4281064227526570e-03, 7.2861149889045847e-03,
          1.3647154498788816e-01, 4.6825665662468381e-02,
          1.7930768083867812e-02, 3.5295925540964349e-02,
          -1.1478676473734423e-02, 5.2950422285940740e-03,
          1.0146198620221496e-02, -5.3274397781554643e-04,
          -2.0271017428601019e-03, 7.7836727143795210e-03,
          4.6825665662468381e-02, 1.3614742661715767e-01 ]
   - !!opencv-matrix
      rows: 10
      cols: 10
      dt: d
      data: [ 3.2980822431620177e-01, 1.2078672188660267e-01,
          -1.0280635220694731e-02, 2.5093149786408430e-02,
          -2.5033221008578539e-02, 2.8853689421329417e-03,
          -2.6682449948352949e-02, 5.4162687283353696e-03,
          1.0236585126727076e-02, -8.2547733014535028e-03,
          1.2078672188660269e-01, 3.3380319907766309e-01,
          -1.1770319671820524e-02, 5.6485147093566390e-02,
          2.8123885773713293e-02, 1.9027579303826758e-03,
          2.7395641885787385e-03, 1.3303989047715556e-02,
          1.6626943653467751e-03, 2.0624286020801606e-02,
          -1.0280635220694731e-02, -1.1770319671820524e-02,
          1.2225417161381371e-02, -2.1435835349954153e-03,
          1.1850146275470448e-03, -3.3097845816985311e-05,
          6.4246101482695400e-04, -1.0474585554125294e-04,
          -3.9802552479125813e-03, 1.2123022620264148e-03,
          2.5093149786408430e-02, 5.6485147093566390e-02,
          -2.1435835349954144e-03, 2.5584192012989122e-02,
          5.1177040495230938e-03, -7.5094339672415853e-04,
          2.2252264753623653e-04, 4.2527729509949921e-03,
          -5.9964696938391363e-03, 3.3455709348109179e-03,
          -2.5033221008578532e-02, 2.8123885773713293e-02,
          1.1850146275470441e-03, 5.1177040495230938e-03,
          1.7644416410597324e-01, 1.1144234732802353e-03,
          1.1566284136380755e-02, -6.6653694991726021e-04,
          -5.9052251213439757e-03, 1.2651581363895281e-02,
          2.8853689421329395e-03, 1.9027579303826758e-03,
          -3.3097845816985304e-05, -7.5094339672415842e-04,
          1.1144234732802360e-03, 1.5302479975760975e-02,
          3.0612781711589942e-04, -4.1037947907624625e-03,
          -7.7765800401250864e-03, 4.2951657214432469e-05,
          -2.6682449948352949e-02, 2.7395641885787385e-03,
          6.4246101482695410e-04, 2.2252264753623645e-04,
          1.1566284136380755e-02, 3.0612781711589936e-04,
          4.7855986290912152e-02, 3.1329130612076306e-04,
          -6.1230765276676603e-03, 6.0659712238327326e-03,
          5.4162687283353678e-03, 1.3303989047715558e-02,
          -1.0474585554125321e-04, 4.2527729509949921e-03,
          -6.6653694991726054e-04, -4.1037947907624633e-03,
          3.1329130612076290e-04, 8.2048796382388045e-02,
          2.2802011192701145e-03, 4.1441543640753850e-03,
          1.0236585126727076e-02, 1.6626943653467779e-03,
          -3.9802552479125813e-03, -5.9964696938391371e-03,
          -5.9052251213439766e-03, -7.7765800401250864e-03,
          -6.1230765276676612e-03, 2.2802011192701158e-03,
          5.5809988386954237e-02, -4.2951291732281714e-03,
          -8.2547733014535028e-03, 2.0624286020801609e-02,
          1.2123022620264153e-03, 3.3455709348109179e-03,
          1.2651581363895282e-02, 4.2951657214432577e-05,
          6.0659712238327326e-03, 4.1441543640753833e-03,
          -4.2951291732281714e-03, 2.4330722481176615e-02 ]
   - !!opencv-matrix
      rows: 10
      cols: 10
