%YAML:1.0
---
groups:
   - intact
   - CD19
   - blast
intactGmmnames:
   - "intact.47348.0"
   - "intact.47348.1"
   - "intact.47348.2"
   - "intact.47348.3"
   - "intact.47348.4"
intactLabels:
   - FSC-A
   - SSC-A
   - SY41
   - CD19
   - CD10
   - CD20
   - CD45
   - CD34
   - CD38
   - CD58
intactMu: !!opencv-matrix
   rows: 5
   cols: 10
   dt: d
   data: [ 1.3982335624416247e+00, 3.3428069796241705e-01,
       3.1999099427928561e+00, 1.2211198002107826e+00,
       1.0917754195929126e+00, 1.3098423615749275e+00,
       3.3528555992469284e+00, 1.0497735270893320e+00,
       1.6651964280617382e+00, 1.3260354170212354e+00,
       2.3119062135335238e+00, 2.3917713098923326e+00,
       3.3800572273104268e+00, 1.2457576965659645e+00,
       1.5318290505462147e+00, 1.3658267833403808e+00,
       2.8453495035062959e+00, 1.1358617625679359e+00,
       1.6665288057188890e+00, 1.8458575307376675e+00,
       2.3133047359616765e+00, 1.6953064472306014e+00,
       3.3346542491057432e+00, 1.3170976041753359e+00,
       1.4321305412325662e+00, 1.3964685410786828e+00,
       3.0698744105043607e+00, 1.1542639361237499e+00,
       2.3097468917877966e+00, 2.1849053503059030e+00,
       1.2355098137623062e+00, 4.5626934522684148e-01,
       3.3865120393811514e+00, 1.2258118079022053e+00,
       1.2061248450331143e+00, 1.3252941550495045e+00,
       1.4856628864598409e+00, 1.0903442159033194e+00,
       1.5458496182667893e+00, 2.6126239439222001e+00,
       2.8439234295684890e+00, 2.6414920136400850e+00,
       3.3374572315650317e+00, 1.2567607242864827e+00,
       2.0275267027727746e+00, 1.3623136351037921e+00,
       2.9239533779429543e+00, 1.1311368819264664e+00,
       1.6950022184087210e+00, 2.4355904647555358e+00 ]
intactSigma:
   - !!opencv-matrix
      rows: 10
      cols: 10
      dt: d
      data: [ 6.6375237218450456e-02, 1.3773175737420460e-02,
          -6.6663221029533062e-03, -4.7526526293834368e-04,
          4.4704544792938437e-04, -1.7302970401768809e-03,
          1.6839399899547147e-02, -4.0824026034390632e-03,
          -5.6556556375021438e-03, 6.0205465702920791e-02,
          1.3773175737420460e-02, 8.2832671776731318e-03,
          -1.3972874717693051e-03, -1.1069917422119639e-04,
          1.2117489265285751e-03, -4.4171263972921624e-04,
          8.6398732972171738e-03, -1.6590324637253422e-03,
          -4.5916746564895394e-03, 3.1444823412812191e-02,
          -6.6663221029533044e-03, -1.3972874717693051e-03,
          6.9208320365725324e-03, 2.0253252649444855e-04,
          2.1387266385766118e-03, 4.5634977097981123e-04,
          -1.0310550189809901e-03, 6.0453360336881810e-04,
          -1.6853644876651969e-04, -2.8864499427726149e-03,
          -4.7526526293834406e-04, -1.1069917422119642e-04,
          2.0253252649444849e-04, 3.5789879833221373e-03,
          -4.7317640755985312e-03, -3.1363766687227910e-04,
          -1.6856434865168449e-04, 2.4077524714146959e-03,
          1.4719087728601366e-03, -8.1804653263883734e-04,
          4.4704544792938410e-04, 1.2117489265285747e-03,
          2.1387266385766114e-03, -4.7317640755985312e-03,
          2.6420650663887931e-02, 1.5078724266135495e-04,
          2.4242824102552150e-03, -1.2331154618770485e-02,
          -2.7377241061155915e-03, 9.8737105341516265e-03,
          -1.7302970401768809e-03, -4.4171263972921614e-04,
          4.5634977097981113e-04, -3.1363766687227910e-04,
          1.5078724266135490e-04, 8.6716069942979982e-03,
          -4.7003154514909350e-04, 1.0946073673401476e-04,
          -4.0622552044269769e-03, -1.4289383596296748e-03,
          1.6839399899547147e-02, 8.6398732972171738e-03,
          -1.0310550189809901e-03, -1.6856434865168449e-04,
          2.4242824102552150e-03, -4.7003154514909339e-04,
          1.6605044684049341e-02, -2.3002206535936787e-03,
          -7.7110299810204518e-03, 3.9282147949645602e-02,
          -4.0824026034390632e-03, -1.6590324637253426e-03,
          6.0453360336881810e-04, 2.4077524714146959e-03,
          -1.2331154618770485e-02, 1.0946073673401456e-04,
          -2.3002206535936787e-03, 5.1078893815185669e-02,
          1.5035566067873897e-03, -7.8064385261879896e-03,
          -5.6556556375021421e-03, -4.5916746564895394e-03,
          -1.6853644876651958e-04, 1.4719087728601366e-03,
          -2.7377241061155915e-03, -4.0622552044269761e-03,
          -7.7110299810204518e-03, 1.5035566067873897e-03,
          9.0541584024837932e-02, -3.3680351196371631e-02,
          6.0205465702920791e-02, 3.1444823412812184e-02,
          -2.8864499427726149e-03, -8.1804653263883702e-04,
          9.8737105341516300e-03, -1.4289383596296748e-03,
          3.9282147949645602e-02, -7.8064385261879896e-03,
          -3.3680351196371625e-02, 2.5702694185705055e-01 ]
   - !!opencv-matrix
      rows: 10
      cols: 10
      dt: d
      data: [ 4.6148222064324490e-01, 4.9128133265210350e-01,
          -2.1201685438254236e-02, 6.1632312189693278e-03,
          3.4975491478669289e-02, 7.5263825471328779e-03,
          3.8706984066138594e-02, 1.8745797588912653e-02,
          4.5337353818483472e-02, 8.8837531352524007e-02,
          4.9128133265210350e-01, 6.7839857030687967e-01,
          -2.1107070630508467e-02, 8.1669516730982217e-03,
          6.0264859544378706e-02, 9.7819720831068026e-03,
          5.4564527076058876e-02, 2.2653185163701094e-02,
          5.8261492361843650e-02, 1.1296604894576341e-01,
          -2.1201685438254236e-02, -2.1107070630508460e-02,
          5.4963456244679658e-03, -4.1660927344512959e-05,
          -5.6477132989554430e-04, 5.6059180300479464e-04,
          -1.7103371756822443e-03, -4.9214909541347442e-04,
          -2.2020516630297492e-03, -3.0663955037680502e-03,
          6.1632312189693296e-03, 8.1669516730982217e-03,
          -4.1660927344512986e-05, 5.9454945175068949e-03,
          -3.9047879047325279e-03, -1.7979753055296659e-04,
          1.1680672898846305e-03, 2.8907254953470011e-03,
          1.7726077042430938e-03, 2.0154553113871840e-03,
          3.4975491478669289e-02, 6.0264859544378706e-02,
          -5.6477132989554387e-04, -3.9047879047325275e-03,
          9.2602672658776031e-02, 1.8515507474218271e-03,
          1.9851837908748237e-02, -1.1591248639789262e-02,
          3.4393176437810180e-03, 1.7424892879427674e-02,
          7.5263825471328797e-03, 9.7819720831068043e-03,
          5.6059180300479464e-04, -1.7979753055296659e-04,
          1.8515507474218265e-03, 6.9037816299966324e-03,
          1.1100112121716040e-03, 8.0339195312753705e-04,
          -8.7697863098341151e-04, 2.2105496163438241e-03,
          3.8706984066138594e-02, 5.4564527076058897e-02,
          -1.7103371756822445e-03, 1.1680672898846303e-03,
          1.9851837908748244e-02, 1.1100112121716040e-03,
          1.9769429796321323e-02, 2.6073736637097695e-03,
          4.8444781925567251e-03, 1.1801161852333883e-02,
          1.8745797588912653e-02, 2.2653185163701094e-02,
          -4.9214909541347399e-04, 2.8907254953470011e-03,
          -1.1591248639789262e-02, 8.0339195312753694e-04,
          2.6073736637097695e-03, 7.4007937764295345e-02,
          4.2128034232541542e-03, 4.3200473402966923e-03,
          4.5337353818483465e-02, 5.8261492361843650e-02,
          -2.2020516630297487e-03, 1.7726077042430938e-03,
          3.4393176437810188e-03, -8.7697863098341183e-04,
          4.8444781925567251e-03, 4.2128034232541550e-03,
          1.8354333920159886e-02, 1.2646104488329616e-02,
          8.8837531352523993e-02, 1.1296604894576341e-01,
          -3.0663955037680502e-03, 2.0154553113871845e-03,
          1.7424892879427674e-02, 2.2105496163438245e-03,
          1.1801161852333883e-02, 4.3200473402966915e-03,
          1.2646104488329616e-02, 4.1325718608289777e-02 ]
   - !!opencv-matrix
      rows: 10
      cols: 10
      dt: d
