%YAML:1.0
---
groups:
   - intact
   - CD19
   - blast
intactGmmnames:
   - "intact.47348.0"
   - "intact.47348.1"
   - "intact.47348.2"
   - "intact.47348.3"
   - "intact.47348.4"
intactLabels:
   - FSC-A
   - SSC-A
   - SY41
   - CD19
   - CD10
   - CD20
   - CD45
   - CD34
   - CD38
   - CD58
intactMu: !!opencv-matrix
   rows: 5
   cols: 10
   dt: d
   data: [ 1.3982335624416247e+00, 3.3428069796241705e-01,
       3.1999099427928561e+00, 1.2211198002107826e+00,
       1.0917754195929126e+00, 1.3098423615749275e+00,
       3.3528555992469284e+00, 1.0497735270893320e+00,
       1.6651964280617382e+00, 1.3260354170212354e+00,
       2.3119062135335238e+00, 2.3917713098923326e+00,
       3.3800572273104268e+00, 1.2457576965659645e+00,
       1.5318290505462147e+00, 1.3658267833403808e+00,
       2.8453495035062959e+00, 1.1358617625679359e+00,
       1.6665288057188890e+00, 1.8458575307376675e+00,
       2.3133047359616765e+00, 1.6953064472306014e+00,
       3.3346542491057432e+00, 1.3170976041753359e+00,
       1.4321305412325662e+00, 1.3964685410786828e+00,
       3.0698744105043607e+00, 1.1542639361237499e+00,
       2.3097468917877966e+00, 2.1849053503059030e+00,
       1.2355098137623062e+00, 4.5626934522684148e-01,
       3.3865120393811514e+00, 1.2258118079022053e+00,
       1.2061248450331143e+00, 1.3252941550495045e+00,
       1.4856628864598409e+00, 1.0903442159033194e+00,
       1.5458496182667893e+00, 2.6126239439222001e+00,
       2.8439234295684890e+00, 2.6414920136400850e+00,
       3.3374572315650317e+00, 1.2567607242864827e+00,
       2.0275267027727746e+00, 1.3623136351037921e+00,
       2.9239533779429543e+00, 1.1311368819264664e+00,
       1.6950022184087210e+00, 2.4355904647555358e+00 ]
intactSigma:
   - !!opencv-matrix
      rows: 10
      cols: 10
      dt: d
      data: [ 6.6375237218450456e-02, 1.3773175737420460e-02,
          -6.6663221029533062e-03, -4.7526526293834368e-04,
          4.4704544792938437e-04, -1.7302970401768809e-03,
          1.6839399899547147e-02, -4.0824026034390632e-03,
          -5.6556556375021438e-03, 6.0205465702920791e-02,
          1.3773175737420460e-02, 8.2832671776731318e-03,
          -1.3972874717693051e-03, -1.1069917422119639e-04,
          1.2117489265285751e-03, -4.4171263972921624e-04,
          8.6398732972171738e-03, -1.6590324637253422e-03,
          -4.5916746564895394e-03, 3.1444823412812191e-02,
          -6.6663221029533044e-03, -1.3972874717693051e-03,
          6.9208320365725324e-03, 2.0253252649444855e-04,
          2.1387266385766118e-03, 4.5634977097981123e-04,
          -1.0310550189809901e-03, 6.0453360336881810e-04,
          -1.6853644876651969e-04, -2.8864499427726149e-03,
          -4.7526526293834406e-04, -1.1069917422119642e-04,
          2.0253252649444849e-04, 3.5789879833221373e-03,
          -4.7317640755985312e-03, -3.1363766687227910e-04,
          -1.6856434865168449e-04, 2.4077524714146959e-03,
          1.4719087728601366e-03, -8.1804653263883734e-04,
          4.4704544792938410e-04, 1.2117489265285747e-03,
          2.1387266385766114e-03, -4.7317640755985312e-03,
          2.6420650663887931e-02, 1.5078724266135495e-04,
          2.4242824102552150e-03, -1.2331154618770485e-02,
          -2.7377241061155915e-03, 9.8737105341516265e-03,
          -1.7302970401768809e-03, -4.4171263972921614e-04,
          4.5634977097981113e-04, -3.1363766687227910e-04,
          1.5078724266135490e-04, 8.6716069942979982e-03,
          -4.7003154514909350e-04, 1.0946073673401476e-04,
          -4.0622552044269769e-03, -1.4289383596296748e-03,
          1.6839399899547147e-02, 8.6398732972171738e-03,
          -1.0310550189809901e-03, -1.6856434865168449e-04,
          2.4242824102552150e-03, -4.7003154514909339e-04,
          1.6605044684049341e-02, -2.3002206535936787e-03,
          -7.7110299810204518e-03, 3.9282147949645602e-02,
          -4.0824026034390632e-03, -1.6590324637253426e-03,
          6.0453360336881810e-04, 2.4077524714146959e-03,
          -1.2331154618770485e-02, 1.0946073673401456e-04,
          -2.3002206535936787e-03, 5.1078893815185669e-02,
          1.5035566067873897e-03, -7.8064385261879896e-03,
          -5.6556556375021421e-03, -4.5916746564895394e-03,
          -1.6853644876651958e-04, 1.4719087728601366e-03,
          -2.7377241061155915e-03, -4.0622552044269761e-03,
          -7.7110299810204518e-03, 1.5035566067873897e-03,
          9.0541584024837932e-02, -3.3680351196371631e-02,
          6.0205465702920791e-02, 3.1444823412812184e-02,
          -2.8864499427726149e-03, -8.1804653263883702e-04,
          9.8737105341516300e-03, -1.4289383596296748e-03,
          3.9282147949645602e-02, -7.8064385261879896e-03,
          -3.3680351196371625e-02, 2.5702694185705055e-01 ]
   - !!opencv-matrix
      rows: 10
      cols: 10
      dt: d
      data: [ 4.6148222064324490e-01, 4.9128133265210350e-01,
          -2.1201685438254236e-02, 6.1632312189693278e-03,
          3.4975491478669289e-02, 7.5263825471328779e-03,
          3.8706984066138594e-02, 1.8745797588912653e-02,
          4.5337353818483472e-02, 8.8837531352524007e-02,
          4.9128133265210350e-01, 6.7839857030687967e-01,
          -2.1107070630508467e-02, 8.1669516730982217e-03,
          6.0264859544378706e-02, 9.7819720831068026e-03,
          5.4564527076058876e-02, 2.2653185163701094e-02,
          5.8261492361843650e-02, 1.1296604894576341e-01,
          -2.1201685438254236e-02, -2.1107070630508460e-02,
          5.4963456244679658e-03, -4.1660927344512959e-05,
          -5.6477132989554430e-04, 5.6059180300479464e-04,
          -1.7103371756822443e-03, -4.9214909541347442e-04,
          -2.2020516630297492e-03, -3.0663955037680502e-03,
          6.1632312189693296e-03, 8.1669516730982217e-03,
          -4.1660927344512986e-05, 5.9454945175068949e-03,
          -3.9047879047325279e-03, -1.7979753055296659e-04,
          1.1680672898846305e-03, 2.8907254953470011e-03,
          1.7726077042430938e-03, 2.0154553113871840e-03,
          3.4975491478669289e-02, 6.0264859544378706e-02,
          -5.6477132989554387e-04, -3.9047879047325275e-03,
          9.2602672658776031e-02, 1.8515507474218271e-03,
          1.9851837908748237e-02, -1.1591248639789262e-02,
          3.4393176437810180e-03, 1.7424892879427674e-02,
          7.5263825471328797e-03, 9.7819720831068043e-03,
          5.6059180300479464e-04, -1.7979753055296659e-04,
          1.8515507474218265e-03, 6.9037816299966324e-03,
          1.1100112121716040e-03, 8.0339195312753705e-04,
          -8.7697863098341151e-04, 2.2105496163438241e-03,
          3.8706984066138594e-02, 5.4564527076058897e-02,
          -1.7103371756822445e-03, 1.1680672898846303e-03,
          1.9851837908748244e-02, 1.1100112121716040e-03,
          1.9769429796321323e-02, 2.6073736637097695e-03,
          4.8444781925567251e-03, 1.1801161852333883e-02,
          1.8745797588912653e-02, 2.2653185163701094e-02,
          -4.9214909541347399e-04, 2.8907254953470011e-03,
          -1.1591248639789262e-02, 8.0339195312753694e-04,
          2.6073736637097695e-03, 7.4007937764295345e-02,
          4.2128034232541542e-03, 4.3200473402966923e-03,
          4.5337353818483465e-02, 5.8261492361843650e-02,
          -2.2020516630297487e-03, 1.7726077042430938e-03,
          3.4393176437810188e-03, -8.7697863098341183e-04,
          4.8444781925567251e-03, 4.2128034232541550e-03,
          1.8354333920159886e-02, 1.2646104488329616e-02,
          8.8837531352523993e-02, 1.1296604894576341e-01,
          -3.0663955037680502e-03, 2.0154553113871845e-03,
          1.7424892879427674e-02, 2.2105496163438245e-03,
          1.1801161852333883e-02, 4.3200473402966915e-03,
          1.2646104488329616e-02, 4.1325718608289777e-02 ]
   - !!opencv-matrix
      rows: 10
      cols: 10
      dt: d
      data: [ 7.8982018862228276e-01, 6.2312009857709960e-01,
          3.2656745219566866e-02, -7.8287228200553827e-03,
          5.6367139706772464e-02, -2.6350012072738828e-02,
          -1.2638287334278702e-02, 3.4033311745230076e-02,
          7.4125075871581791e-02, 2.1957465952762509e-01,
          6.2312009857709960e-01, 1.1340199848251167e+00,
          6.2419214164797558e-02, 1.3340043104294985e-03,
          1.7330437750402730e-01, 7.0832707748617659e-03,
          -1.2841005931108831e-01, 3.1474239133695542e-02,
          -1.4390436964585371e-01, 1.4240862847453256e-01,
          3.2656745219566866e-02, 6.2419214164797572e-02,
          3.6709215725058662e-02, 7.9031400808725512e-04,
          9.1017152406556723e-03, 2.3791370176679417e-03,
          -4.0806442600713665e-02, 7.1089815066464916e-03,
          -4.3547093996537641e-03, 2.5633150920856690e-02,
          -7.8287228200553827e-03, 1.3340043104294996e-03,
          7.9031400808725534e-04, 7.1383024639137038e-02,
          -5.7649267619909184e-03, 6.2789393186850770e-02,
          7.5213854473104944e-03, 7.5984170059462319e-03,
          -1.1124870455793299e-02, -1.6395606591396644e-02,
          5.6367139706772477e-02, 1.7330437750402730e-01,
          9.1017152406556757e-03, -5.7649267619909184e-03,
          1.8806603263909780e-01, 4.9397509559271488e-03,
          -1.5558414778822251e-02, -5.8908051721220300e-03,
          -7.6701115793458091e-02, 4.1757488375329409e-02,
          -2.6350012072738835e-02, 7.0832707748617676e-03,
          2.3791370176679412e-03, 6.2789393186850770e-02,
          4.9397509559271470e-03, 1.1033458232654404e-01,
          -3.6684515258150990e-03, 6.7378614336718306e-03,
          -4.9349658253055401e-02, -2.4112847942376451e-02,
          -1.2638287334278707e-02, -1.2841005931108826e-01,
          -4.0806442600713665e-02, 7.5213854473104944e-03,
          -1.5558414778822246e-02, -3.6684515258150990e-03,
          2.1232458894846792e-01, -1.7436138514120087e-02,
          8.3029579796880151e-02, -1.5248802128876424e-02,
          3.4033311745230083e-02, 3.1474239133695542e-02,
          7.1089815066464916e-03, 7.5984170059462328e-03,
          -5.8908051721220274e-03, 6.7378614336718332e-03,
          -1.7436138514120080e-02, 1.4191471750477899e-01,
          2.0473011073982943e-03, 2.3852377973259994e-02,
          7.4125075871581791e-02, -1.4390436964585374e-01,
          -4.3547093996537641e-03, -1.1124870455793299e-02,
          -7.6701115793458091e-02, -4.9349658253055401e-02,
          8.3029579796880151e-02, 2.0473011073982930e-03,
          3.5684962794407099e-01, 9.2701060284953965e-02,
          2.1957465952762506e-01, 1.4240862847453256e-01,
          2.5633150920856700e-02, -1.6395606591396644e-02,
          4.1757488375329409e-02, -2.4112847942376451e-02,
          -1.5248802128876429e-02, 2.3852377973259994e-02,
          9.2701060284953993e-02, 2.3561430896848343e-01 ]
   - !!opencv-matrix
      rows: 10
      cols: 10
      dt: d
      data: [ 1.6214929358348534e-01, 5.1082556384178343e-02,
          2.5415743808771457e-02, 2.2470851035015886e-03,
          1.3579811079079700e-02, 2.4847342491327415e-03,
          4.5076551719417726e-02, 4.0235409189652025e-03,
          2.8249681307399674e-02, 3.7210279020029491e-02,
          5.1082556384178336e-02, 3.4354518281025391e-02,
          1.5633930026716265e-02, 1.3960079381306258e-03,
          1.1255347381668997e-02, 2.0580051401568795e-03,
          3.0309727086446442e-02, 1.9911245372803942e-03,
          2.0457420053345832e-02, 2.6673462007263875e-02,
          2.5415743808771457e-02, 1.5633930026716269e-02,
          3.1415499982460335e-02, 1.4225107978179752e-03,
          1.0966699849551727e-02, 2.2303117048047862e-03,
          1.8679127560874680e-02, 1.6011279179837627e-03,
          1.2878618552602384e-02, 1.7604363632117426e-02,
          2.2470851035015886e-03, 1.3960079381306254e-03,
          1.4225107978179752e-03, 3.0153837759587156e-03,
          -1.9860055348987229e-03, -3.9246555006877984e-05,
          2.4326347329519703e-03, 8.3649892106697397e-04,
          1.6657310034911600e-03, 1.2302884680082990e-03,
          1.3579811079079697e-02, 1.1255347381668997e-02,
          1.0966699849551727e-02, -1.9860055348987229e-03,
          2.6721203359364388e-02, 1.2923263864619489e-03,
          1.3061823022004010e-02, -5.0239202136069441e-03,
          9.4262170129411089e-03, 1.2931878139935047e-02,
          2.4847342491327424e-03, 2.0580051401568795e-03,
          2.2303117048047866e-03, -3.9246555006878004e-05,
          1.2923263864619487e-03, 5.1558712633484084e-03,
          2.8383895347721178e-03, 4.6950997407059936e-04,
          6.3218738252152757e-04, 1.8144231361904998e-03,
          4.5076551719417726e-02, 3.0309727086446449e-02,
          1.8679127560874680e-02, 2.4326347329519720e-03,
          1.3061823022004010e-02, 2.8383895347721178e-03,
          7.4678998736851313e-02, 4.1554269306412614e-03,
          2.9743030941459383e-02, 2.4124808947101818e-02,
          4.0235409189652016e-03, 1.9911245372803942e-03,
          1.6011279179837623e-03, 8.3649892106697397e-04,
          -5.0239202136069441e-03, 4.6950997407059920e-04,
          4.1554269306412614e-03, 2.6005464261051364e-02,
          1.7287977424360244e-03, 7.1103827723580483e-04,
          2.8249681307399670e-02, 2.0457420053345832e-02,
          1.2878618552602387e-02, 1.6657310034911600e-03,
          9.4262170129411089e-03, 6.3218738252152757e-04,
          2.9743030941459383e-02, 1.7287977424360244e-03,
          3.4319401275600660e-02, 1.9985155914351124e-02,
          3.7210279020029491e-02, 2.6673462007263872e-02,
          1.7604363632117422e-02, 1.2302884680082990e-03,
          1.2931878139935045e-02, 1.8144231361904998e-03,
          2.4124808947101818e-02, 7.1103827723580483e-04,
          1.9985155914351124e-02, 4.5975658609445753e-02 ]
   - !!opencv-matrix
      rows: 10
      cols: 10
      dt: d
      data: [ 2.6471454429579133e-01, 2.1592217228274793e-01,
          -5.0630995902823384e-03, 2.2862208245250045e-03,
          -6.0651561717079408e-03, 5.8928890319107944e-03,
          3.4927060205607345e-03, 8.0447570918675080e-03,
          2.2820302980214452e-02, 1.4444774146168581e-02,
          2.1592217228274793e-01, 3.7906402026321878e-01,
          -6.9250117018302935e-03, 3.9950405800863254e-03,
          8.5865991203823114e-02, 6.1392107612859952e-03,
          3.9272962514130365e-02, 8.6630755792640284e-03,
          2.1004441036484359e-02, 2.3603751716599584e-02,
          -5.0630995902823384e-03, -6.9250117018302944e-03,
          4.1527822433734141e-03, 4.1086040163112649e-05,
          -1.6275900919128041e-03, 6.3671636608113888e-04,
          -6.9754493319620274e-04, 1.2127845111560455e-04,
          -5.0904921076393129e-04, -2.6459862718594229e-04,
          2.2862208245250045e-03, 3.9950405800863254e-03,
          4.1086040163112595e-05, 1.2236577039437381e-02,
          -1.2864456611575918e-03, -7.1601096037417742e-04,
          1.7612798781152662e-03, 2.7935112074281387e-03,
          2.2380261185282698e-03, 4.7272011612273067e-04,
          -6.0651561717079390e-03, 8.5865991203823114e-02,
          -1.6275900919128037e-03, -1.2864456611575909e-03,
          1.9148356645750789e-01, 4.2768555535289592e-05,
          4.7720844019300102e-02, -9.9669408973963800e-03,
          -9.3835228772443657e-03, 7.6070715506216290e-03,
          5.8928890319107953e-03, 6.1392107612859952e-03,
          6.3671636608113899e-04, -7.1601096037417742e-04,
          4.2768555535289795e-05, 8.7185089861334560e-03,
          4.6657286833784602e-04, 6.8073066086468919e-04,
          -1.6719259851138513e-03, 4.5048523404427531e-04,
          3.4927060205607358e-03, 3.9272962514130365e-02,
          -6.9754493319620274e-04, 1.7612798781152662e-03,
          4.7720844019300102e-02, 4.6657286833784602e-04,
          2.4821782409365761e-02, 5.0298646371345270e-04,
          -2.0326150762058565e-03, 3.2669511908133379e-03,
          8.0447570918675063e-03, 8.6630755792640336e-03,
          1.2127845111560464e-04, 2.7935112074281392e-03,
          -9.9669408973963817e-03, 6.8073066086468898e-04,
          5.0298646371345248e-04, 8.0585451261782418e-02,
          2.4012171706819757e-03, 3.1509955526038780e-04,
          2.2820302980214452e-02, 2.1004441036484359e-02,
          -5.0904921076393129e-04, 2.2380261185282698e-03,
          -9.3835228772443657e-03, -1.6719259851138513e-03,
          -2.0326150762058565e-03, 2.4012171706819757e-03,
          1.8927159645260410e-02, 1.9479492264486745e-03,
          1.4444774146168581e-02, 2.3603751716599584e-02,
          -2.6459862718594229e-04, 4.7272011612273083e-04,
          7.6070715506216273e-03, 4.5048523404427521e-04,
          3.2669511908133388e-03, 3.1509955526038791e-04,
          1.9479492264486745e-03, 7.8488420826006138e-03 ]
intactC: !!opencv-matrix
   rows: 1
   cols: 5
   dt: d
   data: [ 2.4002813793610320e-01, 8.5258683155400722e-02,
       3.8974394750395804e-02, 5.6483545957970102e-02,
       2.4379961312258105e-01 ]
intactNumEvents: 187458.
intactMaxVals: !!opencv-matrix
   rows: 1
   cols: 10
   dt: d
   data: [ 4.5000000000000000e+00, 4.5000000000000000e+00,
       4.5000000000000000e+00, 4.5000000000000000e+00,
       4.5000000000000000e+00, 4.5000000000000000e+00,
       4.5000000000000000e+00, 4.5000000000000000e+00,
       4.5000000000000000e+00, 4.5000000000000000e+00 ]
CD19Gmmnames:
   - "CD19.47348.0"
   - "CD19.47348.1"
CD19Labels:
   - FSC-A
   - SSC-A
   - SY41
   - CD19
   - CD10
   - CD20
   - CD45
   - CD34
   - CD38
   - CD58
CD19Mu: !!opencv-matrix
   rows: 2
   cols: 10
   dt: d
   data: [ 1.5348334857928985e+00, 3.7509254799013370e-01,
       3.2114325658592393e+00, 2.8859096533961011e+00,
       1.2163389685077388e+00, 3.1350023679934709e+00,
       3.3047323646939679e+00, 1.1060452093234789e+00,
       1.7468098849961076e+00, 1.4816761422609557e+00,
       1.3536646983191789e+00, 2.7857677316127333e-01,
       3.1842188158078488e+00, 2.9048015459349856e+00,
       1.1073151176893992e+00, 3.0543678788060595e+00,
       3.2919940605249627e+00, 1.0807465093897879e+00,
       1.7172210511933590e+00, 1.1432287881313594e+00 ]
CD19Sigma:
   - !!opencv-matrix
      rows: 10
      cols: 10
      dt: d
      data: [ 9.7982268414047599e-02, 1.0827674024494992e-02,
          -7.9059343795809360e-03, 1.3065815106025088e-02,
          -1.2826073927540925e-02, 1.1554539873610919e-02,
          1.3727337622928836e-02, -2.1704668853806263e-03,
          6.7065412290190861e-04, 4.0935131315110965e-02,
          1.0827674024494992e-02, 1.1930033839316481e-02,
          9.2703574666315404e-04, 6.5784277788172429e-03,
          -4.7473713049837009e-03, 5.0245143781616191e-03,
          4.5089927768679518e-03, -7.8187455351367543e-04,
          1.1433610604140183e-03, 1.6678809078946432e-02,
          -7.9059343795809360e-03, 9.2703574666315393e-04,
          1.1898985422540292e-02, 1.0635770927759185e-03,
          6.2940113680130436e-04, 9.2804966404662391e-04,
          1.5431275491461336e-04, -3.2524523206683428e-04,
          4.6591902666551975e-04, -9.0127164361600962e-05,
          1.3065815106025091e-02, 6.5784277788172446e-03,
          1.0635770927759187e-03, 4.9475130945362204e-02,
          1.7966641956618967e-03, 2.7436501443811042e-02,
          8.8810942765624405e-03, 1.6906859964480386e-03,
          -2.5309308940919236e-03, 1.1506846356588576e-02,
          -1.2826073927540925e-02, -4.7473713049837009e-03,
          6.2940113680130447e-04, 1.7966641956618961e-03,
          8.6658165796422909e-02, 2.7822126539062851e-03,
          -3.9650853155530919e-06, -9.6335160864336189e-03,
          1.1122568009070148e-02, -1.4233510634277980e-02,
          1.1554539873610921e-02, 5.0245143781616191e-03,
          9.2804966404662446e-04, 2.7436501443811042e-02,
          2.7822126539062820e-03, 6.7581216201861333e-02,
          1.0714090759571956e-02, -1.5453758991965100e-04,
          -1.1402513920533849e-03, 1.0395702057884714e-02,
          1.3727337622928836e-02, 4.5089927768679518e-03,
          1.5431275491461325e-04, 8.8810942765624405e-03,
          -3.9650853155530216e-06, 1.0714090759571956e-02,
          1.8432157715902148e-02, 9.0650947170917780e-04,
          4.8481399312030361e-03, 1.2502051298950049e-02,
          -2.1704668853806254e-03, -7.8187455351367543e-04,
          -3.2524523206683449e-04, 1.6906859964480392e-03,
          -9.6335160864336206e-03, -1.5453758991965075e-04,
          9.0650947170917737e-04, 7.0597228772774190e-02,
          -5.5563214818724765e-04, -2.8487532194524205e-03,
          6.7065412290190959e-04, 1.1433610604140183e-03,
          4.6591902666551964e-04, -2.5309308940919236e-03,
          1.1122568009070148e-02, -1.1402513920533849e-03,
          4.8481399312030353e-03, -5.5563214818724743e-04,
          7.9934762693767952e-02, -2.2140381275860157e-03,
          4.0935131315110965e-02, 1.6678809078946432e-02,
          -9.0127164361601220e-05, 1.1506846356588576e-02,
          -1.4233510634277980e-02, 1.0395702057884719e-02,
          1.2502051298950045e-02, -2.8487532194524205e-03,
          -2.2140381275860157e-03, 1.3266371120613546e-01 ]
   - !!opencv-matrix
      rows: 10
      cols: 10
      dt: d
      data: [ 2.2454282553692580e-02, 3.0840296033523133e-03,
          -3.3295843749077294e-03, 4.7252235778118858e-03,
          -2.2634882621575315e-03, 2.8876559253666547e-03,
          7.5811505177113565e-03, -1.2392657427306587e-04,
          1.9710892797995708e-03, 1.2118247425954316e-02,
          3.0840296033523133e-03, 2.1420848298837028e-03,
          -3.1329592228911672e-04, 1.7481968264787162e-03,
          -5.7537062041263113e-05, 1.7174639712697558e-03,
          2.0846067447466690e-03, 1.8740661833735856e-05,
          7.2015148910921324e-04, 6.7884594794867040e-03,
          -3.3295843749077294e-03, -3.1329592228911672e-04,
          4.1609113530793199e-03, -9.6602894797089846e-04,
          1.5674900754478552e-03, 3.6058244127598512e-04,
          -1.5135016484682747e-03, 8.9277020429004943e-05,
          -8.4082156698363501e-04, -8.1224842710387376e-04,
          4.7252235778118858e-03, 1.7481968264787162e-03,
          -9.6602894797089901e-04, 2.0399796374438100e-02,
          4.7236953806272365e-04, 7.9309357610912682e-03,
          4.8447148096703004e-03, 2.8046471158580316e-05,
          2.3266747304924542e-03, 4.4140565206995204e-03,
          -2.2634882621575315e-03, -5.7537062041263133e-05,
          1.5674900754478552e-03, 4.7236953806272311e-04,
          1.4915482933999811e-02, 1.5103096847488410e-03,
          -2.8343604106720902e-04, -5.4636126578538257e-03,
          -1.1554182366787942e-04, -2.3133697016892088e-04,
          2.8876559253666534e-03, 1.7174639712697558e-03,
          3.6058244127598512e-04, 7.9309357610912717e-03,
          1.5103096847488406e-03, 3.2384773305309957e-02,
          3.3703165906183033e-03, 1.8994086591862623e-04,
          6.5038243260523440e-03, 6.5564091994241324e-04,
          7.5811505177113565e-03, 2.0846067447466690e-03,
          -1.5135016484682747e-03, 4.8447148096703013e-03,
          -2.8343604106720902e-04, 3.3703165906183033e-03,
          1.0222042367737379e-02, 2.0489612036363471e-04,
          4.3965055642959704e-03, 6.7830775340277042e-03,
          -1.2392657427306590e-04, 1.8740661833735850e-05,
          8.9277020429004916e-05, 2.8046471158580306e-05,
          -5.4636126578538266e-03, 1.8994086591862648e-04,
          2.0489612036363468e-04, 2.3543050153136694e-02,
          4.7761492674184717e-04, 8.3848802965776396e-04,
          1.9710892797995708e-03, 7.2015148910921270e-04,
          -8.4082156698363501e-04, 2.3266747304924533e-03,
          -1.1554182366787935e-04, 6.5038243260523423e-03,
          4.3965055642959713e-03, 4.7761492674184679e-04,
          3.5446183338426675e-02, -5.5662330627415961e-03,
          1.2118247425954316e-02, 6.7884594794867040e-03,
          -8.1224842710387376e-04, 4.4140565206995195e-03,
          -2.3133697016892066e-04, 6.5564091994241346e-04,
          6.7830775340277051e-03, 8.3848802965776341e-04,
          -5.5662330627415961e-03, 9.9523671710078532e-02 ]
CD19C: !!opencv-matrix
   rows: 1
   cols: 2
   dt: d
   data: [ 5.5338023033564214e-02, 2.7983754461448684e-01 ]
CD19NumEvents: 94548.
CD19MaxVals: !!opencv-matrix
   rows: 1
   cols: 10
   dt: d
   data: [ 4.5000000000000000e+00, 4.5000000000000000e+00,
       4.5000000000000000e+00, 4.5000000000000000e+00,
       4.5000000000000000e+00, 4.5000000000000000e+00,
       4.5000000000000000e+00, 4.5000000000000000e+00,
       4.5000000000000000e+00, 4.5000000000000000e+00 ]
blastGmmnames:
   - "blast.47348.0"
blastLabels:
   - FSC-A
   - SSC-A
   - SY41
   - CD19
   - CD10
   - CD20
   - CD45
   - CD34
   - CD38
   - CD58
blastMu: !!opencv-matrix
   rows: 1
   cols: 10
   dt: d
   data: [ 1.8430352769320524e+00, 6.2632930656022667e-01,
       3.3818750653085830e+00, 2.7996931860718544e+00,
       3.1576136124284959e+00, 1.6097740259351609e+00,
       1.6519330770154543e+00, 1.5563395883463607e+00,
       2.2463692819015888e+00, 2.5491144717494145e+00 ]
blastSigma:
   - !!opencv-matrix
      rows: 10
      cols: 10
      dt: d
      data: [ 6.7936718486903386e-02, 1.6298045990655884e-02,
          -7.5662195559676989e-03, 1.0423182475724782e-02,
          1.9567710550904345e-02, 2.5536854672383743e-03,
          3.9806772115258899e-03, 1.3693067667599488e-02,
          -2.1593664170621456e-02, 6.3385629599827060e-03,
          1.6298045990655884e-02, 1.8301885083005218e-02,
          -1.4030798483334157e-03, 2.2009632875825570e-03,
          5.3007172311202349e-03, -2.6555137903045319e-03,
          -1.5201049403717436e-03, 1.1723783448035456e-02,
          -1.7126574252814449e-02, 4.4794646635909719e-03,
          -7.5662195559676989e-03, -1.4030798483334157e-03,
          8.7368535594813893e-03, -8.2297947878910542e-04,
          1.7300127580844485e-03, -4.1815758388222121e-03,
          -6.2028239513793725e-03, 5.0133907600183039e-03,
          -4.1626572601707636e-03, 1.4440979958379224e-03,
          1.0423182475724782e-02, 2.2009632875825570e-03,
          -8.2297947878910542e-04, 2.4330081942390700e-02,
          2.0355336646696534e-04, 8.0244290740593173e-03,
          5.1505999410256841e-03, 2.7586019579235412e-04,
          9.0937149172535365e-04, -3.0807670396466993e-04,
          1.9567710550904345e-02, 5.3007172311202349e-03,
          1.7300127580844485e-03, 2.0355336646696534e-04,
          6.7490814815264172e-02, -1.2145733727915185e-02,
          -1.2855387320817081e-02, 2.0608139892803124e-02,
          -3.9801490955639063e-03, 8.1134278719967104e-03,
          2.5536854672383743e-03, -2.6555137903045319e-03,
          -4.1815758388222121e-03, 8.0244290740593173e-03,
          -1.2145733727915185e-02, 1.0832464895229649e-01,
          1.8909277302475734e-02, 9.7973426777481186e-03,
          2.9156985614034944e-02, -9.0338281124299237e-03,
          3.9806772115258899e-03, -1.5201049403717436e-03,
          -6.2028239513793725e-03, 5.1505999410256841e-03,
          -1.2855387320817081e-02, 1.8909277302475734e-02,
          7.8260396277393784e-02, -2.2694530734533567e-02,
          4.6221779870871248e-02, -7.9616912807708579e-03,
          1.3693067667599488e-02, 1.1723783448035456e-02,
          5.0133907600183039e-03, 2.7586019579235412e-04,
          2.0608139892803124e-02, 9.7973426777481186e-03,
          -2.2694530734533567e-02, 1.0916854429805625e-01,
          -2.6979715121657401e-02, 6.4936827912129187e-03,
          -2.1593664170621456e-02, -1.7126574252814449e-02,
          -4.1626572601707636e-03, 9.0937149172535365e-04,
          -3.9801490955639063e-03, 2.9156985614034944e-02,
          4.6221779870871248e-02, -2.6979715121657401e-02,
          1.8504810678899467e-01, -1.6374432957209979e-02,
          6.3385629599827060e-03, 4.4794646635909719e-03,
          1.4440979958379224e-03, -3.0807670396466993e-04,
          8.1134278719967104e-03, -9.0338281124299237e-03,
          -7.9616912807708579e-03, 6.4936827912129187e-03,
          -1.6374432957209979e-02, 1.2765175026638145e-02 ]
blastC: !!opencv-matrix
   rows: 1
   cols: 1
   dt: d
   data: [ 2.8005742949820285e-04 ]
blastNumEvents: 79.
blastMaxVals: !!opencv-matrix
   rows: 1
   cols: 10
   dt: d
   data: [ 4.5000000000000000e+00, 4.5000000000000000e+00,
       4.5000000000000000e+00, 4.5000000000000000e+00,
       4.5000000000000000e+00, 4.5000000000000000e+00,
       4.5000000000000000e+00, 4.5000000000000000e+00,
       4.5000000000000000e+00, 4.5000000000000000e+00 ]
