%YAML:1.0
---
groups:
   - intact
   - CD19
   - blast
intactGmmnames:
   - "intact.47572.0"
   - "intact.47572.1"
   - "intact.47572.2"
   - "intact.47572.3"
   - "intact.47572.4"
intactLabels:
   - FSC-A
   - SSC-A
   - SY41
   - CD19
   - CD10
   - CD20
   - CD45
   - CD34
   - CD38
   - CD58
intactMu: !!opencv-matrix
   rows: 5
   cols: 10
   dt: d
   data: [ 1.5084123085268304e+00, 5.1598942699863348e-01,
       2.8150724545244614e+00, 1.3003506105818516e+00,
       8.2876067331344039e-01, 1.2098728613815777e+00,
       3.2069711427341483e+00, 1.0009716691590826e+00,
       2.2416227710039993e+00, 1.7444714289242977e+00,
       1.1041491919944366e+00, 4.1739743873808433e-01,
       2.9279626208754621e+00, 1.2913989352286130e+00,
       1.2516878699671707e+00, 1.2075505787245022e+00,
       1.2571265336275397e+00, 1.0628445680175531e+00,
       1.5955317936763012e+00, 2.5835249675076279e+00,
       2.7145999500260913e+00, 3.4384947854403451e+00,
       2.9895787547349926e+00, 1.3211834601452026e+00,
       1.8974345841397182e+00, 1.2537229780724521e+00,
       2.5541462100982608e+00, 1.1642468260947991e+00,
       1.6612717921017608e+00, 2.3658469782365561e+00,
       1.2788863898410052e+00, 3.4652032657739679e-01,
       2.9359899433482899e+00, 1.2902418675059357e+00,
       8.3445134208150762e-01, 1.1930473979306813e+00,
       3.1217818802369357e+00, 1.0065369789586982e+00,
       1.6950508346813160e+00, 1.2322512513914594e+00,
       1.9262608451721281e+00, 1.1396359832662992e+00,
       3.1287428888661122e+00, 1.3541958567768029e+00,
       1.3995472130415794e+00, 1.3516438721448645e+00,
       2.2315734375834899e+00, 1.2122825309122662e+00,
       2.0807103032168004e+00, 2.3062616824905455e+00 ]
intactSigma:
   - !!opencv-matrix
      rows: 10
      cols: 10
      dt: d
      data: [ 6.5161870548187020e-02, 1.8331435209679128e-02,
          -1.2995712133611720e-02, 5.4470162516256416e-04,
          -5.1736610733367338e-03, -1.0944061701817760e-03,
          5.2072806468204027e-03, 3.3751622729882671e-03,
          1.3464790134809175e-02, 4.6074091217751162e-02,
          1.8331435209679128e-02, 2.2293961531383352e-02,
          -4.3436399977515487e-03, 7.9481732514312192e-04,
          -1.0709173553685447e-03, -1.4018469844215550e-04,
          2.4477592044528295e-03, 3.5002164965727742e-03,
          1.6379681233132482e-02, 4.2787099214221955e-02,
          -1.2995712133611720e-02, -4.3436399977515470e-03,
          1.0267669588360893e-01, -5.7387989118454458e-05,
          3.5234782815183863e-03, 4.4995663163199811e-04,
          -2.0413751464057862e-03, -1.2415409852656685e-03,
          -4.4031534355335016e-03, -2.2008815729274319e-02,
          5.4470162516256416e-04, 7.9481732514312192e-04,
          -5.7387989118454444e-05, 1.5520899349179490e-03,
          -3.0040998352282053e-03, -1.2607258184183439e-04,
          2.8349542283452492e-04, 2.7706441336948360e-04,
          6.3933340295680386e-03, 2.0138720065097314e-03,
          -5.1736610733367347e-03, -1.0709173553685447e-03,
          3.5234782815183855e-03, -3.0040998352282048e-03,
          5.9401189938289002e-02, -1.1190153743334959e-05,
          -7.2185046941411284e-04, -1.7453957071518398e-02,
          -1.3695637621359318e-02, 1.5427425858536555e-03,
          -1.0944061701817765e-03, -1.4018469844215525e-04,
          4.4995663163199741e-04, -1.2607258184183447e-04,
          -1.1190153743334803e-05, 4.7759977788395580e-02,
          6.4675990548544162e-04, 3.4881189335795519e-04,
          1.6997414136196664e-03, -1.4466940824936290e-03,
          5.2072806468204027e-03, 2.4477592044528295e-03,
          -2.0413751464057853e-03, 2.8349542283452502e-04,
          -7.2185046941411262e-04, 6.4675990548544141e-04,
          2.8075417554236436e-02, 9.1624445622458749e-04,
          1.1000055221000556e-02, 1.5051693648879353e-02,
          3.3751622729882662e-03, 3.5002164965727751e-03,
          -1.2415409852656689e-03, 2.7706441336948343e-04,
          -1.7453957071518398e-02, 3.4881189335795470e-04,
          9.1624445622458717e-04, 5.6295719669263437e-02,
          6.9923258696940674e-03, 7.4513706337349158e-03,
          1.3464790134809180e-02, 1.6379681233132479e-02,
          -4.4031534355335016e-03, 6.3933340295680369e-03,
          -1.3695637621359317e-02, 1.6997414136196670e-03,
          1.1000055221000556e-02, 6.9923258696940657e-03,
          2.7217166836231182e-01, 3.7506739966194372e-02,
          4.6074091217751169e-02, 4.2787099214221962e-02,
          -2.2008815729274312e-02, 2.0138720065097319e-03,
          1.5427425858536568e-03, -1.4466940824936277e-03,
          1.5051693648879353e-02, 7.4513706337349141e-03,
          3.7506739966194379e-02, 1.9687552680962558e-01 ]
   - !!opencv-matrix
      rows: 10
      cols: 10
      dt: d
      data: [ 8.8532534422472026e-02, 2.7921975811961118e-02,
          2.1503801099638391e-02, 1.3580134320418835e-03,
          2.8118049143048000e-02, 2.9033747109571545e-03,
          1.9962772509886574e-02, 5.0068869294216060e-03,
          1.1728051676863411e-02, 2.4860498781790724e-02,
          2.7921975811961118e-02, 1.7793852509298061e-02,
          9.5273107548733676e-03, 6.9336283864608020e-04,
          1.3722812857648099e-02, 1.6856550042291386e-03,
          1.0717995178872283e-02, 2.9819099485488272e-03,
          5.9066033080704163e-03, 1.2849159744524297e-02,
          2.1503801099638391e-02, 9.5273107548733676e-03,
          1.3276950281699218e-01, 1.5301463224317968e-03,
          3.0346847386518116e-02, 4.4505755991220263e-03,
          2.2303523989147533e-02, 2.4488292138644123e-03,
          9.0374827350786172e-03, 1.2039375204555454e-02,
          1.3580134320418838e-03, 6.9336283864607987e-04,
          1.5301463224317972e-03, 2.0746156578299924e-03,
          -2.2937311030063155e-03, -2.8871492534079912e-05,
          1.0643759296045251e-03, 1.7902860972774604e-04,
          7.8835785621037132e-04, 6.8628957074891306e-04,
          2.8118049143048000e-02, 1.3722812857648098e-02,
          3.0346847386518112e-02, -2.2937311030063155e-03,
          1.3873183142738177e-01, 3.6425834032671489e-03,
          1.8201320897374848e-02, -5.0931632394144036e-03,
          1.1208977052376104e-02, 2.0221637548681913e-02,
          2.9033747109571545e-03, 1.6856550042291386e-03,
          4.4505755991220263e-03, -2.8871492534079912e-05,
          3.6425834032671489e-03, 9.5737137943036829e-03,
          2.6958570038902643e-03, 7.5263569965852196e-04,
          1.9672903094922510e-04, 1.4657277425230736e-03,
          1.9962772509886574e-02, 1.0717995178872283e-02,
          2.2303523989147533e-02, 1.0643759296045255e-03,
          1.8201320897374845e-02, 2.6958570038902643e-03,
          4.8929832382233023e-02, 2.5676399332150374e-03,
          1.0671415943086087e-02, 4.6244975806368762e-03,
          5.0068869294216060e-03, 2.9819099485488272e-03,
          2.4488292138644119e-03, 1.7902860972774588e-04,
          -5.0931632394144036e-03, 7.5263569965852174e-04,
          2.5676399332150365e-03, 4.0181792139915601e-02,
          1.6375995568887276e-03, 3.1688731160048784e-03,
          1.1728051676863411e-02, 5.9066033080704163e-03,
          9.0374827350786172e-03, 7.8835785621037132e-04,
          1.1208977052376102e-02, 1.9672903094922493e-04,
          1.0671415943086087e-02, 1.6375995568887276e-03,
          9.9955453817531723e-03, 6.9034142400773730e-03,
          2.4860498781790721e-02, 1.2849159744524297e-02,
          1.2039375204555456e-02, 6.8628957074891306e-04,
          2.0221637548681913e-02, 1.4657277425230736e-03,
          4.6244975806368762e-03, 3.1688731160048776e-03,
          6.9034142400773730e-03, 2.4296689074082382e-02 ]
   - !!opencv-matrix
      rows: 10
      cols: 10
      dt: d
