%YAML:1.0
---
groups:
   - intact
   - CD19
intactGmmnames:
   - "intact.47591.0"
   - "intact.47591.1"
   - "intact.47591.2"
   - "intact.47591.3"
   - "intact.47591.4"
intactLabels:
   - FSC-A
   - SSC-A
   - SY41
   - CD19
   - CD10
   - CD20
   - CD45
   - CD34
   - CD38
   - CD58
intactMu: !!opencv-matrix
   rows: 5
   cols: 10
   dt: d
   data: [ 1.6251375091632758e+00, 2.9897868182757942e-01,
       2.3773369953724326e+00, 1.1633608846212959e+00,
       1.0467422626374288e+00, 1.2930718539846733e+00,
       3.3902908065574522e+00, 9.8253493219797006e-01,
       1.6370165947741251e+00, 1.0842951221677690e+00,
       2.8496593484841717e+00, 2.8681075986865459e+00,
       2.6741789169801686e+00, 1.2251863490970012e+00,
       1.7304805036713364e+00, 1.3341344441429654e+00,
       2.8470029420591616e+00, 1.1494981897021819e+00,
       1.6936478590426010e+00, 2.4033588697908046e+00,
       1.6272595084552073e+00, 2.7241650277429563e-01,
       2.3309217751439113e+00, 1.1653401293024288e+00,
       1.0108339740912595e+00, 1.2996608230462365e+00,
       3.3638812937234972e+00, 9.7520459148886474e-01,
       2.0376853800982886e+00, 1.0451558745558960e+00,
       1.9027208642167421e+00, 4.3586418412123923e-01,
       2.2505060567445927e+00, 1.1609130224097506e+00,
       1.0021101875853176e+00, 1.2362455503941590e+00,
       3.4396878480871305e+00, 9.8094539545706105e-01,
       1.6211005880845242e+00, 1.9101851875499212e+00,
       1.9222957985465248e+00, 5.9722880604403383e-01,
       2.3399144848312274e+00, 1.2280280301249096e+00,
       1.1367670508932568e+00, 1.3850175777672402e+00,
       3.4227388101580223e+00, 1.0168036342583049e+00,
       2.3054510875541712e+00, 1.7004348436130314e+00 ]
intactSigma:
   - !!opencv-matrix
      rows: 10
      cols: 10
      dt: d
      data: [ 9.1852932940446469e-02, 8.5586610012012704e-03,
          -1.1005569121072790e-02, -8.8623516673756373e-04,
          -1.1460839658754718e-02, -1.1910143178925005e-03,
          6.4784009632168045e-03, 1.3381134509880938e-03,
          -3.9933003784814146e-03, -1.7988385470698734e-03,
          8.5586610012012704e-03, 5.1802286149184775e-03,
          -1.3411426466043638e-03, -1.5068051299029920e-07,
          -8.8803356929988120e-04, -2.3517145654265424e-04,
          2.8632017560250916e-03, 7.7373234720655275e-04,
          -2.3515060042004704e-03, 1.4021421850337180e-02,
          -1.1005569121072794e-02, -1.3411426466043638e-03,
          3.6002248008322427e-02, 6.0985406187668895e-04,
          6.8613467623012542e-03, 9.4066900744792020e-04,
          -5.0424049461107810e-04, 3.2816144901210977e-04,
          1.1769583140380953e-03, 6.4156734724883022e-03,
          -8.8623516673756351e-04, -1.5068051299033006e-07,
          6.0985406187668916e-04, 2.9461605101089618e-03,
          -1.3584563178409051e-03, -9.9038781063754685e-05,
          -1.6687677571252128e-04, 1.7022034899943884e-04,
          2.3197924702871915e-04, 9.2667798887674784e-04,
          -1.1460839658754720e-02, -8.8803356929988120e-04,
          6.8613467623012550e-03, -1.3584563178409051e-03,
          1.5768842728368978e-02, 1.8201908864049746e-04,
          -4.6623398403140907e-04, -7.6287322505579590e-03,
          -4.0424210195609994e-04, 6.9583523449474180e-03,
          -1.1910143178925001e-03, -2.3517145654265424e-04,
          9.4066900744792031e-04, -9.9038781063754712e-05,
          1.8201908864049737e-04, 4.4935458330731190e-03,
          -2.1740233243542527e-04, 2.5252314194607284e-04,
          -5.1430797099890626e-04, -1.8233919907233484e-03,
          6.4784009632168063e-03, 2.8632017560250916e-03,
          -5.0424049461107799e-04, -1.6687677571252131e-04,
          -4.6623398403140907e-04, -2.1740233243542533e-04,
          6.3234722087287653e-03, 1.6144394201823739e-04,
          -1.0352804936906517e-03, 7.3129069943191844e-03,
          1.3381134509880942e-03, 7.7373234720655275e-04,
          3.2816144901210987e-04, 1.7022034899943889e-04,
          -7.6287322505579590e-03, 2.5252314194607289e-04,
          1.6144394201823750e-04, 6.2819345702813667e-02,
          6.3711569656080041e-04, 4.1415243728584513e-03,
          -3.9933003784814137e-03, -2.3515060042004713e-03,
          1.1769583140380953e-03, 2.3197924702871920e-04,
          -4.0424210195609989e-04, -5.1430797099890615e-04,
          -1.0352804936906515e-03, 6.3711569656079976e-04,
          1.2941061019734766e-02, -9.8477035381939870e-03,
          -1.7988385470698721e-03, 1.4021421850337180e-02,
          6.4156734724883013e-03, 9.2667798887674741e-04,
          6.9583523449474197e-03, -1.8233919907233479e-03,
          7.3129069943191844e-03, 4.1415243728584513e-03,
          -9.8477035381939904e-03, 1.7229052070700332e-01 ]
   - !!opencv-matrix
      rows: 10
      cols: 10
      dt: d
      data: [ 4.3620416676117763e-01, 3.5597707002234052e-01,
          6.0152210965281842e-03, 1.1009198527998504e-03,
          4.3755253979874731e-02, 2.9153463990889633e-03,
          7.0252154572787731e-02, -6.2194880475429353e-03,
          2.0426752210963753e-02, 6.6331926341255426e-02,
          3.5597707002234052e-01, 5.9233578417227273e-01,
          1.7739336807470120e-02, 4.4893635335204801e-03,
          8.5944521855491687e-02, 2.9352754562120384e-03,
          1.1352470157985019e-01, -3.3688037831943515e-03,
          2.5916087207023542e-02, 7.7287686482469711e-02,
          6.0152210965281842e-03, 1.7739336807470120e-02,
          3.2528722932948291e-02, 6.4099013597114409e-04,
          4.8232552590029487e-03, 1.1418737200627896e-03,
          9.2688332626806574e-03, 2.0722941684130779e-03,
          -2.6598089305861488e-04, 5.2384735855170034e-03,
          1.1009198527998504e-03, 4.4893635335204801e-03,
          6.4099013597114388e-04, 1.1030494423423274e-02,
          8.2322104147898485e-03, -1.2635953338264704e-04,
          3.7214606316783496e-03, -6.1853363963522835e-04,
          1.8810865665312658e-03, 1.7021623375035261e-03,
          4.3755253979874738e-02, 8.5944521855491701e-02,
          4.8232552590029487e-03, 8.2322104147898485e-03,
          1.5266943373373967e-01, -2.3552805175952041e-03,
          4.1846091545842713e-02, -1.1054776149444287e-02,
          6.5650684761926785e-03, 1.9820356003535971e-02,
          2.9153463990889638e-03, 2.9352754562120397e-03,
          1.1418737200627896e-03, -1.2635953338264707e-04,
          -2.3552805175952041e-03, 8.5262695419619124e-03,
          2.5192299251674855e-04, 2.3842524992146175e-03,
          -1.4661053460477528e-03, 1.7470898657306587e-04,
          7.0252154572787731e-02, 1.1352470157985019e-01,
          9.2688332626806574e-03, 3.7214606316783500e-03,
          4.1846091545842727e-02, 2.5192299251674839e-04,
          1.0845991064313820e-01, 1.5252177547088075e-03,
          9.1353207814312103e-03, 2.3445954575584300e-02,
          -6.2194880475429318e-03, -3.3688037831943510e-03,
          2.0722941684130766e-03, -6.1853363963522868e-04,
          -1.1054776149444287e-02, 2.3842524992146183e-03,
          1.5252177547088082e-03, 1.5811766538189956e-01,
          1.8249150634512335e-03, -1.4480989960518557e-04,
          2.0426752210963753e-02, 2.5916087207023542e-02,
          -2.6598089305861515e-04, 1.8810865665312654e-03,
          6.5650684761926793e-03, -1.4661053460477528e-03,
          9.1353207814312103e-03, 1.8249150634512339e-03,
          1.6659978012623748e-02, 1.0303673272927204e-02,
          6.6331926341255426e-02, 7.7287686482469711e-02,
          5.2384735855170034e-03, 1.7021623375035257e-03,
          1.9820356003535971e-02, 1.7470898657306587e-04,
          2.3445954575584300e-02, -1.4480989960518519e-04,
          1.0303673272927204e-02, 5.0242207913465516e-02 ]
   - !!opencv-matrix
      rows: 10
      cols: 10
      dt: d
