%YAML:1.0
---
groups:
   - intact
   - CD19
   - blast
intactGmmnames:
   - "intact.47615.0"
   - "intact.47615.1"
   - "intact.47615.2"
   - "intact.47615.3"
   - "intact.47615.4"
intactLabels:
   - FSC-A
   - SSC-A
   - SY41
   - CD19
   - CD10
   - CD20
   - CD45
   - CD34
   - CD38
   - CD58
intactMu: !!opencv-matrix
   rows: 5
   cols: 10
   dt: d
   data: [ 2.1354661586614094e+00, 1.1769308326529151e+00,
       3.1775725994624024e+00, 1.3586514207935918e+00,
       1.2664597563113127e+00, 1.3797779312980800e+00,
       2.7134426693012696e+00, 1.3524195563678698e+00,
       1.8190858469354834e+00, 2.1517395684461285e+00,
       1.7201804879774505e+00, 2.9357422224718227e-01,
       3.1727254778871683e+00, 1.2165433958519534e+00,
       8.6379063954932278e-01, 1.2625278624390328e+00,
       3.2395091459138774e+00, 1.1249630596269817e+00,
       1.6684707338504479e+00, 1.0487084504094408e+00,
       1.9766037258376010e+00, 4.4814537961215123e-01,
       2.9939428798245613e+00, 1.2118256482618335e+00,
       7.7927766750112637e-01, 1.2511891581069623e+00,
       3.3046716091816459e+00, 1.1238040365353033e+00,
       1.5495046980072658e+00, 1.8803009218562441e+00,
       3.2862916259432380e+00, 2.7651626517001402e+00,
       3.3411944239139899e+00, 1.2870849997862492e+00,
       1.9736583080288645e+00, 1.3198250399703133e+00,
       2.8877060308974523e+00, 1.2652386938399882e+00,
       1.6875589710314136e+00, 2.4198203452441343e+00,
       2.0295831925182681e+00, 4.8856811882130752e-01,
       2.9219318043878939e+00, 1.2248918104689237e+00,
       7.5445165074488052e-01, 1.2624833527155210e+00,
       3.3230175207582731e+00, 1.1274447813847781e+00,
       2.4438525622180860e+00, 1.7351711505449006e+00 ]
intactSigma:
   - !!opencv-matrix
      rows: 10
      cols: 10
      dt: d
      data: [ 6.8396840723574304e-01, 4.8254572904810800e-01,
          -3.0559261891592315e-02, 5.1383372316678472e-02,
          1.4382892303940961e-01, 1.2698629874208400e-02,
          2.6003921338808422e-01, 5.4731536462503956e-02,
          1.5055774244805484e-01, 9.2045168883663514e-02,
          4.8254572904810800e-01, 7.8334619986586040e-01,
          3.8473034850597344e-03, 6.3159771637131268e-02,
          2.5336072132381421e-01, 9.1526712249710152e-03,
          2.2035438755177611e-01, 4.1379302889044400e-02,
          8.7618890553308640e-02, 8.5886214867642571e-02,
          -3.0559261891592322e-02, 3.8473034850597357e-03,
          6.9936990541420593e-02, 1.2201872769668342e-02,
          3.7080768187350087e-02, 1.0331584736345271e-02,
          -2.4894090037381879e-03, 3.6740870249859538e-03,
          -1.9632298214353801e-03, 5.3043325142277309e-03,
          5.1383372316678472e-02, 6.3159771637131268e-02,
          1.2201872769668342e-02, 1.1652244560180117e-01,
          1.2092638423426129e-01, 6.8526418502342923e-02,
          3.2142775588524054e-02, -1.3668614127045351e-03,
          3.2408436006976550e-02, 5.0668699204376019e-03,
          1.4382892303940961e-01, 2.5336072132381421e-01,
          3.7080768187350087e-02, 1.2092638423426126e-01,
          4.3077240548364693e-01, 4.7825139460020927e-02,
          9.4612228780925678e-02, 1.6333406148149834e-02,
          2.4242110137929464e-02, 7.4070178019776695e-02,
          1.2698629874208400e-02, 9.1526712249710186e-03,
          1.0331584736345271e-02, 6.8526418502342923e-02,
          4.7825139460020927e-02, 1.1677145464517918e-01,
          2.9945658267025294e-02, 6.0295868436407796e-03,
          1.9133500706837593e-02, -4.3749592931006083e-03,
          2.6003921338808422e-01, 2.2035438755177611e-01,
          -2.4894090037381866e-03, 3.2142775588524054e-02,
          9.4612228780925664e-02, 2.9945658267025301e-02,
          4.6587959441281057e-01, 6.8856600209001223e-02,
          1.0276426997873229e-01, -6.3991187737982734e-03,
          5.4731536462503956e-02, 4.1379302889044400e-02,
          3.6740870249859551e-03, -1.3668614127045351e-03,
          1.6333406148149834e-02, 6.0295868436407796e-03,
          6.8856600209001237e-02, 1.7092410601208077e-01,
          5.9767408713085612e-03, 7.2271554534563215e-02,
          1.5055774244805484e-01, 8.7618890553308640e-02,
          -1.9632298214353797e-03, 3.2408436006976550e-02,
          2.4242110137929467e-02, 1.9133500706837593e-02,
          1.0276426997873229e-01, 5.9767408713085595e-03,
          1.7437195905054476e-01, 4.4575722651676378e-02,
          9.2045168883663528e-02, 8.5886214867642571e-02,
          5.3043325142277309e-03, 5.0668699204376036e-03,
          7.4070178019776708e-02, -4.3749592931006083e-03,
          -6.3991187737982760e-03, 7.2271554534563243e-02,
          4.4575722651676378e-02, 2.9746018256340900e-01 ]
   - !!opencv-matrix
      rows: 10
      cols: 10
      dt: d
      data: [ 8.6173337742167538e-02, 7.9595823902219327e-03,
          -1.5301706272138052e-02, -4.4646486612777577e-04,
          -1.9673637046790777e-02, -1.2870627673274918e-03,
          6.0522720373001977e-03, 7.4989323533497694e-04,
          2.1547121716403801e-04, 3.0765674588283686e-03,
          7.9595823902219327e-03, 5.8409683058614388e-03,
          -2.7279142631296532e-03, 7.1864571016882461e-05,
          -2.0804219749120316e-03, 1.1629441156877328e-04,
          2.6401126110322578e-03, 7.9629397823705657e-04,
          -1.9845836654087032e-03, 1.8859701591135061e-02,
          -1.5301706272138052e-02, -2.7279142631296532e-03,
          1.4238722598269042e-02, 3.8319492547043380e-04,
          1.1980969918728906e-02, 6.1853956286377120e-04,
          -1.7051050067166422e-03, 1.5596677579655021e-04,
          6.5080539642842206e-04, 3.5578920500076426e-03,
          -4.4646486612777588e-04, 7.1864571016882461e-05,
          3.8319492547043391e-04, 1.3803855397967512e-03,
          -1.4873047690971296e-03, 1.2219619596247280e-06,
          -1.1296829889429270e-05, 2.2612382389401017e-04,
          2.8848140273424980e-04, 1.3403116537853629e-03,
          -1.9673637046790777e-02, -2.0804219749120311e-03,
          1.1980969918728906e-02, -1.4873047690971296e-03,
          5.6946185024444013e-02, 2.8649959999566530e-04,
          -7.2359727660401463e-04, -1.2947841378918653e-02,
          -1.9814787171468064e-03, 7.1707068722654775e-03,
          -1.2870627673274920e-03, 1.1629441156877320e-04,
          6.1853956286377131e-04, 1.2219619596247350e-06,
          2.8649959999566530e-04, 6.3033061966043117e-03,
          -3.0884663521590905e-04, 2.8699156689383955e-04,
          -1.9359755043214142e-03, 6.3443465795372787e-04,
          6.0522720373001977e-03, 2.6401126110322578e-03,
          -1.7051050067166413e-03, -1.1296829889429294e-05,
          -7.2359727660401463e-04, -3.0884663521590905e-04,
          6.9198821752526427e-03, 1.5821808338416064e-04,
          -1.2181346424129415e-03, 2.5370106367753795e-03,
          7.4989323533497640e-04, 7.9629397823705636e-04,
          1.5596677579655000e-04, 2.2612382389401012e-04,
          -1.2947841378918653e-02, 2.8699156689383955e-04,
          1.5821808338416051e-04, 2.4291949964726885e-02,
          2.2767448717304250e-04, 5.7970492933586233e-03,
          2.1547121716403766e-04, -1.9845836654087032e-03,
          6.5080539642842206e-04, 2.8848140273424959e-04,
          -1.9814787171468064e-03, -1.9359755043214142e-03,
          -1.2181346424129413e-03, 2.2767448717304255e-04,
          2.1808290996897791e-02, 2.0912312426772800e-03,
          3.0765674588283695e-03, 1.8859701591135061e-02,
          3.5578920500076426e-03, 1.3403116537853625e-03,
          7.1707068722654758e-03, 6.3443465795372765e-04,
          2.5370106367753800e-03, 5.7970492933586233e-03,
          2.0912312426772817e-03, 2.1498055357080251e-01 ]
   - !!opencv-matrix
      rows: 10
      cols: 10
      dt: d
