%YAML:1.0
---
groups:
   - intact
   - CD19
   - blast
intactGmmnames:
   - "intact.47731.0"
   - "intact.47731.1"
   - "intact.47731.2"
   - "intact.47731.3"
   - "intact.47731.4"
intactLabels:
   - FSC-A
   - SSC-A
   - SY41
   - CD19
   - CD10
   - CD20
   - CD45
   - CD34
   - CD38
   - CD58
intactMu: !!opencv-matrix
   rows: 5
   cols: 10
   dt: d
   data: [ 1.5949339255789243e+00, 4.2042736332565933e-01,
       2.3716090886367520e+00, 1.3034876796009165e+00,
       9.9087413222779852e-01, 1.1927508126928885e+00,
       3.5426921909871458e+00, 1.1005814659824140e+00,
       2.0762661172207491e+00, 1.8539541252734091e+00,
       2.8439292986782858e+00, 2.7183440557160807e+00,
       2.5078967118860800e+00, 1.3905205451219584e+00,
       2.3324867359736086e+00, 1.4252087041217580e+00,
       2.8294902447095045e+00, 1.2726883468266208e+00,
       1.9293264279480964e+00, 2.4144029521645165e+00,
       1.3079531049842967e+00, 2.7975005140130027e-01,
       2.5482925925073650e+00, 1.3031698784293471e+00,
       9.9300445781455471e-01, 1.2875788257528871e+00,
       3.3591304271900735e+00, 1.0973303243388319e+00,
       1.9473668153084449e+00, 1.0308257322564234e+00,
       1.1519384636057348e+00, 3.8358091875967443e-01,
       2.5724071414874254e+00, 1.3164426900313906e+00,
       1.1371837007300609e+00, 1.3089429193158191e+00,
       1.6166188890026727e+00, 1.1583890295800257e+00,
       1.6935658511992753e+00, 2.5934878041768687e+00,
       2.1633542777114534e+00, 1.2463029665477641e+00,
       2.6852676093620240e+00, 1.3978366969635088e+00,
       1.2984626102045658e+00, 1.4455774758570128e+00,
       2.8806365500499909e+00, 1.2786914351365883e+00,
       2.4566741225638440e+00, 2.3390619184586625e+00 ]
intactSigma:
   - !!opencv-matrix
      rows: 10
      cols: 10
      dt: d
      data: [ 4.0626773074799553e-02, 4.4817508345025578e-03,
          -3.8405443595997866e-03, 6.3582738858975320e-05,
          -1.2485189356725287e-03, -2.2043145211383757e-03,
          5.2983076712929131e-03, 5.4692454582190271e-04,
          4.3921916559663812e-03, 7.0568639547976117e-03,
          4.4817508345025578e-03, 5.4475432796419580e-03,
          -9.8085612643559919e-04, 2.0617454719872979e-04,
          3.2687568617499098e-04, -3.3441479458686657e-04,
          1.6686108460221135e-03, 4.5273997632337850e-04,
          6.4141781031042599e-03, 7.2735895912101715e-03,
          -3.8405443595997861e-03, -9.8085612643559941e-04,
          8.9594136128235177e-02, 3.7296724787808204e-05,
          1.6019983866152089e-03, 1.2026717061485784e-03,
          -1.6149548126078194e-03, 6.9391998828983634e-04,
          -5.5197104636767235e-03, -8.9064674233038622e-04,
          6.3582738858975401e-05, 2.0617454719872990e-04,
          3.7296724787808191e-05, 1.6656482372401529e-03,
          -1.7313932227978116e-03, 1.4588076954684488e-05,
          -3.8655804242603470e-04, 3.2280271175587886e-04,
          5.0546650525383286e-03, 4.1357184546541117e-04,
          -1.2485189356725285e-03, 3.2687568617499098e-04,
          1.6019983866152091e-03, -1.7313932227978116e-03,
          1.7739314277247113e-02, -2.1644618562942773e-04,
          5.3847653723635813e-04, -4.9172013453791892e-03,
          -2.3784197781396813e-03, 9.9457004907085064e-04,
          -2.2043145211383770e-03, -3.3441479458686674e-04,
          1.2026717061485778e-03, 1.4588076954684465e-05,
          -2.1644618562942765e-04, 2.0641032452951097e-02,
          -2.5287280491815296e-03, -2.2633602688127663e-06,
          6.3460311961688696e-03, -2.3474628056937654e-03,
          5.2983076712929131e-03, 1.6686108460221135e-03,
          -1.6149548126078194e-03, -3.8655804242603448e-04,
          5.3847653723635780e-04, -2.5287280491815300e-03,
          1.0185107517195955e-02, 2.9884497802996931e-05,
          -8.0972538212739850e-03, 3.9914082822921819e-03,
          5.4692454582190239e-04, 4.5273997632337850e-04,
          6.9391998828983667e-04, 3.2280271175587870e-04,
          -4.9172013453791892e-03, -2.2633602688126952e-06,
          2.9884497802996941e-05, 1.9914975567437220e-02,
          5.4216534912547175e-04, 1.6709786907050247e-03,
          4.3921916559663821e-03, 6.4141781031042617e-03,
          -5.5197104636767217e-03, 5.0546650525383286e-03,
          -2.3784197781396804e-03, 6.3460311961688713e-03,
          -8.0972538212739850e-03, 5.4216534912547175e-04,
          2.4896074669417667e-01, -2.6094518860976571e-03,
          7.0568639547976117e-03, 7.2735895912101715e-03,
          -8.9064674233038600e-04, 4.1357184546541122e-04,
          9.9457004907085064e-04, -2.3474628056937667e-03,
          3.9914082822921819e-03, 1.6709786907050251e-03,
          -2.6094518860976571e-03, 4.7470248738797793e-02 ]
   - !!opencv-matrix
      rows: 10
      cols: 10
      dt: d
      data: [ 2.2145370348375207e-01, 1.9270540684013565e-01,
          -2.0857738869419832e-02, 2.9112731694219004e-03,
          -6.0886905462232983e-03, 8.0685449870211562e-03,
          3.7117453294673408e-03, 1.3375202478495083e-02,
          2.5637095686219545e-02, 1.3497259968619871e-02,
          1.9270540684013565e-01, 4.3970518982074902e-01,
          -5.7854280716995395e-02, 1.4208187315165698e-02,
          1.1491335801746537e-01, 6.2678541076476649e-03,
          4.7896466436622417e-02, 2.5046543421786444e-02,
          3.2018849777398654e-02, 3.1128088867853787e-02,
          -2.0857738869419835e-02, -5.7854280716995402e-02,
          8.1147422870722130e-02, -2.8940904254983945e-03,
          -3.1668194822631841e-02, 1.9375891518034875e-03,
          -1.1157710511882746e-02, -4.3529582240215076e-03,
          6.5126985211433396e-04, -4.7907812466392221e-03,
          2.9112731694218999e-03, 1.4208187315165698e-02,
          -2.8940904254983950e-03, 1.5530594511351482e-02,
          1.6416877301643509e-02, -5.5570121878551675e-04,
          7.5835456776934740e-03, 1.9994785362744817e-03,
          4.1373492163749928e-03, 1.9029409348266645e-03,
          -6.0886905462233009e-03, 1.1491335801746537e-01,
          -3.1668194822631841e-02, 1.6416877301643505e-02,
          2.1375696161748101e-01, -1.6498088001747481e-03,
          6.6797822597143786e-02, 6.2656954412140418e-03,
          -2.7799382769670084e-03, 1.3514434073841423e-02,
          8.0685449870211562e-03, 6.2678541076476623e-03,
          1.9375891518034882e-03, -5.5570121878551653e-04,
          -1.6498088001747487e-03, 1.4219452879497111e-02,
          -1.4767076447069798e-04, 9.1282801142193531e-04,
          -5.6892074928777819e-04, 7.3088116163735678e-04,
          3.7117453294673369e-03, 4.7896466436622417e-02,
          -1.1157710511882742e-02, 7.5835456776934740e-03,
          6.6797822597143772e-02, -1.4767076447069823e-04,
          3.6497189110768276e-02, 3.6378564618652202e-03,
          1.6024157472989944e-03, 4.4858055053082612e-03,
          1.3375202478495078e-02, 2.5046543421786437e-02,
          -4.3529582240215093e-03, 1.9994785362744821e-03,
          6.2656954412140418e-03, 9.1282801142193563e-04,
          3.6378564618652211e-03, 5.7548679274003478e-02,
          2.3708057986945282e-03, 2.5196265437715669e-03,
          2.5637095686219549e-02, 3.2018849777398647e-02,
          6.5126985211433385e-04, 4.1373492163749919e-03,
          -2.7799382769670093e-03, -5.6892074928777809e-04,
          1.6024157472989938e-03, 2.3708057986945282e-03,
          2.9680859289961267e-02, 4.1779720453900349e-03,
          1.3497259968619873e-02, 3.1128088867853787e-02,
          -4.7907812466392221e-03, 1.9029409348266645e-03,
          1.3514434073841427e-02, 7.3088116163735667e-04,
          4.4858055053082612e-03, 2.5196265437715678e-03,
          4.1779720453900349e-03, 1.1884557302572376e-02 ]
   - !!opencv-matrix
      rows: 10
      cols: 10
      dt: d
