%YAML:1.0
---
groups:
   - intact
   - CD19
   - blast
intactGmmnames:
   - "intact.47773.0"
   - "intact.47773.1"
   - "intact.47773.2"
   - "intact.47773.3"
   - "intact.47773.4"
intactLabels:
   - FSC-A
   - SSC-A
   - SY41
   - CD19
   - CD10
   - CD20
   - CD45
   - CD34
   - CD38
   - CD58
intactMu: !!opencv-matrix
   rows: 5
   cols: 10
   dt: d
   data: [ 1.8165827387166138e+00, 1.1278777364919446e+00,
       3.2007322814336292e+00, 1.3683442487159316e+00,
       1.4351517455687128e+00, 1.4582697094048291e+00,
       2.5563773458178898e+00, 1.4220241892165144e+00,
       2.3174332637081929e+00, 2.3222667186462753e+00,
       1.0613436399844269e+00, 2.2237561076477075e-01,
       2.9729758305399057e+00, 1.3171391278175451e+00,
       9.2565395972176079e-01, 1.3541434460145962e+00,
       3.3003387401041224e+00, 1.2430541200014231e+00,
       1.7972108010726220e+00, 1.1316951960367920e+00,
       9.4191729671013036e-01, 3.3167069976773367e-01,
       3.1052842075387730e+00, 1.3113324534971036e+00,
       1.2261005506427292e+00, 1.3705221101871237e+00,
       1.2220573424254748e+00, 1.1526756732337844e+00,
       1.6876637204467622e+00, 2.5239453786389401e+00,
       2.2750862604135849e+00, 2.2021987018395435e+00,
       3.1356061581588439e+00, 1.3553329001393903e+00,
       2.2822383802984119e+00, 1.3898199159652334e+00,
       2.9495768555292825e+00, 1.2993427656579606e+00,
       1.8387747717899694e+00, 2.3028086126255620e+00,
       1.2333590236764487e+00, 3.6508972218787550e-01,
       2.9705702046477209e+00, 1.3317826978972371e+00,
       9.1773755050674444e-01, 1.3535773579854629e+00,
       3.3891411466005632e+00, 1.3534194604483611e+00,
       2.2475242116581913e+00, 1.6455800133884193e+00 ]
intactSigma:
   - !!opencv-matrix
      rows: 10
      cols: 10
      dt: d
      data: [ 6.4588078967408979e-01, 4.2757630367881688e-01,
          -1.8277846965603202e-02, 2.7292193137339626e-03,
          -8.3074454772671547e-03, -2.8040872467356173e-02,
          2.5863905378607688e-01, 3.6492170844692577e-02,
          1.3559647507653078e-01, 1.2725133602135791e-01,
          4.2757630367881683e-01, 6.1122190873774584e-01,
          -2.7635998583318052e-02, 8.9201903924063432e-03,
          2.3813965910602704e-02, -1.4637832765778415e-02,
          2.8550870354383889e-01, 2.3470094405656835e-02,
          9.0605800638051640e-02, 6.8608929633524746e-02,
          -1.8277846965603202e-02, -2.7635998583318052e-02,
          9.7767025480162084e-02, -3.0398649940361648e-03,
          3.0415117437841293e-02, 2.8033881572223805e-03,
          -6.3905943474466959e-02, -2.0556727975200785e-02,
          2.3107947944400693e-02, 3.1260240669149793e-02,
          2.7292193137339635e-03, 8.9201903924063432e-03,
          -3.0398649940361656e-03, 2.8065090092946103e-02,
          5.8269940451157135e-03, 2.9321391545490294e-02,
          2.5647968116129734e-02, 3.7773341694658747e-03,
          2.6941037980556175e-03, -8.4771723296629877e-03,
          -8.3074454772671547e-03, 2.3813965910602704e-02,
          3.0415117437841293e-02, 5.8269940451157135e-03,
          2.4430585938122612e-01, 1.6871875597510976e-02,
          -2.1480597141711272e-02, -1.0564498707204585e-02,
          -1.6856164140893359e-02, 5.7655262099085204e-02,
          -2.8040872467356166e-02, -1.4637832765778418e-02,
          2.8033881572223805e-03, 2.9321391545490294e-02,
          1.6871875597510976e-02, 9.8361144972095971e-02,
          1.9422122135989602e-02, -2.9744573170335353e-04,
          -2.2040956339341933e-02, -1.8223884773884997e-02,
          2.5863905378607682e-01, 2.8550870354383889e-01,
          -6.3905943474466986e-02, 2.5647968116129734e-02,
          -2.1480597141711286e-02, 1.9422122135989602e-02,
          6.1207817427490885e-01, 1.1239013049076334e-01,
          2.0957551225569473e-01, 1.4848813714437564e-03,
          3.6492170844692577e-02, 2.3470094405656835e-02,
          -2.0556727975200785e-02, 3.7773341694658739e-03,
          -1.0564498707204585e-02, -2.9744573170335342e-04,
          1.1239013049076334e-01, 2.1349790113833847e-01,
          8.2545915975291609e-02, 6.7623228430823846e-03,
          1.3559647507653078e-01, 9.0605800638051640e-02,
          2.3107947944400693e-02, 2.6941037980556175e-03,
          -1.6856164140893359e-02, -2.2040956339341933e-02,
          2.0957551225569473e-01, 8.2545915975291609e-02,
          3.9571375000904430e-01, 6.0511202008736199e-02,
          1.2725133602135788e-01, 6.8608929633524746e-02,
          3.1260240669149800e-02, -8.4771723296629860e-03,
          5.7655262099085190e-02, -1.8223884773885004e-02,
          1.4848813714437518e-03, 6.7623228430823846e-03,
          6.0511202008736199e-02, 2.5350263002569040e-01 ]
   - !!opencv-matrix
      rows: 10
      cols: 10
      dt: d
      data: [ 3.2078282369483783e-02, 4.5918539468471674e-03,
          -1.6485712064612322e-03, 5.2069960843772541e-06,
          -7.5532729530181650e-03, -7.8746720001364023e-04,
          5.8663354315421279e-03, 1.8457244612894229e-03,
          -6.5286614650074465e-03, 1.4118977278499135e-02,
          4.5918539468471666e-03, 4.7212025499055524e-03,
          2.0775085238191945e-04, 1.8323971902755578e-04,
          -1.8183558757582778e-03, -5.0980232173904339e-05,
          3.6883818266447862e-03, 1.4003176917036602e-03,
          -6.2139733578933974e-03, 2.2597499896499819e-02,
          -1.6485712064612322e-03, 2.0775085238191948e-04,
          1.1489425290969604e-02, 1.0131712251723332e-04,
          4.6727307585334712e-03, 4.0224159973179028e-04,
          9.8280337403954259e-04, 4.4915693802278459e-05,
          -2.3640005478861646e-03, 3.2004657533833284e-03,
          5.2069960843772050e-06, 1.8323971902755567e-04,
          1.0131712251723334e-04, 2.0954237656772659e-03,
          -5.5753712299583336e-03, -1.9169371209518742e-04,
          2.0223592175464089e-04, 8.4529443552683369e-04,
          1.3153127631690119e-04, 1.0900128928871917e-03,
          -7.5532729530181650e-03, -1.8183558757582782e-03,
          4.6727307585334712e-03, -5.5753712299583336e-03,
          6.0028933659041717e-02, 5.1625518465474047e-04,
          -2.4528936801379735e-03, -1.2923779201998931e-02,
          2.3655284412200714e-04, -4.5482260801889430e-03,
          -7.8746720001364034e-04, -5.0980232173904352e-05,
          4.0224159973179001e-04, -1.9169371209518736e-04,
          5.1625518465474047e-04, 8.1125659546817663e-03,
          -2.8823522885189649e-04, -3.9272629939450957e-05,
          -3.2459111580932956e-03, 7.3127669902010362e-04,
          5.8663354315421279e-03, 3.6883818266447862e-03,
          9.8280337403954259e-04, 2.0223592175464089e-04,
          -2.4528936801379744e-03, -2.8823522885189644e-04,
          9.9202459641196256e-03, 2.2052682006326132e-03,
          -7.3519341051752210e-03, 8.9858611166719476e-03,
          1.8457244612894229e-03, 1.4003176917036599e-03,
          4.4915693802278581e-05, 8.4529443552683390e-04,
          -1.2923779201998933e-02, -3.9272629939450991e-05,
          2.2052682006326136e-03, 3.6333855639291833e-02,
          -3.3522809916831657e-03, 6.9834599325836353e-03,
          -6.5286614650074465e-03, -6.2139733578933957e-03,
          -2.3640005478861637e-03, 1.3153127631690111e-04,
          2.3655284412200754e-04, -3.2459111580932965e-03,
          -7.3519341051752210e-03, -3.3522809916831640e-03,
          6.9141070946634325e-02, -3.3992405647286554e-02,
          1.4118977278499131e-02, 2.2597499896499822e-02,
          3.2004657533833292e-03, 1.0900128928871911e-03,
          -4.5482260801889430e-03, 7.3127669902010373e-04,
          8.9858611166719476e-03, 6.9834599325836353e-03,
          -3.3992405647286554e-02, 2.1570583160002851e-01 ]
   - !!opencv-matrix
      rows: 10
      cols: 10
      dt: d
