%YAML:1.0
---
groups:
   - intact
   - CD19
   - blast
intactGmmnames:
   - "intact.47816.0"
   - "intact.47816.1"
   - "intact.47816.2"
   - "intact.47816.3"
   - "intact.47816.4"
intactLabels:
   - FSC-A
   - SSC-A
   - SY41
   - CD19
   - CD10
   - CD20
   - CD45
   - CD34
   - CD38
   - CD58
intactMu: !!opencv-matrix
   rows: 5
   cols: 10
   dt: d
   data: [ 1.3913068857371211e+00, 6.5376506707205528e-01,
       3.0748788299444709e+00, 1.3279199218333904e+00,
       1.1501666775674826e+00, 1.1161026618614978e+00,
       3.4191978172785200e+00, 1.0891687090321853e+00,
       2.0110749082198307e+00, 1.8786025055744633e+00,
       1.0600356116112040e+00, 5.2200599011207949e-01,
       3.0566940732323018e+00, 1.3236658591646693e+00,
       1.2760960032408144e+00, 1.1921947252858576e+00,
       1.3622857151148124e+00, 1.1586445020386218e+00,
       1.5267755619574568e+00, 2.5979983621108085e+00,
       1.1181814127165728e+00, 3.1202247421425455e-01,
       3.3017998742123926e+00, 1.3290811902246966e+00,
       1.1836650945620431e+00, 1.1856959203278754e+00,
       3.3152252757264424e+00, 1.0949544879292115e+00,
       1.7812580794563766e+00, 1.4519747669298415e+00,
       1.8283056204040888e+00, 1.8723372762665216e+00,
       3.1846525101534700e+00, 1.3802872033537168e+00,
       2.0559772035426684e+00, 1.2426673638038979e+00,
       2.7277985181026185e+00, 1.2176642017868866e+00,
       1.7408898554157299e+00, 2.3608075059688982e+00,
       1.8995475936183386e+00, 1.7263526075847635e+00,
       3.2686901166604345e+00, 1.5392101884104781e+00,
       1.3611956659113853e+00, 1.7114930699913611e+00,
       2.9719150386099469e+00, 1.2970072508906687e+00,
       2.3125010527228835e+00, 2.0049109144714348e+00 ]
intactSigma:
   - !!opencv-matrix
      rows: 10
      cols: 10
      dt: d
      data: [ 1.0822379354893064e-01, -3.0129752817156939e-02,
          -5.0250901637048560e-02, -9.4183334938584382e-04,
          -8.5812364696271660e-03, -1.6303246339775822e-02,
          2.9815598201814651e-02, -1.5516968964981437e-03,
          2.5715817717703735e-02, 7.8726117286896186e-02,
          -3.0129752817156939e-02, 8.6374488923426376e-02,
          2.8625016557405864e-02, 4.4078894080567323e-04,
          4.4001402043545189e-03, 8.4216987746648982e-03,
          -8.4272701135369669e-03, 1.3885751268620571e-03,
          -1.0439483087393427e-02, -4.2673640385143687e-02,
          -5.0250901637048560e-02, 2.8625016557405857e-02,
          8.6415790349007676e-02, 9.6267267338494777e-04,
          7.3619377244450298e-03, 1.4701610485966190e-02,
          -2.2370270557867833e-02, 1.8021564452533193e-03,
          -2.5797147053966026e-02, -6.0362884121614412e-02,
          -9.4183334938584414e-04, 4.4078894080567323e-04,
          9.6267267338494777e-04, 6.8117218626451246e-04,
          -3.4967800572135771e-04, 1.6743843009319747e-04,
          -4.3253255750861155e-04, 2.3223458126337668e-04,
          2.8321680928520103e-03, -9.4795380412818805e-04,
          -8.5812364696271660e-03, 4.4001402043545189e-03,
          7.3619377244450298e-03, -3.4967800572135771e-04,
          5.1196366759393265e-03, 2.4040574271823973e-03,
          -2.9588215885021107e-03, -1.8694993931533002e-03,
          -7.7252796516871797e-03, -7.5183392755755986e-03,
          -1.6303246339775819e-02, 8.4216987746648965e-03,
          1.4701610485966190e-02, 1.6743843009319736e-04,
          2.4040574271823973e-03, 3.5153563133338207e-02,
          -8.6823274970415486e-03, 6.2031466252367206e-04,
          -1.6586470044882336e-02, -2.0186554759654838e-02,
          2.9815598201814651e-02, -8.4272701135369669e-03,
          -2.2370270557867829e-02, -4.3253255750861155e-04,
          -2.9588215885021107e-03, -8.6823274970415521e-03,
          2.3917038077775073e-02, -8.5381772898786550e-04,
          1.5911191199973494e-02, 3.9639588504310042e-02,
          -1.5516968964981428e-03, 1.3885751268620571e-03,
          1.8021564452533193e-03, 2.3223458126337668e-04,
          -1.8694993931533002e-03, 6.2031466252367173e-04,
          -8.5381772898786550e-04, 1.7197511881595889e-02,
          -5.3127392338100184e-04, -2.3828851610088666e-04,
          2.5715817717703735e-02, -1.0439483087393427e-02,
          -2.5797147053966036e-02, 2.8321680928520103e-03,
          -7.7252796516871797e-03, -1.6586470044882333e-02,
          1.5911191199973494e-02, -5.3127392338100118e-04,
          2.6893906511621402e-01, 2.0696934107324698e-02,
          7.8726117286896172e-02, -4.2673640385143687e-02,
          -6.0362884121614412e-02, -9.4795380412818838e-04,
          -7.5183392755755986e-03, -2.0186554759654834e-02,
          3.9639588504310035e-02, -2.3828851610088682e-04,
          2.0696934107324705e-02, 2.0237662722016087e-01 ]
   - !!opencv-matrix
      rows: 10
      cols: 10
      dt: d
      data: [ 9.5652058018891373e-02, 2.9718995097814900e-02,
          1.4968910122517330e-02, -1.3556261807004896e-04,
          1.2744958915088238e-02, 5.0867335618547636e-04,
          1.9267287148137024e-02, 5.5679710994057064e-03,
          7.0391142840148906e-03, 2.9165564916216115e-02,
          2.9718995097814904e-02, 3.1879779683812268e-02,
          1.3235622653991357e-02, -9.0595208193918088e-05,
          8.6062570299486572e-03, 8.4105900363445310e-04,
          1.6157619469007733e-02, 4.6876405507569850e-03,
          4.3272135357885558e-03, 2.2342308879438010e-02,
          1.4968910122517330e-02, 1.3235622653991357e-02,
          1.1351257614953524e-01, 8.5791152976976998e-04,
          1.7405039292762332e-02, 3.4714718352584547e-03,
          5.0226344509418056e-04, 3.4335010166798886e-03,
          7.3684648758511138e-03, 1.5225817000027968e-02,
          -1.3556261807004904e-04, -9.0595208193918183e-05,
          8.5791152976977031e-04, 1.0169594748712320e-03,
          -1.0231371324319666e-03, -4.2103382953269281e-05,
          1.4937811853220950e-04, 4.5619642374399812e-05,
          2.2860362980015568e-04, 1.7187405207165263e-05,
          1.2744958915088238e-02, 8.6062570299486572e-03,
          1.7405039292762332e-02, -1.0231371324319664e-03,
          2.1391063123578861e-02, 2.8027850841445525e-04,
          4.8692189256685017e-03, -8.0840685743980201e-05,
          4.4142790125599376e-03, 1.3972517016363919e-02,
          5.0867335618547626e-04, 8.4105900363445310e-04,
          3.4714718352584543e-03, -4.2103382953269281e-05,
          2.8027850841445497e-04, 7.7724493994398283e-03,
          8.5214371143624301e-04, 4.6911677673007338e-04,
          -1.0279304775705021e-03, -1.7058173619144721e-04,
          1.9267287148137024e-02, 1.6157619469007733e-02,
          5.0226344509418034e-04, 1.4937811853220942e-04,
          4.8692189256685017e-03, 8.5214371143624301e-04,
          6.5023106706983372e-02, 4.2360702761433085e-03,
          4.0273667162473844e-03, 3.8738344013689260e-03,
          5.5679710994057064e-03, 4.6876405507569859e-03,
          3.4335010166798886e-03, 4.5619642374399846e-05,
          -8.0840685743980119e-05, 4.6911677673007322e-04,
          4.2360702761433085e-03, 1.6041375556427796e-02,
          1.0665103099123060e-03, 4.4903153416534702e-03,
          7.0391142840148906e-03, 4.3272135357885566e-03,
          7.3684648758511138e-03, 2.2860362980015576e-04,
          4.4142790125599367e-03, -1.0279304775705016e-03,
          4.0273667162473844e-03, 1.0665103099123060e-03,
          4.5887055712015975e-03, 6.5271904976932412e-03,
          2.9165564916216115e-02, 2.2342308879438010e-02,
          1.5225817000027965e-02, 1.7187405207165219e-05,
          1.3972517016363923e-02, -1.7058173619144716e-04,
          3.8738344013689260e-03, 4.4903153416534702e-03,
          6.5271904976932421e-03, 5.1796568893774195e-02 ]
   - !!opencv-matrix
      rows: 10
      cols: 10
      dt: d
