%YAML:1.0
---
groups:
   - intact
   - CD19
   - blast
intactGmmnames:
   - "intact.47880.0"
   - "intact.47880.1"
   - "intact.47880.2"
   - "intact.47880.3"
   - "intact.47880.4"
intactLabels:
   - FSC-A
   - SSC-A
   - SY41
   - CD19
   - CD10
   - CD20
   - CD45
   - CD34
   - CD38
   - CD58
intactMu: !!opencv-matrix
   rows: 5
   cols: 10
   dt: d
   data: [ 1.6664316796442549e+00, 4.2269159870627454e-01,
       2.7707131867239863e+00, 1.3032682706017198e+00,
       1.1011842709956214e+00, 1.2247378479427427e+00,
       3.3178516547479884e+00, 1.0093373354703210e+00,
       1.6511416337925018e+00, 1.6202148550757727e+00,
       1.8443756656852075e+00, 5.1911258599701149e-01,
       2.6556320173981445e+00, 1.3160885540766081e+00,
       1.0563298952570994e+00, 1.1570909145414026e+00,
       3.4102251962237196e+00, 1.0027583970119578e+00,
       2.7821504363411456e+00, 1.6838443420826097e+00,
       2.6245224396141555e+00, 2.6037316281894767e+00,
       2.8247451135655819e+00, 1.4264830358704028e+00,
       2.2598913723800704e+00, 1.3027018876332532e+00,
       3.2256079162897655e+00, 1.2897437794449786e+00,
       1.8536376843372973e+00, 2.0396442733570814e+00,
       1.6004169348873840e+00, 5.8149658067551036e-01,
       2.7457074181054719e+00, 1.2988992602917655e+00,
       1.1968413140752103e+00, 1.2879765836110675e+00,
       1.5193381533052026e+00, 1.2157924195368310e+00,
       1.6130320090568886e+00, 2.4640063283505338e+00,
       1.1997871356724852e+00, 2.3711908671106061e-01,
       2.8767860939301371e+00, 1.3087463591031387e+00,
       1.1633749610097861e+00, 1.3262555316457629e+00,
       3.2096203512536614e+00, 9.9401821766986742e-01,
       1.6918755145117454e+00, 1.0352381874751921e+00 ]
intactSigma:
   - !!opencv-matrix
      rows: 10
      cols: 10
      dt: d
      data: [ 1.2547095644855397e-01, 4.0620342076026199e-03,
          -2.0333844451304772e-02, -1.6481628733339266e-03,
          -1.1436025820037891e-02, -2.0197435886933377e-02,
          2.2700619838259214e-02, 3.1253046886872892e-03,
          2.5720293276076454e-03, 5.7928579646696308e-02,
          4.0620342076026199e-03, 1.6308347040777309e-02,
          6.9931626914672396e-04, 1.1543196054089339e-04,
          6.7215960012839812e-04, -3.8198661264305473e-03,
          8.2096063518668685e-03, 2.9831728263754959e-03,
          4.3598666427138695e-03, 1.4459250342946085e-02,
          -2.0333844451304768e-02, 6.9931626914672396e-04,
          3.0667454711470334e-02, 8.6275976406860759e-04,
          6.5462468819700095e-03, 8.8554757367828255e-03,
          -6.6987152379778371e-03, 9.8516795172613508e-04,
          -1.2897422155795321e-03, -1.8772877835592072e-02,
          -1.6481628733339266e-03, 1.1543196054089339e-04,
          8.6275976406860791e-04, 1.3697661524581398e-03,
          -5.7471925694557095e-04, 4.3159411374243809e-04,
          -4.9387309481004971e-04, 4.2008185035946177e-04,
          2.8635483985817688e-04, -1.5341446035054618e-03,
          -1.1436025820037886e-02, 6.7215960012839812e-04,
          6.5462468819700104e-03, -5.7471925694557095e-04,
          1.2713007241570545e-02, 3.2635823279972623e-03,
          -2.0462850068234447e-03, -6.8509967315813604e-03,
          -8.4001057573511852e-04, -7.8720628029940246e-03,
          -2.0197435886933377e-02, -3.8198661264305478e-03,
          8.8554757367828273e-03, 4.3159411374243814e-04,
          3.2635823279972614e-03, 1.8234206123545666e-02,
          -1.1571811959832562e-02, -2.6566118065496634e-04,
          -5.9655542603568139e-03, -2.3750413460410298e-02,
          2.2700619838259214e-02, 8.2096063518668685e-03,
          -6.6987152379778389e-03, -4.9387309481004971e-04,
          -2.0462850068234438e-03, -1.1571811959832562e-02,
          2.3757598693597542e-02, 7.3724947193036549e-04,
          6.8096944224041072e-03, 2.6309070722842828e-02,
          3.1253046886872901e-03, 2.9831728263754959e-03,
          9.8516795172613508e-04, 4.2008185035946177e-04,
          -6.8509967315813587e-03, -2.6566118065496624e-04,
          7.3724947193036527e-04, 6.2488927354972600e-02,
          1.5444073454138939e-03, 1.0434251290079223e-02,
          2.5720293276076446e-03, 4.3598666427138704e-03,
          -1.2897422155795316e-03, 2.8635483985817699e-04,
          -8.4001057573511852e-04, -5.9655542603568139e-03,
          6.8096944224041089e-03, 1.5444073454138935e-03,
          1.6622102896397765e-02, 4.2700467650628902e-03,
          5.7928579646696308e-02, 1.4459250342946085e-02,
          -1.8772877835592072e-02, -1.5341446035054618e-03,
          -7.8720628029940263e-03, -2.3750413460410298e-02,
          2.6309070722842831e-02, 1.0434251290079223e-02,
          4.2700467650628902e-03, 1.9169998215548770e-01 ]
   - !!opencv-matrix
      rows: 10
      cols: 10
      dt: d
      data: [ 8.9312283257533265e-02, 8.7412783326403717e-03,
          -8.7904440221873836e-03, 7.0001216569342384e-05,
          -5.3748239148471910e-03, -7.3319248745568992e-03,
          9.4406872806926598e-03, 1.1520454701784922e-04,
          1.8002137852472726e-02, 1.2724187614498887e-02,
          8.7412783326403717e-03, 1.4969898217336259e-02,
          -2.7045366683806733e-03, 3.4688560586871220e-04,
          -1.2962883787917649e-03, -5.3213129476152553e-03,
          7.5526579121991538e-03, 9.6725198114490341e-04,
          1.5828892316897433e-02, 1.9230531843118071e-02,
          -8.7904440221873870e-03, -2.7045366683806746e-03,
          3.5055621307860212e-02, 1.2048673985216523e-04,
          2.3107576847105119e-03, 3.1572510976508746e-03,
          -3.1717728243223402e-03, -1.8286256980561632e-04,
          -1.6262695794172933e-03, -5.8760411743779065e-03,
          7.0001216569342452e-05, 3.4688560586871220e-04,
          1.2048673985216528e-04, 1.6027176368548321e-03,
          -1.2797695300018049e-03, -1.3174899029750502e-04,
          1.0604993125311214e-04, 3.3910399857729035e-04,
          4.4115871219420986e-03, -1.1496333579397659e-04,
          -5.3748239148471901e-03, -1.2962883787917643e-03,
          2.3107576847105106e-03, -1.2797695300018051e-03,
          1.0374761786571755e-02, 8.9719793888704197e-04,
          -1.3260380066928098e-03, -6.9063391217609295e-03,
          -6.5582936801942384e-03, -1.6885759008200664e-03,
          -7.3319248745568992e-03, -5.3213129476152553e-03,
          3.1572510976508746e-03, -1.3174899029750500e-04,
          8.9719793888704197e-04, 3.5692099034744337e-02,
          -5.1461109617977081e-03, -2.1220740586470942e-04,
          -1.7772011893241185e-04, -1.1737274569196168e-02,
          9.4406872806926598e-03, 7.5526579121991538e-03,
          -3.1717728243223398e-03, 1.0604993125311211e-04,
          -1.3260380066928096e-03, -5.1461109617977081e-03,
          1.2312815562096416e-02, 4.0896148643466599e-04,
          7.2246720075567995e-03, 1.0992808329454928e-02,
          1.1520454701784911e-04, 9.6725198114490417e-04,
          -1.8286256980561615e-04, 3.3910399857729024e-04,
          -6.9063391217609313e-03, -2.1220740586470917e-04,
          4.0896148643466610e-04, 5.7785533548221885e-02,
          -1.4165435340053466e-03, 5.4435201353387180e-03,
          1.8002137852472722e-02, 1.5828892316897433e-02,
          -1.6262695794172922e-03, 4.4115871219420986e-03,
          -6.5582936801942384e-03, -1.7772011893241169e-04,
          7.2246720075567995e-03, -1.4165435340053475e-03,
          1.6256939894461400e-01, 5.8810055719594580e-03,
          1.2724187614498887e-02, 1.9230531843118071e-02,
          -5.8760411743779065e-03, -1.1496333579397657e-04,
          -1.6885759008200664e-03, -1.1737274569196168e-02,
          1.0992808329454928e-02, 5.4435201353387180e-03,
          5.8810055719594580e-03, 1.0449298213750582e-01 ]
   - !!opencv-matrix
      rows: 10
      cols: 10
      dt: d
