%YAML:1.0
---
groups:
   - intact
   - CD19
   - blast
intactGmmnames:
   - "intact.47880.0"
   - "intact.47880.1"
   - "intact.47880.2"
   - "intact.47880.3"
   - "intact.47880.4"
intactLabels:
   - FSC-A
   - SSC-A
   - SY41
   - CD19
   - CD10
   - CD20
   - CD45
   - CD34
   - CD38
   - CD58
intactMu: !!opencv-matrix
   rows: 5
   cols: 10
   dt: d
   data: [ 1.6664316796442549e+00, 4.2269159870627454e-01,
       2.7707131867239863e+00, 1.3032682706017198e+00,
       1.1011842709956214e+00, 1.2247378479427427e+00,
       3.3178516547479884e+00, 1.0093373354703210e+00,
       1.6511416337925018e+00, 1.6202148550757727e+00,
       1.8443756656852075e+00, 5.1911258599701149e-01,
       2.6556320173981445e+00, 1.3160885540766081e+00,
       1.0563298952570994e+00, 1.1570909145414026e+00,
       3.4102251962237196e+00, 1.0027583970119578e+00,
       2.7821504363411456e+00, 1.6838443420826097e+00,
       2.6245224396141555e+00, 2.6037316281894767e+00,
       2.8247451135655819e+00, 1.4264830358704028e+00,
       2.2598913723800704e+00, 1.3027018876332532e+00,
       3.2256079162897655e+00, 1.2897437794449786e+00,
       1.8536376843372973e+00, 2.0396442733570814e+00,
       1.6004169348873840e+00, 5.8149658067551036e-01,
       2.7457074181054719e+00, 1.2988992602917655e+00,
       1.1968413140752103e+00, 1.2879765836110675e+00,
       1.5193381533052026e+00, 1.2157924195368310e+00,
       1.6130320090568886e+00, 2.4640063283505338e+00,
       1.1997871356724852e+00, 2.3711908671106061e-01,
       2.8767860939301371e+00, 1.3087463591031387e+00,
       1.1633749610097861e+00, 1.3262555316457629e+00,
       3.2096203512536614e+00, 9.9401821766986742e-01,
       1.6918755145117454e+00, 1.0352381874751921e+00 ]
intactSigma:
   - !!opencv-matrix
      rows: 10
      cols: 10
      dt: d
      data: [ 1.2547095644855397e-01, 4.0620342076026199e-03,
          -2.0333844451304772e-02, -1.6481628733339266e-03,
          -1.1436025820037891e-02, -2.0197435886933377e-02,
          2.2700619838259214e-02, 3.1253046886872892e-03,
          2.5720293276076454e-03, 5.7928579646696308e-02,
          4.0620342076026199e-03, 1.6308347040777309e-02,
          6.9931626914672396e-04, 1.1543196054089339e-04,
          6.7215960012839812e-04, -3.8198661264305473e-03,
          8.2096063518668685e-03, 2.9831728263754959e-03,
          4.3598666427138695e-03, 1.4459250342946085e-02,
          -2.0333844451304768e-02, 6.9931626914672396e-04,
          3.0667454711470334e-02, 8.6275976406860759e-04,
          6.5462468819700095e-03, 8.8554757367828255e-03,
          -6.6987152379778371e-03, 9.8516795172613508e-04,
          -1.2897422155795321e-03, -1.8772877835592072e-02,
          -1.6481628733339266e-03, 1.1543196054089339e-04,
          8.6275976406860791e-04, 1.3697661524581398e-03,
          -5.7471925694557095e-04, 4.3159411374243809e-04,
          -4.9387309481004971e-04, 4.2008185035946177e-04,
          2.8635483985817688e-04, -1.5341446035054618e-03,
          -1.1436025820037886e-02, 6.7215960012839812e-04,
          6.5462468819700104e-03, -5.7471925694557095e-04,
          1.2713007241570545e-02, 3.2635823279972623e-03,
          -2.0462850068234447e-03, -6.8509967315813604e-03,
          -8.4001057573511852e-04, -7.8720628029940246e-03,
          -2.0197435886933377e-02, -3.8198661264305478e-03,
          8.8554757367828273e-03, 4.3159411374243814e-04,
          3.2635823279972614e-03, 1.8234206123545666e-02,
          -1.1571811959832562e-02, -2.6566118065496634e-04,
          -5.9655542603568139e-03, -2.3750413460410298e-02,
          2.2700619838259214e-02, 8.2096063518668685e-03,
          -6.6987152379778389e-03, -4.9387309481004971e-04,
          -2.0462850068234438e-03, -1.1571811959832562e-02,
          2.3757598693597542e-02, 7.3724947193036549e-04,
          6.8096944224041072e-03, 2.6309070722842828e-02,
          3.1253046886872901e-03, 2.9831728263754959e-03,
          9.8516795172613508e-04, 4.2008185035946177e-04,
          -6.8509967315813587e-03, -2.6566118065496624e-04,
          7.3724947193036527e-04, 6.2488927354972600e-02,
          1.5444073454138939e-03, 1.0434251290079223e-02,
          2.5720293276076446e-03, 4.3598666427138704e-03,
          -1.2897422155795316e-03, 2.8635483985817699e-04,
          -8.4001057573511852e-04, -5.9655542603568139e-03,
          6.8096944224041089e-03, 1.5444073454138935e-03,
          1.6622102896397765e-02, 4.2700467650628902e-03,
          5.7928579646696308e-02, 1.4459250342946085e-02,
          -1.8772877835592072e-02, -1.5341446035054618e-03,
          -7.8720628029940263e-03, -2.3750413460410298e-02,
          2.6309070722842831e-02, 1.0434251290079223e-02,
          4.2700467650628902e-03, 1.9169998215548770e-01 ]
   - !!opencv-matrix
      rows: 10
      cols: 10
      dt: d
      data: [ 8.9312283257533265e-02, 8.7412783326403717e-03,
          -8.7904440221873836e-03, 7.0001216569342384e-05,
          -5.3748239148471910e-03, -7.3319248745568992e-03,
          9.4406872806926598e-03, 1.1520454701784922e-04,
          1.8002137852472726e-02, 1.2724187614498887e-02,
          8.7412783326403717e-03, 1.4969898217336259e-02,
          -2.7045366683806733e-03, 3.4688560586871220e-04,
          -1.2962883787917649e-03, -5.3213129476152553e-03,
          7.5526579121991538e-03, 9.6725198114490341e-04,
          1.5828892316897433e-02, 1.9230531843118071e-02,
          -8.7904440221873870e-03, -2.7045366683806746e-03,
          3.5055621307860212e-02, 1.2048673985216523e-04,
          2.3107576847105119e-03, 3.1572510976508746e-03,
          -3.1717728243223402e-03, -1.8286256980561632e-04,
          -1.6262695794172933e-03, -5.8760411743779065e-03,
          7.0001216569342452e-05, 3.4688560586871220e-04,
          1.2048673985216528e-04, 1.6027176368548321e-03,
          -1.2797695300018049e-03, -1.3174899029750502e-04,
          1.0604993125311214e-04, 3.3910399857729035e-04,
          4.4115871219420986e-03, -1.1496333579397659e-04,
          -5.3748239148471901e-03, -1.2962883787917643e-03,
          2.3107576847105106e-03, -1.2797695300018051e-03,
          1.0374761786571755e-02, 8.9719793888704197e-04,
          -1.3260380066928098e-03, -6.9063391217609295e-03,
          -6.5582936801942384e-03, -1.6885759008200664e-03,
          -7.3319248745568992e-03, -5.3213129476152553e-03,
          3.1572510976508746e-03, -1.3174899029750500e-04,
          8.9719793888704197e-04, 3.5692099034744337e-02,
          -5.1461109617977081e-03, -2.1220740586470942e-04,
          -1.7772011893241185e-04, -1.1737274569196168e-02,
          9.4406872806926598e-03, 7.5526579121991538e-03,
          -3.1717728243223398e-03, 1.0604993125311211e-04,
          -1.3260380066928096e-03, -5.1461109617977081e-03,
          1.2312815562096416e-02, 4.0896148643466599e-04,
          7.2246720075567995e-03, 1.0992808329454928e-02,
          1.1520454701784911e-04, 9.6725198114490417e-04,
          -1.8286256980561615e-04, 3.3910399857729024e-04,
          -6.9063391217609313e-03, -2.1220740586470917e-04,
          4.0896148643466610e-04, 5.7785533548221885e-02,
          -1.4165435340053466e-03, 5.4435201353387180e-03,
          1.8002137852472722e-02, 1.5828892316897433e-02,
          -1.6262695794172922e-03, 4.4115871219420986e-03,
          -6.5582936801942384e-03, -1.7772011893241169e-04,
          7.2246720075567995e-03, -1.4165435340053475e-03,
          1.6256939894461400e-01, 5.8810055719594580e-03,
          1.2724187614498887e-02, 1.9230531843118071e-02,
          -5.8760411743779065e-03, -1.1496333579397657e-04,
          -1.6885759008200664e-03, -1.1737274569196168e-02,
          1.0992808329454928e-02, 5.4435201353387180e-03,
          5.8810055719594580e-03, 1.0449298213750582e-01 ]
   - !!opencv-matrix
      rows: 10
      cols: 10
      dt: d
      data: [ 4.1201939724630882e-01, 3.2299827412247073e-01,
          -2.2128297099090709e-02, 2.6873167960596552e-03,
          8.8451456674637247e-02, -3.6221103667332326e-02,
          3.2401693803307166e-02, 2.7905063502810974e-02,
          1.7536166660117321e-02, 7.0166482460395321e-02,
          3.2299827412247073e-01, 7.1522221963233223e-01,
          -3.7292366915759288e-02, 5.7651895307436370e-03,
          2.4405391100479717e-01, -6.4941894200602673e-02,
          6.0041149726835247e-02, -2.9955361879288139e-02,
          -6.8498453927481537e-02, 9.4254627837223076e-02,
          -2.2128297099090709e-02, -3.7292366915759288e-02,
          4.0770274056607887e-02, -3.3421439471121406e-03,
          -3.8450451925147726e-02, 6.7769473687285045e-03,
          -1.6532839842553226e-02, 1.1613944981002185e-02,
          1.9018920481374702e-02, -3.8271269398944671e-03,
          2.6873167960596552e-03, 5.7651895307436352e-03,
          -3.3421439471121406e-03, 3.3970877129104800e-02,
          1.7060601876117347e-02, 1.7671119039041529e-02,
          8.9602059565121531e-03, -2.0256637192518964e-03,
          4.4531209881496624e-03, -1.4574939602679023e-03,
          8.8451456674637247e-02, 2.4405391100479717e-01,
          -3.8450451925147726e-02, 1.7060601876117347e-02,
          3.2982751205958893e-01, -4.8887608072756002e-02,
          7.3335879747541674e-02, -3.1001911776986673e-02,
          -9.1116555312604652e-02, 3.5431799357551329e-02,
          -3.6221103667332326e-02, -6.4941894200602673e-02,
          6.7769473687285045e-03, 1.7671119039041529e-02,
          -4.8887608072756002e-02, 6.4631475170922909e-02,
          -9.7580839540148644e-03, 1.2203622682370636e-03,
          6.3975225807640533e-03, -1.9687224860940020e-02,
          3.2401693803307166e-02, 6.0041149726835247e-02,
          -1.6532839842553226e-02, 8.9602059565121531e-03,
          7.3335879747541674e-02, -9.7580839540148644e-03,
          5.8863875601502025e-02, -1.4497040452567578e-02,
          -3.1344581018836033e-02, 3.1799474622743020e-03,
          2.7905063502810967e-02, -2.9955361879288139e-02,
          1.1613944981002185e-02, -2.0256637192518964e-03,
          -3.1001911776986673e-02, 1.2203622682370636e-03,
          -1.4497040452567578e-02, 1.9962514160757736e-01,
          4.7230556910773054e-02, 2.3407370038277600e-02,
          1.7536166660117317e-02, -6.8498453927481537e-02,
          1.9018920481374706e-02, 4.4531209881496624e-03,
          -9.1116555312604652e-02, 6.3975225807640498e-03,
          -3.1344581018836033e-02, 4.7230556910773054e-02,
          1.4758267882163337e-01, 3.0717085739894359e-02,
          7.0166482460395321e-02, 9.4254627837223076e-02,
          -3.8271269398944671e-03, -1.4574939602679023e-03,
          3.5431799357551329e-02, -1.9687224860940020e-02,
          3.1799474622743020e-03, 2.3407370038277600e-02,
          3.0717085739894366e-02, 9.9648782922724138e-02 ]
   - !!opencv-matrix
      rows: 10
      cols: 10
      dt: d
      data: [ 4.5344893796545022e-01, 1.4934071934528537e-01,
          1.3162287500923385e-03, 7.9110988805522389e-03,
          4.4479566542032709e-02, 1.7365342912494114e-02,
          2.0917072186003957e-01, 7.1604694644546205e-02,
          3.8948560936485542e-02, 3.5549127231373988e-03,
          1.4934071934528537e-01, 8.4163916395618904e-02,
          8.1983422167327281e-03, 2.5144248789487891e-03,
          2.2024151641190672e-02, 5.7946693924131234e-03,
          9.0485735002849552e-02, 3.2433591008392000e-02,
          2.1141243657757970e-02, 1.8973190105924988e-02,
          1.3162287500923381e-03, 8.1983422167327298e-03,
          6.7878960518926612e-02, -7.4869774308362609e-04,
          7.0689602941222040e-03, -2.1204682906733594e-03,
          3.4779930056443972e-03, -3.7733334655642532e-05,
          1.0421467350201635e-02, 2.8072037947786205e-02,
          7.9110988805522406e-03, 2.5144248789487891e-03,
          -7.4869774308362609e-04, 2.2979852062811304e-03,
          -7.2266710489451438e-04, 7.4530511716084465e-04,
          6.5546116735810019e-03, 1.5518743516202867e-03,
          1.0305881614973351e-03, -2.4708314771364689e-03,
          4.4479566542032709e-02, 2.2024151641190672e-02,
          7.0689602941222040e-03, -7.2266710489451438e-04,
          2.9308614584868036e-02, 2.4494651831961909e-03,
          3.1552780366385445e-02, 2.9818576957510528e-03,
          8.6607130025606952e-03, 7.7736959402556196e-03,
          1.7365342912494114e-02, 5.7946693924131217e-03,
          -2.1204682906733594e-03, 7.4530511716084454e-04,
          2.4494651831961909e-03, 7.1106193909692148e-03,
          1.6621905217127111e-02, 3.3004081640086161e-03,
          8.8834715435052091e-04, -9.8151224449326540e-03,
          2.0917072186003957e-01, 9.0485735002849552e-02,
          3.4779930056443955e-03, 6.5546116735810019e-03,
          3.1552780366385445e-02, 1.6621905217127111e-02,
          2.4220398360250603e-01, 4.2984813476305332e-02,
          3.8610859659549406e-02, -2.7923581579565565e-02,
          7.1604694644546205e-02, 3.2433591008392000e-02,
          -3.7733334655642268e-05, 1.5518743516202867e-03,
          2.9818576957510528e-03, 3.3004081640086161e-03,
          4.2984813476305339e-02, 8.5413030259850808e-02,
          8.0935594751710832e-03, 6.8744590828521699e-03,
          3.8948560936485542e-02, 2.1141243657757970e-02,
          1.0421467350201637e-02, 1.0305881614973351e-03,
          8.6607130025606952e-03, 8.8834715435052091e-04,
          3.8610859659549406e-02, 8.0935594751710832e-03,
          2.3024010557292716e-02, 1.3727495648277148e-02,
          3.5549127231373997e-03, 1.8973190105924992e-02,
          2.8072037947786208e-02, -2.4708314771364689e-03,
          7.7736959402556188e-03, -9.8151224449326540e-03,
          -2.7923581579565555e-02, 6.8744590828521681e-03,
          1.3727495648277148e-02, 1.0530915403870206e-01 ]
   - !!opencv-matrix
      rows: 10
      cols: 10
      dt: d
      data: [ 4.2633577972301009e-02, 1.3388584786707220e-03,
          -8.9506223570374292e-03, -4.4459190760081074e-04,
          -7.2537011855796328e-03, -1.5938547175554985e-03,
          1.8943629066116685e-03, 6.8326474022464584e-04,
          -2.5018676324257429e-04, -2.6204529434184702e-03,
          1.3388584786707223e-03, 3.6173522700756210e-03,
          3.6851313287832705e-04, 7.9254022377780534e-05,
          8.8823742167896253e-04, -2.3376416858764658e-04,
          1.9632534707271381e-03, 1.0699655879800446e-03,
          -1.1937313851563569e-03, 1.3411057035220934e-02,
          -8.9506223570374292e-03, 3.6851313287832689e-04,
          1.1255994090947222e-02, 3.9078172791439698e-04,
          5.6796218096121526e-03, 1.2720416794847257e-03,
          4.9161001198716524e-04, 6.1426955716169457e-04,
          -6.0102537048468410e-04, 3.9692930466263604e-03,
          -4.4459190760081052e-04, 7.9254022377780547e-05,
          3.9078172791439709e-04, 1.5354158945142364e-03,
          -1.1817708914198849e-03, -4.5108260739742130e-05,
          1.8909286026743616e-05, 3.0593339674469893e-04,
          2.9763294017353992e-04, 4.2329061887648857e-04,
          -7.2537011855796328e-03, 8.8823742167896220e-04,
          5.6796218096121526e-03, -1.1817708914198851e-03,
          1.5359543128889196e-02, 3.3451900874996893e-04,
          9.7679980822107317e-04, -2.7841219773552654e-03,
          -2.3366149027683495e-03, 4.7655080702875994e-03,
          -1.5938547175554992e-03, -2.3376416858764658e-04,
          1.2720416794847257e-03, -4.5108260739742151e-05,
          3.3451900874996882e-04, 7.2307784217990317e-03,
          -3.3283120279074558e-04, 1.3911748076960416e-04,
          -9.7606162801879427e-04, -1.1136506609497399e-03,
          1.8943629066116682e-03, 1.9632534707271381e-03,
          4.9161001198716513e-04, 1.8909286026743588e-05,
          9.7679980822107273e-04, -3.3283120279074569e-04,
          6.0087058307555724e-03, 4.8724133178827694e-04,
          -2.3046934083192755e-03, 1.8654953652348140e-03,
          6.8326474022464519e-04, 1.0699655879800446e-03,
          6.1426955716169468e-04, 3.0593339674469887e-04,
          -2.7841219773552658e-03, 1.3911748076960402e-04,
          4.8724133178827716e-04, 3.0016658485734957e-02,
          -4.8489981095212452e-05, 6.6098550367068706e-03,
          -2.5018676324257397e-04, -1.1937313851563569e-03,
          -6.0102537048468410e-04, 2.9763294017353992e-04,
          -2.3366149027683504e-03, -9.7606162801879427e-04,
          -2.3046934083192760e-03, -4.8489981095212303e-05,
          2.6817702027140969e-02, -2.9835425129070728e-03,
          -2.6204529434184702e-03, 1.3411057035220934e-02,
          3.9692930466263595e-03, 4.2329061887648868e-04,
          4.7655080702876003e-03, -1.1136506609497397e-03,
          1.8654953652348140e-03, 6.6098550367068706e-03,
          -2.9835425129070719e-03, 1.5494376354348363e-01 ]
intactC: !!opencv-matrix
   rows: 1
   cols: 5
   dt: d
   data: [ 1.0708581057473070e-01, 1.5931692907393263e-01,
       1.3343978290195360e-01, 5.2825404879480835e-02,
       2.2167459983096582e-01 ]
intactNumEvents: 115643.
intactMaxVals: !!opencv-matrix
   rows: 1
   cols: 10
   dt: d
   data: [ 4.5000000000000000e+00, 4.5000000000000000e+00,
       4.5000000000000000e+00, 4.5000000000000000e+00,
       4.5000000000000000e+00, 4.5000000000000000e+00,
       4.5000000000000000e+00, 4.5000000000000000e+00,
       4.5000000000000000e+00, 4.5000000000000000e+00 ]
CD19Gmmnames:
   - "CD19.47880.0"
   - "CD19.47880.1"
CD19Labels:
   - FSC-A
   - SSC-A
   - SY41
   - CD19
   - CD10
   - CD20
   - CD45
   - CD34
   - CD38
   - CD58
CD19Mu: !!opencv-matrix
   rows: 2
   cols: 10
   dt: d
   data: [ 1.4498606442733089e+00, 2.9765296292349863e-01,
       2.7073802744748190e+00, 2.7612406262828828e+00,
       1.1281269113321386e+00, 2.9860439519019879e+00,
       3.3357037739344966e+00, 9.8470877756454878e-01,
       1.7612462528820259e+00, 9.5919929609154408e-01,
       1.6009390063009763e+00, 4.1427092536699389e-01,
       2.6863875093998915e+00, 2.8604576341722869e+00,
       1.3412485638501639e+00, 3.1525280654268175e+00,
       3.3470841065584862e+00, 1.0046009297857721e+00,
       1.9296360696931567e+00, 1.1696697736301607e+00 ]
CD19Sigma:
   - !!opencv-matrix
      rows: 10
      cols: 10
      dt: d
      data: [ 3.6957488555427034e-02, 7.2102397862581595e-03,
          -2.3624281077626631e-03, 6.2633644289005752e-03,
          -4.4150267433425072e-03, 8.8538892932055451e-03,
          7.8181423637695441e-03, 9.2046440450006730e-04,
          1.6834095947069645e-04, 1.2508013380507426e-02,
          7.2102397862581595e-03, 5.8122385120307459e-03,
          -5.7827074357900401e-04, 6.1072796618972013e-03,
          -8.5677440650864590e-04, 6.5239059381595804e-03,
          3.1192662155945061e-03, 9.9320750809137851e-04,
          1.3687187390177815e-03, 1.6015436961078260e-02,
          -2.3624281077626631e-03, -5.7827074357900401e-04,
          1.2887593957158477e-02, -2.3933123947252550e-03,
          7.9490535620830335e-04, -1.5879774699266360e-03,
          -1.7454143713416298e-03, 1.8556536582013268e-04,
          -9.3580673274313848e-04, -2.3117870211283845e-04,
          6.2633644289005752e-03, 6.1072796618972022e-03,
          -2.3933123947252554e-03, 6.0946673751892610e-02,
          -5.8366568998901951e-04, 2.7109209625248182e-02,
          4.8534151997302348e-03, 1.2775834069867641e-03,
          5.6632248775023066e-03, 3.8237406819093232e-03,
          -4.4150267433425072e-03, -8.5677440650864590e-04,
          7.9490535620830335e-04, -5.8366568998901973e-04,
          1.1021185263457191e-02, -1.8467960846317479e-04,
          -1.2901822646260923e-03, -4.4630117610312053e-03,
          2.0975722381772599e-04, -1.5627255342367335e-03,
          8.8538892932055451e-03, 6.5239059381595804e-03,
          -1.5879774699266362e-03, 2.7109209625248182e-02,
          -1.8467960846317474e-04, 4.6900419840924502e-02,
          4.5569004490967433e-03, 7.6496432105484344e-04,
          8.8591029630800313e-03, 5.4600753162907583e-03,
          7.8181423637695424e-03, 3.1192662155945061e-03,
          -1.7454143713416302e-03, 4.8534151997302348e-03,
          -1.2901822646260931e-03, 4.5569004490967450e-03,
          1.0300988668807076e-02, -3.5461770055002590e-05,
          2.2729100002464330e-03, -9.8541150412827824e-04,
          9.2046440450006676e-04, 9.9320750809137807e-04,
          1.8556536582013254e-04, 1.2775834069867643e-03,
          -4.4630117610312053e-03, 7.6496432105484376e-04,
          -3.5461770055002611e-05, 3.7610248614273721e-02,
          2.4934796524457488e-04, 5.4975266501388750e-03,
          1.6834095947069623e-04, 1.3687187390177820e-03,
          -9.3580673274313881e-04, 5.6632248775023084e-03,
          2.0975722381772605e-04, 8.8591029630800313e-03,
          2.2729100002464330e-03, 2.4934796524457494e-04,
          2.0160611316526598e-02, -2.2484767491515035e-03,
          1.2508013380507426e-02, 1.6015436961078260e-02,
          -2.3117870211283829e-04, 3.8237406819093215e-03,
          -1.5627255342367341e-03, 5.4600753162907583e-03,
          -9.8541150412827867e-04, 5.4975266501388767e-03,
          -2.2484767491515027e-03, 1.4690358928328581e-01 ]
   - !!opencv-matrix
      rows: 10
      cols: 10
      dt: d
      data: [ 9.3756276614578610e-02, 1.7245634687210600e-02,
          1.4057893151295302e-04, 1.8178424513278529e-02,
          -2.3709827351644615e-02, 1.4922916080974517e-02,
          1.2362786553370442e-02, 8.1693416403748743e-04,
          -1.5373418602567298e-03, 3.3968925820132792e-02,
          1.7245634687210600e-02, 2.1792448185204809e-02,
          4.1898525178284815e-03, 1.4740710191690126e-02,
          -1.6334390291603759e-02, 1.1524263679922918e-02,
          8.5480539443970535e-03, 2.4811642859402330e-03,
          -8.3997168708170009e-05, 3.4593144282212190e-02,
          1.4057893151295323e-04, 4.1898525178284823e-03,
          3.6708073108575927e-02, -2.1401589719736882e-03,
          2.1784890659237066e-03, -1.1115368645137759e-03,
          2.1385362262385283e-04, 2.7083953609782756e-03,
          1.8577460372409525e-03, 6.1521415053489526e-03,
          1.8178424513278526e-02, 1.4740710191690126e-02,
          -2.1401589719736904e-03, 7.9760123511951428e-02,
          -1.5099245392491212e-02, 4.2893637497527677e-02,
          1.1685748446075773e-02, -3.6456521020888553e-04,
          9.2371500424414743e-05, 2.4075091928616996e-02,
          -2.3709827351644615e-02, -1.6334390291603759e-02,
          2.1784890659237066e-03, -1.5099245392491212e-02,
          1.0866504877541583e-01, -1.3526485394266813e-02,
          -8.5074150003361451e-03, -6.0105413376609603e-03,
          6.1378785370332289e-03, -2.5117493582054937e-02,
          1.4922916080974518e-02, 1.1524263679922916e-02,
          -1.1115368645137763e-03, 4.2893637497527677e-02,
          -1.3526485394266813e-02, 7.3761609116717322e-02,
          1.9389122454730713e-02, -3.7987147537443534e-04,
          6.6474211862174613e-03, 1.6376324636954105e-02,
          1.2362786553370442e-02, 8.5480539443970535e-03,
          2.1385362262385266e-04, 1.1685748446075773e-02,
          -8.5074150003361451e-03, 1.9389122454730713e-02,
          2.2247425593744371e-02, 6.8051293170855989e-04,
          4.5272096530980391e-03, 7.8662770288683015e-03,
          8.1693416403748754e-04, 2.4811642859402334e-03,
          2.7083953609782774e-03, -3.6456521020888536e-04,
          -6.0105413376609603e-03, -3.7987147537443561e-04,
          6.8051293170855946e-04, 7.1138121562228582e-02,
          1.2333854764594164e-03, 1.3316123002296036e-02,
          -1.5373418602567298e-03, -8.3997168708170103e-05,
          1.8577460372409525e-03, 9.2371500424414906e-05,
          6.1378785370332306e-03, 6.6474211862174613e-03,
          4.5272096530980382e-03, 1.2333854764594164e-03,
          5.9532194941275679e-02, -5.6479185192546983e-03,
          3.3968925820132792e-02, 3.4593144282212183e-02,
          6.1521415053489518e-03, 2.4075091928616996e-02,
          -2.5117493582054933e-02, 1.6376324636954109e-02,
          7.8662770288683015e-03, 1.3316123002296036e-02,
          -5.6479185192546983e-03, 2.0007349047761006e-01 ]
CD19C: !!opencv-matrix
   rows: 1
   cols: 2
   dt: d
   data: [ 2.3920972187311060e-01, 8.6197007382240828e-02 ]
CD19NumEvents: 55804.
CD19MaxVals: !!opencv-matrix
   rows: 1
   cols: 10
   dt: d
   data: [ 4.5000000000000000e+00, 4.5000000000000000e+00,
       4.5000000000000000e+00, 4.5000000000000000e+00,
       4.5000000000000000e+00, 4.5000000000000000e+00,
       4.5000000000000000e+00, 4.5000000000000000e+00,
       4.5000000000000000e+00, 4.5000000000000000e+00 ]
blastGmmnames:
   - "blast.47880.0"
blastLabels:
   - FSC-A
   - SSC-A
   - SY41
   - CD19
   - CD10
   - CD20
   - CD45
   - CD34
   - CD38
   - CD58
blastMu: !!opencv-matrix
   rows: 1
   cols: 10
   dt: d
   data: [ 1.8545169885768447e+00, 4.2660589862701503e-01,
       2.7618559349414915e+00, 3.1753421245619307e+00,
       2.7577883143757664e+00, 2.0480849521104680e+00,
       2.5426139831542969e+00, 1.1062949064166048e+00,
       2.0113035800845123e+00, 1.9063311343969300e+00 ]
blastSigma:
   - !!opencv-matrix
      rows: 10
      cols: 10
      dt: d
      data: [ 1.0461967412092180e-01, 1.6715619003419419e-02,
          3.1502200260949729e-04, -2.3393562147665609e-02,
          6.6387947858750403e-03, -6.6739708261491183e-03,
          7.7442508851357748e-03, 7.0040181775233084e-03,
          -1.6193900307122568e-02, 2.6477685973895538e-02,
          1.6715619003419419e-02, 1.6225887244105151e-02,
          4.0895411562225144e-03, 1.2856676290975881e-02,
          1.3169571200421485e-02, -5.6219300247579681e-04,
          1.1094577883811725e-03, 9.0393862635235432e-03,
          -3.2464366303418942e-03, 2.1645966136209473e-02,
          3.1502200260949729e-04, 4.0895411562225144e-03,
          1.1595307746842089e-02, -1.3241686949032460e-03,
          7.4178316125631163e-03, 5.1982098010572939e-03,
          6.1968488941633827e-03, 5.4723535280354453e-03,
          3.5529302351976983e-03, 1.2300318869694354e-04,
          -2.3393562147665609e-02, 1.2856676290975881e-02,
          -1.3241686949032460e-03, 8.1578226460199202e-02,
          1.8027134622291711e-02, 1.4575449353325304e-02,
          -3.9969151850995808e-03, 3.3164746022014530e-03,
          1.8350288864384424e-02, 1.6033430608579247e-02,
          6.6387947858750403e-03, 1.3169571200421485e-02,
          7.4178316125631163e-03, 1.8027134622291711e-02,
          9.3506683935548424e-02, 2.2965387757694715e-03,
          -4.3180265876421164e-03, -4.5348334738664513e-04,
          7.8806401185972010e-03, 4.9235909736961708e-02,
          -6.6739708261491183e-03, -5.6219300247579681e-04,
          5.1982098010572939e-03, 1.4575449353325304e-02,
          2.2965387757694715e-03, 5.8693416646987975e-02,
          2.5197640658915846e-02, 1.6112836869963096e-04,
          2.4520261065169888e-02, -2.6345703468033308e-02,
          7.7442508851357748e-03, 1.1094577883811725e-03,
          6.1968488941633827e-03, -3.9969151850995808e-03,
          -4.3180265876421164e-03, 2.5197640658915846e-02,
          4.8818412196700869e-02, 9.7289367864292885e-03,
          2.4032721223691596e-02, -2.9669629072565359e-02,
          7.0040181775233084e-03, 9.0393862635235432e-03,
          5.4723535280354453e-03, 3.3164746022014530e-03,
          -4.5348334738664513e-04, 1.6112836869963096e-04,
          9.7289367864292885e-03, 7.2966244847855813e-02,
          4.2055484601843099e-03, 1.1089156421721227e-02,
          -1.6193900307122568e-02, -3.2464366303418942e-03,
          3.5529302351976983e-03, 1.8350288864384424e-02,
          7.8806401185972010e-03, 2.4520261065169888e-02,
          2.4032721223691596e-02, 4.2055484601843099e-03,
          1.1676529883374057e-01, -3.0527561523645604e-03,
          2.6477685973895538e-02, 2.1645966136209473e-02,
          1.2300318869694354e-04, 1.6033430608579247e-02,
          4.9235909736961708e-02, -2.6345703468033308e-02,
          -2.9669629072565359e-02, 1.1089156421721227e-02,
          -3.0527561523645604e-03, 1.1521840837277400e-01 ]
blastC: !!opencv-matrix
   rows: 1
   cols: 1
   dt: d
   data: [ 2.5074348358504949e-04 ]
blastNumEvents: 43.
blastMaxVals: !!opencv-matrix
   rows: 1
   cols: 10
   dt: d
   data: [ 4.5000000000000000e+00, 4.5000000000000000e+00,
       4.5000000000000000e+00, 4.5000000000000000e+00,
       4.5000000000000000e+00, 4.5000000000000000e+00,
       4.5000000000000000e+00, 4.5000000000000000e+00,
       4.5000000000000000e+00, 4.5000000000000000e+00 ]
