%YAML:1.0
---
groups:
   - intact
   - CD19
intactGmmnames:
   - "intact.48074.0"
   - "intact.48074.1"
   - "intact.48074.2"
   - "intact.48074.3"
   - "intact.48074.4"
intactLabels:
   - FSC-A
   - SSC-A
   - SY41
   - CD19
   - CD10
   - CD20
   - CD45
   - CD34
   - CD38
   - CD58
intactMu: !!opencv-matrix
   rows: 5
   cols: 10
   dt: d
   data: [ 2.6541384683340281e+00, 2.7962832566660709e+00,
       2.9147847306181842e+00, 1.3158462532564168e+00,
       1.9007450035766040e+00, 1.3335387475508165e+00,
       2.5282992416257102e+00, 1.1474950629141831e+00,
       1.6432572118617208e+00, 2.2316474398645600e+00,
       1.1199217352544268e+00, 2.7121774591712206e-01,
       2.9264739441353331e+00, 1.2922542832388568e+00,
       8.2916527955042074e-01, 1.3460672719578333e+00,
       3.0883128719696362e+00, 9.8122080056395100e-01,
       1.6688343501667486e+00, 1.1697117238000283e+00,
       1.2882280820823064e+00, 5.8698623263205352e-01,
       3.2072976990886803e+00, 1.3054100253006959e+00,
       1.3937485363328783e+00, 1.3604022196635948e+00,
       1.7840539392298702e+00, 1.2080097802546754e+00,
       1.8863969148179351e+00, 2.6314607269226409e+00,
       2.1321734231210230e+00, 1.3268131448412976e+00,
       3.1304328003103770e+00, 1.3671858239365577e+00,
       1.3963104393036765e+00, 1.4622923188645227e+00,
       2.6610462772255477e+00, 1.3924860472208795e+00,
       2.4360230574661914e+00, 2.2062884750741745e+00,
       1.3349690684180477e+00, 4.3471849344083668e-01,
       2.5649004294781292e+00, 1.3006900358180762e+00,
       8.3014997248067035e-01, 1.3835599924890034e+00,
       3.2093508057459288e+00, 9.8310129928147461e-01,
       2.4495948949188189e+00, 1.6563603961057005e+00 ]
intactSigma:
   - !!opencv-matrix
      rows: 10
      cols: 10
      dt: d
      data: [ 2.6008477750588621e-01, 1.7815574200966822e-01,
          -1.8560075323743597e-02, -9.1453326270591055e-04,
          -7.9219782931446617e-02, 4.9032147147693812e-03,
          -1.6605487714900703e-02, 1.2478130351700477e-02,
          9.9173382172907023e-03, 4.4387948878879817e-04,
          1.7815574200966822e-01, 5.2759294185795413e-01,
          -1.1256678682679713e-01, 1.9347429046394308e-03,
          1.3225013581569756e-01, -2.5943681902936299e-03,
          6.4346809332831781e-02, 1.6745821874778848e-02,
          4.1166707216593167e-03, 3.7649682693448122e-02,
          -1.8560075323743607e-02, -1.1256678682679716e-01,
          1.2544783547379501e-01, 9.9441761051309116e-05,
          -5.9672838897249163e-02, 3.1469743171211022e-03,
          -2.6256192481203630e-02, 1.7908673806916950e-03,
          8.6478130743258461e-04, -1.2863106856372179e-02,
          -9.1453326270591055e-04, 1.9347429046394306e-03,
          9.9441761051309347e-05, 5.6858556503732007e-03,
          8.6521866748720793e-04, -1.0803237416782826e-04,
          1.5337478880434884e-03, 5.9111985606234978e-04,
          9.8058881362227753e-04, 5.5095701383594197e-04,
          -7.9219782931446603e-02, 1.3225013581569756e-01,
          -5.9672838897249163e-02, 8.6521866748720761e-04,
          2.8142085619358420e-01, -9.4218630216010898e-03,
          8.1919158800684941e-02, -1.2569459244632396e-02,
          -8.5106713114228207e-03, 3.3587734599403174e-02,
          4.9032147147693803e-03, -2.5943681902936299e-03,
          3.1469743171211022e-03, -1.0803237416782822e-04,
          -9.4218630216010898e-03, 6.7464438749151945e-03,
          -2.5205201409735393e-03, 1.0484041463556281e-03,
          -6.7993218307168201e-04, -9.1649540875103272e-04,
          -1.6605487714900703e-02, 6.4346809332831795e-02,
          -2.6256192481203637e-02, 1.5337478880434884e-03,
          8.1919158800684941e-02, -2.5205201409735398e-03,
          4.1648413671898761e-02, 1.5532483692000680e-03,
          -7.4670062526034631e-04, 1.4184499515632974e-02,
          1.2478130351700477e-02, 1.6745821874778848e-02,
          1.7908673806916956e-03, 5.9111985606234978e-04,
          -1.2569459244632396e-02, 1.0484041463556281e-03,
          1.5532483692000678e-03, 1.2365098228822373e-01,
          2.0299252437624821e-03, 1.2451366413252008e-03,
          9.9173382172907023e-03, 4.1166707216593141e-03,
          8.6478130743258461e-04, 9.8058881362227753e-04,
          -8.5106713114228190e-03, -6.7993218307168201e-04,
          -7.4670062526034588e-04, 2.0299252437624830e-03,
          5.9762608372862566e-03, 3.8444842810847192e-04,
          4.4387948878879752e-04, 3.7649682693448122e-02,
          -1.2863106856372179e-02, 5.5095701383594197e-04,
          3.3587734599403174e-02, -9.1649540875103240e-04,
          1.4184499515632974e-02, 1.2451366413252004e-03,
          3.8444842810847165e-04, 2.2740809920738569e-02 ]
   - !!opencv-matrix
      rows: 10
      cols: 10
      dt: d
      data: [ 4.8691821931088730e-02, 1.0875483717639115e-02,
          -4.1605493386942791e-02, -4.6811298666558834e-04,
          -1.2538668969381348e-03, 1.2680709478585807e-03,
          9.9971653772683820e-03, 6.0874937545817714e-04,
          -5.6807708678551574e-03, 2.9582721850225369e-02,
          1.0875483717639115e-02, 8.8480121482092163e-03,
          -2.1577952160443333e-02, -9.6816765554773697e-05,
          1.3586762487171789e-03, 1.0245493999872163e-03,
          6.3148164139438480e-03, 9.1789138624911299e-04,
          -4.3021792075997461e-03, 3.3364665962435335e-02,
          -4.1605493386942798e-02, -2.1577952160443333e-02,
          1.3312356966555797e-01, 1.1304863872787631e-03,
          -9.8706914553114695e-04, -2.9754257678886622e-03,
          -2.0770355921503281e-02, 7.0274335480048666e-04,
          1.3034822251010819e-02, -7.6027202253657597e-02,
          -4.6811298666558823e-04, -9.6816765554773670e-05,
          1.1304863872787631e-03, 1.0006297066794711e-03,
          -1.8174123737956080e-03, -9.2837163292633693e-05,
          -2.2047232478972730e-04, 2.5099388438244008e-04,
          3.7824668088812425e-04, -1.0538067423522298e-04,
          -1.2538668969381355e-03, 1.3586762487171789e-03,
          -9.8706914553114695e-04, -1.8174123737956082e-03,
          3.7070603024994313e-02, 3.1998368626271574e-04,
          6.9468180501722232e-04, -8.0091915039667110e-03,
          -3.7898311432037232e-03, 1.0158352145138621e-02,
          1.2680709478585807e-03, 1.0245493999872166e-03,
          -2.9754257678886627e-03, -9.2837163292633693e-05,
          3.1998368626271558e-04, 9.2049056614803681e-03,
          7.5079226681017542e-04, 4.1346929786747441e-04,
          -3.1817572662685739e-03, 4.6645520137075114e-03,
          9.9971653772683820e-03, 6.3148164139438480e-03,
          -2.0770355921503288e-02, -2.2047232478972727e-04,
          6.9468180501722275e-04, 7.5079226681017542e-04,
          1.9479840237742255e-02, -1.1652090844254897e-04,
          -1.5143496474653358e-03, 1.8055149859387248e-02,
          6.0874937545817790e-04, 9.1789138624911299e-04,
          7.0274335480048579e-04, 2.5099388438244008e-04,
          -8.0091915039667110e-03, 4.1346929786747447e-04,
          -1.1652090844254897e-04, 2.9088116730166924e-02,
          -5.3796230035760613e-05, 5.9333070246576150e-03,
          -5.6807708678551574e-03, -4.3021792075997461e-03,
          1.3034822251010823e-02, 3.7824668088812425e-04,
          -3.7898311432037232e-03, -3.1817572662685735e-03,
          -1.5143496474653356e-03, -5.3796230035760566e-05,
          2.3059025823998294e-02, -1.9706394073740845e-02,
          2.9582721850225369e-02, 3.3364665962435335e-02,
          -7.6027202253657597e-02, -1.0538067423522295e-04,
          1.0158352145138621e-02, 4.6645520137075123e-03,
          1.8055149859387248e-02, 5.9333070246576133e-03,
          -1.9706394073740845e-02, 2.5479876335547075e-01 ]
   - !!opencv-matrix
      rows: 10
      cols: 10
      dt: d
