%YAML:1.0
---
groups:
   - intact
   - CD19
intactGmmnames:
   - "intact.48137.0"
   - "intact.48137.1"
   - "intact.48137.2"
   - "intact.48137.3"
   - "intact.48137.4"
intactLabels:
   - FSC-A
   - SSC-A
   - SY41
   - CD19
   - CD10
   - CD20
   - CD45
   - CD34
   - CD38
   - CD58
intactMu: !!opencv-matrix
   rows: 5
   cols: 10
   dt: d
   data: [ 1.1609762560954691e+00, 2.3950572116391580e-01,
       2.5961066476633450e+00, 1.2580312654888943e+00,
       1.0015583054721244e+00, 1.2747465043553656e+00,
       3.4292005773821268e+00, 1.0504950063948728e+00,
       2.1639051068244335e+00, 9.8476502926018139e-01,
       8.9166904121072155e-01, 3.3032553183961427e-01,
       2.5665528638684774e+00, 1.2951622075662366e+00,
       1.1941031608541877e+00, 1.2724100054511052e+00,
       1.4387124588825542e+00, 1.1018760287228928e+00,
       1.6828724808831099e+00, 2.4976232749856457e+00,
       2.6547661892286167e+00, 2.2631488351351674e+00,
       2.7397094786244724e+00, 1.3134351791238539e+00,
       1.4046996139591983e+00, 1.4398436754320731e+00,
       2.8344305902439042e+00, 1.2267104374972242e+00,
       2.2298435434108486e+00, 2.3562210807411081e+00,
       2.4512349198934169e+00, 2.3677925128110280e+00,
       2.5435935894314068e+00, 1.3325463712879806e+00,
       2.2715525652941122e+00, 1.3850430902750726e+00,
       2.9512501008861829e+00, 1.2474041699091112e+00,
       1.9141896694832259e+00, 2.4190005690600449e+00,
       1.6347172352275414e+00, 8.0664556326270731e-01,
       2.6971567157075964e+00, 1.2980197337907278e+00,
       1.3126006157533474e+00, 1.4706847901206421e+00,
       3.1553000316326800e+00, 1.2346097212062841e+00,
       2.8522302608447352e+00, 2.0463463830616053e+00 ]
intactSigma:
   - !!opencv-matrix
      rows: 10
      cols: 10
      dt: d
      data: [ 2.7536965906382476e-02, 4.4479402809183902e-03,
          -3.7006607229269875e-03, -9.8796795211085258e-04,
          2.1998371555840388e-03, -1.8910447174640252e-03,
          5.6162026943572746e-03, -1.8992254165198561e-04,
          -1.3540551343184397e-03, 1.2330925946352505e-02,
          4.4479402809183902e-03, 3.9491521576952874e-03,
          -1.1788566405523887e-03, -6.0948684105833714e-04,
          2.1045685058336569e-03, -7.3346210572001471e-04,
          3.8995788462330128e-03, -2.3537540250915847e-05,
          -6.0480478554981853e-03, 1.2285722968049103e-02,
          -3.7006607229269875e-03, -1.1788566405523890e-03,
          1.3585919385266862e-02, 6.0343125588594858e-04,
          -1.0688262460341112e-03, 1.0110161565512570e-03,
          -2.2656289182717859e-03, -3.4025647143280018e-05,
          -1.2932261415740652e-03, -5.2898398220714163e-03,
          -9.8796795211085280e-04, -6.0948684105833714e-04,
          6.0343125588594847e-04, 2.3925834519077454e-03,
          -8.0875724593557838e-03, 8.7386265766085903e-05,
          -1.0514727960346773e-03, 9.6232445661373269e-04,
          3.0178782032132217e-03, -2.4193908492754932e-03,
          2.1998371555840388e-03, 2.1045685058336564e-03,
          -1.0688262460341116e-03, -8.0875724593557838e-03,
          8.1578908661228161e-02, -1.6399433131006236e-03,
          2.9768328275709731e-03, -2.2674152968151833e-02,
          -1.0372101907734554e-02, 1.4933524263226331e-02,
          -1.8910447174640258e-03, -7.3346210572001504e-04,
          1.0110161565512570e-03, 8.7386265766085903e-05,
          -1.6399433131006240e-03, 2.4480431589320041e-02,
          -8.9097518855587535e-04, 5.5662869699874061e-04,
          3.0493905668654438e-03, -3.9479550953264719e-03,
          5.6162026943572746e-03, 3.8995788462330111e-03,
          -2.2656289182717859e-03, -1.0514727960346771e-03,
          2.9768328275709731e-03, -8.9097518855587492e-04,
          9.3502683595605776e-03, -5.9524337057364998e-05,
          -7.0077800588739620e-03, 8.6940803742969839e-03,
          -1.8992254165198572e-04, -2.3537540250915881e-05,
          -3.4025647143280221e-05, 9.6232445661373269e-04,
          -2.2674152968151833e-02, 5.5662869699874072e-04,
          -5.9524337057364842e-05, 8.4199610538401581e-02,
          7.5573973499257359e-04, 2.6586070783405089e-03,
          -1.3540551343184399e-03, -6.0480478554981853e-03,
          -1.2932261415740647e-03, 3.0178782032132217e-03,
          -1.0372101907734556e-02, 3.0493905668654443e-03,
          -7.0077800588739603e-03, 7.5573973499257446e-04,
          1.4400827121883031e-01, -2.5963975625989646e-02,
          1.2330925946352505e-02, 1.2285722968049103e-02,
          -5.2898398220714155e-03, -2.4193908492754937e-03,
          1.4933524263226331e-02, -3.9479550953264719e-03,
          8.6940803742969856e-03, 2.6586070783405093e-03,
          -2.5963975625989642e-02, 1.5504996920894643e-01 ]
   - !!opencv-matrix
      rows: 10
      cols: 10
      dt: d
      data: [ 5.5412501164364039e-02, 1.7006968759351739e-02,
          1.3817986211126870e-02, 7.4012354847982783e-04,
          9.7622261834899287e-03, 2.2413469116114616e-03,
          2.6879488731810688e-02, 3.0728868827110413e-03,
          1.1444218059481374e-02, 1.7148462043976756e-02,
          1.7006968759351739e-02, 1.1259116429657890e-02,
          6.5145543969518322e-03, 3.8506318587890802e-04,
          8.1672390819708101e-03, 1.6788362687507469e-03,
          1.8129596128827974e-02, 1.8343004538713932e-03,
          7.6972635423311290e-03, 1.1587095708058413e-02,
          1.3817986211126870e-02, 6.5145543969518339e-03,
          9.9007270738648179e-02, 1.4256280737457864e-03,
          1.4851878583799086e-02, 8.2379880212880806e-03,
          1.4614635672225455e-02, 1.8997519358746667e-03,
          1.0422735650100524e-02, 8.7857504358544447e-03,
          7.4012354847982783e-04, 3.8506318587890818e-04,
          1.4256280737457861e-03, 1.6271553920851024e-03,
          -2.1404485320809363e-03, 8.7605931548447253e-05,
          1.5782923263550600e-03, 2.2844358146994670e-04,
          8.4984643197934392e-04, 5.2956054221136738e-04,
          9.7622261834899287e-03, 8.1672390819708101e-03,
          1.4851878583799090e-02, -2.1404485320809371e-03,
          7.0454108127779413e-02, 3.3730438132555667e-03,
          2.7013044023865399e-02, -2.4619203204736938e-03,
          1.2360926251483891e-02, 1.4527725085501564e-02,
          2.2413469116114621e-03, 1.6788362687507469e-03,
          8.2379880212880806e-03, 8.7605931548447307e-05,
          3.3730438132555667e-03, 1.1480583338806529e-02,
          5.7685684596535947e-03, 5.0117483304837319e-04,
          1.0595258547239487e-03, 2.1937082989636363e-03,
          2.6879488731810688e-02, 1.8129596128827977e-02,
          1.4614635672225455e-02, 1.5782923263550600e-03,
          2.7013044023865392e-02, 5.7685684596535947e-03,
          1.3341466766761467e-01, 4.0655830414158475e-03,
          3.5437069484115007e-02, 2.1458671790777782e-02,
          3.0728868827110413e-03, 1.8343004538713932e-03,
          1.8997519358746658e-03, 2.2844358146994660e-04,
          -2.4619203204736930e-03, 5.0117483304837319e-04,
          4.0655830414158467e-03, 1.7241463544542961e-02,
          1.7252654869172671e-03, 2.1399635161795756e-03,
          1.1444218059481374e-02, 7.6972635423311307e-03,
          1.0422735650100524e-02, 8.4984643197934370e-04,
          1.2360926251483891e-02, 1.0595258547239483e-03,
          3.5437069484115007e-02, 1.7252654869172671e-03,
          2.2163840296990003e-02, 1.1884205086128969e-02,
          1.7148462043976756e-02, 1.1587095708058413e-02,
          8.7857504358544447e-03, 5.2956054221136738e-04,
          1.4527725085501564e-02, 2.1937082989636359e-03,
          2.1458671790777782e-02, 2.1399635161795747e-03,
          1.1884205086128969e-02, 2.5837881720406245e-02 ]
   - !!opencv-matrix
      rows: 10
      cols: 10
      dt: d
