%YAML:1.0
---
groups:
   - intact
   - CD19
   - blast
intactGmmnames:
   - "intact.48208.0"
   - "intact.48208.1"
   - "intact.48208.2"
   - "intact.48208.3"
   - "intact.48208.4"
intactLabels:
   - FSC-A
   - SSC-A
   - SY41
   - CD19
   - CD10
   - CD20
   - CD45
   - CD34
   - CD38
   - CD58
intactMu: !!opencv-matrix
   rows: 5
   cols: 10
   dt: d
   data: [ 1.3527889807266735e+00, 3.7291459512071357e-01,
       3.3328494408169562e+00, 1.2575435056316682e+00,
       9.2637212327226948e-01, 1.0055120595851701e+00,
       3.3924544009063862e+00, 1.0712179546539145e+00,
       1.5267835352719743e+00, 1.6486801497675065e+00,
       9.7089100446888443e-01, 4.3445176101590277e-01,
       3.0707833045077928e+00, 1.2674082594794471e+00,
       1.0906042880640905e+00, 1.0616540475447742e+00,
       1.3007973999653542e+00, 1.1128285422697652e+00,
       1.1987791211699173e+00, 2.5653232283262368e+00,
       1.9932086166730048e+00, 2.7757320230667215e+00,
       2.9683599086059935e+00, 1.3476678148708048e+00,
       2.4099952029240654e+00, 1.1537081221952594e+00,
       3.4852453990836256e+00, 1.1842346203499932e+00,
       1.6846324699669544e+00, 2.4298198554529389e+00,
       2.2341249272972781e+00, 2.2108843730348045e+00,
       3.0799123241791730e+00, 1.3075627275682200e+00,
       1.4783308293745552e+00, 1.1108648928727836e+00,
       3.0290966443592318e+00, 1.2611235918014867e+00,
       1.9516193104778892e+00, 2.3222259007233474e+00,
       1.2994238934779332e+00, 6.9481559725725739e-01,
       3.0085046211559887e+00, 1.5021029759428495e+00,
       2.2923841092212509e+00, 1.5167983366979516e+00,
       2.0942247320491170e+00, 1.5809734097196591e+00,
       1.6164963236958827e+00, 1.4987821618797201e+00 ]
intactSigma:
   - !!opencv-matrix
      rows: 10
      cols: 10
      dt: d
      data: [ 8.5079948767361205e-02, 9.9435010053903292e-03,
          -1.3291953189921537e-02, -1.0693556355455679e-03,
          -8.8907675473642381e-03, -8.0477076983711503e-03,
          1.2057550850521372e-02, -4.2196053791050480e-04,
          5.0364379132904176e-03, 4.2819894006538108e-02,
          9.9435010053903292e-03, 1.3427502644550613e-02,
          -1.1141432760784383e-02, -2.5914992898974186e-05,
          2.2153099717546585e-03, -3.5524052258908501e-03,
          9.8169259109244598e-03, -3.3995868978204629e-05,
          1.8437900525807811e-02, 2.5491560421135023e-02,
          -1.3291953189921539e-02, -1.1141432760784383e-02,
          3.5289359226898458e-02, 6.8396963648166716e-04,
          3.9068359196936650e-03, 5.0281467660023196e-03,
          -1.3855880204701273e-02, 8.2887315819595020e-04,
          -2.1034616811969810e-02, -3.5379674449000989e-02,
          -1.0693556355455677e-03, -2.5914992898974207e-05,
          6.8396963648166727e-04, 2.2085324174267213e-03,
          -2.0300271895106921e-03, -1.2358198555944433e-04,
          -5.5098980686704127e-04, 6.5179307704121478e-04,
          1.0876342268198559e-03, -7.6089513301921699e-04,
          -8.8907675473642363e-03, 2.2153099717546585e-03,
          3.9068359196936641e-03, -2.0300271895106921e-03,
          7.9361287171147321e-02, 3.2169215395002420e-03,
          -5.6352381631697909e-04, -1.4549370947983174e-02,
          8.2181415471795100e-03, -5.6584808998916851e-03,
          -8.0477076983711503e-03, -3.5524052258908514e-03,
          5.0281467660023204e-03, -1.2358198555944430e-04,
          3.2169215395002420e-03, 2.0055067361179388e-02,
          -2.6485226725123851e-03, 3.0750043434507889e-04,
          -1.3726976433974438e-02, -1.2779095804171208e-02,
          1.2057550850521376e-02, 9.8169259109244598e-03,
          -1.3855880204701269e-02, -5.5098980686704116e-04,
          -5.6352381631697909e-04, -2.6485226725123851e-03,
          2.1707016886140528e-02, -3.9104209196349143e-04,
          3.7418639398857285e-03, 2.1398866571590361e-02,
          -4.2196053791050458e-04, -3.3995868978204608e-05,
          8.2887315819595063e-04, 6.5179307704121478e-04,
          -1.4549370947983179e-02, 3.0750043434507899e-04,
          -3.9104209196349110e-04, 3.0847271877970643e-02,
          6.7808923558337647e-05, -1.3547111906987471e-03,
          5.0364379132904176e-03, 1.8437900525807811e-02,
          -2.1034616811969810e-02, 1.0876342268198562e-03,
          8.2181415471795083e-03, -1.3726976433974438e-02,
          3.7418639398857294e-03, 6.7808923558337295e-05,
          1.6859263125553389e-01, 2.5979700703415171e-02,
          4.2819894006538108e-02, 2.5491560421135023e-02,
          -3.5379674449000975e-02, -7.6089513301921688e-04,
          -5.6584808998916851e-03, -1.2779095804171208e-02,
          2.1398866571590361e-02, -1.3547111906987480e-03,
          2.5979700703415178e-02, 1.5806661206302311e-01 ]
   - !!opencv-matrix
      rows: 10
      cols: 10
      dt: d
      data: [ 7.2667425374289399e-02, 2.7766604993443463e-02,
          1.9372842622236135e-02, 9.5663796316813616e-04,
          1.4098623082681732e-02, 1.5384429656480959e-03,
          9.9128033013789196e-03, 3.5302057411635830e-03,
          5.0682759335776619e-03, 2.2584077108814462e-02,
          2.7766604993443460e-02, 2.5282011702269690e-02,
          1.0755827030200369e-02, 8.2268187809677944e-04,
          1.2712433804657339e-02, 1.2666736772886935e-03,
          7.9865304342130045e-03, 2.6241268829503474e-03,
          3.3334627653599305e-03, 2.0131821264301398e-02,
          1.9372842622236135e-02, 1.0755827030200369e-02,
          9.2773203564218670e-02, 2.3384205728425875e-03,
          2.8563694026802415e-02, 4.1549704431905346e-03,
          -6.6054997604563974e-03, 4.2224825696450426e-03,
          4.0398542851564781e-03, 9.4398731896534454e-03,
          9.5663796316813638e-04, 8.2268187809677966e-04,
          2.3384205728425875e-03, 2.5678540114568668e-03,
          -2.3721996749217901e-03, -6.7129288552545316e-05,
          5.7675376649901394e-04, 6.6626033388311658e-04,
          3.6747817179087506e-04, 6.7886708000246081e-04,
          1.4098623082681732e-02, 1.2712433804657339e-02,
          2.8563694026802408e-02, -2.3721996749217905e-03,
          8.8579331030073649e-02, 3.7408663442868471e-03,
          2.2881140945178375e-03, -6.6295580674142545e-03,
          1.1949962067244976e-03, 1.1755623729339670e-02,
          1.5384429656480959e-03, 1.2666736772886939e-03,
          4.1549704431905346e-03, -6.7129288552545357e-05,
          3.7408663442868471e-03, 9.3337404771550499e-03,
          5.9589202359654474e-04, 5.3731497633008785e-04,
          -9.0040785087029497e-05, 4.7962347128184117e-04,
          9.9128033013789196e-03, 7.9865304342130062e-03,
          -6.6054997604563974e-03, 5.7675376649901405e-04,
          2.2881140945178358e-03, 5.9589202359654496e-04,
          3.5044252578262540e-02, 1.6232483248265679e-03,
          1.0360179839293900e-03, 4.9753746568427818e-03,
          3.5302057411635821e-03, 2.6241268829503474e-03,
          4.2224825696450408e-03, 6.6626033388311680e-04,
          -6.6295580674142563e-03, 5.3731497633008806e-04,
          1.6232483248265672e-03, 2.7508708687004134e-02,
          9.5000883698918349e-04, 2.3477187521504001e-03,
          5.0682759335776619e-03, 3.3334627653599305e-03,
          4.0398542851564781e-03, 3.6747817179087490e-04,
          1.1949962067244974e-03, -9.0040785087029443e-05,
          1.0360179839293900e-03, 9.5000883698918349e-04,
          4.3782657907710000e-03, 2.9929830535770151e-03,
          2.2584077108814462e-02, 2.0131821264301398e-02,
          9.4398731896534471e-03, 6.7886708000246081e-04,
          1.1755623729339670e-02, 4.7962347128184101e-04,
          4.9753746568427818e-03, 2.3477187521504014e-03,
          2.9929830535770151e-03, 2.9866086340621108e-02 ]
   - !!opencv-matrix
      rows: 10
      cols: 10
      dt: d
