%YAML:1.0
---
groups:
   - intact
   - CD19
   - blast
intactGmmnames:
   - "intact.48228.0"
   - "intact.48228.1"
   - "intact.48228.2"
   - "intact.48228.3"
   - "intact.48228.4"
intactLabels:
   - FSC-A
   - SSC-A
   - SY41
   - CD19
   - CD10
   - CD20
   - CD45
   - CD34
   - CD38
   - CD58
intactMu: !!opencv-matrix
   rows: 5
   cols: 10
   dt: d
   data: [ 1.3108713721588878e+00, 4.4719737113527147e-01,
       2.3679264778590627e+00, 1.2920920873142783e+00,
       1.1242912236484042e+00, 1.2803648063687707e+00,
       3.3190688768976346e+00, 1.1577667828494331e+00,
       2.1864103403637110e+00, 1.6704163054769128e+00,
       1.9237558583149392e+00, 2.1050607060202000e+00,
       2.5983450920697404e+00, 1.3799951122525025e+00,
       1.6326373164619530e+00, 1.4125012095878595e+00,
       2.8926525064110629e+00, 1.3539733216415175e+00,
       1.7762779735233305e+00, 1.9627356872959059e+00,
       8.5798860196673299e-01, 3.6281812248732664e-01,
       2.4365412466258798e+00, 1.2685528818852321e+00,
       1.1168292071804726e+00, 1.2620438334706254e+00,
       1.3215092415661041e+00, 1.1929487460352952e+00,
       1.5382079206823955e+00, 2.2409024999653009e+00,
       1.2008721429957254e+00, 2.7410882938899883e-01,
       2.5592045729066286e+00, 1.2683855244173845e+00,
       1.0558101668490625e+00, 1.2609043492167418e+00,
       3.2556989163215300e+00, 1.1457359153037294e+00,
       1.7372474821990367e+00, 1.1533310487682180e+00,
       1.3028388735101262e+00, 4.1792004934095739e-01,
       2.3939608200222144e+00, 1.2730337882904181e+00,
       1.0577656992387090e+00, 1.2472276931792543e+00,
       3.2637245796034100e+00, 1.1619099800270161e+00,
       1.6518343284911450e+00, 1.8468263128142908e+00 ]
intactSigma:
   - !!opencv-matrix
      rows: 10
      cols: 10
      dt: d
      data: [ 4.0352252494764637e-02, 9.5207299293378501e-03,
          -1.1020481471183001e-02, -3.3716839170532025e-04,
          -2.3589961421448934e-03, -3.1696157799441286e-03,
          5.0656689353012624e-03, -4.6360619287286203e-04,
          -1.7038152931303158e-03, 1.3676638868485684e-02,
          9.5207299293378501e-03, 2.0392895801776823e-02,
          -3.3679393911025717e-03, 2.9640376641107641e-04,
          -8.9568965054954910e-04, -1.8223550428499509e-03,
          4.3884018647874648e-03, 7.4260824951421405e-04,
          8.6590732512449638e-03, 3.5320252049705889e-02,
          -1.1020481471183001e-02, -3.3679393911025717e-03,
          3.6185116170580595e-02, 6.1399627630547178e-04,
          3.1929909655145179e-03, 2.9144950250175401e-03,
          -5.7022673198429312e-03, 1.7582504731604835e-03,
          -8.2092623833268923e-04, -1.8496628318709303e-02,
          -3.3716839170532019e-04, 2.9640376641107668e-04,
          6.1399627630547157e-04, 5.1383054028000938e-03,
          1.7953107293929215e-03, 1.3149497594687135e-03,
          1.3456882990378843e-04, 6.8526035112589218e-04,
          -4.1576250969864082e-05, 4.2304195477493494e-03,
          -2.3589961421448934e-03, -8.9568965054954942e-04,
          3.1929909655145187e-03, 1.7953107293929218e-03,
          4.1895035220123306e-02, 3.9746641703575598e-03,
          3.1342415443446801e-04, -2.2397335950250678e-02,
          -2.1141266890213516e-02, 7.9640245736334846e-03,
          -3.1696157799441290e-03, -1.8223550428499503e-03,
          2.9144950250175410e-03, 1.3149497594687133e-03,
          3.9746641703575589e-03, 3.2299844634545279e-02,
          -5.1121552321485163e-04, 1.3380160200029273e-03,
          -1.1720865026600264e-03, -1.0382458017144065e-04,
          5.0656689353012624e-03, 4.3884018647874648e-03,
          -5.7022673198429312e-03, 1.3456882990378854e-04,
          3.1342415443446784e-04, -5.1121552321485163e-04,
          1.3430786499256872e-02, -1.1908530295441073e-04,
          5.4992813037466667e-03, 1.2993561488304588e-02,
          -4.6360619287286187e-04, 7.4260824951421405e-04,
          1.7582504731604826e-03, 6.8526035112589218e-04,
          -2.2397335950250678e-02, 1.3380160200029277e-03,
          -1.1908530295441076e-04, 9.9001378812037868e-02,
          1.1859203854465484e-03, 2.5504346929959847e-03,
          -1.7038152931303156e-03, 8.6590732512449638e-03,
          -8.2092623833268966e-04, -4.1576250969863743e-05,
          -2.1141266890213516e-02, -1.1720865026600262e-03,
          5.4992813037466658e-03, 1.1859203854465499e-03,
          1.7127778992856751e-01, 1.7348900713737642e-02,
          1.3676638868485684e-02, 3.5320252049705889e-02,
          -1.8496628318709300e-02, 4.2304195477493494e-03,
          7.9640245736334846e-03, -1.0382458017144088e-04,
          1.2993561488304585e-02, 2.5504346929959851e-03,
          1.7348900713737642e-02, 1.9304949926682133e-01 ]
   - !!opencv-matrix
      rows: 10
      cols: 10
      dt: d
      data: [ 4.6729582789964658e-01, 3.2654649986423773e-01,
          -1.3391236259884750e-02, -7.4926939095943538e-03,
          3.0616710217533073e-02, -2.1402135686460922e-02,
          1.1368700445991123e-01, 2.5562231586608756e-02,
          1.1625042363719083e-02, 6.6428169317450658e-02,
          3.2654649986423773e-01, 1.1641494604355767e+00,
          4.7255000646099964e-02, -1.3282494136477306e-02,
          1.9159565697267611e-01, -5.2622832036762678e-02,
          2.0098927589323962e-01, 2.6103521469133487e-02,
          -2.8656739879057962e-02, 1.1403119665823598e-01,
          -1.3391236259884750e-02, 4.7255000646099964e-02,
          6.7754187575192693e-02, 1.1709303444127569e-03,
          2.8107617618001571e-02, 2.7936872182118826e-03,
          1.6694593802751879e-02, 1.2801438147751688e-02,
          6.7586457857927063e-04, 1.9301577239674999e-02,
          -7.4926939095943555e-03, -1.3282494136477302e-02,
          1.1709303444127567e-03, 6.6561080097106623e-02,
          4.6949079108114126e-02, 5.9319509349571170e-02,
          -1.0338732789617817e-02, 1.6228585465123995e-02,
          1.9344229391803799e-02, 9.2157350380416940e-03,
          3.0616710217533073e-02, 1.9159565697267611e-01,
          2.8107617618001568e-02, 4.6949079108114126e-02,
          2.8201296326820319e-01, 3.9154190447495768e-02,
          6.1065439907834557e-02, 1.6889531771916315e-02,
          -8.3631689399476274e-03, 3.7906496598029325e-02,
          -2.1402135686460922e-02, -5.2622832036762678e-02,
          2.7936872182118817e-03, 5.9319509349571170e-02,
          3.9154190447495768e-02, 1.1112600920018015e-01,
          -1.3473110124295170e-02, 1.8280834371737401e-02,
          2.0757830328479582e-02, 6.3607956178737962e-03,
          1.1368700445991123e-01, 2.0098927589323959e-01,
          1.6694593802751879e-02, -1.0338732789617814e-02,
          6.1065439907834564e-02, -1.3473110124295170e-02,
          3.3211687435078729e-01, 7.7386680432519192e-03,
          2.3266401535591022e-02, -4.5414280733332615e-03,
          2.5562231586608756e-02, 2.6103521469133494e-02,
          1.2801438147751688e-02, 1.6228585465123995e-02,
          1.6889531771916315e-02, 1.8280834371737404e-02,
          7.7386680432519192e-03, 1.4793202146631723e-01,
          1.0810505419960656e-02, 2.5795608800264564e-02,
          1.1625042363719086e-02, -2.8656739879057969e-02,
          6.7586457857927084e-04, 1.9344229391803799e-02,
          -8.3631689399476256e-03, 2.0757830328479582e-02,
          2.3266401535591022e-02, 1.0810505419960656e-02,
          1.0134199988353230e-01, 2.1564617973332527e-02,
          6.6428169317450658e-02, 1.1403119665823599e-01,
          1.9301577239674999e-02, 9.2157350380416940e-03,
          3.7906496598029325e-02, 6.3607956178737962e-03,
          -4.5414280733332580e-03, 2.5795608800264564e-02,
          2.1564617973332534e-02, 1.7730136147842568e-01 ]
   - !!opencv-matrix
      rows: 10
      cols: 10
      dt: d
