%YAML:1.0
---
groups:
   - intact
   - CD19
   - blast
intactGmmnames:
   - "intact.48577.0"
   - "intact.48577.1"
   - "intact.48577.2"
   - "intact.48577.3"
   - "intact.48577.4"
intactLabels:
   - FSC-A
   - SSC-A
   - SY41
   - CD19
   - CD10
   - CD20
   - CD45
   - CD34
   - CD38
   - CD58
intactMu: !!opencv-matrix
   rows: 5
   cols: 10
   dt: d
   data: [ 1.8036846305124077e+00, 1.9076684325355298e+00,
       3.4570459089202261e+00, 1.3279165859282107e+00,
       1.7434409587279311e+00, 1.3012933943116611e+00,
       2.5276940743242649e+00, 1.2895924420741718e+00,
       1.8071816397375544e+00, 2.4781036591301260e+00,
       8.1514379740784759e-01, 2.8540279084861880e-01,
       3.4053836077821571e+00, 1.2756789022488859e+00,
       1.1414266433390505e+00, 1.2118500675594350e+00,
       1.4328449887947206e+00, 1.1847681859532126e+00,
       1.5781519117463345e+00, 2.5003046800080964e+00,
       1.3257952875273527e+00, 4.8287444404380747e-01,
       3.2670802068817708e+00, 1.2777498970517844e+00,
       9.1812067776328832e-01, 1.1031986973185512e+00,
       3.5391419218235787e+00, 1.1135536593904947e+00,
       2.8115241699642652e+00, 1.8098818125326495e+00,
       1.1005765180136091e+00, 3.2948455912517305e-01,
       3.3660033058478360e+00, 1.2600713933898331e+00,
       9.6769180937279620e-01, 1.1888496874246126e+00,
       3.4607784376181301e+00, 1.1072720445458299e+00,
       1.7527419290797728e+00, 1.3860804946344429e+00,
       1.8184955818245776e+00, 1.5942946850709261e+00,
       3.3924486385331067e+00, 1.3932690010811770e+00,
       1.5198272377873085e+00, 1.3898486616700010e+00,
       3.0895203403727578e+00, 1.4008485787315572e+00,
       2.6003125841313723e+00, 2.1932580069254901e+00 ]
intactSigma:
   - !!opencv-matrix
      rows: 10
      cols: 10
      dt: d
      data: [ 5.8212129967534942e-01, 7.9251527768200036e-01,
          -5.9502146596846474e-02, 1.3921794598402657e-02,
          1.6138134143688698e-01, 1.2132069755795626e-02,
          4.1411473988953645e-01, 4.8410014004759201e-02,
          6.9315397856723124e-02, -9.2683279756650035e-03,
          7.9251527768200025e-01, 1.5425295184193615e+00,
          -1.1908665441808736e-01, 3.1850781150105541e-02,
          4.1674035430164835e-01, 3.1445652090030071e-02,
          7.8059592768435415e-01, 8.6381510988483443e-02,
          9.7381774565784923e-02, -2.8275485583793662e-02,
          -5.9502146596846474e-02, -1.1908665441808736e-01,
          6.5198588592442402e-02, -2.0501429907810124e-03,
          -3.3428026966450301e-02, 1.5280903047796704e-03,
          -7.1402877115690780e-02, -4.1354737901627458e-03,
          -4.6048379564321397e-03, 2.1407105052948398e-02,
          1.3921794598402657e-02, 3.1850781150105541e-02,
          -2.0501429907810124e-03, 9.6792026790937929e-03,
          1.8725137914350050e-02, 1.6490647200238242e-03,
          2.0947595064094337e-02, 2.5059107980983275e-03,
          2.8559998130195724e-03, 2.1885981381600597e-03,
          1.6138134143688701e-01, 4.1674035430164835e-01,
          -3.3428026966450301e-02, 1.8725137914350046e-02,
          3.6241244975212533e-01, 1.7280182206203896e-02,
          2.6966796573000368e-01, 1.9831995770054622e-02,
          1.1438369684546375e-02, 1.9815246063624711e-02,
          1.2132069755795626e-02, 3.1445652090030071e-02,
          1.5280903047796704e-03, 1.6490647200238242e-03,
          1.7280182206203896e-02, 2.4957903766610993e-02,
          1.9391139436469383e-02, 3.5478708908390599e-03,
          -2.1415249644544058e-03, -2.4380340475546042e-05,
          4.1411473988953640e-01, 7.8059592768435415e-01,
          -7.1402877115690780e-02, 2.0947595064094337e-02,
          2.6966796573000368e-01, 1.9391139436469373e-02,
          5.2656544132446270e-01, 4.9888626605896109e-02,
          6.3519827361713896e-02, -8.9428622845277861e-03,
          4.8410014004759201e-02, 8.6381510988483443e-02,
          -4.1354737901627466e-03, 2.5059107980983280e-03,
          1.9831995770054619e-02, 3.5478708908390590e-03,
          4.9888626605896103e-02, 5.6928981091647360e-02,
          7.5407896285218188e-03, 4.2279584976285603e-03,
          6.9315397856723124e-02, 9.7381774565784923e-02,
          -4.6048379564321406e-03, 2.8559998130195728e-03,
          1.1438369684546378e-02, -2.1415249644544058e-03,
          6.3519827361713910e-02, 7.5407896285218188e-03,
          4.5365764899791487e-02, 7.4778504402715383e-03,
          -9.2683279756650069e-03, -2.8275485583793662e-02,
          2.1407105052948398e-02, 2.1885981381600597e-03,
          1.9815246063624711e-02, -2.4380340475545771e-05,
          -8.9428622845277844e-03, 4.2279584976285603e-03,
          7.4778504402715365e-03, 5.4849753181091490e-02 ]
   - !!opencv-matrix
      rows: 10
      cols: 10
      dt: d
      data: [ 2.9369247012683491e-02, 8.5916591538573363e-03,
          8.6320863343571207e-03, 3.8850089105162448e-04,
          3.6383363533678986e-03, 5.8888757470857756e-04,
          1.2415706720437411e-02, 2.9957917462681088e-03,
          3.0982103157221929e-03, 1.0832014204615287e-02,
          8.5916591538573363e-03, 9.7871235064810862e-03,
          5.9364064479703821e-03, 4.6314398114921608e-04,
          3.4270946524732732e-03, 7.4149555126660387e-04,
          1.0000643693145395e-02, 2.3638047835494334e-03,
          2.5048441607133528e-03, 9.6305608308302603e-03,
          8.6320863343571173e-03, 5.9364064479703830e-03,
          6.1780341470774755e-02, 5.5795376152608853e-04,
          1.1072216836970834e-02, 2.6655152463285941e-03,
          -1.9555756458454038e-03, 1.9887448588304865e-03,
          4.1212285112200136e-03, 1.0702747232185136e-02,
          3.8850089105162426e-04, 4.6314398114921608e-04,
          5.5795376152608842e-04, 2.4123374924938084e-03,
          -2.5256125685204746e-03, -1.2605166955829004e-04,
          1.0369799481020692e-03, 2.5490853950940382e-04,
          5.1626453145967933e-04, 6.9135031572007853e-04,
          3.6383363533678986e-03, 3.4270946524732723e-03,
          1.1072216836970834e-02, -2.5256125685204746e-03,
          5.8235648353572478e-02, 1.6207994380664744e-03,
          4.3936495921667942e-03, -1.5074301509635773e-03,
          1.4379139832161308e-03, 6.1474232466023973e-03,
          5.8888757470857724e-04, 7.4149555126660409e-04,
          2.6655152463285941e-03, -1.2605166955828999e-04,
          1.6207994380664742e-03, 9.4499135330479885e-03,
          8.1595092221817245e-04, 2.4459697320623183e-04,
          -7.8439938484779965e-04, 1.0326384465990099e-03,
          1.2415706720437411e-02, 1.0000643693145397e-02,
          -1.9555756458454038e-03, 1.0369799481020692e-03,
          4.3936495921667960e-03, 8.1595092221817213e-04,
          7.4649598875916212e-02, 4.2882859439113677e-03,
          7.8093958430804893e-03, 1.2283302060520581e-02,
          2.9957917462681088e-03, 2.3638047835494334e-03,
          1.9887448588304865e-03, 2.5490853950940377e-04,
          -1.5074301509635773e-03, 2.4459697320623188e-04,
          4.2882859439113668e-03, 1.2155985378652779e-02,
          1.0396385708663794e-03, 3.2932252864316829e-03,
          3.0982103157221929e-03, 2.5048441607133528e-03,
          4.1212285112200136e-03, 5.1626453145967933e-04,
          1.4379139832161308e-03, -7.8439938484779986e-04,
          7.8093958430804893e-03, 1.0396385708663794e-03,
          7.3951753182930893e-03, 4.2067681305127990e-03,
          1.0832014204615286e-02, 9.6305608308302586e-03,
          1.0702747232185136e-02, 6.9135031572007853e-04,
          6.1474232466023973e-03, 1.0326384465990099e-03,
          1.2283302060520581e-02, 3.2932252864316829e-03,
          4.2067681305127990e-03, 2.1789361489537272e-02 ]
   - !!opencv-matrix
      rows: 10
      cols: 10
      dt: d
