%YAML:1.0
---
groups:
   - intact
   - CD19
   - blast
intactGmmnames:
   - "intact.48658.0"
   - "intact.48658.1"
   - "intact.48658.2"
   - "intact.48658.3"
   - "intact.48658.4"
intactLabels:
   - FSC-A
   - SSC-A
   - SY41
   - CD19
   - CD10
   - CD20
   - CD45
   - CD34
   - CD38
   - CD58
intactMu: !!opencv-matrix
   rows: 5
   cols: 10
   dt: d
   data: [ 6.3881495458122273e-01, 2.0915353379895371e-01,
       3.0861629357361839e+00, 1.1581269887925301e+00,
       1.1463414731900599e+00, 1.1660104521566574e+00,
       1.1405263941561459e+00, 9.8641042150842051e-01,
       1.5411539443944111e+00, 2.3908404681886690e+00,
       1.3968163036207693e+00, 8.9771846851080095e-01,
       3.2970980808992922e+00, 1.2492303618558485e+00,
       1.2974738075360690e+00, 1.2209875859266155e+00,
       2.8773671760776298e+00, 1.1065705026607564e+00,
       2.4019168313253010e+00, 2.1341407648409376e+00,
       2.1816069076000852e+00, 2.2631957170913206e+00,
       3.0806790427555208e+00, 1.2483955604781285e+00,
       2.1024872133520560e+00, 1.2189550099576039e+00,
       2.9915107287191853e+00, 1.1326717990760491e+00,
       1.8985320046569873e+00, 2.4275659899250552e+00,
       8.3538600122737550e-01, 3.5729521869912284e-01,
       3.4623610238310558e+00, 1.1881770462641885e+00,
       1.2169448303560353e+00, 1.2060071888201134e+00,
       1.3239962324470749e+00, 1.0428413811342023e+00,
       1.6658907880131508e+00, 2.5748019477222650e+00,
       1.0391571133745610e+00, 2.6352095172985895e-01,
       3.1351419815861754e+00, 1.1611434287297395e+00,
       1.1020392093033111e+00, 1.1164409157987585e+00,
       3.3053920256900731e+00, 8.9382335054573958e-01,
       1.9020795903035530e+00, 1.2640702905875476e+00 ]
intactSigma:
   - !!opencv-matrix
      rows: 10
      cols: 10
      dt: d
      data: [ 6.4496074940670759e-03, 1.0523500185002420e-03,
          -4.9771136062128699e-03, -5.2493738210898552e-05,
          -2.1154509819772227e-04, -1.8553935633602866e-04,
          6.7123299276267666e-04, 4.2761223620584282e-04,
          1.7401634855669518e-04, 4.9294093418018696e-04,
          1.0523500185002420e-03, 1.9954643643531125e-03,
          -2.1891280344167822e-03, 2.6600259574105540e-05,
          2.1073819894370347e-04, 2.2205909653321210e-05,
          7.2826026170606372e-04, 5.9631647123500648e-04,
          6.9352019073304686e-04, 2.4755912642273011e-03,
          -4.9771136062128699e-03, -2.1891280344167822e-03,
          4.0442016268552754e-02, 1.2198709878197839e-03,
          1.1631635387915928e-03, 9.9105497853704664e-04,
          -5.0751845402496464e-04, -4.7973045719482268e-04,
          -1.3746221941645390e-04, -1.2295281563298580e-03,
          -5.2493738210898531e-05, 2.6600259574105546e-05,
          1.2198709878197839e-03, 3.3883890972348108e-03,
          -1.6979618291040133e-03, -1.9272995738668110e-04,
          1.2942391161061744e-04, 2.3249891612487939e-04,
          2.9182287928795968e-04, 3.0792161300535233e-04,
          -2.1154509819772233e-04, 2.1073819894370361e-04,
          1.1631635387915932e-03, -1.6979618291040133e-03,
          7.3105894113853660e-03, -1.9298810489013787e-05,
          5.9184278458533721e-04, -1.5965043803842106e-03,
          -2.7638088904465398e-04, 4.5329579583451796e-04,
          -1.8553935633602869e-04, 2.2205909653321172e-05,
          9.9105497853704664e-04, -1.9272995738668110e-04,
          -1.9298810489013818e-05, 8.6752355429290679e-03,
          1.7072533102123018e-05, 1.8515145365440486e-04,
          -1.1122198543220977e-03, 1.6177235206629256e-04,
          6.7123299276267677e-04, 7.2826026170606372e-04,
          -5.0751845402496421e-04, 1.2942391161061738e-04,
          5.9184278458533700e-04, 1.7072533102122937e-05,
          3.4775551319185326e-02, 7.6212559282716539e-04,
          1.1861735323723222e-03, -1.1554774078591330e-03,
          4.2761223620584282e-04, 5.9631647123500658e-04,
          -4.7973045719482295e-04, 2.3249891612487928e-04,
          -1.5965043803842101e-03, 1.8515145365440488e-04,
          7.6212559282716561e-04, 2.4701420612463904e-02,
          5.3914561264360652e-04, 1.8739018369266197e-03,
          1.7401634855669518e-04, 6.9352019073304697e-04,
          -1.3746221941645384e-04, 2.9182287928795978e-04,
          -2.7638088904465393e-04, -1.1122198543220981e-03,
          1.1861735323723222e-03, 5.3914561264360652e-04,
          3.1372154844631684e-03, 1.7279389564261777e-03,
          4.9294093418018707e-04, 2.4755912642273011e-03,
          -1.2295281563298580e-03, 3.0792161300535233e-04,
          4.5329579583451774e-04, 1.6177235206629251e-04,
          -1.1554774078591330e-03, 1.8739018369266197e-03,
          1.7279389564261777e-03, 1.2016677114658161e-02 ]
   - !!opencv-matrix
      rows: 10
      cols: 10
      dt: d
      data: [ 3.5171288099238451e-01, 2.2624141829136230e-01,
          1.5763013238180770e-02, 8.1669807208236255e-03,
          7.4469883647503244e-03, -9.2848044579183896e-03,
          7.2890083355858157e-02, 4.2153804385647906e-02,
          1.3177379529989777e-01, 1.2773147609285429e-01,
          2.2624141829136230e-01, 4.3355345121937949e-01,
          4.0957043348676898e-02, 2.2402746490311171e-02,
          3.0584083020387353e-02, 3.0567880122468732e-02,
          -3.4237455970369396e-02, 4.9579755950480038e-02,
          1.7582792582138945e-02, 1.2067416676914193e-01,
          1.5763013238180770e-02, 4.0957043348676898e-02,
          8.9126089162021624e-02, 1.6650844432003387e-03,
          1.0820615663604113e-02, 1.2797821459900547e-02,
          -7.4845814183532394e-02, 1.1977810321431767e-02,
          -8.1782932190577820e-03, 5.3610053881148985e-02,
          8.1669807208236255e-03, 2.2402746490311171e-02,
          1.6650844432003391e-03, 4.4344839077054443e-02,
          2.3391344803653374e-02, 3.7232858545706973e-02,
          1.4628687088435891e-03, 1.4434053053778432e-02,
          1.3376498901715703e-02, 1.1832627871680303e-02,
          7.4469883647503227e-03, 3.0584083020387353e-02,
          1.0820615663604113e-02, 2.3391344803653374e-02,
          1.1106404408266261e-01, 1.4349292164465356e-02,
          -2.9103469412416327e-02, 2.0289809388640570e-02,
          -4.5244318171258333e-02, 1.4298540218338249e-02,
          -9.2848044579183896e-03, 3.0567880122468725e-02,
          1.2797821459900547e-02, 3.7232858545706973e-02,
          1.4349292164465354e-02, 1.4908427118814335e-01,
          -2.8879287719864869e-02, 1.2203397309528149e-02,
          -5.0086054922548480e-02, -6.9820179681584688e-04,
          7.2890083355858157e-02, -3.4237455970369396e-02,
          -7.4845814183532394e-02, 1.4628687088435891e-03,
          -2.9103469412416323e-02, -2.8879287719864862e-02,
          5.2364521251474028e-01, -2.7528527772183835e-02,
          2.0326322895985446e-01, -7.6733452586534745e-02,
          4.2153804385647919e-02, 4.9579755950480024e-02,
          1.1977810321431765e-02, 1.4434053053778432e-02,
          2.0289809388640570e-02, 1.2203397309528146e-02,
          -2.7528527772183835e-02, 2.1562421268605261e-01,
          1.0846850682716560e-02, 6.0966254117732634e-02,
          1.3177379529989777e-01, 1.7582792582138938e-02,
          -8.1782932190577803e-03, 1.3376498901715703e-02,
          -4.5244318171258333e-02, -5.0086054922548480e-02,
          2.0326322895985446e-01, 1.0846850682716560e-02,
          4.9388246899742844e-01, 8.8731957224654698e-02,
          1.2773147609285429e-01, 1.2067416676914190e-01,
          5.3610053881148992e-02, 1.1832627871680303e-02,
          1.4298540218338249e-02, -6.9820179681584645e-04,
          -7.6733452586534745e-02, 6.0966254117732634e-02,
          8.8731957224654698e-02, 3.2441721171756849e-01 ]
   - !!opencv-matrix
      rows: 10
      cols: 10
      dt: d
