%YAML:1.0
---
groups:
   - intact
   - CD19
   - blast
intactGmmnames:
   - "intact.48754.0"
   - "intact.48754.1"
   - "intact.48754.2"
   - "intact.48754.3"
   - "intact.48754.4"
intactLabels:
   - FSC-A
   - SSC-A
   - SY41
   - CD19
   - CD10
   - CD20
   - CD45
   - CD34
   - CD38
   - CD58
intactMu: !!opencv-matrix
   rows: 5
   cols: 10
   dt: d
   data: [ 1.0835868187950735e+00, 2.4168331025841042e-01,
       2.4662155432511721e+00, 1.0922376398388707e+00,
       1.0764588930013512e+00, 1.2318541186674221e+00,
       3.3997936828222515e+00, 1.0774703892136708e+00,
       1.8414212103250385e+00, 1.0456075694731797e+00,
       2.2800241277005862e+00, 2.8444579520049262e+00,
       2.6202637035681637e+00, 1.2395459983834813e+00,
       2.4918965823428034e+00, 1.2791176082167846e+00,
       3.2075729953452883e+00, 1.2367933848090071e+00,
       1.6564185841514165e+00, 2.4099370895106778e+00,
       7.8003733887164395e-01, 2.8510777977279556e-01,
       2.5958542955121726e+00, 1.1438718798688161e+00,
       1.0891404071941975e+00, 1.2355107140685655e+00,
       1.2031929355781901e+00, 1.1103589270882186e+00,
       1.4822483947260257e+00, 2.3992327953924408e+00,
       1.8564445486263541e+00, 1.3467132861941520e+00,
       2.6933392321055636e+00, 1.2006634530589768e+00,
       1.2064819893752101e+00, 1.3349057663812092e+00,
       2.4423672892535642e+00, 1.2242925584198558e+00,
       1.8347664577974232e+00, 2.1012496005167351e+00,
       1.4108416978977518e+00, 4.0194989212025273e-01,
       2.4789939421473912e+00, 1.0344489920833846e+00,
       1.1685816297500555e+00, 1.2225448795647735e+00,
       3.4975797834651980e+00, 1.1261833448670988e+00,
       2.0429756310060960e+00, 1.6343965187307947e+00 ]
intactSigma:
   - !!opencv-matrix
      rows: 10
      cols: 10
      dt: d
      data: [ 6.2443938199046242e-02, 3.9966570523650036e-03,
          -4.5630647337087235e-03, -1.5409275896365200e-03,
          -1.0606930123282375e-03, -2.3777027532932856e-04,
          1.0623526465069533e-02, 1.3080876569995621e-03,
          -6.8323561372235185e-03, 1.0152063961672174e-02,
          3.9966570523650054e-03, 4.3118465432589433e-03,
          -2.2190444945448682e-04, -3.6310383865430142e-04,
          4.3613009346069899e-04, 1.2814197243539937e-04,
          3.1142434281718522e-03, 7.4905153462741464e-04,
          -2.7687889302284519e-03, 2.0158127093058972e-02,
          -4.5630647337087217e-03, -2.2190444945448687e-04,
          2.0938836653733094e-02, -1.0974254705081347e-04,
          2.0551719145045512e-03, 4.8138418833480084e-04,
          1.4235141093756904e-03, 2.6778571413440925e-04,
          -9.3265498933772556e-04, 3.2733203452572630e-03,
          -1.5409275896365198e-03, -3.6310383865430137e-04,
          -1.0974254705081352e-04, 5.2364004983982849e-03,
          -5.2474488807835772e-03, -3.7053646592384180e-04,
          -1.1396100177398882e-03, 1.2316530850519172e-03,
          2.5486354471135775e-03, -4.1493606864894777e-04,
          -1.0606930123282373e-03, 4.3613009346069921e-04,
          2.0551719145045512e-03, -5.2474488807835763e-03,
          2.3345222900548381e-02, -4.5622934479706794e-06,
          8.0913390120385001e-04, -1.1580013927191168e-02,
          -3.7525302974203778e-03, 3.7371099608242333e-03,
          -2.3777027532932837e-04, 1.2814197243539934e-04,
          4.8138418833480073e-04, -3.7053646592384180e-04,
          -4.5622934479706574e-06, 1.1629450527877701e-02,
          2.6441503351375313e-04, 1.7597422658892597e-04,
          -4.3516775715655501e-03, 9.1816493028808741e-04,
          1.0623526465069533e-02, 3.1142434281718522e-03,
          1.4235141093756909e-03, -1.1396100177398882e-03,
          8.0913390120385023e-04, 2.6441503351375307e-04,
          1.0160862385034450e-02, 7.4904144482492514e-04,
          -5.3947888027992613e-03, 5.8103816565050698e-03,
          1.3080876569995625e-03, 7.4905153462741464e-04,
          2.6778571413440958e-04, 1.2316530850519168e-03,
          -1.1580013927191168e-02, 1.7597422658892597e-04,
          7.4904144482492493e-04, 7.1342335224516121e-02,
          -2.4752578462631510e-04, 7.6227837120780824e-03,
          -6.8323561372235185e-03, -2.7687889302284515e-03,
          -9.3265498933772556e-04, 2.5486354471135775e-03,
          -3.7525302974203774e-03, -4.3516775715655501e-03,
          -5.3947888027992613e-03, -2.4752578462631554e-04,
          8.1008586991432666e-02, -2.2505678144520244e-02,
          1.0152063961672177e-02, 2.0158127093058972e-02,
          3.2733203452572622e-03, -4.1493606864894766e-04,
          3.7371099608242337e-03, 9.1816493028808708e-04,
          5.8103816565050715e-03, 7.6227837120780816e-03,
          -2.2505678144520244e-02, 2.5995432215651271e-01 ]
   - !!opencv-matrix
      rows: 10
      cols: 10
      dt: d
      data: [ 1.9396322780293809e-01, 1.5565486266306477e-01,
          -2.9065682863697161e-02, -1.4249956564517780e-03,
          -2.3536653762505711e-03, 8.7203980418327034e-04,
          4.1397200007899371e-03, 6.2837189093392946e-03,
          8.3814508311141258e-03, 1.1141448476616050e-02,
          1.5565486266306477e-01, 3.7717381467954791e-01,
          -5.1739055662056894e-02, 4.9757903137199804e-03,
          4.1330936765097269e-02, 1.7096198155698999e-03,
          2.5906607690820049e-02, 1.5693111539716354e-02,
          1.7207690925222958e-02, 2.6287695975318211e-02,
          -2.9065682863697161e-02, -5.1739055662056894e-02,
          6.7761190679262631e-02, -2.8505323251924045e-03,
          -1.6474636074538640e-02, 2.8031696172955934e-03,
          -1.0048458601546465e-02, -2.5755607403428740e-03,
          -1.1775609747181563e-03, -3.8116374920899093e-03,
          -1.4249956564517773e-03, 4.9757903137199822e-03,
          -2.8505323251924045e-03, 4.1702994012963797e-02,
          1.6972947853314154e-02, -9.3770496496174249e-04,
          2.7469424391207220e-03, 1.9451453067637803e-03,
          5.6063999249563413e-03, 9.3711636110356512e-04,
          -2.3536653762505693e-03, 4.1330936765097276e-02,
          -1.6474636074538647e-02, 1.6972947853314154e-02,
          1.3266346202864338e-01, -3.0280534186443158e-04,
          1.7098831691138090e-02, -1.5134417281255199e-03,
          5.4099675267961075e-03, 5.0990348446412950e-03,
          8.7203980418327207e-04, 1.7096198155698997e-03,
          2.8031696172955934e-03, -9.3770496496174206e-04,
          -3.0280534186443125e-04, 1.6501403617717621e-02,
          -1.9227549397254535e-04, 3.7505989440730989e-04,
          -2.8826605751510075e-03, 3.3698562763867133e-04,
          4.1397200007899371e-03, 2.5906607690820052e-02,
          -1.0048458601546467e-02, 2.7469424391207229e-03,
          1.7098831691138090e-02, -1.9227549397254535e-04,
          1.0886309037505919e-02, 1.8361045608019466e-03,
          1.2325960962279916e-03, 2.2193406122507160e-03,
          6.2837189093392929e-03, 1.5693111539716354e-02,
          -2.5755607403428731e-03, 1.9451453067637812e-03,
          -1.5134417281255190e-03, 3.7505989440731022e-04,
          1.8361045608019464e-03, 1.3255036654270308e-01,
          3.2746787134107637e-03, 2.4828543821844838e-03,
          8.3814508311141258e-03, 1.7207690925222958e-02,
          -1.1775609747181567e-03, 5.6063999249563422e-03,
          5.4099675267961084e-03, -2.8826605751510071e-03,
          1.2325960962279914e-03, 3.2746787134107637e-03,
          1.4450404704483629e-02, 3.0157334472351387e-03,
          1.1141448476616050e-02, 2.6287695975318215e-02,
          -3.8116374920899093e-03, 9.3711636110356533e-04,
          5.0990348446412932e-03, 3.3698562763867144e-04,
          2.2193406122507165e-03, 2.4828543821844846e-03,
          3.0157334472351379e-03, 1.6257612859562072e-02 ]
   - !!opencv-matrix
      rows: 10
      cols: 10
      dt: d
