%YAML:1.0
---
groups:
   - intact
   - CD19
intactGmmnames:
   - "intact.48963.0"
   - "intact.48963.1"
   - "intact.48963.2"
   - "intact.48963.3"
   - "intact.48963.4"
intactLabels:
   - FSC-A
   - SSC-A
   - SY41
   - CD19
   - CD10
   - CD20
   - CD45
   - CD34
   - CD38
   - CD58
intactMu: !!opencv-matrix
   rows: 5
   cols: 10
   dt: d
   data: [ 7.8730395097021255e-01, 2.6028557622546755e-01,
       2.4764993097225929e+00, 1.2194069154882856e+00,
       1.0545848050277802e+00, 1.0928830890651118e+00,
       1.1469884736910474e+00, 1.0739803274059063e+00,
       1.5227266987302588e+00, 2.3744521805394063e+00,
       1.0809390005484276e+00, 2.8688959703611150e-01,
       2.5851614658794286e+00, 1.1743883314931147e+00,
       1.0638919753657741e+00, 1.0545051196561874e+00,
       3.3090783117473324e+00, 1.0347124915069921e+00,
       2.0429515131355038e+00, 1.4009045274134877e+00,
       2.4354048412986624e+00, 2.7137835778147168e+00,
       2.5923679369534800e+00, 1.3352041338807967e+00,
       2.0427052174275762e+00, 1.2650756450439100e+00,
       2.8777316017045460e+00, 1.6826676025627472e+00,
       1.7635949373756918e+00, 2.4777199609135834e+00,
       1.8645953809812452e+00, 1.1679374121998438e+00,
       2.8084332559160008e+00, 1.2886520454770254e+00,
       1.3754919875056297e+00, 1.1993830227801308e+00,
       2.3514449736617635e+00, 1.2874391736947843e+00,
       2.2905481314541936e+00, 2.2728488546430863e+00,
       1.0991837935442794e+00, 4.2013887488417972e-01,
       2.7750052125998632e+00, 1.2379248968815777e+00,
       1.3323707035932257e+00, 1.1253658013766075e+00,
       1.3724260179854728e+00, 1.1281087063970574e+00,
       1.6365026077176505e+00, 2.6039623497092750e+00 ]
intactSigma:
   - !!opencv-matrix
      rows: 10
      cols: 10
      dt: d
      data: [ 1.5686672362519749e-02, 2.8227721116730270e-03,
          -7.2434461138117306e-03, -1.6982180654507027e-05,
          -2.3942769907706928e-03, -2.1318320333447700e-05,
          2.0916525926749185e-03, 4.3295752477717249e-04,
          -2.9929683798059101e-04, 4.1571294045054702e-04,
          2.8227721116730275e-03, 5.9953238866588265e-03,
          -3.5157557517603330e-03, -3.5914452275262077e-05,
          1.1211145794760016e-03, 2.8564980013588508e-04,
          2.8125030809849380e-03, 1.2381055567540565e-03,
          6.1451544332805910e-04, 6.3205442990611413e-03,
          -7.2434461138117306e-03, -3.5157557517603317e-03,
          5.2334009990125580e-02, 5.0499621588317425e-04,
          3.7454690249901523e-03, 9.1058367642119203e-04,
          -3.0177219421120382e-03, 5.5911770233077408e-04,
          1.3570241845617440e-03, 4.8568964363670496e-03,
          -1.6982180654507044e-05, -3.5914452275262057e-05,
          5.0499621588317425e-04, 2.4125091287815108e-03,
          -3.3300048076620719e-03, -3.1425367329238719e-04,
          -7.2304033118563452e-05, 7.1137455015885450e-05,
          2.9041288685766119e-04, 1.0859360763572770e-04,
          -2.3942769907706932e-03, 1.1211145794760013e-03,
          3.7454690249901527e-03, -3.3300048076620719e-03,
          4.6674707376605333e-02, 8.0134517468459694e-04,
          3.7163393041423618e-03, -1.0331171498898273e-02,
          -2.8327503363006596e-05, 4.8828394810025901e-03,
          -2.1318320333447646e-05, 2.8564980013588503e-04,
          9.1058367642119127e-04, -3.1425367329238708e-04,
          8.0134517468459726e-04, 1.3802210086362158e-02,
          5.3942905393934866e-04, 1.2240664658716682e-04,
          -1.4037310313125002e-03, 5.3539983091045317e-04,
          2.0916525926749190e-03, 2.8125030809849384e-03,
          -3.0177219421120382e-03, -7.2304033118563492e-05,
          3.7163393041423631e-03, 5.3942905393934866e-04,
          4.5420017933033470e-02, 1.2938495580099788e-03,
          1.4259691448350368e-03, -9.2377889974429880e-04,
          4.3295752477717233e-04, 1.2381055567540562e-03,
          5.5911770233077430e-04, 7.1137455015885450e-05,
          -1.0331171498898273e-02, 1.2240664658716693e-04,
          1.2938495580099791e-03, 4.5615867242494744e-02,
          9.7173313598755457e-04, 2.6815180099139975e-03,
          -2.9929683798059101e-04, 6.1451544332805932e-04,
          1.3570241845617440e-03, 2.9041288685766119e-04,
          -2.8327503363006586e-05, -1.4037310313125004e-03,
          1.4259691448350370e-03, 9.7173313598755457e-04,
          2.7713552515093369e-03, 2.3678714463471313e-03,
          4.1571294045054718e-04, 6.3205442990611396e-03,
          4.8568964363670522e-03, 1.0859360763572774e-04,
          4.8828394810025901e-03, 5.3539983091045284e-04,
          -9.2377889974429848e-04, 2.6815180099139966e-03,
          2.3678714463471317e-03, 2.4245569308483782e-02 ]
   - !!opencv-matrix
      rows: 10
      cols: 10
      dt: d
      data: [ 5.6321106508312645e-02, 1.5415919604446320e-02,
          -1.6253886217266769e-02, -3.5266568621333217e-03,
          5.2969008613533994e-03, -4.1559880204087365e-03,
          1.2379605390547759e-02, 2.6715041554145253e-03,
          1.6177546700673114e-02, 3.5918960610623787e-02,
          1.5415919604446321e-02, 1.8144327349657811e-02,
          -1.1752783313562810e-02, -3.0049424755866452e-03,
          9.0857969809134739e-03, -3.3165951639011677e-03,
          8.1864997303625186e-03, 3.5593587084274702e-03,
          1.8248413709431189e-02, 4.9582796512497106e-02,
          -1.6253886217266769e-02, -1.1752783313562810e-02,
          2.7925560051119184e-02, 3.6359660756800230e-03,
          -8.8011181215900940e-03, 4.0303285644207295e-03,
          -7.8268439931233266e-03, -4.3177397916215766e-03,
          -1.8653846598648525e-02, -3.0545283320251040e-02,
          -3.5266568621333217e-03, -3.0049424755866452e-03,
          3.6359660756800230e-03, 6.5091414926693137e-03,
          -1.4720907880925895e-02, 1.5023633322656208e-04,
          -2.5121658950602388e-03, 1.6857853431942712e-03,
          -2.0574521671527530e-03, -6.2318644094151643e-03,
          5.2969008613534020e-03, 9.0857969809134739e-03,
          -8.8011181215900940e-03, -1.4720907880925891e-02,
          1.3257068352837889e-01, -3.2554412751037700e-03,
          6.1686330475830458e-03, -3.9298174086906633e-02,
          8.5294032286359969e-03, 2.3735419264426561e-02,
          -4.1559880204087374e-03, -3.3165951639011677e-03,
          4.0303285644207295e-03, 1.5023633322656214e-04,
          -3.2554412751037692e-03, 4.3354910033619708e-02,
          -2.0158080668680536e-03, -3.6667310531469760e-05,
          -1.4986193712894655e-02, -8.8427875953993231e-03,
          1.2379605390547759e-02, 8.1864997303625186e-03,
          -7.8268439931233266e-03, -2.5121658950602388e-03,
          6.1686330475830449e-03, -2.0158080668680532e-03,
          1.9382003483661966e-02, 1.2095225011181402e-03,
          1.4497839238510432e-02, 2.1576988575646782e-02,
          2.6715041554145240e-03, 3.5593587084274693e-03,
          -4.3177397916215783e-03, 1.6857853431942722e-03,
          -3.9298174086906647e-02, -3.6667310531469394e-05,
          1.2095225011181409e-03, 1.8774368557359303e-01,
          4.8812038477280767e-03, 1.9463363430773883e-02,
          1.6177546700673111e-02, 1.8248413709431189e-02,
          -1.8653846598648525e-02, -2.0574521671527526e-03,
          8.5294032286359969e-03, -1.4986193712894655e-02,
          1.4497839238510429e-02, 4.8812038477280776e-03,
          1.8780521323125227e-01, 3.3766561893514305e-02,
          3.5918960610623780e-02, 4.9582796512497106e-02,
          -3.0545283320251040e-02, -6.2318644094151643e-03,
          2.3735419264426558e-02, -8.8427875953993196e-03,
          2.1576988575646786e-02, 1.9463363430773886e-02,
          3.3766561893514312e-02, 2.8736999881857800e-01 ]
   - !!opencv-matrix
      rows: 10
      cols: 10
      dt: d
