%YAML:1.0
---
groups:
   - intact
   - CD19
   - blast
intactGmmnames:
   - "intact.494.0"
   - "intact.494.1"
   - "intact.494.2"
   - "intact.494.3"
   - "intact.494.4"
intactLabels:
   - FSC-A
   - SSC-A
   - SY41
   - CD19
   - CD10
   - CD20
   - CD45
   - CD34
   - CD38
intactMu: !!opencv-matrix
   rows: 5
   cols: 9
   dt: d
   data: [ 2.5878651757228393e+00, 4.0199367604982177e+00,
       3.3924362485773232e+00, 1.7179928499238324e+00,
       1.9574548782312806e+00, 1.2784297014623289e+00,
       2.8172694201592923e+00, 1.0824376891523639e+00,
       1.7089142098854642e+00, 1.3576408820432515e+00,
       6.2510825921808510e-01, 3.2197998139723345e+00,
       9.1734505560805801e-01, 8.9678981393960711e-01,
       1.1223176732284206e+00, 3.6372752267955564e+00,
       1.0641940713825893e+00, 1.8022818137312264e+00,
       9.8738422372139611e-01, 7.0641896334336141e-01,
       3.6090030272997065e+00, 1.0316030861449803e+00,
       1.0647546793231133e+00, 1.2221188468016657e+00,
       1.4116500406444072e+00, 1.0152549246545506e+00,
       1.2288890517558710e+00, 2.0778926399509863e+00,
       2.1293617497780666e+00, 3.4394226446533329e+00,
       1.4270709156432677e+00, 1.7387711817213904e+00,
       1.5551023759519567e+00, 2.6843970575038636e+00,
       1.3453034371107389e+00, 2.2849302169488697e+00,
       2.0504635633037416e+00, 1.7926350506175308e+00,
       3.2294605288851876e+00, 3.0383964370201593e+00,
       3.8098048829674016e+00, 2.4986005669644746e+00,
       3.4273570338565116e+00, 2.4101954129387391e+00,
       2.1907264869462804e+00 ]
intactSigma:
   - !!opencv-matrix
      rows: 9
      cols: 9
      dt: d
      data: [ 2.7356438032185798e-01, 4.5342026959186661e-02,
          -1.2380421732979853e-02, 8.6501244580063433e-03,
          -4.9557581336680992e-02, 1.2877511711034791e-02,
          -1.5387778002723141e-02, -1.5366501634484519e-03,
          1.3758096770798122e-02, 4.5342026959186661e-02,
          1.4136378543655306e-01, 5.7598727406354116e-03,
          2.0510283284603362e-02, 4.1761406518025145e-02,
          1.1909101870417840e-02, 8.5844175676663016e-03,
          3.4172663095815626e-03, -2.1429798844641041e-03,
          -1.2380421732979855e-02, 5.7598727406354125e-03,
          2.5614010250748567e-02, 1.3652085131229267e-03,
          3.1008673817003959e-03, -1.0037256950639506e-03,
          -3.2757765239471211e-03, 5.4749060203894407e-04,
          -7.5627981909933677e-03, 8.6501244580063450e-03,
          2.0510283284603362e-02, 1.3652085131229267e-03,
          2.1127876650171649e-02, 3.4070072163892465e-03,
          2.9761610562013606e-03, 5.8140222105408017e-04,
          1.5605935782652038e-03, -8.2216066626520177e-03,
          -4.9557581336680992e-02, 4.1761406518025145e-02,
          3.1008673817003959e-03, 3.4070072163892473e-03,
          2.5112316117472561e-01, -9.1900307282465597e-04,
          5.6851522844293574e-02, 8.1651501648707468e-03,
          -2.5030542022965566e-02, 1.2877511711034791e-02,
          1.1909101870417837e-02, -1.0037256950639498e-03,
          2.9761610562013606e-03, -9.1900307282465651e-04,
          4.6484223159691328e-02, 9.2925545137074550e-04,
          1.3253399566662328e-03, 2.1131321394825963e-03,
          -1.5387778002723141e-02, 8.5844175676663016e-03,
          -3.2757765239471211e-03, 5.8140222105408060e-04,
          5.6851522844293574e-02, 9.2925545137074604e-04,
          3.5919096866740406e-02, 3.1519340742489003e-03,
          -6.8924124659437017e-03, -1.5366501634484519e-03,
          3.4172663095815630e-03, 5.4749060203894374e-04,
          1.5605935782652038e-03, 8.1651501648707433e-03,
          1.3253399566662328e-03, 3.1519340742489003e-03,
          5.9852352057925239e-02, -3.7131724762559865e-04,
          1.3758096770798117e-02, -2.1429798844641045e-03,
          -7.5627981909933686e-03, -8.2216066626520160e-03,
          -2.5030542022965559e-02, 2.1131321394825954e-03,
          -6.8924124659436991e-03, -3.7131724762559854e-04,
          1.0276804267480971e-01 ]
   - !!opencv-matrix
      rows: 9
      cols: 9
      dt: d
      data: [ 1.9478765566785031e-01, 7.3138373094417120e-02,
          -5.1316012075286827e-02, 1.4702392637867530e-02,
          6.7955467932835764e-03, 2.6661620442740730e-02,
          2.9122874036765414e-02, 5.5862825489093474e-03,
          4.3230129455977075e-02, 7.3138373094417120e-02,
          5.4842748078187814e-02, -2.1406901574054737e-02,
          1.3079699099159712e-02, 6.2667455582772957e-03,
          2.1199627226137930e-02, 1.7204715299470007e-02,
          4.3478695412660371e-03, 3.3200474581834949e-02,
          -5.1316012075286827e-02, -2.1406901574054737e-02,
          3.9679049474026999e-02, -4.0813940225137204e-03,
          -2.5754294023039703e-03, -8.6871354783928396e-03,
          -8.4737723891717253e-03, -2.2146214678954476e-03,
          -1.2637837633017394e-02, 1.4702392637867524e-02,
          1.3079699099159715e-02, -4.0813940225137187e-03,
          8.5608171193711363e-02, 3.0817368442379338e-03,
          5.9631370520093043e-03, 1.6866444135351961e-03,
          3.9118528282466036e-03, -4.5064535823240192e-04,
          6.7955467932835738e-03, 6.2667455582772957e-03,
          -2.5754294023039694e-03, 3.0817368442379351e-03,
          4.5097713043135465e-02, 1.1702270932083159e-03,
          2.3856896598658168e-03, -6.1371322205900029e-03,
          -5.6701876688122132e-03, 2.6661620442740730e-02,
          2.1199627226137930e-02, -8.6871354783928413e-03,
          5.9631370520093043e-03, 1.1702270932083159e-03,
          7.3001289558107862e-02, 8.3417894515405225e-03,
          1.8008342397024314e-03, -1.3227365286908519e-02,
          2.9122874036765414e-02, 1.7204715299470007e-02,
          -8.4737723891717270e-03, 1.6866444135351954e-03,
          2.3856896598658172e-03, 8.3417894515405225e-03,
          1.4421644107849399e-02, 6.2640757430496954e-05,
          1.1416150214987925e-05, 5.5862825489093474e-03,
          4.3478695412660362e-03, -2.2146214678954480e-03,
          3.9118528282466036e-03, -6.1371322205900029e-03,
          1.8008342397024327e-03, 6.2640757430497171e-05,
          1.6969330413514758e-01, 9.0151380572233448e-03,
          4.3230129455977061e-02, 3.3200474581834949e-02,
          -1.2637837633017394e-02, -4.5064535823240159e-04,
          -5.6701876688122167e-03, -1.3227365286908519e-02,
          1.1416150214987873e-05, 9.0151380572233413e-03,
          3.4030737949450446e-01 ]
   - !!opencv-matrix
      rows: 9
      cols: 9
      dt: d
      data: [ 1.5754531223470297e-01, 6.6197318706219907e-02,
          1.8879395790542652e-03, 2.1698527996765041e-02,
          2.4808815305275036e-02, 4.5241060226766071e-02,
          4.2456640643850366e-02, 1.3529671447659974e-03,
          1.0559027576971362e-02, 6.6197318706219907e-02,
          6.8867334924243476e-02, 1.7044906144954741e-02,
          2.3070048998567703e-02, 2.5442110135668945e-02,
          4.2706680996760907e-02, 4.1800768091756438e-02,
          2.9705515762678530e-03, 1.2943869235013533e-02,
          1.8879395790542645e-03, 1.7044906144954741e-02,
          4.3087718017044176e-02, 7.9140492087244989e-03,
          4.8709602631324678e-03, 6.3889717806885245e-04,
          1.1776870677530679e-02, 1.5738143868113280e-03,
          4.3161383100287888e-03, 2.1698527996765037e-02,
          2.3070048998567710e-02, 7.9140492087244989e-03,
          3.6699004556186465e-02, 1.1682642894048509e-02,
          1.5115111821313037e-02, 1.4090158614551745e-02,
          1.6782614429020990e-03, -9.3833599593320125e-04,
          2.4808815305275036e-02, 2.5442110135668945e-02,
          4.8709602631324686e-03, 1.1682642894048509e-02,
          6.5082991542535801e-02, 1.5153276573888085e-02,
          1.9289310869595774e-02, 5.6114713688657229e-04,
