%YAML:1.0
---
groups:
   - intact
   - CD19
   - blast
intactGmmnames:
   - "intact.49528.0"
   - "intact.49528.1"
   - "intact.49528.2"
   - "intact.49528.3"
   - "intact.49528.4"
intactLabels:
   - FSC-A
   - SSC-A
   - SY41
   - CD19
   - CD10
   - CD20
   - CD45
   - CD34
   - CD38
   - CD58
intactMu: !!opencv-matrix
   rows: 5
   cols: 10
   dt: d
   data: [ 1.0239699345954960e+00, 3.0133472625896968e-01,
       2.3823175457458010e+00, 1.0296336271721915e+00,
       1.0840476970275150e+00, 1.1942842890504839e+00,
       3.3301430185598067e+00, 1.0909604145406464e+00,
       1.8428732365599669e+00, 1.0739597266256697e+00,
       9.7091799446264815e-01, 5.2706280920162107e-01,
       2.7527876048807944e+00, 1.1025607787056642e+00,
       1.3520718222010093e+00, 1.2177047327453501e+00,
       1.7609205296222661e+00, 1.1241568285199184e+00,
       1.8649166963982349e+00, 2.7290968022526614e+00,
       2.2076156574661083e+00, 3.1044146013166398e+00,
       2.6491507602777289e+00, 1.1254926606061790e+00,
       1.9560216076405486e+00, 1.2454427496633331e+00,
       2.9370198723805281e+00, 1.2124213016794403e+00,
       1.7130631962700515e+00, 2.4365685608270846e+00,
       1.5391880184783460e+00, 1.2653593943335135e+00,
       2.6133320480487252e+00, 1.1661759929830964e+00,
       1.3737490241661467e+00, 1.2964693031495353e+00,
       2.8907569788366976e+00, 1.4850738393062248e+00,
       2.3346722428962861e+00, 2.2021220694928942e+00,
       1.2640705879969758e+00, 5.2774761643237533e-01,
       2.3862352690896791e+00, 9.6727951496016351e-01,
       1.1833939128002244e+00, 1.1303032353685769e+00,
       3.3968658121480573e+00, 1.1489373259179283e+00,
       2.4741325938563001e+00, 1.7733488233393597e+00 ]
intactSigma:
   - !!opencv-matrix
      rows: 10
      cols: 10
      dt: d
      data: [ 4.5515985236342642e-02, 7.4252544829207815e-03,
          -7.2853790058132464e-03, -1.7989364618628901e-03,
          -4.7474655402542157e-03, -8.6612860415152392e-04,
          7.1782557613511329e-03, 8.6923473533350999e-04,
          -3.9161487693579146e-03, 1.1031644810760568e-02,
          7.4252544829207789e-03, 6.4224226679470506e-03,
          -2.7431226725803772e-04, -6.3666293031405894e-04,
          -3.2518322468088034e-04, -1.0431639538853500e-04,
          3.2606072922583555e-03, 6.9424595141766114e-04,
          -3.3798099057757692e-03, 1.8735875517247026e-02,
          -7.2853790058132464e-03, -2.7431226725803783e-04,
          1.9880071762256195e-02, 4.2351935037694943e-04,
          5.6207481501396013e-03, 6.2983876200737611e-04,
          -5.8640183438832337e-04, 3.8932278745131422e-04,
          -2.1033853979797274e-03, 4.2705506064552885e-03,
          -1.7989364618628907e-03, -6.3666293031405905e-04,
          4.2351935037694943e-04, 1.0201147634237524e-02,
          -7.3723230049738886e-03, -3.6962861156358872e-04,
          -8.6889795668315044e-04, 1.2379554086833864e-03,
          2.2770377567482287e-03, -4.3876267119445466e-04,
          -4.7474655402542148e-03, -3.2518322468088056e-04,
          5.6207481501396039e-03, -7.3723230049738886e-03,
          3.0102205599382245e-02, -2.5075003057932141e-04,
          -7.1381043749491903e-04, -1.2017399911747219e-02,
          -3.1234906645112846e-03, 2.8333557944896989e-03,
          -8.6612860415152294e-04, -1.0431639538853480e-04,
          6.2983876200737611e-04, -3.6962861156358872e-04,
          -2.5075003057932135e-04, 1.5652389485547848e-02,
          -1.4873589301735968e-04, 3.3469357412812569e-04,
          -4.7807003637070807e-03, -1.0163512992843750e-03,
          7.1782557613511329e-03, 3.2606072922583555e-03,
          -5.8640183438832326e-04, -8.6889795668315044e-04,
          -7.1381043749491914e-04, -1.4873589301735979e-04,
          1.0064415265855659e-02, 1.8510172269482894e-04,
          -1.4560163975922227e-04, 4.5696696597036391e-03,
          8.6923473533350999e-04, 6.9424595141766125e-04,
          3.8932278745131422e-04, 1.2379554086833866e-03,
          -1.2017399911747219e-02, 3.3469357412812547e-04,
          1.8510172269482910e-04, 7.3225209533527874e-02,
          4.4707312592046333e-04, 4.2616245818397130e-03,
          -3.9161487693579146e-03, -3.3798099057757683e-03,
          -2.1033853979797266e-03, 2.2770377567482274e-03,
          -3.1234906645112854e-03, -4.7807003637070807e-03,
          -1.4560163975922225e-04, 4.4707312592046354e-04,
          5.6350397506111413e-02, -8.1671469317270966e-03,
          1.1031644810760565e-02, 1.8735875517247029e-02,
          4.2705506064552885e-03, -4.3876267119445411e-04,
          2.8333557944897002e-03, -1.0163512992843748e-03,
          4.5696696597036391e-03, 4.2616245818397130e-03,
          -8.1671469317270984e-03, 1.8857098502574846e-01 ]
   - !!opencv-matrix
      rows: 10
      cols: 10
      dt: d
      data: [ 9.9486181022727230e-02, 3.4632303443820171e-02,
          9.8512025298737021e-03, 1.0876710657976717e-03,
          1.3826810967470172e-02, -1.5049835054730515e-03,
          4.7587387897013542e-02, 3.2714977508107165e-03,
          3.4283787158995639e-02, 3.0594838488366544e-02,
          3.4632303443820171e-02, 3.0921777305924221e-02,
          1.2278910451131757e-02, 2.2423710664767247e-03,
          1.5764783568919229e-02, 1.3782050784682844e-03,
          4.0555984685932855e-02, 2.4397124260975419e-03,
          2.6521451780706303e-02, 1.8505771144281001e-02,
          9.8512025298737021e-03, 1.2278910451131756e-02,
          3.2613943266566268e-02, 2.5976139607274541e-03,
          1.3852680103293023e-02, 2.8036557816515486e-03,
          2.4156987019966058e-02, 1.5194342749560805e-03,
          1.0573929628782694e-02, 4.9154279710300489e-03,
          1.0876710657976717e-03, 2.2423710664767247e-03,
          2.5976139607274541e-03, 1.1782394358696258e-02,
          -2.0837118994936005e-03, -1.1442550081110406e-04,
          6.7503713190196534e-03, 5.3779921627204904e-04,
          5.5081294862918337e-03, 1.3656979985744132e-03,
          1.3826810967470170e-02, 1.5764783568919229e-02,
          1.3852680103293023e-02, -2.0837118994936009e-03,
          6.7826427376775966e-02, 2.5700711308448516e-03,
          3.9565350225493262e-02, -2.3352737365441431e-03,
          2.5019740678328350e-02, 1.2741037830423164e-02,
          -1.5049835054730513e-03, 1.3782050784682844e-03,
          2.8036557816515490e-03, -1.1442550081110415e-04,
          2.5700711308448512e-03, 1.6097350598549574e-02,
          3.2800220982840810e-03, 3.8228810728521153e-04,
          -1.7406794849358228e-03, -3.5942251181561694e-04,
          4.7587387897013542e-02, 4.0555984685932862e-02,
          2.4156987019966058e-02, 6.7503713190196534e-03,
          3.9565350225493262e-02, 3.2800220982840815e-03,
          1.8090537409567975e-01, 5.5816760151886323e-03,
          9.2438841475239023e-02, 2.5020074232911454e-02,
          3.2714977508107143e-03, 2.4397124260975411e-03,
          1.5194342749560810e-03, 5.3779921627204925e-04,
          -2.3352737365441422e-03, 3.8228810728521180e-04,
          5.5816760151886314e-03, 3.2776156856299241e-02,
          3.4109262490593087e-03, 2.6753962130872089e-03,
          3.4283787158995639e-02, 2.6521451780706300e-02,
          1.0573929628782694e-02, 5.5081294862918337e-03,
          2.5019740678328347e-02, -1.7406794849358237e-03,
          9.2438841475239009e-02, 3.4109262490593078e-03,
          8.3287893499550084e-02, 2.7782485801349770e-02,
          3.0594838488366544e-02, 1.8505771144281001e-02,
          4.9154279710300498e-03, 1.3656979985744136e-03,
          1.2741037830423164e-02, -3.5942251181561683e-04,
          2.5020074232911457e-02, 2.6753962130872089e-03,
          2.7782485801349770e-02, 3.8555403680483324e-02 ]
   - !!opencv-matrix
      rows: 10
      cols: 10
      dt: d
