%YAML:1.0
---
groups:
   - intact
   - CD19
   - blast
intactGmmnames:
   - "intact.49580.0"
   - "intact.49580.1"
   - "intact.49580.2"
   - "intact.49580.3"
   - "intact.49580.4"
intactLabels:
   - FSC-A
   - SSC-A
   - SY41
   - CD19
   - CD10
   - CD20
   - CD45
   - CD34
   - CD38
   - CD58
intactMu: !!opencv-matrix
   rows: 5
   cols: 10
   dt: d
   data: [ 1.2177656099198022e+00, 4.7006054108243300e-01,
       2.4701303846121379e+00, 1.1565499464421269e+00,
       1.1046422078665707e+00, 1.1686466047462993e+00,
       3.3480320208967607e+00, 9.7415670926889097e-01,
       2.3518447791751989e+00, 1.9369057785972801e+00,
       7.8735530830746336e-01, 3.9308158207531058e-01,
       2.7968868055309550e+00, 1.1959247478190020e+00,
       1.1337117107461161e+00, 1.2211911919266398e+00,
       1.3048697986796014e+00, 1.0840275840630635e+00,
       1.5019219196802429e+00, 2.5673464484178807e+00,
       1.7677265048539519e+00, 1.4004081670255140e+00,
       2.9188039697811914e+00, 1.2482585192859699e+00,
       1.3520265835565040e+00, 1.2640308976806800e+00,
       2.4079553800881284e+00, 1.2306895763620960e+00,
       2.1515332384900332e+00, 2.4277009350814609e+00,
       9.4771262483097751e-01, 2.7544348808801106e-01,
       2.7224553217204646e+00, 1.1683955387519971e+00,
       1.0567989699137268e+00, 1.2120612024189577e+00,
       3.2693218788965703e+00, 9.8999822997339870e-01,
       1.6615527582723488e+00, 1.1288231214168876e+00,
       2.1738888055684602e+00, 2.9364845639452239e+00,
       2.4943031379928704e+00, 1.3545281390934976e+00,
       2.5616224103725043e+00, 1.2384502520609795e+00,
       3.2141587735824961e+00, 1.1675091009655914e+00,
       1.7260021935197527e+00, 2.4501268765482731e+00 ]
intactSigma:
   - !!opencv-matrix
      rows: 10
      cols: 10
      dt: d
      data: [ 4.2032790631221228e-02, 5.6664732693165578e-03,
          -1.0380132134285141e-02, -1.1813051160093331e-04,
          -1.4614528270248512e-03, -1.0665747818262999e-03,
          8.1023699096726791e-03, -2.3995038906188954e-03,
          6.0521864272688785e-03, 7.8841277853494464e-03,
          5.6664732693165578e-03, 1.5072501015102919e-02,
          -7.1612904818378125e-03, 1.8240887577270655e-03,
          -1.9000240561221488e-03, -4.1999500150276441e-03,
          9.7971512452458206e-03, 2.6716122134524928e-04,
          4.1418359279084237e-02, 1.6043663964001316e-02,
          -1.0380132134285139e-02, -7.1612904818378125e-03,
          9.7805434011840539e-02, 2.9085785226598294e-04,
          5.9815792105222835e-03, 5.0123225755459300e-03,
          -1.1962691550495175e-02, 1.7919892510648680e-03,
          -2.4587233273806547e-02, -1.0508183149715701e-02,
          -1.1813051160093320e-04, 1.8240887577270655e-03,
          2.9085785226598277e-04, 7.7641971698323136e-03,
          -8.6925887307932222e-03, -2.5190548185438102e-03,
          -7.2225926253537988e-04, 3.3557342474858321e-03,
          2.7880567859358614e-02, -2.4870686988700814e-04,
          -1.4614528270248501e-03, -1.9000240561221477e-03,
          5.9815792105222827e-03, -8.6925887307932222e-03,
          4.2348792107389455e-02, 1.6072474436131404e-03,
          1.2082741834433973e-03, -2.3074384682857066e-02,
          -2.2425405017160394e-02, 5.7553013264177006e-04,
          -1.0665747818262999e-03, -4.1999500150276450e-03,
          5.0123225755459308e-03, -2.5190548185438097e-03,
          1.6072474436131404e-03, 4.1458946914584946e-02,
          -3.1498383023961024e-03, -7.4374699044244192e-04,
          -4.4098524843570103e-02, -4.9344184168100434e-03,
          8.1023699096726808e-03, 9.7971512452458206e-03,
          -1.1962691550495175e-02, -7.2225926253537966e-04,
          1.2082741834433970e-03, -3.1498383023961019e-03,
          3.0501700745232216e-02, -2.6177020963810303e-03,
          3.1792555650129055e-02, 1.5391707208125228e-02,
          -2.3995038906188954e-03, 2.6716122134524885e-04,
          1.7919892510648678e-03, 3.3557342474858321e-03,
          -2.3074384682857066e-02, -7.4374699044244235e-04,
          -2.6177020963810312e-03, 1.4882497115214413e-01,
          3.2300901505358318e-03, 1.9685555795340456e-03,
          6.0521864272688811e-03, 4.1418359279084237e-02,
          -2.4587233273806554e-02, 2.7880567859358617e-02,
          -2.2425405017160397e-02, -4.4098524843570096e-02,
          3.1792555650129062e-02, 3.2300901505358344e-03,
          5.5477276082758253e-01, 2.0592620602307928e-02,
          7.8841277853494429e-03, 1.6043663964001316e-02,
          -1.0508183149715701e-02, -2.4870686988700793e-04,
          5.7553013264176995e-04, -4.9344184168100434e-03,
          1.5391707208125228e-02, 1.9685555795340456e-03,
          2.0592620602307925e-02, 8.7920943888918579e-02 ]
   - !!opencv-matrix
      rows: 10
      cols: 10
      dt: d
      data: [ 5.3322840324705044e-02, 2.2470237479464042e-02,
          -6.2880586175342928e-03, 4.4550443870364822e-04,
          4.1517343150173896e-03, 7.1694789799936791e-04,
          1.2535709390042312e-02, 4.6019763977196010e-03,
          6.6288514325608706e-03, 2.5577741501149078e-02,
          2.2470237479464042e-02, 1.8380064932114890e-02,
          1.9840233511182808e-03, 5.1855003292987302e-04,
          4.4965090589461571e-03, 8.6220103748402993e-04,
          1.1216257943527990e-02, 3.4537887502695355e-03,
          5.1257600960097835e-03, 1.8495381623606425e-02,
          -6.2880586175342963e-03, 1.9840233511182813e-03,
          1.1335436906536789e-01, 1.1994276637422015e-03,
          8.2012436905047233e-03, 2.5325876145442855e-03,
          2.6535917083241028e-02, 1.4599146476944648e-03,
          4.4427647578525551e-03, 3.2803270106454121e-03,
          4.4550443870364838e-04, 5.1855003292987302e-04,
          1.1994276637422017e-03, 3.0071717437435853e-03,
          -2.2070944589785675e-03, -1.1092232267335125e-04,
          1.0426216529230423e-03, 5.4202502606864812e-04,
          6.3113956337389361e-04, 6.0168665633705029e-04,
          4.1517343150173887e-03, 4.4965090589461571e-03,
          8.2012436905047233e-03, -2.2070944589785675e-03,
          2.0159466391164432e-02, 4.5429069311194082e-04,
          5.4338837970084484e-03, -4.2497134507074328e-03,
          1.2231508741817655e-03, 6.4828331595263352e-03,
          7.1694789799936758e-04, 8.6220103748402993e-04,
          2.5325876145442855e-03, -1.1092232267335113e-04,
          4.5429069311194055e-04, 5.6757473649115923e-03,
          1.4930036691047886e-03, 3.3979315548543314e-04,
          -5.8997605011339692e-04, 8.8657755387327888e-04,
          1.2535709390042308e-02, 1.1216257943527992e-02,
          2.6535917083241031e-02, 1.0426216529230423e-03,
          5.4338837970084493e-03, 1.4930036691047891e-03,
          7.0704415298800338e-02, 3.5611585102166021e-03,
          6.2448660280137926e-03, 5.9629228026200623e-03,
          4.6019763977196010e-03, 3.4537887502695355e-03,
          1.4599146476944635e-03, 5.4202502606864791e-04,
          -4.2497134507074328e-03, 3.3979315548543325e-04,
          3.5611585102166034e-03, 3.9750131766598314e-02,
          1.7880032830594444e-03, 4.6683072239237103e-03,
          6.6288514325608715e-03, 5.1257600960097835e-03,
          4.4427647578525551e-03, 6.3113956337389372e-04,
          1.2231508741817655e-03, -5.8997605011339692e-04,
          6.2448660280137909e-03, 1.7880032830594442e-03,
          6.5097247676607966e-03, 7.2263949768143366e-03,
          2.5577741501149071e-02, 1.8495381623606425e-02,
          3.2803270106454129e-03, 6.0168665633705029e-04,
          6.4828331595263326e-03, 8.8657755387327878e-04,
          5.9629228026200623e-03, 4.6683072239237112e-03,
          7.2263949768143357e-03, 3.5051531389101380e-02 ]
   - !!opencv-matrix
      rows: 10
      cols: 10
      dt: d
