%YAML:1.0
---
groups:
   - intact
   - CD19
   - blast
intactGmmnames:
   - "intact.49617.0"
   - "intact.49617.1"
   - "intact.49617.2"
   - "intact.49617.3"
   - "intact.49617.4"
intactLabels:
   - FSC-A
   - SSC-A
   - SY41
   - CD19
   - CD10
   - CD20
   - CD45
   - CD34
   - CD38
   - CD58
intactMu: !!opencv-matrix
   rows: 5
   cols: 10
   dt: d
   data: [ 1.9894278172953921e+00, 2.5228630565464045e+00,
       3.3240870179368853e+00, 1.1374249856826100e+00,
       2.0138522580545524e+00, 1.1296920367027825e+00,
       3.0483419708721806e+00, 1.1856366941823324e+00,
       1.5564064149538128e+00, 2.4082488534218136e+00,
       9.9941961216641895e-01, 2.7019412918344510e-01,
       3.3163554641425463e+00, 1.0935314505145253e+00,
       1.0353537437934168e+00, 1.0839277050362663e+00,
       3.1934031849515336e+00, 1.0258176453292771e+00,
       1.5346201794452876e+00, 9.9951748195573686e-01,
       9.3574484067434860e-01, 4.9906818905330025e-01,
       3.1852357976037049e+00, 1.1121865043751560e+00,
       1.2149868767001031e+00, 1.0845655733418662e+00,
       1.5795437898613389e+00, 1.1726375203049748e+00,
       1.6071640309470117e+00, 2.7360681303733583e+00,
       1.1573671356191939e+00, 3.6703559201569302e-01,
       3.2188874580694393e+00, 1.0995089622936625e+00,
       1.0716756106075878e+00, 1.1269866528764148e+00,
       3.2688933203894606e+00, 1.0226881656898663e+00,
       1.8121416007536004e+00, 1.4788414930706173e+00,
       1.8121662630429505e+00, 1.4367446926881271e+00,
       3.3266266910344759e+00, 1.2254288623985103e+00,
       1.5037844407505532e+00, 1.1669100560448586e+00,
       2.7685876852299165e+00, 1.4043782120949437e+00,
       2.1697555181745720e+00, 2.3175347187514115e+00 ]
intactSigma:
   - !!opencv-matrix
      rows: 10
      cols: 10
      dt: d
      data: [ 1.9036453845630363e-01, 1.6710867064008911e-01,
          -4.3056565657215030e-02, -9.8372843190176751e-04,
          -1.2719539518763225e-02, 7.8998075729783870e-03,
          -1.4334706133556070e-03, 5.5589918767676326e-03,
          9.5015013141886446e-03, 1.2442402105291269e-02,
          1.6710867064008911e-01, 4.1949914247006215e-01,
          -7.8599890116852381e-02, -1.5172343463504539e-03,
          5.5159415572174318e-02, 9.5115424056265250e-03,
          1.9550589195537718e-02, 1.4324083122901831e-02,
          7.5030826740329513e-03, 2.8349259859116731e-02,
          -4.3056565657215030e-02, -7.8599890116852367e-02,
          7.2675020554148900e-02, 3.7340282779760102e-03,
          -1.2006594540862885e-02, 3.7395316671836780e-03,
          -3.0420061070422890e-03, 1.8441441129074900e-03,
          9.4162708485890528e-04, -6.3671642539444139e-03,
          -9.8372843190176816e-04, -1.5172343463504554e-03,
          3.7340282779760093e-03, 2.8576505223844851e-02,
          -5.2406606305976195e-03, -7.4363282809693396e-07,
          1.3913404074060299e-03, 1.2664741838504161e-03,
          4.6249015515208523e-03, 1.0593206944282979e-03,
          -1.2719539518763218e-02, 5.5159415572174332e-02,
          -1.2006594540862885e-02, -5.2406606305976213e-03,
          1.9056306510514737e-01, -4.4299482880769845e-03,
          3.1403851307416387e-02, -1.1641676963212938e-03,
          -5.1129733134071612e-03, 6.1494140790478227e-03,
          7.8998075729783870e-03, 9.5115424056265285e-03,
          3.7395316671836754e-03, -7.4363282809693629e-07,
          -4.4299482880769845e-03, 3.7075887188279852e-02,
          3.3941097624735829e-04, 2.0020053913635564e-03,
          -4.8279313653960933e-03, 7.9682202474794944e-04,
          -1.4334706133556079e-03, 1.9550589195537718e-02,
          -3.0420061070422898e-03, 1.3913404074060299e-03,
          3.1403851307416394e-02, 3.3941097624735862e-04,
          1.7046276657874847e-02, 2.1353931834089063e-03,
          1.5985730199291079e-03, 3.7206055603341611e-03,
          5.5589918767676317e-03, 1.4324083122901827e-02,
          1.8441441129074900e-03, 1.2664741838504152e-03,
          -1.1641676963212912e-03, 2.0020053913635556e-03,
          2.1353931834089063e-03, 8.1561790470969633e-02,
          2.6763709530779442e-03, 1.8117400165303110e-03,
          9.5015013141886446e-03, 7.5030826740329513e-03,
          9.4162708485890560e-04, 4.6249015515208488e-03,
          -5.1129733134071612e-03, -4.8279313653960916e-03,
          1.5985730199291075e-03, 2.6763709530779434e-03,
          2.2295150681540223e-02, 4.6654329110813559e-03,
          1.2442402105291269e-02, 2.8349259859116727e-02,
          -6.3671642539444174e-03, 1.0593206944282984e-03,
          6.1494140790478219e-03, 7.9682202474794922e-04,
          3.7206055603341602e-03, 1.8117400165303097e-03,
          4.6654329110813559e-03, 1.3088174644648589e-02 ]
   - !!opencv-matrix
      rows: 10
      cols: 10
      dt: d
      data: [ 2.3847408736210298e-02, 2.9430156171192791e-03,
          -4.5982969811200055e-03, -3.6535485103770106e-04,
          -1.5977668869078282e-03, 3.0655435597279049e-05,
          4.2671137875566626e-03, 4.1920014054038933e-04,
          -1.5928017268299973e-03, 3.3029122759495040e-03,
          2.9430156171192791e-03, 3.8419029513628239e-03,
          -2.0138596566063485e-03, -5.9031550182313348e-05,
          -4.4885392772604538e-04, 8.8665918112238313e-05,
          3.7088345216893326e-03, 3.1729983965595989e-04,
          -1.9353427531969307e-03, 1.3490867191528082e-02,
          -4.5982969811200047e-03, -2.0138596566063485e-03,
          9.8117261853045597e-03, 5.0431323388320452e-04,
          2.0470524353597016e-03, 5.3949504505982260e-04,
          -2.3455252999280839e-03, 4.3914604173450475e-04,
          2.5740231585463650e-04, -6.4154573198013567e-04,
          -3.6535485103770117e-04, -5.9031550182313348e-05,
          5.0431323388320474e-04, 3.9406156620749198e-03,
          -1.4912602778083552e-03, -4.9658974809208651e-04,
          -2.9001954324437291e-04, 5.0791767647013488e-04,
          5.6842904436040615e-04, 9.1100499617078451e-04,
          -1.5977668869078278e-03, -4.4885392772604538e-04,
          2.0470524353597016e-03, -1.4912602778083554e-03,
          6.3548642994748520e-03, 3.0909737198130978e-04,
          -5.1296454429585272e-04, -1.5011091256692103e-03,
          -1.1270657076498771e-03, 1.0683980748854007e-03,
          3.0655435597278988e-05, 8.8665918112238232e-05,
          5.3949504505982281e-04, -4.9658974809208673e-04,
          3.0909737198130973e-04, 3.4756679308879046e-02,
          -3.0170679655741389e-04, 2.5785016247474284e-05,
          -8.4421330473644918e-03, 3.1937537943048122e-03,
          4.2671137875566626e-03, 3.7088345216893331e-03,
          -2.3455252999280839e-03, -2.9001954324437280e-04,
          -5.1296454429585294e-04, -3.0170679655741389e-04,
          1.6220625272470542e-02, -1.1759378538071936e-04,
          -4.8831602584367597e-04, 5.6330054583811689e-03,
          4.1920014054038917e-04, 3.1729983965595983e-04,
          4.3914604173450459e-04, 5.0791767647013466e-04,
          -1.5011091256692103e-03, 2.5785016247474240e-05,
          -1.1759378538071936e-04, 1.2394789494306687e-02,
          2.3644959507733405e-05, 3.8863967400676420e-03,
          -1.5928017268299979e-03, -1.9353427531969307e-03,
          2.5740231585463634e-04, 5.6842904436040583e-04,
          -1.1270657076498771e-03, -8.4421330473644883e-03,
          -4.8831602584367565e-04, 2.3644959507733367e-05,
          3.2888770702454211e-02, -4.9854747857951470e-03,
          3.3029122759495040e-03, 1.3490867191528082e-02,
          -6.4154573198013534e-04, 9.1100499617078473e-04,
          1.0683980748854007e-03, 3.1937537943048122e-03,
          5.6330054583811689e-03, 3.8863967400676429e-03,
          -4.9854747857951479e-03, 1.9722649015479057e-01 ]
   - !!opencv-matrix
      rows: 10
      cols: 10
      dt: d
