%YAML:1.0
---
groups:
   - intact
   - CD19
   - blast
intactGmmnames:
   - "intact.49751.0"
   - "intact.49751.1"
   - "intact.49751.2"
   - "intact.49751.3"
   - "intact.49751.4"
intactLabels:
   - FSC-A
   - SSC-A
   - SY41
   - CD19
   - CD10
   - CD20
   - CD45
   - CD34
   - CD38
   - CD58
intactMu: !!opencv-matrix
   rows: 5
   cols: 10
   dt: d
   data: [ 8.1031057868033984e-01, 2.6493933890815807e-01,
       2.6527343390977283e+00, 1.1063596373117455e+00,
       1.1341654548640103e+00, 1.1173865173760620e+00,
       1.1359920770312155e+00, 1.0845847264630724e+00,
       1.4765931907484087e+00, 2.4877817857081110e+00,
       1.5915990953158157e+00, 8.6370592833253990e-01,
       3.1284782765923014e+00, 1.1174949509995624e+00,
       1.3877223997491703e+00, 1.2597036642751751e+00,
       2.5007125580035048e+00, 1.2102859156983421e+00,
       2.1965461129631940e+00, 2.3531844731713605e+00,
       2.1890187970992931e+00, 2.7133331147385831e+00,
       2.8858086119658934e+00, 1.0842499570469484e+00,
       2.2340141272981553e+00, 1.1771033631453640e+00,
       2.9696723299631298e+00, 1.1299841457661697e+00,
       1.7299439527864640e+00, 2.4565275948232665e+00,
       1.0624527200849987e+00, 4.1815253139679376e-01,
       2.9433947950890977e+00, 1.1225238502012065e+00,
       1.2305108369933830e+00, 1.1550934129066190e+00,
       1.2396024451044116e+00, 1.1187087727439626e+00,
       1.5499302255137091e+00, 2.6522063451069680e+00,
       1.0769216609491445e+00, 2.6624389396947706e-01,
       3.0062175148391974e+00, 1.0276069238030510e+00,
       1.1668164049410201e+00, 1.1999751457523933e+00,
       3.4636737482295659e+00, 9.4404535580472126e-01,
       2.0666238947033309e+00, 1.1195974122759649e+00 ]
intactSigma:
   - !!opencv-matrix
      rows: 10
      cols: 10
      dt: d
      data: [ 1.4237542084977572e-02, 3.1806187487323702e-04,
          -7.3297612656770253e-03, 4.1308608398466817e-05,
          -1.3377355397876233e-03, -3.3442781778488499e-04,
          5.2530676145198677e-04, -4.8818625328815177e-05,
          -4.4992062480541176e-04, -1.2726797740949959e-03,
          3.1806187487323719e-04, 2.4246458960142632e-03,
          -1.1651165860952154e-03, 4.3534356902761353e-05,
          2.9894591826716582e-04, 1.8976881615856048e-04,
          9.0851110022666700e-04, 3.1898709334391372e-04,
          3.2373344108684900e-04, 2.6265566678244042e-03,
          -7.3297612656770253e-03, -1.1651165860952157e-03,
          7.3208923162905393e-02, 8.2428135586521485e-04,
          1.6449070809666612e-03, 9.0310480880830847e-04,
          -6.1608079530723978e-03, 2.7147010882988055e-04,
          9.2198755627600430e-04, 5.1700846925214908e-04,
          4.1308608398466783e-05, 4.3534356902761319e-05,
          8.2428135586521507e-04, 3.7976441032880580e-03,
          -1.9174387128823144e-03, -2.5033506827402746e-04,
          2.2951816897084104e-04, 2.4786829851209654e-04,
          2.6632475202928457e-04, 1.6043515579061075e-04,
          -1.3377355397876233e-03, 2.9894591826716592e-04,
          1.6449070809666608e-03, -1.9174387128823149e-03,
          6.5570195625221451e-03, 1.2013983260386972e-04,
          2.0244977251262142e-04, -9.7281942999447035e-04,
          -3.3600882669698159e-04, 8.7943434788775887e-04,
          -3.3442781778488499e-04, 1.8976881615856062e-04,
          9.0310480880830912e-04, -2.5033506827402740e-04,
          1.2013983260386969e-04, 1.7597720836428965e-02,
          7.3288859657488187e-05, 1.8695633617223900e-04,
          -2.6123889990747554e-03, 5.3662891452573686e-04,
          5.2530676145198687e-04, 9.0851110022666657e-04,
          -6.1608079530723970e-03, 2.2951816897084104e-04,
          2.0244977251262131e-04, 7.3288859657488146e-05,
          2.3447603981970100e-02, 4.4892920706088914e-04,
          5.1443858989006614e-04, -1.4080521348921299e-03,
          -4.8818625328815204e-05, 3.1898709334391356e-04,
          2.7147010882988060e-04, 2.4786829851209638e-04,
          -9.7281942999447046e-04, 1.8695633617223911e-04,
          4.4892920706088925e-04, 9.3409115764307160e-03,
          1.8696231143118755e-04, 1.1290449082995704e-03,
          -4.4992062480541176e-04, 3.2373344108684900e-04,
          9.2198755627600430e-04, 2.6632475202928457e-04,
          -3.3600882669698176e-04, -2.6123889990747554e-03,
          5.1443858989006614e-04, 1.8696231143118741e-04,
          3.6950556511262242e-03, 7.8758108360178303e-04,
          -1.2726797740949959e-03, 2.6265566678244042e-03,
          5.1700846925214897e-04, 1.6043515579061080e-04,
          8.7943434788775887e-04, 5.3662891452573643e-04,
          -1.4080521348921306e-03, 1.1290449082995704e-03,
          7.8758108360178303e-04, 1.2505954856683167e-02 ]
   - !!opencv-matrix
      rows: 10
      cols: 10
      dt: d
      data: [ 4.2333207080372220e-01, 2.2675341713742289e-01,
          5.5217336382296082e-02, 1.0577420357601879e-02,
          1.3772262773353576e-02, 1.7947382904518701e-02,
          7.6383379435504023e-02, 4.3347946667192071e-02,
          1.0511361241492648e-01, 1.0210394924227183e-01,
          2.2675341713742289e-01, 3.5067265012432991e-01,
          4.0665703683651140e-02, 1.6850471047170915e-02,
          1.1136547219729441e-02, 1.7686408758267175e-02,
          9.1842331226987789e-02, 4.7297664332346161e-02,
          7.3374318704774344e-02, 7.6174781656196289e-02,
          5.5217336382296089e-02, 4.0665703683651140e-02,
          2.0739027271820915e-01, 2.3966763785136413e-02,
          2.1553176417737532e-02, 4.0248419889379154e-02,
          -1.1415839896232834e-01, 4.2469157772628767e-02,
          -3.1728717874173293e-02, 8.8241690793856173e-02,
          1.0577420357601879e-02, 1.6850471047170919e-02,
          2.3966763785136409e-02, 5.5936971194379091e-02,
          9.0097895002573558e-04, 2.9639930514096555e-02,
          -4.6124095177970482e-02, 1.4437054167131659e-02,
          -2.0832325432063210e-02, 1.9207486201998338e-02,
          1.3772262773353585e-02, 1.1136547219729445e-02,
          2.1553176417737532e-02, 9.0097895002573514e-04,
          1.3300736264596202e-01, 1.8816592466776628e-02,
          -2.3470935406113721e-02, -2.7208356268830728e-03,
          -1.0358781327356126e-02, 3.6449213540226615e-02,
          1.7947382904518711e-02, 1.7686408758267172e-02,
          4.0248419889379154e-02, 2.9639930514096562e-02,
          1.8816592466776631e-02, 1.3041377944589835e-01,
          -3.9526768857420791e-03, 2.2347922999448867e-02,
          -2.3344165488868193e-02, 2.2869660915758656e-02,
          7.6383379435504009e-02, 9.1842331226987789e-02,
          -1.1415839896232831e-01, -4.6124095177970482e-02,
          -2.3470935406113710e-02, -3.9526768857420782e-03,
          7.7253486113794034e-01, -1.8440614159026016e-02,
          3.6634064108148651e-01, -1.2512363702391352e-01,
          4.3347946667192085e-02, 4.7297664332346147e-02,
          4.2469157772628767e-02, 1.4437054167131659e-02,
          -2.7208356268830711e-03, 2.2347922999448867e-02,
          -1.8440614159026016e-02, 3.1988233292049112e-01,
          2.0798714756311350e-02, 3.4964834741899820e-02,
          1.0511361241492648e-01, 7.3374318704774358e-02,
          -3.1728717874173300e-02, -2.0832325432063207e-02,
          -1.0358781327356126e-02, -2.3344165488868193e-02,
          3.6634064108148645e-01, 2.0798714756311343e-02,
          4.8879480042707352e-01, -2.4737157190641942e-02,
          1.0210394924227183e-01, 7.6174781656196289e-02,
          8.8241690793856145e-02, 1.9207486201998338e-02,
          3.6449213540226608e-02, 2.2869660915758656e-02,
          -1.2512363702391352e-01, 3.4964834741899820e-02,
          -2.4737157190641929e-02, 2.2239991341560497e-01 ]
   - !!opencv-matrix
      rows: 10
      cols: 10
      dt: d
