%YAML:1.0
---
groups:
   - intact
   - CD19
   - blast
intactGmmnames:
   - "intact.49785.0"
   - "intact.49785.1"
   - "intact.49785.2"
   - "intact.49785.3"
   - "intact.49785.4"
intactLabels:
   - FSC-A
   - SSC-A
   - SY41
   - CD19
   - CD10
   - CD20
   - CD45
   - CD34
   - CD38
   - CD58
intactMu: !!opencv-matrix
   rows: 5
   cols: 10
   dt: d
   data: [ 1.3374102898845837e+00, 8.6633943323608031e-01,
       3.0035391657293631e+00, 1.2522325205857503e+00,
       1.2942025974759790e+00, 1.1604668183754410e+00,
       1.4896951608554057e+00, 1.1826907137631186e+00,
       1.6072628811891916e+00, 2.2349177369529256e+00,
       1.2120957120936793e+00, 4.2521374756704150e-01,
       3.1884902369434984e+00, 1.2290231356214707e+00,
       1.3874017152213363e+00, 1.1025293178800948e+00,
       1.3002702930480774e+00, 1.1813555181181021e+00,
       1.5848300159908002e+00, 2.5136722577015118e+00,
       2.4230773182949070e+00, 2.4669149134935777e+00,
       3.2525257543758754e+00, 1.2747884183281342e+00,
       2.1143752724487244e+00, 1.2771473502017892e+00,
       2.9350200904950805e+00, 1.2417837233203322e+00,
       1.7168276767781991e+00, 2.1968170317504230e+00,
       1.4656143039667398e+00, 5.1121914552290026e-01,
       3.3457884991387523e+00, 1.2200696474418029e+00,
       1.0908966541196097e+00, 1.1279308438200930e+00,
       3.2226240932158619e+00, 1.1269118636832844e+00,
       1.8761125252732724e+00, 1.7763530174935551e+00,
       8.7863685557210791e-01, 2.7455393015404672e-01,
       2.9284313951817174e+00, 1.2200081213351477e+00,
       1.1029579720058502e+00, 1.0777609999616231e+00,
       1.1963476600224345e+00, 1.1596661158268926e+00,
       1.5165900630242797e+00, 2.3377913462070450e+00 ]
intactSigma:
   - !!opencv-matrix
      rows: 10
      cols: 10
      dt: d
      data: [ 1.6244120953750993e-01, 6.7959136435680453e-02,
          6.8189941880296839e-02, 4.6641179726854363e-04,
          6.1005713612332167e-02, 9.3431215256235007e-03,
          2.7614093272397625e-02, 2.9380331677830575e-03,
          1.4109068945714252e-02, 7.3888520925326287e-02,
          6.7959136435680467e-02, 1.7965005486506325e-01,
          -3.9544192664286333e-02, 4.7560288516387212e-03,
          1.5986591709779709e-02, 1.7534423129857615e-02,
          4.1469852017004392e-02, 1.0798297112510270e-02,
          -1.3980408459859064e-02, -4.9145852921995727e-03,
          6.8189941880296839e-02, -3.9544192664286319e-02,
          2.0710929652185658e-01, -2.4885135852592160e-03,
          6.6910726345853905e-02, -3.2191384510952886e-04,
          -2.2165959264531252e-03, -1.3843132576269849e-03,
          2.6318874253424562e-02, 1.0646586531899556e-01,
          4.6641179726854309e-04, 4.7560288516387212e-03,
          -2.4885135852592164e-03, 4.5944693298407956e-03,
          -6.0168289980007828e-03, 5.7528272601667829e-04,
          2.3320502354503355e-03, 9.3986149768978322e-04,
          -1.1698377045124039e-04, -6.3361328500569287e-04,
          6.1005713612332167e-02, 1.5986591709779705e-02,
          6.6910726345853891e-02, -6.0168289980007837e-03,
          1.5793892286657391e-01, 5.1435250967722859e-03,
          3.3379571400345580e-02, -8.1719562066705897e-03,
          2.4483637036355404e-02, 7.3453024468692729e-02,
          9.3431215256235007e-03, 1.7534423129857618e-02,
          -3.2191384510952864e-04, 5.7528272601667829e-04,
          5.1435250967722841e-03, 2.8360647304238755e-02,
          7.1818460694856850e-03, 1.8470060434344342e-03,
          -2.8336570285434192e-03, 3.8630301169185312e-03,
          2.7614093272397625e-02, 4.1469852017004392e-02,
          -2.2165959264531243e-03, 2.3320502354503350e-03,
          3.3379571400345580e-02, 7.1818460694856884e-03,
          1.0816566697410367e-01, 6.8898629359317497e-03,
          1.7377199154032963e-02, 2.0813397278102654e-03,
          2.9380331677830583e-03, 1.0798297112510270e-02,
          -1.3843132576269841e-03, 9.3986149768978300e-04,
          -8.1719562066705914e-03, 1.8470060434344342e-03,
          6.8898629359317506e-03, 4.0299388163263804e-02,
          1.3516685593797835e-03, 2.2093543239285834e-03,
          1.4109068945714256e-02, -1.3980408459859064e-02,
          2.6318874253424562e-02, -1.1698377045124034e-04,
          2.4483637036355400e-02, -2.8336570285434192e-03,
          1.7377199154032963e-02, 1.3516685593797837e-03,
          2.4429103751586353e-02, 3.3800728327237607e-02,
          7.3888520925326287e-02, -4.9145852921995727e-03,
          1.0646586531899556e-01, -6.3361328500569265e-04,
          7.3453024468692729e-02, 3.8630301169185321e-03,
          2.0813397278102671e-03, 2.2093543239285825e-03,
          3.3800728327237600e-02, 2.0902308433721800e-01 ]
   - !!opencv-matrix
      rows: 10
      cols: 10
      dt: d
      data: [ 6.6478882271509276e-02, 1.4814488429341844e-02,
          1.2583481595926994e-02, -1.6958960907408166e-04,
          9.8063033623928819e-03, 1.3232126197407544e-03,
          1.0328776800688643e-02, 2.3771464180486332e-03,
          2.2775436426137672e-03, 1.9865934262595236e-02,
          1.4814488429341842e-02, 1.3256824176667743e-02,
          3.9681651336433473e-03, 1.6887130466496523e-04,
          1.9691009887002654e-03, 1.3280867708277862e-03,
          3.2964342311294997e-03, 1.5416721580961720e-03,
          4.8249359037730365e-04, 7.0454345894905342e-03,
          1.2583481595926992e-02, 3.9681651336433473e-03,
          6.9585349403526245e-02, 6.2862473458481186e-04,
          3.7727892540684151e-03, 2.7689770836127909e-03,
          -7.0749324152017941e-04, 6.2131779472508796e-04,
          1.6674801479219989e-03, 4.4365009663373620e-03,
          -1.6958960907408177e-04, 1.6887130466496518e-04,
          6.2862473458481175e-04, 4.5599525861968549e-03,
          -5.6855392920023683e-03, -4.8556841477797290e-04,
          2.6594782067543331e-04, 1.5774516944443219e-04,
          4.4840955085362257e-04, -3.5834952339330829e-04,
          9.8063033623928819e-03, 1.9691009887002650e-03,
          3.7727892540684177e-03, -5.6855392920023683e-03,
          1.3684811403860442e-01, -9.2444456606665304e-04,
          1.1535499610648543e-02, -4.7001865288374828e-03,
          3.9345750617149709e-03, 1.0195969277404097e-02,
          1.3232126197407544e-03, 1.3280867708277862e-03,
          2.7689770836127909e-03, -4.8556841477797284e-04,
          -9.2444456606665326e-04, 2.2706901874469186e-02,
          3.6835442884990664e-04, 6.2173561248070612e-04,
          -2.4040141868558202e-03, 5.0674744932132157e-04,
          1.0328776800688640e-02, 3.2964342311294997e-03,
          -7.0749324152017941e-04, 2.6594782067543337e-04,
          1.1535499610648543e-02, 3.6835442884990648e-04,
          5.7503658988413746e-02, 8.6740258315727212e-04,
          6.5033917813820362e-03, 2.9966314429293538e-03,
          2.3771464180486340e-03, 1.5416721580961714e-03,
          6.2131779472508763e-04, 1.5774516944443211e-04,
          -4.7001865288374819e-03, 6.2173561248070569e-04,
          8.6740258315727234e-04, 1.8953464077810928e-02,
          5.0329570743828011e-04, 1.4369261216567576e-03,
          2.2775436426137672e-03, 4.8249359037730365e-04,
          1.6674801479219989e-03, 4.4840955085362257e-04,
          3.9345750617149700e-03, -2.4040141868558202e-03,
          6.5033917813820362e-03, 5.0329570743828022e-04,
          7.0195406674682000e-03, 2.8709648851574236e-03,
          1.9865934262595236e-02, 7.0454345894905342e-03,
          4.4365009663373620e-03, -3.5834952339330851e-04,
          1.0195969277404097e-02, 5.0674744932132146e-04,
          2.9966314429293538e-03, 1.4369261216567576e-03,
          2.8709648851574236e-03, 2.1775874119701073e-02 ]
   - !!opencv-matrix
      rows: 10
      cols: 10
      dt: d
