%YAML:1.0
---
groups:
   - intact
   - CD19
   - blast
intactGmmnames:
   - "intact.50120.0"
   - "intact.50120.1"
   - "intact.50120.2"
   - "intact.50120.3"
   - "intact.50120.4"
intactLabels:
   - FSC-A
   - SSC-A
   - SY41
   - CD19
   - CD10
   - CD20
   - CD45
   - CD34
   - CD38
   - CD58
intactMu: !!opencv-matrix
   rows: 5
   cols: 10
   dt: d
   data: [ 1.4047905450382938e+00, 3.2324072255890951e-01,
       2.9666642828482184e+00, 1.0322146437013053e+00,
       1.0916797752120011e+00, 1.4484383488579811e+00,
       3.2503919163946264e+00, 9.9486991716899842e-01,
       1.7487136226851716e+00, 1.5723111314805194e+00,
       1.4462217835980196e+00, 4.4649938809118950e-01,
       2.8963194922392375e+00, 1.0338811037863747e+00,
       1.1496872480458056e+00, 1.4369182290638971e+00,
       1.2129240476935212e+00, 1.0008033760062516e+00,
       1.6584442139928466e+00, 2.6694242561953216e+00,
       2.8468519266312931e+00, 2.7258141154698197e+00,
       2.9300318365578284e+00, 1.1100888308577181e+00,
       1.9593441678651518e+00, 1.4838875984104893e+00,
       2.9561391334105322e+00, 1.1259251038823850e+00,
       1.8606656492470706e+00, 2.4944310105350080e+00,
       2.2559269137080458e+00, 1.2413458554650636e+00,
       2.8619584431122842e+00, 1.1186694267485855e+00,
       1.6084261895397860e+00, 1.5041234286256429e+00,
       2.3672622105240717e+00, 1.2696383634946908e+00,
       2.0481428483314486e+00, 2.5008593335740734e+00,
       1.7427517270203507e+00, 5.0077903447727445e-01,
       2.6136871349894797e+00, 1.0733268216807457e+00,
       1.0679605631659324e+00, 1.4123370809551166e+00,
       3.4334710828517223e+00, 9.9582958671539812e-01,
       2.4069277232447797e+00, 2.2345494077048005e+00 ]
intactSigma:
   - !!opencv-matrix
      rows: 10
      cols: 10
      dt: d
      data: [ 6.1387625183527167e-02, 2.6888695664707453e-03,
          -1.4163114546472665e-02, 1.3844153885388170e-03,
          -4.4785890108449099e-03, -1.5664119460969672e-03,
          3.8381447434417790e-03, 1.1638791169335964e-04,
          -4.2310533722443337e-03, 1.8300543851748771e-02,
          2.6888695664707449e-03, 1.0502470483762820e-02,
          1.7837190804037479e-05, 2.5028161983728279e-03,
          -6.1119171744938383e-04, -1.3228636664686780e-04,
          5.9472415889222049e-04, 4.7290465523879449e-04,
          -9.2879077248213347e-04, 1.1646991571945594e-02,
          -1.4163114546472667e-02, 1.7837190804037418e-05,
          1.4287057145995445e-02, -3.2801086256683447e-04,
          2.1019500395632346e-03, 1.1038465114572740e-03,
          -1.9588381379511037e-03, 2.1267724713993700e-04,
          -1.8338818425623138e-04, -4.0499733898955266e-03,
          1.3844153885388172e-03, 2.5028161983728274e-03,
          -3.2801086256683463e-04, 4.1781197085339330e-03,
          -1.4153686557701454e-03, -2.9508119027373930e-04,
          4.4736050896679183e-04, 6.7376604592306875e-04,
          -2.0596886228268078e-04, 5.2532234998351190e-03,
          -4.4785890108449099e-03, -6.1119171744938362e-04,
          2.1019500395632346e-03, -1.4153686557701454e-03,
          5.0930730006171227e-03, 2.8122199285867701e-04,
          -1.5894795176409741e-04, -3.6496804434231001e-04,
          -3.8198113543871107e-04, 4.6304396037719038e-04,
          -1.5664119460969672e-03, -1.3228636664686780e-04,
          1.1038465114572736e-03, -2.9508119027373935e-04,
          2.8122199285867728e-04, 1.2669636711682936e-02,
          -2.4072300750999410e-04, -4.8551200518327145e-05,
          -3.3084214322751486e-03, -1.8763059188932585e-04,
          3.8381447434417790e-03, 5.9472415889222027e-04,
          -1.9588381379511046e-03, 4.4736050896679183e-04,
          -1.5894795176409741e-04, -2.4072300750999410e-04,
          1.1155991704352273e-02, 4.7043579634977297e-04,
          -1.2569152014546047e-03, 6.9402564311339720e-04,
          1.1638791169335950e-04, 4.7290465523879439e-04,
          2.1267724713993692e-04, 6.7376604592306885e-04,
          -3.6496804434230995e-04, -4.8551200518327145e-05,
          4.7043579634977286e-04, 8.2296877195229493e-03,
          -1.5586936864889553e-04, -5.5317018393289514e-04,
          -4.2310533722443337e-03, -9.2879077248213379e-04,
          -1.8338818425623152e-04, -2.0596886228268078e-04,
          -3.8198113543871107e-04, -3.3084214322751486e-03,
          -1.2569152014546049e-03, -1.5586936864889558e-04,
          2.4711398524568190e-02, -1.1972111870420004e-02,
          1.8300543851748771e-02, 1.1646991571945590e-02,
          -4.0499733898955240e-03, 5.2532234998351208e-03,
          4.6304396037719032e-04, -1.8763059188932544e-04,
          6.9402564311339720e-04, -5.5317018393289525e-04,
          -1.1972111870420004e-02, 2.6197306211860649e-01 ]
   - !!opencv-matrix
      rows: 10
      cols: 10
      dt: d
      data: [ 1.9007534470144455e-01, 4.0089170721704245e-02,
          2.4331957344109593e-02, 2.5029497492696246e-03,
          7.8414875632326509e-03, 1.6209217570453025e-03,
          9.0462046687523143e-03, 1.7963081037775715e-03,
          8.6643948421394890e-03, 3.1682320472023635e-02,
          4.0089170721704245e-02, 3.0631140513443400e-02,
          1.2298064232766314e-02, 1.6414707339911568e-03,
          9.1380632833091800e-03, 1.4999164045671508e-03,
          8.5808145951590739e-03, 8.8168100958324960e-04,
          9.2973898101584070e-03, 2.8142359184131587e-02,
          2.4331957344109586e-02, 1.2298064232766318e-02,
          9.9489319986850830e-02, 8.1332408217354329e-04,
          6.4003328939144354e-03, 1.8223159546996808e-03,
          -1.1474422758732523e-02, 5.0992441639351584e-04,
          4.5270105549723933e-03, 8.0098164132794188e-03,
          2.5029497492696242e-03, 1.6414707339911566e-03,
          8.1332408217354329e-04, 5.8217982131304842e-03,
          -1.6821189519651782e-03, -3.4707465599558929e-04,
          1.8224292768696669e-03, 8.1815792598542562e-04,
          6.4734863314580711e-04, 9.4653812134752504e-04,
          7.8414875632326509e-03, 9.1380632833091800e-03,
          6.4003328939144354e-03, -1.6821189519651779e-03,
          1.5567909884782178e-02, 6.0457359227751237e-04,
          2.4515286337597505e-03, -1.6606067248154663e-03,
          6.3903130843267026e-03, 1.4893354469302778e-02,
          1.6209217570453030e-03, 1.4999164045671508e-03,
          1.8223159546996812e-03, -3.4707465599558929e-04,
          6.0457359227751215e-04, 9.3499563945544754e-03,
          3.8524300464595805e-04, 1.5496417912645014e-04,
          -1.5949487380898350e-03, 1.1767270715707409e-03,
          9.0462046687523161e-03, 8.5808145951590774e-03,
          -1.1474422758732523e-02, 1.8224292768696671e-03,
          2.4515286337597505e-03, 3.8524300464595800e-04,
          5.5319740809101556e-02, 5.7112490076343895e-03,
          5.2878406957931699e-03, -7.7830482351905874e-03,
          1.7963081037775709e-03, 8.8168100958324906e-04,
          5.0992441639351551e-04, 8.1815792598542562e-04,
          -1.6606067248154670e-03, 1.5496417912645019e-04,
          5.7112490076343895e-03, 1.6095898800944045e-02,
          -1.1259003334547488e-03, -3.3205922972574342e-03,
          8.6643948421394907e-03, 9.2973898101584053e-03,
          4.5270105549723933e-03, 6.4734863314580722e-04,
          6.3903130843267026e-03, -1.5949487380898350e-03,
          5.2878406957931699e-03, -1.1259003334547486e-03,
          1.3760636772240736e-02, 1.5010570005870217e-02,
          3.1682320472023642e-02, 2.8142359184131587e-02,
          8.0098164132794223e-03, 9.4653812134752483e-04,
          1.4893354469302782e-02, 1.1767270715707409e-03,
          -7.7830482351905874e-03, -3.3205922972574346e-03,
          1.5010570005870220e-02, 6.4451236955841790e-02 ]
   - !!opencv-matrix
      rows: 10
      cols: 10
      dt: d
