%YAML:1.0
---
groups:
   - intact
   - CD19
   - blast
intactGmmnames:
   - "intact.50135.0"
   - "intact.50135.1"
   - "intact.50135.2"
   - "intact.50135.3"
   - "intact.50135.4"
intactLabels:
   - FSC-A
   - SSC-A
   - SY41
   - CD19
   - CD10
   - CD20
   - CD45
   - CD34
   - CD38
   - CD58
intactMu: !!opencv-matrix
   rows: 5
   cols: 10
   dt: d
   data: [ 2.1652399246898213e+00, 1.1493295976452518e+00,
       3.6058557906381843e+00, 1.1838323848166652e+00,
       1.1111595903065361e+00, 1.5107297062720983e+00,
       2.7901839707610701e+00, 1.2337942738295129e+00,
       2.3752447680291255e+00, 2.3834283967740335e+00,
       9.6746791973747903e-01, 3.0413375084590294e-01,
       3.4355713842746187e+00, 1.1093541336562598e+00,
       1.0651947639958230e+00, 1.4185968180827597e+00,
       1.2416371581347905e+00, 1.1415588861563020e+00,
       1.6261432582233655e+00, 2.6721408457777129e+00,
       3.0379671023849513e+00, 2.7123910232835073e+00,
       3.5751257827940330e+00, 1.1366496471644869e+00,
       1.5986177913201192e+00, 1.4591896951259464e+00,
       2.9413035015050304e+00, 1.1975312406457674e+00,
       1.8224453491152186e+00, 2.5419455178360018e+00,
       1.3394993715259202e+00, 5.0389519070456501e-01,
       3.7575890688097582e+00, 1.1194437927416714e+00,
       1.1121200100023434e+00, 1.4414705359556375e+00,
       1.3866120942190538e+00, 1.1544686697715676e+00,
       1.6791960671777610e+00, 2.8203713432721340e+00,
       1.7429375754868746e+00, 4.0451995362000132e-01,
       3.5097619271764757e+00, 1.1469606876521561e+00,
       1.0192371627736507e+00, 1.4496362783531063e+00,
       3.4379050391719037e+00, 1.1293456529052299e+00,
       1.8371264112509595e+00, 1.8979430727821489e+00 ]
intactSigma:
   - !!opencv-matrix
      rows: 10
      cols: 10
      dt: d
      data: [ 6.3929430913353569e-01, 3.1713352960414221e-01,
          2.5446205694103365e-02, 3.0127253779190996e-04,
          -1.2257523631369635e-02, -2.0017205782950343e-02,
          1.5231080916221140e-01, 1.7264497274634916e-02,
          1.7744940746521265e-01, 1.5079598294804730e-01,
          3.1713352960414221e-01, 5.0183832437907505e-01,
          6.1680705245073041e-02, -1.3371682953126631e-03,
          1.1529933258091792e-02, -1.4237485574132239e-02,
          3.5769823609567271e-02, 2.0510401735342670e-02,
          9.9507835796380284e-02, 1.5079644693466115e-01,
          2.5446205694103365e-02, 6.1680705245073054e-02,
          1.5126902939720133e-01, 1.2266721390454276e-03,
          4.3521270304131502e-03, 4.9766502068217412e-03,
          -7.5641697493619084e-02, 1.0660474886284493e-02,
          5.7210487089162081e-03, 4.8644913620902716e-02,
          3.0127253779190996e-04, -1.3371682953126631e-03,
          1.2266721390454271e-03, 2.4894533918817911e-02,
          -8.5588098529748025e-03, 2.0653635894572649e-02,
          2.4758849170119238e-02, 3.9993690447114932e-03,
          1.1718792308034310e-02, -5.4719683393243740e-03,
          -1.2257523631369638e-02, 1.1529933258091792e-02,
          4.3521270304131502e-03, -8.5588098529748025e-03,
          6.4314851776543946e-02, 1.1465229310262085e-03,
          -3.5062041899547876e-02, 2.8883862908336425e-03,
          -3.3533921909532298e-02, 2.4476555001158452e-02,
          -2.0017205782950340e-02, -1.4237485574132239e-02,
          4.9766502068217412e-03, 2.0653635894572649e-02,
          1.1465229310262082e-03, 8.3185054451308416e-02,
          1.9990129391572169e-02, 4.3444122954534922e-03,
          -1.8783956956753525e-02, -1.3455618222086487e-02,
          1.5231080916221140e-01, 3.5769823609567285e-02,
          -7.5641697493619084e-02, 2.4758849170119227e-02,
          -3.5062041899547876e-02, 1.9990129391572169e-02,
          5.5747227418398348e-01, 2.6653952589203081e-04,
          2.2577322242250053e-01, 3.7797986446474002e-02,
          1.7264497274634919e-02, 2.0510401735342666e-02,
          1.0660474886284495e-02, 3.9993690447114932e-03,
          2.8883862908336421e-03, 4.3444122954534922e-03,
          2.6653952589203049e-04, 1.1192984625339393e-01,
          1.4221102118782388e-02, 2.0300009160078913e-02,
          1.7744940746521265e-01, 9.9507835796380284e-02,
          5.7210487089162064e-03, 1.1718792308034310e-02,
          -3.3533921909532298e-02, -1.8783956956753518e-02,
          2.2577322242250053e-01, 1.4221102118782388e-02,
          3.9438720818722084e-01, 8.6901740447879627e-02,
          1.5079598294804730e-01, 1.5079644693466115e-01,
          4.8644913620902716e-02, -5.4719683393243731e-03,
          2.4476555001158452e-02, -1.3455618222086482e-02,
          3.7797986446473988e-02, 2.0300009160078913e-02,
          8.6901740447879627e-02, 2.7311670234219571e-01 ]
   - !!opencv-matrix
      rows: 10
      cols: 10
      dt: d
      data: [ 1.2021046513008936e-02, 4.5625504523974002e-03,
          -1.7847008641027954e-03, -9.0786586450657467e-05,
          2.3848805229180790e-04, 5.8500726156507062e-05,
          2.0976988517802668e-03, -3.3259525959368853e-05,
          5.3142202076071903e-04, 4.5904921267680022e-03,
          4.5625504523974002e-03, 4.9893411727635634e-03,
          -1.4194605410730767e-03, -4.1407572215998209e-05,
          4.0778358128221891e-04, 6.2925551612513572e-05,
          1.8305690594489425e-03, 7.8948209133208910e-06,
          3.6805790551000235e-04, 4.7528498073550517e-03,
          -1.7847008641027954e-03, -1.4194605410730767e-03,
          1.3335895336947112e-01, 1.4865094941106235e-03,
          1.7546634906306453e-03, 8.2246078473647861e-04,
          -1.2102492025333075e-02, 9.0442045326334999e-04,
          1.1305152246762990e-03, 1.2534276309011792e-02,
          -9.0786586450657440e-05, -4.1407572215998209e-05,
          1.4865094941106233e-03, 1.9055571772786915e-03,
          -8.2014219270692512e-04, -2.4612276248947443e-04,
          4.1405024628057732e-04, 1.3503824451907104e-04,
          1.2726574679032743e-04, -7.8153427137297966e-05,
          2.3848805229180795e-04, 4.0778358128221875e-04,
          1.7546634906306453e-03, -8.2014219270692501e-04,
          2.9213279110171285e-03, 7.7206555778494833e-05,
          7.3144786387660017e-05, -4.3365541356007954e-04,
          -2.0266120389475224e-04, 1.3781981365600065e-03,
          5.8500726156507164e-05, 6.2925551612513572e-05,
          8.2246078473647839e-04, -2.4612276248947443e-04,
          7.7206555778494847e-05, 7.9682463442116973e-03,
          -1.3897691521523627e-04, -3.8453067772388497e-05,
          -1.5267607714359770e-03, 3.5190525998943879e-04,
          2.0976988517802672e-03, 1.8305690594489421e-03,
          -1.2102492025333075e-02, 4.1405024628057727e-04,
          7.3144786387660017e-05, -1.3897691521523627e-04,
          3.2324261483469278e-02, 5.9713613005058083e-04,
          6.3503154317169218e-04, -8.7691456460761816e-04,
          -3.3259525959368853e-05, 7.8948209133208622e-06,
          9.0442045326335021e-04, 1.3503824451907112e-04,
          -4.3365541356007943e-04, -3.8453067772388510e-05,
          5.9713613005058050e-04, 3.5817296740470153e-03,
          9.8574722033021868e-05, -3.1729187774147074e-04,
          5.3142202076071903e-04, 3.6805790551000235e-04,
          1.1305152246762985e-03, 1.2726574679032749e-04,
          -2.0266120389475230e-04, -1.5267607714359770e-03,
          6.3503154317169218e-04, 9.8574722033021786e-05,
          2.8702838055741859e-03, 1.2067213219759086e-03,
          4.5904921267680013e-03, 4.7528498073550517e-03,
          1.2534276309011792e-02, -7.8153427137297979e-05,
          1.3781981365600065e-03, 3.5190525998943890e-04,
          -8.7691456460761805e-04, -3.1729187774147074e-04,
          1.2067213219759086e-03, 1.8103668366971668e-02 ]
   - !!opencv-matrix
      rows: 10
      cols: 10
      dt: d
