%YAML:1.0
---
groups:
   - intact
   - CD19
   - blast
intactGmmnames:
   - "intact.517.0"
   - "intact.517.1"
   - "intact.517.2"
   - "intact.517.3"
   - "intact.517.4"
intactLabels:
   - FSC-A
   - SSC-A
   - SY41
   - CD19
   - CD10
   - CD20
   - CD45
   - CD34
   - CD38
intactMu: !!opencv-matrix
   rows: 5
   cols: 9
   dt: d
   data: [ 1.4162599059441314e+00, 4.8506729721265357e-01,
       3.5167270137074995e+00, 1.0926131846500982e+00,
       7.5644124243156641e-01, 9.5909320427025879e-01,
       3.7689198169694844e+00, 1.0756869522297543e+00,
       1.9475817875664596e+00, 2.4817544477998763e+00,
       1.7091937998046922e+00, 3.7274486289864215e+00,
       1.5032054902333278e+00, 1.4916309066343965e+00,
       1.3303927658646431e+00, 3.0609765263588509e+00,
       1.6394452464730980e+00, 2.7430117056114698e+00,
       2.8380986581819179e+00, 3.1393051822138562e+00,
       3.4053906733557615e+00, 1.5018256868434749e+00,
       2.2467393037035248e+00, 1.1524641107200446e+00,
       3.1680425880637784e+00, 1.1596323763135288e+00,
       2.5448039774950191e+00, 1.4094216451585055e+00,
       5.5179149804865602e-01, 3.5405885876468584e+00,
       1.1004005934759074e+00, 8.4264562294728085e-01,
       9.9517733395688912e-01, 1.5671328256747989e+00,
       9.9944125349207380e-01, 1.4104360095996067e+00,
       1.1386373855285936e+00, 3.8378511146382716e-01,
       3.7761467382865539e+00, 1.4190611617151487e+00,
       3.4050841220733021e+00, 1.1301715554559355e+00,
       2.7897848807965202e+00, 2.6271202426252933e+00,
       1.4833157891498858e+00 ]
intactSigma:
   - !!opencv-matrix
      rows: 9
      cols: 9
      dt: d
      data: [ 1.7359426273210132e-01, 4.2023083600518735e-02,
          -1.5942886862868790e-02, 4.8907573845827822e-03,
          1.5447844016591650e-02, 1.3003407332746462e-02,
          1.6945268071225632e-02, 7.0786847059688207e-03,
          6.3055243837404920e-02, 4.2023083600518728e-02,
          3.7923571823114843e-02, -1.3762787166579799e-02,
          6.2143277597904844e-03, 7.6074355201873594e-03,
          1.2367447143839666e-02, 1.2513708239837093e-02,
          6.0681531570587113e-03, 5.9075290843478477e-02,
          -1.5942886862868783e-02, -1.3762787166579797e-02,
          5.1903441123264830e-02, -2.3366328079075906e-03,
          -7.1679733895523672e-03, -1.5547602463615431e-02,
          -5.5233938412688425e-03, -3.6953954603406352e-03,
          -1.7796836564501841e-02, 4.8907573845827822e-03,
          6.2143277597904853e-03, -2.3366328079075906e-03,
          2.0630330738592370e-02, 1.2437771291847019e-03,
          2.0390774346312397e-03, 1.5414687943286979e-03,
          4.7784650396024324e-03, 5.2293729832924843e-03,
          1.5447844016591650e-02, 7.6074355201873577e-03,
          -7.1679733895523689e-03, 1.2437771291847019e-03,
          7.0345436432985450e-02, 6.0737600685914633e-03,
          4.1033436921486142e-03, -8.2109195309466500e-03,
          -7.6474309893820270e-03, 1.3003407332746462e-02,
          1.2367447143839663e-02, -1.5547602463615431e-02,
          2.0390774346312397e-03, 6.0737600685914668e-03,
          3.9029955206245533e-02, 7.4494366062041427e-03,
          -3.4329385482768351e-04, -8.6601804243191631e-03,
          1.6945268071225632e-02, 1.2513708239837096e-02,
          -5.5233938412688434e-03, 1.5414687943286979e-03,
          4.1033436921486142e-03, 7.4494366062041427e-03,
          1.4397897411767979e-02, -1.0437186046602395e-04,
          1.1022897392762713e-03, 7.0786847059688207e-03,
          6.0681531570587095e-03, -3.6953954603406360e-03,
          4.7784650396024324e-03, -8.2109195309466483e-03,
          -3.4329385482768384e-04, -1.0437186046602387e-04,
          1.8917731138454613e-01, 2.1542290258498371e-02,
          6.3055243837404906e-02, 5.9075290843478463e-02,
          -1.7796836564501848e-02, 5.2293729832924860e-03,
          -7.6474309893820253e-03, -8.6601804243191631e-03,
          1.1022897392762715e-03, 2.1542290258498371e-02,
          3.5205519301572225e-01 ]
   - !!opencv-matrix
      rows: 9
      cols: 9
      dt: d
      data: [ 5.6256954413671068e-01, 3.6138917672156312e-01,
          2.7509121874055753e-03, 9.4151150554202187e-02,
          5.7730157869642341e-02, 2.0681489665504336e-02,
          4.2972822173086584e-03, 6.8605844425331172e-02,
          2.4071587062419589e-01, 3.6138917672156312e-01,
          7.1284804835625337e-01, -2.5877224488605681e-02,
          2.1891799369035320e-01, 1.9304585895222343e-01,
          7.4248424695701129e-02, 1.5292970000080242e-01,
          1.7604710694340772e-01, 4.5902569540592431e-01,
          2.7509121874055714e-03, -2.5877224488605681e-02,
          1.1553691277787587e-01, -2.3531165669051779e-02,
          -1.9992126513267285e-02, -6.1298872655579019e-02,
          -8.4285118159764444e-02, -4.6861127312599490e-02,
          -7.4516526296000266e-02, 9.4151150554202187e-02,
          2.1891799369035320e-01, -2.3531165669051772e-02,
          1.9826034839238263e-01, 1.1564765301716790e-01,
          7.2950791359274181e-02, 9.9036380585716413e-02,
          1.3978338300696080e-01, 2.3480586212525367e-01,
          5.7730157869642362e-02, 1.9304585895222343e-01,
          -1.9992126513267289e-02, 1.1564765301716787e-01,
          4.8598157441849660e-01, 5.3614301661708684e-02,
          1.7559976414328961e-02, 1.4258044078510931e-01,
          2.4403011348773523e-02, 2.0681489665504336e-02,
          7.4248424695701115e-02, -6.1298872655579019e-02,
          7.2950791359274195e-02, 5.3614301661708684e-02,
          2.1706510254728301e-01, 1.1078079901516019e-01,
          4.0555503313904916e-02, 6.0253410694218600e-02,
          4.2972822173086549e-03, 1.5292970000080239e-01,
          -8.4285118159764444e-02, 9.9036380585716413e-02,
          1.7559976414328965e-02, 1.1078079901516019e-01,
          5.5453414386483435e-01, 1.9510203179331786e-01,
          4.4654326306378966e-01, 6.8605844425331172e-02,
          1.7604710694340775e-01, -4.6861127312599490e-02,
          1.3978338300696080e-01, 1.4258044078510931e-01,
          4.0555503313904909e-02, 1.9510203179331792e-01,
          3.7360805879658759e-01, 3.1698157224222223e-01,
          2.4071587062419594e-01, 4.5902569540592431e-01,
          -7.4516526296000266e-02, 2.3480586212525367e-01,
          2.4403011348773540e-02, 6.0253410694218600e-02,
          4.4654326306378966e-01, 3.1698157224222223e-01,
          9.0855253714674955e-01 ]
   - !!opencv-matrix
      rows: 9
      cols: 9
      dt: d
      data: [ 3.8676493717174310e-01, 1.9535886629519961e-01,
          7.9201167166387445e-03, 2.8547371888235151e-02,
          -1.9359945981715312e-01, 3.7375337402396791e-02,
          -2.1839170910600496e-02, 6.4106942222593825e-03,
          7.4661957284926847e-03, 1.9535886629519966e-01,
          4.8030459211717874e-01, 1.7581314001351854e-03,
          7.4443051258281601e-02, -1.0714453202446091e-01,
          5.4850768292171379e-02, 5.9126021409544992e-03,
          8.3614928819177106e-03, 7.9927452284300170e-03,
          7.9201167166387428e-03, 1.7581314001351833e-03,
          6.8492990188779135e-02, 1.6280046376477549e-03,
          -6.3679191688149038e-04, -7.9751709408049688e-03,
          -8.9948289298652897e-04, -6.9045359686628233e-05,
          3.2912973421478039e-04, 2.8547371888235151e-02,
          7.4443051258281573e-02, 1.6280046376477555e-03,
          2.7349695156199422e-02, -2.5205338037403425e-02,
          1.0328042297374915e-02, 8.6737477661510520e-04,
          2.0695950484392127e-03, 1.5156377898871892e-04,
          -1.9359945981715312e-01, -1.0714453202446091e-01,
          -6.3679191688149016e-04, -2.5205338037403425e-02,
          5.7605311193389808e-01, -2.9818156645554542e-02,
          5.8051251283871792e-02, 1.0072443413277149e-02,
