%YAML:1.0
---
groups:
   - intact
   - CD19
   - blast
intactGmmnames:
   - "intact.522.0"
   - "intact.522.1"
   - "intact.522.2"
   - "intact.522.3"
   - "intact.522.4"
intactLabels:
   - FSC-A
   - SSC-A
   - SY41
   - CD19
   - CD10
   - CD20
   - CD45
   - CD34
   - CD38
intactMu: !!opencv-matrix
   rows: 5
   cols: 9
   dt: d
   data: [ 1.6474650197585401e+00, 7.1087035307833601e-01,
       3.8733574701627456e+00, 1.2387916581777885e+00,
       1.1001042282275686e+00, 1.0119678773670118e+00,
       3.5968304662551533e+00, 1.1141527588406699e+00,
       2.3756231731481385e+00, 2.1729723312588680e+00,
       2.0021128089604150e+00, 4.0459178320069800e+00,
       1.5278442712196816e+00, 1.9179229821662105e+00,
       1.1376520167140796e+00, 3.3976708534515545e+00,
       1.2088952998430840e+00, 1.9648988804029281e+00,
       1.1047412913313008e+00, 3.4047354116889478e-01,
       4.2458318281015544e+00, 1.1566777593315187e+00,
       1.0543700700059102e+00, 9.1604646511847820e-01,
       3.5087773449449409e+00, 1.0795208563006886e+00,
       1.9738314117501548e+00, 2.0790674730626431e+00,
       1.9704294379954748e+00, 3.9399764317977817e+00,
       2.0577996299916985e+00, 1.7427331038051461e+00,
       2.0860455186395188e+00, 3.2067289808708881e+00,
       1.3529287527654923e+00, 2.1193023921957970e+00,
       1.4694594423778777e+00, 5.0802315658748953e-01,
       3.9250507207465399e+00, 1.2022505594254367e+00,
       1.0838384153638907e+00, 1.0144336281410040e+00,
       3.6310795527577477e+00, 1.0903244817223314e+00,
       1.9654511947678059e+00 ]
intactSigma:
   - !!opencv-matrix
      rows: 9
      cols: 9
      dt: d
      data: [ 1.0567095696891721e-01, 2.7730036799929057e-02,
          -1.1356391731881185e-03, 2.3762178393706354e-03,
          1.9689153324036258e-03, 1.2227235275795558e-02,
          5.7379639874585644e-04, 4.2247108676940950e-03,
          9.4671962326196464e-03, 2.7730036799929057e-02,
          4.7309542769659513e-02, -4.3271987119896417e-03,
          6.5885886171653668e-03, 3.9110460361840580e-03,
          1.6469413489311000e-02, 2.5137161847498418e-03,
          5.9276126097117772e-03, 1.3707376308015565e-02,
          -1.1356391731881194e-03, -4.3271987119896417e-03,
          5.8555753288682963e-03, -6.3466209093126011e-05,
          -6.1662947052008171e-04, -2.3403353480579972e-03,
          -1.2165059017495905e-03, -3.0917883673686161e-04,
          -2.7365303780629863e-03, 2.3762178393706345e-03,
          6.5885886171653668e-03, -6.3466209093125970e-05,
          2.9847647047113589e-02, 7.2016784831316751e-04,
          2.0554793673833406e-03, 3.2889671794272463e-03,
          2.7388202094729185e-03, 4.0749669393331522e-03,
          1.9689153324036258e-03, 3.9110460361840571e-03,
          -6.1662947052008182e-04, 7.2016784831316751e-04,
          7.8963908120197913e-03, 1.0822358855114159e-03,
          6.0203546164336330e-04, -5.5553656810349873e-04,
          1.4793493128320008e-03, 1.2227235275795559e-02,
          1.6469413489310997e-02, -2.3403353480579972e-03,
          2.0554793673833406e-03, 1.0822358855114157e-03,
          3.2258731465395124e-02, 1.4157696681465029e-03,
          1.8174081598904810e-03, 6.4649757936229698e-03,
          5.7379639874585622e-04, 2.5137161847498418e-03,
          -1.2165059017495907e-03, 3.2889671794272459e-03,
          6.0203546164336330e-04, 1.4157696681465033e-03,
          1.4955293059816396e-02, 1.4884742727381895e-03,
          1.5239372823307598e-03, 4.2247108676940976e-03,
          5.9276126097117772e-03, -3.0917883673686167e-04,
          2.7388202094729198e-03, -5.5553656810349863e-04,
          1.8174081598904812e-03, 1.4884742727381902e-03,
          1.3231351654664830e-01, 7.1192747166752930e-03,
          9.4671962326196481e-03, 1.3707376308015565e-02,
          -2.7365303780629863e-03, 4.0749669393331505e-03,
          1.4793493128320006e-03, 6.4649757936229698e-03,
          1.5239372823307601e-03, 7.1192747166752947e-03,
          7.4257382078906753e-02 ]
   - !!opencv-matrix
      rows: 9
      cols: 9
      dt: d
      data: [ 5.6658625013613473e-01, 2.1061513249123431e-01,
          -3.2581372880785692e-02, 3.9230608237237341e-02,
          -5.4071077869794161e-03, 4.0806815376692153e-02,
          4.8248213496178052e-03, 1.4238783472129880e-02,
          1.9092367375984011e-03, 2.1061513249123431e-01,
          1.3460740741010317e+00, -5.5580015944511681e-02,
          2.3238946680191117e-01, 6.9710341271488618e-01,
          9.9330146398938626e-02, -1.8479308736996067e-01,
          9.5636573565366617e-02, 9.5971318625212348e-04,
          -3.2581372880785699e-02, -5.5580015944511681e-02,
          4.8991043824224659e-02, -9.5949207540776751e-03,
          -4.9170427826866252e-02, -2.3064655355342262e-02,
          -6.1415797838117892e-03, -3.7219590864357938e-03,
          -5.7081043775735287e-04, 3.9230608237237341e-02,
          2.3238946680191114e-01, -9.5949207540776751e-03,
          7.1574847029473754e-02, 1.1052862116418867e-01,
          1.7106152296240771e-02, -2.7277588204185070e-02,
          1.6845837064528888e-02, -6.0313885988544196e-04,
          -5.4071077869794135e-03, 6.9710341271488641e-01,
          -4.9170427826866252e-02, 1.1052862116418867e-01,
          7.5865955629915305e-01, 5.3044211071378536e-02,
          -1.7489434856880967e-01, 7.9600567691865451e-02,
          5.8475609358813966e-03, 4.0806815376692153e-02,
          9.9330146398938640e-02, -2.3064655355342269e-02,
          1.7106152296240767e-02, 5.3044211071378557e-02,
          8.7784776520239791e-02, 1.3902332637309594e-03,
          1.4649338864058963e-02, -4.2838697485907574e-04,
          4.8248213496178052e-03, -1.8479308736996067e-01,
          -6.1415797838117910e-03, -2.7277588204185070e-02,
          -1.7489434856880967e-01, 1.3902332637309605e-03,
          8.2396329242309191e-02, -1.7883508518337501e-02,
          -6.7239466495591161e-04, 1.4238783472129889e-02,
          9.5636573565366603e-02, -3.7219590864357929e-03,
          1.6845837064528892e-02, 7.9600567691865465e-02,
          1.4649338864058966e-02, -1.7883508518337494e-02,
          1.4711552872725503e-01, 1.6223883821230348e-03,
          1.9092367375984002e-03, 9.5971318625212218e-04,
          -5.7081043775735298e-04, -6.0313885988544185e-04,
          5.8475609358813966e-03, -4.2838697485907595e-04,
          -6.7239466495591161e-04, 1.6223883821230346e-03,
          3.3409387240282405e-03 ]
   - !!opencv-matrix
      rows: 9
      cols: 9
      dt: d
      data: [ 6.5383517217142570e-02, 9.7243695269718482e-03,
          -2.0340899605993567e-02, 1.2230835284078852e-03,
          4.2464101334431792e-03, 2.0561172668861916e-02,
          8.8791873238829137e-03, 2.0889785254762033e-04,
          -1.8374746882369117e-03, 9.7243695269718482e-03,
          1.7297417080675666e-02, -1.5704871432688241e-03,
          3.6059538023307759e-03, 2.9171933719334907e-03,
          1.4051066887484417e-02, 2.7959433740025676e-03,
          2.4178118282853840e-03, -1.5541849352556313e-03,
          -2.0340899605993567e-02, -1.5704871432688243e-03,
          1.6405197336940337e-02, 2.5981919162609146e-04,
          -2.5444911085570807e-03, -1.0777541225642106e-02,
          -3.2858704734372670e-03, 1.0370893174651166e-03,
          7.0304992038118126e-05, 1.2230835284078856e-03,
          3.6059538023307772e-03, 2.5981919162609135e-04,
          2.3619883834312488e-02, 6.7762508544596319e-04,
          1.7406554354537148e-03, 1.4586941419135943e-03,
          2.4510733023851896e-03, -1.0035140786401049e-03,
          4.2464101334431801e-03, 2.9171933719334907e-03,
          -2.5444911085570807e-03, 6.7762508544596330e-04,
          7.7557799710726207e-03, 8.3371644019865979e-03,
