%YAML:1.0
---
groups:
   - intact
   - CD19
intactGmmnames:
   - "intact.524.0"
   - "intact.524.1"
   - "intact.524.2"
   - "intact.524.3"
   - "intact.524.4"
intactLabels:
   - FSC-A
   - SSC-A
   - SY41
   - CD19
   - CD10
   - CD20
   - CD45
   - CD34
   - CD38
intactMu: !!opencv-matrix
   rows: 5
   cols: 9
   dt: d
   data: [ 1.2991741385564195e+00, 4.0550549323367802e-01,
       3.2236702086603568e+00, 1.1057017230551849e+00,
       8.6931617113592452e-01, 1.1164478079457385e+00,
       3.5337150870024985e+00, 1.0439006294627593e+00,
       1.6326677686312747e+00, 2.4682653362981894e+00,
       2.5486308287281338e+00, 3.2589390725159917e+00,
       1.4530141095142275e+00, 1.4300480652232532e+00,
       1.5909823944455939e+00, 3.1722906614869029e+00,
       1.4289492509200488e+00, 2.3387517456850579e+00,
       1.5247519390669213e+00, 1.0800500805873869e+00,
       3.3179645419400052e+00, 1.1598575925095893e+00,
       1.2000146064063852e+00, 1.2421341722740173e+00,
       1.5217882411921830e+00, 1.1206301314893405e+00,
       1.3986208560768574e+00, 2.5293628625100455e+00,
       2.9442015645111272e+00, 2.2924920128771591e+00,
       1.3299452414400577e+00, 1.3587946370994790e+00,
       1.6080649984103450e+00, 2.4715662499996176e+00,
       2.1898322113871753e+00, 1.7603343108271730e+00,
       1.7688492229074202e+00, 8.6037724536255300e-01,
       3.0043454132910474e+00, 1.1569838148996057e+00,
       9.2307281240082084e-01, 1.2338385194956656e+00,
       3.6335142149515729e+00, 1.0751999345601015e+00,
       1.6627861170216642e+00 ]
intactSigma:
   - !!opencv-matrix
      rows: 9
      cols: 9
      dt: d
      data: [ 1.2539442051835270e-01, 2.8195168915317041e-02,
          -4.4238110485170130e-02, 9.2962663442760780e-04,
          3.4379816845849453e-04, 1.7925127584996828e-02,
          1.3148126755732070e-02, -3.2075472881212038e-03,
          -1.3216507240132807e-02, 2.8195168915317041e-02,
          4.3499301058649485e-02, -1.2797426547633920e-02,
          3.2808079168368241e-03, 1.4234711889455423e-02,
          2.5927608943320149e-02, 5.7584056509509081e-03,
          3.3125715712569539e-03, -9.1783131040013861e-03,
          -4.4238110485170130e-02, -1.2797426547633920e-02,
          2.7418810471605513e-02, -1.3697781534091516e-04,
          4.1103767868421625e-04, -6.8823583288281434e-03,
          -6.5509376056327841e-03, 2.4272366406191139e-03,
          6.3562240337808659e-03, 9.2962663442760812e-04,
          3.2808079168368232e-03, -1.3697781534091516e-04,
          1.4774081872016918e-02, 1.7803763861071391e-03,
          2.2691263344687572e-03, 2.9308184337275916e-04,
          1.8514319304708462e-03, -3.4004877195952694e-03,
          3.4379816845849491e-04, 1.4234711889455423e-02,
          4.1103767868421641e-04, 1.7803763861071391e-03,
          5.8792917187162917e-02, 6.4802440125702318e-03,
          2.5525419038788103e-04, -1.5755787841281181e-03,
          -2.0048976435920727e-03, 1.7925127584996828e-02,
          2.5927608943320152e-02, -6.8823583288281434e-03,
          2.2691263344687567e-03, 6.4802440125702318e-03,
          8.2408305659528100e-02, 4.1262419106714836e-03,
          3.0766821716959884e-03, -9.2374079684992508e-03,
          1.3148126755732070e-02, 5.7584056509509081e-03,
          -6.5509376056327841e-03, 2.9308184337275927e-04,
          2.5525419038788119e-04, 4.1262419106714836e-03,
          6.2921742769881106e-03, -1.6828077351976022e-03,
          -2.8990307398482572e-03, -3.2075472881212029e-03,
          3.3125715712569535e-03, 2.4272366406191135e-03,
          1.8514319304708462e-03, -1.5755787841281181e-03,
          3.0766821716959884e-03, -1.6828077351976022e-03,
          1.1338835758900592e-01, 1.2492447566406916e-03,
          -1.3216507240132807e-02, -9.1783131040013878e-03,
          6.3562240337808676e-03, -3.4004877195952694e-03,
          -2.0048976435920736e-03, -9.2374079684992456e-03,
          -2.8990307398482577e-03, 1.2492447566406926e-03,
          7.1825331983350227e-02 ]
   - !!opencv-matrix
      rows: 9
      cols: 9
      dt: d
      data: [ 7.1273954966342490e-01, 3.3480595202482294e-01,
          -1.0914777507755168e-03, 4.4562772000996335e-02,
          -4.2112090198577132e-02, 4.1519903806645636e-02,
          3.6420857868015862e-02, 4.0252843907184414e-02,
          2.3872028215230927e-02, 3.3480595202482294e-01,
          1.2364039478705364e+00, -2.4863592817366020e-03,
          1.3537356854301449e-01, 5.0800307374915317e-02,
          9.8624816752924963e-02, -8.5331347747868255e-02,
          -4.5390577040424269e-02, -4.6939597358633903e-03,
          -1.0914777507755164e-03, -2.4863592817366024e-03,
          1.5367870023381811e-01, -1.7823637073853264e-02,
          4.2390225823590200e-02, -8.7241732900434461e-04,
          -5.8171226521069999e-02, 3.2615967349502437e-02,
          2.9831098992359962e-02, 4.4562772000996335e-02,
          1.3537356854301452e-01, -1.7823637073853264e-02,
          1.7300215881676675e-01, 9.1002186624247576e-03,
          1.6521236123666913e-01, 3.1731863159527758e-02,
          -3.0121729074591333e-02, -8.6163363758997191e-02,
          -4.2112090198577118e-02, 5.0800307374915303e-02,
          4.2390225823590214e-02, 9.1002186624247541e-03,
          2.9049436345123919e-01, 6.3244502692091017e-02,
          -8.0548767641611063e-02, 3.8841039056095691e-02,
          -4.4990914796660892e-03, 4.1519903806645636e-02,
          9.8624816752924976e-02, -8.7241732900434721e-04,
          1.6521236123666913e-01, 6.3244502692091017e-02,
          2.9607733931868957e-01, 1.5189561102456294e-02,
          1.4255003438702923e-02, -2.9149483026622670e-02,
          3.6420857868015875e-02, -8.5331347747868255e-02,
          -5.8171226521069999e-02, 3.1731863159527758e-02,
          -8.0548767641611063e-02, 1.5189561102456294e-02,
          2.3191178263863121e-01, -5.2951897371694694e-02,
          -6.4158095598684614e-02, 4.0252843907184407e-02,
          -4.5390577040424269e-02, 3.2615967349502430e-02,
          -3.0121729074591340e-02, 3.8841039056095678e-02,
          1.4255003438702927e-02, -5.2951897371694701e-02,
          3.8403740764339517e-01, 1.6140746397866979e-01,
          2.3872028215230927e-02, -4.6939597358633964e-03,
          2.9831098992359962e-02, -8.6163363758997191e-02,
          -4.4990914796660874e-03, -2.9149483026622659e-02,
          -6.4158095598684614e-02, 1.6140746397866979e-01,
          6.0399433425186477e-01 ]
   - !!opencv-matrix
      rows: 9
      cols: 9
      dt: d
      data: [ 5.8815098293677304e-01, 3.6993237413095703e-01,
          -5.9674492242404641e-02, 4.1863633438557368e-02,
          4.7455477953766083e-02, 6.1556357154239454e-02,
          4.4103319182108761e-02, 1.3906718492163702e-02,
          1.8037211343804862e-03, 3.6993237413095703e-01,
          8.1558271765488388e-01, -6.9621104591538571e-02,
          8.8858444431540395e-02, 1.2152146032496702e-01,
          1.3388333863920607e-01, 1.2655612355193510e-01,
          5.0731374975419713e-02, 2.1894016938030413e-02,
          -5.9674492242404641e-02, -6.9621104591538557e-02,
          2.5161801073662809e-01, 3.9916955115013882e-04,
          3.7868951441747914e-02, 1.9005097728721027e-02,
          3.8752175197471629e-02, 9.3285919887334413e-03,
          1.3517315884680386e-02, 4.1863633438557361e-02,
          8.8858444431540395e-02, 3.9916955115013849e-04,
          1.9269805422596650e-02, 1.6705808416483049e-02,
          1.6893494637238708e-02, 1.6143583734649806e-02,
          7.5238316214130147e-03, 1.3667700027994193e-04,
          4.7455477953766062e-02, 1.2152146032496702e-01,
          3.7868951441747914e-02, 1.6705808416483049e-02,
          1.4412337714135087e-01, 6.4439631736395553e-02,
          7.0586552132765740e-02, 1.9209924982358063e-02,
