%YAML:1.0
---
groups:
   - intact
   - CD19
intactGmmnames:
   - "intact.530.0"
   - "intact.530.1"
   - "intact.530.2"
   - "intact.530.3"
   - "intact.530.4"
intactLabels:
   - FSC-A
   - SSC-A
   - SY41
   - CD19
   - CD10
   - CD20
   - CD45
   - CD34
   - CD38
intactMu: !!opencv-matrix
   rows: 5
   cols: 9
   dt: d
   data: [ 1.1523934926850348e+00, 1.5286674132047487e-01,
       2.6135501524065408e+00, 1.0536791204733855e+00,
       8.0379259332585862e-01, 1.1297557632553761e+00,
       3.4115506123525887e+00, 1.0460829735045567e+00,
       1.7649371649672194e+00, 2.2308117142736434e+00,
       3.8180666889458856e+00, 2.4807494132390722e+00,
       1.9824303516827928e+00, 2.5645740398327197e+00,
       1.5045400740451111e+00, 3.1333852468627561e+00,
       1.1777899767057400e+00, 1.6788655094703713e+00,
       1.3691699308990757e+00, 1.0437195419253107e+00,
       2.5521954953137653e+00, 1.4771670419293697e+00,
       8.6735173537336963e-01, 1.2616334023947149e+00,
       3.4941304066318288e+00, 1.0785375688936949e+00,
       1.8801040891715592e+00, 1.6635367021709675e+00,
       5.4274910535252263e-01, 2.3982541730389939e+00,
       1.2862827499567686e+00, 8.2650840422443062e-01,
       1.2271586829015557e+00, 3.6500889044860729e+00,
       1.1110273485423776e+00, 2.3113288327345805e+00,
       1.9683773510572293e+00, 2.0977570014624494e+00,
       2.2732254143889663e+00, 1.6647001956716785e+00,
       1.7617176550635574e+00, 1.6079153416145466e+00,
       2.6151889057556157e+00, 1.3929185237785100e+00,
       1.9874319227754240e+00 ]
intactSigma:
   - !!opencv-matrix
      rows: 9
      cols: 9
      dt: d
      data: [ 5.7386693680898382e-02, 4.2226875612841937e-03,
          -9.5552992277239488e-03, -5.3808392746986441e-03,
          1.5257084661325245e-03, 7.6548682547712523e-03,
          1.7620047874969822e-02, -9.6499179957565504e-04,
          -5.0210518378961599e-03, 4.2226875612841946e-03,
          4.3997467766079320e-03, -1.5947005939282387e-04,
          3.4797561840036804e-03, 2.0431660091649647e-03,
          6.8114432337492963e-03, 3.1257018311334531e-03,
          7.1346350486116493e-04, -1.0809907034138328e-03,
          -9.5552992277239488e-03, -1.5947005939282387e-04,
          5.0794545056144086e-03, 2.0544925242542275e-03,
          6.9686562212817554e-04, 1.4960781980252124e-03,
          -2.2791509300215760e-03, 5.5704141513420640e-04,
          -4.8341405226764382e-06, -5.3808392746986441e-03,
          3.4797561840036804e-03, 2.0544925242542275e-03,
          8.8259287545623677e-02, 2.2161658616164869e-03,
          6.2050867915617444e-03, 2.5021679299458660e-03,
          4.5897119279639659e-03, -7.0326194629081783e-03,
          1.5257084661325249e-03, 2.0431660091649643e-03,
          6.9686562212817554e-04, 2.2161658616164865e-03,
          3.1359941464791354e-02, -1.6220400017066125e-04,
          1.2751571275315154e-03, -3.0832872751480282e-03,
          -1.4510284161512535e-03, 7.6548682547712523e-03,
          6.8114432337492955e-03, 1.4960781980252124e-03,
          6.2050867915617444e-03, -1.6220400017066087e-04,
          5.7732415261270410e-02, 5.9570255082098469e-03,
          2.1053084753042206e-03, -4.0137644153752251e-03,
          1.7620047874969822e-02, 3.1257018311334540e-03,
          -2.2791509300215751e-03, 2.5021679299458651e-03,
          1.2751571275315156e-03, 5.9570255082098478e-03,
          1.3784530294442373e-02, 6.5371608540360730e-05,
          2.9821919663709616e-04, -9.6499179957565504e-04,
          7.1346350486116493e-04, 5.5704141513420651e-04,
          4.5897119279639659e-03, -3.0832872751480282e-03,
          2.1053084753042206e-03, 6.5371608540360648e-05,
          9.9231158306872902e-02, 1.8016774379524809e-03,
          -5.0210518378961599e-03, -1.0809907034138328e-03,
          -4.8341405226764001e-06, -7.0326194629081774e-03,
          -1.4510284161512541e-03, -4.0137644153752242e-03,
          2.9821919663709616e-04, 1.8016774379524809e-03,
          6.3054041612784467e-02 ]
   - !!opencv-matrix
      rows: 9
      cols: 9
      dt: d
      data: [ 2.1548333676415191e-01, 7.6600710742591935e-02,
          3.4225506216475532e-03, 1.2455752369953950e-02,
          -1.9849559320514302e-02, 1.3252981490275496e-02,
          -2.3213086518233156e-03, -2.7214977995649241e-03,
          7.2303955378388125e-04, 7.6600710742591935e-02,
          2.2313821522651445e-01, 4.5797997243199008e-03,
          3.5376284256917669e-02, 1.1913282341468144e-02,
          2.3734790544635957e-02, 4.2178998449358485e-03,
          6.1698485025728778e-03, 6.1638065028646078e-04,
          3.4225506216475528e-03, 4.5797997243199008e-03,
          3.8949607618188357e-03, 8.9247577208383664e-04,
          -1.4512897050998242e-03, 1.0845196978351245e-03,
          -2.0427653835468915e-03, -4.3632015840282833e-05,
          -4.3441643081982602e-04, 1.2455752369953950e-02,
          3.5376284256917662e-02, 8.9247577208383664e-04,
          1.7724152574724941e-02, 3.7184348001097732e-03,
          4.8279202975085199e-03, 2.8619080470747523e-03,
          2.2063800963627780e-03, -5.5542154677297260e-03,
          -1.9849559320514305e-02, 1.1913282341468146e-02,
          -1.4512897050998242e-03, 3.7184348001097741e-03,
          1.3414469851460675e-01, 4.6924632023952204e-03,
          2.0590157673275798e-02, 8.2126305613102000e-03,
          -4.3579192938972651e-03, 1.3252981490275493e-02,
          2.3734790544635957e-02, 1.0845196978351245e-03,
          4.8279202975085199e-03, 4.6924632023952195e-03,
          2.8974760974284947e-02, 4.1884894016921206e-03,
          3.3464218611723140e-03, 7.7432794065532046e-04,
          -2.3213086518233160e-03, 4.2178998449358485e-03,
          -2.0427653835468915e-03, 2.8619080470747523e-03,
          2.0590157673275798e-02, 4.1884894016921206e-03,
          2.7350065216165859e-02, 2.8486176719192944e-03,
          -3.5095427771695349e-03, -2.7214977995649249e-03,
          6.1698485025728778e-03, -4.3632015840282819e-05,
          2.2063800963627784e-03, 8.2126305613102017e-03,
          3.3464218611723140e-03, 2.8486176719192948e-03,
          8.4760056250784574e-02, 1.1915428488815734e-03,
          7.2303955378388157e-04, 6.1638065028646067e-04,
          -4.3441643081982602e-04, -5.5542154677297251e-03,
          -4.3579192938972659e-03, 7.7432794065532078e-04,
          -3.5095427771695349e-03, 1.1915428488815743e-03,
          6.8104094691674985e-02 ]
   - !!opencv-matrix
      rows: 9
      cols: 9
      dt: d
      data: [ 1.1801049735361629e-01, 7.4472162010135984e-02,
          -2.4461244062700376e-02, 2.6726382655092865e-02,
          7.0498272299536107e-03, 2.3650911723267748e-02,
          3.7453699201285481e-02, 5.0452314405280427e-03,
          3.9430438495002121e-02, 7.4472162010135998e-02,
          3.9129844755910570e-01, -2.3686873294044026e-02,
          1.3774004542185928e-01, 1.9112357403421355e-02,
          6.9342807920441576e-02, 2.8603880146114560e-02,
          1.1939633715124635e-02, 4.3464339099761225e-02,
          -2.4461244062700376e-02, -2.3686873294044029e-02,
          1.5016322193457787e-02, -1.3212202646267452e-02,
          -2.1417147132738387e-03, -9.8391488853940209e-03,
          -1.1114499421117280e-02, -2.5990391135840923e-03,
          -2.6051864800905929e-02, 2.6726382655092865e-02,
          1.3774004542185928e-01, -1.3212202646267452e-02,
          1.4467211587355130e-01, 2.6103624778249387e-02,
          9.2640324246758221e-02, 1.4734948041443069e-02,
          7.8040002836399823e-03, 1.1877791063202374e-02,
          7.0498272299536107e-03, 1.9112357403421355e-02,
          -2.1417147132738396e-03, 2.6103624778249387e-02,
          4.8620920833089235e-02, 3.3193129226900216e-02,
          3.4457064788532949e-03, -2.4324130595754648e-03,
