%YAML:1.0
---
groups:
   - intact
   - CD19
   - blast
intactGmmnames:
   - "intact.543.0"
   - "intact.543.1"
   - "intact.543.2"
   - "intact.543.3"
   - "intact.543.4"
intactLabels:
   - FSC-A
   - SSC-A
   - SY41
   - CD19
   - CD10
   - CD20
   - CD45
   - CD34
   - CD38
intactMu: !!opencv-matrix
   rows: 5
   cols: 9
   dt: d
   data: [ 1.3481672676500873e+00, 1.4507852137341049e+00,
       3.4524709647436351e+00, 1.4884901280883116e+00,
       1.6865605847918073e+00, 1.8340709526862766e+00,
       1.7057193554500192e+00, 1.2663808583402536e+00,
       1.4007966950138409e+00, 2.2722383580337198e+00,
       3.5429652569078178e+00, 3.2261374264242377e+00,
       2.0075568491519911e+00, 2.6384758322080377e+00,
       1.6293727098347826e+00, 3.3994797123822527e+00,
       1.1947330080690559e+00, 1.5476118091254401e+00,
       1.5990860386391286e+00, 1.4614238998214959e+00,
       3.3865059179151475e+00, 1.6105915122301619e+00,
       1.7039573385173326e+00, 1.6496614028078904e+00,
       3.1878992813355480e+00, 1.5989786506139765e+00,
       2.2349880929575408e+00, 1.2090043508066017e+00,
       6.5113167392618831e-01, 3.6400188109185887e+00,
       1.1145325573802674e+00, 1.3693069417937411e+00,
       1.3703046312295806e+00, 1.4582054206419679e+00,
       1.0223303231353591e+00, 1.3999771629698232e+00,
       1.0159040708715208e+00, 4.4114110563423320e-01,
       3.4060773988860058e+00, 1.1973672018274857e+00,
       1.2633919674533503e+00, 1.3027360760439819e+00,
       3.4736408775012615e+00, 1.0684445882230624e+00,
       1.6379134432262448e+00 ]
intactSigma:
   - !!opencv-matrix
      rows: 9
      cols: 9
      dt: d
      data: [ 4.1651462645849319e-01, 1.9137519759963453e-01,
          1.1950289658226891e-01, 8.4982944259917995e-02,
          6.1862762684130497e-02, 5.1099400529577260e-02,
          9.2941021970029195e-02, 5.0530070473712670e-02,
          2.4858237859290300e-03, 1.9137519759963453e-01,
          6.8989128171487468e-01, 6.9681391006560872e-02,
          2.0316871647825899e-01, 1.3109147234683219e-01,
          1.4547926255121071e-01, 1.2381388946030844e-01,
          2.6796264740083984e-02, -2.7008262348079373e-02,
          1.1950289658226891e-01, 6.9681391006560872e-02,
          1.3441556565989055e-01, 4.3385253378298509e-02,
          3.4210693337037024e-02, 4.4217799732715014e-03,
          5.1460905282716594e-02, 4.4278172005551300e-02,
          5.1838493109619939e-03, 8.4982944259917967e-02,
          2.0316871647825899e-01, 4.3385253378298509e-02,
          1.0790937956153365e-01, 5.1936108119485840e-02,
          4.8792303852291018e-02, 5.8244098516350054e-02,
          3.9365954783839016e-02, -9.0336140002531817e-03,
          6.1862762684130490e-02, 1.3109147234683219e-01,
          3.4210693337037024e-02, 5.1936108119485840e-02,
          1.0067799574910159e-01, 9.1375610778922770e-02,
          8.1802875606746678e-02, 2.5100760993201694e-02,
          1.7476353813133545e-04, 5.1099400529577260e-02,
          1.4547926255121071e-01, 4.4217799732715023e-03,
          4.8792303852291018e-02, 9.1375610778922756e-02,
          1.3932199605927775e-01, 8.5506753668412094e-02,
          4.1703540423952169e-03, -2.3911206460423941e-03,
          9.2941021970029195e-02, 1.2381388946030843e-01,
          5.1460905282716601e-02, 5.8244098516350054e-02,
          8.1802875606746692e-02, 8.5506753668412094e-02,
          1.5986850230079963e-01, 4.1052369484455509e-02,
          4.0009308127935883e-03, 5.0530070473712670e-02,
          2.6796264740083977e-02, 4.4278172005551293e-02,
          3.9365954783839009e-02, 2.5100760993201705e-02,
          4.1703540423952161e-03, 4.1052369484455509e-02,
          1.6135584229690919e-01, 1.2289220109632229e-03,
          2.4858237859290309e-03, -2.7008262348079376e-02,
          5.1838493109619939e-03, -9.0336140002531817e-03,
          1.7476353813133551e-04, -2.3911206460423941e-03,
          4.0009308127935900e-03, 1.2289220109632229e-03,
          9.2978970197439021e-03 ]
   - !!opencv-matrix
      rows: 9
      cols: 9
      dt: d
      data: [ 3.3978642071323878e-01, 1.1629344332778591e-01,
          -2.5047945111428614e-03, 2.4209995979564063e-02,
          -1.0424448309768939e-02, 9.4464158871939256e-03,
          3.9926506647146006e-03, 1.9308558780596664e-03,
          6.8505220469243719e-03, 1.1629344332778591e-01,
          3.3886525373143328e-01, 8.0221144589489115e-04,
          4.7414113301894593e-02, 4.9052625560658814e-02,
          3.2705341697166011e-02, 1.9045846900291038e-02,
          1.0013398650701480e-02, -4.6424635205134747e-03,
          -2.5047945111428614e-03, 8.0221144589489115e-04,
          7.1953230650112186e-03, 4.4550566441503727e-04,
          -6.5727571127564338e-03, 3.1481402199025144e-03,
          -4.4338721633525402e-04, 1.6028879250717012e-03,
          1.4768498589016921e-03, 2.4209995979564063e-02,
          4.7414113301894593e-02, 4.4550566441503716e-04,
          2.2747764303469285e-02, 1.8265699810512796e-02,
          9.3246305577037013e-03, 7.6542981025929310e-03,
          4.8268208638503739e-03, -3.6471295182450578e-03,
          -1.0424448309768939e-02, 4.9052625560658800e-02,
          -6.5727571127564338e-03, 1.8265699810512796e-02,
          2.7705955362239515e-01, 1.6887639923087793e-02,
          4.7510692150196238e-02, 1.4585953631530249e-02,
          -1.0464450521007971e-02, 9.4464158871939256e-03,
          3.2705341697166032e-02, 3.1481402199025144e-03,
          9.3246305577037031e-03, 1.6887639923087793e-02,
          4.8130854586952633e-02, 8.8024069960312354e-03,
          1.0724148217724277e-02, 2.4738226704273036e-03,
          3.9926506647146032e-03, 1.9045846900291038e-02,
          -4.4338721633525391e-04, 7.6542981025929319e-03,
          4.7510692150196238e-02, 8.8024069960312354e-03,
          2.7163511155450685e-02, 5.2836987290507580e-03,
          1.2012091805405376e-03, 1.9308558780596664e-03,
          1.0013398650701480e-02, 1.6028879250717008e-03,
          4.8268208638503713e-03, 1.4585953631530243e-02,
          1.0724148217724279e-02, 5.2836987290507571e-03,
          1.4396464602207468e-01, 1.8959832851118451e-03,
          6.8505220469243719e-03, -4.6424635205134747e-03,
          1.4768498589016917e-03, -3.6471295182450578e-03,
          -1.0464450521007971e-02, 2.4738226704273036e-03,
          1.2012091805405380e-03, 1.8959832851118458e-03,
          3.3220434169118900e-02 ]
   - !!opencv-matrix
      rows: 9
      cols: 9
      dt: d
      data: [ 4.3193356386245224e-01, 3.0414292470493570e-01,
          3.2930158568362261e-02, 1.0637016858197323e-01,
          1.0412354492773350e-01, 1.3191255716855471e-01,
          1.5903849483799425e-02, 1.1385302851175781e-01,
          4.6188511770270939e-02, 3.0414292470493570e-01,
          9.2021171479353281e-01, 6.9742643634885346e-02,
          2.8316187395776365e-01, 3.6505983134060449e-01,
          2.9412052658706161e-01, -3.3074795381986412e-02,
          8.4389704264694835e-03, -8.1533281029439769e-02,
          3.2930158568362261e-02, 6.9742643634885346e-02,
          5.0846048148297122e-02, 2.5787124630555290e-02,
          3.8004371598881530e-02, 3.6787407878585941e-02,
          -7.9878379100442112e-03, 3.7302114024410075e-02,
          -6.3913021919511310e-03, 1.0637016858197323e-01,
          2.8316187395776365e-01, 2.5787124630555290e-02,
          1.8714381827085755e-01, 1.9577422716344783e-01,
          1.5393766633333664e-01, -4.0792528179273924e-02,
          -6.2759435387283770e-03, -2.4547573898171308e-02,
          1.0412354492773350e-01, 3.6505983134060443e-01,
          3.8004371598881530e-02, 1.9577422716344783e-01,
          4.7590917943291494e-01, 2.5304398066560385e-01,
          -1.3420915583829041e-01, -2.7383973653969534e-02,
