%YAML:1.0
---
groups:
   - intact
   - CD19
   - blast
intactGmmnames:
   - "intact.555.0"
   - "intact.555.1"
   - "intact.555.2"
   - "intact.555.3"
   - "intact.555.4"
intactLabels:
   - FSC-A
   - SSC-A
   - SY41
   - CD19
   - CD10
   - CD20
   - CD45
   - CD34
   - CD38
intactMu: !!opencv-matrix
   rows: 5
   cols: 9
   dt: d
   data: [ 1.5908732467061579e+00, 5.6032266257766683e-01,
       3.0304803305321619e+00, 1.2026550367415454e+00,
       8.4902264432876373e-01, 9.7335323813023134e-01,
       3.4824530665379232e+00, 1.1409462436365347e+00,
       1.7334660963601618e+00, 2.5451340491460632e+00,
       3.4012977257629449e+00, 3.1385770013330045e+00,
       1.8183837089065031e+00, 1.9778226107310086e+00,
       1.4768179969374537e+00, 3.1808365184099228e+00,
       1.2237275105265026e+00, 1.7947282075576125e+00,
       1.1331967665778635e+00, 4.3569882499808771e-01,
       3.4076830766548829e+00, 1.1775874417514545e+00,
       8.4050488533861523e-01, 9.1408263133522960e-01,
       3.4091755791333500e+00, 1.1245943998751278e+00,
       1.7294160726216949e+00, 2.1545776807375154e+00,
       1.3298843780971301e+00, 3.1314159981463647e+00,
       1.3606452713345860e+00, 9.6580590554089585e-01,
       1.1024164466525357e+00, 3.3246400329520616e+00,
       1.2699292252218783e+00, 2.6253475878460830e+00,
       1.8106522805449843e+00, 1.0684345158355613e+00,
       3.4718714858566599e+00, 1.3186792774672869e+00,
       1.1473567797151683e+00, 1.1951817497938237e+00,
       1.6813809323240487e+00, 1.0514463717459537e+00,
       1.7151740309921455e+00 ]
intactSigma:
   - !!opencv-matrix
      rows: 9
      cols: 9
      dt: d
      data: [ 9.3846722449833150e-02, 1.9184181000706183e-02,
          -1.6127050566229456e-03, 5.7282756120410026e-03,
          -4.4644749745526246e-04, 7.6452754954978181e-03,
          1.0442128377058655e-02, 4.4065889602353369e-03,
          1.2986625941967681e-04, 1.9184181000706183e-02,
          3.5567021169977328e-02, -2.4635184889896487e-03,
          9.5226890720750152e-03, 4.4365125367537665e-03,
          1.4260121665234295e-02, 1.2222174890055070e-02,
          6.6554409855872536e-03, 2.7151544486694271e-03,
          -1.6127050566229462e-03, -2.4635184889896479e-03,
          1.4508367390093270e-02, -2.8820196719392815e-05,
          6.6613352725869847e-04, 2.4990824595034753e-03,
          -2.1895050174338803e-03, 1.8843694111592518e-04,
          -5.3695794719636942e-04, 5.7282756120410026e-03,
          9.5226890720750135e-03, -2.8820196719392802e-05,
          1.8185871364665877e-02, 1.3284556317939332e-03,
          4.2508644011642624e-03, 3.5461324080762065e-03,
          3.6681599707698472e-03, -5.7165566443182457e-04,
          -4.4644749745526225e-04, 4.4365125367537665e-03,
          6.6613352725869847e-04, 1.3284556317939332e-03,
          5.0798772765280685e-02, -3.4224752197182270e-03,
          2.6446772167357772e-04, -4.4127488052232997e-03,
          3.4077145483682290e-05, 7.6452754954978181e-03,
          1.4260121665234295e-02, 2.4990824595034745e-03,
          4.2508644011642624e-03, -3.4224752197182270e-03,
          5.9435050104263865e-02, 2.9935189082668724e-03,
          2.2452059714643262e-03, -1.6353920581025692e-03,
          1.0442128377058659e-02, 1.2222174890055070e-02,
          -2.1895050174338812e-03, 3.5461324080762065e-03,
          2.6446772167357767e-04, 2.9935189082668724e-03,
          1.3747098581196658e-02, 3.5171567520493035e-03,
          2.0215268843743724e-03, 4.4065889602353369e-03,
          6.6554409855872545e-03, 1.8843694111592493e-04,
          3.6681599707698472e-03, -4.4127488052232997e-03,
          2.2452059714643266e-03, 3.5171567520493044e-03,
          1.5554351872315900e-01, 1.9322613073009889e-03,
          1.2986625941967681e-04, 2.7151544486694276e-03,
          -5.3695794719636975e-04, -5.7165566443182479e-04,
          3.4077145483682331e-05, -1.6353920581025688e-03,
          2.0215268843743724e-03, 1.9322613073009885e-03,
          9.4189446066346560e-03 ]
   - !!opencv-matrix
      rows: 9
      cols: 9
      dt: d
      data: [ 3.1764856068889108e-01, 2.0484449041830644e-01,
          2.3846190506279469e-03, 3.0205222157911226e-02,
          2.7612106611114729e-03, 8.3679213247923861e-03,
          2.4255680602457562e-03, 1.0024932759138681e-02,
          -1.3153806435131595e-03, 2.0484449041830644e-01,
          7.5737770489510003e-01, 1.8547273863700333e-02,
          9.4492566886052773e-02, 6.8695963890954267e-02,
          -3.0601902192619265e-02, -1.3553411233124438e-02,
          -1.0382716732353399e-02, -6.0328548504073425e-02,
          2.3846190506279486e-03, 1.8547273863700330e-02,
          8.0047054741643447e-02, -6.4120184903990775e-03,
          -4.7114353386229438e-03, -2.1667964204542898e-02,
          1.4258654610890367e-02, -1.0095214763882622e-02,
          -4.0079307423775766e-02, 3.0205222157911226e-02,
          9.4492566886052773e-02, -6.4120184903990766e-03,
          4.2563931403386809e-02, 1.9916053562509275e-02,
          3.8177918602474666e-02, 2.7056882524919542e-04,
          1.7099979675671270e-02, 2.0240863649450200e-02,
          2.7612106611114720e-03, 6.8695963890954295e-02,
          -4.7114353386229447e-03, 1.9916053562509268e-02,
          2.7512888181442247e-01, 4.2419859401434029e-02,
          1.4331323097117144e-02, 2.8913970223360990e-02,
          4.0558157136617916e-02, 8.3679213247923861e-03,
          -3.0601902192619265e-02, -2.1667964204542898e-02,
          3.8177918602474666e-02, 4.2419859401434036e-02,
          1.6941064197894853e-01, 8.2748665104708449e-03,
          5.5175792987436918e-02, 8.3487292733067014e-02,
          2.4255680602457575e-03, -1.3553411233124434e-02,
          1.4258654610890370e-02, 2.7056882524919515e-04,
          1.4331323097117144e-02, 8.2748665104708432e-03,
          7.5171332127995538e-02, 1.0198380170493595e-02,
          8.2381141486682734e-03, 1.0024932759138678e-02,
          -1.0382716732353400e-02, -1.0095214763882625e-02,
          1.7099979675671270e-02, 2.8913970223360997e-02,
          5.5175792987436918e-02, 1.0198380170493597e-02,
          1.5047111570326960e-01, 4.7337463373001057e-02,
          -1.3153806435131595e-03, -6.0328548504073438e-02,
          -4.0079307423775766e-02, 2.0240863649450200e-02,
          4.0558157136617902e-02, 8.3487292733067014e-02,
          8.2381141486682751e-03, 4.7337463373001057e-02,
          1.3119575168740968e-01 ]
   - !!opencv-matrix
      rows: 9
      cols: 9
      dt: d
      data: [ 3.2785615282926499e-02, 9.0206519719716379e-03,
          -7.6434042155597397e-03, 2.5785704890133178e-03,
          2.0353680758163919e-03, 1.0671479791548607e-02,
          3.9252455215765519e-03, 1.6923536804129237e-03,
          -1.0642110145765958e-03, 9.0206519719716379e-03,
          1.6438753723104788e-02, 2.4540834057028465e-03,
          4.7006000029384317e-03, 4.6159921727355734e-03,
          1.3527568986405704e-02, 4.9786376371296244e-03,
          3.2652049218498233e-03, -1.1336796050484483e-03,
          -7.6434042155597397e-03, 2.4540834057028469e-03,
          1.4627601890814154e-02, 1.2137126675312584e-03,
          8.4456197413753514e-04, 1.0341848248338421e-03,
          9.6208975807707351e-04, 1.9925427691784114e-03,
          -2.7867326112970375e-04, 2.5785704890133173e-03,
          4.7006000029384317e-03, 1.2137126675312584e-03,
          1.5098179008584303e-02, 1.4307541267248325e-03,
          4.7073677556404197e-03, 1.4554069847112108e-03,
          1.9672079178553862e-03, -1.4121312796086354e-03,
          2.0353680758163914e-03, 4.6159921727355734e-03,
          8.4456197413753514e-04, 1.4307541267248318e-03,
          4.5212429980531342e-02, -2.5536827471415815e-03,
          9.3281572067875889e-04, -2.4148452054091741e-03,
          -5.3928745425681256e-04, 1.0671479791548609e-02,
          1.3527568986405704e-02, 1.0341848248338428e-03,
          4.7073677556404179e-03, -2.5536827471415832e-03,
          6.4092441378025569e-02, 6.2438517699364687e-03,
          2.0350004461468577e-03, -1.9071469483759758e-03,
          3.9252455215765519e-03, 4.9786376371296261e-03,
          9.6208975807707329e-04, 1.4554069847112104e-03,
          9.3281572067875878e-04, 6.2438517699364687e-03,
          7.5248881466607135e-03, 1.1699685737992754e-03,
          -5.9088177840266310e-04, 1.6923536804129232e-03,
          3.2652049218498233e-03, 1.9925427691784106e-03,
          1.9672079178553866e-03, -2.4148452054091741e-03,
          2.0350004461468581e-03, 1.1699685737992752e-03,
          1.3943814393327755e-01, 3.4642364536028751e-04,
          -1.0642110145765954e-03, -1.1336796050484483e-03,
          -2.7867326112970380e-04, -1.4121312796086358e-03,
          -5.3928745425681223e-04, -1.9071469483759760e-03,
          -5.9088177840266320e-04, 3.4642364536028773e-04,
          5.9540896285908600e-03 ]
   - !!opencv-matrix
      rows: 9
      cols: 9
      dt: d
      data: [ 4.0992781465809597e-01, 2.7170806476677617e-01,
          7.9272042648441482e-02, 5.7166249316767614e-02,
          4.7508723838001740e-02, 8.3206321299131761e-02,
          -5.9355052227251251e-02, 6.6666136502912948e-02,
          1.0123357710743511e-01, 2.7170806476677617e-01,
          4.7901393149507737e-01, 9.8682460247057791e-02,
          9.5511948648426825e-02, 7.5993603810972019e-02,
          1.1990284431776077e-01, -1.0521017216386407e-01,
          3.8054717362612477e-02, 1.6354796402085470e-01,
          7.9272042648441454e-02, 9.8682460247057763e-02,
          5.7821634077480179e-02, 2.1786020401892488e-02,
          1.9899514446155224e-02, 3.2454993086406918e-02,
          -3.3776441261708437e-02, 2.5870292426277555e-02,
          8.1416767981213976e-03, 5.7166249316767614e-02,
          9.5511948648426825e-02, 2.1786020401892488e-02,
          4.0913570145163558e-02, 1.6191284072921176e-02,
          2.4940740509029641e-02, -1.8278907365676868e-02,
          8.3931471083909595e-03, 3.0389260116645646e-02,
          4.7508723838001754e-02, 7.5993603810972019e-02,
          1.9899514446155224e-02, 1.6191284072921173e-02,
          7.8850870658847522e-02, 1.8926739491777447e-02,
          -1.8831180875596081e-02, 1.2230275555192890e-03,
          1.1105948622646494e-02, 8.3206321299131761e-02,
          1.1990284431776076e-01, 3.2454993086406911e-02,
          2.4940740509029641e-02, 1.8926739491777450e-02,
          8.3270546179643717e-02, -2.6768697109839312e-02,
          1.5622818992309932e-02, 1.8937371636397457e-02,
          -5.9355052227251272e-02, -1.0521017216386407e-01,
          -3.3776441261708437e-02, -1.8278907365676868e-02,
          -1.8831180875596078e-02, -2.6768697109839312e-02,
          9.5473825828735634e-02, -1.7674753036301599e-02,
          -6.6914104844291250e-02, 6.6666136502912948e-02,
          3.8054717362612477e-02, 2.5870292426277555e-02,
          8.3931471083909560e-03, 1.2230275555192894e-03,
          1.5622818992309932e-02, -1.7674753036301599e-02,
          2.3804808399995459e-01, 4.2843415471699842e-02,
          1.0123357710743509e-01, 1.6354796402085470e-01,
          8.1416767981213993e-03, 3.0389260116645642e-02,
          1.1105948622646493e-02, 1.8937371636397457e-02,
          -6.6914104844291250e-02, 4.2843415471699842e-02,
          2.9856127443946773e-01 ]
   - !!opencv-matrix
      rows: 9
      cols: 9
      dt: d
      data: [ 4.4694681620250387e-01, 3.2981350103427354e-01,
          -3.2162993511613808e-02, 7.3122756349406681e-02,
          7.7532885465038476e-02, 1.1701289722386030e-01,
          1.8349340334461237e-01, 1.9128844300263431e-02,
          3.9602249951595357e-02, 3.2981350103427354e-01,
          3.9678022444727740e-01, -2.3214845769887350e-02,
          8.6039509024078392e-02, 8.8226195724412967e-02,
          1.2049007721839380e-01, 2.3057747786124555e-01,
          1.8759978416796011e-02, 4.8597871727886155e-02,
          -3.2162993511613801e-02, -2.3214845769887350e-02,
          6.2380853965074014e-02, -3.1088683846803447e-03,
          -2.4527084602427897e-03, -9.1347191604469417e-03,
          -2.0461735318964787e-02, -1.9865614181624565e-03,
          -2.6437175135587102e-03, 7.3122756349406667e-02,
          8.6039509024078392e-02, -3.1088683846803447e-03,
          3.1232260759816732e-02, 2.3513280466268216e-02,
          3.3887323277000246e-02, 4.8162813090978605e-02,
          6.2869924641346881e-03, 8.5220501157544561e-03,
          7.7532885465038476e-02, 8.8226195724412967e-02,
          -2.4527084602427897e-03, 2.3513280466268216e-02,
          1.1020539162661026e-01, 5.4333087047494032e-02,
          5.5388951024925533e-02, 7.2766716111779045e-03,
          9.4760813992113002e-03, 1.1701289722386032e-01,
          1.2049007721839380e-01, -9.1347191604469417e-03,
          3.3887323277000239e-02, 5.4333087047494032e-02,
          1.3176893761226757e-01, 6.8654302994257344e-02,
          1.2862940391972439e-02, 9.8815561232632777e-03,
          1.8349340334461237e-01, 2.3057747786124555e-01,
          -2.0461735318964787e-02, 4.8162813090978605e-02,
          5.5388951024925553e-02, 6.8654302994257344e-02,
          2.8211616351401980e-01, 7.5477391640455058e-03,
          4.0912100093004798e-02, 1.9128844300263438e-02,
          1.8759978416796011e-02, -1.9865614181624569e-03,
          6.2869924641346855e-03, 7.2766716111779045e-03,
          1.2862940391972442e-02, 7.5477391640455041e-03,
          6.7660256258954721e-02, 1.6094486474552752e-03,
          3.9602249951595357e-02, 4.8597871727886155e-02,
          -2.6437175135587110e-03, 8.5220501157544561e-03,
          9.4760813992113002e-03, 9.8815561232632777e-03,
          4.0912100093004805e-02, 1.6094486474552755e-03,
          1.5563261320565649e-02 ]
intactC: !!opencv-matrix
   rows: 1
   cols: 5
   dt: d
   data: [ 3.2431861185382443e-01, 1.4138652123655876e-01,
       2.8047643704590053e-01, 1.2045187431017802e-01,
       4.8470899572606696e-02 ]
intactNumEvents: 188118.
intactMaxVals: !!opencv-matrix
   rows: 1
   cols: 9
   dt: d
   data: [ 4.5000000000000000e+00, 4.5000000000000000e+00,
       4.5000000000000000e+00, 4.5000000000000000e+00,
       4.5000000000000000e+00, 4.5000000000000000e+00,
       4.5000000000000000e+00, 4.5000000000000000e+00,
       4.5000000000000000e+00 ]
CD19Gmmnames:
   - "CD19.555.0"
   - "CD19.555.1"
CD19Labels:
   - FSC-A
   - SSC-A
   - SY41
   - CD19
   - CD10
   - CD20
   - CD45
   - CD34
   - CD38
CD19Mu: !!opencv-matrix
   rows: 2
   cols: 9
   dt: d
   data: [ 1.7323081047122968e+00, 6.6516403148632197e-01,
       3.0120706478541477e+00, 2.7587723063503771e+00,
       8.8812261141536741e-01, 2.7771295090443147e+00,
       3.4357460516586484e+00, 1.1974611243749154e+00,
       1.9052715547409447e+00, 1.4259326866849176e+00,
       4.3379221399803342e-01, 3.0259352095842940e+00,
       2.6814731950672988e+00, 7.2605598476801858e-01,
       2.6527108454271264e+00, 3.3696385506213491e+00,
       1.1161711572001287e+00, 1.8102366382598547e+00 ]
CD19Sigma:
   - !!opencv-matrix
      rows: 9
      cols: 9
      dt: d
      data: [ 1.8144641886795190e-01, 4.6374459522260408e-02,
          3.3402138588160095e-02, 1.5973501995084297e-02,
          -3.5536635055586133e-04, 1.9269343942992369e-02,
          3.2199258096193908e-02, 2.3251175865604407e-02,
          1.7843632402521455e-02, 4.6374459522260408e-02,
          6.0197698200902636e-02, 2.2232150346197341e-02,
          2.0111715747102823e-02, 6.9049596985532556e-03,
          2.7723260232668620e-02, 2.5092268359092552e-02,
          1.6697743833049530e-02, 2.7877595502621175e-02,
          3.3402138588160095e-02, 2.2232150346197341e-02,
          5.6070247000099639e-02, 6.8457484042718855e-03,
          -7.8219788752098788e-03, -3.4152723640010082e-03,
          1.8328426825674957e-02, 1.3461993523761363e-02,
          1.3914746017752966e-02, 1.5973501995084297e-02,
          2.0111715747102823e-02, 6.8457484042718855e-03,
          9.1920356035364914e-02, -5.7463334273084456e-02,
          6.5316675932978824e-02, 2.3083884450618892e-02,
          8.0284411288500113e-03, 2.2768211536119643e-03,
          -3.5536635055586176e-04, 6.9049596985532582e-03,
          -7.8219788752098788e-03, -5.7463334273084456e-02,
          3.4342498088995183e-01, -6.3635286583846082e-02,
          -2.3361593448444750e-02, 2.2616275246950097e-02,
          4.1430256441615410e-02, 1.9269343942992369e-02,
          2.7723260232668613e-02, -3.4152723640010069e-03,
          6.5316675932978838e-02, -6.3635286583846082e-02,
          1.8737690864025294e-01, 4.4421849940022462e-02,
          1.4456306477881528e-02, -1.9255481504264628e-02,
          3.2199258096193908e-02, 2.5092268359092552e-02,
          1.8328426825674957e-02, 2.3083884450618892e-02,
          -2.3361593448444750e-02, 4.4421849940022462e-02,
          6.0152883372254953e-02, 2.3875406721250371e-03,
          5.2974550725282095e-03, 2.3251175865604407e-02,
          1.6697743833049530e-02, 1.3461993523761363e-02,
          8.0284411288500147e-03, 2.2616275246950091e-02,
          1.4456306477881523e-02, 2.3875406721250367e-03,
          2.2129456945457709e-01, 1.0205511856347526e-02,
          1.7843632402521452e-02, 2.7877595502621175e-02,
          1.3914746017752966e-02, 2.2768211536119643e-03,
          4.1430256441615410e-02, -1.9255481504264628e-02,
          5.2974550725282095e-03, 1.0205511856347526e-02,
          1.0712156911385487e-01 ]
   - !!opencv-matrix
      rows: 9
      cols: 9
      dt: d
      data: [ 4.8393932582018274e-02, 1.2535129137907284e-02,
          -1.8847083892713317e-02, 5.4650125991974659e-03,
          -9.8302434574298945e-05, 1.0502435574694989e-02,
          1.3788435724343693e-02, 4.3377496028373912e-03,
          4.1102804271362014e-03, 1.2535129137907284e-02,
          1.7204750565030690e-02, -5.9056552856893421e-03,
          3.2607432893467414e-03, 2.4106937990140726e-03,
          7.6637102425792299e-03, 5.7990915244904399e-03,
          2.6422924713424148e-03, 2.0698162211518606e-03,
          -1.8847083892713317e-02, -5.9056552856893429e-03,
          1.8267415053173398e-02, -6.0140857477070609e-03,
          5.0812701298162308e-04, -5.7997749623889859e-03,
          -8.9921165477031516e-03, -1.3854834913915445e-03,
          -2.5106628932120558e-03, 5.4650125991974659e-03,
          3.2607432893467414e-03, -6.0140857477070609e-03,
          4.2560566339012333e-02, -1.8522832909291377e-03,
          7.8695011282558236e-03, 2.0900663687548667e-03,
          -4.2299015567969704e-04, 2.5941931699656829e-03,
          -9.8302434574298512e-05, 2.4106937990140739e-03,
          5.0812701298162287e-04, -1.8522832909291364e-03,
          9.0614405110777591e-02, -8.8565798098064457e-03,
          -2.2101234524595211e-04, -4.2897233208539672e-03,
          -4.5799247474219109e-04, 1.0502435574694989e-02,
          7.6637102425792299e-03, -5.7997749623889868e-03,
          7.8695011282558219e-03, -8.8565798098064474e-03,
          3.0042674568212073e-02, 4.4400534210484880e-03,
          1.7685309525388758e-03, 2.7250346547395164e-03,
          1.3788435724343693e-02, 5.7990915244904417e-03,
          -8.9921165477031498e-03, 2.0900663687548667e-03,
          -2.2101234524595211e-04, 4.4400534210484871e-03,
          1.3227828568555297e-02, 2.2038151363803042e-03,
          3.1261753001462383e-03, 4.3377496028373912e-03,
          2.6422924713424140e-03, -1.3854834913915456e-03,
          -4.2299015567969709e-04, -4.2897233208539672e-03,
          1.7685309525388752e-03, 2.2038151363803042e-03,
          1.3642072346821119e-01, 2.4527121685517326e-03,
          4.1102804271362014e-03, 2.0698162211518606e-03,
          -2.5106628932120558e-03, 2.5941931699656833e-03,
          -4.5799247474219055e-04, 2.7250346547395168e-03,
          3.1261753001462387e-03, 2.4527121685517326e-03,
          1.6653631526934786e-02 ]
CD19C: !!opencv-matrix
   rows: 1
   cols: 2
   dt: d
   data: [ 6.7228661498349093e-03, 7.7827408695716763e-02 ]
CD19NumEvents: 17381.
CD19MaxVals: !!opencv-matrix
   rows: 1
   cols: 9
   dt: d
   data: [ 4.5000000000000000e+00, 4.5000000000000000e+00,
       4.5000000000000000e+00, 4.5000000000000000e+00,
       4.5000000000000000e+00, 4.5000000000000000e+00,
       4.5000000000000000e+00, 4.5000000000000000e+00,
       4.5000000000000000e+00 ]
blastGmmnames:
   - "blast.555.0"
blastLabels:
   - FSC-A
   - SSC-A
   - SY41
   - CD19
   - CD10
   - CD20
   - CD45
   - CD34
   - CD38
blastMu: !!opencv-matrix
   rows: 1
   cols: 9
   dt: d
   data: [ 1.3987194039452244e+00, 4.3829174129895759e-01,
       3.0948215840568007e+00, 2.5958679091762491e+00,
       3.0445523765725149e+00, 2.4526459331243813e+00,
       3.2941077292804986e+00, 1.1514945382803259e+00,
       1.8301136040351760e+00 ]
blastSigma:
   - !!opencv-matrix
      rows: 9
      cols: 9
      dt: d
      data: [ 5.0027966122009160e-02, 1.1876388283725012e-02,
          -2.0623930126993290e-02, 1.8456054880179502e-02,
          -6.1882548748223420e-03, 9.0581453131541659e-03,
          8.8848643929543697e-03, 7.2561631282064259e-03,
          9.4578141304282604e-03, 1.1876388283725012e-02,
          1.6495633329235891e-02, -4.9758840839927432e-03,
          6.8572044133522869e-03, -6.1764961885716506e-03,
          3.7322110466524081e-03, 6.7778089691156980e-03,
          -6.3266982970994401e-03, 6.7773051685247609e-03,
          -2.0623930126993290e-02, -4.9758840839927432e-03,
          2.3448778872398164e-02, -7.6821470089843301e-03,
          -2.0955285464407079e-03, -6.3339533400706381e-03,
          -4.2341900207782546e-03, -9.3918044326860919e-03,
          -5.2154289795645261e-03, 1.8456054880179502e-02,
          6.8572044133522869e-03, -7.6821470089843301e-03,
          5.5942820691642435e-02, 1.0541860298967060e-02,
          7.5854994933271689e-03, 5.6397272206546853e-03,
          -2.1349491644030720e-03, 6.4472927312578948e-03,
          -6.1882548748223420e-03, -6.1764961885716506e-03,
          -2.0955285464407079e-03, 1.0541860298967060e-02,
          6.8014699302690454e-02, 3.4039069430037414e-03,
          -7.7553498370839689e-03, 1.1887566154520584e-02,
          -1.6072306015873605e-03, 9.0581453131541659e-03,
          3.7322110466524081e-03, -6.3339533400706381e-03,
          7.5854994933271689e-03, 3.4039069430037414e-03,
          2.5831543661006210e-02, 5.5249629205097522e-03,
          -7.5546226929405092e-03, 3.7855953033846682e-03,
          8.8848643929543697e-03, 6.7778089691156980e-03,
          -4.2341900207782546e-03, 5.6397272206546853e-03,
          -7.7553498370839689e-03, 5.5249629205097522e-03,
          1.3908252390312785e-02, 9.5424674682454986e-03,
          6.2221253464362965e-03, 7.2561631282064259e-03,
          -6.3266982970994401e-03, -9.3918044326860919e-03,
          -2.1349491644030720e-03, 1.1887566154520584e-02,
          -7.5546226929405092e-03, 9.5424674682454986e-03,
          1.9761905329717494e-01, -4.8128842575008721e-03,
          9.4578141304282604e-03, 6.7773051685247609e-03,
          -5.2154289795645261e-03, 6.4472927312578948e-03,
          -1.6072306015873605e-03, 3.7855953033846682e-03,
          6.2221253464362965e-03, -4.8128842575008721e-03,
          2.5458214652914080e-02 ]
blastC: !!opencv-matrix
   rows: 1
   cols: 1
   dt: d
   data: [ 3.4538113537967803e-04 ]
blastNumEvents: 71.
blastMaxVals: !!opencv-matrix
   rows: 1
   cols: 9
   dt: d
   data: [ 4.5000000000000000e+00, 4.5000000000000000e+00,
       4.5000000000000000e+00, 4.5000000000000000e+00,
       4.5000000000000000e+00, 4.5000000000000000e+00,
       4.5000000000000000e+00, 4.5000000000000000e+00,
       4.5000000000000000e+00 ]
