%YAML:1.0
---
groups:
   - intact
   - CD19
   - blast
intactGmmnames:
   - "intact.555.0"
   - "intact.555.1"
   - "intact.555.2"
   - "intact.555.3"
   - "intact.555.4"
intactLabels:
   - FSC-A
   - SSC-A
   - SY41
   - CD19
   - CD10
   - CD20
   - CD45
   - CD34
   - CD38
intactMu: !!opencv-matrix
   rows: 5
   cols: 9
   dt: d
   data: [ 1.5908732467061579e+00, 5.6032266257766683e-01,
       3.0304803305321619e+00, 1.2026550367415454e+00,
       8.4902264432876373e-01, 9.7335323813023134e-01,
       3.4824530665379232e+00, 1.1409462436365347e+00,
       1.7334660963601618e+00, 2.5451340491460632e+00,
       3.4012977257629449e+00, 3.1385770013330045e+00,
       1.8183837089065031e+00, 1.9778226107310086e+00,
       1.4768179969374537e+00, 3.1808365184099228e+00,
       1.2237275105265026e+00, 1.7947282075576125e+00,
       1.1331967665778635e+00, 4.3569882499808771e-01,
       3.4076830766548829e+00, 1.1775874417514545e+00,
       8.4050488533861523e-01, 9.1408263133522960e-01,
       3.4091755791333500e+00, 1.1245943998751278e+00,
       1.7294160726216949e+00, 2.1545776807375154e+00,
       1.3298843780971301e+00, 3.1314159981463647e+00,
       1.3606452713345860e+00, 9.6580590554089585e-01,
       1.1024164466525357e+00, 3.3246400329520616e+00,
       1.2699292252218783e+00, 2.6253475878460830e+00,
       1.8106522805449843e+00, 1.0684345158355613e+00,
       3.4718714858566599e+00, 1.3186792774672869e+00,
       1.1473567797151683e+00, 1.1951817497938237e+00,
       1.6813809323240487e+00, 1.0514463717459537e+00,
       1.7151740309921455e+00 ]
intactSigma:
   - !!opencv-matrix
      rows: 9
      cols: 9
      dt: d
      data: [ 9.3846722449833150e-02, 1.9184181000706183e-02,
          -1.6127050566229456e-03, 5.7282756120410026e-03,
          -4.4644749745526246e-04, 7.6452754954978181e-03,
          1.0442128377058655e-02, 4.4065889602353369e-03,
          1.2986625941967681e-04, 1.9184181000706183e-02,
          3.5567021169977328e-02, -2.4635184889896487e-03,
          9.5226890720750152e-03, 4.4365125367537665e-03,
          1.4260121665234295e-02, 1.2222174890055070e-02,
          6.6554409855872536e-03, 2.7151544486694271e-03,
          -1.6127050566229462e-03, -2.4635184889896479e-03,
          1.4508367390093270e-02, -2.8820196719392815e-05,
          6.6613352725869847e-04, 2.4990824595034753e-03,
          -2.1895050174338803e-03, 1.8843694111592518e-04,
          -5.3695794719636942e-04, 5.7282756120410026e-03,
          9.5226890720750135e-03, -2.8820196719392802e-05,
          1.8185871364665877e-02, 1.3284556317939332e-03,
          4.2508644011642624e-03, 3.5461324080762065e-03,
          3.6681599707698472e-03, -5.7165566443182457e-04,
          -4.4644749745526225e-04, 4.4365125367537665e-03,
          6.6613352725869847e-04, 1.3284556317939332e-03,
          5.0798772765280685e-02, -3.4224752197182270e-03,
          2.6446772167357772e-04, -4.4127488052232997e-03,
          3.4077145483682290e-05, 7.6452754954978181e-03,
          1.4260121665234295e-02, 2.4990824595034745e-03,
          4.2508644011642624e-03, -3.4224752197182270e-03,
          5.9435050104263865e-02, 2.9935189082668724e-03,
          2.2452059714643262e-03, -1.6353920581025692e-03,
          1.0442128377058659e-02, 1.2222174890055070e-02,
          -2.1895050174338812e-03, 3.5461324080762065e-03,
          2.6446772167357767e-04, 2.9935189082668724e-03,
          1.3747098581196658e-02, 3.5171567520493035e-03,
          2.0215268843743724e-03, 4.4065889602353369e-03,
          6.6554409855872545e-03, 1.8843694111592493e-04,
          3.6681599707698472e-03, -4.4127488052232997e-03,
          2.2452059714643266e-03, 3.5171567520493044e-03,
          1.5554351872315900e-01, 1.9322613073009889e-03,
          1.2986625941967681e-04, 2.7151544486694276e-03,
          -5.3695794719636975e-04, -5.7165566443182479e-04,
          3.4077145483682331e-05, -1.6353920581025688e-03,
          2.0215268843743724e-03, 1.9322613073009885e-03,
          9.4189446066346560e-03 ]
   - !!opencv-matrix
      rows: 9
      cols: 9
      dt: d
      data: [ 3.1764856068889108e-01, 2.0484449041830644e-01,
          2.3846190506279469e-03, 3.0205222157911226e-02,
          2.7612106611114729e-03, 8.3679213247923861e-03,
          2.4255680602457562e-03, 1.0024932759138681e-02,
          -1.3153806435131595e-03, 2.0484449041830644e-01,
          7.5737770489510003e-01, 1.8547273863700333e-02,
          9.4492566886052773e-02, 6.8695963890954267e-02,
          -3.0601902192619265e-02, -1.3553411233124438e-02,
          -1.0382716732353399e-02, -6.0328548504073425e-02,
          2.3846190506279486e-03, 1.8547273863700330e-02,
          8.0047054741643447e-02, -6.4120184903990775e-03,
          -4.7114353386229438e-03, -2.1667964204542898e-02,
          1.4258654610890367e-02, -1.0095214763882622e-02,
          -4.0079307423775766e-02, 3.0205222157911226e-02,
          9.4492566886052773e-02, -6.4120184903990766e-03,
          4.2563931403386809e-02, 1.9916053562509275e-02,
          3.8177918602474666e-02, 2.7056882524919542e-04,
          1.7099979675671270e-02, 2.0240863649450200e-02,
          2.7612106611114720e-03, 6.8695963890954295e-02,
          -4.7114353386229447e-03, 1.9916053562509268e-02,
          2.7512888181442247e-01, 4.2419859401434029e-02,
          1.4331323097117144e-02, 2.8913970223360990e-02,
          4.0558157136617916e-02, 8.3679213247923861e-03,
          -3.0601902192619265e-02, -2.1667964204542898e-02,
          3.8177918602474666e-02, 4.2419859401434036e-02,
          1.6941064197894853e-01, 8.2748665104708449e-03,
          5.5175792987436918e-02, 8.3487292733067014e-02,
          2.4255680602457575e-03, -1.3553411233124434e-02,
          1.4258654610890370e-02, 2.7056882524919515e-04,
          1.4331323097117144e-02, 8.2748665104708432e-03,
          7.5171332127995538e-02, 1.0198380170493595e-02,
          8.2381141486682734e-03, 1.0024932759138678e-02,
          -1.0382716732353400e-02, -1.0095214763882625e-02,
          1.7099979675671270e-02, 2.8913970223360997e-02,
          5.5175792987436918e-02, 1.0198380170493597e-02,
          1.5047111570326960e-01, 4.7337463373001057e-02,
          -1.3153806435131595e-03, -6.0328548504073438e-02,
          -4.0079307423775766e-02, 2.0240863649450200e-02,
          4.0558157136617902e-02, 8.3487292733067014e-02,
          8.2381141486682751e-03, 4.7337463373001057e-02,
          1.3119575168740968e-01 ]
   - !!opencv-matrix
      rows: 9
      cols: 9
      dt: d
      data: [ 3.2785615282926499e-02, 9.0206519719716379e-03,
          -7.6434042155597397e-03, 2.5785704890133178e-03,
          2.0353680758163919e-03, 1.0671479791548607e-02,
          3.9252455215765519e-03, 1.6923536804129237e-03,
          -1.0642110145765958e-03, 9.0206519719716379e-03,
          1.6438753723104788e-02, 2.4540834057028465e-03,
          4.7006000029384317e-03, 4.6159921727355734e-03,
          1.3527568986405704e-02, 4.9786376371296244e-03,
          3.2652049218498233e-03, -1.1336796050484483e-03,
          -7.6434042155597397e-03, 2.4540834057028469e-03,
          1.4627601890814154e-02, 1.2137126675312584e-03,
          8.4456197413753514e-04, 1.0341848248338421e-03,
          9.6208975807707351e-04, 1.9925427691784114e-03,
          -2.7867326112970375e-04, 2.5785704890133173e-03,
          4.7006000029384317e-03, 1.2137126675312584e-03,
          1.5098179008584303e-02, 1.4307541267248325e-03,
          4.7073677556404197e-03, 1.4554069847112108e-03,
          1.9672079178553862e-03, -1.4121312796086354e-03,
          2.0353680758163914e-03, 4.6159921727355734e-03,
          8.4456197413753514e-04, 1.4307541267248318e-03,
          4.5212429980531342e-02, -2.5536827471415815e-03,
          9.3281572067875889e-04, -2.4148452054091741e-03,
