%YAML:1.0
---
groups:
   - intact
   - CD19
intactGmmnames:
   - "intact.564.0"
   - "intact.564.1"
   - "intact.564.2"
   - "intact.564.3"
   - "intact.564.4"
intactLabels:
   - FSC-A
   - SSC-A
   - SY41
   - CD19
   - CD10
   - CD20
   - CD45
   - CD34
   - CD38
intactMu: !!opencv-matrix
   rows: 5
   cols: 9
   dt: d
   data: [ 1.8224921342238252e+00, 6.0510041161456507e-01,
       3.3517273688922553e+00, 1.2265833982777106e+00,
       8.7844035351457872e-01, 8.6639434517488190e-01,
       3.6162240293966197e+00, 1.2270930433535900e+00,
       2.0601096378015251e+00, 2.1795672720261985e+00,
       1.8376206397354797e+00, 3.3073370711637735e+00,
       1.6764074425004574e+00, 1.4959867550885029e+00,
       1.4457563232130355e+00, 3.1181786160065044e+00,
       1.3223311530991848e+00, 2.0311334561711578e+00,
       1.6163585833617988e+00, 3.5834176010618601e-01,
       3.5759259672006181e+00, 1.1650962446540492e+00,
       8.6501478014032762e-01, 8.2057668924241089e-01,
       3.5423732942397761e+00, 1.1818497825199896e+00,
       1.7432686306919152e+00, 1.4194420292658783e+00,
       5.7186575215583624e-01, 3.4784057855893740e+00,
       1.1929020277032976e+00, 1.2116395499805057e+00,
       9.8988510825640386e-01, 1.5201333300446460e+00,
       1.0801291182164319e+00, 1.6340172930609904e+00,
       2.7189687370753601e+00, 3.3087715043098838e+00,
       3.3223311723555931e+00, 1.9255963527833626e+00,
       2.4357424030806203e+00, 1.6793970664832354e+00,
       3.4590464883883634e+00, 1.3954459146060934e+00,
       1.8065603002082991e+00 ]
intactSigma:
   - !!opencv-matrix
      rows: 9
      cols: 9
      dt: d
      data: [ 1.1400632619907969e-01, 1.8376867006306308e-02,
          -1.9711455240641988e-02, 4.4352317845145857e-03,
          4.8954599516831915e-04, 1.0345859799338174e-02,
          4.3282331145045472e-03, 1.8169286900496869e-03,
          8.2394283528183163e-03, 1.8376867006306308e-02,
          2.9003318357444397e-02, -6.9056232099177061e-03,
          5.5834658014295843e-03, 1.2958947119792181e-03,
          8.5256397102422520e-03, 2.8713610332891473e-03,
          2.9989570446165873e-03, 1.9783212775264247e-02,
          -1.9711455240641988e-02, -6.9056232099177061e-03,
          4.5040208895506376e-02, -8.4006680119863737e-04,
          -6.6094972697691755e-05, -9.5727463781032935e-03,
          -3.6378687769229117e-03, 1.1879195848445346e-04,
          -7.1367791369432321e-03, 4.4352317845145865e-03,
          5.5834658014295843e-03, -8.4006680119863759e-04,
          2.1174705219526829e-02, 5.0066770379682279e-04,
          2.8757932878923022e-03, 2.0879698110731139e-03,
          2.7622661661374738e-03, -1.6145417573543068e-03,
          4.8954599516831904e-04, 1.2958947119792175e-03,
          -6.6094972697691647e-05, 5.0066770379682225e-04,
          2.6941938437472650e-02, -3.0443464721681074e-03,
          -2.0373113781552046e-04, -3.4626314415371414e-03,
          -2.1403857949772610e-03, 1.0345859799338174e-02,
          8.5256397102422537e-03, -9.5727463781032935e-03,
          2.8757932878923022e-03, -3.0443464721681066e-03,
          4.3942195230439400e-02, 2.8607701872995143e-03,
          1.6625896560212366e-03, -2.0195350455076400e-03,
          4.3282331145045472e-03, 2.8713610332891473e-03,
          -3.6378687769229117e-03, 2.0879698110731135e-03,
          -2.0373113781552038e-04, 2.8607701872995143e-03,
          1.3608117566746727e-02, 3.9207935635943627e-03,
          -8.7482190843274146e-03, 1.8169286900496871e-03,
          2.9989570446165843e-03, 1.1879195848445367e-04,
          2.7622661661374733e-03, -3.4626314415371414e-03,
          1.6625896560212346e-03, 3.9207935635943618e-03,
          1.6921587706284744e-01, 4.6774148823404464e-04,
          8.2394283528183163e-03, 1.9783212775264250e-02,
          -7.1367791369432347e-03, -1.6145417573543072e-03,
          -2.1403857949772601e-03, -2.0195350455076400e-03,
          -8.7482190843274146e-03, 4.6774148823404481e-04,
          1.7621920970557167e-01 ]
   - !!opencv-matrix
      rows: 9
      cols: 9
      dt: d
      data: [ 5.4548455894463221e-01, 5.1492507046495073e-01,
          1.1791214274137485e-02, 4.5855381997585327e-02,
          3.2185100332387626e-02, 3.3639866373868031e-02,
          -7.8515361451317097e-03, 4.6585738815180244e-02,
          9.9406169947371123e-04, 5.1492507046495084e-01,
          1.3537764906575815e+00, -1.4564837231337657e-01,
          1.6788163015184679e-01, 2.4163279702029525e-01,
          1.4034800328148547e-01, -1.4680933199405644e-01,
          1.1539821253874087e-02, -3.8308970614173772e-02,
          1.1791214274137483e-02, -1.4564837231337655e-01,
          1.5511591865732099e-01, -1.0351590086606032e-02,
          -8.7780016572444441e-02, -1.4610556173480628e-02,
          6.6733026630920900e-02, 2.7123205056793609e-02,
          6.4346389570345566e-02, 4.5855381997585321e-02,
          1.6788163015184676e-01, -1.0351590086606032e-02,
          1.4934015094851777e-01, -6.6127185802547644e-03,
          1.2811529049197340e-01, 2.0562542724221748e-02,
          -2.9266765478472784e-03, 6.4988029647091924e-02,
          3.2185100332387612e-02, 2.4163279702029525e-01,
          -8.7780016572444441e-02, -6.6127185802547592e-03,
          3.6731256922824113e-01, 4.3668958096027354e-02,
          -1.0215268494124562e-02, -6.5736653587140552e-03,
          -1.0911540663741347e-01, 3.3639866373868031e-02,
          1.4034800328148542e-01, -1.4610556173480628e-02,
          1.2811529049197340e-01, 4.3668958096027354e-02,
          3.4702321826016613e-01, 3.4262288705538636e-02,
          1.5394683509442135e-02, -5.1123690797560628e-02,
          -7.8515361451317149e-03, -1.4680933199405641e-01,
          6.6733026630920900e-02, 2.0562542724221752e-02,
          -1.0215268494124565e-02, 3.4262288705538636e-02,
          2.5425161831387211e-01, 1.6110890656130688e-03,
          4.2745417862214995e-02, 4.6585738815180244e-02,
          1.1539821253874087e-02, 2.7123205056793599e-02,
          -2.9266765478472762e-03, -6.5736653587140552e-03,
          1.5394683509442130e-02, 1.6110890656130682e-03,
          2.2040020591769902e-01, 3.3381314308682505e-02,
          9.9406169947371384e-04, -3.8308970614173772e-02,
          6.4346389570345580e-02, 6.4988029647091924e-02,
          -1.0911540663741347e-01, -5.1123690797560628e-02,
          4.2745417862215009e-02, 3.3381314308682491e-02,
          3.2047246643069877e-01 ]
   - !!opencv-matrix
      rows: 9
      cols: 9
      dt: d
      data: [ 1.2509965875285861e-01, 1.4044273175200871e-02,
          -2.7918060447109126e-02, 4.8392656786431249e-03,
          3.2807928880254620e-03, 2.3035888230038881e-02,
          1.2056221794056207e-02, 2.0189810308875096e-03,
          -3.3825870517233112e-03, 1.4044273175200871e-02,
          8.7323393093778449e-03, -3.7500203144585284e-03,
          2.5975492351169049e-03, 1.5834690172850938e-03,
          7.7995311354835369e-03, 3.8440352425142287e-03,
          1.4745785239868507e-03, -1.3996068631724366e-03,
          -2.7918060447109126e-02, -3.7500203144585284e-03,
          1.4394862231838505e-02, -1.2300474184525033e-03,
          -1.1874722402618993e-03, -7.7836112895291170e-03,
          -3.9048166541631175e-03, -3.6942906409921677e-04,
          6.3627808249572119e-04, 4.8392656786431267e-03,
          2.5975492351169045e-03, -1.2300474184525033e-03,
          1.6769728642590759e-02, 6.1430607324510454e-04,
          4.1755605848598481e-03, 1.2287291859324682e-03,
          1.9342341267356744e-03, -1.8722008948090175e-03,
          3.2807928880254603e-03, 1.5834690172850938e-03,
          -1.1874722402618995e-03, 6.1430607324510454e-04,
          2.6641993695602835e-02, -2.4088922460576319e-03,
          5.2801397974535963e-04, -3.3965991451083426e-03,
