%YAML:1.0
---
groups:
   - intact
   - CD19
intactGmmnames:
   - "intact.564.0"
   - "intact.564.1"
   - "intact.564.2"
   - "intact.564.3"
   - "intact.564.4"
intactLabels:
   - FSC-A
   - SSC-A
   - SY41
   - CD19
   - CD10
   - CD20
   - CD45
   - CD34
   - CD38
intactMu: !!opencv-matrix
   rows: 5
   cols: 9
   dt: d
   data: [ 2.2829484020547408e+00, 1.4615076965801905e+00,
       3.5290753291924206e+00, 1.5041659745344973e+00,
       1.3533187976254539e+00, 1.1808954285436419e+00,
       2.9275673480252271e+00, 1.3678922484104503e+00,
       2.2583854568625896e+00, 1.3341090054940610e+00,
       3.7015400770092932e-01, 3.6414415756592322e+00,
       1.2092927002286371e+00, 1.1547556520823470e+00,
       8.3232399067933605e-01, 3.3795545190591239e+00,
       1.1149958222621874e+00, 1.9637233076974749e+00,
       2.5998096366147219e+00, 2.8864968829056723e+00,
       3.2593231006209376e+00, 1.7511392296851858e+00,
       2.1240652048268487e+00, 1.1356951141502827e+00,
       2.6320857397651074e+00, 1.1007281489677920e+00,
       1.9389187105317636e+00, 1.7787500399628722e+00,
       4.1510457943034473e-01, 3.5050937553789518e+00,
       1.1917474585357455e+00, 1.1759384170516831e+00,
       8.3794064422861392e-01, 1.3562629233901207e+00,
       9.6380728733630117e-01, 1.9305284254114661e+00,
       3.4425050165116127e+00, 3.2364574914342876e+00,
       3.4095884183524015e+00, 1.8223849342779364e+00,
       1.2858365307669453e+00, 1.3547406806220008e+00,
       2.7318244525966060e+00, 1.0476653265092302e+00,
       2.0114982122618579e+00 ]
intactSigma:
   - !!opencv-matrix
      rows: 9
      cols: 9
      dt: d
      data: [ 4.5208368676382199e-01, 3.0002256992967158e-01,
          -1.1327948789146684e-03, 6.7363421477192167e-02,
          2.2869734520387250e-02, 4.0566559517460125e-02,
          1.5960882091336486e-02, 6.1834512602618505e-02,
          4.7956035891344499e-02, 3.0002256992967158e-01,
          7.6078798347159271e-01, 2.0345376422618119e-02,
          1.8696479891273415e-01, 1.0480135519898526e-01,
          1.5005807822541423e-01, 2.8078643420304306e-03,
          -4.9050635008311382e-03, 3.4132085744017465e-02,
          -1.1327948789146673e-03, 2.0345376422618116e-02,
          1.1739984613626751e-01, -3.0107735420737674e-03,
          -1.8807716768414934e-02, -7.0554983865228548e-03,
          -8.2166235943807620e-02, 1.8673127259778065e-02,
          2.9760339436357537e-02, 6.7363421477192154e-02,
          1.8696479891273410e-01, -3.0107735420737674e-03,
          9.7465517437487326e-02, 3.2101434934093301e-02,
          6.4153241527968891e-02, -6.5208602674920943e-03,
          3.4513512627460854e-03, -1.5742052417727130e-02,
          2.2869734520387239e-02, 1.0480135519898526e-01,
          -1.8807716768414934e-02, 3.2101434934093301e-02,
          1.1526121974159276e-01, 4.2761506342731875e-02,
          4.7220023897402763e-02, 9.8362053634662595e-03,
          -1.4163153752414131e-02, 4.0566559517460125e-02,
          1.5005807822541423e-01, -7.0554983865228548e-03,
          6.4153241527968891e-02, 4.2761506342731875e-02,
          1.5906189245546196e-01, -7.6523078426322371e-03,
          9.5253353898457314e-03, -5.2887522165614097e-04,
          1.5960882091336486e-02, 2.8078643420304315e-03,
          -8.2166235943807620e-02, -6.5208602674920900e-03,
          4.7220023897402763e-02, -7.6523078426322371e-03,
          2.9263834542204237e-01, -1.9894158034872548e-02,
          -2.5425936853372789e-02, 6.1834512602618505e-02,
          -4.9050635008311364e-03, 1.8673127259778068e-02,
          3.4513512627460836e-03, 9.8362053634662560e-03,
          9.5253353898457314e-03, -1.9894158034872555e-02,
          2.9364910198553040e-01, 2.9814836725076250e-02,
          4.7956035891344499e-02, 3.4132085744017472e-02,
          2.9760339436357537e-02, -1.5742052417727130e-02,
          -1.4163153752414131e-02, -5.2887522165614021e-04,
          -2.5425936853372778e-02, 2.9814836725076250e-02,
          1.0461650649754028e-01 ]
   - !!opencv-matrix
      rows: 9
      cols: 9
      dt: d
      data: [ 1.4841259611078447e-01, 2.9062539110619498e-02,
          -6.3324753506249554e-02, 7.6712493689795646e-03,
          5.0677068529858841e-04, 2.5127554370462702e-02,
          1.7586546936595775e-02, 4.4661016237407224e-03,
          8.2456926012101307e-05, 2.9062539110619498e-02,
          2.5560764311994402e-02, -1.2591688657239515e-02,
          8.1658351785562026e-03, 2.2081571249100247e-03,
          1.3089153517051083e-02, 7.6435130027846824e-03,
          4.6257822834278369e-03, 2.8336012906476145e-04,
          -6.3324753506249554e-02, -1.2591688657239515e-02,
          5.0354364463226504e-02, -2.4732234542953224e-03,
          4.4996250896841026e-04, -1.3656434492146655e-02,
          -8.9031132113892419e-03, -5.9864160037804276e-04,
          -4.0352339612808290e-04, 7.6712493689795637e-03,
          8.1658351785562026e-03, -2.4732234542953228e-03,
          1.7569953808469631e-02, 1.0091431641453541e-03,
          4.8520742350356937e-03, 2.7825690111024062e-03,
          3.5335867111475892e-03, -4.9094541435712588e-04,
          5.0677068529858830e-04, 2.2081571249100247e-03,
          4.4996250896840999e-04, 1.0091431641453543e-03,
          5.6075332031550462e-03, -5.0008825994825334e-04,
          3.7355068345303343e-04, -7.7681307902833260e-04,
          -4.5147160074286332e-05, 2.5127554370462706e-02,
          1.3089153517051083e-02, -1.3656434492146655e-02,
          4.8520742350356937e-03, -5.0008825994825334e-04,
          4.4932912011538408e-02, 6.3818863221998439e-03,
          2.5770125632133432e-03, -1.0638212548006758e-04,
          1.7586546936595775e-02, 7.6435130027846824e-03,
          -8.9031132113892419e-03, 2.7825690111024062e-03,
          3.7355068345303370e-04, 6.3818863221998439e-03,
          1.3700911644226658e-02, 2.1099844709406286e-03,
          1.8697170192186264e-04, 4.4661016237407206e-03,
          4.6257822834278369e-03, -5.9864160037804233e-04,
          3.5335867111475888e-03, -7.7681307902833260e-04,
          2.5770125632133432e-03, 2.1099844709406282e-03,
          1.6020703037764300e-01, 2.3581182916414104e-04,
          8.2456926012101280e-05, 2.8336012906476145e-04,
          -4.0352339612808290e-04, -4.9094541435712588e-04,
          -4.5147160074286312e-05, -1.0638212548006761e-04,
          1.8697170192186264e-04, 2.3581182916414104e-04,
          1.0944687221118962e-03 ]
   - !!opencv-matrix
      rows: 9
      cols: 9
      dt: d
      data: [ 6.2726440003707740e-01, 5.2752039525066674e-01,
          9.0526809651817405e-03, 9.8179224700095505e-02,
          1.4705193635855673e-01, 4.3641548523277417e-02,
          2.5749808532192270e-01, -1.6598467307544877e-03,
          2.3431390770603752e-03, 5.2752039525066674e-01,
          1.1412660239179833e+00, 7.3492814968051809e-02,
          2.1557970983269809e-01, 3.3348739862134430e-01,
          6.5833813179678083e-02, 4.2105126855236602e-01,
          -7.1670179684059062e-04, -4.6502160489372939e-03,
          9.0526809651817405e-03, 7.3492814968051809e-02,
          1.2911993630989224e-01, 1.4589841302842479e-02,
          2.9562069899179991e-02, -5.3027816641771442e-03,
          3.1179391805204983e-02, -2.8601365876293832e-03,
          1.9110888199943657e-04, 9.8179224700095505e-02,
          2.1557970983269809e-01, 1.4589841302842479e-02,
          5.5146472783290407e-02, 6.3759973198669453e-02,
          1.4992968985207867e-02, 7.8750965795850322e-02,
          5.5305377939100344e-03, -1.7464493037319746e-03,
          1.4705193635855673e-01, 3.3348739862134430e-01,
          2.9562069899179991e-02, 6.3759973198669467e-02,
          3.8440489846531350e-01, 1.9708206364452033e-02,
          2.8977888670496593e-01, 1.0970485011176638e-02,
