%YAML:1.0
---
groups:
   - intact
   - CD19
   - blast
intactGmmnames:
   - "intact.568.0"
   - "intact.568.1"
   - "intact.568.2"
   - "intact.568.3"
   - "intact.568.4"
intactLabels:
   - FSC-A
   - SSC-A
   - SY41
   - CD19
   - CD10
   - CD20
   - CD45
   - CD34
   - CD38
intactMu: !!opencv-matrix
   rows: 5
   cols: 9
   dt: d
   data: [ 1.3397921495038665e+00, 5.0794197747926628e-01,
       2.5876688388916147e+00, 1.3577865173409045e+00,
       1.6421892198721655e+00, 1.2790393570834937e+00,
       1.6477735086796659e+00, 1.0947747276851267e+00,
       1.5432259744632226e+00, 2.0596326110890795e+00,
       1.4436108852871368e+00, 3.1607516350092602e+00,
       1.9322799587928394e+00, 2.9154735883909577e+00,
       1.9823517510379010e+00, 3.2155517543728709e+00,
       1.5072993155071017e+00, 1.6362816647948100e+00,
       1.4912990412112646e+00, 4.6075710906350537e-01,
       3.1279217142893048e+00, 1.2150840864877888e+00,
       9.2215087816158781e-01, 9.6361483714459217e-01,
       3.5047631747116528e+00, 1.1663998214197164e+00,
       1.6537702330882820e+00, 2.4753051548703260e+00,
       3.7373742590192163e+00, 2.8635262701878670e+00,
       1.9817955258275926e+00, 2.3734927880259042e+00,
       1.3342654238474920e+00, 3.1745797279615982e+00,
       1.1745412957525549e+00, 1.6966243192168999e+00,
       1.5355481034799827e+00, 7.1840262176062453e-01,
       3.0022635247441096e+00, 1.3363089120406295e+00,
       1.0537337474510191e+00, 1.0993003234741898e+00,
       3.5162642857707112e+00, 1.2778525573312205e+00,
       2.4175157485604943e+00 ]
intactSigma:
   - !!opencv-matrix
      rows: 9
      cols: 9
      dt: d
      data: [ 2.4529832366665544e-01, 3.2421900511437687e-02,
          -7.5986493105648020e-02, 2.6085234562238508e-02,
          3.5120609962028995e-02, 2.1108745431097455e-02,
          4.0602841849311844e-02, 5.9948684517127961e-03,
          -5.6434787904745091e-03, 3.2421900511437687e-02,
          1.0939184592200907e-01, 2.9405801567240708e-02,
          2.8672504685925311e-02, -1.9751221482756792e-03,
          2.9745518429244205e-02, -6.9220946353814481e-03,
          2.6276687069681587e-02, 7.1261174501025728e-03,
          -7.5986493105648020e-02, 2.9405801567240715e-02,
          2.4662545177380346e-01, -4.6514343016199724e-03,
          -3.6768889637933809e-02, 6.5781133926475039e-03,
          -5.6709395240173092e-02, -4.5039409539243359e-03,
          1.3581276922784465e-02, 2.6085234562238508e-02,
          2.8672504685925311e-02, -4.6514343016199724e-03,
          7.4873476252820911e-02, 8.9040363890967145e-02,
          4.7346140464932275e-02, 3.8465477248452555e-02,
          9.7341185578686800e-03, 1.1714303250612297e-02,
          3.5120609962028995e-02, -1.9751221482756758e-03,
          -3.6768889637933809e-02, 8.9040363890967131e-02,
          5.2338660765343059e-01, 1.5751196692364205e-01,
          7.5757571558008344e-02, 2.1351079636770333e-02,
          -9.8598310458503395e-04, 2.1108745431097455e-02,
          2.9745518429244205e-02, 6.5781133926475005e-03,
          4.7346140464932282e-02, 1.5751196692364208e-01,
          1.6485646922453165e-01, 3.9930290550886344e-02,
          1.4429357253303668e-02, -2.1541039753637426e-03,
          4.0602841849311844e-02, -6.9220946353814490e-03,
          -5.6709395240173079e-02, 3.8465477248452562e-02,
          7.5757571558008358e-02, 3.9930290550886337e-02,
          2.6576397798259477e-01, 1.3537434587987722e-02,
          1.3615293617230831e-02, 5.9948684517127926e-03,
          2.6276687069681573e-02, -4.5039409539243342e-03,
          9.7341185578686783e-03, 2.1351079636770329e-02,
          1.4429357253303672e-02, 1.3537434587987724e-02,
          8.4509774174651137e-02, 8.6967820650428532e-03,
          -5.6434787904745091e-03, 7.1261174501025728e-03,
          1.3581276922784468e-02, 1.1714303250612297e-02,
          -9.8598310458503395e-04, -2.1541039753637426e-03,
          1.3615293617230831e-02, 8.6967820650428532e-03,
          7.7982535276822362e-02 ]
   - !!opencv-matrix
      rows: 9
      cols: 9
      dt: d
      data: [ 5.2524252472471333e-01, 4.2532370873675401e-01,
          -4.6247143535315172e-02, 1.3719219521516329e-01,
          -1.1620492152108114e-02, -2.3091293744500908e-02,
          6.5774333522169895e-02, 7.7664224772552234e-02,
          4.2687358121390080e-02, 4.2532370873675401e-01,
          7.2443068414725520e-01, -5.2437555990771913e-02,
          2.0477320997474124e-01, 1.4643697325373800e-02,
          -5.9684196058245589e-03, 6.5229734596999406e-02,
          1.1836082577117246e-01, 4.8458482747946403e-02,
          -4.6247143535315158e-02, -5.2437555990771913e-02,
          1.7406395947540018e-01, 1.1693505927986198e-02,
          8.2936828394662414e-03, 4.3175124083523135e-02,
          -5.1822906039646809e-02, -2.2384385951462110e-02,
          -3.2841720474864160e-03, 1.3719219521516329e-01,
          2.0477320997474124e-01, 1.1693505927986193e-02,
          1.9804961491797601e-01, 9.9176879289356201e-02,
          1.1037937131298654e-01, 2.5568690787894994e-02,
          4.9133324504114624e-02, 2.9315935004361783e-02,
          -1.1620492152108109e-02, 1.4643697325373789e-02,
          8.2936828394662414e-03, 9.9176879289356201e-02,
          3.0672597863578516e-01, 1.4794953713000958e-01,
          3.3434885508241877e-02, 3.0126948456817609e-02,
          6.7526502695552564e-03, -2.3091293744500915e-02,
          -5.9684196058245606e-03, 4.3175124083523128e-02,
          1.1037937131298654e-01, 1.4794953713000958e-01,
          3.1420601414767918e-01, -1.5940096175918857e-02,
          3.3848555287109262e-02, 1.4788400571486083e-02,
          6.5774333522169895e-02, 6.5229734596999420e-02,
          -5.1822906039646809e-02, 2.5568690787894987e-02,
          3.3434885508241877e-02, -1.5940096175918857e-02,
          2.3347573183232365e-01, 4.4791659622152320e-02,
          2.4343821677531140e-02, 7.7664224772552248e-02,
          1.1836082577117246e-01, -2.2384385951462117e-02,
          4.9133324504114617e-02, 3.0126948456817619e-02,
          3.3848555287109262e-02, 4.4791659622152320e-02,
          2.6686263781028713e-01, 1.8643753116649661e-02,
          4.2687358121390087e-02, 4.8458482747946403e-02,
          -3.2841720474864155e-03, 2.9315935004361776e-02,
          6.7526502695552547e-03, 1.4788400571486083e-02,
          2.4343821677531147e-02, 1.8643753116649668e-02,
          4.7569557193358869e-02 ]
   - !!opencv-matrix
      rows: 9
      cols: 9
      dt: d
      data: [ 6.9264157695760553e-02, 8.7894720467271738e-03,
          -2.6927482985337824e-02, 3.2719180623485998e-03,
          6.9774209819382178e-04, 1.1224927634866684e-02,
          5.1970001116026128e-03, 1.6339864901871823e-03,
          1.6211788036103452e-03, 8.7894720467271738e-03,
          4.5308408447249079e-02, -4.1907572569596180e-02,
          2.0300729280953285e-02, 1.3975369053514935e-02,
          3.3122084239809738e-02, 2.6332239264291450e-02,
          1.2382873504763980e-02, 6.0915753099210915e-03,
          -2.6927482985337828e-02, -4.1907572569596180e-02,
          1.3134603848315479e-01, -2.0132443817330994e-02,
          -1.4423099462198229e-02, -4.6172566481343512e-02,
          -3.3164618195987663e-02, -1.5191473989722797e-02,
          -8.2850582298791189e-03, 3.2719180623485998e-03,
          2.0300729280953281e-02, -2.0132443817330998e-02,
          3.5998719564534112e-02, 1.1615907005287859e-02,
          1.8302104245448710e-02, 1.2874407335644603e-02,
          7.7066499153837431e-03, -4.9157074855839332e-04,
          6.9774209819382200e-04, 1.3975369053514935e-02,
          -1.4423099462198229e-02, 1.1615907005287860e-02,
          6.3289448297495915e-02, 1.3923219514354532e-02,
          8.0064666264353188e-03, -4.8404551192131134e-04,
