%YAML:1.0
---
groups:
   - intact
   - CD19
   - blast
intactGmmnames:
   - "intact.569.0"
   - "intact.569.1"
   - "intact.569.2"
   - "intact.569.3"
   - "intact.569.4"
intactLabels:
   - FSC-A
   - SSC-A
   - SY41
   - CD19
   - CD10
   - CD20
   - CD45
   - CD34
   - CD38
intactMu: !!opencv-matrix
   rows: 5
   cols: 9
   dt: d
   data: [ 1.2840090350731805e+00, 3.5123254278327265e-01,
       3.3330626649830921e+00, 1.1459147763146045e+00,
       8.3628189678305032e-01, 8.2103455625799593e-01,
       3.3656342195737787e+00, 1.1052022959957364e+00,
       1.7028527642544240e+00, 2.5440962533518365e+00,
       3.5106998413898802e+00, 3.6143569063948782e+00,
       1.7938816552771548e+00, 1.9848513714696472e+00,
       9.4772665054628225e-01, 2.5510096178711730e+00,
       1.0535781227465653e+00, 1.6601916446797529e+00,
       9.4229282648590407e-01, 2.7233461455442765e-01,
       3.6301468448416920e+00, 1.1247860750291037e+00,
       8.0675519337787494e-01, 6.7731907599082963e-01,
       3.3175456579705189e+00, 1.0962771599445424e+00,
       1.7627939645100894e+00, 1.4457626786239852e+00,
       8.0974577372050915e-01, 3.4102758558037256e+00,
       1.2743264991847953e+00, 1.4594109505115029e+00,
       9.9334758792789501e-01, 2.3000638778136984e+00,
       1.2146531270392436e+00, 1.9489177982373844e+00,
       1.5705667198867936e+00, 6.6841945296683514e-01,
       3.0893494609381253e+00, 1.2398559622290297e+00,
       8.4574127076907146e-01, 8.6462598636359467e-01,
       3.4861339343776696e+00, 1.1739053558299746e+00,
       2.1601995623054253e+00 ]
intactSigma:
   - !!opencv-matrix
      rows: 9
      cols: 9
      dt: d
      data: [ 5.9748738019215548e-02, 5.9661382988332881e-03,
          -2.7869234036277729e-03, 1.9347702747492803e-03,
          1.6272157497953616e-03, 5.3751263929461661e-03,
          6.9411495702397926e-03, 1.3278736425951904e-03,
          -3.0696651221727793e-03, 5.9661382988332881e-03,
          9.0705306468099739e-03, -9.9484810231119554e-04,
          2.5373096186279242e-03, 1.7916313193008255e-03,
          5.4246827995296605e-03, 4.1134424666800316e-03,
          1.4882295013145701e-03, -1.2490081846186435e-03,
          -2.7869234036277742e-03, -9.9484810231119532e-04,
          2.2529016118528516e-02, -1.2311956925041529e-04,
          -8.0443390243990526e-04, -4.2510059788585077e-03,
          -1.8423540469531031e-03, 5.4999053115236253e-04,
          -8.9737715697978907e-04, 1.9347702747492810e-03,
          2.5373096186279234e-03, -1.2311956925041524e-04,
          1.3599410363423655e-02, 6.1090210529142551e-04,
          1.9367482138017099e-03, 1.2325204332041201e-03,
          1.5925630576851019e-03, -1.7307948640943207e-03,
          1.6272157497953610e-03, 1.7916313193008255e-03,
          -8.0443390243990494e-04, 6.1090210529142583e-04,
          2.7901837076580057e-02, -1.8618975197851669e-03,
          8.3000090573369454e-04, -2.8403061182947983e-03,
          -9.7849871746850232e-04, 5.3751263929461661e-03,
          5.4246827995296605e-03, -4.2510059788585077e-03,
          1.9367482138017099e-03, -1.8618975197851665e-03,
          3.6185499605935575e-02, 2.9597867843198498e-03,
          1.1333722655004908e-03, -2.0516668530823762e-03,
          6.9411495702397952e-03, 4.1134424666800324e-03,
          -1.8423540469531029e-03, 1.2325204332041205e-03,
          8.3000090573369476e-04, 2.9597867843198498e-03,
          9.4980150584996689e-03, 1.0463069552864861e-03,
          -1.2668463521632782e-03, 1.3278736425951908e-03,
          1.4882295013145701e-03, 5.4999053115236264e-04,
          1.5925630576851025e-03, -2.8403061182947983e-03,
          1.1333722655004913e-03, 1.0463069552864859e-03,
          1.2838351650134450e-01, -5.7120916280069825e-06,
          -3.0696651221727793e-03, -1.2490081846186435e-03,
          -8.9737715697978929e-04, -1.7307948640943203e-03,
          -9.7849871746850275e-04, -2.0516668530823766e-03,
          -1.2668463521632784e-03, -5.7120916280072629e-06,
          1.2040528217699640e-02 ]
   - !!opencv-matrix
      rows: 9
      cols: 9
      dt: d
      data: [ 1.5225814812091454e-01, 7.2890804414900465e-02,
          -2.3990562260310486e-03, 1.3850805449182983e-02,
          -3.3953815550129086e-02, 1.7416047648831135e-02,
          -9.5147147213686216e-03, -1.1509804809397882e-03,
          1.2544834983675571e-03, 7.2890804414900465e-02,
          2.7521085452613481e-01, -1.4487103762822076e-02,
          4.5757824914455320e-02, 2.0691398968354677e-02,
          3.5717591722907574e-02, 9.0585542976350363e-03,
          7.1802260068198889e-03, 5.4767901029859293e-03,
          -2.3990562260310486e-03, -1.4487103762822076e-02,
          4.5443095918223826e-02, -2.2044645976145101e-03,
          -1.2537788697853589e-03, -1.7680356737255761e-02,
          -4.7438370248254836e-03, 7.2949111932584331e-05,
          -3.2853256497341944e-03, 1.3850805449182983e-02,
          4.5757824914455333e-02, -2.2044645976145101e-03,
          1.9075535460218264e-02, 3.7709859473780871e-03,
          6.1084920886786201e-03, 1.5039217746205533e-03,
          9.8278120743288365e-04, -2.0369941915184737e-03,
          -3.3953815550129093e-02, 2.0691398968354670e-02,
          -1.2537788697853582e-03, 3.7709859473780876e-03,
          1.5846377323007879e-01, -5.1595980220414178e-03,
          3.5700244415728909e-02, 4.7615982043862264e-03,
          -5.2606369012444688e-03, 1.7416047648831135e-02,
          3.5717591722907567e-02, -1.7680356737255761e-02,
          6.1084920886786201e-03, -5.1595980220414169e-03,
          5.2184256925260381e-02, 3.2181852937460749e-03,
          5.6354835876709522e-04, 2.9500715297484728e-03,
          -9.5147147213686216e-03, 9.0585542976350346e-03,
          -4.7438370248254836e-03, 1.5039217746205538e-03,
          3.5700244415728909e-02, 3.2181852937460758e-03,
          3.6520025285975477e-02, 1.1857446975666968e-03,
          -8.5610383306625496e-05, -1.1509804809397869e-03,
          7.1802260068198872e-03, 7.2949111932584304e-05,
          9.8278120743288387e-04, 4.7615982043862264e-03,
          5.6354835876709555e-04, 1.1857446975666957e-03,
          5.9476428703168820e-02, 2.1645884138025428e-04,
          1.2544834983675573e-03, 5.4767901029859310e-03,
          -3.2853256497341944e-03, -2.0369941915184737e-03,
          -5.2606369012444679e-03, 2.9500715297484728e-03,
          -8.5610383306625442e-05, 2.1645884138025414e-04,
          1.3567358293456218e-02 ]
   - !!opencv-matrix
      rows: 9
      cols: 9
      dt: d
      data: [ 5.1740192093319551e-02, 2.3430390861246151e-03,
          -3.2304013058694986e-02, 1.5642020424494284e-04,
          1.1790011194212910e-03, 1.6773090078525572e-02,
          7.3679016355453208e-03, -4.3091176181976485e-04,
          9.3278532374419295e-03, 2.3430390861246147e-03,
          4.4548463475690232e-03, -1.2772262902801760e-03,
          1.3228241951745770e-03, 8.5808795884041516e-04,
          3.1590749169553077e-03, 1.4607340259459960e-03,
          8.8135619190410743e-04, -1.6835554378514034e-04,
          -3.2304013058694986e-02, -1.2772262902801762e-03,
          3.0647828347300708e-02, -1.3696297328356864e-04,
          -1.1159858346563793e-03, -1.4938277823626538e-02,
          -5.7712855094891593e-03, 7.9268780469468234e-04,
          -8.0509859252606061e-03, 1.5642020424494284e-04,
          1.3228241951745766e-03, -1.3696297328356886e-04,
          1.1955326695998863e-02, 5.2905532231440071e-04,
          9.2751341884176458e-04, 2.9174810059890907e-04,
          1.1709628979236694e-03, -1.2699761577285504e-03,
          1.1790011194212913e-03, 8.5808795884041483e-04,
          -1.1159858346563788e-03, 5.2905532231440071e-04,
          2.3747433801046096e-02, -1.9341109923867905e-03,
