%YAML:1.0
---
groups:
   - intact
   - CD19
intactGmmnames:
   - "intact.570.0"
   - "intact.570.1"
   - "intact.570.2"
   - "intact.570.3"
   - "intact.570.4"
intactLabels:
   - FSC-A
   - SSC-A
   - SY41
   - CD19
   - CD10
   - CD20
   - CD45
   - CD34
   - CD38
intactMu: !!opencv-matrix
   rows: 5
   cols: 9
   dt: d
   data: [ 2.1716851832455690e+00, 1.5009124232544540e+00,
       3.4820883867144272e+00, 1.4369872558327776e+00,
       9.9571270945176071e-01, 1.1313481693214100e+00,
       3.5908754294767031e+00, 2.0003327677784446e+00,
       2.7661449135429064e+00, 1.0806350735888601e+00,
       3.9530088791780066e-01, 3.2784823635178477e+00,
       1.1172644261323044e+00, 8.8360396866233670e-01,
       8.2504899795338893e-01, 1.2915731348046409e+00,
       1.3994565108471211e+00, 1.6293377420680522e+00,
       1.5098201408824672e+00, 4.8697761414829693e-01,
       3.3727283923991860e+00, 1.2149081664871615e+00,
       7.9265749397510765e-01, 9.1402123967881854e-01,
       3.8601760375777268e+00, 1.5137453963146881e+00,
       1.9543438558156061e+00, 1.4467760543937629e+00,
       6.9147343240788994e-01, 3.4905999706700679e+00,
       1.2007181686265953e+00, 1.1986946877912266e+00,
       9.3177419716940635e-01, 1.9917853903150438e+00,
       1.4335157844032982e+00, 1.7445043786895700e+00,
       3.1801551872363540e+00, 2.8176426319954011e+00,
       3.4534544002894250e+00, 1.6303603297433689e+00,
       1.4197691094530074e+00, 1.3364980477456905e+00,
       3.1361722657235558e+00, 1.5040960622891375e+00,
       2.2621030606255510e+00 ]
intactSigma:
   - !!opencv-matrix
      rows: 9
      cols: 9
      dt: d
      data: [ 5.5079516291768049e-01, 3.6817441733081907e-01,
          9.4192197958816629e-02, 5.9963014952538786e-02,
          2.3638176598284783e-02, 3.9215877230676169e-02,
          -2.6987522183660417e-02, 1.8330835830556397e-01,
          1.3729497786134676e-01, 3.6817441733081907e-01,
          7.0465650949647174e-01, 3.2941492318171138e-02,
          1.2972375254405394e-01, 9.4383893095175461e-02,
          9.8138223356465493e-02, -9.5562127764807756e-02,
          1.3441713609270067e-01, 1.4456298718368060e-01,
          9.4192197958816629e-02, 3.2941492318171138e-02,
          1.3223038868388512e-01, 5.3129755805519556e-03,
          -6.8730826176442291e-03, -2.3662486932035761e-02,
          -2.9262903598455209e-02, 6.2189788858604413e-02,
          -1.1144879579327150e-02, 5.9963014952538807e-02,
          1.2972375254405388e-01, 5.3129755805519530e-03,
          9.3209873357206277e-02, 2.9989558517892697e-02,
          7.8920600046606559e-02, -1.6486964168156665e-02,
          -5.5447671725777983e-03, -3.2733048663790190e-02,
          2.3638176598284780e-02, 9.4383893095175461e-02,
          -6.8730826176442291e-03, 2.9989558517892697e-02,
          2.1935634108644994e-01, 4.8478117656407714e-02,
          -3.3124492092967819e-02, -4.3631871726089282e-02,
          -6.9130193550474339e-02, 3.9215877230676162e-02,
          9.8138223356465479e-02, -2.3662486932035751e-02,
          7.8920600046606559e-02, 4.8478117656407714e-02,
          2.4087491879750333e-01, -1.5142452711446978e-02,
          -1.7891012647550393e-02, -8.6955765616372069e-02,
          -2.6987522183660417e-02, -9.5562127764807742e-02,
          -2.9262903598455202e-02, -1.6486964168156665e-02,
          -3.3124492092967819e-02, -1.5142452711446975e-02,
          2.4596094002036140e-01, -1.0380178723804888e-01,
          3.5687088187083085e-03, 1.8330835830556397e-01,
          1.3441713609270067e-01, 6.2189788858604413e-02,
          -5.5447671725777975e-03, -4.3631871726089282e-02,
          -1.7891012647550393e-02, -1.0380178723804888e-01,
          4.2513735215799103e-01, 1.5454861678540802e-01,
          1.3729497786134676e-01, 1.4456298718368060e-01,
          -1.1144879579327150e-02, -3.2733048663790190e-02,
          -6.9130193550474353e-02, -8.6955765616372069e-02,
          3.5687088187083150e-03, 1.5454861678540802e-01,
          5.6076491165583220e-01 ]
   - !!opencv-matrix
      rows: 9
      cols: 9
      dt: d
      data: [ 8.3116022845258916e-02, 4.8279613985203066e-03,
          -5.2920528031505244e-02, 2.7796043782720152e-04,
          -2.8711590291020076e-03, 1.1301115177981064e-02,
          -1.1418170936082311e-02, -4.8815066771220754e-04,
          -9.3618041177740070e-04, 4.8279613985203066e-03,
          2.0170463219606440e-02, -3.7545870924972891e-03,
          5.0711200512358959e-03, 7.3158608345946612e-03,
          1.0002182981803276e-02, 2.0351706715371079e-02,
          3.2416854682878950e-04, 1.0544043808565012e-03,
          -5.2920528031505244e-02, -3.7545870924972904e-03,
          1.0117812446919670e-01, -9.2498321202574393e-05,
          1.2496530977573522e-03, -2.0536087931446310e-02,
          1.6387676117706678e-02, 3.3448534872706961e-04,
          1.2360034323517784e-03, 2.7796043782720174e-04,
          5.0711200512358959e-03, -9.2498321202574515e-05,
          7.6209776946173976e-03, 2.1889202332909716e-03,
          2.8629078154849600e-03, 4.9571006813563705e-03,
          1.1577803770923541e-04, -3.4427378197376035e-04,
          -2.8711590291020080e-03, 7.3158608345946612e-03,
          1.2496530977573527e-03, 2.1889202332909716e-03,
          4.6199460371784767e-02, -7.2022477088104411e-04,
          1.2453886061424176e-02, 1.6231709237600542e-05,
          1.2605778624486857e-03, 1.1301115177981064e-02,
          1.0002182981803276e-02, -2.0536087931446310e-02,
          2.8629078154849600e-03, -7.2022477088104443e-04,
          4.5227231980782982e-02, 8.1289384704424181e-03,
          8.2464531892731779e-05, 3.6924776206735481e-04,
          -1.1418170936082312e-02, 2.0351706715371079e-02,
          1.6387676117706675e-02, 4.9571006813563705e-03,
          1.2453886061424170e-02, 8.1289384704424216e-03,
          1.8276093648643110e-01, -1.0766003086732899e-04,
          4.3352724574828635e-03, -4.8815066771220749e-04,
          3.2416854682878934e-04, 3.3448534872706950e-04,
          1.1577803770923533e-04, 1.6231709237600562e-05,
          8.2464531892731738e-05, -1.0766003086732903e-04,
          1.7042290092817915e-03, 3.9700121542696137e-05,
          -9.3618041177740070e-04, 1.0544043808565010e-03,
          1.2360034323517781e-03, -3.4427378197376040e-04,
          1.2605778624486857e-03, 3.6924776206735492e-04,
          4.3352724574828643e-03, 3.9700121542696185e-05,
          1.3201664086262667e-03 ]
   - !!opencv-matrix
      rows: 9
      cols: 9
      dt: d
      data: [ 9.2911242706811045e-02, 1.8011654363320723e-02,
          -2.0361770749108832e-02, 5.0154282657183785e-03,
          2.0437546535146630e-03, 1.1808394113041154e-02,
          9.9028223160160331e-03, 2.4076905209835138e-03,
          -3.6387360773716794e-03, 1.8011654363320723e-02,
          3.9785433863520223e-02, -1.2674584703561793e-02,
          1.1372637365625845e-02, 6.5796413706466538e-03,
          1.5271397746829871e-02, 1.4049880084555584e-02,
          4.1593311088113823e-03, 1.6653104256118051e-03,
          -2.0361770749108828e-02, -1.2674584703561788e-02,
          2.9617937115561401e-02, -4.0033722165910947e-03,
          -3.1745240586068270e-04, -5.7925741356379358e-03,
          -8.5982600655884756e-03, -1.8164594179324090e-03,
          -1.3249271439175971e-03, 5.0154282657183793e-03,
          1.1372637365625842e-02, -4.0033722165910947e-03,
          2.9154495478623248e-02, 2.0860126323269191e-03,
          5.5243157168876726e-03, 4.4547119855448585e-03,
          2.2000662009011196e-03, -2.0934762957405444e-03,
          2.0437546535146639e-03, 6.5796413706466538e-03,
          -3.1745240586068287e-04, 2.0860126323269191e-03,
          4.4263808001937063e-02, -1.2261177970739393e-04,
          7.8671742064880771e-04, -2.3679111080160222e-03,
