%YAML:1.0
---
groups:
   - intact
   - CD19
   - blast
intactGmmnames:
   - "intact.578.0"
   - "intact.578.1"
   - "intact.578.2"
   - "intact.578.3"
   - "intact.578.4"
intactLabels:
   - FSC-A
   - SSC-A
   - SY41
   - CD19
   - CD10
   - CD20
   - CD45
   - CD34
   - CD38
intactMu: !!opencv-matrix
   rows: 5
   cols: 9
   dt: d
   data: [ 3.3442102476492854e+00, 3.6791487052418175e+00,
       2.9738622930357379e+00, 1.5904330029015818e+00,
       1.8167858643665489e+00, 1.1138136476346023e+00,
       2.6836800772813478e+00, 1.1044840989217484e+00,
       1.5126685629978291e+00, 1.2273974940635617e+00,
       4.8596742669264043e-01, 3.4493320070935773e+00,
       1.0759883412133109e+00, 9.1751442553737061e-01,
       7.9314960156409298e-01, 1.1752082604896108e+00,
       1.0397938985908752e+00, 1.3825920749014342e+00,
       2.3355953437163133e+00, 1.4917891351617358e+00,
       3.3723631371047667e+00, 1.2537243733895702e+00,
       1.1638697137978815e+00, 1.1171177828074330e+00,
       2.6283730373025604e+00, 1.3878154498358362e+00,
       2.2855802827119573e+00, 1.4320520669387855e+00,
       4.0090597753062873e-01, 3.2064912485878221e+00,
       1.0612510660947170e+00, 8.5879561462144738e-01,
       8.7963630243651869e-01, 3.4082611310719164e+00,
       1.0560308682072543e+00, 1.5184897002576065e+00,
       1.9075839425683192e+00, 1.1666692253339250e+00,
       2.1649147607634411e+00, 1.1822855798739693e+00,
       1.0565649210904937e+00, 1.0122968470369351e+00,
       1.9335612833646958e+00, 1.5674127255295001e+00,
       1.5675535138290257e+00 ]
intactSigma:
   - !!opencv-matrix
      rows: 9
      cols: 9
      dt: d
      data: [ 2.3498521967293007e-01, 7.2755637916331016e-03,
          7.8310816742361775e-03, 5.9962467595637003e-03,
          -1.5627255464745049e-01, 1.6217004973155185e-02,
          -2.3369249118298522e-02, 7.9699432800503902e-04,
          2.2913294853308768e-02, 7.2755637916331016e-03,
          3.1799386780270500e-01, -4.1961063049406527e-02,
          4.4613186847179617e-02, 1.2930797980424943e-01,
          1.9490552743212482e-02, 2.5008866824961680e-02,
          6.4448390876127625e-03, -1.2147664291067239e-02,
          7.8310816742361827e-03, -4.1961063049406527e-02,
          1.7222011831199022e-01, -7.2131772173289893e-03,
          -1.4618350088568944e-02, -2.0278589633206320e-02,
          -1.2769176405827922e-02, -1.6899878789271281e-04,
          9.4281901474514457e-04, 5.9962467595637003e-03,
          4.4613186847179610e-02, -7.2131772173289902e-03,
          1.8226621184641301e-02, 9.7179280779729153e-03,
          4.0753530710626084e-03, 3.3489925372472188e-03,
          3.0786107511263680e-04, -3.6086002854195413e-03,
          -1.5627255464745049e-01, 1.2930797980424941e-01,
          -1.4618350088568951e-02, 9.7179280779729153e-03,
          4.1795556309925430e-01, -1.2037875029421595e-02,
          3.6169771711790200e-02, 4.5787640377970935e-03,
          -4.8863850634387480e-02, 1.6217004973155185e-02,
          1.9490552743212482e-02, -2.0278589633206320e-02,
          4.0753530710626075e-03, -1.2037875029421592e-02,
          2.8126858983173388e-02, 1.4844058494030839e-03,
          7.7179027724128826e-04, 4.5818487864179927e-03,
          -2.3369249118298522e-02, 2.5008866824961680e-02,
          -1.2769176405827922e-02, 3.3489925372472188e-03,
          3.6169771711790200e-02, 1.4844058494030839e-03,
          2.5536505140508488e-02, -1.1152957147334145e-03,
          -2.6912313225018825e-03, 7.9699432800503826e-04,
          6.4448390876127616e-03, -1.6899878789271330e-04,
          3.0786107511263696e-04, 4.5787640377970900e-03,
          7.7179027724128826e-04, -1.1152957147334138e-03,
          6.2246593709896818e-02, 7.4333479969871362e-04,
          2.2913294853308765e-02, -1.2147664291067239e-02,
          9.4281901474514414e-04, -3.6086002854195413e-03,
          -4.8863850634387480e-02, 4.5818487864179927e-03,
          -2.6912313225018816e-03, 7.4333479969871427e-04,
          3.2925250467885192e-02 ]
   - !!opencv-matrix
      rows: 9
      cols: 9
      dt: d
      data: [ 1.9887384390437787e-01, 6.3317053025946146e-02,
          -1.6266814505855667e-02, 1.0593813077544780e-02,
          1.8609342636848464e-02, 3.4179806785098826e-02,
          5.8883152109736249e-02, 2.7931180847629929e-03,
          1.3532915877264599e-02, 6.3317053025946146e-02,
          4.6476765358591354e-02, 1.3184969703788565e-02,
          7.9563709589299536e-03, 1.2455248734601077e-02,
          1.5997870823967652e-02, 4.0812386657581960e-02,
          2.9187427860604617e-03, 1.0130287518891749e-02,
          -1.6266814505855664e-02, 1.3184969703788562e-02,
          2.4368012072707795e-01, 3.8870188031531801e-03,
          -1.2808538352086457e-03, -5.2713126200674532e-02,
          1.4382692550811307e-02, 3.4670689406254077e-03,
          7.4741697634191015e-03, 1.0593813077544780e-02,
          7.9563709589299519e-03, 3.8870188031531801e-03,
          5.6646780238433954e-03, 2.5467781937377988e-03,
          2.6264965397173367e-03, 6.5154261040117458e-03,
          1.9358574100290034e-04, 7.4530248811788930e-04,
          1.8609342636848464e-02, 1.2455248734601077e-02,
          -1.2808538352086462e-03, 2.5467781937377988e-03,
          3.7482571132276564e-02, 4.8803923764733845e-03,
          1.1940062007854354e-02, 2.9618471940129131e-04,
          3.2079366008089779e-03, 3.4179806785098826e-02,
          1.5997870823967652e-02, -5.2713126200674532e-02,
          2.6264965397173367e-03, 4.8803923764733836e-03,
          4.5092892747495880e-02, 1.6932241679135106e-02,
          2.2527592216510316e-04, 2.4169076387774539e-03,
          5.8883152109736249e-02, 4.0812386657581960e-02,
          1.4382692550811310e-02, 6.5154261040117475e-03,
          1.1940062007854354e-02, 1.6932241679135113e-02,
          1.6551801641068270e-01, 4.4054960818951734e-04,
          1.8042184894666448e-02, 2.7931180847629920e-03,
          2.9187427860604626e-03, 3.4670689406254077e-03,
          1.9358574100290029e-04, 2.9618471940129142e-04,
          2.2527592216510324e-04, 4.4054960818951723e-04,
          2.1005385381420407e-02, 7.1793444514726360e-04,
          1.3532915877264596e-02, 1.0130287518891747e-02,
          7.4741697634191006e-03, 7.4530248811788952e-04,
          3.2079366008089774e-03, 2.4169076387774539e-03,
          1.8042184894666441e-02, 7.1793444514726360e-04,
          9.5838133550442614e-03 ]
   - !!opencv-matrix
      rows: 9
      cols: 9
      dt: d
      data: [ 5.9821408316705049e-01, 3.4820818591554997e-01,
          4.4994286941081374e-02, 5.5948300786630566e-02,
          3.8305652467920205e-02, 7.4990984244154180e-02,
          8.8818695670352193e-02, 4.5996532268557204e-02,
          8.7820821877755015e-02, 3.4820818591554997e-01,
          7.7388417072888904e-01, -3.2030801790735600e-02,
          1.3545632606378288e-01, 1.0558747440309130e-01,
          1.3161053037577672e-01, 3.1382223076433867e-02,
          -2.9458842331279097e-02, 1.0188480625636645e-01,
          4.4994286941081388e-02, -3.2030801790735600e-02,
          3.0044300485064368e-01, -7.8340348808989720e-03,
          3.4505560298721573e-03, -2.7839956240586265e-02,
          -1.1124593280505715e-01, 1.0664982320226710e-02,
          -2.6294009452915310e-02, 5.5948300786630566e-02,
          1.3545632606378288e-01, -7.8340348808989720e-03,
          6.3366224577271174e-02, 2.7882152019091260e-02,
          4.0813415420220774e-02, -3.3369863107890092e-03,
          -3.3357262399055058e-02, -2.7645792671566298e-03,
          3.8305652467920205e-02, 1.0558747440309130e-01,
          3.4505560298721573e-03, 2.7882152019091253e-02,
          1.2106093006121373e-01, 4.1995638125701382e-02,
          -2.6042099744039010e-02, -9.5625632781390982e-03,
