%YAML:1.0
---
groups:
   - intact
   - CD19
   - blast
intactGmmnames:
   - "intact.581.0"
   - "intact.581.1"
   - "intact.581.2"
   - "intact.581.3"
   - "intact.581.4"
intactLabels:
   - FSC-A
   - SSC-A
   - SY41
   - CD19
   - CD10
   - CD20
   - CD45
   - CD34
   - CD38
intactMu: !!opencv-matrix
   rows: 5
   cols: 9
   dt: d
   data: [ 1.7912903897869588e+00, 1.8689841758948416e+00,
       3.2662941889558499e+00, 1.4206677833689401e+00,
       1.7371093588269790e+00, 1.3669754836956849e+00,
       2.7054499284191835e+00, 1.5625254659405972e+00,
       2.1298806807519108e+00, 1.5085462586030800e+00,
       8.1815226326046941e-01, 3.0042356825820762e+00,
       1.0630405165627344e+00, 9.8514335739106762e-01,
       9.1016541142941665e-01, 3.4887763079930503e+00,
       1.0146461120652845e+00, 1.9330057444369957e+00,
       1.0281131458522985e+00, 6.0247294248379846e-01,
       3.2819024872424842e+00, 1.0592651879942860e+00,
       1.4585058018671129e+00, 8.1359900507117378e-01,
       1.5858867137648847e+00, 1.0982624351646291e+00,
       1.7353992041258757e+00, 2.2996107356263789e+00,
       3.2240398778949069e+00, 2.9561231083115604e+00,
       1.3711999735878162e+00, 1.9280083423310148e+00,
       1.1673355759267725e+00, 2.6382783306114845e+00,
       1.1584864405608479e+00, 1.6887185563888092e+00,
       1.3090103074181505e+00, 5.2376725918145084e-01,
       3.2874032232043944e+00, 1.0179521105698059e+00,
       8.4988122725351101e-01, 8.3766132162714824e-01,
       3.3830723716773310e+00, 9.7312667634377947e-01,
       1.6901190027517004e+00 ]
intactSigma:
   - !!opencv-matrix
      rows: 9
      cols: 9
      dt: d
      data: [ 5.0165623377001878e-01, 4.1961724771503123e-01,
          4.7067280200467514e-02, 3.6811934763045853e-02,
          3.4628510874967676e-02, 3.1907097807310998e-02,
          9.8221960796396571e-02, 2.6138886550416449e-02,
          3.7144401476903045e-02, 4.1961724771503123e-01,
          1.1284793280796461e+00, -4.7040317104068100e-02,
          1.0687565996913398e-01, 1.1965836736104642e-01,
          9.0387388146370221e-02, 1.7099837334580620e-01,
          6.8571092629236205e-02, 3.7233656271302200e-02,
          4.7067280200467507e-02, -4.7040317104068113e-02,
          2.5143965069143426e-01, -5.3398225310443519e-02,
          -2.9370821161765842e-02, -7.5661170951733331e-02,
          -7.6329361086146144e-02, -6.3351033511066496e-02,
          1.2379425448129425e-02, 3.6811934763045867e-02,
          1.0687565996913398e-01, -5.3398225310443539e-02,
          2.1560391074231702e-01, 3.6662836413947172e-02,
          1.4050062970906291e-01, 8.5092388043803049e-02,
          7.5195209596158011e-02, 1.3260097387519057e-02,
          3.4628510874967676e-02, 1.1965836736104639e-01,
          -2.9370821161765842e-02, 3.6662836413947172e-02,
          3.8696933732050320e-01, 1.2496127852635989e-02,
          3.2103711096773090e-02, 1.3924240780988562e-01,
          -2.6480651708255767e-02, 3.1907097807310998e-02,
          9.0387388146370234e-02, -7.5661170951733331e-02,
          1.4050062970906291e-01, 1.2496127852635982e-02,
          3.4254973876547068e-01, 1.2292633219504762e-01,
          -2.7060664080394554e-02, -6.4823328692302548e-02,
          9.8221960796396571e-02, 1.7099837334580623e-01,
          -7.6329361086146144e-02, 8.5092388043803036e-02,
          3.2103711096773090e-02, 1.2292633219504757e-01,
          4.3761510148478150e-01, 5.6110858056413700e-02,
          3.4805719938404374e-02, 2.6138886550416449e-02,
          6.8571092629236219e-02, -6.3351033511066482e-02,
          7.5195209596158011e-02, 1.3924240780988559e-01,
          -2.7060664080394554e-02, 5.6110858056413700e-02,
          4.9653591019552612e-01, 4.2842236973649084e-02,
          3.7144401476903045e-02, 3.7233656271302207e-02,
          1.2379425448129420e-02, 1.3260097387519057e-02,
          -2.6480651708255767e-02, -6.4823328692302548e-02,
          3.4805719938404374e-02, 4.2842236973649084e-02,
          2.4239497997988402e-01 ]
   - !!opencv-matrix
      rows: 9
      cols: 9
      dt: d
      data: [ 1.1445168567174874e-01, 4.0011252623344908e-02,
          -3.4985039079277462e-02, 7.1313796562893312e-03,
          1.0593855608774729e-03, 1.8266032796135683e-02,
          1.2396224883011358e-02, 4.5230235237589071e-03,
          -7.4892985203094814e-03, 4.0011252623344908e-02,
          8.2532794033162923e-02, -4.1484867319609722e-02,
          9.1057025329663206e-03, 1.7319360950829596e-03,
          2.5273820155514135e-02, 1.7349112859969529e-02,
          2.2482057642437699e-03, 5.0174661532702983e-03,
          -3.4985039079277469e-02, -4.1484867319609722e-02,
          1.4024163762067920e-01, -3.4178532374710968e-03,
          8.4046024318010035e-03, -2.4787564002745753e-02,
          -1.9796445990120915e-02, 4.1472012522339756e-03,
          -3.0176485431993964e-03, 7.1313796562893295e-03,
          9.1057025329663206e-03, -3.4178532374710968e-03,
          2.1215503878215653e-02, 3.5074518348060242e-03,
          4.6843335194346946e-03, 8.4358791979886015e-04,
          8.3954004623204516e-04, -3.1579446479961934e-03,
          1.0593855608774735e-03, 1.7319360950829601e-03,
          8.4046024318010001e-03, 3.5074518348060251e-03,
          1.0576241788978399e-01, 2.0504823797037946e-03,
          -3.1542607375698735e-03, -7.4277700461792423e-04,
          -1.8595502140070847e-02, 1.8266032796135687e-02,
          2.5273820155514135e-02, -2.4787564002745753e-02,
          4.6843335194346946e-03, 2.0504823797037938e-03,
          4.0933595145781800e-02, 7.2930997537513729e-03,
          2.5718691394419546e-03, -4.1888075379835008e-03,
          1.2396224883011356e-02, 1.7349112859969529e-02,
          -1.9796445990120915e-02, 8.4358791979886015e-04,
          -3.1542607375698735e-03, 7.2930997537513746e-03,
          1.9153526583918477e-02, -5.4203616172220099e-03,
          -7.4473905255077162e-03, 4.5230235237589079e-03,
          2.2482057642437708e-03, 4.1472012522339773e-03,
          8.3954004623204537e-04, -7.4277700461792423e-04,
          2.5718691394419537e-03, -5.4203616172220099e-03,
          1.5188273090521751e-01, 3.6348587278336826e-03,
          -7.4892985203094814e-03, 5.0174661532702974e-03,
          -3.0176485431993973e-03, -3.1579446479961942e-03,
          -1.8595502140070847e-02, -4.1888075379834999e-03,
          -7.4473905255077180e-03, 3.6348587278336804e-03,
          1.1259840683110039e-01 ]
   - !!opencv-matrix
      rows: 9
      cols: 9
      dt: d
      data: [ 9.6188070787441196e-02, 4.4011165131237845e-02,
          -6.5966518951855501e-03, 5.8589826016168271e-03,
          2.3992239639833910e-02, 2.2452435286768792e-02,
          2.7819418564056779e-02, 2.7519787975851971e-03,
          5.3542944378769794e-03, 4.4011165131237845e-02,
          4.8155756499850266e-02, 8.2893613505027018e-03,
          6.5601246995058851e-03, 2.5859178796325068e-02,
          1.8075168700170164e-02, 3.4531607475781378e-02,
          3.7702279831977091e-03, 7.0227126431524041e-03,
          -6.5966518951855501e-03, 8.2893613505027035e-03,
          2.0106988526750805e-01, 1.6949694123637939e-03,
          1.0831810144293836e-02, -2.9151852398517409e-02,
          3.9114020983412167e-03, 1.5744639394399710e-03,
          2.8353293532748266e-03, 5.8589826016168271e-03,
          6.5601246995058851e-03, 1.6949694123637939e-03,
          5.4858071182425187e-03, 3.9019374386126005e-03,
          2.6856502841773149e-03, 4.5822968418932379e-03,
          3.9265321958704632e-04, 7.8223946493828156e-04,
          2.3992239639833903e-02, 2.5859178796325068e-02,
          1.0831810144293838e-02, 3.9019374386126005e-03,
          1.8885606675442176e-01, 1.2575359326946372e-02,
          7.6842213644643914e-02, 1.3421722144667241e-03,
