%YAML:1.0
---
groups:
   - intact
   - CD19
intactGmmnames:
   - "intact.581.0"
   - "intact.581.1"
   - "intact.581.2"
   - "intact.581.3"
   - "intact.581.4"
intactLabels:
   - FSC-A
   - SSC-A
   - SY41
   - CD19
   - CD10
   - CD20
   - CD45
   - CD34
   - CD38
intactMu: !!opencv-matrix
   rows: 5
   cols: 9
   dt: d
   data: [ 2.0160537239650025e+00, 1.3669651001152394e+00,
       2.6211202224294903e+00, 1.3054496666032753e+00,
       1.4484681231182959e+00, 1.2454843227385795e+00,
       3.1125376086589389e+00, 1.3919887159572741e+00,
       2.2807790760478084e+00, 1.2738739653499591e+00,
       3.1841500764746139e-01, 2.5020711541352099e+00,
       1.0426148613520914e+00, 8.0666512438513693e-01,
       8.8538139958779738e-01, 3.4720809863705742e+00,
       1.0332271740715540e+00, 1.6733839540475921e+00,
       2.9871057870502109e+00, 2.7092926842786214e+00,
       2.5789345398295849e+00, 1.6008340274116599e+00,
       1.4022209532176397e+00, 1.2489117423826830e+00,
       2.8680662954441494e+00, 1.1280450704767211e+00,
       1.6992265499476873e+00, 2.9555347701250279e+00,
       3.1934307723814750e+00, 2.5348925234968993e+00,
       1.7014491799274245e+00, 3.0434796430679740e+00,
       1.3474184689165183e+00, 3.2111389460216255e+00,
       1.1590638533089652e+00, 1.6114242101131435e+00,
       1.4136144260045247e+00, 4.5816321190284964e-01,
       2.7429819241725966e+00, 1.0934661121286375e+00,
       1.0288039663809132e+00, 1.0197843185187350e+00,
       1.3806844935911875e+00, 1.1428801521399470e+00,
       1.6292430832537461e+00 ]
intactSigma:
   - !!opencv-matrix
      rows: 9
      cols: 9
      dt: d
      data: [ 7.2088698298870280e-01, 6.1903032816127390e-01,
          4.3884080073146516e-02, 1.5783702922291293e-01,
          2.5764516749749466e-01, 1.5299141000740021e-01,
          -2.2576078470298432e-02, 2.6805974552447830e-02,
          -1.2505264812094022e-01, 6.1903032816127390e-01,
          1.0216549813946154e+00, 6.5809693971077179e-02,
          2.5965828671338786e-01, 4.3139412227955998e-01,
          2.3420885187641097e-01, -6.4554389249146291e-02,
          1.8075989419331560e-02, -1.4050696151195852e-01,
          4.3884080073146502e-02, 6.5809693971077166e-02,
          5.4595572054730590e-02, 1.6017237473324501e-02,
          3.5779063080993580e-02, 2.8454963533471083e-02,
          -2.8756661359956706e-02, 2.5987924329032713e-02,
          -1.3977012543423220e-02, 1.5783702922291293e-01,
          2.5965828671338786e-01, 1.6017237473324501e-02,
          1.0910350185014203e-01, 1.1973025915399375e-01,
          8.8607294539938111e-02, -1.0579512460882939e-02,
          -2.3135778310870436e-02, -5.1028345873705042e-02,
          2.5764516749749466e-01, 4.3139412227955998e-01,
          3.5779063080993587e-02, 1.1973025915399375e-01,
          5.2345375223077317e-01, 1.4070989667153144e-01,
          -4.4488774980931865e-02, -1.0852492684761683e-02,
          -1.6209488591715174e-01, 1.5299141000740021e-01,
          2.3420885187641097e-01, 2.8454963533471083e-02,
          8.8607294539938111e-02, 1.4070989667153144e-01,
          2.1810417214490549e-01, -7.3546155999086272e-03,
          7.1822515915085381e-03, -1.0045733932452842e-01,
          -2.2576078470298432e-02, -6.4554389249146277e-02,
          -2.8756661359956696e-02, -1.0579512460882939e-02,
          -4.4488774980931879e-02, -7.3546155999086272e-03,
          2.5013438049841358e-01, -6.3873042662834917e-02,
          -1.4026271252954305e-02, 2.6805974552447841e-02,
          1.8075989419331567e-02, 2.5987924329032713e-02,
          -2.3135778310870436e-02, -1.0852492684761678e-02,
          7.1822515915085355e-03, -6.3873042662834917e-02,
          3.4996690851372864e-01, 8.1854141949902745e-02,
          -1.2505264812094022e-01, -1.4050696151195849e-01,
          -1.3977012543423215e-02, -5.1028345873705042e-02,
          -1.6209488591715171e-01, -1.0045733932452842e-01,
          -1.4026271252954301e-02, 8.1854141949902745e-02,
          4.2574879869734339e-01 ]
   - !!opencv-matrix
      rows: 9
      cols: 9
      dt: d
      data: [ 4.2410944734650874e-02, 4.5722837072417564e-03,
          -6.6642393252832402e-03, 1.2916475802075792e-03,
          7.9447528654317948e-04, 2.8347942751265759e-03,
          2.9901176575959846e-03, 1.0978548567442249e-03,
          -4.2091986581224656e-04, 4.5722837072417564e-03,
          1.4674916629062600e-02, 8.8314986203048948e-04,
          4.0297020885332758e-03, 4.1435997123308024e-03,
          9.0285164583510987e-03, 9.2280076197460460e-03,
          2.3686424536913187e-04, -1.5804921115546123e-03,
          -6.6642393252832419e-03, 8.8314986203048937e-04,
          7.7491266833754468e-03, 3.2966122032380697e-05,
          7.5709967167593754e-04, 1.0001965554697319e-03,
          5.4181625443042763e-05, -8.2296835082469502e-04,
          -3.4258584920119159e-04, 1.2916475802075785e-03,
          4.0297020885332767e-03, 3.2966122032380670e-05,
          1.9659613540260204e-02, 1.4831855296933746e-03,
          2.7262554216021116e-03, 2.2683292816993864e-03,
          -2.6250262482920401e-03, -1.7003060479289199e-03,
          7.9447528654317981e-04, 4.1435997123308024e-03,
          7.5709967167593754e-04, 1.4831855296933746e-03,
          4.7370794340543351e-02, -2.6246840955534601e-03,
          1.9797251341610810e-03, -4.8189709630607471e-03,
          -6.7484232521410341e-04, 2.8347942751265759e-03,
          9.0285164583510970e-03, 1.0001965554697315e-03,
          2.7262554216021125e-03, -2.6246840955534592e-03,
          4.3313478349893568e-02, 6.6905031768379969e-03,
          -7.5214926848105252e-04, -1.7988665217885424e-03,
          2.9901176575959846e-03, 9.2280076197460460e-03,
          5.4181625443042702e-05, 2.2683292816993860e-03,
          1.9797251341610801e-03, 6.6905031768379969e-03,
          1.2158786606046844e-02, -2.0724139146205437e-03,
          -1.5626370420493267e-03, 1.0978548567442249e-03,
          2.3686424536913171e-04, -8.2296835082469502e-04,
          -2.6250262482920401e-03, -4.8189709630607471e-03,
          -7.5214926848105252e-04, -2.0724139146205446e-03,
          1.2697929783806100e-01, 1.5249922248028536e-03,
          -4.2091986581224656e-04, -1.5804921115546123e-03,
          -3.4258584920119137e-04, -1.7003060479289197e-03,
          -6.7484232521410384e-04, -1.7988665217885424e-03,
          -1.5626370420493267e-03, 1.5249922248028536e-03,
          9.3772592861620513e-03 ]
   - !!opencv-matrix
      rows: 9
      cols: 9
      dt: d
      data: [ 3.7633269266231967e-01, 1.9975876274080384e-01,
          1.5445605254082307e-02, 4.1502152940895383e-02,
          2.6184453440683046e-02, 4.6814139885874552e-02,
          1.0522302024544780e-02, 8.1630331158874612e-03,
          2.9732565172919264e-03, 1.9975876274080381e-01,
          5.1377463229199827e-01, 3.1343062480538920e-03,
          1.0157957035943037e-01, 1.2748873816334302e-01,
          5.5975191091237733e-02, 8.8184749963148665e-02,
          1.3028280303626657e-02, -9.0275794225754737e-03,
          1.5445605254082307e-02, 3.1343062480538907e-03,
          1.2117483785289483e-02, 6.6186040367162608e-04,
          -5.0766867831643758e-03, 7.0674144908188579e-03,
          -5.9403838541691274e-03, -3.7017907024534258e-04,
          2.2684900517675310e-03, 4.1502152940895383e-02,
          1.0157957035943037e-01, 6.6186040367162630e-04,
          3.3203707849905409e-02, 2.6360603939528313e-02,
          1.2257669838467627e-02, 1.7621938248674831e-02,
          1.7278433925349162e-03, -3.4912801638467203e-03,
          2.6184453440683035e-02, 1.2748873816334302e-01,
          -5.0766867831643775e-03, 2.6360603939528313e-02,
          1.5816372001811366e-01, 1.3371784752873137e-02,
          4.3864305845354362e-02, 3.2244776118411796e-03,
