%YAML:1.0
---
groups:
   - intact
   - CD19
   - blast
intactGmmnames:
   - "intact.590.0"
   - "intact.590.1"
   - "intact.590.2"
   - "intact.590.3"
   - "intact.590.4"
intactLabels:
   - FSC-A
   - SSC-A
   - SY41
   - CD19
   - CD10
   - CD20
   - CD45
   - CD34
   - CD38
intactMu: !!opencv-matrix
   rows: 5
   cols: 9
   dt: d
   data: [ 1.1129480367425868e+00, 2.3794753128598647e-01,
       3.0734109323742311e+00, 1.1158300143494186e+00,
       1.2272379838500291e+00, 1.1076478277522499e+00,
       3.3023964702591040e+00, 1.0766718979317800e+00,
       1.6187414154787489e+00, 2.4512731807476813e+00,
       2.0667888724842061e+00, 2.7073731124709428e+00,
       1.5298177302033340e+00, 1.9128316110326864e+00,
       1.4137851829208228e+00, 2.6251768650580187e+00,
       1.3391462504426854e+00, 1.8389562959638710e+00,
       7.9046355092522702e-01, 3.4341687642127117e-01,
       3.2166816914230618e+00, 1.0965618608408620e+00,
       1.6103408703029056e+00, 9.7023174219631081e-01,
       1.4352866912350783e+00, 1.0833197782477730e+00,
       1.6446480188062753e+00, 1.6037285692485153e+00,
       4.4525806495935683e-01, 2.5591182356645126e+00,
       1.1619064212888499e+00, 1.3688863547347834e+00,
       1.1446290633974978e+00, 3.3676041466454261e+00,
       1.1329241138459381e+00, 2.4168354036959467e+00,
       1.4747910725872353e+00, 4.0007019705743463e-01,
       2.7852054055513156e+00, 1.2181214451603668e+00,
       1.4660337063300151e+00, 1.2907764223204068e+00,
       3.4149164682565920e+00, 1.1139397791493812e+00,
       1.5390959732996732e+00 ]
intactSigma:
   - !!opencv-matrix
      rows: 9
      cols: 9
      dt: d
      data: [ 1.0899815527685540e-01, 4.0595503009140856e-03,
          -5.9406339677968205e-02, 8.8852029372069518e-04,
          6.8307817491843129e-03, 1.9024149291350007e-02,
          1.3028794140121912e-02, -1.8035143982964561e-03,
          -3.4529257350232310e-03, 4.0595503009140856e-03,
          4.8279634874155890e-03, -1.9388708429498118e-03,
          1.7650633275046903e-03, 4.5487963217119617e-03,
          6.4265624519163223e-03, 2.3055213673830502e-03,
          3.4260273014085588e-04, -1.3947374432450390e-03,
          -5.9406339677968205e-02, -1.9388708429498118e-03,
          5.4100496380654374e-02, 1.6632976583039934e-04,
          -3.2492162865501596e-03, -1.0436648569022365e-02,
          -7.1453458760960629e-03, 1.3355102981046478e-03,
          1.1280008919095808e-03, 8.8852029372069475e-04,
          1.7650633275046899e-03, 1.6632976583039923e-04,
          1.9167796332772186e-02, 5.1925347733451652e-03,
          4.5300247763262304e-03, 1.6317200280384237e-03,
          -2.1567701301359815e-03, -4.0646158338177576e-03,
          6.8307817491843129e-03, 4.5487963217119617e-03,
          -3.2492162865501578e-03, 5.1925347733451643e-03,
          8.7380758646507531e-02, 4.4347202182341890e-03,
          8.7390187339204378e-03, -2.7942255356449485e-03,
          4.2334338771412617e-04, 1.9024149291350007e-02,
          6.4265624519163215e-03, -1.0436648569022365e-02,
          4.5300247763262295e-03, 4.4347202182341916e-03,
          5.7284141808965135e-02, 8.2882548528260755e-03,
          4.6454328594284475e-04, -6.9549195179171297e-03,
          1.3028794140121909e-02, 2.3055213673830502e-03,
          -7.1453458760960629e-03, 1.6317200280384237e-03,
          8.7390187339204378e-03, 8.2882548528260755e-03,
          9.1218703205731260e-03, -1.8393004506269686e-03,
          -9.8897556560018974e-04, -1.8035143982964568e-03,
          3.4260273014085572e-04, 1.3355102981046463e-03,
          -2.1567701301359807e-03, -2.7942255356449485e-03,
          4.6454328594284475e-04, -1.8393004506269686e-03,
          1.2526430589418053e-01, 2.1193296558392524e-03,
          -3.4529257350232323e-03, -1.3947374432450390e-03,
          1.1280008919095804e-03, -4.0646158338177585e-03,
          4.2334338771412590e-04, -6.9549195179171297e-03,
          -9.8897556560018974e-04, 2.1193296558392515e-03,
          2.8468333705979627e-02 ]
   - !!opencv-matrix
      rows: 9
      cols: 9
      dt: d
      data: [ 7.8041101097745058e-01, 5.8138466825201451e-01,
          4.5447451365150895e-02, 8.8195589812406092e-02,
          3.6947129359553570e-02, 3.9734378725914107e-02,
          1.6739257078565978e-01, -5.3162781528427225e-02,
          5.5556932803066924e-03, 5.8138466825201451e-01,
          1.1937169729729227e+00, -3.5725579396152039e-03,
          2.0715261846499058e-01, 2.7411264726429851e-01,
          7.0779628467144751e-02, 2.1136140071017784e-01,
          -6.9631037479816013e-02, -9.5974464383915367e-02,
          4.5447451365150895e-02, -3.5725579396152039e-03,
          2.9188418756563284e-01, 1.8124191960973108e-02,
          7.7113100095866083e-02, 5.9844417649394951e-02,
          1.1821076092715589e-01, -4.7828085523073981e-03,
          7.5049520124641722e-02, 8.8195589812406092e-02,
          2.0715261846499058e-01, 1.8124191960973104e-02,
          9.9932041728002463e-02, 9.4874357294560063e-02,
          5.5318666199953730e-02, 6.0133823581069772e-02,
          -3.1808824435626375e-03, 7.6870682301474228e-03,
          3.6947129359553570e-02, 2.7411264726429851e-01,
          7.7113100095866083e-02, 9.4874357294560063e-02,
          3.6850982121940795e-01, 8.4861271364390395e-02,
          1.4148531408105175e-01, 1.2243889881419112e-02,
          3.6407192211008021e-02, 3.9734378725914107e-02,
          7.0779628467144751e-02, 5.9844417649394951e-02,
          5.5318666199953730e-02, 8.4861271364390395e-02,
          1.3283395523940111e-01, 7.7360550052425342e-02,
          3.4997611427249477e-02, 5.2964523033852608e-02,
          1.6739257078565978e-01, 2.1136140071017778e-01,
          1.1821076092715589e-01, 6.0133823581069772e-02,
          1.4148531408105178e-01, 7.7360550052425342e-02,
          3.1943851632054865e-01, 1.5198229120347989e-03,
          5.2686381338990854e-02, -5.3162781528427218e-02,
          -6.9631037479816013e-02, -4.7828085523073981e-03,
          -3.1808824435626375e-03, 1.2243889881419112e-02,
          3.4997611427249477e-02, 1.5198229120348006e-03,
          1.8986268701874789e-01, 4.0851280870691356e-02,
          5.5556932803066924e-03, -9.5974464383915381e-02,
          7.5049520124641736e-02, 7.6870682301474254e-03,
          3.6407192211008028e-02, 5.2964523033852608e-02,
          5.2686381338990854e-02, 4.0851280870691349e-02,
          2.1991746036727564e-01 ]
   - !!opencv-matrix
      rows: 9
      cols: 9
      dt: d
      data: [ 9.2472604538062775e-02, 2.5611554539913772e-02,
          -2.0790012346704426e-02, 9.0434639531828936e-03,
          5.1133491734414824e-02, 3.4058733677744105e-02,
          4.2784988790963527e-02, 2.2361645556461312e-03,
          2.1130552615518647e-02, 2.5611554539913772e-02,
          2.0291525408979414e-02, 8.1204247316345995e-03,
          7.2927963249900651e-03, 2.4270239681855137e-02,
          1.9647767187324548e-02, 2.1729658112941530e-02,
          3.0630481467717524e-03, 1.0773882940411100e-02,
          -2.0790012346704426e-02, 8.1204247316346029e-03,
          1.4388678811718336e-01, 4.2832834837742573e-03,
          -6.2243815163262146e-03, -1.7551767123297219e-02,
          1.0754039621610344e-03, 5.6965819000702527e-03,
          6.0282118935471299e-03, 9.0434639531828936e-03,
          7.2927963249900651e-03, 4.2832834837742573e-03,
          1.3580996739552702e-02, 1.8576785681022379e-02,
          1.1644386637562232e-02, 1.5490780866702816e-02,
          1.0168421886785997e-03, 6.8196362963369953e-03,
          5.1133491734414838e-02, 2.4270239681855137e-02,
          -6.2243815163262163e-03, 1.8576785681022376e-02,
          2.5247969817869054e-01, 4.3191095903269618e-02,
          1.0100051605235240e-01, 3.6680511650132681e-03,
