%YAML:1.0
---
groups:
   - intact
   - CD19
intactGmmnames:
   - "intact.603.0"
   - "intact.603.1"
   - "intact.603.2"
   - "intact.603.3"
   - "intact.603.4"
intactLabels:
   - FSC-A
   - SSC-A
   - SY41
   - CD19
   - CD10
   - CD20
   - CD45
   - CD34
   - CD38
intactMu: !!opencv-matrix
   rows: 5
   cols: 9
   dt: d
   data: [ 2.0907146448382483e+00, 6.8214505505523626e-01,
       2.9954998092673906e+00, 1.1142286637912890e+00,
       8.9498572272585075e-01, 8.8790895333976882e-01,
       3.3713641912088450e+00, 1.0377982706955942e+00,
       1.8532156905200987e+00, 2.1445093137478413e+00,
       1.4826482771667062e+00, 3.0003545264956939e+00,
       1.4500940437929783e+00, 1.8991348039636469e+00,
       1.5718874050617744e+00, 2.4645968425432545e+00,
       1.6344825236387812e+00, 1.5712231923890363e+00,
       2.5525529429073486e+00, 2.5526160760493180e+00,
       3.0877775006403190e+00, 1.4854254432493119e+00,
       2.3716681136345965e+00, 1.1031073536001645e+00,
       2.8555485375539646e+00, 1.1747859921943113e+00,
       1.7674822831560333e+00, 1.8246955299993031e+00,
       5.8493772401249200e-01, 3.1648739140935245e+00,
       1.1341598034703295e+00, 1.0447831370030913e+00,
       9.9728363113426011e-01, 1.1849048230161512e+00,
       1.0988079494482197e+00, 1.4277976367953578e+00,
       1.7639725040594283e+00, 3.4249992951571373e-01,
       3.0691754967084228e+00, 1.0447929586539468e+00,
       8.6881589789015190e-01, 8.5796212409756112e-01,
       3.3406902463308752e+00, 1.0191158438299364e+00,
       1.4863923760210083e+00 ]
intactSigma:
   - !!opencv-matrix
      rows: 9
      cols: 9
      dt: d
      data: [ 2.0933658500567989e-01, 4.3606386317902673e-02,
          -1.8715874743853986e-02, 7.1942111825397280e-03,
          7.6247775652222892e-03, 1.2135564011619715e-02,
          1.7199597465715966e-02, -2.2226032879435862e-03,
          -3.8136002711696114e-02, 4.3606386317902673e-02,
          6.4237820637969817e-02, -5.3983382591396914e-03,
          1.2990491878649865e-02, 5.2044129302678569e-03,
          1.2095107047586285e-02, 1.0252876320221392e-02,
          -1.4777901223636794e-03, -1.8843862333969418e-02,
          -1.8715874743853986e-02, -5.3983382591396905e-03,
          3.3542003961144706e-02, 3.3060562548688623e-04,
          9.8044330970761362e-04, 2.6483782670693964e-04,
          -7.6516809194643876e-03, 1.9582870651557588e-03,
          -2.8817326439911303e-02, 7.1942111825397271e-03,
          1.2990491878649865e-02, 3.3060562548688623e-04,
          1.8474152603978822e-02, 1.2840236108469143e-03,
          3.1762085871584098e-03, 6.2084766571168792e-04,
          -2.1922072725720628e-03, -7.4719508845022013e-03,
          7.6247775652222892e-03, 5.2044129302678569e-03,
          9.8044330970761340e-04, 1.2840236108469145e-03,
          3.5232827982861210e-02, 3.2282005613660136e-04,
          1.2585901559044777e-03, -4.0773441809654953e-03,
          -6.9571409185274751e-03, 1.2135564011619717e-02,
          1.2095107047586285e-02, 2.6483782670693986e-04,
          3.1762085871584115e-03, 3.2282005613660153e-04,
          5.2015716810857038e-02, 6.4791230089397403e-03,
          1.0032788481794317e-04, -1.7021324152861613e-02,
          1.7199597465715970e-02, 1.0252876320221392e-02,
          -7.6516809194643876e-03, 6.2084766571168825e-04,
          1.2585901559044783e-03, 6.4791230089397403e-03,
          1.9497190380075642e-02, -4.6334907071956819e-03,
          -7.6496818260215586e-03, -2.2226032879435849e-03,
          -1.4777901223636805e-03, 1.9582870651557584e-03,
          -2.1922072725720628e-03, -4.0773441809654944e-03,
          1.0032788481794328e-04, -4.6334907071956819e-03,
          1.2906160676182810e-01, 1.2109377456783808e-02,
          -3.8136002711696114e-02, -1.8843862333969418e-02,
          -2.8817326439911303e-02, -7.4719508845022013e-03,
          -6.9571409185274725e-03, -1.7021324152861617e-02,
          -7.6496818260215586e-03, 1.2109377456783805e-02,
          2.6642754407282232e-01 ]
   - !!opencv-matrix
      rows: 9
      cols: 9
      dt: d
      data: [ 6.8276058332970424e-01, 2.5991971225995258e-01,
          -5.1334691893201306e-02, 5.1529390483528975e-02,
          1.4638121794843512e-01, 6.8429459459008773e-02,
          8.4291186206139415e-02, 1.2010299846510272e-01,
          2.6556861561851587e-02, 2.5991971225995258e-01,
          8.0826165078121126e-01, 2.2010246055656699e-02,
          1.8744297349198208e-01, 5.4376712980245254e-02,
          1.0675607820162526e-01, -6.0916140810090121e-02,
          4.1466367682637999e-02, 2.0502685173453914e-02,
          -5.1334691893201306e-02, 2.2010246055656709e-02,
          1.7095871647863267e-01, 1.0502669721688668e-02,
          -8.2165019985897106e-02, -1.0265275488348751e-02,
          6.0762807219197676e-02, -4.1246146221804308e-02,
          -5.1782228861780352e-03, 5.1529390483528975e-02,
          1.8744297349198208e-01, 1.0502669721688668e-02,
          1.4932126084750183e-01, 1.7220663741949954e-02,
          1.5828080973456229e-01, 4.4334351085744149e-02,
          1.4270971077661718e-02, 1.8903513872756614e-02,
          1.4638121794843512e-01, 5.4376712980245247e-02,
          -8.2165019985897120e-02, 1.7220663741949957e-02,
          4.6294507275580510e-01, 2.1229951369265640e-01,
          3.4682521458121049e-02, 2.4431489754278751e-01,
          6.2268214142484894e-02, 6.8429459459008760e-02,
          1.0675607820162526e-01, -1.0265275488348751e-02,
          1.5828080973456229e-01, 2.1229951369265640e-01,
          4.6073454829807259e-01, 1.0241202761931345e-01,
          1.5113860633153589e-01, 5.4045678693208934e-02,
          8.4291186206139415e-02, -6.0916140810090121e-02,
          6.0762807219197676e-02, 4.4334351085744149e-02,
          3.4682521458121042e-02, 1.0241202761931345e-01,
          4.6989069136671924e-01, 1.4415266482280651e-02,
          5.4202417611611362e-02, 1.2010299846510272e-01,
          4.1466367682637999e-02, -4.1246146221804308e-02,
          1.4270971077661718e-02, 2.4431489754278751e-01,
          1.5113860633153589e-01, 1.4415266482280651e-02,
          3.1794306372086223e-01, 7.0573146812092896e-02,
          2.6556861561851580e-02, 2.0502685173453914e-02,
          -5.1782228861780360e-03, 1.8903513872756614e-02,
          6.2268214142484894e-02, 5.4045678693208921e-02,
          5.4202417611611348e-02, 7.0573146812092896e-02,
          9.7219766142436562e-02 ]
   - !!opencv-matrix
      rows: 9
      cols: 9
      dt: d
      data: [ 4.9678346522527284e-01, 2.3098680623262824e-01,
          -5.3121453443472626e-02, 3.5286774620134354e-02,
          -5.1789840382065355e-02, 5.8469903735443224e-02,
          5.1076462489604312e-02, -8.3579624751071984e-03,
          4.4054630841026475e-02, 2.3098680623262829e-01,
          6.6752697557726581e-01, -3.3497811326624258e-02,
          1.2127144008604751e-01, 1.9551930658052075e-01,
          4.2008168129417843e-02, -1.0601575021362296e-02,
          -2.5448750047324237e-02, -1.5974490730083371e-01,
          -5.3121453443472626e-02, -3.3497811326624258e-02,
          6.8150292800506274e-02, -1.3012458747575302e-03,
          -2.8198980598179914e-02, -6.1941863942590021e-03,
          -5.8639524632504512e-02, 1.0944947541315760e-02,
          -1.2613733499772519e-02, 3.5286774620134354e-02,
          1.2127144008604751e-01, -1.3012458747575302e-03,
          3.5039125495177535e-02, 3.6498984172764870e-02,
          7.7301928445928370e-03, -8.6099499733941574e-03,
          -6.7444383641638512e-03, -3.6738563269971429e-02,
          -5.1789840382065355e-02, 1.9551930658052075e-01,
          -2.8198980598179914e-02, 3.6498984172764870e-02,
          4.0517696619313759e-01, -1.4087476359409679e-02,
          8.8052958858561067e-03, -2.4332621454231325e-02,
