%YAML:1.0
---
groups:
   - intact
   - CD19
   - blast
intactGmmnames:
   - "intact.604.0"
   - "intact.604.1"
   - "intact.604.2"
   - "intact.604.3"
   - "intact.604.4"
intactLabels:
   - FSC-A
   - SSC-A
   - SY41
   - CD19
   - CD10
   - CD20
   - CD45
   - CD34
   - CD38
intactMu: !!opencv-matrix
   rows: 5
   cols: 9
   dt: d
   data: [ 1.3619713585213962e+00, 4.3674736112166740e-01,
       3.0004269949577691e+00, 9.9543891848726207e-01,
       8.7680360468015295e-01, 8.6437339387066547e-01,
       3.3087171880251174e+00, 1.0008361781868798e+00,
       1.5471367865840191e+00, 2.5109388956434744e+00,
       3.8781883537055672e+00, 3.0278700168450388e+00,
       1.4735377679859436e+00, 2.3379478126934834e+00,
       1.0832754058729106e+00, 2.7345615443597597e+00,
       1.0963234960369652e+00, 1.5823577017504662e+00,
       1.7874566143569248e+00, 1.3909369085845000e+00,
       2.0229028165908578e+00, 1.1586505689043991e+00,
       1.0460868412192952e+00, 9.7985904570934201e-01,
       2.0022071230945842e+00, 1.3866683338390964e+00,
       1.6560428276378760e+00, 1.2331749014087641e+00,
       4.4000061574787591e-01, 3.2391473765141394e+00,
       1.0639517212229586e+00, 1.0889987323468562e+00,
       8.4265228575803863e-01, 1.1940200584944292e+00,
       1.0942560829520611e+00, 1.5544551671062565e+00,
       2.2166692379190316e+00, 1.5608159439895213e+00,
       2.9483881716184355e+00, 1.2719330975255485e+00,
       1.3185996254761692e+00, 1.2201722834338939e+00,
       2.9757943310931392e+00, 1.2841966590114069e+00,
       2.0595883599575475e+00 ]
intactSigma:
   - !!opencv-matrix
      rows: 9
      cols: 9
      dt: d
      data: [ 9.2873725243200672e-02, 2.5074192746598389e-02,
          -4.2616657483347711e-02, 1.9254208697880477e-03,
          -1.8574631927214609e-03, 8.6612745580800492e-03,
          1.5542953796765098e-02, -2.1959982286103167e-03,
          -2.8282949637996927e-03, 2.5074192746598389e-02,
          2.4849526194126378e-02, -1.8517045168957972e-02,
          1.8966974256823454e-03, 2.9039477738411154e-03,
          9.0467101123111408e-03, 1.0325942198941762e-02,
          -2.0742160881639512e-04, -1.8738707928734805e-03,
          -4.2616657483347711e-02, -1.8517045168957972e-02,
          6.2584455867355560e-02, 1.7780812168541733e-04,
          1.7482385120672673e-03, -5.6970431495575969e-03,
          -1.4858732473206132e-02, 3.4420606362479556e-03,
          2.9976449801928243e-03, 1.9254208697880473e-03,
          1.8966974256823456e-03, 1.7780812168541722e-04,
          1.0912841620303674e-02, 6.8327199502757167e-04,
          1.2072592451708127e-03, -5.0119295978661631e-04,
          -1.7923234879075550e-03, -7.3482010731828074e-04,
          -1.8574631927214614e-03, 2.9039477738411158e-03,
          1.7482385120672682e-03, 6.8327199502757146e-04,
          4.1280810400716454e-02, -2.5937315209150283e-03,
          -4.3583253861274792e-04, -3.1935488409267567e-03,
          -1.0779272898002286e-04, 8.6612745580800527e-03,
          9.0467101123111408e-03, -5.6970431495575969e-03,
          1.2072592451708127e-03, -2.5937315209150296e-03,
          4.7723862590438523e-02, 3.3003231197872296e-03,
          9.3265105629207064e-05, -1.4354673140461402e-03,
          1.5542953796765098e-02, 1.0325942198941758e-02,
          -1.4858732473206135e-02, -5.0119295978661620e-04,
          -4.3583253861274792e-04, 3.3003231197872287e-03,
          1.2538170450300255e-02, -3.7430676816818048e-03,
          -1.9965817448061663e-03, -2.1959982286103184e-03,
          -2.0742160881639512e-04, 3.4420606362479587e-03,
          -1.7923234879075550e-03, -3.1935488409267571e-03,
          9.3265105629206617e-05, -3.7430676816818035e-03,
          1.1749693728553608e-01, 1.4259426337204703e-03,
          -2.8282949637996923e-03, -1.8738707928734805e-03,
          2.9976449801928243e-03, -7.3482010731828085e-04,
          -1.0779272898002295e-04, -1.4354673140461393e-03,
          -1.9965817448061663e-03, 1.4259426337204703e-03,
          6.5784561846868282e-03 ]
   - !!opencv-matrix
      rows: 9
      cols: 9
      dt: d
      data: [ 2.0452403276476588e-01, 5.3104205222243989e-02,
          -2.3323013646251224e-03, 1.0073163538600396e-02,
          -1.6195217229720681e-02, 1.3654908572415515e-02,
          -4.6696083109067669e-03, 7.4635742932414421e-03,
          3.1149904160565202e-03, 5.3104205222243989e-02,
          2.0244660046366084e-01, -1.9194002471371298e-02,
          2.6558033134983700e-02, 1.2240006657974948e-02,
          2.0018275250751928e-02, 8.9711396223229722e-03,
          3.0009453383929270e-03, 2.0032848267351574e-04,
          -2.3323013646251241e-03, -1.9194002471371291e-02,
          7.1966583555791344e-02, -1.7165974592312110e-03,
          -1.3389535337347278e-02, -6.2093245787430470e-03,
          -9.9606315300365400e-03, 1.1892583067954978e-03,
          3.8698769448858712e-04, 1.0073163538600396e-02,
          2.6558033134983693e-02, -1.7165974592312110e-03,
          1.6195534353709344e-02, 9.8377457981095053e-04,
          3.2116054204441888e-03, 1.1034155349481630e-04,
          -1.3036260967957199e-04, -1.3741641317713527e-03,
          -1.6195217229720681e-02, 1.2240006657974953e-02,
          -1.3389535337347278e-02, 9.8377457981095010e-04,
          1.0511033454841244e-01, -1.4963494868862456e-03,
          2.1733064177401347e-02, -9.5951541001077466e-04,
          -1.7855221954608046e-03, 1.3654908572415518e-02,
          2.0018275250751928e-02, -6.2093245787430461e-03,
          3.2116054204441888e-03, -1.4963494868862448e-03,
          4.0244473304802075e-02, 4.7651496001226845e-04,
          9.7827784633899482e-04, 3.0758643367564232e-04,
          -4.6696083109067669e-03, 8.9711396223229722e-03,
          -9.9606315300365400e-03, 1.1034155349481635e-04,
          2.1733064177401347e-02, 4.7651496001226867e-04,
          2.3182834869927355e-02, -1.9945131286573325e-03,
          -1.0205659339697455e-03, 7.4635742932414421e-03,
          3.0009453383929270e-03, 1.1892583067954984e-03,
          -1.3036260967957202e-04, -9.5951541001077498e-04,
          9.7827784633899482e-04, -1.9945131286573333e-03,
          6.1524864802882877e-02, 8.8178203344722232e-04,
          3.1149904160565206e-03, 2.0032848267351590e-04,
          3.8698769448858745e-04, -1.3741641317713527e-03,
          -1.7855221954608050e-03, 3.0758643367564226e-04,
          -1.0205659339697455e-03, 8.8178203344722232e-04,
          4.5485037822494637e-03 ]
   - !!opencv-matrix
      rows: 9
      cols: 9
      dt: d
      data: [ 3.5494708331506097e-01, 1.8238356331357705e-01,
          2.6523987252921283e-02, 2.5961982880365022e-02,
          2.5643517619521848e-02, 3.7389475018040332e-02,
          3.5874194909767280e-02, 2.7552502804739348e-02,
          7.4590660216816750e-03, 1.8238356331357705e-01,
          2.7780452179280896e-01, 4.5989366677370240e-02,
          3.6866852851309202e-02, 3.5959614170867613e-02,
          4.9086543660275407e-02, 5.4527458416339235e-02,
          3.7273906762556763e-02, 1.0583662804131573e-02,
          2.6523987252921283e-02, 4.5989366677370240e-02,
          3.0617461400375540e-02, 4.9921492035641434e-03,
          1.4873635029764895e-02, 1.6254039402055540e-02,
          2.4796730815607612e-02, 1.5573296497939364e-02,
          6.3617927865397507e-03, 2.5961982880365019e-02,
          3.6866852851309202e-02, 4.9921492035641451e-03,
          1.2347120176145353e-02, 4.3216354799230777e-03,
          6.0206365300465607e-03, 3.7921023110382051e-03,
          2.4413978340528668e-03, -3.7753117339062136e-06,
          2.5643517619521848e-02, 3.5959614170867613e-02,
          1.4873635029764892e-02, 4.3216354799230786e-03,
          5.7045249259962044e-02, 7.8797313446860463e-03,
