%YAML:1.0
---
groups:
   - intact
   - CD19
   - blast
intactGmmnames:
   - "intact.607.0"
   - "intact.607.1"
   - "intact.607.2"
   - "intact.607.3"
   - "intact.607.4"
intactLabels:
   - FSC-A
   - SSC-A
   - SY41
   - CD19
   - CD10
   - CD20
   - CD45
   - CD34
   - CD38
intactMu: !!opencv-matrix
   rows: 5
   cols: 9
   dt: d
   data: [ 1.9455762327015940e+00, 1.2691844562589216e+00,
       2.8628455015431324e+00, 1.2477497706382221e+00,
       1.3972035487033612e+00, 1.2872320569576217e+00,
       2.7495590300756985e+00, 1.4093399471684014e+00,
       2.1158135108596752e+00, 1.1863170485594954e+00,
       2.5275795904970610e-01, 3.0030662423234240e+00,
       9.8213928533476635e-01, 8.2628782175335158e-01,
       8.3219907003964699e-01, 3.3674869292154432e+00,
       1.0291269034357062e+00, 1.5588938102278027e+00,
       1.4183126756551279e+00, 3.5920483738767534e-01,
       2.8422852067313769e+00, 9.9754880414392755e-01,
       8.5280150171292812e-01, 8.5874064919985693e-01,
       3.4396787464496135e+00, 1.0487610061297796e+00,
       1.7216438012769739e+00, 1.6415964701856893e+00,
       6.2665057763846133e-01, 2.8168558481590935e+00,
       1.0167078405569141e+00, 8.9235831986341985e-01,
       9.4839460757476357e-01, 3.5604083859999163e+00,
       1.1365510142208881e+00, 3.0685025438194251e+00,
       7.8394163283968710e-01, 3.0775419931850961e-01,
       3.3486521094626904e+00, 1.0421900189938282e+00,
       1.1208830598987838e+00, 7.6515790605448064e-01,
       1.2460152734407965e+00, 1.0997137755143487e+00,
       1.4452637476200303e+00 ]
intactSigma:
   - !!opencv-matrix
      rows: 9
      cols: 9
      dt: d
      data: [ 8.5301279119483508e-01, 3.7242816607720580e-01,
          -4.0898136729074167e-03, 3.7544570646673332e-02,
          -1.3934183340175049e-02, 8.8830222101804676e-02,
          2.9142620445709583e-01, -4.9187655727851148e-03,
          2.9534980563567775e-01, 3.7242816607720580e-01,
          7.8136844074958389e-01, -3.5747128618356071e-02,
          1.6787937118765564e-01, 1.6759351935651975e-01,
          2.0143110480400789e-01, 1.5074722403050250e-01,
          1.0106000810403733e-01, 2.3646042737413015e-02,
          -4.0898136729074167e-03, -3.5747128618356071e-02,
          3.8088269973968270e-01, -4.5427823595715006e-03,
          3.1665280825400016e-02, -1.8791209807101358e-02,
          9.2739891088862256e-02, 1.4949491566575554e-03,
          9.8244845206855891e-02, 3.7544570646673332e-02,
          1.6787937118765564e-01, -4.5427823595715006e-03,
          1.0411789351785786e-01, 7.3546732686514876e-02,
          9.4745794155430899e-02, 1.8535127468067996e-02,
          3.0822271134486958e-02, 1.0994885826112872e-02,
          -1.3934183340175056e-02, 1.6759351935651970e-01,
          3.1665280825400016e-02, 7.3546732686514876e-02,
          3.0827915634698172e-01, 1.3909078343476730e-01,
          6.0496630735681345e-02, 1.2680036099263767e-01,
          -3.2572567796146173e-02, 8.8830222101804704e-02,
          2.0143110480400789e-01, -1.8791209807101351e-02,
          9.4745794155430899e-02, 1.3909078343476730e-01,
          2.3080463462764209e-01, 4.7464756762682872e-02,
          8.8846946595478593e-02, 3.8011878430215730e-02,
          2.9142620445709583e-01, 1.5074722403050250e-01,
          9.2739891088862256e-02, 1.8535127468067996e-02,
          6.0496630735681345e-02, 4.7464756762682872e-02,
          6.4398946744876517e-01, 6.9779081483931971e-02,
          2.5521603248268249e-01, -4.9187655727851156e-03,
          1.0106000810403733e-01, 1.4949491566575554e-03,
          3.0822271134486958e-02, 1.2680036099263767e-01,
          8.8846946595478593e-02, 6.9779081483931971e-02,
          3.3421509127077198e-01, 4.5428556164579754e-02,
          2.9534980563567770e-01, 2.3646042737413015e-02,
          9.8244845206855905e-02, 1.0994885826112877e-02,
          -3.2572567796146167e-02, 3.8011878430215716e-02,
          2.5521603248268249e-01, 4.5428556164579754e-02,
          5.0031537126181425e-01 ]
   - !!opencv-matrix
      rows: 9
      cols: 9
      dt: d
      data: [ 7.6957920804685512e-02, 6.6577765385270994e-03,
          -4.5197194420817349e-02, -1.1743809092837339e-03,
          1.0119391505876883e-03, 1.3900145627755930e-02,
          1.3326511610637496e-02, -3.5964115026526811e-03,
          -4.5122798087661549e-03, 6.6577765385271003e-03,
          5.1421752417446214e-03, -4.0790915007546426e-03,
          5.6675660824553301e-04, 2.2470908446794286e-03,
          5.0838288731954329e-03, 2.4415336996255668e-03,
          -3.4906311458182373e-04, -2.3720938036903894e-03,
          -4.5197194420817349e-02, -4.0790915007546426e-03,
          4.6584034253654524e-02, 1.3482432046730182e-03,
          -5.5195741372637331e-04, -8.3478884002472498e-03,
          -8.9460002704839347e-03, 2.3702511185687129e-03,
          3.0477453513817810e-03, -1.1743809092837341e-03,
          5.6675660824553322e-04, 1.3482432046730184e-03,
          1.2502497916337254e-02, 6.8720758424430063e-04,
          8.2032811806661882e-04, -1.0528042031463613e-03,
          -2.0171101355118200e-03, -2.1139786027626465e-03,
          1.0119391505876883e-03, 2.2470908446794282e-03,
          -5.5195741372637342e-04, 6.8720758424430063e-04,
          4.5903540382625480e-02, -2.6746390874622847e-03,
          8.5251155410526777e-04, -3.8840522402342746e-03,
          -2.3981722983221375e-03, 1.3900145627755930e-02,
          5.0838288731954329e-03, -8.3478884002472463e-03,
          8.2032811806661860e-04, -2.6746390874622847e-03,
          4.4444184500870766e-02, 3.9314080150418054e-03,
          -7.0273416389187977e-04, -5.8482668622631207e-03,
          1.3326511610637496e-02, 2.4415336996255668e-03,
          -8.9460002704839347e-03, -1.0528042031463607e-03,
          8.5251155410526777e-04, 3.9314080150418063e-03,
          8.4983469978958549e-03, -2.8935638253430730e-03,
          -2.8109023773317831e-03, -3.5964115026526802e-03,
          -3.4906311458182346e-04, 2.3702511185687116e-03,
          -2.0171101355118209e-03, -3.8840522402342746e-03,
          -7.0273416389187923e-04, -2.8935638253430721e-03,
          9.6599716598200464e-02, 2.7976820844965505e-03,
          -4.5122798087661566e-03, -2.3720938036903899e-03,
          3.0477453513817828e-03, -2.1139786027626470e-03,
          -2.3981722983221379e-03, -5.8482668622631224e-03,
          -2.8109023773317831e-03, 2.7976820844965505e-03,
          4.4181664100260379e-02 ]
   - !!opencv-matrix
      rows: 9
      cols: 9
      dt: d
      data: [ 8.2362207798523338e-02, 9.9048848680577464e-03,
          -3.5603912616057172e-02, 7.8808431145105232e-04,
          1.2456618246293085e-03, 1.0142063183131629e-02,
          8.0941365460664022e-03, -3.0300068804150647e-03,
          -1.7340324558031493e-02, 9.9048848680577464e-03,
          1.7620121453733414e-02, -1.4674160996632497e-02,
          1.9805706326498289e-03, 5.3942224169390169e-03,
          1.0898389375910755e-02, 8.1050369074345679e-03,
          -2.2481811802372732e-03, -9.4056434213732991e-03,
          -3.5603912616057172e-02, -1.4674160996632492e-02,
          1.1517246759134250e-01, 5.1921943335122461e-04,
          -1.8500287274536198e-03, -1.6625289652909006e-02,
          -1.5444050416694374e-02, 4.5006472436974632e-03,
          1.0067208663767991e-02, 7.8808431145105276e-04,
          1.9805706326498289e-03, 5.1921943335122482e-04,
          1.6519907771569690e-02, 1.6350700235295411e-03,
          1.9247144687221020e-03, -8.1723403422598990e-04,
          -2.6628480087972722e-03, -3.8844462471372219e-03,
          1.2456618246293085e-03, 5.3942224169390169e-03,
          -1.8500287274536191e-03, 1.6350700235295413e-03,
          4.9658011281694059e-02, -2.7344355215830801e-04,
