%YAML:1.0
---
groups:
   - intact
   - CD19
intactGmmnames:
   - "intact.610.0"
   - "intact.610.1"
   - "intact.610.2"
   - "intact.610.3"
   - "intact.610.4"
intactLabels:
   - FSC-A
   - SSC-A
   - SY41
   - CD19
   - CD10
   - CD20
   - CD45
   - CD34
   - CD38
intactMu: !!opencv-matrix
   rows: 5
   cols: 9
   dt: d
   data: [ 2.5585990526722124e+00, 2.6014717087507520e+00,
       2.0309982671992990e+00, 1.4175483538203681e+00,
       1.2357067905478345e+00, 1.3489065421694446e+00,
       2.4761680467372349e+00, 9.8448500792968230e-01,
       1.6668504271837190e+00, 1.5638166860511575e+00,
       5.8560926241104938e-01, 2.2154023496382798e+00,
       1.0679247014737177e+00, 1.0321812376917274e+00,
       1.0983636100506571e+00, 1.0481908117424636e+00,
       9.5295391966347309e-01, 1.5198330499058130e+00,
       2.6853746386843769e+00, 2.5441914629025413e+00,
       2.2344203211286535e+00, 1.4256742641451245e+00,
       1.3488722799638664e+00, 1.7343653527844882e+00,
       2.3196713223122738e+00, 1.0095863970744801e+00,
       1.9647348983457331e+00, 2.4315769337828370e+00,
       2.7863020277922601e+00, 2.0297101800374140e+00,
       1.4420218603841601e+00, 2.6308776433371377e+00,
       1.3426285337738140e+00, 2.7025172291327455e+00,
       1.0489143087154769e+00, 1.6027794163450169e+00,
       1.8481452530433888e+00, 1.5237094929991737e+00,
       2.1606129821163087e+00, 1.2550606059067280e+00,
       1.4984392207261841e+00, 1.3102298813521798e+00,
       2.6740448548844817e+00, 1.2349584174874417e+00,
       1.6899848717673964e+00 ]
intactSigma:
   - !!opencv-matrix
      rows: 9
      cols: 9
      dt: d
      data: [ 2.6264597063895384e-01, 1.9353909273566797e-01,
          1.0778589576010035e-02, 3.6027850423194098e-02,
          4.0890493835232973e-02, 2.8871612125704767e-02,
          1.0902571093194867e-02, 9.1913136532636008e-03,
          2.7470829526689044e-03, 1.9353909273566797e-01,
          4.7105703229073398e-01, 1.7731495857304769e-02,
          8.0329025655573427e-02, 8.8492534273694023e-02,
          4.4866223057561501e-02, 3.7744241375822461e-02,
          1.7735215829625218e-02, -1.5254323604525018e-03,
          1.0778589576010035e-02, 1.7731495857304769e-02,
          5.9090801678945383e-03, 4.3378100238438185e-03,
          2.8363675371142916e-03, 6.8755361938763878e-03,
          7.8394196855858362e-04, 1.8912348704970773e-03,
          2.2573252180095359e-03, 3.6027850423194098e-02,
          8.0329025655573427e-02, 4.3378100238438185e-03,
          3.2122809878132118e-02, 1.5554070239145396e-02,
          9.3522802898081420e-03, 5.8395444825283692e-03,
          3.1235978417124407e-03, -1.7448125482472105e-03,
          4.0890493835232973e-02, 8.8492534273694010e-02,
          2.8363675371142925e-03, 1.5554070239145396e-02,
          1.2447327591241922e-01, 6.6012767317604262e-03,
          1.2942806919410042e-02, 5.7699130519269252e-03,
          -1.1198792515420188e-03, 2.8871612125704767e-02,
          4.4866223057561501e-02, 6.8755361938763878e-03,
          9.3522802898081420e-03, 6.6012767317604280e-03,
          5.2330042001054837e-02, 1.3942969915360739e-03,
          5.2819975762900956e-03, 8.1035259627955519e-03,
          1.0902571093194860e-02, 3.7744241375822461e-02,
          7.8394196855858318e-04, 5.8395444825283692e-03,
          1.2942806919410042e-02, 1.3942969915360745e-03,
          2.1136630793561491e-02, -3.6615331056246651e-04,
          -1.6955846676894016e-03, 9.1913136532636008e-03,
          1.7735215829625221e-02, 1.8912348704970773e-03,
          3.1235978417124412e-03, 5.7699130519269252e-03,
          5.2819975762900912e-03, -3.6615331056246624e-04,
          7.4377190916170607e-02, 9.6762079308674752e-04,
          2.7470829526689039e-03, -1.5254323604525007e-03,
          2.2573252180095355e-03, -1.7448125482472107e-03,
          -1.1198792515420193e-03, 8.1035259627955519e-03,
          -1.6955846676894024e-03, 9.6762079308674719e-04,
          9.0063782583525830e-03 ]
   - !!opencv-matrix
      rows: 9
      cols: 9
      dt: d
      data: [ 4.5871181476826678e-01, 1.2263495851626847e-01,
          9.0776782339514972e-02, 3.3848003590228298e-02,
          4.2800913174390512e-02, 7.5984579146053499e-02,
          4.3586246315505811e-02, 2.3000595291351447e-03,
          2.9014986149872735e-03, 1.2263495851626847e-01,
          9.2792334209906985e-02, 3.5123071130633669e-02,
          2.5081984494017537e-02, 4.8028714540383495e-02,
          5.9807048364887531e-02, 4.1501935265726361e-02,
          8.5298806439918374e-03, 3.5828883569912688e-03,
          9.0776782339514972e-02, 3.5123071130633669e-02,
          6.0588008010784858e-02, 1.1431916787241005e-02,
          2.1282872596322142e-02, 2.7482016584847550e-02,
          1.5987316949151707e-02, 7.8348729593315236e-03,
          1.0386935753736357e-03, 3.3848003590228298e-02,
          2.5081984494017544e-02, 1.1431916787241005e-02,
          2.1164669320083793e-02, 1.5142956163668352e-02,
          1.8486557084896913e-02, 1.1481085455133572e-02,
          2.7763309246846644e-03, -3.6141320602407989e-04,
          4.2800913174390512e-02, 4.8028714540383495e-02,
          2.1282872596322149e-02, 1.5142956163668352e-02,
          1.1053969063641429e-01, 3.4117220530512055e-02,
          3.0733160860222274e-02, 1.0476094484490061e-02,
          3.5922814565024041e-03, 7.5984579146053485e-02,
          5.9807048364887545e-02, 2.7482016584847550e-02,
          1.8486557084896913e-02, 3.4117220530512048e-02,
          1.1227262473405721e-01, 3.5506258782892312e-02,
          8.1742276631937994e-03, 3.0503582479269840e-03,
          4.3586246315505797e-02, 4.1501935265726361e-02,
          1.5987316949151703e-02, 1.1481085455133572e-02,
          3.0733160860222274e-02, 3.5506258782892312e-02,
          1.2698067150984221e-01, 4.1148655992705469e-03,
          3.2401309563963882e-03, 2.3000595291351425e-03,
          8.5298806439918357e-03, 7.8348729593315271e-03,
          2.7763309246846652e-03, 1.0476094484490061e-02,
          8.1742276631938029e-03, 4.1148655992705452e-03,
          3.3811878577721881e-02, 1.0104524915981327e-03,
          2.9014986149872740e-03, 3.5828883569912684e-03,
          1.0386935753736359e-03, -3.6141320602407995e-04,
          3.5922814565024050e-03, 3.0503582479269832e-03,
          3.2401309563963882e-03, 1.0104524915981329e-03,
          1.8363673606945732e-03 ]
   - !!opencv-matrix
      rows: 9
      cols: 9
      dt: d
      data: [ 5.2163267175392869e-01, 1.9901009590542196e-01,
          3.8469981535473326e-02, 4.4947906557447834e-02,
          1.6966413379098936e-02, 7.8224108941299303e-02,
          4.3945609157930519e-02, 6.1548731886252378e-03,
          2.0356306745592342e-02, 1.9901009590542196e-01,
          3.6342018553243882e-01, 4.4627387713575904e-02,
          6.1127054019596422e-02, 6.1074979286545407e-02,
          4.5552290830452029e-02, 4.1541461788570593e-02,
          1.9801757997938818e-02, 2.9301473698261207e-02,
          3.8469981535473326e-02, 4.4627387713575918e-02,
          1.3142860256608067e-02, 8.8988556274175457e-03,
          1.1659448131945430e-02, 1.3050680638919974e-02,
          5.3445227090572114e-03, 4.8773361212675510e-03,
          8.9114277918756982e-03, 4.4947906557447834e-02,
          6.1127054019596422e-02, 8.8988556274175457e-03,
          2.8835134366224886e-02, 1.0951638276489683e-02,
          1.1279425101103283e-02, 6.4650135615192126e-03,
          2.7786426959542170e-03, 5.4803320082121524e-03,
          1.6966413379098936e-02, 6.1074979286545428e-02,
          1.1659448131945430e-02, 1.0951638276489685e-02,
          6.8738164015990671e-02, 1.4354441275370420e-02,
          4.5134144253347478e-03, 7.7383517883784537e-03,
          1.7653707967408571e-02, 7.8224108941299303e-02,
