%YAML:1.0
---
groups:
   - intact
   - CD19
   - blast
intactGmmnames:
   - "intact.625.0"
   - "intact.625.1"
   - "intact.625.2"
   - "intact.625.3"
   - "intact.625.4"
intactLabels:
   - FSC-A
   - SSC-A
   - SY41
   - CD19
   - CD10
   - CD20
   - CD45
   - CD34
   - CD38
intactMu: !!opencv-matrix
   rows: 5
   cols: 9
   dt: d
   data: [ 1.0830986345197720e+00, 3.0158611321172185e-01,
       4.0201560934835561e+00, 1.0992445135763300e+00,
       1.1215144745412253e+00, 8.5895194058543389e-01,
       1.1036804759455625e+00, 8.8008236808412721e-01,
       5.7061344821940219e-01, 2.6700708161860476e+00,
       2.4925595705359727e+00, 3.6106445872946766e+00,
       1.5035110106793521e+00, 2.2801984609211021e+00,
       1.2029257438121665e+00, 2.8902672043345259e+00,
       9.8466698417747878e-01, 1.3373431543070784e+00,
       1.2185541212958360e+00, 3.8425659645380256e-01,
       3.1940891851009261e+00, 1.0631206654862322e+00,
       1.1254034649410600e+00, 8.6345062022271646e-01,
       3.4850417639459255e+00, 8.3146289399353346e-01,
       1.6929000945427124e+00, 9.7678392541221581e-01,
       3.0404308090025134e-01, 3.5723329892248228e+00,
       1.0983975704906435e+00, 1.1275806411249807e+00,
       8.6151151610812482e-01, 1.1169714519277265e+00,
       8.7259569063214448e-01, 5.8567716809202930e-01,
       2.5489191000489253e+00, 1.5528274074721686e+00,
       3.5435112886773128e+00, 1.2779135795046790e+00,
       1.2227285550708451e+00, 1.1748557878715435e+00,
       2.3671252427821510e+00, 1.0014953780477172e+00,
       1.1913456362749200e+00 ]
intactSigma:
   - !!opencv-matrix
      rows: 9
      cols: 9
      dt: d
      data: [ 5.4043973137805325e-02, 2.5844343283331988e-03,
          -9.0148232827170268e-03, 4.8151274216056995e-04,
          1.6998759137425227e-04, -7.8835735813646151e-04,
          2.7003381295840258e-03, 1.3722728405553356e-04,
          7.9960167020922605e-04, 2.5844343283331988e-03,
          2.4706131223548276e-03, -1.7961509798625536e-04,
          3.3864421981766237e-04, 9.0226182132165699e-05,
          1.4584851699270271e-03, 6.6393485344269361e-04,
          1.1434218415527229e-04, 2.7228173486072471e-04,
          -9.0148232827170251e-03, -1.7961509798625542e-04,
          4.9856415466300224e-03, -7.7517356212295741e-05,
          -4.6121012031742845e-05, 9.1832147313644370e-04,
          -5.4074356713202157e-04, -1.2560945252964250e-04,
          -7.0836097070026683e-05, 4.8151274216056984e-04,
          3.3864421981766237e-04, -7.7517356212295741e-05,
          1.4271689601452653e-03, 5.9949905217947595e-05,
          3.6848314942848002e-04, 1.1540455785683780e-06,
          -1.4451181684075931e-04, 5.8996167363858648e-05,
          1.6998759137425211e-04, 9.0226182132165726e-05,
          -4.6121012031742872e-05, 5.9949905217947595e-05,
          2.5698654427215397e-03, -1.0633093070395727e-03,
          -2.8783606295379233e-04, -1.3166419653142468e-04,
          -1.0123705904517986e-05, -7.8835735813646130e-04,
          1.4584851699270273e-03, 9.1832147313644359e-04,
          3.6848314942848002e-04, -1.0633093070395727e-03,
          2.7226221775179225e-02, 8.3941120088430374e-04,
          -3.4127444223376861e-05, 5.1859643691633652e-04,
          2.7003381295840250e-03, 6.6393485344269372e-04,
          -5.4074356713202157e-04, 1.1540455785683937e-06,
          -2.8783606295379222e-04, 8.3941120088430396e-04,
          1.0870201182245890e-02, -7.5728837521208032e-04,
          4.3483421561447559e-04, 1.3722728405553351e-04,
          1.1434218415527231e-04, -1.2560945252964253e-04,
          -1.4451181684075931e-04, -1.3166419653142474e-04,
          -3.4127444223376766e-05, -7.5728837521208032e-04,
          1.5720140416520031e-02, 5.1571732165124726e-04,
          7.9960167020922616e-04, 2.7228173486072460e-04,
          -7.0836097070026588e-05, 5.8996167363858634e-05,
          -1.0123705904518007e-05, 5.1859643691633641e-04,
          4.3483421561447548e-04, 5.1571732165124726e-04,
          1.0332485906238378e-02 ]
   - !!opencv-matrix
      rows: 9
      cols: 9
      dt: d
      data: [ 5.7395489393488786e-01, 4.1094915059697995e-01,
          9.0123643040025320e-02, 9.7785289516481057e-03,
          -3.8203423332624394e-02, -4.6223382809274745e-02,
          2.4836491650714648e-02, -2.9562070748215458e-02,
          -1.7474130755545448e-03, 4.1094915059697995e-01,
          7.7215928322213645e-01, 8.3403717897103422e-02,
          1.2175822340343766e-01, 4.4589616372470622e-02,
          -4.0294091740708582e-02, -5.2978402971755031e-02,
          -5.9158221196109664e-03, -1.7684214200239943e-02,
          9.0123643040025320e-02, 8.3403717897103408e-02,
          8.6224121664758457e-02, -2.3310408560637090e-02,
          7.8372829128570604e-02, -1.4235762118759517e-02,
          4.9204352870194541e-02, -1.6053484689640844e-02,
          9.3669403202969338e-03, 9.7785289516481057e-03,
          1.2175822340343766e-01, -2.3310408560637090e-02,
          1.5197568149526028e-01, -1.0728064327383266e-01,
          1.1286005842240356e-02, -1.4500777168277676e-01,
          3.7545558572692074e-02, 2.1331819258109466e-03,
          -3.8203423332624400e-02, 4.4589616372470629e-02,
          7.8372829128570617e-02, -1.0728064327383265e-01,
          5.8147922497710003e-01, -3.2586299087929260e-02,
          1.7972094076092679e-01, -2.1114329767229722e-02,
          4.1697865006337679e-03, -4.6223382809274745e-02,
          -4.0294091740708582e-02, -1.4235762118759517e-02,
          1.1286005842240354e-02, -3.2586299087929260e-02,
          1.3080764853896137e-01, 1.8127556895571325e-02,
          2.5354141334359263e-02, 3.2292209539782617e-02,
          2.4836491650714648e-02, -5.2978402971755031e-02,
          4.9204352870194534e-02, -1.4500777168277676e-01,
          1.7972094076092679e-01, 1.8127556895571325e-02,
          2.8962176327513611e-01, -5.2715598167213149e-02,
          5.4154265854533527e-02, -2.9562070748215458e-02,
          -5.9158221196109664e-03, -1.6053484689640841e-02,
          3.7545558572692074e-02, -2.1114329767229732e-02,
          2.5354141334359263e-02, -5.2715598167213135e-02,
          2.2347571678964245e-01, 1.4672073492961549e-02,
          -1.7474130755545439e-03, -1.7684214200239943e-02,
          9.3669403202969338e-03, 2.1331819258109471e-03,
          4.1697865006337679e-03, 3.2292209539782610e-02,
          5.4154265854533527e-02, 1.4672073492961546e-02,
          6.6831797527997228e-02 ]
   - !!opencv-matrix
      rows: 9
      cols: 9
      dt: d
      data: [ 1.1347988342639020e-01, 2.8841913438462503e-02,
          5.6289461965550083e-02, 2.7612312313627201e-03,
          7.5655355954265199e-04, 5.9520020315029770e-03,
          1.6790194531598291e-02, 6.1897537108649009e-03,
          3.5668736150555845e-02, 2.8841913438462503e-02,
          1.8747563839953171e-02, 2.7839751621508205e-02,
          1.6323386994313029e-03, 3.6561456916465974e-04,
          4.8964222843497981e-03, 9.7393826333920276e-03,
          4.5251599387974677e-03, 2.4706155455450650e-02,
          5.6289461965550083e-02, 2.7839751621508212e-02,
          1.2352716914370741e-01, 1.7936108572373644e-03,
          5.2972868223125612e-04, 5.8677624608776471e-03,
          1.8943786378842076e-02, 6.8150263112805283e-03,
          4.4032546900613243e-02, 2.7612312313627201e-03,
          1.6323386994313029e-03, 1.7936108572373648e-03,
          9.4465237121683400e-03, -2.0776091105367640e-06,
          6.6096304144157411e-04, -8.6976354618786313e-04,
          -1.3492810108776294e-03, 2.8762097405548009e-03,
          7.5655355954265210e-04, 3.6561456916465968e-04,
          5.2972868223125579e-04, -2.0776091105367818e-06,
          3.0981025857041060e-03, -6.4484292542760701e-04,
