%YAML:1.0
---
groups:
   - intact
   - CD19
   - blast
intactGmmnames:
   - "intact.628.0"
   - "intact.628.1"
   - "intact.628.2"
   - "intact.628.3"
   - "intact.628.4"
intactLabels:
   - FSC-A
   - SSC-A
   - SY41
   - CD19
   - CD10
   - CD20
   - CD45
   - CD34
   - CD38
intactMu: !!opencv-matrix
   rows: 5
   cols: 9
   dt: d
   data: [ 1.5564281784063625e+00, 5.7201293513986984e-01,
       3.6648765839777750e+00, 1.0445250626230917e+00,
       9.0702982516614294e-01, 1.0621789681148650e+00,
       3.7559487400708336e+00, 1.1115024950965768e+00,
       2.0717212181339582e+00, 1.4194376142274574e+00,
       3.2333048644980278e-01, 4.0931809014071812e+00,
       8.0583125954567758e-01, 7.4467211602055994e-01,
       8.9058658377215416e-01, 3.6479500881686495e+00,
       1.0959974283943277e+00, 1.7964286983455759e+00,
       1.8338650573012356e+00, 1.3401942182858460e+00,
       3.7995317541027642e+00, 1.3398974213134882e+00,
       1.1707595186838595e+00, 1.9598871360056682e+00,
       2.9135258962291450e+00, 1.3592978302897081e+00,
       1.9100236347779711e+00, 2.0259590121134501e+00,
       2.2932748303744885e+00, 3.8511034132597404e+00,
       1.1384101872120196e+00, 2.0221641822917511e+00,
       1.2542937569074766e+00, 3.4586177547538437e+00,
       1.2029049466864929e+00, 1.7440317902076918e+00,
       1.4484415348045012e+00, 6.7596008082332482e-01,
       3.5685786204393994e+00, 1.0840016778058930e+00,
       9.6081961106152047e-01, 1.0678778883509905e+00,
       1.5593790253147521e+00, 1.4093664970078539e+00,
       1.7363147581444256e+00 ]
intactSigma:
   - !!opencv-matrix
      rows: 9
      cols: 9
      dt: d
      data: [ 6.0960186072315604e-02, 1.0159359471277704e-02,
          -6.8058821057315859e-03, 5.7863494403415112e-03,
          1.7783771787788366e-03, 6.6068466349919466e-03,
          -1.9296987699886511e-03, 3.1956178600502541e-03,
          1.2373120607240247e-02, 1.0159359471277706e-02,
          3.3046892155476695e-02, -1.2625429448516063e-02,
          8.5659808800736068e-03, 6.0959894173831962e-03,
          1.6100591246405626e-02, 3.7646415723319331e-03,
          3.9995993027977733e-03, 4.3405475531962813e-02,
          -6.8058821057315842e-03, -1.2625429448516063e-02,
          7.2138409592600525e-02, -2.6755153801853216e-02,
          -1.8056642584112638e-02, -8.3507590102150590e-03,
          -5.6736544091225641e-03, 2.2123149952639285e-03,
          -2.0146305246518934e-03, 5.7863494403415112e-03,
          8.5659808800736086e-03, -2.6755153801853213e-02,
          1.9316418121359771e-02, 7.5189467957960908e-03,
          4.7925201547682900e-03, 1.1835820409335624e-03,
          1.5832743409468879e-03, 7.2362250453056505e-03,
          1.7783771787788366e-03, 6.0959894173831953e-03,
          -1.8056642584112638e-02, 7.5189467957960908e-03,
          2.5367350490346455e-02, 3.4253453098435553e-05,
          2.4407713941578101e-03, -5.9404632544032615e-03,
          3.7045664475037621e-04, 6.6068466349919492e-03,
          1.6100591246405626e-02, -8.3507590102150590e-03,
          4.7925201547682900e-03, 3.4253453098435303e-05,
          7.8389939142086335e-02, 4.3348278920341309e-03,
          9.6724075064851987e-04, 2.0039953220118219e-03,
          -1.9296987699886508e-03, 3.7646415723319331e-03,
          -5.6736544091225641e-03, 1.1835820409335624e-03,
          2.4407713941578101e-03, 4.3348278920341326e-03,
          1.0903483691798249e-02, -2.3095101586028646e-03,
          -1.2765419283454404e-02, 3.1956178600502541e-03,
          3.9995993027977733e-03, 2.2123149952639285e-03,
          1.5832743409468879e-03, -5.9404632544032615e-03,
          9.6724075064852030e-04, -2.3095101586028651e-03,
          1.4861236693276866e-01, 1.7563065769377141e-02,
          1.2373120607240249e-02, 4.3405475531962813e-02,
          -2.0146305246518926e-03, 7.2362250453056505e-03,
          3.7045664475037621e-04, 2.0039953220118215e-03,
          -1.2765419283454404e-02, 1.7563065769377134e-02,
          2.4990833335219192e-01 ]
   - !!opencv-matrix
      rows: 9
      cols: 9
      dt: d
      data: [ 5.1602723321928098e-02, 6.7238995146671381e-03,
          -9.5078780682572046e-03, 9.2374501256412053e-03,
          5.9469927612177328e-03, 1.3459860661897903e-02,
          5.5386278485950969e-03, 2.1741440616503222e-04,
          -8.2917694509046535e-04, 6.7238995146671381e-03,
          7.6215101461163826e-03, -3.1795814879367066e-03,
          2.9651317083513569e-03, 3.0393365785943969e-03,
          1.0661083226888907e-02, 4.0468658617860359e-03,
          3.8803667737202606e-04, -2.1592610673071204e-03,
          -9.5078780682572028e-03, -3.1795814879367066e-03,
          2.2561045907969136e-02, -1.8129402080533978e-02,
          -1.2549530100048528e-02, -8.5267805529872717e-03,
          -4.7492344007945527e-03, 1.8771350722046555e-03,
          5.3037723240920223e-03, 9.2374501256412053e-03,
          2.9651317083513578e-03, -1.8129402080533978e-02,
          1.9268485762441105e-02, 1.0379976436420166e-02,
          7.6408591008736695e-03, 3.2430431592557650e-03,
          -3.2292070409874847e-04, -3.8468335714898585e-03,
          5.9469927612177328e-03, 3.0393365785943978e-03,
          -1.2549530100048528e-02, 1.0379976436420166e-02,
          2.4569170065429771e-02, 2.1650024587715781e-03,
          3.2791999805879229e-03, -4.3947208840804924e-03,
          -3.7532328846343055e-03, 1.3459860661897905e-02,
          1.0661083226888909e-02, -8.5267805529872717e-03,
          7.6408591008736712e-03, 2.1650024587715781e-03,
          1.0809995119275828e-01, 6.7696064759761925e-03,
          1.6290024542955252e-04, -7.3175170342358901e-03,
          5.5386278485950969e-03, 4.0468658617860359e-03,
          -4.7492344007945518e-03, 3.2430431592557645e-03,
          3.2791999805879229e-03, 6.7696064759761925e-03,
          7.6745035626718415e-03, -1.8413661679837420e-03,
          -3.1343815949663005e-03, 2.1741440616503246e-04,
          3.8803667737202595e-04, 1.8771350722046555e-03,
          -3.2292070409874830e-04, -4.3947208840804924e-03,
          1.6290024542955212e-04, -1.8413661679837412e-03,
          1.1548242975599994e-01, 2.1347025934648472e-03,
          -8.2917694509046459e-04, -2.1592610673071204e-03,
          5.3037723240920232e-03, -3.8468335714898576e-03,
          -3.7532328846343055e-03, -7.3175170342358918e-03,
          -3.1343815949663005e-03, 2.1347025934648468e-03,
          1.8181435006897506e-02 ]
   - !!opencv-matrix
      rows: 9
      cols: 9
      dt: d
      data: [ 8.6199242057326730e-01, 5.5694721896359112e-01,
          -4.5752002083711087e-02, 3.7468726382270362e-02,
          4.8339792091983629e-02, -9.7004112915043156e-02,
          1.0397130493881711e-01, 1.4277802925479266e-01,
          7.4545926083442390e-02, 5.5694721896359112e-01,
          1.3341797600046303e+00, -2.2334619960218019e-01,
          1.0439425488361166e-01, 1.7242460054308109e-01,
          -2.8828640840646735e-01, -4.4891289738414730e-01,
          1.4752556667069591e-01, 4.4715082648818856e-02,
          -4.5752002083711094e-02, -2.2334619960218019e-01,
          3.1495239272658776e-01, -1.1240423857731305e-01,
          -5.5905199745190433e-02, 1.2047362370908278e-01,
          2.2074213247505295e-01, 1.0282892017588471e-02,
          5.8896441479261909e-02, 3.7468726382270362e-02,
          1.0439425488361166e-01, -1.1240423857731305e-01,
          3.3008150551730314e-01, 6.0486146934610692e-02,
          1.8391503221363983e-01, 7.4634755240483963e-02,
          1.1545398449657834e-02, -9.7003670867528129e-03,
          4.8339792091983615e-02, 1.7242460054308109e-01,
          -5.5905199745190454e-02, 6.0486146934610692e-02,
          3.4068674417101413e-01, -2.0511611717451590e-02,
