%YAML:1.0
---
groups:
   - intact
   - CD19
intactGmmnames:
   - "intact.629.0"
   - "intact.629.1"
   - "intact.629.2"
   - "intact.629.3"
   - "intact.629.4"
intactLabels:
   - FSC-A
   - SSC-A
   - SY41
   - CD19
   - CD10
   - CD20
   - CD45
   - CD34
   - CD38
intactMu: !!opencv-matrix
   rows: 5
   cols: 9
   dt: d
   data: [ 1.3239308783834247e+00, 4.5172307801300887e-01,
       3.6026156148003849e+00, 7.8326488000244554e-01,
       9.1672741587136719e-01, 1.0642209416431232e+00,
       1.3423037135682316e+00, 1.0663006151336616e+00,
       1.4025547837443124e+00, 3.4390443521929508e+00,
       3.3724289036138839e+00, 3.2965128352669417e+00,
       1.7006964247926071e+00, 1.1551005232373972e+00,
       1.4254239157008850e+00, 2.7722818660295436e+00,
       1.0894986089559087e+00, 1.7490759939134726e+00,
       1.5520138740578056e+00, 4.2151015796112712e-01,
       3.2081765620958218e+00, 9.8805021430508222e-01,
       8.8537302066061763e-01, 1.1742131366700159e+00,
       3.7346339582595256e+00, 1.0645073507195058e+00,
       1.4911702277561640e+00, 2.8955811203429369e+00,
       3.5668909636957227e+00, 3.2920728354892779e+00,
       1.7002061327246862e+00, 2.5171842580426347e+00,
       1.3192025327612056e+00, 2.8815519460249774e+00,
       1.1107367248512485e+00, 1.4655202494590496e+00,
       2.5500895184852213e+00, 1.8476694998164314e+00,
       3.2874510500954823e+00, 1.3500233054699837e+00,
       1.3075377342537928e+00, 1.4968008624823785e+00,
       2.8142175494502832e+00, 1.4307099448265699e+00,
       2.4521522866574665e+00 ]
intactSigma:
   - !!opencv-matrix
      rows: 9
      cols: 9
      dt: d
      data: [ 4.2605836454488560e-01, 1.0598286125467390e-01,
          -5.9594466860535822e-02, 5.5683025449314590e-02,
          3.5973812080464289e-02, 5.2057702896740339e-02,
          1.8780754599971763e-02, 3.9249157758102062e-03,
          2.8417914120276483e-03, 1.0598286125467390e-01,
          6.9734277496096980e-02, -8.6692986457983009e-03,
          2.2960251579894665e-02, 2.9633806720941128e-02,
          4.3518408937127662e-02, 2.3395421141949205e-02,
          4.6033670439882103e-03, 1.2821718257321370e-02,
          -5.9594466860535822e-02, -8.6692986457983044e-03,
          1.1806865379750023e-01, -6.4417552611138865e-02,
          -1.8484135324003132e-02, 1.7857673283222162e-03,
          -1.1077554626648140e-03, 4.9594065128888499e-03,
          1.3751828492392404e-02, 5.5683025449314590e-02,
          2.2960251579894665e-02, -6.4417552611138865e-02,
          5.2507172132455593e-02, 2.0378677756795541e-02,
          1.2113270204399505e-02, 7.7900531673379151e-03,
          -1.3486110181067264e-03, -6.7298005967588457e-03,
          3.5973812080464282e-02, 2.9633806720941128e-02,
          -1.8484135324003132e-02, 2.0378677756795541e-02,
          8.3764337555966059e-02, 2.3384404436613850e-02,
          2.3922309922474273e-02, 1.1523261436749020e-03,
          1.3499045077049130e-02, 5.2057702896740346e-02,
          4.3518408937127662e-02, 1.7857673283222162e-03,
          1.2113270204399505e-02, 2.3384404436613854e-02,
          1.2400054759957313e-01, 2.2249724372675885e-02,
          5.3475834800197361e-03, 1.3956504449567213e-02,
          1.8780754599971767e-02, 2.3395421141949205e-02,
          -1.1077554626648140e-03, 7.7900531673379151e-03,
          2.3922309922474273e-02, 2.2249724372675885e-02,
          4.8425957599631940e-02, 6.0375621160907217e-04,
          1.3619198931101405e-02, 3.9249157758102079e-03,
          4.6033670439882103e-03, 4.9594065128888490e-03,
          -1.3486110181067264e-03, 1.1523261436749011e-03,
          5.3475834800197361e-03, 6.0375621160907206e-04,
          2.2945192071705211e-02, 1.6661946703417697e-03,
          2.8417914120276474e-03, 1.2821718257321370e-02,
          1.3751828492392404e-02, -6.7298005967588465e-03,
          1.3499045077049130e-02, 1.3956504449567218e-02,
          1.3619198931101402e-02, 1.6661946703417697e-03,
          2.9801942858673401e-02 ]
   - !!opencv-matrix
      rows: 9
      cols: 9
      dt: d
      data: [ 1.9754422131424290e-01, 9.3135144268444894e-02,
          1.5420653879962458e-02, 2.1343894105084905e-02,
          1.4084868155496344e-02, 3.3359829653075712e-02,
          -5.2766441334092112e-04, 4.3039191943021081e-03,
          2.9892155549809517e-02, 9.3135144268444894e-02,
          4.3287104147369804e-01, -3.4129114177950349e-03,
          8.7645484067294277e-02, 4.1030021125183266e-02,
          4.3557395148872101e-02, 2.4042378681961424e-02,
          8.1532296472273582e-03, 1.6484530189646390e-02,
          1.5420653879962458e-02, -3.4129114177950332e-03,
          1.4428824023692631e-02, -2.4619467718360278e-03,
          2.9757196785195816e-03, 1.1171668314461390e-02,
          -1.8653779238226127e-03, 6.5081627577698677e-04,
          2.1893396888186412e-02, 2.1343894105084905e-02,
          8.7645484067294277e-02, -2.4619467718360278e-03,
          3.8601483185952100e-02, 7.4624402147936168e-03,
          8.6401079350625406e-03, 4.4597565458735864e-03,
          2.7278703950412131e-03, -6.2313539646873450e-03,
          1.4084868155496342e-02, 4.1030021125183266e-02,
          2.9757196785195812e-03, 7.4624402147936177e-03,
          6.4225750601835163e-02, 7.0556709856441340e-03,
          5.2130852440829024e-03, -5.5673030924414187e-04,
          1.6040334275570754e-02, 3.3359829653075712e-02,
          4.3557395148872115e-02, 1.1171668314461392e-02,
          8.6401079350625389e-03, 7.0556709856441358e-03,
          5.2512399049479672e-02, 3.0580024491371738e-03,
          1.6490307327857842e-03, 4.2790772396101011e-02,
          -5.2766441334092134e-04, 2.4042378681961424e-02,
          -1.8653779238226125e-03, 4.4597565458735855e-03,
          5.2130852440829042e-03, 3.0580024491371725e-03,
          1.9032260654015979e-02, -2.0727537174461907e-03,
          4.6676098485886348e-03, 4.3039191943021089e-03,
          8.1532296472273582e-03, 6.5081627577698710e-04,
          2.7278703950412131e-03, -5.5673030924414187e-04,
          1.6490307327857827e-03, -2.0727537174461911e-03,
          5.4547373006550041e-02, 1.8329426227314454e-03,
          2.9892155549809517e-02, 1.6484530189646386e-02,
          2.1893396888186412e-02, -6.2313539646873433e-03,
          1.6040334275570757e-02, 4.2790772396101011e-02,
          4.6676098485886348e-03, 1.8329426227314458e-03,
          1.7100287303885506e-01 ]
   - !!opencv-matrix
      rows: 9
      cols: 9
      dt: d
      data: [ 1.3118264721069489e-01, 2.3999947591821846e-02,
          -2.7094219622492009e-02, 1.6264565077197268e-02,
          9.0155325946630373e-03, 2.7546982584014116e-02,
          1.9092173248819334e-02, -1.8338401911008559e-04,
          -1.7638966056109425e-02, 2.3999947591821846e-02,
          1.8744816795814641e-02, -7.1571854031249067e-03,
          6.9885366391879084e-03, 5.7567627537275191e-03,
          1.5900618651877176e-02, 9.2654240431996448e-03,
          4.7978286909144003e-04, -8.6309530936316964e-03,
          -2.7094219622492009e-02, -7.1571854031249067e-03,
          1.9480282166330250e-02, -7.1798472370630468e-03,
          -3.1174086192609762e-03, -4.0571240189256419e-03,
          -6.5768084302586394e-03, 5.6933842408874585e-04,
          3.6717567504640702e-03, 1.6264565077197264e-02,
          6.9885366391879101e-03, -7.1798472370630468e-03,
          3.9029191595599637e-02, 2.5320237027057478e-03,
          6.4102856622294153e-03, 3.4951168134918801e-03,
          3.4408202299323130e-03, -1.2282639226125547e-02,
          9.0155325946630373e-03, 5.7567627537275191e-03,
          -3.1174086192609770e-03, 2.5320237027057473e-03,
          4.4331967193727513e-02, 2.2381816967144428e-03,
          2.9560941328534134e-03, -7.1530704784697413e-03,
