%YAML:1.0
---
groups:
   - intact
   - CD19
   - blast
intactGmmnames:
   - "intact.632.0"
   - "intact.632.1"
   - "intact.632.2"
   - "intact.632.3"
   - "intact.632.4"
intactLabels:
   - FSC-A
   - SSC-A
   - SY41
   - CD19
   - CD10
   - CD20
   - CD45
   - CD34
   - CD38
intactMu: !!opencv-matrix
   rows: 5
   cols: 9
   dt: d
   data: [ 1.1076921335588632e+00, 3.3261772129370809e-01,
       3.4018398224606536e+00, 1.0136279870267020e+00,
       9.5463304900755641e-01, 1.0404644811032613e+00,
       1.4093471414311904e+00, 1.0985681729325405e+00,
       1.5441866322445217e+00, 1.2195624248304040e+00,
       3.3271483140626179e-01, 3.3214900521659909e+00,
       1.0642355985190768e+00, 8.9689613715930228e-01,
       9.3542597481827927e-01, 3.7175440371996782e+00,
       1.0877859142668977e+00, 1.6670950555061144e+00,
       1.9367770751337137e+00, 1.1413190477180828e+00,
       2.9522347506127784e+00, 1.3039724466934799e+00,
       1.3892928174143886e+00, 1.3581265741000552e+00,
       3.0221931159368456e+00, 1.6311214443440898e+00,
       2.3124357450653727e+00, 3.1510731088957056e+00,
       3.3678235928179876e+00, 3.2248559848935101e+00,
       1.6272196626662918e+00, 1.7873706037819701e+00,
       1.5633164760399285e+00, 3.0330914800829376e+00,
       1.2124141843306875e+00, 2.1329275856216161e+00,
       2.0348573827607552e+00, 1.1507272593170181e+00,
       3.7721816926641520e+00, 1.0230109194039674e+00,
       1.3820864464064360e+00, 1.4498332989890550e+00,
       2.6470436031360509e+00, 1.7357320149141156e+00,
       2.6435537805433733e+00 ]
intactSigma:
   - !!opencv-matrix
      rows: 9
      cols: 9
      dt: d
      data: [ 1.6481815397985433e-01, 3.3393449466612657e-02,
          -6.8421354907807527e-02, 2.1066372927912993e-02,
          1.7359640140160771e-02, 2.6818950368634176e-02,
          1.1204836223146658e-02, 3.2602808296874693e-03,
          3.3589824329971194e-03, 3.3393449466612657e-02,
          2.8570762292972021e-02, -2.3131045019981263e-02,
          1.0199085753780006e-02, 1.4752041893908963e-02,
          2.3905471136435444e-02, 1.5697619906714758e-02,
          3.1899493950299927e-03, 6.6065026483210290e-03,
          -6.8421354907807527e-02, -2.3131045019981269e-02,
          2.6363934850182369e-01, -7.1373372009565325e-02,
          -3.7160225903644865e-02, -1.4708382780100332e-02,
          -1.7906633293517483e-02, -1.8844288223714183e-04,
          3.3877079627461916e-03, 2.1066372927912989e-02,
          1.0199085753780006e-02, -7.1373372009565325e-02,
          2.8598328180822221e-02, 1.4671447128230731e-02,
          9.2630794828761423e-03, 7.8142106724410909e-03,
          2.6140205422072458e-04, -1.5294962457821483e-03,
          1.7359640140160764e-02, 1.4752041893908963e-02,
          -3.7160225903644865e-02, 1.4671447128230731e-02,
          4.6283100449784488e-02, 1.2747126054704527e-02,
          1.4416855836918508e-02, 1.0551942852608943e-03,
          3.9943861881276783e-03, 2.6818950368634169e-02,
          2.3905471136435440e-02, -1.4708382780100325e-02,
          9.2630794828761371e-03, 1.2747126054704527e-02,
          9.0574794998800834e-02, 1.4267060477764108e-02,
          3.0966141546519416e-03, 5.5494048145256561e-03,
          1.1204836223146655e-02, 1.5697619906714758e-02,
          -1.7906633293517483e-02, 7.8142106724410892e-03,
          1.4416855836918509e-02, 1.4267060477764106e-02,
          3.9059110783033445e-02, 7.6983415881734334e-04,
          7.8646806672884612e-03, 3.2602808296874693e-03,
          3.1899493950299923e-03, -1.8844288223714235e-04,
          2.6140205422072458e-04, 1.0551942852608941e-03,
          3.0966141546519416e-03, 7.6983415881734323e-04,
          2.2680098504565909e-02, 7.9462795135269032e-04,
          3.3589824329971190e-03, 6.6065026483210273e-03,
          3.3877079627461916e-03, -1.5294962457821483e-03,
          3.9943861881276792e-03, 5.5494048145256561e-03,
          7.8646806672884612e-03, 7.9462795135269010e-04,
          9.3298736490433822e-03 ]
   - !!opencv-matrix
      rows: 9
      cols: 9
      dt: d
      data: [ 9.7113812860613435e-02, 2.2469601291214180e-02,
          -5.4848672207943525e-02, 1.5872022409088710e-02,
          8.9170083447142456e-03, 2.1051507230052849e-02,
          2.0100016648022367e-02, 1.6323277548490893e-03,
          9.7184540426791567e-03, 2.2469601291214180e-02,
          1.7248570559500478e-02, -2.0008004698749006e-02,
          6.3638373872258562e-03, 5.0824662468507420e-03,
          1.3386837328773967e-02, 9.5767291598163069e-03,
          2.8703645050599967e-03, 4.8745427551591105e-03,
          -5.4848672207943525e-02, -2.0008004698749006e-02,
          8.2223266650470403e-02, -1.9375685642414167e-02,
          -1.0880733199211196e-02, -1.5717624289562301e-02,
          -2.0197367363763145e-02, -2.7844656805914682e-04,
          -9.0824869574565609e-03, 1.5872022409088710e-02,
          6.3638373872258562e-03, -1.9375685642414167e-02,
          2.0285552266432381e-02, 3.2139237538172968e-03,
          5.5378439581827438e-03, 4.6756584582406703e-03,
          2.1829518081135945e-03, 1.3397220325567095e-03,
          8.9170083447142456e-03, 5.0824662468507420e-03,
          -1.0880733199211198e-02, 3.2139237538172968e-03,
          3.0960972044782851e-02, -1.6631609166378253e-04,
          3.6364171889917318e-03, -4.9213503287870173e-03,
          4.4120458232356896e-05, 2.1051507230052849e-02,
          1.3386837328773967e-02, -1.5717624289562297e-02,
          5.5378439581827438e-03, -1.6631609166378234e-04,
          7.1850281501087229e-02, 9.1204732428646820e-03,
          4.6182043540486054e-04, -4.0588653083223096e-03,
          2.0100016648022367e-02, 9.5767291598163069e-03,
          -2.0197367363763145e-02, 4.6756584582406703e-03,
          3.6364171889917318e-03, 9.1204732428646802e-03,
          1.3829946002673173e-02, -1.2884269766188291e-03,
          2.2809788701036323e-03, 1.6323277548490895e-03,
          2.8703645050599980e-03, -2.7844656805914785e-04,
          2.1829518081135954e-03, -4.9213503287870190e-03,
          4.6182043540486027e-04, -1.2884269766188286e-03,
          1.4679355020830070e-01, 4.4035137040969981e-03,
          9.7184540426791567e-03, 4.8745427551591105e-03,
          -9.0824869574565644e-03, 1.3397220325567095e-03,
          4.4120458232357032e-05, -4.0588653083223096e-03,
          2.2809788701036323e-03, 4.4035137040969981e-03,
          9.4193639240848032e-02 ]
   - !!opencv-matrix
      rows: 9
      cols: 9
      dt: d
      data: [ 6.2646500262543781e-01, 3.4271947684567600e-01,
          9.2156001719890634e-02, 7.8559935991415322e-02,
          7.1199765562980799e-02, 1.1408163770237463e-01,
          9.6833871720803155e-02, 1.3258862469584251e-01,
          1.4054691524887300e-01, 3.4271947684567600e-01,
          5.1626810294661585e-01, 5.3725608850503905e-02,
          1.1245384572160402e-01, 1.1331471693302099e-01,
          1.4022389688811329e-01, -4.6405440704628313e-02,
          1.8883458948344184e-01, 4.2056290421993194e-02,
          9.2156001719890634e-02, 5.3725608850503905e-02,
          2.7529034697358745e-01, -2.3602289972089144e-02,
          1.9563195933789555e-02, 3.7781174491079747e-02,
          1.4147799897154437e-01, -1.3726177796697124e-02,
          7.1016785655916542e-02, 7.8559935991415336e-02,
          1.1245384572160400e-01, -2.3602289972089144e-02,
          9.6425851477842980e-02, 5.7762779660627997e-02,
          6.4757418867862210e-02, -4.1818818695655492e-02,
          5.0475486816511685e-02, 4.1142015651728543e-02,
          7.1199765562980799e-02, 1.1331471693302098e-01,
          1.9563195933789555e-02, 5.7762779660627997e-02,
          3.7757050948729259e-01, 1.3993957945873492e-01,
          -1.0485785240206474e-01, 2.3930077287016429e-02,
          8.4290154929596590e-03, 1.1408163770237466e-01,
          1.4022389688811326e-01, 3.7781174491079747e-02,
          6.4757418867862210e-02, 1.3993957945873492e-01,
          2.1605914967900006e-01, -5.9155358424763244e-02,
          8.0555887081258187e-02, 9.8787955242726853e-03,
          9.6833871720803169e-02, -4.6405440704628327e-02,
          1.4147799897154437e-01, -4.1818818695655520e-02,
          -1.0485785240206474e-01, -5.9155358424763237e-02,
          6.5147298204123516e-01, -7.9316229036106897e-02,
          3.0199497193623526e-01, 1.3258862469584251e-01,
          1.8883458948344184e-01, -1.3726177796697124e-02,
          5.0475486816511685e-02, 2.3930077287016429e-02,
          8.0555887081258187e-02, -7.9316229036106897e-02,
          4.2697107200238743e-01, 6.2492609419213798e-03,
          1.4054691524887300e-01, 4.2056290421993194e-02,
          7.1016785655916542e-02, 4.1142015651728536e-02,
          8.4290154929596572e-03, 9.8787955242726853e-03,
          3.0199497193623526e-01, 6.2492609419213703e-03,
          5.2078017756011385e-01 ]
   - !!opencv-matrix
      rows: 9
      cols: 9
      dt: d
      data: [ 4.2742145047619096e-01, 1.7984313634634980e-01,
          2.4879027625550939e-04, 4.5625189030123983e-02,
          -1.3378679081711908e-01, 5.4496817727154458e-02,
          -1.3664026423521276e-02, 2.3179814511015556e-03,
          1.4904412320419886e-02, 1.7984313634634980e-01,
          4.6766412889971276e-01, -8.3940715117522560e-02,
          9.9769390460902455e-02, 1.2396810242293162e-01,
          -2.4209732166922383e-02, 3.4893210272169718e-02,
          9.8583547850462968e-03, -1.5007757782207379e-01,
          2.4879027625550700e-04, -8.3940715117522560e-02,
          1.2506496895008715e-01, -3.9805778353018163e-02,
          -3.9298536364183463e-02, 5.5483185706716946e-02,
          -5.3854635624480561e-03, 1.0529041374371776e-02,
          1.2760213969650286e-01, 4.5625189030123983e-02,
          9.9769390460902427e-02, -3.9805778353018163e-02,
          4.4623648697817223e-02, 2.1813184345795510e-02,
          -1.5989004904765885e-02, 4.4144949918942956e-03,
          -2.3345639189962658e-03, -5.9586257925071710e-02,
          -1.3378679081711903e-01, 1.2396810242293162e-01,
          -3.9298536364183463e-02, 2.1813184345795517e-02,
          4.3589195731379538e-01, -7.7668760728466402e-02,
          5.6728822304480432e-02, 1.4209951641994154e-02,
          -1.4663515051713891e-01, 5.4496817727154458e-02,
          -2.4209732166922390e-02, 5.5483185706716946e-02,
          -1.5989004904765888e-02, -7.7668760728466402e-02,
          1.0252250090799543e-01, -1.8802948631874037e-03,
          1.1975176611547605e-02, 1.5110370215841440e-01,
          -1.3664026423521276e-02, 3.4893210272169718e-02,
          -5.3854635624480552e-03, 4.4144949918942956e-03,
          5.6728822304480432e-02, -1.8802948631874022e-03,
          2.8448624439284108e-02, 5.1463492953314595e-03,
          -2.8952545254931311e-03, 2.3179814511015556e-03,
          9.8583547850462951e-03, 1.0529041374371774e-02,
          -2.3345639189962671e-03, 1.4209951641994154e-02,
          1.1975176611547605e-02, 5.1463492953314604e-03,
          9.5743469383440319e-02, 2.9044672658765706e-02,
          1.4904412320419886e-02, -1.5007757782207376e-01,
          1.2760213969650286e-01, -5.9586257925071710e-02,
          -1.4663515051713888e-01, 1.5110370215841440e-01,
          -2.8952545254931315e-03, 2.9044672658765706e-02,
          3.7764008031937979e-01 ]
   - !!opencv-matrix
      rows: 9
      cols: 9
      dt: d
      data: [ 6.5413698997859793e-01, 2.8020721165788542e-01,
          2.5817536939960958e-02, 2.3149656370045863e-02,
          3.2465768548240244e-02, 9.2834829392529558e-02,
          2.3991139856005941e-01, 2.9530088436385210e-01,
          3.0783378945164175e-01, 2.8020721165788542e-01,
          2.1739323619352183e-01, 3.5977546235807185e-02,
          1.0793415525988169e-02, 5.9684095383574401e-02,
          8.0309395620052043e-02, 1.3325811975560048e-01,
          9.9339380384169687e-02, 1.6877749298877856e-01,
          2.5817536939960955e-02, 3.5977546235807192e-02,
          5.0274991621783095e-02, -2.3594958135577899e-02,
          2.9126976890784886e-02, 2.0253406981640441e-02,
          -1.1831414921399162e-03, -4.5824873533446699e-02,
          -1.1208656022628365e-02, 2.3149656370045856e-02,
          1.0793415525988169e-02, -2.3594958135577899e-02,
          2.6288060004377875e-02, -6.3647849395564657e-03,
          1.1914438820007014e-03, 1.6050623565785103e-02,
          3.7389952232025403e-02, 2.7585706598421023e-02,
          3.2465768548240244e-02, 5.9684095383574401e-02,
          2.9126976890784886e-02, -6.3647849395564648e-03,
          2.4678873898062825e-01, 4.1845436515780765e-02,
          1.8071681647646397e-02, -1.7921286855140559e-01,
          -2.3210208000448297e-02, 9.2834829392529558e-02,
          8.0309395620052043e-02, 2.0253406981640441e-02,
          1.1914438820007014e-03, 4.1845436515780765e-02,
          7.1488145426090208e-02, 3.0532643085309251e-02,
          -2.2833695418632678e-02, 3.4519746377084395e-02,
          2.3991139856005941e-01, 1.3325811975560048e-01,
          -1.1831414921399152e-03, 1.6050623565785099e-02,
          1.8071681647646397e-02, 3.0532643085309251e-02,
          2.4252368704923699e-01, 2.1424790332761531e-01,
          2.4987437862579423e-01, 2.9530088436385210e-01,
          9.9339380384169687e-02, -4.5824873533446699e-02,
          3.7389952232025396e-02, -1.7921286855140559e-01,
          -2.2833695418632671e-02, 2.1424790332761531e-01,
          6.9294016071999243e-01, 3.4498134206953424e-01,
          3.0783378945164175e-01, 1.6877749298877856e-01,
          -1.1208656022628365e-02, 2.7585706598421023e-02,
          -2.3210208000448297e-02, 3.4519746377084395e-02,
          2.4987437862579423e-01, 3.4498134206953424e-01,
          3.7363003057090349e-01 ]
intactC: !!opencv-matrix
   rows: 1
   cols: 5
   dt: d
   data: [ 1.7479403771456176e-01, 4.0816208052555997e-01,
       1.4817299478582094e-01, 9.1771037600182015e-02,
       1.6783323126245273e-01 ]
intactNumEvents: 835214.
intactMaxVals: !!opencv-matrix
   rows: 1
   cols: 9
   dt: d
   data: [ 4.5000000000000000e+00, 4.5000000000000000e+00,
       4.5000000000000000e+00, 4.5000000000000000e+00,
       4.5000000000000000e+00, 4.5000000000000000e+00,
       4.5000000000000000e+00, 4.5000000000000000e+00,
       4.5000000000000000e+00 ]
CD19Gmmnames:
   - "CD19.632.0"
   - "CD19.632.1"
CD19Labels:
   - FSC-A
   - SSC-A
   - SY41
   - CD19
   - CD10
   - CD20
   - CD45
   - CD34
   - CD38
CD19Mu: !!opencv-matrix
   rows: 2
   cols: 9
   dt: d
   data: [ 1.3947995043115589e+00, 3.9855886826801518e-01,
       2.9631921692047598e+00, 2.8683995739413914e+00,
       8.9874482436522718e-01, 3.2056707834121476e+00,
       3.6691479787502232e+00, 1.1239050988306423e+00,
       1.6509479982586115e+00, 1.7201994142798018e+00,
       7.5141251568542788e-01, 3.2892552802720685e+00,
       2.7761419812327781e+00, 1.2567676766440268e+00,
       2.2894487704371014e+00, 3.3450457218030629e+00,
       1.4814992722775098e+00, 2.8798175213337815e+00 ]
CD19Sigma:
   - !!opencv-matrix
      rows: 9
      cols: 9
      dt: d
      data: [ 5.5610253241271931e-02, 9.2209267318834713e-03,
          -4.0021211024675443e-02, 1.4527872871369389e-02,
          4.4950646041081177e-03, 6.6199560646433208e-03,
          1.0108492321570517e-02, 1.8316570243469975e-03,
          7.4729345560673758e-03, 9.2209267318834713e-03,
          1.1304009338516071e-02, -1.2449023210632982e-02,
          6.7572310208869717e-03, 2.7570062849091733e-03,
          5.6890720779107402e-03, 4.7171293091327294e-03,
          1.9603775806673815e-03, 4.2963184276980275e-03,
          -4.0021211024675443e-02, -1.2449023210632982e-02,
          1.5975029000472196e-01, -2.5445621844605942e-02,
          -8.8508154643609990e-03, -1.7038972066211879e-02,
          -1.9980249791597356e-02, -1.0071987031502938e-03,
          -6.2193048570480299e-03, 1.4527872871369389e-02,
          6.7572310208869734e-03, -2.5445621844605942e-02,
          4.1258041921653707e-02, -2.9015440713222066e-04,
          1.2304613741660322e-02, 7.9499334092793909e-03,
          8.1653447130697896e-04, -2.5465167956245047e-04,
          4.4950646041081168e-03, 2.7570062849091742e-03,
          -8.8508154643609973e-03, -2.9015440713222159e-04,
          1.3763029857106168e-01, -6.4659370294596636e-03,
          2.9012017365691095e-03, -3.7037973341156002e-03,
          7.3119272946597716e-03, 6.6199560646433208e-03,
          5.6890720779107402e-03, -1.7038972066211879e-02,
          1.2304613741660322e-02, -6.4659370294596636e-03,
          3.0774285710177412e-02, 3.5337096427883355e-03,
          2.5959324472801010e-03, 4.6993065280935059e-03,
          1.0108492321570517e-02, 4.7171293091327286e-03,
          -1.9980249791597352e-02, 7.9499334092793909e-03,
          2.9012017365691095e-03, 3.5337096427883355e-03,
          1.3651191703570641e-02, -7.5360648099486165e-04,
          5.8331346102882230e-03, 1.8316570243469977e-03,
          1.9603775806673806e-03, -1.0071987031502931e-03,
          8.1653447130698004e-04, -3.7037973341155993e-03,
          2.5959324472801019e-03, -7.5360648099486165e-04,
          1.4628547796709218e-01, 1.4052531793445431e-03,
          7.4729345560673758e-03, 4.2963184276980293e-03,
          -6.2193048570480343e-03, -2.5465167956245026e-04,
          7.3119272946597699e-03, 4.6993065280935041e-03,
          5.8331346102882238e-03, 1.4052531793445409e-03,
          1.2156766705286451e-01 ]
   - !!opencv-matrix
      rows: 9
      cols: 9
      dt: d
      data: [ 4.9755005333207569e-01, 9.4155933310082984e-02,
          5.9314410562123420e-03, 8.1021616033167612e-02,
          3.3295957761346105e-02, 2.3350821086319717e-01,
          1.7614918426123977e-01, 3.8116264207456911e-03,
          -3.4863201299691213e-02, 9.4155933310082984e-02,
          7.8277179062187174e-02, 1.1468499459853806e-02,
          3.1151347012820730e-02, 1.2324429285821396e-02,
          1.6498828298538919e-02, 1.7709829671623833e-02,
          2.0755174309265073e-02, 5.8089889493580515e-02,
          5.9314410562123420e-03, 1.1468499459853803e-02,
          2.0005643096811337e-01, -6.0590029450309779e-03,
          1.0385842100869442e-02, -8.2374219782184552e-02,
          -3.4303964310053399e-02, 9.8100280677405061e-03,
          1.5441669147033277e-01, 8.1021616033167598e-02,
          3.1151347012820730e-02, -6.0590029450309797e-03,
          1.0097756268675269e-01, 4.1373952910229448e-03,
          1.0136597094114710e-01, 4.5115444342639803e-02,
          1.8322621290165510e-02, -6.7904724618879336e-02,
          3.3295957761346105e-02, 1.2324429285821396e-02,
          1.0385842100869442e-02, 4.1373952910229439e-03,
          3.2444034090594664e-01, 8.7807102403169565e-02,
          3.3662772743926955e-02, 4.9871049814137286e-02,
          1.2204801639504217e-01, 2.3350821086319717e-01,
          1.6498828298538919e-02, -8.2374219782184538e-02,
          1.0136597094114710e-01, 8.7807102403169593e-02,
          1.0934122221443554e+00, 3.9053058508920746e-01,
          5.5360407778700244e-02, -6.7975058551588119e-01,
          1.7614918426123977e-01, 1.7709829671623822e-02,
          -3.4303964310053399e-02, 4.5115444342639803e-02,
          3.3662772743926955e-02, 3.9053058508920746e-01,
          3.5501429745596397e-01, -1.8072207601119179e-02,
          -3.0148416846216236e-01, 3.8116264207456924e-03,
          2.0755174309265073e-02, 9.8100280677405009e-03,
          1.8322621290165514e-02, 4.9871049814137286e-02,
          5.5360407778700237e-02, -1.8072207601119179e-02,
          3.1949443105877562e-01, 3.6356343694123348e-02,
          -3.4863201299691220e-02, 5.8089889493580495e-02,
          1.5441669147033280e-01, -6.7904724618879336e-02,
          1.2204801639504217e-01, -6.7975058551588119e-01,
          -3.0148416846216236e-01, 3.6356343694123348e-02,
          1.2818932965748389e+00 ]
CD19C: !!opencv-matrix
   rows: 1
   cols: 2
   dt: d
   data: [ 8.0025919499125305e-03, 1.1774333399363192e-03 ]
CD19NumEvents: 7739.
CD19MaxVals: !!opencv-matrix
   rows: 1
   cols: 9
   dt: d
   data: [ 4.5000000000000000e+00, 4.5000000000000000e+00,
       4.5000000000000000e+00, 4.5000000000000000e+00,
       4.5000000000000000e+00, 4.5000000000000000e+00,
       4.5000000000000000e+00, 4.5000000000000000e+00,
       4.5000000000000000e+00 ]
blastGmmnames:
   - "blast.632.0"
blastLabels:
   - FSC-A
   - SSC-A
   - SY41
   - CD19
   - CD10
   - CD20
   - CD45
   - CD34
   - CD38
blastMu: !!opencv-matrix
   rows: 1
   cols: 9
   dt: d
   data: [ 1.5387317015700144e+00, 5.9854388318649709e-01,
       3.4485550188038445e+00, 3.2060075981976235e+00,
       3.1751658001991165e+00, 2.8393365095739496e+00,
       3.2498055288236434e+00, 1.6721267406254599e+00,
       3.4647510443648244e+00 ]
blastSigma:
   - !!opencv-matrix
      rows: 9
      cols: 9
      dt: d
      data: [ 2.6842992945600558e-01, 5.3491558053053327e-02,
          2.5855722417586491e-02, 6.4720343442776121e-02,
          -8.4275222735763038e-03, 2.1115262820753680e-02,
          5.3186040089191561e-02, 4.6908818765565248e-02,
          8.8616020115127675e-02, 5.3491558053053327e-02,
          5.2813229598020574e-02, -8.9107289535815502e-03,
          1.0148916525470033e-02, -2.9418516677800414e-04,
          2.9783133261188165e-02, 8.0290855123988768e-03,
          3.9067256206591197e-02, 1.9309760340127727e-02,
          2.5855722417586491e-02, -8.9107289535815502e-03,
          9.7220666442393605e-02, 1.7161230894163403e-02,
          -4.7724975724533067e-03, -4.6442511294421465e-02,
          -4.7251427465315509e-03, 3.4113927008586897e-02,
          7.7118727702868650e-02, 6.4720343442776121e-02,
          1.0148916525470033e-02, 1.7161230894163403e-02,
          4.3778988471420054e-02, 9.1999910566427177e-03,
          1.6351739687478512e-02, 1.7950612601424346e-02,
          8.9855880499106529e-03, 5.1750042439410622e-02,
          -8.4275222735763038e-03, -2.9418516677800414e-04,
          -4.7724975724533067e-03, 9.1999910566427177e-03,
          1.1279174535092112e-01, -2.0511501563890346e-02,
          1.4435770701901810e-02, -2.7491297761478437e-02,
          -7.6891186670970872e-04, 2.1115262820753680e-02,
          2.9783133261188165e-02, -4.6442511294421465e-02,
          1.6351739687478512e-02, -2.0511501563890346e-02,
          3.3810349612239876e-01, 5.0773370839832466e-02,
          -6.2104959870314023e-02, -5.1020400192362522e-02,
          5.3186040089191561e-02, 8.0290855123988768e-03,
          -4.7251427465315509e-03, 1.7950612601424346e-02,
          1.4435770701901810e-02, 5.0773370839832466e-02,
          8.0786281936380752e-02, -3.7208239708436883e-02,
          -3.8130088178159972e-02, 4.6908818765565248e-02,
          3.9067256206591197e-02, 3.4113927008586897e-02,
          8.9855880499106529e-03, -2.7491297761478437e-02,
          -6.2104959870314023e-02, -3.7208239708436883e-02,
          3.2346150077691499e-01, 1.1650320030467322e-01,
          8.8616020115127675e-02, 1.9309760340127727e-02,
          7.7118727702868650e-02, 5.1750042439410622e-02,
          -7.6891186670970872e-04, -5.1020400192362522e-02,
          -3.8130088178159972e-02, 1.1650320030467322e-01,
          3.3177891773884965e-01 ]
blastC: !!opencv-matrix
   rows: 1
   cols: 1
   dt: d
   data: [ 8.6592821573712952e-05 ]
blastNumEvents: 73.
blastMaxVals: !!opencv-matrix
   rows: 1
   cols: 9
   dt: d
   data: [ 4.5000000000000000e+00, 4.5000000000000000e+00,
       4.5000000000000000e+00, 4.5000000000000000e+00,
       4.5000000000000000e+00, 4.5000000000000000e+00,
       4.5000000000000000e+00, 4.5000000000000000e+00,
       4.5000000000000000e+00 ]
