%YAML:1.0
---
groups:
   - intact
   - CD19
   - blast
intactGmmnames:
   - "intact.632.0"
   - "intact.632.1"
   - "intact.632.2"
   - "intact.632.3"
   - "intact.632.4"
intactLabels:
   - FSC-A
   - SSC-A
   - SY41
   - CD19
   - CD10
   - CD20
   - CD45
   - CD34
   - CD38
intactMu: !!opencv-matrix
   rows: 5
   cols: 9
   dt: d
   data: [ 1.1076921335588632e+00, 3.3261772129370809e-01,
       3.4018398224606536e+00, 1.0136279870267020e+00,
       9.5463304900755641e-01, 1.0404644811032613e+00,
       1.4093471414311904e+00, 1.0985681729325405e+00,
       1.5441866322445217e+00, 1.2195624248304040e+00,
       3.3271483140626179e-01, 3.3214900521659909e+00,
       1.0642355985190768e+00, 8.9689613715930228e-01,
       9.3542597481827927e-01, 3.7175440371996782e+00,
       1.0877859142668977e+00, 1.6670950555061144e+00,
       1.9367770751337137e+00, 1.1413190477180828e+00,
       2.9522347506127784e+00, 1.3039724466934799e+00,
       1.3892928174143886e+00, 1.3581265741000552e+00,
       3.0221931159368456e+00, 1.6311214443440898e+00,
       2.3124357450653727e+00, 3.1510731088957056e+00,
       3.3678235928179876e+00, 3.2248559848935101e+00,
       1.6272196626662918e+00, 1.7873706037819701e+00,
       1.5633164760399285e+00, 3.0330914800829376e+00,
       1.2124141843306875e+00, 2.1329275856216161e+00,
       2.0348573827607552e+00, 1.1507272593170181e+00,
       3.7721816926641520e+00, 1.0230109194039674e+00,
       1.3820864464064360e+00, 1.4498332989890550e+00,
       2.6470436031360509e+00, 1.7357320149141156e+00,
       2.6435537805433733e+00 ]
intactSigma:
   - !!opencv-matrix
      rows: 9
      cols: 9
      dt: d
      data: [ 1.6481815397985433e-01, 3.3393449466612657e-02,
          -6.8421354907807527e-02, 2.1066372927912993e-02,
          1.7359640140160771e-02, 2.6818950368634176e-02,
          1.1204836223146658e-02, 3.2602808296874693e-03,
          3.3589824329971194e-03, 3.3393449466612657e-02,
          2.8570762292972021e-02, -2.3131045019981263e-02,
          1.0199085753780006e-02, 1.4752041893908963e-02,
          2.3905471136435444e-02, 1.5697619906714758e-02,
          3.1899493950299927e-03, 6.6065026483210290e-03,
          -6.8421354907807527e-02, -2.3131045019981269e-02,
          2.6363934850182369e-01, -7.1373372009565325e-02,
          -3.7160225903644865e-02, -1.4708382780100332e-02,
          -1.7906633293517483e-02, -1.8844288223714183e-04,
          3.3877079627461916e-03, 2.1066372927912989e-02,
          1.0199085753780006e-02, -7.1373372009565325e-02,
          2.8598328180822221e-02, 1.4671447128230731e-02,
          9.2630794828761423e-03, 7.8142106724410909e-03,
          2.6140205422072458e-04, -1.5294962457821483e-03,
          1.7359640140160764e-02, 1.4752041893908963e-02,
          -3.7160225903644865e-02, 1.4671447128230731e-02,
          4.6283100449784488e-02, 1.2747126054704527e-02,
          1.4416855836918508e-02, 1.0551942852608943e-03,
          3.9943861881276783e-03, 2.6818950368634169e-02,
          2.3905471136435440e-02, -1.4708382780100325e-02,
          9.2630794828761371e-03, 1.2747126054704527e-02,
          9.0574794998800834e-02, 1.4267060477764108e-02,
          3.0966141546519416e-03, 5.5494048145256561e-03,
          1.1204836223146655e-02, 1.5697619906714758e-02,
          -1.7906633293517483e-02, 7.8142106724410892e-03,
          1.4416855836918509e-02, 1.4267060477764106e-02,
          3.9059110783033445e-02, 7.6983415881734334e-04,
          7.8646806672884612e-03, 3.2602808296874693e-03,
          3.1899493950299923e-03, -1.8844288223714235e-04,
          2.6140205422072458e-04, 1.0551942852608941e-03,
          3.0966141546519416e-03, 7.6983415881734323e-04,
          2.2680098504565909e-02, 7.9462795135269032e-04,
          3.3589824329971190e-03, 6.6065026483210273e-03,
          3.3877079627461916e-03, -1.5294962457821483e-03,
          3.9943861881276792e-03, 5.5494048145256561e-03,
          7.8646806672884612e-03, 7.9462795135269010e-04,
          9.3298736490433822e-03 ]
   - !!opencv-matrix
      rows: 9
      cols: 9
      dt: d
      data: [ 9.7113812860613435e-02, 2.2469601291214180e-02,
          -5.4848672207943525e-02, 1.5872022409088710e-02,
          8.9170083447142456e-03, 2.1051507230052849e-02,
          2.0100016648022367e-02, 1.6323277548490893e-03,
          9.7184540426791567e-03, 2.2469601291214180e-02,
          1.7248570559500478e-02, -2.0008004698749006e-02,
          6.3638373872258562e-03, 5.0824662468507420e-03,
          1.3386837328773967e-02, 9.5767291598163069e-03,
          2.8703645050599967e-03, 4.8745427551591105e-03,
          -5.4848672207943525e-02, -2.0008004698749006e-02,
          8.2223266650470403e-02, -1.9375685642414167e-02,
          -1.0880733199211196e-02, -1.5717624289562301e-02,
          -2.0197367363763145e-02, -2.7844656805914682e-04,
          -9.0824869574565609e-03, 1.5872022409088710e-02,
          6.3638373872258562e-03, -1.9375685642414167e-02,
          2.0285552266432381e-02, 3.2139237538172968e-03,
          5.5378439581827438e-03, 4.6756584582406703e-03,
          2.1829518081135945e-03, 1.3397220325567095e-03,
          8.9170083447142456e-03, 5.0824662468507420e-03,
          -1.0880733199211198e-02, 3.2139237538172968e-03,
          3.0960972044782851e-02, -1.6631609166378253e-04,
          3.6364171889917318e-03, -4.9213503287870173e-03,
          4.4120458232356896e-05, 2.1051507230052849e-02,
          1.3386837328773967e-02, -1.5717624289562297e-02,
          5.5378439581827438e-03, -1.6631609166378234e-04,
          7.1850281501087229e-02, 9.1204732428646820e-03,
          4.6182043540486054e-04, -4.0588653083223096e-03,
          2.0100016648022367e-02, 9.5767291598163069e-03,
          -2.0197367363763145e-02, 4.6756584582406703e-03,
          3.6364171889917318e-03, 9.1204732428646802e-03,
          1.3829946002673173e-02, -1.2884269766188291e-03,
          2.2809788701036323e-03, 1.6323277548490895e-03,
          2.8703645050599980e-03, -2.7844656805914785e-04,
          2.1829518081135954e-03, -4.9213503287870190e-03,
          4.6182043540486027e-04, -1.2884269766188286e-03,
          1.4679355020830070e-01, 4.4035137040969981e-03,
          9.7184540426791567e-03, 4.8745427551591105e-03,
          -9.0824869574565644e-03, 1.3397220325567095e-03,
          4.4120458232357032e-05, -4.0588653083223096e-03,
          2.2809788701036323e-03, 4.4035137040969981e-03,
          9.4193639240848032e-02 ]
   - !!opencv-matrix
      rows: 9
      cols: 9
      dt: d
      data: [ 6.2646500262543781e-01, 3.4271947684567600e-01,
          9.2156001719890634e-02, 7.8559935991415322e-02,
          7.1199765562980799e-02, 1.1408163770237463e-01,
          9.6833871720803155e-02, 1.3258862469584251e-01,
          1.4054691524887300e-01, 3.4271947684567600e-01,
          5.1626810294661585e-01, 5.3725608850503905e-02,
          1.1245384572160402e-01, 1.1331471693302099e-01,
          1.4022389688811329e-01, -4.6405440704628313e-02,
          1.8883458948344184e-01, 4.2056290421993194e-02,
          9.2156001719890634e-02, 5.3725608850503905e-02,
          2.7529034697358745e-01, -2.3602289972089144e-02,
          1.9563195933789555e-02, 3.7781174491079747e-02,
          1.4147799897154437e-01, -1.3726177796697124e-02,
          7.1016785655916542e-02, 7.8559935991415336e-02,
          1.1245384572160400e-01, -2.3602289972089144e-02,
          9.6425851477842980e-02, 5.7762779660627997e-02,
          6.4757418867862210e-02, -4.1818818695655492e-02,
          5.0475486816511685e-02, 4.1142015651728543e-02,
          7.1199765562980799e-02, 1.1331471693302098e-01,
          1.9563195933789555e-02, 5.7762779660627997e-02,
          3.7757050948729259e-01, 1.3993957945873492e-01,
          -1.0485785240206474e-01, 2.3930077287016429e-02,
