%YAML:1.0
---
groups:
   - intact
   - CD19
   - blast
intactGmmnames:
   - "intact.632.0"
   - "intact.632.1"
   - "intact.632.2"
   - "intact.632.3"
   - "intact.632.4"
intactLabels:
   - FSC-A
   - SSC-A
   - SY41
   - CD19
   - CD10
   - CD20
   - CD45
   - CD34
   - CD38
intactMu: !!opencv-matrix
   rows: 5
   cols: 9
   dt: d
   data: [ 2.5659376432159475e+00, 1.4763220248201803e+00,
       3.4952513556427034e+00, 1.4002422582107534e+00,
       1.2829576286292610e+00, 1.4486839826334477e+00,
       2.7462045561491548e+00, 1.2050615732713550e+00,
       1.8048932721983242e+00, 1.7897742508631231e+00,
       5.7389068811559252e-01, 3.3188040773101162e+00,
       1.1371214549309645e+00, 9.3418304447267164e-01,
       1.0125172443568160e+00, 3.7308492361669083e+00,
       1.0958088709695450e+00, 2.0057719733942982e+00,
       1.0532068189647823e+00, 4.5945579559069955e-01,
       3.6988465871178056e+00, 9.5612904560138934e-01,
       1.0896382818930730e+00, 1.1274707476436439e+00,
       1.4108523592413753e+00, 1.0608583731910004e+00,
       1.5697119035594338e+00, 2.5839725411951076e+00,
       3.3685807159660848e+00, 3.4905541246182121e+00,
       1.5888744748569610e+00, 1.9366559551434002e+00,
       1.2869742984302248e+00, 2.8318022999251036e+00,
       1.1400704510100377e+00, 1.6179796031558442e+00,
       1.1757090728689381e+00, 2.8258731728471309e-01,
       3.4746069414783212e+00, 1.0242983867727284e+00,
       8.7912456407413586e-01, 8.6516461032391001e-01,
       3.5310248348065478e+00, 1.0603027272937602e+00,
       1.6369691442214938e+00 ]
intactSigma:
   - !!opencv-matrix
      rows: 9
      cols: 9
      dt: d
      data: [ 9.9634149506516712e-01, 1.6151505519245027e-01,
          -8.3021408085315107e-02, 7.2561189956075287e-02,
          -1.1539918442648447e-01, -4.1664972354051109e-02,
          2.4041457744703626e-01, -3.9386146441799386e-02,
          -1.1714316809788400e-02, 1.6151505519245024e-01,
          7.9041815413720062e-01, 4.0989097481794563e-03,
          2.6065192727951020e-01, 2.5899189904008961e-02,
          1.6864354376995352e-01, 7.4907070564171924e-02,
          4.2031340960642434e-02, -2.8379577479715401e-03,
          -8.3021408085315107e-02, 4.0989097481794528e-03,
          1.2063166019761007e-01, -6.6358203551799610e-02,
          7.4914768853769891e-03, 4.8382711386320406e-03,
          -1.0950581444503747e-01, -2.8772073659328948e-03,
          -9.7600009786950014e-03, 7.2561189956075300e-02,
          2.6065192727951020e-01, -6.6358203551799610e-02,
          3.2610418698475102e-01, 1.0312365979438680e-01,
          2.4182156785282272e-01, 1.3430776539227735e-01,
          3.7145793548087738e-02, 6.5464710449636779e-04,
          -1.1539918442648445e-01, 2.5899189904008958e-02,
          7.4914768853769909e-03, 1.0312365979438681e-01,
          4.0110810979739475e-01, 1.9188107553014841e-01,
          -9.3869371231985799e-02, 6.1014141304545917e-02,
          2.4388220575372717e-02, -4.1664972354051109e-02,
          1.6864354376995352e-01, 4.8382711386320406e-03,
          2.4182156785282272e-01, 1.9188107553014841e-01,
          4.1326186153199385e-01, -5.6857615942553048e-03,
          7.1635376120981156e-02, 2.6528178639447991e-02,
          2.4041457744703620e-01, 7.4907070564171924e-02,
          -1.0950581444503750e-01, 1.3430776539227735e-01,
          -9.3869371231985771e-02, -5.6857615942553083e-03,
          1.0159763981265728e+00, 3.0331106924720106e-03,
          1.3870384890833681e-01, -3.9386146441799379e-02,
          4.2031340960642441e-02, -2.8772073659328961e-03,
          3.7145793548087738e-02, 6.1014141304545931e-02,
          7.1635376120981156e-02, 3.0331106924720089e-03,
          1.9403239686903784e-01, 4.9599206083273208e-02,
          -1.1714316809788395e-02, -2.8379577479715448e-03,
          -9.7600009786950014e-03, 6.5464710449636779e-04,
          2.4388220575372710e-02, 2.6528178639447998e-02,
          1.3870384890833684e-01, 4.9599206083273222e-02,
          2.7888424266023365e-01 ]
   - !!opencv-matrix
      rows: 9
      cols: 9
      dt: d
      data: [ 8.3036419873554007e-02, 4.4995165991346484e-03,
          1.1033306358097033e-03, 1.6643618603712515e-03,
          -1.6688243430387781e-04, 2.9681035032772638e-03,
          -2.4637031972255348e-03, 2.5250385747157822e-03,
          1.1564158678448979e-02, 4.4995165991346484e-03,
          2.2234643366423699e-02, -1.0344658557471850e-03,
          4.3608311899468871e-03, 3.8256759136696995e-03,
          9.6763075932836205e-03, 6.1885074986929162e-03,
          3.7989152591042623e-03, 2.9627841010208364e-02,
          1.1033306358097042e-03, -1.0344658557471847e-03,
          3.6190727937216961e-03, -4.7482642996931847e-04,
          4.6034986832761388e-07, 1.6315916226889355e-03,
          2.3193773805644838e-04, -5.8752402768946493e-05,
          -9.8957608728845060e-03, 1.6643618603712504e-03,
          4.3608311899468863e-03, -4.7482642996931864e-04,
          1.8688033178917325e-02, 7.9004785161770419e-04,
          1.8623589749054775e-03, 8.5551732866072632e-04,
          2.2704257694741237e-03, 4.3389069518830091e-03,
          -1.6688243430387759e-04, 3.8256759136696995e-03,
          4.6034986832760610e-07, 7.9004785161770376e-04,
          3.1552807599119048e-02, -2.9814813111369194e-03,
          1.3372207102470893e-03, -5.6407973253684209e-03,
          4.1332404822442832e-04, 2.9681035032772638e-03,
          9.6763075932836222e-03, 1.6315916226889355e-03,
          1.8623589749054768e-03, -2.9814813111369194e-03,
          7.1129298361753024e-02, 4.5358133312080494e-03,
          2.0092032016483829e-04, -7.2228908091601703e-03,
          -2.4637031972255348e-03, 6.1885074986929170e-03,
          2.3193773805644846e-04, 8.5551732866072600e-04,
          1.3372207102470889e-03, 4.5358133312080494e-03,
          1.2118222862033441e-02, -7.0508942759284112e-04,
          -1.0686217542410417e-02, 2.5250385747157822e-03,
          3.7989152591042618e-03, -5.8752402768946358e-05,
          2.2704257694741228e-03, -5.6407973253684192e-03,
          2.0092032016483846e-04, -7.0508942759284080e-04,
          1.7987093296274295e-01, 1.3671864710077301e-02,
          1.1564158678448976e-02, 2.9627841010208357e-02,
          -9.8957608728845060e-03, 4.3389069518830091e-03,
          4.1332404822442821e-04, -7.2228908091601781e-03,
          -1.0686217542410417e-02, 1.3671864710077294e-02,
          3.1574118086775799e-01 ]
   - !!opencv-matrix
      rows: 9
      cols: 9
      dt: d
      data: [ 1.6020801249025796e-01, 5.8804988184287053e-02,
          1.3703835698793042e-02, 1.0168674098307955e-03,
          3.9729921015154844e-02, 5.7123364487429378e-02,
          6.3820352659377202e-02, 2.5425501695733907e-03,
          1.1091494608584050e-02, 5.8804988184287053e-02,
          4.2085712547585807e-02, 1.6297693248504799e-02,
          -2.7641488132616678e-03, 2.3439985647755061e-02,
          3.8919640067185388e-02, 3.9737503087577217e-02,
          2.4081830424922241e-03, 7.7154618399538624e-03,
          1.3703835698793038e-02, 1.6297693248504799e-02,
          3.2212530144911974e-02, -1.5311062659432184e-02,
          4.3615127206618242e-03, 1.7306616898775641e-02,
          1.5528200087795841e-02, 1.5588408258646160e-03,
          5.6062998809228012e-03, 1.0168674098307955e-03,
          -2.7641488132616678e-03, -1.5311062659432184e-02,
          1.3566251972420814e-02, 1.7135035230974951e-03,
          -3.0937989427280879e-03, -2.7241278184265737e-03,
          -4.0968826027039899e-04, -3.0594590746479268e-03,
          3.9729921015154844e-02, 2.3439985647755061e-02,
          4.3615127206618242e-03, 1.7135035230974962e-03,
          1.0855627848716598e-01, 1.7069990876321311e-02,
          4.1341936493292944e-02, 5.6988240633679946e-04,
