%YAML:1.0
---
groups:
   - intact
   - CD19
intactGmmnames:
   - "intact.637.0"
   - "intact.637.1"
   - "intact.637.2"
   - "intact.637.3"
   - "intact.637.4"
intactLabels:
   - FSC-A
   - SSC-A
   - SY41
   - CD19
   - CD10
   - CD20
   - CD45
   - CD34
   - CD38
intactMu: !!opencv-matrix
   rows: 5
   cols: 9
   dt: d
   data: [ 1.4334475527840991e+00, 3.2618381201257318e-01,
       3.3992577512576707e+00, 1.0358385271342898e+00,
       9.2068934349588782e-01, 1.0941682870342893e+00,
       3.6141224703175938e+00, 1.0728122812430174e+00,
       1.6725712363559133e+00, 2.8290362776052578e+00,
       3.7592704160498980e+00, 3.2168872340685155e+00,
       1.7114897825025595e+00, 2.0591457714217620e+00,
       1.4230206764411404e+00, 3.1145776364375259e+00,
       1.1426103095117306e+00, 1.6136186127974912e+00,
       1.0919154463323468e+00, 3.9081614568848216e-01,
       3.5911974307297556e+00, 9.3727025423746901e-01,
       1.0792295817503743e+00, 1.1481999301194170e+00,
       1.3187336704970352e+00, 1.0854713035469441e+00,
       1.5285506202962857e+00, 2.3400111169634958e+00,
       1.7963681799285032e+00, 3.2458987671327240e+00,
       1.4634907172075071e+00, 1.5730131510870498e+00,
       1.6867698264237592e+00, 2.5826550490150817e+00,
       1.4180999571954598e+00, 1.8976366011407257e+00,
       2.5121515421605007e+00, 1.9580092259837076e+00,
       3.4805595221066139e+00, 1.3053258904130975e+00,
       1.1300190534865358e+00, 1.4237160009276038e+00,
       3.3184428674517079e+00, 1.4283943527692899e+00,
       2.6400491878793728e+00 ]
intactSigma:
   - !!opencv-matrix
      rows: 9
      cols: 9
      dt: d
      data: [ 1.6806778967348965e-01, 1.8226386490982606e-02,
          -4.0485210935596316e-02, 1.8209019773126875e-02,
          9.4652966470870955e-03, 2.8807438805922018e-02,
          2.5986011059785066e-02, -2.0635085568900531e-03,
          -1.4300812961287709e-02, 1.8226386490982602e-02,
          1.0075544565843312e-02, -4.8844598605552224e-03,
          3.5099754667893036e-03, 4.1157267671385221e-03,
          9.8345974515232047e-03, 6.4321015202388077e-03,
          6.3053500226874454e-04, -4.8498848692385289e-03,
          -4.0485210935596316e-02, -4.8844598605552224e-03,
          3.5841475445502702e-02, -1.2087571537556565e-02,
          -5.6264933818831499e-03, -6.1021602558937720e-03,
          -7.3908621677501616e-03, 5.8352521435161924e-04,
          4.3183869977370089e-03, 1.8209019773126878e-02,
          3.5099754667893028e-03, -1.2087571537556565e-02,
          1.9985290669280429e-02, 2.8807554631003407e-03,
          4.7484272369679890e-03, 3.3163526126374502e-03,
          1.6554360138986901e-03, -5.1889819761095531e-03,
          9.4652966470870955e-03, 4.1157267671385230e-03,
          -5.6264933818831499e-03, 2.8807554631003407e-03,
          4.3546662804166539e-02, -1.1534850362009221e-03,
          3.0927118491574580e-03, -5.3978344799191355e-03,
          -2.5799029944539942e-03, 2.8807438805922014e-02,
          9.8345974515232047e-03, -6.1021602558937729e-03,
          4.7484272369679890e-03, -1.1534850362009217e-03,
          6.6861886444216340e-02, 7.5240086012068243e-03,
          5.6053919801765575e-04, -7.5537967235157271e-03,
          2.5986011059785066e-02, 6.4321015202388077e-03,
          -7.3908621677501616e-03, 3.3163526126374502e-03,
          3.0927118491574585e-03, 7.5240086012068269e-03,
          1.2141821309696639e-02, -2.0705439196268987e-03,
          -4.7008990271187904e-03, -2.0635085568900522e-03,
          6.3053500226874454e-04, 5.8352521435161891e-04,
          1.6554360138986894e-03, -5.3978344799191355e-03,
          5.6053919801765542e-04, -2.0705439196268996e-03,
          1.3863092145671549e-01, 2.4000811112989467e-03,
          -1.4300812961287704e-02, -4.8498848692385280e-03,
          4.3183869977370089e-03, -5.1889819761095531e-03,
          -2.5799029944539942e-03, -7.5537967235157280e-03,
          -4.7008990271187904e-03, 2.4000811112989467e-03,
          4.8824881983195276e-02 ]
   - !!opencv-matrix
      rows: 9
      cols: 9
      dt: d
      data: [ 3.8065467690022087e-01, 1.1414391010216143e-01,
          4.8380615633204178e-02, 1.2120954731275760e-02,
          -4.8086574741934993e-02, 1.7064603790749231e-02,
          4.3483404168331921e-02, -9.4347697566551458e-04,
          3.5191153144099797e-02, 1.1414391010216143e-01,
          2.8761952717749023e-01, 3.1667663255937027e-02,
          3.9656161953748000e-02, 6.7242460145567062e-02,
          1.0041255680555054e-02, 5.9100976824189362e-02,
          8.3582749395675494e-03, 4.4479286777972943e-03,
          4.8380615633204165e-02, 3.1667663255937027e-02,
          4.3611227444318522e-02, -1.7122570646951208e-03,
          -2.4160130256513295e-02, -5.5543784130264963e-03,
          2.4009364353425561e-02, 9.7850103329336644e-04,
          1.8600936072328784e-02, 1.2120954731275760e-02,
          3.9656161953748000e-02, -1.7122570646951215e-03,
          2.3414463039476762e-02, 1.3847798540849325e-02,
          7.5254902028755975e-03, 4.8434039916110568e-03,
          3.1943289065781430e-03, -8.0411306539509651e-03,
          -4.8086574741934993e-02, 6.7242460145567062e-02,
          -2.4160130256513288e-02, 1.3847798540849322e-02,
          3.6750315093228070e-01, 2.0672568149834911e-02,
          6.0177549120452381e-02, 9.9344840235225749e-03,
          -4.4049727613667142e-02, 1.7064603790749224e-02,
          1.0041255680555050e-02, -5.5543784130264971e-03,
          7.5254902028755993e-03, 2.0672568149834911e-02,
          7.1912319962674207e-02, 4.6433140019569328e-03,
          6.3713461572121668e-03, -2.9922060372264713e-03,
          4.3483404168331914e-02, 5.9100976824189369e-02,
          2.4009364353425561e-02, 4.8434039916110568e-03,
          6.0177549120452381e-02, 4.6433140019569328e-03,
          7.6075878650503387e-02, 2.6921988747716386e-03,
          8.4740942544902081e-03, -9.4347697566551567e-04,
          8.3582749395675494e-03, 9.7850103329336687e-04,
          3.1943289065781430e-03, 9.9344840235225731e-03,
          6.3713461572121677e-03, 2.6921988747716399e-03,
          8.2305548373669699e-02, 5.8634124449625439e-04,
          3.5191153144099784e-02, 4.4479286777972969e-03,
          1.8600936072328784e-02, -8.0411306539509651e-03,
          -4.4049727613667135e-02, -2.9922060372264735e-03,
          8.4740942544902064e-03, 5.8634124449625439e-04,
          4.9182781446251704e-02 ]
   - !!opencv-matrix
      rows: 9
      cols: 9
      dt: d
      data: [ 4.3127818579625166e-01, 6.6946092893591602e-02,
          -5.2690051295709431e-02, 4.2592107980476773e-02,
          7.2663505769443484e-02, 6.6692349865392131e-02,
          3.7861124774423917e-02, -1.9137274277887188e-03,
          4.3612414148462069e-03, 6.6946092893591602e-02,
          4.4054233800715610e-02, -6.4406722013019549e-03,
          1.3217437577114804e-02, 4.1020449163751978e-02,
          3.3410451975172117e-02, 1.9821541171090730e-02,
          3.2122680261354236e-03, 5.7168344076168635e-03,
          -5.2690051295709431e-02, -6.4406722013019566e-03,
          1.0970167976465658e-01, -5.6878063162817002e-02,
          -2.9979163473594313e-02, -2.1310017573326102e-03,
          -8.3382623643989198e-03, 6.0199035222924888e-03,
          6.5146463241828757e-03, 4.2592107980476773e-02,
          1.3217437577114804e-02, -5.6878063162817002e-02,
          3.9680430504097600e-02, 2.8569551161179256e-02,
          1.1213436214615593e-02, 9.8903526544334153e-03,
          -2.2397805543598994e-03, -3.1648112384361662e-03,
          7.2663505769443471e-02, 4.1020449163751978e-02,
          -2.9979163473594292e-02, 2.8569551161179256e-02,
          1.5478981178371018e-01, 4.4397067990601287e-02,
          4.2702136562241345e-02, 1.9573575294071196e-03,
