%YAML:1.0
---
groups:
   - intact
   - CD19
   - blast
intactGmmnames:
   - "intact.640.0"
   - "intact.640.1"
   - "intact.640.2"
   - "intact.640.3"
   - "intact.640.4"
intactLabels:
   - FSC-A
   - SSC-A
   - SY41
   - CD19
   - CD10
   - CD20
   - CD45
   - CD34
   - CD38
intactMu: !!opencv-matrix
   rows: 5
   cols: 9
   dt: d
   data: [ 1.4789398685301196e+00, 2.7091798335570316e-01,
       3.9271551036216015e+00, 7.2867519300428374e-01,
       8.5030006814744952e-01, 9.6944205936395400e-01,
       3.6177076613106478e+00, 1.1043709400220156e+00,
       1.8117764578735180e+00, 2.4979091746800828e+00,
       3.2454718164818495e+00, 3.6989215879663884e+00,
       1.6285419404572257e+00, 2.6136762598817835e+00,
       1.4054689559162836e+00, 3.2145140069246665e+00,
       1.3526397097201388e+00, 1.7200547966912831e+00,
       1.8255154022032059e+00, 1.4164081626361267e+00,
       3.1525365838275690e+00, 1.3830684369248492e+00,
       1.4573822479850114e+00, 1.3135018245862358e+00,
       1.6716280326937316e+00, 1.4453486249928778e+00,
       1.6438535325193067e+00, 1.8273867734955875e+00,
       1.0978241654001817e+00, 3.9241582971112132e+00,
       1.2146878448112981e+00, 1.5496523324886713e+00,
       1.4546539789155126e+00, 3.6020966904780116e+00,
       1.3145993728716929e+00, 1.9157608908786257e+00,
       1.7849500903388826e+00, 4.9730937622341609e-01,
       3.6530685620283294e+00, 9.2969089092233637e-01,
       9.4207065545797009e-01, 1.1054927327132571e+00,
       3.7646899538455370e+00, 1.1304302700239617e+00,
       2.0070072095379294e+00 ]
intactSigma:
   - !!opencv-matrix
      rows: 9
      cols: 9
      dt: d
      data: [ 7.0774693457741358e-02, 5.4200602119110737e-03,
          -9.7147939141185059e-03, 1.0975372367444372e-02,
          5.6547207309441917e-03, 1.0011644105410946e-02,
          9.1013279075322032e-03, -1.7694383674875100e-03,
          -4.8114418923723666e-03, 5.4200602119110746e-03,
          6.4624982510827792e-03, -1.0169892483834850e-03,
          2.6014071147437610e-03, 3.1756717245034899e-03,
          8.4131091399340212e-03, 3.5248064423754905e-03,
          4.2201882202594972e-04, -2.6735349773767880e-03,
          -9.7147939141185059e-03, -1.0169892483834846e-03,
          6.6167488834392640e-03, -6.4670063621752993e-03,
          -2.8624827281090695e-03, -1.0360072555858245e-03,
          -2.5224678740813802e-03, 8.9722160461428206e-04,
          9.5146055097575081e-04, 1.0975372367444372e-02,
          2.6014071147437605e-03, -6.4670063621752993e-03,
          2.1308091357315637e-02, 4.6947442911147285e-03,
          4.1976501226264661e-03, 2.6517990610974715e-03,
          3.6620600940042586e-04, -3.3285067285284331e-03,
          5.6547207309441934e-03, 3.1756717245034899e-03,
          -2.8624827281090695e-03, 4.6947442911147285e-03,
          3.6841735050854245e-02, 1.9481489084146418e-04,
          2.6615001213543253e-03, -3.2679487492386240e-03,
          -1.9489019908077640e-03, 1.0011644105410947e-02,
          8.4131091399340212e-03, -1.0360072555858245e-03,
          4.1976501226264652e-03, 1.9481489084146410e-04,
          1.0072191076170281e-01, 5.9755710360633353e-03,
          1.4392749168415152e-03, -8.1074305965121319e-03,
          9.1013279075322032e-03, 3.5248064423754905e-03,
          -2.5224678740813807e-03, 2.6517990610974715e-03,
          2.6615001213543253e-03, 5.9755710360633353e-03,
          9.7960753520459319e-03, -2.3460841435918294e-03,
          -2.8699575204462549e-03, -1.7694383674875089e-03,
          4.2201882202594999e-04, 8.9722160461428249e-04,
          3.6620600940042640e-04, -3.2679487492386240e-03,
          1.4392749168415135e-03, -2.3460841435918290e-03,
          1.2036814896211337e-01, 1.3027576099932921e-03,
          -4.8114418923723657e-03, -2.6735349773767880e-03,
          9.5146055097575103e-04, -3.3285067285284344e-03,
          -1.9489019908077629e-03, -8.1074305965121284e-03,
          -2.8699575204462549e-03, 1.3027576099932927e-03,
          2.5679727587931963e-02 ]
   - !!opencv-matrix
      rows: 9
      cols: 9
      dt: d
      data: [ 2.7885213961014527e-01, 1.4741522026432755e-01,
          -2.2324740484329867e-02, 4.7711767594234511e-02,
          7.6594045593369837e-03, 2.9645684711535773e-02,
          3.8610582832121409e-03, 4.6103234691111800e-03,
          -6.0516407036336633e-04, 1.4741522026432755e-01,
          3.3119067702487537e-01, -1.5585384205088135e-02,
          8.4196990240203010e-02, 4.4978788412926192e-02,
          3.5266292510242304e-02, 1.0938318427277303e-02,
          1.4144153961238946e-02, 4.0739129722997951e-04,
          -2.2324740484329867e-02, -1.5585384205088135e-02,
          7.5161928088214883e-02, -3.9576288068654292e-02,
          -1.7078745947648286e-02, -8.4434635676927210e-03,
          -1.4079630839863130e-02, 7.0469433414945709e-04,
          4.3187963433356713e-03, 4.7711767594234511e-02,
          8.4196990240202982e-02, -3.9576288068654271e-02,
          6.6209160889670271e-02, 2.0735521789232211e-02,
          1.5981444705587548e-02, 1.1104265709865533e-02,
          5.7357415355641381e-03, -5.9432377320257695e-03,
          7.6594045593369846e-03, 4.4978788412926206e-02,
          -1.7078745947648286e-02, 2.0735521789232211e-02,
          2.3412643424283608e-01, 9.8468498339291267e-03,
          3.9502599838850412e-02, 6.4895163893364267e-03,
          -7.9241126805147111e-03, 2.9645684711535763e-02,
          3.5266292510242304e-02, -8.4434635676927244e-03,
          1.5981444705587548e-02, 9.8468498339291301e-03,
          6.5355202037756494e-02, 1.2222383237986363e-02,
          1.0415031511852595e-02, -8.2533543407956479e-04,
          3.8610582832121422e-03, 1.0938318427277303e-02,
          -1.4079630839863130e-02, 1.1104265709865533e-02,
          3.9502599838850412e-02, 1.2222383237986363e-02,
          3.9445687253605768e-02, 4.0983852086157336e-03,
          -4.2162281133323572e-03, 4.6103234691111782e-03,
          1.4144153961238946e-02, 7.0469433414945741e-04,
          5.7357415355641355e-03, 6.4895163893364267e-03,
          1.0415031511852593e-02, 4.0983852086157327e-03,
          1.0349477219976391e-01, 1.5306919184443011e-03,
          -6.0516407036336590e-04, 4.0739129722997940e-04,
          4.3187963433356713e-03, -5.9432377320257695e-03,
          -7.9241126805147111e-03, -8.2533543407956500e-04,
          -4.2162281133323572e-03, 1.5306919184443009e-03,
          1.4171568678683901e-02 ]
   - !!opencv-matrix
      rows: 9
      cols: 9
      dt: d
      data: [ 6.0564720675438999e-01, 4.3618334577807838e-01,
          -8.5543906136275133e-02, 1.5374929732667605e-01,
          7.1730045801014969e-02, 4.6914319830762601e-02,
          8.8842734640384183e-02, 5.6010232610490172e-02,
          -1.4962314981786261e-02, 4.3618334577807838e-01,
          1.0606727788708188e+00, -5.4507393697834167e-02,
          2.9943785439343057e-01, 1.0856603663474489e-01,
          1.7294375202591150e-01, 1.3945181331233694e-01,
          9.0211865099560806e-02, -3.8456956457347570e-02,
          -8.5543906136275133e-02, -5.4507393697834187e-02,
          5.3971646493543723e-01, -1.1622356936144240e-01,
          1.6548659868060051e-01, 1.9700956792512958e-01,
          1.6362514189085152e-02, 4.5162923942405772e-02,
          4.1829071749544242e-02, 1.5374929732667608e-01,
          2.9943785439343057e-01, -1.1622356936144240e-01,
          2.2265395591661949e-01, 1.3061833050289687e-01,
          3.9137316104198967e-02, 6.4405035885667442e-02,
          7.4762884626268691e-02, -9.4224623290502189e-03,
          7.1730045801014997e-02, 1.0856603663474493e-01,
          1.6548659868060048e-01, 1.3061833050289687e-01,
          4.6253734535688651e-01, 1.2546983095855568e-01,
