%YAML:1.0
---
groups:
   - intact
   - CD19
   - blast
intactGmmnames:
   - "intact.640.0"
   - "intact.640.1"
   - "intact.640.2"
   - "intact.640.3"
   - "intact.640.4"
intactLabels:
   - FSC-A
   - SSC-A
   - SY41
   - CD19
   - CD10
   - CD20
   - CD45
   - CD34
   - CD38
intactMu: !!opencv-matrix
   rows: 5
   cols: 9
   dt: d
   data: [ 1.5630640618801528e+00, 5.2748276262448923e-01,
       3.3522489289152348e+00, 1.0322807360915702e+00,
       1.1860648113122714e+00, 1.0779965262406797e+00,
       3.7418501668709507e+00, 1.1427341729851634e+00,
       1.7657902455698866e+00, 1.2171115926783875e+00,
       2.4718968573202921e-01, 3.8522944943811432e+00,
       7.6086055357086013e-01, 7.8653319273470945e-01,
       9.0490664256455122e-01, 3.5979454718022019e+00,
       1.0857930800479847e+00, 1.6186787466112056e+00,
       2.5608662015317116e+00, 3.2209518887735213e+00,
       3.3036902348098036e+00, 1.7143651055528768e+00,
       2.3313522903129194e+00, 2.0444020073654459e+00,
       3.5615417473291697e+00, 1.4857123389156244e+00,
       1.4291134189169212e+00, 1.3567229162813890e+00,
       3.3980759540973288e-01, 3.7136989578439707e+00,
       8.5721698890299458e-01, 8.3811464042325856e-01,
       1.0290490125113450e+00, 3.6635536772899355e+00,
       1.1015579686518955e+00, 1.4652663302856170e+00,
       1.8795096574075074e+00, 1.2589956314238964e+00,
       3.2930452192067796e+00, 1.1715471219719669e+00,
       1.2044037446475433e+00, 1.3371520021878107e+00,
       2.4850621013330159e+00, 1.4337698143318198e+00,
       1.4848707986273861e+00 ]
intactSigma:
   - !!opencv-matrix
      rows: 9
      cols: 9
      dt: d
      data: [ 1.2595626990028233e-01, 2.2037875595463653e-02,
          -4.2615602276872062e-02, 2.0338118325388746e-02,
          -4.4163380329356461e-02, 1.6957491835877705e-02,
          1.2242977065010645e-02, 5.2536686561938176e-03,
          3.3811939502030083e-02, 2.2037875595463656e-02,
          4.1625314290104326e-02, -1.0601853074455487e-02,
          1.2086332780909920e-02, -3.7646547295534828e-02,
          2.0339818905437471e-02, 1.0868338527368928e-02,
          1.1251297422111027e-02, 7.8996852461625439e-02,
          -4.2615602276872062e-02, -1.0601853074455490e-02,
          1.2520441828491186e-01, -3.9409769332553933e-02,
          5.4028248676044305e-02, -8.5788613015141766e-03,
          -1.7337992678795502e-02, 4.9266525392882661e-03,
          -2.0227710473372660e-02, 2.0338118325388749e-02,
          1.2086332780909920e-02, -3.9409769332553933e-02,
          4.1959438891636114e-02, -2.1468817919088303e-02,
          1.0982612193471667e-02, 7.2892661838420969e-03,
          3.9934261060821895e-03, 2.3513598679258778e-02,
          -4.4163380329356461e-02, -3.7646547295534821e-02,
          5.4028248676044291e-02, -2.1468817919088303e-02,
          2.0791513808007467e-01, -2.9366983669327162e-02,
          -1.8397885541154336e-02, -1.0242277469885493e-02,
          -8.5180469173735215e-02, 1.6957491835877705e-02,
          2.0339818905437471e-02, -8.5788613015141783e-03,
          1.0982612193471665e-02, -2.9366983669327169e-02,
          8.6970956797410931e-02, 8.4240318878375242e-03,
          8.0030628956542903e-03, 1.3353792699205327e-02,
          1.2242977065010648e-02, 1.0868338527368930e-02,
          -1.7337992678795502e-02, 7.2892661838420978e-03,
          -1.8397885541154336e-02, 8.4240318878375242e-03,
          1.7572405630193206e-02, -7.7458453479431783e-05,
          1.2862903189978554e-02, 5.2536686561938176e-03,
          1.1251297422111024e-02, 4.9266525392882652e-03,
          3.9934261060821903e-03, -1.0242277469885489e-02,
          8.0030628956542903e-03, -7.7458453479431770e-05,
          1.7002521222776038e-01, 3.5652049344712382e-02,
          3.3811939502030083e-02, 7.8996852461625439e-02,
          -2.0227710473372656e-02, 2.3513598679258785e-02,
          -8.5180469173735229e-02, 1.3353792699205324e-02,
          1.2862903189978561e-02, 3.5652049344712375e-02,
          6.1991114119613067e-01 ]
   - !!opencv-matrix
      rows: 9
      cols: 9
      dt: d
      data: [ 4.4350898807046915e-02, 2.3055388293477704e-03,
          -9.4267770549067882e-03, 9.3851265162074888e-03,
          4.8724508579426739e-03, 8.1665559892747375e-03,
          5.5474729647705693e-03, -7.2147721513266243e-04,
          1.0961576853771035e-03, 2.3055388293477708e-03,
          4.5140033457341773e-03, -5.6277660071537422e-04,
          1.3300338563600623e-03, 2.1549235481195111e-03,
          5.4638099694207512e-03, 1.3683215325353362e-03,
          4.0144699626330695e-04, -1.7948650979367061e-03,
          -9.4267770549067882e-03, -5.6277660071537422e-04,
          6.5929370815526233e-03, -5.6042783012487055e-03,
          -3.0262594868356103e-03, -2.1932119004130406e-03,
          -2.3960337410412784e-03, 5.4546574917363358e-04,
          6.9631632614734588e-04, 9.3851265162074888e-03,
          1.3300338563600623e-03, -5.6042783012487055e-03,
          1.7574839150026843e-02, 3.0046105755999353e-03,
          3.1981505447480543e-03, 1.7089642495637040e-03,
          7.6276081466160784e-04, -2.5608349403445823e-03,
          4.8724508579426739e-03, 2.1549235481195107e-03,
          -3.0262594868356103e-03, 3.0046105755999353e-03,
          3.3932381298170070e-02, -1.9167521846510391e-03,
          1.9279740545107898e-03, -4.2145514068885146e-03,
          -3.2300176134116357e-03, 8.1665559892747392e-03,
          5.4638099694207512e-03, -2.1932119004130410e-03,
          3.1981505447480564e-03, -1.9167521846510387e-03,
          9.3146863811991512e-02, 3.4856858986399698e-03,
          7.1836862012601037e-04, -1.1038943739129883e-02,
          5.5474729647705711e-03, 1.3683215325353362e-03,
          -2.3960337410412788e-03, 1.7089642495637038e-03,
          1.9279740545107898e-03, 3.4856858986399689e-03,
          5.8903015187834950e-03, -1.7495234604485430e-03,
          -3.7614980273016365e-03, -7.2147721513266211e-04,
          4.0144699626330663e-04, 5.4546574917363369e-04,
          7.6276081466160816e-04, -4.2145514068885129e-03,
          7.1836862012600994e-04, -1.7495234604485424e-03,
          1.1453044578610723e-01, 3.0982843438830659e-03,
          1.0961576853771040e-03, -1.7948650979367061e-03,
          6.9631632614734599e-04, -2.5608349403445827e-03,
          -3.2300176134116370e-03, -1.1038943739129881e-02,
          -3.7614980273016361e-03, 3.0982843438830659e-03,
          1.2365513332110627e-01 ]
   - !!opencv-matrix
      rows: 9
      cols: 9
      dt: d
      data: [ 4.8535777040009015e-01, 5.6914670345661134e-01,
          -4.3544067094937196e-02, 4.4669479367208276e-02,
          2.3758432331675949e-01, -6.3563805046610244e-02,
          9.5923711797621884e-03, 6.7521612985533414e-02,
          -5.1882261937410287e-02, 5.6914670345661134e-01,
          1.4031564997409498e+00, -8.6213173060746620e-02,
          8.6217792659525741e-02, 5.6020106838350736e-01,
          -2.0181574697929386e-01, 4.1406446070189418e-03,
          1.4070121981053677e-01, -1.8005546948565945e-01,
          -4.3544067094937203e-02, -8.6213173060746634e-02,
          8.5301550345720678e-02, -1.8539773845254147e-02,
          -4.5161646751900361e-02, 2.8251086834121576e-02,
          -6.1445241199336177e-04, -1.0953783525609996e-02,
          2.0055267377061835e-02, 4.4669479367208269e-02,
          8.6217792659525741e-02, -1.8539773845254150e-02,
          7.5574186126711518e-02, 2.7058394218616839e-02,
          2.1877243295179469e-02, 6.5341352014038146e-03,
          1.3187166343123315e-02, -3.0824029256116572e-02,
          2.3758432331675944e-01, 5.6020106838350736e-01,
          -4.5161646751900361e-02, 2.7058394218616839e-02,
          3.9371892014732635e-01, -8.0785377970532299e-02,
