%YAML:1.0
---
groups:
   - intact
   - CD19
   - blast
intactGmmnames:
   - "intact.644.0"
   - "intact.644.1"
   - "intact.644.2"
   - "intact.644.3"
   - "intact.644.4"
intactLabels:
   - FSC-A
   - SSC-A
   - SY41
   - CD19
   - CD10
   - CD20
   - CD45
   - CD34
   - CD38
intactMu: !!opencv-matrix
   rows: 5
   cols: 9
   dt: d
   data: [ 1.5092877267312212e+00, 4.0848592434536340e-01,
       3.4640303177841032e+00, 9.3654439630259301e-01,
       8.4383721101134701e-01, 9.3593493578718323e-01,
       3.7262142244994796e+00, 1.0506541471275779e+00,
       1.6926927452963410e+00, 2.9259912379722346e+00,
       2.9120387032297841e+00, 3.5491253728925769e+00,
       1.4966837449764303e+00, 2.4504204479952238e+00,
       1.1761515069138300e+00, 2.8941827067977650e+00,
       1.1031845092438526e+00, 1.7785591263762179e+00,
       2.5090046890621238e+00, 1.8210590060107161e+00,
       3.5976513128387548e+00, 1.2287091877701446e+00,
       1.4966547249426863e+00, 1.2244587930141129e+00,
       2.5988953356206577e+00, 1.1697886782712221e+00,
       2.0785651430510366e+00, 1.4246877897191921e+00,
       4.3072668342426584e-01, 3.6411401817310658e+00,
       8.4621479853829340e-01, 1.1236685853545871e+00,
       9.5637913461483903e-01, 1.4784974671117754e+00,
       1.0419050804117778e+00, 1.5079999308767729e+00,
       1.9817884434658630e+00, 8.9998236921719321e-01,
       3.7298431358538333e+00, 1.8144958371638102e+00,
       3.3754712816228487e+00, 1.3646552525454105e+00,
       2.7853465949137375e+00, 1.7136666220775472e+00,
       1.8122469488446202e+00 ]
intactSigma:
   - !!opencv-matrix
      rows: 9
      cols: 9
      dt: d
      data: [ 8.3799382638966080e-02, 1.9048650944751437e-02,
          -1.8295307060176222e-02, 1.6200763551846190e-02,
          3.5861070995252221e-03, 7.3502694609787044e-03,
          1.7234298338148126e-02, 8.5731131377787592e-05,
          3.2493896573988330e-02, 1.9048650944751437e-02,
          1.6218781162651533e-02, -1.1049152041567008e-02,
          9.0677487313227650e-03, 3.9988071533702844e-03,
          8.3234052644666975e-03, 1.3264194747098485e-02,
          1.3371821918560106e-03, 9.0438769368359536e-03,
          -1.8295307060176222e-02, -1.1049152041567010e-02,
          3.3165501679777380e-02, -1.4071057237615580e-02,
          -6.6009594788598008e-03, -6.1960870762416426e-03,
          -1.2309754733731177e-02, -9.6850187952616140e-04,
          -6.2087468865919052e-03, 1.6200763551846201e-02,
          9.0677487313227632e-03, -1.4071057237615580e-02,
          3.6884269838764486e-02, 4.6955714057564952e-03,
          4.9173242460240508e-03, 7.9672795799781149e-03,
          1.9694973957340564e-03, 3.6207422214883469e-03,
          3.5861070995252221e-03, 3.9988071533702844e-03,
          -6.6009594788597999e-03, 4.6955714057564969e-03,
          3.6903309129510134e-02, 6.0286385718057059e-04,
          4.4599524356753227e-03, -5.6065830057531307e-03,
          -4.0921948858692343e-03, 7.3502694609787044e-03,
          8.3234052644666975e-03, -6.1960870762416426e-03,
          4.9173242460240508e-03, 6.0286385718057048e-04,
          4.3131992809726155e-02, 9.6124382956617183e-03,
          -6.3986034259456233e-04, -1.7085155103874157e-02,
          1.7234298338148126e-02, 1.3264194747098485e-02,
          -1.2309754733731179e-02, 7.9672795799781131e-03,
          4.4599524356753227e-03, 9.6124382956617183e-03,
          2.2458873465772106e-02, -2.0632693899443723e-03,
          -1.2578923614289738e-02, 8.5731131377787402e-05,
          1.3371821918560106e-03, -9.6850187952616195e-04,
          1.9694973957340568e-03, -5.6065830057531324e-03,
          -6.3986034259456265e-04, -2.0632693899443715e-03,
          1.7422889809817224e-01, 1.3781216520802464e-02,
          3.2493896573988316e-02, 9.0438769368359536e-03,
          -6.2087468865919052e-03, 3.6207422214883478e-03,
          -4.0921948858692369e-03, -1.7085155103874154e-02,
          -1.2578923614289743e-02, 1.3781216520802468e-02,
          2.7740917749171351e-01 ]
   - !!opencv-matrix
      rows: 9
      cols: 9
      dt: d
      data: [ 3.0368320655573089e-01, 2.0839579458270802e-01,
          -1.8067470159957452e-02, 6.1441390950150380e-02,
          -9.1597905178237207e-03, 3.5994733824492940e-02,
          -2.6479321221955249e-03, 7.0751116957095362e-03,
          2.7821066541834440e-02, 2.0839579458270802e-01,
          3.4566691395206300e-01, -1.8276554294595050e-02,
          8.7979400131796365e-02, 3.8935661295458494e-02,
          4.7194760593752327e-02, 2.4843713950156495e-02,
          1.2340323812784834e-02, 3.5690830837753401e-02,
          -1.8067470159957452e-02, -1.8276554294595061e-02,
          3.0685329453805619e-02, -1.6069357873567905e-02,
          -4.5282697562336448e-03, -3.1566291681034285e-03,
          -2.8945492922525058e-03, -1.0847417668046462e-03,
          -9.7376868989116846e-04, 6.1441390950150387e-02,
          8.7979400131796351e-02, -1.6069357873567905e-02,
          5.3334391817524869e-02, 1.3167230591844450e-02,
          1.3636590559528036e-02, 7.0742547183132868e-03,
          3.7182609065617798e-03, 4.0672373395163634e-03,
          -9.1597905178237207e-03, 3.8935661295458494e-02,
          -4.5282697562336474e-03, 1.3167230591844450e-02,
          1.0854005913401928e-01, 5.7202204951105288e-03,
          3.6226177482224037e-02, 1.8898119766637316e-03,
          2.2867844256825272e-04, 3.5994733824492940e-02,
          4.7194760593752327e-02, -3.1566291681034285e-03,
          1.3636590559528032e-02, 5.7202204951105288e-03,
          3.7254787739200969e-02, 4.4773025064694313e-03,
          1.6058908773809771e-03, 5.5236542160946580e-03,
          -2.6479321221955241e-03, 2.4843713950156495e-02,
          -2.8945492922525053e-03, 7.0742547183132868e-03,
          3.6226177482224037e-02, 4.4773025064694313e-03,
          4.1200096670986300e-02, -1.5980611772779623e-03,
          -4.1537502614855566e-03, 7.0751116957095345e-03,
          1.2340323812784829e-02, -1.0847417668046460e-03,
          3.7182609065617806e-03, 1.8898119766637322e-03,
          1.6058908773809771e-03, -1.5980611772779627e-03,
          6.2957398687049373e-02, 3.4191013119191272e-03,
          2.7821066541834433e-02, 3.5690830837753394e-02,
          -9.7376868989116727e-04, 4.0672373395163651e-03,
          2.2867844256825308e-04, 5.5236542160946580e-03,
          -4.1537502614855575e-03, 3.4191013119191267e-03,
          6.1609888632799349e-02 ]
   - !!opencv-matrix
      rows: 9
      cols: 9
      dt: d
      data: [ 7.1682854798577844e-01, 4.2740124483839420e-01,
          -4.0725793473731795e-03, 1.1326177634234599e-01,
          -1.3622216767019724e-01, 2.7491161424938893e-02,
          1.4802965001325508e-01, -1.0715775918219424e-02,
          8.2513314837606277e-03, 4.2740124483839420e-01,
          8.5875526705167748e-01, -6.5108877136318716e-02,
          2.5987072166161856e-01, 2.6903607300840578e-02,
          6.7590334484259884e-02, 2.6397133488635488e-01,
          5.0753585953751314e-03, 1.5885608399679608e-02,
          -4.0725793473731847e-03, -6.5108877136318716e-02,
          1.4420586279351458e-01, -9.3803207852047224e-02,
          1.3190530927746739e-02, -8.3827695688135327e-03,
          -4.5077928567656196e-02, -2.2361273638480304e-02,
          4.2699678417009973e-02, 1.1326177634234599e-01,
          2.5987072166161856e-01, -9.3803207852047238e-02,
          1.6727505052871938e-01, 2.1994234172188213e-02,
          3.1124596901584742e-02, 9.4408575634279776e-02,
          1.9531994207765462e-02, -1.5664183088743917e-02,
          -1.3622216767019726e-01, 2.6903607300840567e-02,
          1.3190530927746739e-02, 2.1994234172188206e-02,
          3.3094583805100675e-01, 3.7710997813376335e-02,
