%YAML:1.0
---
groups:
   - intact
   - CD19
   - blast
intactGmmnames:
   - "intact.649.0"
   - "intact.649.1"
   - "intact.649.2"
   - "intact.649.3"
   - "intact.649.4"
intactLabels:
   - FSC-A
   - SSC-A
   - SY41
   - CD19
   - CD10
   - CD20
   - CD45
   - CD34
   - CD38
intactMu: !!opencv-matrix
   rows: 5
   cols: 9
   dt: d
   data: [ 1.3844353453889917e+00, 4.4012709229447389e-01,
       2.8684350077387308e+00, 1.1118145919934839e+00,
       9.5012270670788879e-01, 1.0509831191653871e+00,
       3.7814503110469206e+00, 1.0619886520241770e+00,
       1.6891838467950986e+00, 2.1175227801226937e+00,
       1.4332687289703476e+00, 3.2142445012399299e+00,
       1.3666306516351330e+00, 1.5018830609394114e+00,
       1.4553514650308510e+00, 2.8559877259331645e+00,
       1.4467089382441680e+00, 2.1555388331222138e+00,
       1.0996966379891771e+00, 2.5078797503112255e-01,
       3.2304129843830514e+00, 9.6355491810233851e-01,
       8.8721628167932709e-01, 9.3236975814644796e-01,
       3.6641978426874626e+00, 1.0508379503395833e+00,
       1.8587550002129465e+00, 1.0231573116427528e+00,
       3.8529244185608341e-01, 3.2325770855553633e+00,
       8.6898889598894735e-01, 1.0434352781487919e+00,
       1.0282416919447830e+00, 1.3952005909798026e+00,
       1.0936642075452303e+00, 1.4545915484638103e+00,
       2.6970971548518077e+00, 2.9812296627553487e+00,
       3.1095360590611119e+00, 1.7237606844178666e+00,
       1.7845866388578837e+00, 1.2386603940004053e+00,
       2.8726038946969399e+00, 1.1262682131442197e+00,
       1.4594665263105886e+00 ]
intactSigma:
   - !!opencv-matrix
      rows: 9
      cols: 9
      dt: d
      data: [ 7.7845942461824469e-02, 1.3149407677198700e-02,
          -4.4499279802636467e-02, 1.5862182990623086e-02,
          4.0589142863901272e-03, 8.5848659659912094e-03,
          4.6417125350177342e-03, 3.7755308263163828e-04,
          -2.1197227545636816e-02, 1.3149407677198700e-02,
          1.7702991380729071e-02, -2.1156320310177570e-02,
          1.2451387723879262e-02, 3.9041199405565833e-03,
          9.6828135947287560e-03, 6.1955337158233603e-03,
          -2.6223304389415909e-04, 2.2886162597174158e-03,
          -4.4499279802636467e-02, -2.1156320310177567e-02,
          1.3370655686968122e-01, -4.0852383633216742e-02,
          -1.0759446459992593e-02, -8.3018605421272366e-03,
          -1.6841595363655613e-02, 3.2173151569881600e-03,
          2.4901384809902560e-02, 1.5862182990623086e-02,
          1.2451387723879262e-02, -4.0852383633216742e-02,
          7.3397764679343155e-02, 5.6379817964791693e-03,
          7.1473315196179492e-03, 7.0201094131190755e-03,
          3.9686453609786418e-03, -1.7288948800712117e-02,
          4.0589142863901272e-03, 3.9041199405565824e-03,
          -1.0759446459992592e-02, 5.6379817964791693e-03,
          3.9636169783820105e-02, -2.0109308111512228e-03,
          2.0175215391442292e-03, -6.9861794400323000e-03,
          -9.0337380277916522e-03, 8.5848659659912077e-03,
          9.6828135947287525e-03, -8.3018605421272349e-03,
          7.1473315196179492e-03, -2.0109308111512236e-03,
          6.5538517957598644e-02, 3.7477557542216788e-03,
          -4.3995126968182630e-04, -1.7238098728850001e-02,
          4.6417125350177351e-03, 6.1955337158233603e-03,
          -1.6841595363655610e-02, 7.0201094131190772e-03,
          2.0175215391442292e-03, 3.7477557542216788e-03,
          1.1211425046640796e-02, -3.1798121868575899e-03,
          -1.1058567889935277e-02, 3.7755308263163828e-04,
          -2.6223304389415893e-04, 3.2173151569881609e-03,
          3.9686453609786418e-03, -6.9861794400323009e-03,
          -4.3995126968182576e-04, -3.1798121868575886e-03,
          1.6400685086363587e-01, 1.5215594835182636e-02,
          -2.1197227545636823e-02, 2.2886162597174158e-03,
          2.4901384809902560e-02, -1.7288948800712117e-02,
          -9.0337380277916522e-03, -1.7238098728849995e-02,
          -1.1058567889935277e-02, 1.5215594835182639e-02,
          3.9101710896212843e-01 ]
   - !!opencv-matrix
      rows: 9
      cols: 9
      dt: d
      data: [ 7.5446164227993828e-01, 5.0659564621444841e-01,
          6.1876485674500305e-02, 1.7669952989093371e-01,
          3.7204317762318903e-02, 1.5152318357419228e-01,
          9.3257097536433090e-02, 3.3648026699156382e-03,
          3.1146483393272077e-02, 5.0659564621444841e-01,
          9.2411843446698605e-01, 8.8355919332863981e-03,
          3.2543572623100370e-01, 1.2048315764346125e-01,
          1.7889826147448587e-01, 1.5616578491388419e-01,
          1.2491412577273120e-02, -1.3876046101468167e-02,
          6.1876485674500305e-02, 8.8355919332864102e-03,
          3.0242668018947433e-01, -1.0327461473363203e-01,
          1.4880329795432405e-02, 4.6394802187151009e-02,
          -6.0938195572745905e-03, 8.3255818898297362e-03,
          8.2288404233863896e-02, 1.7669952989093371e-01,
          3.2543572623100370e-01, -1.0327461473363203e-01,
          3.7410406702269822e-01, 1.4937043328148025e-01,
          1.6112885064823670e-01, 1.3197936040118430e-01,
          6.7384469655261042e-02, -4.0998522857629290e-02,
          3.7204317762318910e-02, 1.2048315764346128e-01,
          1.4880329795432407e-02, 1.4937043328148025e-01,
          3.8354449611072627e-01, 7.3503231705977085e-02,
          6.9012696967573575e-02, 4.1615478943264006e-02,
          -7.8934676918743882e-02, 1.5152318357419228e-01,
          1.7889826147448587e-01, 4.6394802187151009e-02,
          1.6112885064823670e-01, 7.3503231705977085e-02,
          2.3422295192742096e-01, 1.9599935499349401e-02,
          4.7205887788313181e-02, -2.2888229630341037e-03,
          9.3257097536433062e-02, 1.5616578491388419e-01,
          -6.0938195572745983e-03, 1.3197936040118430e-01,
          6.9012696967573575e-02, 1.9599935499349411e-02,
          6.7524640737418806e-01, 4.2498430574989969e-02,
          2.3021726676259840e-01, 3.3648026699156382e-03,
          1.2491412577273132e-02, 8.3255818898297362e-03,
          6.7384469655261042e-02, 4.1615478943263999e-02,
          4.7205887788313181e-02, 4.2498430574989962e-02,
          3.1379462655149615e-01, 1.0713984827265520e-01,
          3.1146483393272084e-02, -1.3876046101468162e-02,
          8.2288404233863924e-02, -4.0998522857629276e-02,
          -7.8934676918743868e-02, -2.2888229630341037e-03,
          2.3021726676259840e-01, 1.0713984827265520e-01,
          6.0996822075765933e-01 ]
   - !!opencv-matrix
      rows: 9
      cols: 9
      dt: d
      data: [ 4.1243563083613564e-02, 4.1943219047142159e-03,
          -2.6090181097073079e-02, 1.2720219647682563e-02,
          3.9441810320476559e-03, 6.8280974642167943e-03,
          8.1822481402801309e-03, -1.0738140136441442e-03,
          3.0772582113954895e-03, 4.1943219047142159e-03,
          4.4800303236123672e-03, -5.0290239297202883e-03,
          3.8965257688965420e-03, 1.7571333706787437e-03,
          5.6026819950808510e-03, 2.4762372965090630e-03,
          2.7734026166851752e-05, -4.8756183072462926e-03,
          -2.6090181097073079e-02, -5.0290239297202874e-03,
          4.3757545735009562e-02, -1.9427681378142537e-02,
          -6.2257269274060174e-03, -6.7828454008267997e-03,
          -9.8374042139990729e-03, 1.9621215502891570e-03,
          3.0606501513987315e-03, 1.2720219647682562e-02,
          3.8965257688965411e-03, -1.9427681378142537e-02,
          5.3685940287565126e-02, 3.9775997787256769e-03,
          6.1564446585624525e-03, 4.5585604656509654e-03,
          1.7570211005603273e-03, -1.0751274976558766e-02,
          3.9441810320476559e-03, 1.7571333706787435e-03,
          -6.2257269274060174e-03, 3.9775997787256769e-03,
          3.4147690728660300e-02, -1.9966840061936579e-03,
          1.9224975251009501e-03, -4.8298174380167636e-03,
