%YAML:1.0
---
groups:
   - intact
   - CD19
intactGmmnames:
   - "intact.650.0"
   - "intact.650.1"
   - "intact.650.2"
   - "intact.650.3"
   - "intact.650.4"
intactLabels:
   - FSC-A
   - SSC-A
   - SY41
   - CD19
   - CD10
   - CD20
   - CD45
   - CD34
   - CD38
intactMu: !!opencv-matrix
   rows: 5
   cols: 9
   dt: d
   data: [ 2.0984998973910218e+00, 3.3281091465452683e+00,
       3.2126821841124871e+00, 1.7882985998363798e+00,
       1.9639865058515280e+00, 1.5272759308541055e+00,
       3.1997225759134436e+00, 1.0796505778936154e+00,
       1.4864144698093607e+00, 7.8241144225888148e-01,
       5.0855747473155866e-01, 3.2451127134866966e+00,
       1.0531053173248772e+00, 1.0267080210885335e+00,
       1.3144444108473814e+00, 1.3682735336509846e+00,
       1.0598550568898555e+00, 1.4919133450466426e+00,
       2.1056121977941169e+00, 3.2787309283901691e+00,
       3.2697921777787879e+00, 1.7364028442164297e+00,
       1.2891561198044603e+00, 1.6245028935239596e+00,
       2.9344527676134384e+00, 1.0589344308356070e+00,
       1.6758935070050689e+00, 9.6868638318517530e-01,
       3.2138997398477370e-01, 3.1590384911649529e+00,
       1.1105716377377022e+00, 9.6456881443553277e-01,
       1.0949646827068746e+00, 3.4521043283991144e+00,
       9.8748649319974802e-01, 1.6420154106894866e+00,
       1.9428735023021702e+00, 2.0595595888541358e+00,
       3.3563486071355255e+00, 1.5031557683210284e+00,
       1.4006082848122583e+00, 1.6998677786148275e+00,
       2.8764399045635796e+00, 1.2363760547982436e+00,
       2.3311851245954678e+00 ]
intactSigma:
   - !!opencv-matrix
      rows: 9
      cols: 9
      dt: d
      data: [ 3.7849503473952462e-01, 7.5279079762314779e-02,
          -7.4030763033348180e-03, 3.5353959072972278e-02,
          -5.9573072859452493e-02, 5.6094460770681635e-02,
          1.4501990722681012e-02, 2.4316902081224638e-04,
          3.4274554074935704e-03, 7.5279079762314779e-02,
          5.9157845328728387e-01, 2.7336581474098353e-02,
          6.4475368999175137e-02, 1.2652891492226450e-02,
          6.5439989907149373e-02, 3.8349969542093229e-02,
          2.9951403221996090e-02, -1.3514688639530150e-02,
          -7.4030763033348197e-03, 2.7336581474098346e-02,
          7.3667427153929314e-03, 2.7862893440454050e-03,
          2.5165210202426321e-03, 4.2111003553952624e-03,
          2.2166398709601342e-03, 2.7536838617355677e-03,
          -8.0400073108669230e-04, 3.5353959072972285e-02,
          6.4475368999175137e-02, 2.7862893440454050e-03,
          3.6411730921802790e-02, -8.6353512800695803e-04,
          1.6403396729488342e-02, 5.4672791817769470e-03,
          4.7039987102442228e-03, -8.1126360331318249e-03,
          -5.9573072859452493e-02, 1.2652891492226453e-02,
          2.5165210202426321e-03, -8.6353512800695803e-04,
          3.6044354670141282e-01, 1.2803011060147996e-02,
          2.3806015263704825e-02, -2.9064660077351861e-03,
          -9.1667699368236065e-03, 5.6094460770681635e-02,
          6.5439989907149373e-02, 4.2111003553952624e-03,
          1.6403396729488342e-02, 1.2803011060147992e-02,
          7.3192902876780278e-02, 1.3953850022285733e-02,
          8.3751568582223698e-03, -3.2613804800339890e-04,
          1.4501990722681012e-02, 3.8349969542093229e-02,
          2.2166398709601342e-03, 5.4672791817769470e-03,
          2.3806015263704829e-02, 1.3953850022285733e-02,
          2.1438381334897842e-02, 2.4099355946714031e-04,
          -1.9090982458199077e-03, 2.4316902081224679e-04,
          2.9951403221996090e-02, 2.7536838617355673e-03,
          4.7039987102442220e-03, -2.9064660077351870e-03,
          8.3751568582223733e-03, 2.4099355946714048e-04,
          1.2698519924410154e-01, 3.3053440323879578e-03,
          3.4274554074935691e-03, -1.3514688639530150e-02,
          -8.0400073108669251e-04, -8.1126360331318231e-03,
          -9.1667699368236100e-03, -3.2613804800339896e-04,
          -1.9090982458199075e-03, 3.3053440323879586e-03,
          2.5312514208880286e-02 ]
   - !!opencv-matrix
      rows: 9
      cols: 9
      dt: d
      data: [ 7.8598528037882615e-02, 3.4982795859092225e-02,
          1.7767575213293828e-02, 5.4343408772734615e-03,
          1.1021127276071895e-02, 3.5554514455128430e-02,
          2.6253106041352382e-02, 2.8458352895352344e-03,
          3.5086794184025802e-03, 3.4982795859092225e-02,
          7.1406732469633069e-02, 2.1740537483509882e-02,
          1.3967661845520835e-02, 3.3849001666170025e-02,
          5.6323862173663704e-02, 3.3972519250298122e-02,
          1.0622926929270566e-02, 5.9365444247162285e-03,
          1.7767575213293828e-02, 2.1740537483509882e-02,
          2.0868523275382061e-02, 3.4698195616515400e-04,
          9.0408414206096382e-03, 2.0741455883524138e-02,
          1.1259614483440015e-02, 3.2398782488087131e-03,
          2.1207272465155538e-03, 5.4343408772734615e-03,
          1.3967661845520837e-02, 3.4698195616515389e-04,
          1.9403159697527823e-02, 9.7740295449714517e-03,
          1.2427421471977819e-02, 6.4967039949573946e-03,
          3.2992329998061337e-03, -1.5187412175528849e-03,
          1.1021127276071895e-02, 3.3849001666170025e-02,
          9.0408414206096400e-03, 9.7740295449714517e-03,
          7.5419856678506272e-02, 2.6034822087937611e-02,
          2.1599683788078573e-02, 7.3763928065899856e-03,
          3.2298819832887590e-03, 3.5554514455128416e-02,
          5.6323862173663718e-02, 2.0741455883524138e-02,
          1.2427421471977815e-02, 2.6034822087937611e-02,
          1.0268622359610353e-01, 3.3844069883676976e-02,
          1.0838715931313088e-02, 5.5495438072124892e-03,
          2.6253106041352382e-02, 3.3972519250298122e-02,
          1.1259614483440015e-02, 6.4967039949573964e-03,
          2.1599683788078573e-02, 3.3844069883676976e-02,
          1.0694167169417902e-01, 3.1305299391189241e-03,
          3.4642498631260602e-03, 2.8458352895352336e-03,
          1.0622926929270566e-02, 3.2398782488087109e-03,
          3.2992329998061337e-03, 7.3763928065899856e-03,
          1.0838715931313086e-02, 3.1305299391189241e-03,
          5.0769853605405230e-02, 1.1777240997064709e-03,
          3.5086794184025802e-03, 5.9365444247162285e-03,
          2.1207272465155538e-03, -1.5187412175528849e-03,
          3.2298819832887590e-03, 5.5495438072124892e-03,
          3.4642498631260610e-03, 1.1777240997064703e-03,
          6.3389103015022872e-03 ]
   - !!opencv-matrix
      rows: 9
      cols: 9
      dt: d
      data: [ 2.8910105816800535e-01, 1.1924483997120854e-01,
          3.3685589369823070e-02, 2.5864223303199561e-02,
          2.1708911950546635e-02, 4.4264997678720656e-02,
          -1.9252175498591335e-02, 1.1123222027806634e-02,
          4.4830832631572351e-02, 1.1924483997120859e-01,
          5.9599194456954530e-01, 2.6349550148552770e-02,
          8.7773118195439537e-02, 5.8611274539688181e-02,
          5.4109707194259199e-02, 8.2357751971319962e-02,
          1.5969102201219925e-02, -7.9085970416963788e-03,
          3.3685589369823070e-02, 2.6349550148552770e-02,
          1.0434667387131115e-02, 2.1377731003230237e-03,
          5.5508561760971332e-03, 1.0898002686898448e-02,
          -5.3540375876529149e-03, 3.2764530502030790e-03,
          1.2957293762606183e-02, 2.5864223303199554e-02,
          8.7773118195439523e-02, 2.1377731003230237e-03,
          3.8419943820650469e-02, 1.3036454935241734e-02,
          9.1947315351958037e-03, 1.4427505768684571e-02,
          2.8178188159882775e-03, -9.9423904852258462e-03,
          2.1708911950546635e-02, 5.8611274539688181e-02,
          5.5508561760971350e-03, 1.3036454935241732e-02,
          7.2763909606188823e-02, 1.2827653110341749e-02,
          7.3643692013966077e-03, 4.3380593783707410e-03,
