%YAML:1.0
---
groups:
   - intact
   - CD19
   - blast
intactGmmnames:
   - "intact.658.0"
   - "intact.658.1"
   - "intact.658.2"
   - "intact.658.3"
   - "intact.658.4"
intactLabels:
   - FSC-A
   - SSC-A
   - SY41
   - CD19
   - CD10
   - CD20
   - CD45
   - CD34
   - CD38
intactMu: !!opencv-matrix
   rows: 5
   cols: 9
   dt: d
   data: [ 2.8146004551641042e+00, 3.0399084946987864e+00,
       2.7613213934094367e+00, 1.7517412791754645e+00,
       1.3170813446771785e+00, 1.2662411036399996e+00,
       2.9081301310609642e+00, 1.0913906902377730e+00,
       1.6943867901911385e+00, 1.2855639124097951e+00,
       3.3532003565667179e-01, 2.6392161436584018e+00,
       1.1174665465688793e+00, 9.0262437056807165e-01,
       1.0021281947044254e+00, 3.5952333361078437e+00,
       1.0519009046016679e+00, 1.9443411008123703e+00,
       2.3814657522464397e+00, 3.2832679062068850e+00,
       2.8083569750803359e+00, 1.7714400228329930e+00,
       2.5789665695758810e+00, 1.1938960112035533e+00,
       2.9683156903846668e+00, 1.1284517463478121e+00,
       1.5592294972006620e+00, 1.9624572534967637e+00,
       1.5624553205543352e+00, 2.7096250971939866e+00,
       1.4822504597050601e+00, 1.6508174326000964e+00,
       1.4016509417700562e+00, 2.9250331692353186e+00,
       1.4608147946155605e+00, 1.9993472386816427e+00,
       1.0674935405070130e+00, 4.7794553865621198e-01,
       2.8816844197213189e+00, 1.1053596069128664e+00,
       1.0308837963809661e+00, 1.2065995488580359e+00,
       1.4244483425453345e+00, 1.0587706843613791e+00,
       1.4532489021169148e+00 ]
intactSigma:
   - !!opencv-matrix
      rows: 9
      cols: 9
      dt: d
      data: [ 2.9296981255166504e-01, 1.4547516906758098e-01,
          1.6883107551644541e-03, 3.5273225227474052e-02,
          -1.6982255393475549e-02, 3.9009059924799382e-02,
          9.2878852133790810e-03, 6.1515481914693280e-03,
          3.7503494799335471e-02, 1.4547516906758098e-01,
          4.4525642171911028e-01, 5.9858721678332782e-03,
          8.9591845024956165e-02, 3.8075818235627085e-02,
          5.3681046392010399e-02, 3.7217423048982796e-02,
          1.2021955335380379e-02, 2.3442489831556102e-02,
          1.6883107551644550e-03, 5.9858721678332774e-03,
          2.0310378721825700e-02, -2.8947358241082838e-04,
          3.0622972757034629e-03, 3.7029192348516714e-03,
          -1.4874267708247036e-03, 5.3664217487411903e-04,
          3.3210174072273130e-03, 3.5273225227474052e-02,
          8.9591845024956179e-02, -2.8947358241082876e-04,
          3.7025912520814039e-02, 4.3975481612350395e-03,
          1.2839119387580459e-02, 8.2406614728108476e-03,
          3.3668331494569300e-03, -6.8795796864517882e-04,
          -1.6982255393475549e-02, 3.8075818235627092e-02,
          3.0622972757034625e-03, 4.3975481612350412e-03,
          1.0843370680876115e-01, -6.1064525037923065e-03,
          2.0497789941760522e-03, 7.5349472527792383e-04,
          -1.8344565219206049e-02, 3.9009059924799382e-02,
          5.3681046392010399e-02, 3.7029192348516696e-03,
          1.2839119387580464e-02, -6.1064525037923074e-03,
          5.3736223065858880e-02, 7.0177076283293527e-03,
          2.1339352898650248e-03, 2.2135917404077592e-02,
          9.2878852133790792e-03, 3.7217423048982796e-02,
          -1.4874267708247036e-03, 8.2406614728108476e-03,
          2.0497789941760522e-03, 7.0177076283293519e-03,
          2.2776449064204556e-02, -3.2327651651304051e-04,
          1.0454158092461070e-02, 6.1515481914693314e-03,
          1.2021955335380379e-02, 5.3664217487411903e-04,
          3.3668331494569291e-03, 7.5349472527792328e-04,
          2.1339352898650243e-03, -3.2327651651304056e-04,
          6.2515845490729985e-02, 1.9018920340449614e-03,
          3.7503494799335478e-02, 2.3442489831556095e-02,
          3.3210174072273134e-03, -6.8795796864517882e-04,
          -1.8344565219206049e-02, 2.2135917404077589e-02,
          1.0454158092461072e-02, 1.9018920340449622e-03,
          1.2855922447933757e-01 ]
   - !!opencv-matrix
      rows: 9
      cols: 9
      dt: d
      data: [ 9.5998876083788529e-02, 1.6690957301601736e-02,
          -2.1231393459591862e-02, 9.7769497894083773e-03,
          2.8893237396823289e-03, 1.0775131771146444e-02,
          1.7256855487779259e-02, 1.4446163395417846e-03,
          3.2845531798551958e-03, 1.6690957301601736e-02,
          1.3831053188898225e-02, -4.8524751144735628e-03,
          5.7334441748618133e-03, 2.5060123771342931e-03,
          8.3808504273304180e-03, 7.7875128144718336e-03,
          9.7804065190283738e-04, 5.0500575213106294e-05,
          -2.1231393459591862e-02, -4.8524751144735619e-03,
          2.1785135537645130e-02, -3.7315246028904077e-03,
          -6.3383524228071341e-04, 2.8557123769366806e-04,
          -5.5796115548450483e-03, 3.3432799100724483e-05,
          -6.4391354860712235e-03, 9.7769497894083755e-03,
          5.7334441748618133e-03, -3.7315246028904068e-03,
          3.7221527851938330e-02, 1.1723078663550886e-03,
          5.2956168578300756e-03, 3.6866978316169672e-03,
          2.4154876473653285e-03, -7.2117820761578499e-03,
          2.8893237396823289e-03, 2.5060123771342927e-03,
          -6.3383524228071385e-04, 1.1723078663550891e-03,
          3.5073631139717822e-02, -2.5398339196769271e-03,
          1.7262500245676764e-03, -5.0756495768256816e-03,
          -6.9712858203511583e-03, 1.0775131771146444e-02,
          8.3808504273304180e-03, 2.8557123769366768e-04,
          5.2956168578300739e-03, -2.5398339196769271e-03,
          8.7447627726445334e-02, 5.0195045003291090e-03,
          3.3104189727950842e-04, -2.5830877446439027e-02,
          1.7256855487779259e-02, 7.7875128144718336e-03,
          -5.5796115548450466e-03, 3.6866978316169681e-03,
          1.7262500245676757e-03, 5.0195045003291090e-03,
          1.2738987114542289e-02, -1.4451200438243971e-03,
          -3.4242627829333774e-03, 1.4446163395417852e-03,
          9.7804065190283782e-04, 3.3432799100724422e-05,
          2.4154876473653285e-03, -5.0756495768256825e-03,
          3.3104189727950879e-04, -1.4451200438243971e-03,
          1.3794694847682470e-01, 4.4912901424313109e-03,
          3.2845531798551945e-03, 5.0500575213106090e-05,
          -6.4391354860712235e-03, -7.2117820761578516e-03,
          -6.9712858203511566e-03, -2.5830877446439016e-02,
          -3.4242627829333783e-03, 4.4912901424313117e-03,
          2.5332805707179129e-01 ]
   - !!opencv-matrix
      rows: 9
      cols: 9
      dt: d
      data: [ 2.5858684181009711e-01, 1.2917709602929542e-01,
          -1.7330303168669079e-03, 2.6340743335053048e-02,
          -1.5592851449326553e-02, 2.1936866889896017e-02,
          -8.4500266556773139e-03, 5.8878404315874690e-03,
          8.7241015519116567e-03, 1.2917709602929542e-01,
          3.9218208576348040e-01, -2.7798620294395039e-03,
          7.8641754860196714e-02, 5.6702352385715409e-02,
          4.4963493904103050e-02, 2.9596037480005249e-02,
          1.2745983273521161e-02, 1.5414193344880197e-02,
          -1.7330303168669090e-03, -2.7798620294395052e-03,
          1.8311572151407513e-02, -2.2221361702615557e-03,
          -5.1058131707342027e-03, 8.9294824263924828e-04,
          -5.3979773412495945e-03, 1.2955612355025839e-04,
          -2.1634221827492154e-03, 2.6340743335053055e-02,
          7.8641754860196728e-02, -2.2221361702615548e-03,
          3.5023521861477676e-02, 1.2642763570882310e-02,
          9.6907238399406240e-03, 6.9647901250347753e-03,
          2.9279925839980317e-03, -6.1821639050129839e-03,
          -1.5592851449326548e-02, 5.6702352385715409e-02,
          -5.1058131707342027e-03, 1.2642763570882313e-02,
          1.1735808988364248e-01, 5.4959427203988458e-03,
          3.1865792311819560e-02, 4.1957866244616013e-03,
