%YAML:1.0
---
groups:
   - intact
   - CD19
   - blast
intactGmmnames:
   - "intact.664.0"
   - "intact.664.1"
   - "intact.664.2"
   - "intact.664.3"
   - "intact.664.4"
intactLabels:
   - FSC-A
   - SSC-A
   - SY41
   - CD19
   - CD10
   - CD20
   - CD45
   - CD34
   - CD38
intactMu: !!opencv-matrix
   rows: 5
   cols: 9
   dt: d
   data: [ 9.4368333726490750e-01, 2.8290092753976442e-01,
       4.0852891388701451e+00, 8.9231324218765395e-01,
       8.7616309987691476e-01, 7.7093102495005994e-01,
       3.5211865701498128e+00, 1.0497507922860438e+00,
       1.8007168641480686e+00, 2.3999467602109861e+00,
       3.2944234551372089e+00, 4.0037207847199845e+00,
       1.3513535419175531e+00, 2.1609356052710242e+00,
       1.1976911168114361e+00, 2.8157828163134391e+00,
       1.1057723932283998e+00, 1.7291022886351777e+00,
       1.6589929323950543e+00, 1.7199965015167247e+00,
       3.7837465675655921e+00, 1.3083234444424778e+00,
       1.4354887791287536e+00, 1.4864431495800254e+00,
       2.6511540577371333e+00, 1.4221761515240263e+00,
       2.0101049786733167e+00, 9.3105961553670835e-01,
       5.1601754343161854e-01, 4.0918591006661149e+00,
       8.4813418359292092e-01, 1.0557090526854060e+00,
       1.0788254735288847e+00, 1.2919341412119236e+00,
       1.0608534140960542e+00, 1.7321395629498288e+00,
       1.3784338899762494e+00, 5.6214724039269448e-01,
       3.7118870772406423e+00, 1.1494493891495619e+00,
       9.8221511434636544e-01, 9.3621200659579329e-01,
       3.6619702531064497e+00, 1.0711602054551899e+00,
       2.2121704529811077e+00 ]
intactSigma:
   - !!opencv-matrix
      rows: 9
      cols: 9
      dt: d
      data: [ 6.3503900404033989e-02, 8.3727536090134041e-03,
          -3.5570842334306227e-02, 3.3643774669454743e-02,
          1.6983485034625059e-02, 2.5408189170683413e-02,
          2.0231685459677670e-02, -1.9308693893010200e-03,
          -1.0052662323522718e-02, 8.3727536090134058e-03,
          9.2443784051020553e-03, -5.4584044756135373e-03,
          6.1045592127916036e-03, 3.5854894282303911e-03,
          1.1174139175356092e-02, 5.0809713064819250e-03,
          1.8602675427974364e-04, -2.9868245865355054e-03,
          -3.5570842334306234e-02, -5.4584044756135364e-03,
          3.7521125059371697e-02, -3.3625722708512426e-02,
          -1.6712072033629417e-02, -1.9047023664540856e-02,
          -1.4686709651831545e-02, 1.8929681396138414e-03,
          8.0828047050660653e-03, 3.3643774669454743e-02,
          6.1045592127916036e-03, -3.3625722708512426e-02,
          3.6226883543893668e-02, 1.5452214248823672e-02,
          1.9719912288002808e-02, 1.4417320487871187e-02,
          -7.5782354683756581e-04, -8.6424675402631459e-03,
          1.6983485034625059e-02, 3.5854894282303907e-03,
          -1.6712072033629417e-02, 1.5452214248823672e-02,
          1.7962003307686662e-02, 6.7104000193817202e-03,
          7.6429560925065400e-03, -3.0440757164143799e-03,
          -4.4891788834681779e-03, 2.5408189170683420e-02,
          1.1174139175356096e-02, -1.9047023664540860e-02,
          1.9719912288002812e-02, 6.7104000193817194e-03,
          1.2426912455291193e-01, 1.2979505817863661e-02,
          -4.6955692616873046e-04, -1.0358943464435296e-02,
          2.0231685459677670e-02, 5.0809713064819250e-03,
          -1.4686709651831541e-02, 1.4417320487871187e-02,
          7.6429560925065400e-03, 1.2979505817863659e-02,
          1.6751934596831639e-02, -2.6565723853469937e-03,
          -5.1019407376430128e-03, -1.9308693893010200e-03,
          1.8602675427974351e-04, 1.8929681396138421e-03,
          -7.5782354683756516e-04, -3.0440757164143799e-03,
          -4.6955692616873062e-04, -2.6565723853469937e-03,
          1.2905060979838526e-01, 2.0445702498463683e-03,
          -1.0052662323522718e-02, -2.9868245865355054e-03,
          8.0828047050660653e-03, -8.6424675402631459e-03,
          -4.4891788834681787e-03, -1.0358943464435296e-02,
          -5.1019407376430145e-03, 2.0445702498463687e-03,
          2.1795459183247191e-02 ]
   - !!opencv-matrix
      rows: 9
      cols: 9
      dt: d
      data: [ 2.3682159786936022e-01, 1.3039118409979811e-01,
          -8.3832134104881110e-03, 2.9468456323446249e-02,
          -5.9411501572141881e-02, 3.6384888001214769e-02,
          -2.3995285442089589e-02, 4.6328527564259789e-03,
          2.1902551557105442e-03, 1.3039118409979811e-01,
          3.8378497332812900e-01, -3.6868026019046346e-02,
          8.7734545134065076e-02, 6.5864936065824761e-02,
          5.9414940267853843e-02, 1.9840738131018484e-02,
          7.5325228524547325e-03, -2.7144147991720975e-03,
          -8.3832134104881145e-03, -3.6868026019046346e-02,
          5.0382862823716054e-02, -4.3112149670818660e-02,
          -2.1315163307565221e-02, -1.0898173383810597e-02,
          -8.9384141726632400e-03, 5.6134931764555195e-04,
          3.9693749330671291e-03, 2.9468456323446243e-02,
          8.7734545134065076e-02, -4.3112149670818667e-02,
          5.9598703135110176e-02, 2.5374246137904892e-02,
          1.9120041815818112e-02, 9.4980015848540964e-03,
          1.2160296555517476e-03, -6.2405213428033722e-03,
          -5.9411501572141867e-02, 6.5864936065824761e-02,
          -2.1315163307565218e-02, 2.5374246137904885e-02,
          2.3146458049291652e-01, -1.0537034846025116e-03,
          5.6706787884020358e-02, 2.1104005730857352e-03,
          -4.9349519143879255e-03, 3.6384888001214775e-02,
          5.9414940267853843e-02, -1.0898173383810595e-02,
          1.9120041815818115e-02, -1.0537034846025129e-03,
          7.6676036213048998e-02, 5.2434837243687984e-04,
          2.9338723322451616e-03, 5.9931267915800171e-04,
          -2.3995285442089589e-02, 1.9840738131018484e-02,
          -8.9384141726632400e-03, 9.4980015848540964e-03,
          5.6706787884020358e-02, 5.2434837243687952e-04,
          4.3070680247328540e-02, -9.0431235501387637e-04,
          -2.5606919519986365e-03, 4.6328527564259772e-03,
          7.5325228524547351e-03, 5.6134931764555216e-04,
          1.2160296555517481e-03, 2.1104005730857365e-03,
          2.9338723322451603e-03, -9.0431235501387637e-04,
          6.6234112974718887e-02, 9.7388341575264069e-04,
          2.1902551557105429e-03, -2.7144147991720958e-03,
          3.9693749330671291e-03, -6.2405213428033722e-03,
          -4.9349519143879264e-03, 5.9931267915800171e-04,
          -2.5606919519986374e-03, 9.7388341575264112e-04,
          9.7730896845549132e-03 ]
   - !!opencv-matrix
      rows: 9
      cols: 9
      dt: d
      data: [ 5.8744314566518152e-01, 5.6630956250443876e-01,
          -1.0420852456350832e-02, 7.6254135409546148e-02,
          -9.2102839321263359e-03, 7.9705469523159475e-02,
          1.3879380916939665e-01, 1.0934044760463635e-01,
          6.0864566790009025e-02, 5.6630956250443887e-01,
          1.1767664521171333e+00, -1.1471004152692968e-01,
          2.0969515943288611e-01, -1.0305875224170338e-02,
          1.7418735219498174e-01, 1.0352634173036426e-01,
          1.6242836171168765e-01, 2.4578811589321521e-02,
          -1.0420852456350826e-02, -1.1471004152692969e-01,
          1.8322782703047957e-01, -9.9906754233284795e-02,
          1.3840162806058275e-02, -3.9085837978611645e-03,
          -1.3928975077511676e-02, -4.5080716223907892e-02,
          5.5157020732100166e-02, 7.6254135409546148e-02,
          2.0969515943288611e-01, -9.9906754233284781e-02,
          1.9257761591321285e-01, 3.2290353589905396e-02,
          1.4064548358668413e-01, 6.1001965214712468e-02,
          5.8014230585819219e-02, -6.0590438742037713e-04,
          -9.2102839321263411e-03, -1.0305875224170339e-02,
          1.3840162806058270e-02, 3.2290353589905396e-02,
          3.2393675186985460e-01, 5.5830120401312702e-02,
