%YAML:1.0
---
groups:
   - intact
   - CD19
intactGmmnames:
   - "intact.672.0"
   - "intact.672.1"
   - "intact.672.2"
   - "intact.672.3"
   - "intact.672.4"
intactLabels:
   - FSC-A
   - SSC-A
   - SY41
   - CD19
   - CD10
   - CD20
   - CD45
   - CD34
   - CD38
intactMu: !!opencv-matrix
   rows: 5
   cols: 9
   dt: d
   data: [ 3.2322326266978227e+00, 3.1764906656212917e+00,
       2.8110824724980494e+00, 1.8832204619963608e+00,
       2.2882195108375805e+00, 1.3355451277932457e+00,
       3.0289439835448140e+00, 1.1640463067173070e+00,
       2.1385417026288773e+00, 1.8176986350245612e+00,
       3.8993316955706331e-01, 2.6849554118644297e+00,
       1.1969775581458832e+00, 9.0773004892437748e-01,
       1.0360111135983097e+00, 3.8559655493291523e+00,
       1.1339560068062393e+00, 1.7143587428778837e+00,
       2.3153496650223921e+00, 8.1833811064803230e-01,
       2.9927369582804242e+00, 1.2592920153159715e+00,
       1.3925998876342056e+00, 1.2681977262788133e+00,
       2.7949977159167707e+00, 1.4567371079447000e+00,
       2.5435963624305069e+00, 1.3158588367617943e+00,
       2.9643598266373239e-01, 2.9109574253156669e+00,
       9.9444643036176761e-01, 1.0842369665803335e+00,
       9.2738811102642049e-01, 1.5781346215884871e+00,
       1.0999203261674058e+00, 1.6455040984611462e+00,
       2.7612164005267394e+00, 2.3814834014767809e+00,
       2.7972644747245887e+00, 1.7191239923156965e+00,
       1.4755976984596588e+00, 1.5192530207272594e+00,
       3.1061140116820227e+00, 1.5530892885650656e+00,
       2.6974257291630876e+00 ]
intactSigma:
   - !!opencv-matrix
      rows: 9
      cols: 9
      dt: d
      data: [ 4.2114752020465163e-01, 7.4024895645746505e-02,
          -3.1850400133279998e-03, 2.1358538384660668e-02,
          -1.7574495031539042e-01, 3.6188865121009980e-02,
          -3.4475459258955588e-03, 2.0142943899381020e-03,
          5.7880957654754893e-02, 7.4024895645746505e-02,
          4.0225293609111512e-01, 1.1297866828251924e-02,
          7.2422159047783208e-02, 1.8248471890661211e-01,
          3.2574114440809598e-02, 2.2146264636794609e-02,
          1.1299300297882947e-02, -1.2240712609160690e-02,
          -3.1850400133280003e-03, 1.1297866828251920e-02,
          1.6395216907826665e-02, 9.5764412048672477e-04,
          7.5352610573890567e-03, 1.4374577066002090e-03,
          -7.2566958779739807e-04, 3.9207812559446481e-04,
          -2.1864770014880714e-03, 2.1358538384660664e-02,
          7.2422159047783236e-02, 9.5764412048672466e-04,
          3.2271812120935890e-02, 2.6787619263962507e-02,
          7.3970535715032516e-03, 4.4463109466930826e-03,
          2.6667360900313776e-03, -5.6761022931257014e-03,
          -1.7574495031539039e-01, 1.8248471890661211e-01,
          7.5352610573890567e-03, 2.6787619263962507e-02,
          4.6493864898470122e-01, -1.8006893795689830e-02,
          2.5228403665515053e-02, 1.2186050755602407e-02,
          -8.9415671688879372e-02, 3.6188865121009987e-02,
          3.2574114440809585e-02, 1.4374577066002087e-03,
          7.3970535715032516e-03, -1.8006893795689830e-02,
          5.0614948154090789e-02, 3.4065927727710845e-03,
          1.1846042809719013e-03, 1.9120467248214833e-02,
          -3.4475459258955588e-03, 2.2146264636794609e-02,
          -7.2566958779739785e-04, 4.4463109466930835e-03,
          2.5228403665515053e-02, 3.4065927727710845e-03,
          1.9204466528507602e-02, 3.9245660583286430e-04,
          2.3581462274958904e-03, 2.0142943899381029e-03,
          1.1299300297882951e-02, 3.9207812559446503e-04,
          2.6667360900313789e-03, 1.2186050755602404e-02,
          1.1846042809719017e-03, 3.9245660583286441e-04,
          6.7908099196254304e-02, 9.3970906637529629e-05,
          5.7880957654754907e-02, -1.2240712609160697e-02,
          -2.1864770014880706e-03, -5.6761022931257014e-03,
          -8.9415671688879345e-02, 1.9120467248214833e-02,
          2.3581462274958904e-03, 9.3970906637529900e-05,
          1.2714150591934006e-01 ]
   - !!opencv-matrix
      rows: 9
      cols: 9
      dt: d
      data: [ 1.6182925844589485e-01, 2.3320666810983218e-02,
          -9.1801693060386200e-03, 1.4178927124783407e-02,
          4.1921390747061624e-03, 1.8295540954447152e-02,
          1.3980050060824173e-02, 4.8480555921892911e-03,
          -7.4422700661777776e-03, 2.3320666810983218e-02,
          1.6966670105623367e-02, -1.5607804831132633e-04,
          7.9924763131140400e-03, 3.9898181366098935e-03,
          1.1278027097279543e-02, 6.2134334274519488e-03,
          1.8765634549651816e-03, -1.1723942252743035e-03,
          -9.1801693060386182e-03, -1.5607804831132624e-04,
          2.3250513118009734e-02, -2.8718662304183435e-03,
          1.3216938765089344e-04, 2.1722337041465214e-03,
          -1.4954146579631471e-03, 5.3152299584529346e-05,
          -7.4052322682192110e-03, 1.4178927124783405e-02,
          7.9924763131140383e-03, -2.8718662304183444e-03,
          7.2177579462517363e-02, 2.4374896051798005e-03,
          6.7376646676120455e-03, 4.8984539486712879e-03,
          5.1125834513644905e-03, -1.2113770325319961e-02,
          4.1921390747061658e-03, 3.9898181366098918e-03,
          1.3216938765089358e-04, 2.4374896051798005e-03,
          4.9381973841140160e-02, -2.3023985330635592e-03,
          1.5796923340248544e-03, -8.2067985098671931e-03,
          -3.8733422218994755e-03, 1.8295540954447156e-02,
          1.1278027097279543e-02, 2.1722337041465201e-03,
          6.7376646676120438e-03, -2.3023985330635592e-03,
          8.9068835560743784e-02, 6.2925590572248009e-03,
          1.0249380401432971e-03, -2.0644882351697209e-02,
          1.3980050060824173e-02, 6.2134334274519479e-03,
          -1.4954146579631471e-03, 4.8984539486712896e-03,
          1.5796923340248548e-03, 6.2925590572248009e-03,
          1.2338669639142999e-02, -4.6662730102419619e-04,
          -5.2682689516490629e-03, 4.8480555921892867e-03,
          1.8765634549651816e-03, 5.3152299584529156e-05,
          5.1125834513644913e-03, -8.2067985098671897e-03,
          1.0249380401432973e-03, -4.6662730102419640e-04,
          1.8073710429862319e-01, 8.7029042480024753e-03,
          -7.4422700661777750e-03, -1.1723942252743035e-03,
          -7.4052322682192093e-03, -1.2113770325319958e-02,
          -3.8733422218994772e-03, -2.0644882351697213e-02,
          -5.2682689516490629e-03, 8.7029042480024771e-03,
          3.1389017520137402e-01 ]
   - !!opencv-matrix
      rows: 9
      cols: 9
      dt: d
      data: [ 6.4104022372697766e-01, 1.5187900528099144e-01,
          1.9275548237316486e-02, 5.7062262963564349e-02,
          2.5812392270063395e-02, 7.4563719262457112e-02,
          1.8227478398140118e-01, 4.4554235957162923e-02,
          1.6171260172349175e-01, 1.5187900528099144e-01,
          1.4044686454986394e-01, 7.8741240458917209e-04,
          6.6790863669488346e-02, 1.3557508097678011e-02,
          6.7148019324415553e-02, 8.6638608536332776e-02,
          3.0277047960677303e-02, 5.5369835687627801e-02,
          1.9275548237316486e-02, 7.8741240458917274e-04,
          6.6900215945585123e-02, -1.3902118792132932e-02,
          2.4454414662813513e-02, 1.5569604415309420e-02,
          -6.3771162486225247e-02, -1.5885759014055076e-02,
          -1.6027955577922193e-02, 5.7062262963564349e-02,
          6.6790863669488346e-02, -1.3902118792132935e-02,
          9.4443207889371328e-02, 7.1666127301303435e-03,
          4.8565123499588671e-02, 6.5478286788552068e-02,
          1.2093206107103406e-02, 1.2154210954491798e-02,
          2.5812392270063399e-02, 1.3557508097678014e-02,
          2.4454414662813513e-02, 7.1666127301303418e-03,
          2.5680503208507333e-01, 4.3559197426393310e-02,
          -8.5520788582091681e-02, -4.1095000307524228e-02,
