%YAML:1.0
---
groups:
   - intact
   - CD19
   - blast
intactGmmnames:
   - "intact.679.0"
   - "intact.679.1"
   - "intact.679.2"
   - "intact.679.3"
   - "intact.679.4"
intactLabels:
   - FSC-A
   - SSC-A
   - SY41
   - CD19
   - CD10
   - CD20
   - CD45
   - CD34
   - CD38
intactMu: !!opencv-matrix
   rows: 5
   cols: 9
   dt: d
   data: [ 1.2167184931915922e+00, 3.5558359018951313e-01,
       2.5964494390050823e+00, 1.1959069144793510e+00,
       9.7010611531984325e-01, 9.9567292847680344e-01,
       3.7813565564226845e+00, 1.1325657829705549e+00,
       1.8082500970568833e+00, 9.1865627789236970e-01,
       1.8732135925820800e-01, 3.0314116170254737e+00,
       9.9881301456101979e-01, 9.1204386595585041e-01,
       8.5934754877493891e-01, 3.5617076001281816e+00,
       1.0904740263147370e+00, 1.9842071490426336e+00,
       1.8234908362191522e+00, 1.6485908181407747e+00,
       2.9210150066983420e+00, 1.6160497371354676e+00,
       1.7336518183130938e+00, 1.2691580954148491e+00,
       2.8963548304356888e+00, 1.3315409874271773e+00,
       1.9648826698255939e+00, 9.2547407618334332e-01,
       3.4074868320147650e-01, 2.7746182045371581e+00,
       9.6994470785890674e-01, 1.1944814672806137e+00,
       1.0663390146600069e+00, 1.5374441577410281e+00,
       1.1097076311506588e+00, 1.5537577617183174e+00,
       1.0737928980640512e+00, 2.3855494996236884e-01,
       2.8356881042219166e+00, 1.0798633685560675e+00,
       9.0085750627548000e-01, 9.1036461828769566e-01,
       3.6529355990513772e+00, 1.1238221786961740e+00,
       1.9986196544792996e+00 ]
intactSigma:
   - !!opencv-matrix
      rows: 9
      cols: 9
      dt: d
      data: [ 5.3850444695505130e-02, 4.9756368642164539e-03,
          -3.4984557763137185e-02, 1.4101632492155519e-02,
          1.0941042971582440e-03, 4.5643341929275617e-03,
          8.8369763225432645e-03, -1.0716455906083742e-03,
          -1.0812572995293581e-02, 4.9756368642164539e-03,
          8.8824712929664578e-03, -2.0465428500337793e-02,
          1.1299108520303308e-02, 8.8129185042844097e-04,
          5.4905490471211073e-03, 6.7991815477116352e-03,
          -2.0271650476634388e-04, -9.7993547466615266e-04,
          -3.4984557763137199e-02, -2.0465428500337793e-02,
          1.8759603857194374e-01, -6.1102976415759423e-02,
          -1.1995730534728469e-02, -1.3875825897520266e-02,
          -3.3156322429883957e-02, 1.0292562397110607e-04,
          2.1352518737466648e-02, 1.4101632492155519e-02,
          1.1299108520303308e-02, -6.1102976415759423e-02,
          1.1220472203043887e-01, 8.9199085485841371e-03,
          9.5049716173666535e-03, 1.5403332517749379e-02,
          4.8459188027156173e-03, -2.0233042367297328e-02,
          1.0941042971582440e-03, 8.8129185042844075e-04,
          -1.1995730534728469e-02, 8.9199085485841371e-03,
          6.6971968951050800e-02, -1.4987339623404358e-03,
          3.0506837324684889e-03, -8.3319299288342474e-03,
          -2.9163351971108250e-03, 4.5643341929275617e-03,
          5.4905490471211056e-03, -1.3875825897520263e-02,
          9.5049716173666587e-03, -1.4987339623404358e-03,
          7.7749212946768356e-02, 6.7423831381270552e-03,
          -1.7549967357661416e-04, -1.0166199680920220e-02,
          8.8369763225432663e-03, 6.7991815477116370e-03,
          -3.3156322429883957e-02, 1.5403332517749379e-02,
          3.0506837324684880e-03, 6.7423831381270552e-03,
          1.8010018776960492e-02, -1.3184728925521064e-03,
          -9.2510542007024511e-03, -1.0716455906083740e-03,
          -2.0271650476634407e-04, 1.0292562397110674e-04,
          4.8459188027156182e-03, -8.3319299288342457e-03,
          -1.7549967357661386e-04, -1.3184728925521067e-03,
          1.6264643294178330e-01, 6.6536893742514397e-03,
          -1.0812572995293580e-02, -9.7993547466615222e-04,
          2.1352518737466641e-02, -2.0233042367297342e-02,
          -2.9163351971108254e-03, -1.0166199680920215e-02,
          -9.2510542007024511e-03, 6.6536893742514397e-03,
          2.2679334782116642e-01 ]
   - !!opencv-matrix
      rows: 9
      cols: 9
      dt: d
      data: [ 3.2525004511349924e-02, 1.5289448116229806e-03,
          -2.1050003172369922e-02, 8.2863365869984239e-03,
          1.0802471414036736e-03, 2.5267624370864370e-03,
          7.2126641780999598e-03, -2.6217677510092471e-03,
          9.6306100433117704e-03, 1.5289448116229806e-03,
          9.6023641739592300e-04, -1.0517664605946952e-03,
          1.1924231299649841e-03, 2.9453842793345560e-04,
          1.8714635359089044e-03, 1.1167657075159146e-03,
          -6.4713136007457279e-05, -1.3127945494045147e-03,
          -2.1050003172369918e-02, -1.0517664605946952e-03,
          2.8575044152047327e-02, -1.0968088960983450e-02,
          -1.9373393294510172e-03, -5.8880186947646404e-04,
          -4.9241339915012056e-03, 1.9535900254381419e-03,
          -6.8440973270752969e-03, 8.2863365869984239e-03,
          1.1924231299649843e-03, -1.0968088960983446e-02,
          7.2035770257153200e-02, 2.1165384458923090e-03,
          2.2850218186051237e-03, 2.7514953287541724e-03,
          1.2303436762847223e-04, -5.1590889046085461e-03,
          1.0802471414036736e-03, 2.9453842793345571e-04,
          -1.9373393294510172e-03, 2.1165384458923082e-03,
          4.3176943669041568e-02, -5.1129005658606059e-03,
          1.0143529339447831e-03, -3.5863252233488555e-03,
          2.0629375333125274e-04, 2.5267624370864366e-03,
          1.8714635359089052e-03, -5.8880186947646404e-04,
          2.2850218186051237e-03, -5.1129005658606059e-03,
          5.6497926182656998e-02, 1.7693542551733836e-03,
          -1.4677877020321170e-04, -6.4680169684680220e-03,
          7.2126641780999624e-03, 1.1167657075159146e-03,
          -4.9241339915012056e-03, 2.7514953287541715e-03,
          1.0143529339447825e-03, 1.7693542551733832e-03,
          8.4544011635747981e-03, -2.7688689105262727e-03,
          -1.8014009325645879e-03, -2.6217677510092475e-03,
          -6.4713136007457252e-05, 1.9535900254381419e-03,
          1.2303436762847186e-04, -3.5863252233488564e-03,
          -1.4677877020321205e-04, -2.7688689105262723e-03,
          9.7420230638686225e-02, 1.0166648062574157e-03,
          9.6306100433117704e-03, -1.3127945494045147e-03,
          -6.8440973270752960e-03, -5.1590889046085478e-03,
          2.0629375333125325e-04, -6.4680169684680194e-03,
          -1.8014009325645875e-03, 1.0166648062574170e-03,
          1.3877283710264440e-01 ]
   - !!opencv-matrix
      rows: 9
      cols: 9
      dt: d
      data: [ 4.3758076629057668e-01, 3.0949687518393709e-01,
          -2.2955808705539489e-02, 7.3837224993841016e-02,
          -2.0176482714194630e-02, 1.0804566908288593e-02,
          -1.3756866854723493e-02, -2.9871065908244364e-02,
          -4.6280657181630358e-03, 3.0949687518393709e-01,
          8.7307715330836411e-01, -3.1540106458782941e-02,
          2.4066018599360622e-01, 2.1277997966929652e-01,
          6.3215172428868580e-02, -1.4744181185903893e-01,
          -7.9074754478690695e-02, -1.7990974072619947e-01,
          -2.2955808705539489e-02, -3.1540106458782941e-02,
          1.2720923908926846e-01, -1.2744084624835480e-02,
          -2.6344328867315896e-02, 3.2303730631611773e-02,
          -2.7634711856911544e-02, 1.6684765568000016e-02,
          -5.6393296346218258e-03, 7.3837224993841016e-02,
          2.4066018599360628e-01, -1.2744084624835476e-02,
          1.8487389760952996e-01, 1.4528998402786075e-01,
          7.0792848352139781e-02, -3.7476509644133633e-02,
          1.4674271211174393e-02, -2.1830979577198931e-02,
          -2.0176482714194630e-02, 2.1277997966929652e-01,
          -2.6344328867315896e-02, 1.4528998402786075e-01,
          5.1602746898500240e-01, 3.0407748047524479e-02,
