%YAML:1.0
---
groups:
   - intact
   - CD19
intactGmmnames:
   - "intact.685.0"
   - "intact.685.1"
   - "intact.685.2"
   - "intact.685.3"
   - "intact.685.4"
intactLabels:
   - FSC-A
   - SSC-A
   - SY41
   - CD19
   - CD10
   - CD20
   - CD45
   - CD34
   - CD38
intactMu: !!opencv-matrix
   rows: 5
   cols: 9
   dt: d
   data: [ 1.6912507133062282e+00, 3.8487935745848234e-01,
       2.6839421349229906e+00, 1.1481490252847051e+00,
       9.6182928910448873e-01, 1.0999596462693064e+00,
       3.5785839516388362e+00, 1.0723132375051845e+00,
       1.8449328866910339e+00, 2.9396714045400820e+00,
       2.8870234512764559e+00, 2.7453431464944678e+00,
       1.8457254939922005e+00, 2.3554131454579106e+00,
       1.4727417247456667e+00, 3.0655813657337538e+00,
       1.1463341479740536e+00, 1.6330114763839789e+00,
       1.5052096568149489e+00, 8.5242777473745635e-01,
       2.3037789245243787e+00, 1.2818444547056653e+00,
       1.0016102230593329e+00, 9.8113218438400862e-01,
       1.3264668438235614e+00, 1.1210708796946633e+00,
       1.5730406024773449e+00, 1.0649077945847878e+00,
       2.0514805151707685e-01, 3.0321804151563492e+00,
       1.0498671949661555e+00, 9.1794816392135758e-01,
       1.0204407312433303e+00, 3.3641358418958212e+00,
       1.0504013879389353e+00, 1.7083246185689249e+00,
       2.4808675553971562e+00, 1.3943017558886106e+00,
       2.8810150396826248e+00, 1.5637277634499198e+00,
       1.4911094520208696e+00, 1.6842474723500638e+00,
       2.7306184957260555e+00, 1.4124202250460485e+00,
       2.1392964082541082e+00 ]
intactSigma:
   - !!opencv-matrix
      rows: 9
      cols: 9
      dt: d
      data: [ 1.3280895223764030e-01, 3.7685976319448694e-04,
          -1.7218835131136007e-02, -1.9752672944320167e-03,
          -2.4676695607990257e-03, 2.5991541553845960e-03,
          1.0083455921845870e-02, -4.5467405366686206e-03,
          -7.0305787061109258e-03, 3.7685976319448694e-04,
          1.6488007129728744e-02, -6.8628151373644058e-03,
          6.9900707618235844e-03, 5.8710206715315901e-03,
          8.0019405508075896e-03, 1.9621119810256456e-03,
          1.8569320810185178e-03, 1.9146045535052884e-02,
          -1.7218835131136007e-02, -6.8628151373644076e-03,
          1.0851192397037022e-01, -1.0444996057938897e-02,
          3.3692034265723572e-03, 1.0275166925744171e-02,
          -8.9844268250108463e-03, 6.3219495185277827e-03,
          -2.2559637723976067e-02, -1.9752672944320167e-03,
          6.9900707618235844e-03, -1.0444996057938898e-02,
          3.9705845157672254e-02, 2.7641512902802654e-03,
          4.0072921288262647e-03, 1.7948995649038982e-03,
          3.4489651363055537e-03, 4.8851866323761251e-03,
          -2.4676695607990266e-03, 5.8710206715315901e-03,
          3.3692034265723585e-03, 2.7641512902802658e-03,
          5.2321006919840679e-02, 5.3439966015193883e-04,
          8.6909482915189771e-06, -3.4929808618347994e-03,
          3.2792531564175180e-03, 2.5991541553845978e-03,
          8.0019405508075896e-03, 1.0275166925744171e-02,
          4.0072921288262630e-03, 5.3439966015193904e-04,
          6.9714501469656479e-02, 1.4413787672758775e-03,
          4.3251431725417162e-03, -9.8284084394884420e-04,
          1.0083455921845870e-02, 1.9621119810256447e-03,
          -8.9844268250108515e-03, 1.7948995649038986e-03,
          8.6909482915190347e-06, 1.4413787672758768e-03,
          1.9315045760467178e-02, -2.5746689771166047e-03,
          -4.6987790572156777e-03, -4.5467405366686215e-03,
          1.8569320810185187e-03, 6.3219495185277818e-03,
          3.4489651363055541e-03, -3.4929808618347981e-03,
          4.3251431725417179e-03, -2.5746689771166038e-03,
          1.6131168275302940e-01, 3.2605001456226679e-03,
          -7.0305787061109258e-03, 1.9146045535052884e-02,
          -2.2559637723976071e-02, 4.8851866323761251e-03,
          3.2792531564175172e-03, -9.8284084394884464e-04,
          -4.6987790572156794e-03, 3.2605001456226675e-03,
          1.2048885567589121e-01 ]
   - !!opencv-matrix
      rows: 9
      cols: 9
      dt: d
      data: [ 4.5308089284875230e-01, 1.2864154119559482e-01,
          1.0639919686867380e-02, 2.8406950583615996e-02,
          -1.0922029199063901e-01, 3.6375185599375859e-02,
          -1.5385828279150941e-02, 3.4640945652361010e-03,
          1.0791357392529840e-02, 1.2864154119559482e-01,
          3.7136798474864513e-01, -3.3943757077111222e-03,
          7.6238845962385143e-02, 8.2433822867888654e-02,
          3.0146270710866840e-02, 3.1636780068635489e-02,
          1.2412475582804902e-02, -1.4814713436817194e-02,
          1.0639919686867380e-02, -3.3943757077111235e-03,
          5.6193448836562403e-02, -3.7145262427964142e-03,
          -3.0935849455769854e-02, 9.5648331926875153e-03,
          -1.2465965868050845e-02, 1.8482006155471295e-03,
          5.8466233687559802e-03, 2.8406950583615993e-02,
          7.6238845962385157e-02, -3.7145262427964133e-03,
          3.4462051998528066e-02, 2.2424362225076665e-02,
          1.0093380152971057e-02, 8.7231489965852137e-03,
          5.2691702454170626e-03, -7.2238548293682720e-03,
          -1.0922029199063901e-01, 8.2433822867888654e-02,
          -3.0935849455769847e-02, 2.2424362225076665e-02,
          5.0757537437910194e-01, 1.4095942275787423e-02,
          1.1912865208181234e-01, 1.8867910737733400e-02,
          -3.3426348079039589e-02, 3.6375185599375866e-02,
          3.0146270710866844e-02, 9.5648331926875170e-03,
          1.0093380152971057e-02, 1.4095942275787423e-02,
          6.7224539425602525e-02, 8.1628186042154577e-03,
          1.0361204468009651e-02, 3.0828991835538310e-03,
          -1.5385828279150937e-02, 3.1636780068635489e-02,
          -1.2465965868050847e-02, 8.7231489965852171e-03,
          1.1912865208181234e-01, 8.1628186042154577e-03,
          5.0165230277901540e-02, 3.7973127914773808e-03,
          -9.9849620670372317e-03, 3.4640945652361006e-03,
          1.2412475582804902e-02, 1.8482006155471295e-03,
          5.2691702454170644e-03, 1.8867910737733407e-02,
          1.0361204468009654e-02, 3.7973127914773799e-03,
          1.0461830229878032e-01, 5.1748830629405928e-05,
          1.0791357392529843e-02, -1.4814713436817194e-02,
          5.8466233687559802e-03, -7.2238548293682729e-03,
          -3.3426348079039589e-02, 3.0828991835538319e-03,
          -9.9849620670372317e-03, 5.1748830629405664e-05,
          1.5881394420164834e-02 ]
   - !!opencv-matrix
      rows: 9
      cols: 9
      dt: d
      data: [ 2.3133803027424807e-01, 1.1476763067125909e-01,
          -5.9102619898335623e-02, 4.7079100321349918e-02,
          1.1996046916875228e-02, 1.3463817881270809e-02,
          2.6202785364257217e-02, 1.1993269845746514e-02,
          -3.2647666291682220e-03, 1.1476763067125911e-01,
          6.6555605413390828e-01, -2.3577046786418568e-01,
          2.2896308847413946e-01, -2.1439953819745353e-02,
          -7.3831007229890028e-02, -5.1730383140258310e-02,
          -3.1657905826353951e-02, -4.6119266959079024e-02,
          -5.9102619898335623e-02, -2.3577046786418568e-01,
          3.7021251770980940e-01, -1.1916419650091808e-01,
          2.7558638621651057e-02, 6.9421889597506961e-02,
          6.0482239351571619e-03, -4.8020292741338885e-03,
          2.1839546804340890e-02, 4.7079100321349911e-02,
          2.2896308847413946e-01, -1.1916419650091808e-01,
          1.0323527893369576e-01, -5.7321469169557306e-03,
          -2.4818606830120722e-02, -1.2753123575540625e-02,
          -4.0472395675283908e-03, -1.8617913796552223e-02,
          1.1996046916875228e-02, -2.1439953819745353e-02,
          2.7558638621651064e-02, -5.7321469169557323e-03,
          7.5593230378626364e-02, 2.4051468235076218e-02,
          2.7049581004414319e-02, 8.9491269146760189e-03,
