%YAML:1.0
---
groups:
   - intact
   - CD19
intactGmmnames:
   - "intact.688.0"
   - "intact.688.1"
   - "intact.688.2"
   - "intact.688.3"
   - "intact.688.4"
intactLabels:
   - FSC-A
   - SSC-A
   - SY41
   - CD19
   - CD10
   - CD20
   - CD45
   - CD34
   - CD38
intactMu: !!opencv-matrix
   rows: 5
   cols: 9
   dt: d
   data: [ 2.4940487925462236e+00, 2.3968206884335297e+00,
       2.9187395119034325e+00, 1.7230568125479366e+00,
       2.3437897078427365e+00, 1.2399365326694842e+00,
       3.0631566926570182e+00, 1.0423884730680804e+00,
       1.5608612246271825e+00, 3.1506399454282441e+00,
       3.2194015213145804e+00, 2.6908634869769266e+00,
       1.9566300342801215e+00, 1.7999676112565797e+00,
       1.4370080451869773e+00, 3.0928288716102141e+00,
       1.0877264226166783e+00, 1.6644955918318365e+00,
       3.3257584313558075e+00, 2.4297327662281294e+00,
       2.6898822810180447e+00, 1.7546384712095260e+00,
       1.1348648559310313e+00, 1.3228433887332616e+00,
       2.9492560273716104e+00, 1.0322868504500153e+00,
       1.7066181267155323e+00, 7.8764460056915220e-01,
       3.7901884370406219e-01, 2.9500602715173203e+00,
       8.0131041651541279e-01, 9.6695753945972074e-01,
       9.8231837260928401e-01, 1.4158926545273329e+00,
       1.0159735382836497e+00, 1.5601094620576215e+00,
       1.6831713569263655e+00, 1.0185312375178845e+00,
       2.7207382468928345e+00, 1.4525289233876784e+00,
       1.0282238534544610e+00, 1.1905548744274810e+00,
       3.5012072672620271e+00, 1.1845766476120720e+00,
       2.7100956574172299e+00 ]
intactSigma:
   - !!opencv-matrix
      rows: 9
      cols: 9
      dt: d
      data: [ 5.2514197136719998e-01, 1.5002654785513236e-01,
          7.9175559606534335e-04, 2.3604633282185376e-02,
          -1.2371267648174615e-02, 4.7702606501477361e-02,
          1.5395714099847553e-02, 9.2458489067065962e-04,
          5.3760511581923964e-03, 1.5002654785513236e-01,
          2.3100864470222765e-01, -1.0303332938077772e-02,
          5.2372919757323215e-02, 3.5624078059741576e-02,
          3.1253328060718712e-02, 2.2452709142172705e-02,
          2.7182010607188674e-03, 6.1474939838549294e-03,
          7.9175559606534335e-04, -1.0303332938077772e-02,
          3.5845428318098359e-02, -4.2738682933644171e-03,
          -5.2827960721275481e-03, 4.6202052256917366e-03,
          -5.5011825464627009e-03, 7.7633318001513781e-04,
          -4.5307075240880595e-03, 2.3604633282185376e-02,
          5.2372919757323215e-02, -4.2738682933644171e-03,
          4.7100781870338559e-02, 1.4129749238975284e-02,
          4.6062889125625560e-03, 5.3000811106036685e-03,
          9.8163607797395512e-04, -1.0934703186717879e-02,
          -1.2371267648174618e-02, 3.5624078059741576e-02,
          -5.2827960721275472e-03, 1.4129749238975281e-02,
          1.1435309640139459e-01, 4.5008014234307189e-03,
          1.6250528436033161e-02, 1.2383936642203625e-03,
          -4.8932420438277165e-03, 4.7702606501477361e-02,
          3.1253328060718712e-02, 4.6202052256917358e-03,
          4.6062889125625551e-03, 4.5008014234307180e-03,
          6.3662791182139952e-02, 1.1541155612356450e-03,
          1.4877714156606584e-03, 1.3753568220493378e-04,
          1.5395714099847553e-02, 2.2452709142172705e-02,
          -5.5011825464627009e-03, 5.3000811106036676e-03,
          1.6250528436033161e-02, 1.1541155612356450e-03,
          2.0606783185511946e-02, -2.8623228419162707e-03,
          -2.3612543783858501e-03, 9.2458489067065929e-04,
          2.7182010607188670e-03, 7.7633318001513814e-04,
          9.8163607797395621e-04, 1.2383936642203625e-03,
          1.4877714156606599e-03, -2.8623228419162716e-03,
          9.4497978121595425e-02, 1.5516284913932375e-03,
          5.3760511581923990e-03, 6.1474939838549294e-03,
          -4.5307075240880595e-03, -1.0934703186717881e-02,
          -4.8932420438277148e-03, 1.3753568220493403e-04,
          -2.3612543783858497e-03, 1.5516284913932375e-03,
          7.7758992288033152e-02 ]
   - !!opencv-matrix
      rows: 9
      cols: 9
      dt: d
      data: [ 4.9229591388325522e-01, 1.1644635369519651e-01,
          2.8557620972792432e-02, 1.3937238276056831e-02,
          -1.4063752712050853e-01, 4.4754577138956378e-02,
          -2.7047591805929992e-02, 7.0876178949052021e-03,
          3.9148053443388446e-02, 1.1644635369519651e-01,
          3.7390641658951551e-01, 6.9854750455001979e-03,
          5.4767411384714443e-02, -1.5752534955569580e-02,
          3.4998578989770900e-02, 1.4685829226021690e-02,
          3.0636446117432293e-03, 1.9736080547396787e-02,
          2.8557620972792432e-02, 6.9854750455001970e-03,
          7.5299949637632160e-02, -1.3730435652967818e-03,
          1.0659775385031817e-02, 8.4155148755481121e-03,
          -4.1344379857051099e-03, 1.7850739448582011e-03,
          9.7510382249161136e-03, 1.3937238276056835e-02,
          5.4767411384714443e-02, -1.3730435652967825e-03,
          2.0548956717480801e-02, -3.4159350436536551e-03,
          5.4559874213745193e-03, 2.4241783986020159e-03,
          6.0682676100571014e-04, -4.2277307312776962e-03,
          -1.4063752712050853e-01, -1.5752534955569580e-02,
          1.0659775385031815e-02, -3.4159350436536555e-03,
          3.7595999222432208e-01, -1.5003226040319484e-02,
          3.4017834916369491e-02, -5.4780289650879473e-03,
          -3.7098502356365692e-02, 4.4754577138956378e-02,
          3.4998578989770900e-02, 8.4155148755481156e-03,
          5.4559874213745193e-03, -1.5003226040319480e-02,
          3.3158212967151830e-02, -3.0885855206923911e-03,
          2.8228208341451788e-04, 1.7423626735402927e-02,
          -2.7047591805929992e-02, 1.4685829226021692e-02,
          -4.1344379857051090e-03, 2.4241783986020159e-03,
          3.4017834916369491e-02, -3.0885855206923920e-03,
          2.1252887139549471e-02, -2.0938405022801342e-03,
          -1.2388264788893523e-02, 7.0876178949052003e-03,
          3.0636446117432293e-03, 1.7850739448582011e-03,
          6.0682676100571058e-04, -5.4780289650879456e-03,
          2.8228208341451788e-04, -2.0938405022801333e-03,
          1.0766088969103721e-01, 3.7245129184643958e-03,
          3.9148053443388453e-02, 1.9736080547396787e-02,
          9.7510382249161118e-03, -4.2277307312776962e-03,
          -3.7098502356365692e-02, 1.7423626735402931e-02,
          -1.2388264788893523e-02, 3.7245129184643967e-03,
          1.3888927317996866e-01 ]
   - !!opencv-matrix
      rows: 9
      cols: 9
      dt: d
      data: [ 3.9358954481970210e-01, 3.5249901594989322e-02,
          2.0213786235305042e-04, 1.0769600298941494e-02,
          9.1407543064772091e-03, 3.2613190273138686e-02,
          -9.0285743862752264e-03, 3.7152244512692915e-03,
          2.6288722583798725e-02, 3.5249901594989322e-02,
          2.7241722142471791e-01, -1.0264536710904028e-02,
          6.0787749646013585e-02, 2.7067282379144127e-02,
          2.1259114017620165e-02, 3.5436618063582670e-02,
          9.8768431080835340e-04, 6.8113528894215455e-05,
          2.0213786235305121e-04, -1.0264536710904028e-02,
          4.7648839569389166e-02, -5.1351106283454885e-03,
          2.0078277948210469e-03, 1.4653693268079440e-03,
          -3.5627038157656390e-03, -5.6247726120059102e-04,
          1.8733815565641044e-03, 1.0769600298941490e-02,
          6.0787749646013585e-02, -5.1351106283454885e-03,
          4.2868121493718055e-02, 4.6948068047131010e-03,
          5.8106087224817603e-03, 6.1519413515834787e-03,
          1.0254586079888632e-03, -7.7318490102749491e-03,
          9.1407543064772091e-03, 2.7067282379144120e-02,
          2.0078277948210460e-03, 4.6948068047131010e-03,
          7.0538826031476168e-02, -2.0085913852247168e-03,
          3.9598961185091765e-03, -3.0556858431481110e-03,
