%YAML:1.0
---
groups:
   - intact
   - CD19
intactGmmnames:
   - "intact.690.0"
   - "intact.690.1"
   - "intact.690.2"
   - "intact.690.3"
   - "intact.690.4"
intactLabels:
   - FSC-A
   - SSC-A
   - SY41
   - CD19
   - CD10
   - CD20
   - CD45
   - CD34
   - CD38
intactMu: !!opencv-matrix
   rows: 5
   cols: 9
   dt: d
   data: [ 1.1635968681226376e+00, 3.3527638308652724e-01,
       2.7060026057506152e+00, 1.0991856115841716e+00,
       9.0327260762551265e-01, 9.9731560102577865e-01,
       3.6116106314875602e+00, 1.0138463378920703e+00,
       1.7051574679803827e+00, 2.2645692671541227e+00,
       3.6297030239700465e+00, 2.4301377271714277e+00,
       1.8855357390782215e+00, 2.6036627511996233e+00,
       1.2233692770405440e+00, 3.1461985387313045e+00,
       1.0859831893693801e+00, 1.5787662503311388e+00,
       1.7580129703605014e+00, 1.3829256641240235e+00,
       2.5364936732080152e+00, 1.3874865412113384e+00,
       1.1884332773327073e+00, 1.3033492812948111e+00,
       2.6123645108615410e+00, 1.2837368998690113e+00,
       2.2006483509533918e+00, 7.0533609684595111e-01,
       3.3514882268937990e-01, 2.9053400577303718e+00,
       8.6616204484115322e-01, 9.0727058949567418e-01,
       9.5048133878041874e-01, 1.2956810663422715e+00,
       1.0589235893828928e+00, 1.3564411438278421e+00,
       2.8863499332978102e+00, 3.4688063058093741e+00,
       2.4610331945728223e+00, 1.8706217825908660e+00,
       1.2462103162531408e+00, 1.3409483925309862e+00,
       2.9979565173840341e+00, 1.0949202932948960e+00,
       1.8837317796589761e+00 ]
intactSigma:
   - !!opencv-matrix
      rows: 9
      cols: 9
      dt: d
      data: [ 1.4725392341909507e-01, 2.0537198209847646e-02,
          -6.2176031273880522e-02, 8.6564328870920946e-03,
          4.9440032499736622e-03, 1.6694451000667573e-02,
          2.7554115718966959e-02, -3.4713233826873507e-04,
          -1.9824570560943142e-02, 2.0537198209847649e-02,
          1.5341838829206757e-02, -1.3744074839381362e-02,
          8.6131557823551815e-03, 5.0638362382657920e-03,
          1.0478911350023124e-02, 7.1336388790326473e-03,
          5.2899756180680726e-04, -3.6966302622442860e-03,
          -6.2176031273880515e-02, -1.3744074839381362e-02,
          6.9389148375330584e-02, -1.2353840548558282e-02,
          -2.9678282075994073e-03, -5.5508261235356366e-03,
          -1.8871436768457536e-02, 3.8323295659542268e-03,
          7.5094972275389091e-03, 8.6564328870920946e-03,
          8.6131557823551797e-03, -1.2353840548558283e-02,
          9.3008052966336116e-02, 2.9879389184062589e-03,
          7.1556960805461145e-03, 5.4639825471374647e-03,
          4.5926049741384853e-03, -1.3029932226666383e-02,
          4.9440032499736613e-03, 5.0638362382657912e-03,
          -2.9678282075994073e-03, 2.9879389184062589e-03,
          4.8816717418374470e-02, -2.3658895006477810e-03,
          1.9221727091090148e-03, -5.1362738680576113e-03,
          -3.0239833015352855e-03, 1.6694451000667573e-02,
          1.0478911350023122e-02, -5.5508261235356392e-03,
          7.1556960805461171e-03, -2.3658895006477810e-03,
          7.1393048224291794e-02, 4.5538802370735871e-03,
          2.1146831938702697e-03, -1.2544185231189124e-02,
          2.7554115718966959e-02, 7.1336388790326473e-03,
          -1.8871436768457536e-02, 5.4639825471374647e-03,
          1.9221727091090143e-03, 4.5538802370735879e-03,
          1.4917350525658103e-02, -2.9178854650271217e-03,
          -2.5473778647762488e-03, -3.4713233826873415e-04,
          5.2899756180680747e-04, 3.8323295659542268e-03,
          4.5926049741384853e-03, -5.1362738680576113e-03,
          2.1146831938702692e-03, -2.9178854650271217e-03,
          1.4880856998645553e-01, 1.3434735696235339e-03,
          -1.9824570560943142e-02, -3.6966302622442851e-03,
          7.5094972275389056e-03, -1.3029932226666385e-02,
          -3.0239833015352864e-03, -1.2544185231189124e-02,
          -2.5473778647762488e-03, 1.3434735696235339e-03,
          1.4661878134648923e-01 ]
   - !!opencv-matrix
      rows: 9
      cols: 9
      dt: d
      data: [ 3.2215836468715758e-01, 9.2166694939194896e-02,
          -9.4726942863344564e-03, 1.3269068058018432e-02,
          -2.4757787345543639e-02, 2.4297132546712400e-02,
          8.2136669275988876e-04, 4.9962507023368925e-03,
          -1.7808104605992476e-03, 9.2166694939194896e-02,
          3.2768558066127357e-01, -9.1091436079659277e-03,
          6.0178634135743571e-02, 2.4368218897495911e-02,
          3.2652603431494634e-02, 1.3967460986442835e-02,
          6.1383616611125772e-03, 1.9773467945857154e-03,
          -9.4726942863344564e-03, -9.1091436079659242e-03,
          5.1022198076477100e-02, -4.3232749462262009e-03,
          -2.0355929618423290e-03, 1.3775571462640932e-03,
          -1.5510520173845097e-03, 2.3562762204392129e-03,
          -7.8749514952955793e-04, 1.3269068058018429e-02,
          6.0178634135743571e-02, -4.3232749462261992e-03,
          3.2617922966337184e-02, 7.4079385152868837e-03,
          6.9130380935329390e-03, 3.9114696974789382e-03,
          1.7038340155614512e-03, -7.8921417599349900e-03,
          -2.4757787345543639e-02, 2.4368218897495911e-02,
          -2.0355929618423281e-03, 7.4079385152868811e-03,
          7.7827991219329040e-02, 1.1020673038272856e-03,
          1.7871848117629784e-02, 5.9847202226785981e-05,
          -1.3809561534257968e-03, 2.4297132546712404e-02,
          3.2652603431494634e-02, 1.3775571462640937e-03,
          6.9130380935329416e-03, 1.1020673038272856e-03,
          5.6678946883688415e-02, 2.7681638628492397e-03,
          1.1085411793780567e-03, 2.7696839615331181e-03,
          8.2136669275988811e-04, 1.3967460986442836e-02,
          -1.5510520173845097e-03, 3.9114696974789382e-03,
          1.7871848117629784e-02, 2.7681638628492397e-03,
          2.4764322942961037e-02, -1.8659294038094036e-03,
          1.0558143094721052e-03, 4.9962507023368907e-03,
          6.1383616611125763e-03, 2.3562762204392121e-03,
          1.7038340155614510e-03, 5.9847202226786042e-05,
          1.1085411793780560e-03, -1.8659294038094053e-03,
          9.5449758921330008e-02, 2.1019608382746198e-03,
          -1.7808104605992470e-03, 1.9773467945857146e-03,
          -7.8749514952955848e-04, -7.8921417599349918e-03,
          -1.3809561534257968e-03, 2.7696839615331194e-03,
          1.0558143094721046e-03, 2.1019608382746185e-03,
          9.2161447870474172e-02 ]
   - !!opencv-matrix
      rows: 9
      cols: 9
      dt: d
      data: [ 5.1443305304810949e-01, 2.8875541888830297e-01,
          3.2066728142043310e-02, 9.3395651202414012e-02,
          4.3417204672775496e-02, 6.5078963367194265e-02,
          1.9476676108838312e-01, 5.9580618794431751e-03,
          1.5310260997867525e-01, 2.8875541888830297e-01,
          6.4567605863649469e-01, 2.5937011202817769e-02,
          2.0192235390965552e-01, 1.0699377176936978e-01,
          1.0565523200024546e-01, 1.7599240684883216e-01,
          3.9164066944661404e-04, 1.3636974661772450e-01,
          3.2066728142043317e-02, 2.5937011202817776e-02,
          2.8471985104398323e-01, -2.3445732296489098e-02,
          7.1575272806283688e-02, 1.2442068733200677e-01,
          8.9543332427681935e-02, 4.3545980999773665e-02,
          7.4448065353708182e-02, 9.3395651202414012e-02,
          2.0192235390965552e-01, -2.3445732296489098e-02,
          1.3638254016457924e-01, 3.5833988410510199e-02,
          4.0756328306848229e-02, 9.4780606070609549e-02,
          3.2154597008195668e-03, 5.3947259394717596e-02,
          4.3417204672775496e-02, 1.0699377176936978e-01,
          7.1575272806283688e-02, 3.5833988410510206e-02,
          1.6425970096810005e-01, 8.8042612817734012e-02,
          5.4655224710424652e-02, 1.3718897006326709e-02,
