%YAML:1.0
---
groups:
   - intact
   - CD19
   - blast
intactGmmnames:
   - "intact.692.0"
   - "intact.692.1"
   - "intact.692.2"
   - "intact.692.3"
   - "intact.692.4"
intactLabels:
   - FSC-A
   - SSC-A
   - SY41
   - CD19
   - CD10
   - CD20
   - CD45
   - CD34
   - CD38
intactMu: !!opencv-matrix
   rows: 5
   cols: 9
   dt: d
   data: [ 1.6182671103192154e+00, 6.5962561981899825e-01,
       3.1299999663107378e+00, 1.3480833380111819e+00,
       9.3538319438776607e-01, 1.1026374345186727e+00,
       3.9973848566823298e+00, 1.1638185525261795e+00,
       2.1527273957248285e+00, 2.1032500067523783e+00,
       1.8266616198853445e+00, 3.5635822591861648e+00,
       1.2729518315803561e+00, 1.4046248736527041e+00,
       1.4589351514673954e+00, 2.6404724613936423e+00,
       1.3635887636993833e+00, 2.1025262648719250e+00,
       9.5966721187442050e-01, 3.8197010711334817e-01,
       3.4949560294210156e+00, 1.0385536247469416e+00,
       8.9687196008315440e-01, 8.7371399608303224e-01,
       1.3982343130466173e+00, 1.1082484868910216e+00,
       1.6599704975107406e+00, 2.1726319319800145e+00,
       3.4382562419245959e+00, 3.5427184098195670e+00,
       1.4764001334953185e+00, 2.6709035673101478e+00,
       1.1430872220457020e+00, 3.2361679156047720e+00,
       1.1963880868934671e+00, 1.9251275485437596e+00,
       1.1270151383469869e+00, 3.7278530449162789e-01,
       3.7072980496335277e+00, 1.1427669263642000e+00,
       8.3979816349620140e-01, 9.9433346651380061e-01,
       3.8216123116924048e+00, 1.1356497004402533e+00,
       1.8881630945750285e+00 ]
intactSigma:
   - !!opencv-matrix
      rows: 9
      cols: 9
      dt: d
      data: [ 1.0657084549067922e-01, 9.1232944389707093e-03,
          -1.1124682232186748e-02, 2.8771264153739239e-03,
          1.8352230640180974e-03, 2.3501517596983407e-03,
          9.8094710645732809e-03, 2.9280257683138872e-03,
          5.7595639300875318e-03, 9.1232944389707093e-03,
          2.4355425156626868e-02, -3.9542529505255906e-03,
          5.1056390553683466e-03, 3.6110446369387269e-03,
          8.7318425125789811e-03, 5.4937460691077489e-03,
          4.3885002221487664e-03, 2.1280280494740091e-02,
          -1.1124682232186751e-02, -3.9542529505255898e-03,
          1.0498031990225352e-01, -2.0787852220508520e-02,
          -1.0433945261824444e-02, -1.9747910494129985e-03,
          -7.6833122803588979e-03, 5.1496154814179469e-03,
          -8.6824356886787152e-03, 2.8771264153739239e-03,
          5.1056390553683466e-03, -2.0787852220508513e-02,
          2.5807354054821860e-02, 3.0785367212122924e-03,
          2.7779246922978985e-03, 3.4197627513994928e-03,
          1.6133330789669257e-03, 1.6123720798096786e-03,
          1.8352230640180974e-03, 3.6110446369387282e-03,
          -1.0433945261824448e-02, 3.0785367212122928e-03,
          2.6886213525417157e-02, -7.9400476034229255e-04,
          1.3105227952249661e-03, -7.4584120207199078e-03,
          -3.8276337099165817e-03, 2.3501517596983407e-03,
          8.7318425125789776e-03, -1.9747910494129993e-03,
          2.7779246922978998e-03, -7.9400476034229255e-04,
          7.7316713081648031e-02, 3.2163142896226874e-03,
          9.3074610103533362e-04, -2.1593443559458806e-02,
          9.8094710645732792e-03, 5.4937460691077489e-03,
          -7.6833122803589005e-03, 3.4197627513994928e-03,
          1.3105227952249657e-03, 3.2163142896226874e-03,
          9.0525550285525808e-03, -1.3577263820982719e-03,
          5.9597767163938541e-04, 2.9280257683138872e-03,
          4.3885002221487647e-03, 5.1496154814179443e-03,
          1.6133330789669248e-03, -7.4584120207199078e-03,
          9.3074610103533362e-04, -1.3577263820982717e-03,
          2.1189711805966380e-01, 1.8742257593381842e-02,
          5.7595639300875353e-03, 2.1280280494740088e-02,
          -8.6824356886787135e-03, 1.6123720798096790e-03,
          -3.8276337099165808e-03, -2.1593443559458809e-02,
          5.9597767163938509e-04, 1.8742257593381842e-02,
          3.1437467276824771e-01 ]
   - !!opencv-matrix
      rows: 9
      cols: 9
      dt: d
      data: [ 1.0176796182742980e+00, 8.6560674811734795e-01,
          9.0302122270025181e-02, 1.1842596675871370e-01,
          1.0661200878850356e-02, 8.1612922548171887e-03,
          4.1771090735425620e-01, -6.7436436659556037e-02,
          8.5623641023752819e-02, 8.6560674811734795e-01,
          1.4717499815809925e+00, 4.0630770860913483e-02,
          2.4242976214742268e-01, 1.1188633121174832e-01,
          2.3390000998966671e-02, 5.5254860891035973e-01,
          -6.4432555940588512e-02, 1.0864031588448450e-01,
          9.0302122270025181e-02, 4.0630770860913469e-02,
          2.8651359070824517e-01, -9.1257137186852327e-02,
          -1.1463428174313162e-02, 5.2327840690618382e-02,
          1.2913745631928208e-02, -5.7388488718681789e-02,
          4.2257936444266800e-02, 1.1842596675871370e-01,
          2.4242976214742268e-01, -9.1257137186852327e-02,
          1.5350090012061265e-01, 7.5397177701048576e-02,
          5.1805982501658333e-02, 1.3412282397508177e-01,
          1.6874906428229017e-02, 2.1457127983984463e-02,
          1.0661200878850363e-02, 1.1188633121174826e-01,
          -1.1463428174313161e-02, 7.5397177701048576e-02,
          3.2943130504003881e-01, 1.5794314701037721e-01,
          1.7356715960230543e-02, 3.6046972047167773e-02,
          -2.3183634446789052e-03, 8.1612922548171853e-03,
          2.3390000998966681e-02, 5.2327840690618382e-02,
          5.1805982501658333e-02, 1.5794314701037721e-01,
          3.1638042189966775e-01, -8.8760348231122235e-02,
          1.6710931846410378e-02, -3.0184736368124059e-02,
          4.1771090735425620e-01, 5.5254860891035962e-01,
          1.2913745631928212e-02, 1.3412282397508177e-01,
          1.7356715960230550e-02, -8.8760348231122235e-02,
          8.5060793407844482e-01, 1.9759283881728172e-02,
          2.4841937367855943e-01, -6.7436436659556051e-02,
          -6.4432555940588512e-02, -5.7388488718681789e-02,
          1.6874906428229013e-02, 3.6046972047167773e-02,
          1.6710931846410378e-02, 1.9759283881728176e-02,
          2.2483757856435124e-01, 5.9510113453265040e-02,
          8.5623641023752819e-02, 1.0864031588448450e-01,
          4.2257936444266786e-02, 2.1457127983984463e-02,
          -2.3183634446789026e-03, -3.0184736368124059e-02,
          2.4841937367855943e-01, 5.9510113453265040e-02,
          2.9827666329835517e-01 ]
   - !!opencv-matrix
      rows: 9
      cols: 9
      dt: d
      data: [ 6.3184437109871552e-02, 1.2386239663692388e-02,
          -3.2930930281945207e-02, 1.1548196426279253e-02,
          1.0863093752305559e-02, 1.3105421381069522e-02,
          6.4179863412526161e-03, 1.4540681551665833e-03,
          1.9252133234839003e-03, 1.2386239663692386e-02,
          2.0991844052980352e-02, -1.5386547804583102e-03,
          1.2323416412513505e-03, 6.6513492098434820e-03,
          1.4329066009118948e-02, 1.0457861010724986e-02,
          2.8700620810547324e-03, 6.7696294092086063e-03,
          -3.2930930281945200e-02, -1.5386547804583115e-03,
          2.9007061448259658e-01, -9.9665696058696199e-02,
          -5.9170764075363855e-02, -3.3728334694058892e-02,
          -1.9617694737177754e-02, 1.4806413559018698e-03,
          2.7677075267127451e-02, 1.1548196426279252e-02,
          1.2323416412513498e-03, -9.9665696058696199e-02,
          4.5717277662903490e-02, 2.7809825805785927e-02,
          1.8548297505221387e-02, 9.2244742027484915e-03,
          -1.1159155935634515e-03, -1.1899897856758076e-02,
          1.0863093752305559e-02, 6.6513492098434820e-03,
          -5.9170764075363855e-02, 2.7809825805785934e-02,
          5.8478124350349908e-02, 2.4640515613639440e-02,
          1.0103853269283964e-02, -4.6073398841143875e-04,
