%YAML:1.0
---
groups:
   - intact
   - CD19
   - blast
intactGmmnames:
   - "intact.696.0"
   - "intact.696.1"
   - "intact.696.2"
   - "intact.696.3"
   - "intact.696.4"
intactLabels:
   - FSC-A
   - SSC-A
   - SY41
   - CD19
   - CD10
   - CD20
   - CD45
   - CD34
   - CD38
intactMu: !!opencv-matrix
   rows: 5
   cols: 9
   dt: d
   data: [ 1.5070454007337823e+00, 5.5910728507783236e-01,
       2.3837480619276907e+00, 1.1922936816185776e+00,
       9.1331098977931813e-01, 1.0883951095709121e+00,
       3.6167910709391400e+00, 1.0645812356379634e+00,
       2.0805032952504492e+00, 1.0495069526912715e+00,
       5.3531626998563620e-01, 2.4663829600084073e+00,
       1.1595286865615815e+00, 1.1999395252990217e+00,
       1.4257376268169686e+00, 1.3109613869394163e+00,
       1.3670691569591344e+00, 1.6975409686171885e+00,
       2.0487042251559342e+00, 2.2408020774191786e+00,
       2.6186511125750553e+00, 1.7630253710365684e+00,
       1.8759125548030926e+00, 1.5931523087706281e+00,
       2.7914150736860996e+00, 1.2672800175787449e+00,
       1.7749675925710018e+00, 1.0127562172263600e+00,
       2.6970494991838473e-01, 2.3845796422532723e+00,
       1.0352519340385549e+00, 8.8103491567090852e-01,
       1.0472243330235496e+00, 3.4337264491787121e+00,
       1.0339355995783732e+00, 1.7630614761395655e+00,
       2.0088840128558454e+00, 1.6957030780250746e+00,
       2.2343758906535109e+00, 1.7577073936674812e+00,
       1.0932841595790814e+00, 1.3533650323766857e+00,
       1.4322549802682454e+00, 1.8498097113811853e+00,
       1.6753291750864798e+00 ]
intactSigma:
   - !!opencv-matrix
      rows: 9
      cols: 9
      dt: d
      data: [ 1.5245484903939635e-01, -7.0813575607980774e-04,
          8.3224509709475692e-03, -4.1875919025669180e-03,
          -1.1382241000006210e-03, 9.9127208988532296e-03,
          2.1447060722449448e-02, -2.0723630458042330e-03,
          -1.7294100840431755e-02, -7.0813575607980763e-04,
          3.4443846315152557e-02, 1.3826079801027898e-02,
          1.8606271177424073e-02, 4.6855791692520998e-03,
          1.0989753620146122e-02, 2.0792243175129510e-03,
          3.3205252595993060e-03, 3.1101652496331886e-02,
          8.3224509709475692e-03, 1.3826079801027898e-02,
          2.3656865036919217e-02, 8.2270494961130501e-03,
          2.1119211962520638e-03, 8.3292631757736369e-03,
          5.5061704022018642e-03, 2.0285055757981100e-03,
          6.2320480691434813e-03, -4.1875919025669180e-03,
          1.8606271177424073e-02, 8.2270494961130518e-03,
          1.0960131378938012e-01, 4.0303557379758031e-03,
          8.9514350959647038e-03, 6.5699462242924970e-03,
          7.0072449570001928e-03, 1.0327302039423964e-02,
          -1.1382241000006215e-03, 4.6855791692521007e-03,
          2.1119211962520638e-03, 4.0303557379758031e-03,
          5.4368104138196455e-02, -3.8572446242908804e-03,
          3.0078245309565343e-04, -6.0178571598342324e-03,
          1.4287549404953866e-03, 9.9127208988532278e-03,
          1.0989753620146122e-02, 8.3292631757736369e-03,
          8.9514350959647056e-03, -3.8572446242908804e-03,
          7.3068233648323141e-02, 4.7059296418855900e-03,
          9.6166737917236574e-04, -8.3061025510011658e-03,
          2.1447060722449444e-02, 2.0792243175129510e-03,
          5.5061704022018633e-03, 6.5699462242924944e-03,
          3.0078245309565380e-04, 4.7059296418855900e-03,
          2.9622891155182404e-02, -4.8754823470032807e-03,
          -1.1303944888178463e-02, -2.0723630458042356e-03,
          3.3205252595993060e-03, 2.0285055757981100e-03,
          7.0072449570001928e-03, -6.0178571598342332e-03,
          9.6166737917236552e-04, -4.8754823470032824e-03,
          1.8180172460249941e-01, 4.1269352797253592e-03,
          -1.7294100840431755e-02, 3.1101652496331893e-02,
          6.2320480691434813e-03, 1.0327302039423964e-02,
          1.4287549404953868e-03, -8.3061025510011623e-03,
          -1.1303944888178458e-02, 4.1269352797253609e-03,
          1.4050703171354040e-01 ]
   - !!opencv-matrix
      rows: 9
      cols: 9
      dt: d
      data: [ 1.0239734117194542e-01, 4.4358968728569675e-02,
          1.4809929961404816e-02, 2.3131600692222896e-02,
          1.8877915432936297e-02, 3.2887140789108794e-02,
          1.2585534551914222e-02, 2.6398148623062456e-02,
          -2.8909431996368754e-04, 4.4358968728569675e-02,
          6.8893447705952834e-02, -1.2210277843705585e-04,
          4.8776466297738075e-02, 1.7226211348264187e-02,
          2.4722466384473032e-02, 2.2295358680507339e-02,
          3.9870098693618627e-02, -3.4913790561658900e-04,
          1.4809929961404813e-02, -1.2210277843705642e-04,
          2.0759150965865178e-01, -7.3321840294181054e-02,
          1.4629779719509819e-01, 1.8997993403569541e-01,
          1.8252044362246620e-02, -7.9578276085673555e-02,
          1.5501786378527629e-03, 2.3131600692222896e-02,
          4.8776466297738082e-02, -7.3321840294181068e-02,
          1.1573187948047194e-01, -3.0125906777128408e-02,
          -3.3470838087673267e-02, 1.7821044847787394e-02,
          8.7988640526463394e-02, -2.6941565624877682e-03,
          1.8877915432936297e-02, 1.7226211348264183e-02,
          1.4629779719509817e-01, -3.0125906777128408e-02,
          1.9371806594344984e-01, 1.6671093636903614e-01,
          5.1937592603207496e-02, -2.1002562590298039e-02,
          1.9865827810796330e-03, 3.2887140789108787e-02,
          2.4722466384473035e-02, 1.8997993403569541e-01,
          -3.3470838087673267e-02, 1.6671093636903614e-01,
          2.8456942123666146e-01, 3.6877397181961744e-02,
          -1.0898413848423497e-02, 1.2518882535884246e-03,
          1.2585534551914222e-02, 2.2295358680507339e-02,
          1.8252044362246620e-02, 1.7821044847787394e-02,
          5.1937592603207496e-02, 3.6877397181961744e-02,
          1.8067996431700564e-01, 2.9651860678416117e-02,
          1.4905301745550764e-03, 2.6398148623062456e-02,
          3.9870098693618634e-02, -7.9578276085673555e-02,
          8.7988640526463394e-02, -2.1002562590298042e-02,
          -1.0898413848423499e-02, 2.9651860678416114e-02,
          2.1682049601305126e-01, -1.1943997406218040e-03,
          -2.8909431996368759e-04, -3.4913790561658890e-04,
          1.5501786378527625e-03, -2.6941565624877682e-03,
          1.9865827810796326e-03, 1.2518882535884246e-03,
          1.4905301745550764e-03, -1.1943997406218040e-03,
          1.0966520902262781e-03 ]
   - !!opencv-matrix
      rows: 9
      cols: 9
      dt: d
      data: [ 5.2495508431568305e-01, 3.5974099983168056e-01,
          3.0954407168154351e-02, 5.7842307710818643e-02,
          4.3546240926439293e-02, -9.4729173208134582e-03,
          7.8409652661608195e-02, 9.3377720116436091e-03,
          -1.1758388643787775e-02, 3.5974099983168062e-01,
          1.3778507301899736e+00, 5.9948262718695890e-02,
          2.6613859925296607e-01, 3.8325399257893472e-01,
          -5.6793624922086186e-02, 2.8548275053804284e-01,
          -1.4025866729069719e-02, -7.7589900769676756e-02,
          3.0954407168154358e-02, 5.9948262718695890e-02,
          1.2109350863355464e-01, 1.0884113453835949e-02,
          5.6753459714597214e-02, 9.8076453619420634e-02,
          -6.7985634182815280e-02, 3.4089388132393532e-02,
          -2.4217609540290717e-03, 5.7842307710818629e-02,
          2.6613859925296607e-01, 1.0884113453835949e-02,
          1.3431312858279768e-01, 8.3944716273657766e-02,
          4.3462705678590549e-02, 8.1873714591607624e-02,
          3.1241760399874613e-02, -6.2485136737801435e-03,
          4.3546240926439293e-02, 3.8325399257893472e-01,
          5.6753459714597214e-02, 8.3944716273657780e-02,
          4.3854923549937963e-01, 6.5885599485317706e-02,
          1.3095348573018731e-01, 1.4863744233668218e-02,
