%YAML:1.0
---
groups:
   - intact
   - CD19
intactGmmnames:
   - "intact.698.0"
   - "intact.698.1"
   - "intact.698.2"
   - "intact.698.3"
   - "intact.698.4"
intactLabels:
   - FSC-A
   - SSC-A
   - SY41
   - CD19
   - CD10
   - CD20
   - CD45
   - CD34
   - CD38
intactMu: !!opencv-matrix
   rows: 5
   cols: 9
   dt: d
   data: [ 3.0396574608154032e+00, 2.0890089500872815e+00,
       3.3532221279720154e+00, 1.5826340003092148e+00,
       1.1508514516217929e+00, 1.3111115845844943e+00,
       3.1771046748078153e+00, 1.0908671465906659e+00,
       1.7851674931956265e+00, 1.1016560681222540e+00,
       1.9441746320430237e-01, 3.9335066583155291e+00,
       9.8751536973183085e-01, 8.0071886437291262e-01,
       9.4194154464286517e-01, 3.6161495237785779e+00,
       1.0370628219561500e+00, 1.7825777589611553e+00,
       1.6474082690253318e+00, 4.7627818597326321e-01,
       3.3514536268113426e+00, 1.1185309016545331e+00,
       1.0014569058648712e+00, 1.0451211839043790e+00,
       1.6844876909455613e+00, 1.2824340493580781e+00,
       1.6339194881095909e+00, 2.4542959681495442e+00,
       1.2986476817743842e+00, 3.5515886469922675e+00,
       1.4310208721175435e+00, 1.3280266847455868e+00,
       1.5424901162517621e+00, 3.5489716537188389e+00,
       1.2724753280904897e+00, 2.4517832201977590e+00,
       2.4766900587473017e+00, 2.0414577120920376e+00,
       3.3368626639097299e+00, 1.5678065610114589e+00,
       2.6339379415964586e+00, 1.2553811554350678e+00,
       3.3259533776357730e+00, 1.0927713510336190e+00,
       1.6899423641187139e+00 ]
intactSigma:
   - !!opencv-matrix
      rows: 9
      cols: 9
      dt: d
      data: [ 5.0970891712704469e-01, 5.1143485404498791e-02,
          2.9356372051375552e-02, 5.9827548009101384e-03,
          6.4437190417487213e-03, 4.4629638855759893e-02,
          7.9584002267021232e-03, 6.4556263000383604e-03,
          1.9090695792319656e-02, 5.1143485404498791e-02,
          3.8142167087014200e-01, -6.6065566673898679e-02,
          8.6400588395564068e-02, 4.4106416824869668e-02,
          4.5885187151815554e-02, 3.4294720981477927e-02,
          9.1493118553656830e-03, 2.9154884609830038e-05,
          2.9356372051375552e-02, -6.6065566673898679e-02,
          1.2531411167078740e-01, -3.7365070450592133e-02,
          -2.0110277666343570e-02, -1.4732994908658579e-03,
          -1.0982189636972985e-02, 5.9266606300846980e-04,
          1.3022887404091394e-02, 5.9827548009101384e-03,
          8.6400588395564068e-02, -3.7365070450592133e-02,
          3.9224687841282538e-02, 1.3408403705829915e-02,
          9.7162640361446936e-03, 9.8380821270171084e-03,
          2.1674741201526317e-03, -6.2156946861567858e-03,
          6.4437190417487231e-03, 4.4106416824869668e-02,
          -2.0110277666343563e-02, 1.3408403705829915e-02,
          5.5609296350162207e-02, 2.2368637869554608e-03,
          7.4204019886418351e-03, -1.1151911030147896e-03,
          -1.0372545396931019e-03, 4.4629638855759893e-02,
          4.5885187151815554e-02, -1.4732994908658594e-03,
          9.7162640361446936e-03, 2.2368637869554604e-03,
          6.5772926788425459e-02, 2.8827195901508476e-03,
          2.1356749979950726e-03, 9.5245927244272267e-03,
          7.9584002267021232e-03, 3.4294720981477921e-02,
          -1.0982189636972985e-02, 9.8380821270171084e-03,
          7.4204019886418369e-03, 2.8827195901508468e-03,
          1.7313714614982188e-02, -6.6668553463242923e-04,
          -2.4211112784243492e-03, 6.4556263000383578e-03,
          9.1493118553656865e-03, 5.9266606300847023e-04,
          2.1674741201526304e-03, -1.1151911030147885e-03,
          2.1356749979950722e-03, -6.6668553463242923e-04,
          7.9842084218437553e-02, 1.3497743614364821e-03,
          1.9090695792319656e-02, 2.9154884609829547e-05,
          1.3022887404091394e-02, -6.2156946861567884e-03,
          -1.0372545396931023e-03, 9.5245927244272267e-03,
          -2.4211112784243492e-03, 1.3497743614364825e-03,
          3.5744376482698396e-02 ]
   - !!opencv-matrix
      rows: 9
      cols: 9
      dt: d
      data: [ 2.0846334396874469e-01, 9.4373108835282739e-03,
          -5.3128430023950617e-02, 2.6321623924550834e-02,
          1.6463025070803480e-02, 1.8624319092524502e-02,
          3.4973940234620325e-02, 1.4244549719242595e-03,
          -3.2182486167596829e-02, 9.4373108835282739e-03,
          6.2849306171819481e-03, -4.0944637441919307e-03,
          3.9809326649653297e-03, 4.1621288912377834e-03,
          8.9742647241171022e-03, 3.7908989093108272e-03,
          1.3879286804255703e-03, -2.6910994092471841e-03,
          -5.3128430023950617e-02, -4.0944637441919316e-03,
          3.9261063095635276e-02, -2.3849168445276379e-02,
          -1.1913212253357553e-02, -7.3478697817559177e-03,
          -1.0620698422527998e-02, 2.6478070367604613e-03,
          9.5898624140887002e-03, 2.6321623924550824e-02,
          3.9809326649653289e-03, -2.3849168445276386e-02,
          2.5624600622518274e-02, 8.9421688299782913e-03,
          7.9827916367748563e-03, 6.0142686462736740e-03,
          -2.6348444957289993e-04, -7.4426006355940892e-03,
          1.6463025070803480e-02, 4.1621288912377834e-03,
          -1.1913212253357553e-02, 8.9421688299782913e-03,
          3.7313639473701136e-02, 9.3819512282799838e-04,
          4.0704531069076736e-03, -2.9984476124158593e-03,
          -4.4687902729211495e-03, 1.8624319092524502e-02,
          8.9742647241170988e-03, -7.3478697817559177e-03,
          7.9827916367748563e-03, 9.3819512282799827e-04,
          1.0871094702726757e-01, 8.7783015991623123e-03,
          9.1468611606537547e-04, -1.1398834017139495e-02,
          3.4973940234620325e-02, 3.7908989093108276e-03,
          -1.0620698422527998e-02, 6.0142686462736740e-03,
          4.0704531069076736e-03, 8.7783015991623106e-03,
          1.3112254604696815e-02, -1.6533268189042123e-03,
          -7.5068871308644688e-03, 1.4244549719242597e-03,
          1.3879286804255703e-03, 2.6478070367604600e-03,
          -2.6348444957289977e-04, -2.9984476124158580e-03,
          9.1468611606537514e-04, -1.6533268189042123e-03,
          1.3164524966479793e-01, 1.8342214170928961e-03,
          -3.2182486167596829e-02, -2.6910994092471841e-03,
          9.5898624140886984e-03, -7.4426006355940892e-03,
          -4.4687902729211495e-03, -1.1398834017139495e-02,
          -7.5068871308644706e-03, 1.8342214170928961e-03,
          4.4441954940941671e-02 ]
   - !!opencv-matrix
      rows: 9
      cols: 9
      dt: d
      data: [ 6.7223095989149340e-01, 1.2997586495287144e-01,
          -2.3368480370982803e-01, 1.2743291578423882e-01,
          9.9623916921852046e-02, 9.4894825458147772e-02,
          2.8558714303400534e-01, 1.3336876464965117e-01,
          1.4032432328822630e-02, 1.2997586495287144e-01,
          1.1506590141577752e-01, -7.9084100911424565e-02,
          5.8846933902049828e-02, 6.8454252369247487e-02,
          5.5781870004997416e-02, 1.1614897647213245e-01,
          2.8341702560962332e-02, 2.4637117010644239e-04,
          -2.3368480370982803e-01, -7.9084100911424579e-02,
          4.5445369935911273e-01, -1.7841643636656310e-01,
          -1.2493177087307709e-01, -3.9773151575817393e-02,
          -2.9502769026119169e-01, -9.2472490454874406e-02,
          1.1254478545270705e-02, 1.2743291578423882e-01,
          5.8846933902049828e-02, -1.7841643636656310e-01,
          9.4211404425762715e-02, 7.0855272473007616e-02,
          3.8073836270158333e-02, 1.3492440362290256e-01,
          4.2190828690819408e-02, -5.7819045599296470e-03,
          9.9623916921852046e-02, 6.8454252369247487e-02,
          -1.2493177087307709e-01, 7.0855272473007616e-02,
          1.2336283899371261e-01, 3.9232955924601499e-02,
          1.3293316693135840e-01, 2.6945795770177708e-02,
