%YAML:1.0
---
groups:
   - intact
   - CD19
   - blast
intactGmmnames:
   - "intact.698.0"
   - "intact.698.1"
   - "intact.698.2"
   - "intact.698.3"
   - "intact.698.4"
intactLabels:
   - FSC-A
   - SSC-A
   - SY41
   - CD19
   - CD10
   - CD20
   - CD45
   - CD34
   - CD38
intactMu: !!opencv-matrix
   rows: 5
   cols: 9
   dt: d
   data: [ 1.4511120823659009e+00, 3.0987831245715464e-01,
       2.5052588617379890e+00, 1.1659225901980150e+00,
       8.4561068419026342e-01, 1.0304573415807301e+00,
       3.7993535497675639e+00, 1.0859384630702758e+00,
       1.9255739521656485e+00, 2.6798631549349592e+00,
       3.0995111520393008e+00, 2.5613572629170651e+00,
       1.8464821066564721e+00, 2.0594148765956648e+00,
       1.2044036357557415e+00, 3.1481574444514964e+00,
       1.1284968818564058e+00, 1.6786449910483150e+00,
       1.6702812767895547e+00, 5.4547059947317456e-01,
       2.2736185417186845e+00, 1.3379231298901073e+00,
       8.8902526360788625e-01, 1.1029894952607320e+00,
       3.8875531724587633e+00, 1.0938234880594693e+00,
       2.0206788906397519e+00, 1.4084391681054140e+00,
       1.0094875846672677e+00, 2.3668304287844020e+00,
       1.2311750038240055e+00, 9.7742653726230799e-01,
       1.0068854628927286e+00, 1.2643956950719772e+00,
       1.1070980630412097e+00, 1.4383417972328976e+00,
       1.9790709863883678e+00, 1.4492420397158297e+00,
       2.6134230069355961e+00, 1.5378697061710120e+00,
       1.4727648333287202e+00, 1.5777757466926101e+00,
       2.8992856836751009e+00, 1.4001276224218580e+00,
       1.9632038623578603e+00 ]
intactSigma:
   - !!opencv-matrix
      rows: 9
      cols: 9
      dt: d
      data: [ 8.7288956727705092e-02, 7.5875684005071425e-03,
          -6.8107418153838190e-03, 3.0312781670854168e-03,
          3.2922482765805512e-03, 9.9235269824380825e-03,
          9.2180937114652549e-03, 7.8839609020949744e-04,
          -1.6668541654423299e-02, 7.5875684005071416e-03,
          6.0630165056784202e-03, -2.8445664245872622e-03,
          3.8860665621857052e-03, 2.2118751328893916e-03,
          6.7145565870342329e-03, 2.9457066994420531e-03,
          -3.0423150263717149e-04, -9.4105344590032485e-03,
          -6.8107418153838207e-03, -2.8445664245872622e-03,
          2.1023310236643621e-02, -3.3360319869048388e-03,
          -1.2628872883133422e-03, -9.8191512481688305e-04,
          -3.3242929045235407e-03, 2.9032833638673876e-03,
          3.4189160320417192e-03, 3.0312781670854181e-03,
          3.8860665621857061e-03, -3.3360319869048380e-03,
          1.0612083217830183e-01, 1.6272668124281591e-03,
          5.3857559374595968e-03, 2.1501757214501195e-03,
          3.8434622566357606e-03, -1.5253948883906085e-02,
          3.2922482765805499e-03, 2.2118751328893916e-03,
          -1.2628872883133433e-03, 1.6272668124281584e-03,
          4.2940975966825834e-02, -2.2324913294921585e-03,
          1.2791648723709402e-03, -7.9212859304877443e-03,
          -7.8647090931633565e-03, 9.9235269824380808e-03,
          6.7145565870342311e-03, -9.8191512481688261e-04,
          5.3857559374595951e-03, -2.2324913294921585e-03,
          5.8532592135066980e-02, 3.0226904401842603e-03,
          -5.9404541715835492e-04, -2.3046814191755919e-02,
          9.2180937114652532e-03, 2.9457066994420531e-03,
          -3.3242929045235407e-03, 2.1501757214501195e-03,
          1.2791648723709398e-03, 3.0226904401842616e-03,
          6.0322204018042266e-03, -1.7328797494308465e-03,
          -5.3558413905143761e-03, 7.8839609020949636e-04,
          -3.0423150263717138e-04, 2.9032833638673863e-03,
          3.8434622566357593e-03, -7.9212859304877443e-03,
          -5.9404541715835546e-04, -1.7328797494308465e-03,
          1.3390982790367728e-01, 5.4077393931170475e-03,
          -1.6668541654423302e-02, -9.4105344590032485e-03,
          3.4189160320417192e-03, -1.5253948883906082e-02,
          -7.8647090931633599e-03, -2.3046814191755919e-02,
          -5.3558413905143761e-03, 5.4077393931170449e-03,
          1.5746930631541220e-01 ]
   - !!opencv-matrix
      rows: 9
      cols: 9
      dt: d
      data: [ 4.3799444967850648e-01, 8.6211096085606606e-02,
          4.8460424068545111e-03, 1.6521321288871023e-02,
          -8.4283195565947766e-02, 3.4820478006392507e-02,
          -7.0548428334309046e-03, 2.3725656479320115e-03,
          1.7826504685746772e-02, 8.6211096085606592e-02,
          3.5992612458060963e-01, -1.5405038405862815e-02,
          7.0674829195047029e-02, 9.5238087964184717e-02,
          4.0259074519899005e-02, 2.9440747186382208e-02,
          5.2722308701885533e-03, 8.9587331826992585e-03,
          4.8460424068545102e-03, -1.5405038405862813e-02,
          4.0159402385191695e-02, -4.0380037827103003e-03,
          -6.5343602714510304e-03, -5.6223257676661596e-06,
          -4.5180158337754213e-03, 1.0276576037238825e-03,
          -1.4550884683108870e-03, 1.6521321288871016e-02,
          7.0674829195047029e-02, -4.0380037827103003e-03,
          3.4366536655575916e-02, 2.0736543948011343e-02,
          8.7492674032192286e-03, 6.8295754468288145e-03,
          2.0386495739697728e-03, -2.8787999998544445e-03,
          -8.4283195565947766e-02, 9.5238087964184717e-02,
          -6.5343602714510304e-03, 2.0736543948011350e-02,
          2.1505775861846302e-01, -6.9569304319798851e-03,
          3.4584661328972026e-02, 1.6193728772000350e-03,
          -1.6349779023290358e-02, 3.4820478006392507e-02,
          4.0259074519899012e-02, -5.6223257676661299e-06,
          8.7492674032192286e-03, -6.9569304319798851e-03,
          4.5334035803696653e-02, 7.6408044172496681e-04,
          6.5252518036501377e-04, 5.0519169191382439e-03,
          -7.0548428334309046e-03, 2.9440747186382208e-02,
          -4.5180158337754222e-03, 6.8295754468288145e-03,
          3.4584661328972026e-02, 7.6408044172496714e-04,
          2.5053306395821668e-02, -1.0314720438313783e-03,
          -1.7798178228523012e-03, 2.3725656479320124e-03,
          5.2722308701885516e-03, 1.0276576037238831e-03,
          2.0386495739697728e-03, 1.6193728772000331e-03,
          6.5252518036501442e-04, -1.0314720438313783e-03,
          4.8553625453295862e-02, 4.4810583022322553e-04,
          1.7826504685746768e-02, 8.9587331826992602e-03,
          -1.4550884683108864e-03, -2.8787999998544449e-03,
          -1.6349779023290361e-02, 5.0519169191382439e-03,
          -1.7798178228523012e-03, 4.4810583022322531e-04,
          3.8919631669942188e-02 ]
   - !!opencv-matrix
      rows: 9
      cols: 9
      dt: d
      data: [ 1.2660155463616110e-01, 3.5768149310552400e-05,
          -4.6968438596656703e-03, -5.9171842549254313e-03,
          -3.8789484214170947e-05, 2.7080060351601775e-03,
          5.0773750020247114e-03, 2.6953676568707802e-03,
          -1.7256487087695432e-02, 3.5768149310552475e-05,
          2.1491114457936354e-02, -2.4753618806052941e-03,
          8.6517692909026927e-03, 2.8216300857966025e-05,
          5.9570119922924955e-03, 3.4332679864373492e-03,
          1.5892179478499795e-03, 3.8711401074785712e-02,
          -4.6968438596656703e-03, -2.4753618806052933e-03,
          5.8602335782957676e-02, -5.3309870030874311e-03,
          1.1836058260089454e-03, 5.5302838040601991e-03,
          -8.0679446957505827e-03, 4.7253081823553427e-03,
          -1.1674950432547763e-02, -5.9171842549254321e-03,
          8.6517692909026927e-03, -5.3309870030874293e-03,
          1.0614728058891265e-01, 9.4225018492540432e-06,
          4.3978460687553881e-03, 6.8287482551897477e-03,
          2.3687461957043673e-03, -1.1531945318594549e-03,
          -3.8789484214170290e-05, 2.8216300857966143e-05,
          1.1836058260089463e-03, 9.4225018492543193e-06,
          4.8923300786848152e-02, -2.0148448752905545e-03,
