%YAML:1.0
---
groups:
   - intact
   - CD19
intactGmmnames:
   - "intact.699.0"
   - "intact.699.1"
   - "intact.699.2"
   - "intact.699.3"
   - "intact.699.4"
intactLabels:
   - FSC-A
   - SSC-A
   - SY41
   - CD19
   - CD10
   - CD20
   - CD45
   - CD34
   - CD38
intactMu: !!opencv-matrix
   rows: 5
   cols: 9
   dt: d
   data: [ 2.0959148842766222e+00, 1.9671555490944077e+00,
       2.9247810139582491e+00, 1.4889465897298928e+00,
       1.7151956174011307e+00, 1.3112114871677159e+00,
       2.9763243940042523e+00, 1.3247010845143943e+00,
       1.9943754982819828e+00, 1.0432779519437687e+00,
       4.7825504341640507e-01, 2.7906423820414852e+00,
       1.0508059912189032e+00, 9.4642575511663207e-01,
       1.0690980067512827e+00, 1.4759435867104396e+00,
       1.1581029785372339e+00, 1.5057247196056962e+00,
       7.3169045677128286e-01, 3.4994810255113795e-01,
       2.7214231387045671e+00, 1.0293836725745207e+00,
       8.8586384809104801e-01, 9.6928851010241479e-01,
       1.3740597311564817e+00, 1.0527420363156557e+00,
       1.4654676143221896e+00, 1.4504809816535758e+00,
       4.9894880027486005e-01, 2.6410558297616129e+00,
       1.3335938177431326e+00, 8.6965557981052310e-01,
       9.8014673959314880e-01, 3.9822614719983549e+00,
       1.1577239424485835e+00, 2.2687684924806577e+00,
       1.1504710052235056e+00, 2.9013941621209244e-01,
       2.8909380365290791e+00, 1.1885401253295564e+00,
       8.3746888215137261e-01, 9.5694623056781880e-01,
       3.8157494305123163e+00, 1.1057591501238817e+00,
       2.0347369832124174e+00 ]
intactSigma:
   - !!opencv-matrix
      rows: 9
      cols: 9
      dt: d
      data: [ 6.0078346669837546e-01, 4.3702150846131788e-01,
          5.2981743234408983e-02, 8.9838401932085962e-02,
          9.1570776258252259e-02, 2.7661670481267706e-02,
          1.0624507243682264e-01, -6.1879288960817513e-02,
          -4.9768391673084668e-03, 4.3702150846131788e-01,
          9.2148178385250012e-01, 7.3333632878403110e-02,
          1.7793618814359274e-01, 3.5502947908320664e-01,
          3.0991297908506604e-02, 1.3046497103142518e-01,
          -1.3979615346130567e-01, -1.1845506257138702e-01,
          5.2981743234408983e-02, 7.3333632878403110e-02,
          1.5789160224501539e-01, -5.0034368934611982e-03,
          6.6294591703680725e-02, 3.5353255767238717e-02,
          1.0629000659467997e-02, -4.1198420967388877e-02,
          -3.6369829360258874e-03, 8.9838401932085962e-02,
          1.7793618814359272e-01, -5.0034368934611991e-03,
          1.0006075718127663e-01, 6.6075125047400596e-02,
          4.2181634216775711e-02, 7.3769158453005815e-02,
          -5.1458371967295661e-03, 3.7492471486030355e-03,
          9.1570776258252259e-02, 3.5502947908320653e-01,
          6.6294591703680725e-02, 6.6075125047400596e-02,
          3.7503305704830026e-01, 2.9683300087965877e-02,
          3.2187975240881676e-02, -8.0350784197944017e-02,
          -1.4114648600784588e-01, 2.7661670481267712e-02,
          3.0991297908506608e-02, 3.5353255767238717e-02,
          4.2181634216775711e-02, 2.9683300087965884e-02,
          1.4730412311993613e-01, 1.4372769744182431e-02,
          1.2949942885085186e-02, 1.6002674086954036e-02,
          1.0624507243682264e-01, 1.3046497103142518e-01,
          1.0629000659468001e-02, 7.3769158453005815e-02,
          3.2187975240881676e-02, 1.4372769744182431e-02,
          4.0166848136784777e-01, 4.2965377862581269e-02,
          1.7889536594303396e-01, -6.1879288960817513e-02,
          -1.3979615346130567e-01, -4.1198420967388877e-02,
          -5.1458371967295644e-03, -8.0350784197944017e-02,
          1.2949942885085193e-02, 4.2965377862581269e-02,
          2.3943596673705117e-01, 1.2769887472458902e-01,
          -4.9768391673084668e-03, -1.1845506257138702e-01,
          -3.6369829360258839e-03, 3.7492471486030351e-03,
          -1.4114648600784588e-01, 1.6002674086954032e-02,
          1.7889536594303396e-01, 1.2769887472458902e-01,
          3.4062206420327729e-01 ]
   - !!opencv-matrix
      rows: 9
      cols: 9
      dt: d
      data: [ 1.2524950608250554e-01, 1.6231998619775107e-02,
          -2.8456057559920988e-02, 8.7782349599061782e-03,
          8.9874958479741300e-03, 1.1388119181289645e-02,
          -3.9868647302333483e-03, -1.3130881151707267e-02,
          -1.9811256687103942e-03, 1.6231998619775107e-02,
          2.5437221384336912e-02, 1.5203533596254577e-02,
          3.9948188486471983e-03, 1.0235807659971173e-02,
          1.9512599145987752e-02, 3.6749879819640372e-03,
          -3.4778922149995479e-03, 1.9392240614201379e-03,
          -2.8456057559920988e-02, 1.5203533596254577e-02,
          2.4764681866964619e-01, -3.2779737572073746e-02,
          3.5800153519179759e-03, 4.4681949114096550e-02,
          -8.3730278079550153e-03, -1.2112940209052512e-02,
          1.3528700304650174e-02, 8.7782349599061765e-03,
          3.9948188486471983e-03, -3.2779737572073746e-02,
          2.0583288323357728e-02, 3.0105872763276391e-03,
          4.0700815114155629e-04, 2.9290884670278859e-04,
          4.0502367887827804e-04, -4.0652558600201864e-03,
          8.9874958479741300e-03, 1.0235807659971173e-02,
          3.5800153519179763e-03, 3.0105872763276386e-03,
          5.7305795078156294e-02, 5.3877749217213595e-03,
          5.3920055718661482e-03, -2.0666690716872787e-03,
          1.8769692916021496e-03, 1.1388119181289645e-02,
          1.9512599145987752e-02, 4.4681949114096536e-02,
          4.0700815114155645e-04, 5.3877749217213595e-03,
          7.5435197076479776e-02, 1.5733339778308485e-04,
          -5.3949767776440049e-03, 3.0204763309556199e-03,
          -3.9868647302333466e-03, 3.6749879819640363e-03,
          -8.3730278079550101e-03, 2.9290884670278821e-04,
          5.3920055718661482e-03, 1.5733339778308455e-04,
          3.4351515662494468e-02, -1.2096743668925975e-03,
          9.3037907703669642e-04, -1.3130881151707267e-02,
          -3.4778922149995479e-03, -1.2112940209052512e-02,
          4.0502367887827815e-04, -2.0666690716872791e-03,
          -5.3949767776440031e-03, -1.2096743668925975e-03,
          3.6676887586579290e-02, -1.5038028641607966e-03,
          -1.9811256687103946e-03, 1.9392240614201385e-03,
          1.3528700304650174e-02, -4.0652558600201881e-03,
          1.8769692916021494e-03, 3.0204763309556199e-03,
          9.3037907703669696e-04, -1.5038028641607966e-03,
          8.1671876052291613e-03 ]
   - !!opencv-matrix
      rows: 9
      cols: 9
      dt: d
      data: [ 3.8911263610201245e-02, 1.2140649747840767e-03,
          -2.5424105834545595e-02, 3.4057385885947352e-03,
          2.9469018611944270e-03, -4.2782168925701631e-04,
          -5.6981937765303010e-04, -7.8448050255102634e-04,
          -2.3863209196548442e-04, 1.2140649747840772e-03,
          6.8945747103706179e-03, -4.4717875081847283e-03,
          2.3596182870703605e-03, 2.0534811966538028e-03,
          5.3510454616673801e-03, 7.7852997365854531e-04,
          6.2322778748416424e-05, 2.2826975385418645e-04,
          -2.5424105834545595e-02, -4.4717875081847300e-03,
          1.4580733517374125e-01, -1.8932923388899528e-02,
          -9.3798894177854839e-03, -2.1525329607849947e-04,
          3.8274260799943199e-04, 7.8927791382453233e-04,
          1.8756557980004094e-03, 3.4057385885947343e-03,
          2.3596182870703609e-03, -1.8932923388899528e-02,
          1.2716322249312323e-02, 2.1050369658733529e-03,
          1.8633765506826151e-03, -1.4104119973294590e-05,
          5.6393561574963229e-05, -1.8469006946639128e-03,
          2.9469018611944279e-03, 2.0534811966538033e-03,
          -9.3798894177854822e-03, 2.1050369658733529e-03,
          4.0111502970792953e-02, -4.9760743590279693e-03,
          1.7499030720235526e-03, -5.2243053215088450e-04,
