%YAML:1.0
---
groups:
   - intact
   - CD19
intactGmmnames:
   - "intact.707.0"
   - "intact.707.1"
   - "intact.707.2"
   - "intact.707.3"
   - "intact.707.4"
intactLabels:
   - FSC-A
   - SSC-A
   - SY41
   - CD19
   - CD10
   - CD20
   - CD45
   - CD34
   - CD38
intactMu: !!opencv-matrix
   rows: 5
   cols: 9
   dt: d
   data: [ 8.3241754213892027e-01, 3.1051234589876003e-01,
       3.8714449736434711e+00, 9.6290924527392985e-01,
       1.0572234468095749e+00, 9.6008684209267470e-01,
       3.4474253532804693e+00, 1.0629010419445430e+00,
       1.7955519343690667e+00, 1.7524389388940556e+00,
       2.5650038453677899e+00, 3.3815070264104743e+00,
       1.4000676372733019e+00, 1.8503659622020863e+00,
       1.2661286536842176e+00, 2.7172751410322733e+00,
       1.1436704421683233e+00, 1.7721334838494414e+00,
       1.2403071848610296e+00, 6.4022753526573650e-01,
       3.3559190422741958e+00, 1.1000434167741702e+00,
       1.1897920028306799e+00, 1.0924726297784073e+00,
       1.5545857425638447e+00, 1.3776060981620746e+00,
       1.7545612329433706e+00, 1.7669567720074242e+00,
       3.0326427685363910e+00, 3.3156772314805973e+00,
       1.5296179809316455e+00, 2.8978831098961138e+00,
       1.3040033844872458e+00, 3.2815401367186916e+00,
       1.1471337904773855e+00, 1.7575977256463509e+00,
       1.4600514341438371e+00, 1.2347644914897804e+00,
       3.5401074372709633e+00, 1.2746385181410858e+00,
       1.2522473863418400e+00, 1.3436773505554418e+00,
       3.3687010141091083e+00, 1.2485072343195831e+00,
       2.1680672497016760e+00 ]
intactSigma:
   - !!opencv-matrix
      rows: 9
      cols: 9
      dt: d
      data: [ 9.0629809711992887e-02, 8.6535167471480240e-03,
          -2.2930036250301232e-02, 1.2407862922977070e-02,
          3.8165994264959830e-03, 1.0360405412247125e-02,
          2.4824170457960964e-02, -2.1169753798558691e-03,
          -7.3306570601804500e-03, 8.6535167471480240e-03,
          8.8322203773900949e-03, -3.8987802000278087e-03,
          3.6883025176210485e-03, 1.4503737877374482e-03,
          8.0125536379547571e-03, 5.0621900517271992e-03,
          8.2850280098931085e-04, -1.6263726066952692e-03,
          -2.2930036250301232e-02, -3.8987802000278087e-03,
          2.8616986759802992e-02, -1.6200838771996542e-02,
          -4.5200282082035045e-03, -3.3042235943245408e-03,
          -1.0289158791457019e-02, 2.4908370436523852e-03,
          4.5565314634992866e-03, 1.2407862922977068e-02,
          3.6883025176210485e-03, -1.6200838771996542e-02,
          1.8139318767589844e-02, 2.8062455443354862e-03,
          3.8955605477605806e-03, 6.3670528896162190e-03,
          -3.0210060562971399e-04, -3.7050653042242903e-03,
          3.8165994264959826e-03, 1.4503737877374482e-03,
          -4.5200282082035045e-03, 2.8062455443354862e-03,
          7.6069737447893920e-03, -8.7707389303381641e-04,
          1.8131714652515024e-03, -2.0204005007133079e-03,
          -1.2530139894750862e-03, 1.0360405412247123e-02,
          8.0125536379547571e-03, -3.3042235943245416e-03,
          3.8955605477605810e-03, -8.7707389303381695e-04,
          7.3451189374159856e-02, 5.7599938691630720e-03,
          7.0085709908228582e-04, -4.3276285745285879e-03,
          2.4824170457960960e-02, 5.0621900517271992e-03,
          -1.0289158791457018e-02, 6.3670528896162207e-03,
          1.8131714652515028e-03, 5.7599938691630728e-03,
          1.5891854439705450e-02, -2.7092319149937430e-03,
          -3.2804210247311455e-03, -2.1169753798558665e-03,
          8.2850280098931107e-04, 2.4908370436523865e-03,
          -3.0210060562971399e-04, -2.0204005007133075e-03,
          7.0085709908228550e-04, -2.7092319149937434e-03,
          1.2022024760710896e-01, 9.3399334418840850e-04,
          -7.3306570601804500e-03, -1.6263726066952690e-03,
          4.5565314634992858e-03, -3.7050653042242903e-03,
          -1.2530139894750862e-03, -4.3276285745285871e-03,
          -3.2804210247311446e-03, 9.3399334418840872e-04,
          1.2214898687530892e-02 ]
   - !!opencv-matrix
      rows: 9
      cols: 9
      dt: d
      data: [ 5.5770283097582496e-01, 2.9786998504249407e-01,
          2.3018791592637020e-02, 4.1140043243400558e-02,
          -1.5953787914692319e-01, 3.5534223315453958e-02,
          1.3030256021050976e-01, -1.0316220726417697e-04,
          3.0487169553650554e-02, 2.9786998504249407e-01,
          5.4635124617909436e-01, 5.8554091037275248e-02,
          6.9625815358889037e-02, -3.4795458617552205e-02,
          5.7168949939453317e-02, 1.5002809175045512e-01,
          7.8584549765337592e-03, 2.0972144659154587e-02,
          2.3018791592637013e-02, 5.8554091037275248e-02,
          1.7850471920266753e-01, -4.3299740454275711e-02,
          2.9504072264796739e-02, 9.2370158925499657e-03,
          3.9054106769680144e-02, 5.8890976010490259e-03,
          8.9048459152190357e-03, 4.1140043243400558e-02,
          6.9625815358889037e-02, -4.3299740454275711e-02,
          3.8220768062606096e-02, -1.3940229979621660e-02,
          7.7302127497158478e-03, 1.1922147716603441e-02,
          2.9451155514131764e-04, -1.0687612164782001e-03,
          -1.5953787914692322e-01, -3.4795458617552219e-02,
          2.9504072264796746e-02, -1.3940229979621658e-02,
          3.2274837230893949e-01, 1.2550558581746453e-02,
          -1.3675858758624763e-02, 1.4658948942782793e-02,
          -2.3914483116660633e-02, 3.5534223315453958e-02,
          5.7168949939453310e-02, 9.2370158925499640e-03,
          7.7302127497158478e-03, 1.2550558581746453e-02,
          6.1130564685133844e-02, 1.4275554484775637e-02,
          5.7438039330765600e-03, 2.1403099287466043e-03,
          1.3030256021050976e-01, 1.5002809175045512e-01,
          3.9054106769680144e-02, 1.1922147716603444e-02,
          -1.3675858758624759e-02, 1.4275554484775636e-02,
          1.7439092687667784e-01, -5.2053710012107410e-03,
          1.5539437394198129e-02, -1.0316220726417553e-04,
          7.8584549765337592e-03, 5.8890976010490276e-03,
          2.9451155514131645e-04, 1.4658948942782794e-02,
          5.7438039330765600e-03, -5.2053710012107427e-03,
          7.8540102532763001e-02, -3.7564817253826153e-04,
          3.0487169553650554e-02, 2.0972144659154587e-02,
          8.9048459152190357e-03, -1.0687612164782001e-03,
          -2.3914483116660640e-02, 2.1403099287466043e-03,
          1.5539437394198130e-02, -3.7564817253826164e-04,
          9.7069431928915907e-03 ]
   - !!opencv-matrix
      rows: 9
      cols: 9
      dt: d
      data: [ 6.7974549618560021e-01, 2.9436301701454959e-01,
          -1.6271598223684400e-01, 1.0698317679043394e-01,
          4.9120186474599994e-02, 9.9570521393390621e-02,
          2.2819948357909126e-01, 2.4177674438143812e-01,
          2.8309826167798119e-02, 2.9436301701454959e-01,
          2.2493295269729197e-01, -8.6244839440586155e-02,
          7.1606308349588657e-02, 3.8462823114784099e-02,
          8.0709454889912921e-02, 1.5239401078836473e-01,
          1.7280934744329901e-01, 2.0694772098373108e-02,
          -1.6271598223684397e-01, -8.6244839440586141e-02,
          2.9493704200414866e-01, -1.0783601023376368e-01,
          -3.2103219773891259e-02, -7.0499334387333600e-03,
          -1.1063097689809563e-01, -1.1614781642958789e-01,
          -3.1581979004814344e-03, 1.0698317679043391e-01,
          7.1606308349588657e-02, -1.0783601023376368e-01,
          5.7874878969182024e-02, 2.0574937634230420e-02,
          2.3894147186924758e-02, 6.2761528380652520e-02,
          6.7917154839812116e-02, 3.8127839651782140e-03,
          4.9120186474599994e-02, 3.8462823114784099e-02,
          -3.2103219773891259e-02, 2.0574937634230423e-02,
          2.6480533267426273e-02, 1.7586773451415575e-02,
          3.4456380512563459e-02, 2.9665670872588118e-02,
