%YAML:1.0
---
groups:
   - intact
   - CD19
intactGmmnames:
   - "intact.719.0"
   - "intact.719.1"
   - "intact.719.2"
   - "intact.719.3"
   - "intact.719.4"
intactLabels:
   - FSC-A
   - SSC-A
   - SY41
   - CD19
   - CD10
   - CD20
   - CD45
   - CD34
   - CD38
intactMu: !!opencv-matrix
   rows: 5
   cols: 9
   dt: d
   data: [ 1.2153906695246126e+00, 3.7306321029014466e-01,
       3.2397438375309657e+00, 1.0595973861787009e+00,
       8.0926630070324623e-01, 9.1406369065085669e-01,
       3.3046808814556261e+00, 9.5563902695231318e-01,
       1.5391272015542292e+00, 2.6941221462257685e+00,
       3.0840032420976788e+00, 3.3254680894490702e+00,
       1.5166050879487154e+00, 1.6468962714540056e+00,
       1.1731746035056592e+00, 2.4352212513205411e+00,
       1.0859941902795827e+00, 1.5895800489313696e+00,
       2.4398790093856180e+00, 3.3324006538771473e+00,
       3.1757931171402904e+00, 1.6144567423396547e+00,
       2.4306525506717183e+00, 1.1349832312153452e+00,
       2.5308811636855619e+00, 1.0345789527991971e+00,
       1.4989818419077909e+00, 1.1544582209618501e+00,
       6.0284289319697115e-01, 3.2172454812883404e+00,
       1.0196838817233773e+00, 8.7907008618984406e-01,
       9.7585841231865422e-01, 1.5092771332579065e+00,
       1.2141078796819766e+00, 1.4765712445001318e+00,
       1.8985360058540979e+00, 1.2872884798478088e+00,
       3.2109751449121617e+00, 1.2677118747672877e+00,
       1.0515446991237964e+00, 1.2368734991574040e+00,
       2.9742706972988118e+00, 1.3596897203476270e+00,
       2.4137980930193477e+00 ]
intactSigma:
   - !!opencv-matrix
      rows: 9
      cols: 9
      dt: d
      data: [ 1.6706838424643633e-01, 2.5710975915056205e-02,
          -4.5267284006700222e-02, 1.7109000682944749e-02,
          9.4767459319603595e-03, 1.8632875985234887e-02,
          3.5319647778209590e-02, 4.4443555664240851e-04,
          -1.3216223567157209e-02, 2.5710975915056205e-02,
          1.7391059768345596e-02, -1.8799654085827028e-02,
          9.9250828153932148e-03, 4.4500580092987265e-03,
          1.2468236563729874e-02, 1.2661404644454361e-02,
          3.9807567007500152e-04, -4.3509763794240637e-03,
          -4.5267284006700215e-02, -1.8799654085827028e-02,
          4.9089479123958807e-02, -1.8487757807034638e-02,
          -7.8324769385661932e-03, -1.2412756666625722e-02,
          -2.0000502274783189e-02, 9.0650876283929227e-04,
          8.0732043343025549e-03, 1.7109000682944749e-02,
          9.9250828153932165e-03, -1.8487757807034641e-02,
          2.1659682640125487e-02, 3.3323320713581996e-03,
          7.7716779631595784e-03, 9.5436329318825067e-03,
          1.2821646072500460e-03, -5.5511956519297290e-03,
          9.4767459319603613e-03, 4.4500580092987256e-03,
          -7.8324769385661932e-03, 3.3323320713581983e-03,
          3.2451237642432712e-02, -1.8047957346250677e-03,
          3.9114544948203010e-03, -3.6576150153459779e-03,
          -2.7159391869980799e-03, 1.8632875985234887e-02,
          1.2468236563729876e-02, -1.2412756666625726e-02,
          7.7716779631595784e-03, -1.8047957346250670e-03,
          7.2235668479971052e-02, 8.7793278943961457e-03,
          1.3930768928645768e-03, -7.4921773234213514e-03,
          3.5319647778209590e-02, 1.2661404644454361e-02,
          -2.0000502274783189e-02, 9.5436329318825085e-03,
          3.9114544948203019e-03, 8.7793278943961457e-03,
          2.2978996443353512e-02, -2.8857871043109148e-03,
          -5.0599787216695086e-03, 4.4443555664240900e-04,
          3.9807567007500195e-04, 9.0650876283929227e-04,
          1.2821646072500455e-03, -3.6576150153459779e-03,
          1.3930768928645768e-03, -2.8857871043109135e-03,
          1.1760795715206609e-01, 1.3636751098115283e-03,
          -1.3216223567157214e-02, -4.3509763794240645e-03,
          8.0732043343025549e-03, -5.5511956519297282e-03,
          -2.7159391869980799e-03, -7.4921773234213514e-03,
          -5.0599787216695086e-03, 1.3636751098115277e-03,
          4.4835509958466913e-02 ]
   - !!opencv-matrix
      rows: 9
      cols: 9
      dt: d
      data: [ 6.3022863553950481e-01, 1.1632330308336687e-01,
          2.6084158784289001e-02, 2.6541231036655281e-02,
          -8.6746878141676503e-02, 3.7916745333984064e-02,
          2.7039514070636459e-02, -3.0231840861580294e-03,
          2.1868151802265954e-02, 1.1632330308336687e-01,
          6.4397636358400034e-01, -1.6919660886423844e-02,
          1.2709834094076311e-01, 1.4900518198585883e-01,
          5.0990879633341236e-02, 1.2798834131595230e-01,
          2.8654689508271630e-02, 3.1855275801063688e-03,
          2.6084158784288995e-02, -1.6919660886423851e-02,
          7.0944002184947660e-02, -3.2362686667155763e-02,
          2.8568404274550360e-02, 8.4594729604664195e-04,
          -5.5387362440816896e-03, -1.4496605388197674e-03,
          2.4424112136448347e-03, 2.6541231036655281e-02,
          1.2709834094076311e-01, -3.2362686667155763e-02,
          5.6680171348685977e-02, 6.5808997249944467e-03,
          1.3437787745715914e-02, 2.8956584191471200e-02,
          7.3094890284384926e-03, -2.6589448162015312e-03,
          -8.6746878141676503e-02, 1.4900518198585883e-01,
          2.8568404274550357e-02, 6.5808997249944493e-03,
          3.6199830369976160e-01, 5.1366338544929207e-03,
          4.3209352769440004e-02, 3.6227495247247790e-02,
          2.9940146501721632e-03, 3.7916745333984078e-02,
          5.0990879633341230e-02, 8.4594729604664152e-04,
          1.3437787745715916e-02, 5.1366338544929216e-03,
          6.3826978563932504e-02, 1.2521077885751759e-02,
          9.0879440730961322e-03, 9.6319334615742967e-03,
          2.7039514070636452e-02, 1.2798834131595227e-01,
          -5.5387362440816905e-03, 2.8956584191471200e-02,
          4.3209352769440004e-02, 1.2521077885751759e-02,
          1.3260009972528294e-01, 1.1428726280412360e-02,
          1.0961889221834801e-02, -3.0231840861580329e-03,
          2.8654689508271627e-02, -1.4496605388197683e-03,
          7.3094890284384909e-03, 3.6227495247247790e-02,
          9.0879440730961339e-03, 1.1428726280412357e-02,
          8.4137485828193248e-02, 2.6573296099160989e-03,
          2.1868151802265944e-02, 3.1855275801063671e-03,
          2.4424112136448356e-03, -2.6589448162015307e-03,
          2.9940146501721615e-03, 9.6319334615742984e-03,
          1.0961889221834801e-02, 2.6573296099161002e-03,
          4.8159503592547170e-02 ]
   - !!opencv-matrix
      rows: 9
      cols: 9
      dt: d
      data: [ 3.7608400218693600e-01, 1.4538691200549059e-01,
          1.0199133073300608e-02, 2.6488839544079688e-02,
          -7.3958411454780725e-03, 2.6359165118622022e-02,
          2.0799355533518884e-02, 6.8512439205743224e-03,
          -2.0918523999964053e-03, 1.4538691200549059e-01,
          3.3888041181112699e-01, -5.8788025221540464e-03,
          6.4254401915784617e-02, 6.9461576847641929e-03,
          4.1068560473952131e-02, 1.4049671076229866e-02,
          8.3529275862098372e-03, 5.5955312348682012e-04,
          1.0199133073300603e-02, -5.8788025221540446e-03,
          3.5723226198916817e-02, -7.1852251890968059e-03,
          -4.1647672962582573e-03, -1.4402647271976801e-04,
          -3.0249175815948437e-03, 6.4867214789476719e-05,
          -5.0518002251974023e-04, 2.6488839544079691e-02,
          6.4254401915784617e-02, -7.1852251890968059e-03,
          2.8007545537658479e-02, 3.1672678804070403e-03,
          8.7454349633508052e-03, 2.8482624577218637e-03,
          2.3626002161693835e-03, -4.5509942399935364e-03,
          -7.3958411454780734e-03, 6.9461576847641947e-03,
          -4.1647672962582564e-03, 3.1672678804070403e-03,
          6.8451654243074520e-02, 3.5798383941648029e-03,
          2.0311529416346230e-02, 2.1252515475049766e-03,
