%YAML:1.0
---
groups:
   - intact
   - CD19
   - blast
intactGmmnames:
   - "intact.719.0"
   - "intact.719.1"
   - "intact.719.2"
   - "intact.719.3"
   - "intact.719.4"
intactLabels:
   - FSC-A
   - SSC-A
   - SY41
   - CD19
   - CD10
   - CD20
   - CD45
   - CD34
   - CD38
intactMu: !!opencv-matrix
   rows: 5
   cols: 9
   dt: d
   data: [ 2.0373438503881047e+00, 1.6067098815326450e+00,
       3.6306360503601360e+00, 1.2703871395095592e+00,
       1.2959687592083244e+00, 1.3219610982951775e+00,
       2.8965345003816032e+00, 1.4730616717489153e+00,
       2.3924065584534500e+00, 2.9795511508222603e+00,
       3.3725344886555249e+00, 3.9663738015297052e+00,
       1.2780332193026247e+00, 2.2362679813790876e+00,
       1.1459275704734324e+00, 2.4848814697046717e+00,
       1.1328154379306377e+00, 1.7703785772143412e+00,
       1.0298075551985064e+00, 3.1192042608715664e-01,
       4.0993739322875511e+00, 8.3063075645384710e-01,
       7.1377008740620018e-01, 7.8272100130286026e-01,
       3.3939766701159417e+00, 1.0976224296904193e+00,
       1.8574067201926772e+00, 9.9087486429825455e-01,
       5.2552652421714519e-01, 3.8533452634706555e+00,
       8.3472812303722166e-01, 9.4446980708654660e-01,
       8.8236526604087506e-01, 1.4168928458045005e+00,
       1.1549697867888555e+00, 1.7247677654395583e+00,
       1.4573861216587891e+00, 5.8503678151270655e-01,
       3.5356533658474372e+00, 1.1937357410697655e+00,
       9.1895327031122787e-01, 9.6807422733048420e-01,
       3.6027780710167452e+00, 1.1229364625898541e+00,
       1.8226474868371616e+00 ]
intactSigma:
   - !!opencv-matrix
      rows: 9
      cols: 9
      dt: d
      data: [ 6.7795769677871642e-01, 3.7412028001608183e-01,
          -3.6576607614547930e-02, 7.1366257100365038e-02,
          1.9826131881752205e-03, 3.4745443336477035e-02,
          5.5057092897295906e-02, 1.5673241775586346e-02,
          7.6071149806368074e-02, 3.7412028001608183e-01,
          7.1338566110744117e-01, -9.3116265948657795e-02,
          1.4420896347345963e-01, 6.9222066276075647e-02,
          8.4793597649176891e-02, 1.3715101536782213e-02,
          6.9126394576957809e-02, 8.5275331568065993e-02,
          -3.6576607614547930e-02, -9.3116265948657767e-02,
          1.8763270470727691e-01, -8.3858967603892470e-02,
          -3.0042184189953105e-02, -7.4691310728286107e-03,
          2.7828878044424472e-02, -2.8825512256689313e-02,
          4.5988352140294168e-02, 7.1366257100365052e-02,
          1.4420896347345963e-01, -8.3858967603892470e-02,
          1.5086301199978189e-01, 5.6864492683351427e-02,
          8.5200932530285670e-02, 1.4228078385898065e-02,
          2.7994771867539864e-02, 1.0442598164754202e-02,
          1.9826131881752213e-03, 6.9222066276075633e-02,
          -3.0042184189953105e-02, 5.6864492683351427e-02,
          3.2319644319015067e-01, 7.0389859862545603e-02,
          -6.0171416061963016e-02, 1.6663381807852453e-02,
          -2.1128346727257046e-03, 3.4745443336477035e-02,
          8.4793597649176891e-02, -7.4691310728286107e-03,
          8.5200932530285670e-02, 7.0389859862545603e-02,
          2.2833819659602697e-01, -5.9668851607231075e-03,
          4.2247321370598181e-02, 2.0272556599776455e-02,
          5.5057092897295920e-02, 1.3715101536782208e-02,
          2.7828878044424483e-02, 1.4228078385898065e-02,
          -6.0171416061963037e-02, -5.9668851607231144e-03,
          4.0436665175868358e-01, -3.5959286614993181e-02,
          8.5625980607999058e-02, 1.5673241775586350e-02,
          6.9126394576957795e-02, -2.8825512256689313e-02,
          2.7994771867539875e-02, 1.6663381807852456e-02,
          4.2247321370598181e-02, -3.5959286614993174e-02,
          2.7184455684298298e-01, 9.1135598403062189e-03,
          7.6071149806368102e-02, 8.5275331568065993e-02,
          4.5988352140294189e-02, 1.0442598164754202e-02,
          -2.1128346727257046e-03, 2.0272556599776451e-02,
          8.5625980607999044e-02, 9.1135598403062155e-03,
          4.7649576392462600e-01 ]
   - !!opencv-matrix
      rows: 9
      cols: 9
      dt: d
      data: [ 6.0246938379773385e-01, 1.2133334306966953e-01,
          -1.3834785841279871e-02, 4.7048194153842850e-02,
          -7.1070864295343289e-02, 3.9336280308998550e-02,
          2.5352735829975895e-02, 4.1830710521255036e-03,
          1.2075254458959694e-02, 1.2133334306966953e-01,
          3.3276668399066323e-01, -4.5005139017402801e-02,
          7.9663609632000212e-02, 5.6511364930479570e-02,
          4.8749926252023748e-02, 3.3128603782327438e-02,
          1.1540051498325746e-02, 9.2293371895289470e-03,
          -1.3834785841279871e-02, -4.5005139017402787e-02,
          5.1408335841914329e-02, -4.1713372850536008e-02,
          -1.7843346276155515e-02, -1.1326063249585884e-02,
          -9.0366893536274438e-03, 5.7695845811013633e-04,
          7.8040989646801740e-03, 4.7048194153842850e-02,
          7.9663609632000212e-02, -4.1713372850536008e-02,
          5.3051092600552449e-02, 1.7439139404942051e-02,
          1.7206730424223542e-02, 1.1910991647258963e-02,
          1.5899689816982027e-03, -9.0086649454708019e-03,
          -7.1070864295343303e-02, 5.6511364930479570e-02,
          -1.7843346276155515e-02, 1.7439139404942051e-02,
          1.7219495634678209e-01, 1.0544378481157726e-03,
          4.0497063750209249e-02, 4.6833810339800734e-03,
          -6.6664794740186044e-04, 3.9336280308998543e-02,
          4.8749926252023748e-02, -1.1326063249585884e-02,
          1.7206730424223538e-02, 1.0544378481157726e-03,
          7.0921796300522130e-02, 6.2779579417574704e-03,
          2.7116139150793628e-03, 2.1619405567768011e-03,
          2.5352735829975888e-02, 3.3128603782327438e-02,
          -9.0366893536274438e-03, 1.1910991647258957e-02,
          4.0497063750209263e-02, 6.2779579417574687e-03,
          7.2201518336010947e-02, 1.4127190562762204e-03,
          3.7548011637385174e-03, 4.1830710521255044e-03,
          1.1540051498325746e-02, 5.7695845811013633e-04,
          1.5899689816982034e-03, 4.6833810339800752e-03,
          2.7116139150793620e-03, 1.4127190562762207e-03,
          7.2542035297490925e-02, 2.5275027657610952e-03,
          1.2075254458959692e-02, 9.2293371895289470e-03,
          7.8040989646801723e-03, -9.0086649454708054e-03,
          -6.6664794740186033e-04, 2.1619405567768002e-03,
          3.7548011637385192e-03, 2.5275027657610961e-03,
          7.9167993980485421e-02 ]
   - !!opencv-matrix
      rows: 9
      cols: 9
      dt: d
      data: [ 6.9905832869594287e-02, 4.8949485717277594e-03,
          -1.6201751928993195e-02, 1.7786280637669752e-02,
          1.0881338781017985e-02, 1.0503850359678699e-02,
          1.5245506936843905e-02, -1.2412812023063291e-03,
          -9.4760022978864614e-05, 4.8949485717277577e-03,
          7.8592688570333948e-03, -4.3897518735761436e-03,
          5.1775779977277251e-03, 3.8241346507292486e-03,
          8.6112757260596844e-03, 2.9301886106885360e-03,
          1.1787166079925502e-03, -6.4119639223685519e-03,
          -1.6201751928993195e-02, -4.3897518735761445e-03,
          2.6339054799668020e-02, -2.6211350811375350e-02,
          -1.6090766516345702e-02, -1.3070715274399141e-02,
          -7.7221639325990672e-03, 1.3319588869173727e-03,
          1.6227711873093738e-02, 1.7786280637669752e-02,
          5.1775779977277251e-03, -2.6211350811375343e-02,
          3.0744255108730772e-02, 1.6337726089499779e-02,
          1.4157842139350943e-02, 8.2110933001644775e-03,
          -5.2908067437043896e-04, -1.7630789604357565e-02,
          1.0881338781017985e-02, 3.8241346507292486e-03,
          -1.6090766516345702e-02, 1.6337726089499779e-02,
          2.5915607819075155e-02, 4.8202953920326065e-03,
          5.3465171509433640e-03, -3.9366889169103816e-03,
