%YAML:1.0
---
groups:
   - intact
   - CD19
intactGmmnames:
   - "intact.728.0"
   - "intact.728.1"
   - "intact.728.2"
   - "intact.728.3"
   - "intact.728.4"
intactLabels:
   - FSC-A
   - SSC-A
   - SY41
   - CD19
   - CD10
   - CD20
   - CD45
   - CD34
   - CD38
intactMu: !!opencv-matrix
   rows: 5
   cols: 9
   dt: d
   data: [ 5.4902926137986297e-01, 2.4090063756507954e-01,
       3.3569936968759331e+00, 1.0848145471243120e+00,
       1.0285207038278581e+00, 9.5567677776789262e-01,
       3.2546815409394547e+00, 1.0889157482831677e+00,
       1.6368141191471297e+00, 1.3491974143304220e+00,
       5.0008726469451270e-01, 2.6453112922689415e+00,
       1.1546309823508507e+00, 1.1295721199696924e+00,
       1.0893556548522969e+00, 1.2113648234932435e+00,
       1.1449099747398668e+00, 1.4617012903275044e+00,
       2.1651173847330414e+00, 2.8925385708113382e+00,
       2.7826426421320218e+00, 1.5650370667247706e+00,
       1.9991562882060145e+00, 1.2635459101748405e+00,
       2.9582066052058136e+00, 1.1331220155407986e+00,
       1.7333226977606335e+00, 1.7705983548941038e+00,
       1.1649910704520745e+00, 3.1692637305640585e+00,
       1.2944386256206597e+00, 1.2379385829671610e+00,
       1.3884506754975834e+00, 3.0722079539699134e+00,
       1.3428711372568982e+00, 2.1380715614404791e+00,
       6.9561514788537360e-01, 2.2868041470092762e-01,
       3.3560720331614728e+00, 9.9474969317095951e-01,
       1.0274049954832476e+00, 9.0965757769326205e-01,
       1.0263710276227209e+00, 1.0333675811435556e+00,
       1.4267104655834788e+00 ]
intactSigma:
   - !!opencv-matrix
      rows: 9
      cols: 9
      dt: d
      data: [ 4.7049556575569647e-02, 4.2219824963845732e-03,
          -9.1355582946963110e-03, 2.0451184490004391e-03,
          1.2851102987315195e-03, 4.4076612578913803e-03,
          1.4619945317819162e-02, -9.6726971573626549e-04,
          -5.4090736968334316e-03, 4.2219824963845741e-03,
          8.6860706823096399e-03, -3.2021138652313011e-04,
          2.4095350536962904e-03, 2.9684839543889213e-03,
          8.6530042549758570e-03, 3.2895377226738148e-03,
          2.0839410546046552e-03, -2.6818862561595602e-03,
          -9.1355582946963110e-03, -3.2021138652312984e-04,
          7.7276736736657959e-03, -1.5321864511267374e-03,
          -1.9034101086886721e-04, 7.3051103514426650e-04,
          -2.4006686613743723e-03, 7.5533685747368126e-04,
          1.4168312576122285e-03, 2.0451184490004391e-03,
          2.4095350536962904e-03, -1.5321864511267371e-03,
          1.2669563324006955e-02, 1.2265330334974400e-03,
          3.0757602717859274e-03, 9.9502970843194996e-04,
          1.7166099020626249e-03, -3.1525656462529040e-03,
          1.2851102987315190e-03, 2.9684839543889213e-03,
          -1.9034101086886729e-04, 1.2265330334974400e-03,
          1.7992299388577635e-02, -1.4758649862366916e-03,
          1.2641421672363357e-03, -6.6987387189879283e-04,
          -1.0299084098651867e-03, 4.4076612578913803e-03,
          8.6530042549758570e-03, 7.3051103514426650e-04,
          3.0757602717859265e-03, -1.4758649862366910e-03,
          7.7560423015539254e-02, 4.0711514663424033e-03,
          3.8068083429336130e-03, -6.1635011301068602e-03,
          1.4619945317819162e-02, 3.2895377226738148e-03,
          -2.4006686613743723e-03, 9.9502970843194996e-04,
          1.2641421672363361e-03, 4.0711514663424042e-03,
          1.4381586003073068e-02, -1.3912353459112300e-03,
          -3.0933951760264890e-03, -9.6726971573626516e-04,
          2.0839410546046552e-03, 7.5533685747368093e-04,
          1.7166099020626243e-03, -6.6987387189879229e-04,
          3.8068083429336130e-03, -1.3912353459112300e-03,
          1.2458318693544716e-01, 1.1939666727364196e-03,
          -5.4090736968334316e-03, -2.6818862561595602e-03,
          1.4168312576122288e-03, -3.1525656462529040e-03,
          -1.0299084098651867e-03, -6.1635011301068602e-03,
          -3.0933951760264890e-03, 1.1939666727364192e-03,
          4.2464116715245748e-02 ]
   - !!opencv-matrix
      rows: 9
      cols: 9
      dt: d
      data: [ 4.6695269478275980e-01, 7.0105901586315536e-02,
          -5.1301810942390197e-02, 2.1909537948925573e-02,
          1.2499073381985757e-02, 2.2699664293334421e-02,
          5.6089065029431555e-02, 5.0719785971143121e-02,
          1.2962520251763121e-02, 7.0105901586315550e-02,
          7.1111855749487238e-02, 2.0560616427923208e-02,
          1.4822822710702876e-02, 1.8815490930690792e-02,
          4.2868303450586245e-02, 4.2629254449174953e-02,
          2.6344897470882495e-02, 1.1639370829541661e-02,
          -5.1301810942390218e-02, 2.0560616427923201e-02,
          2.5362098365294578e-01, -2.1272149373187017e-02,
          8.0418207240423607e-03, 3.9976042777736372e-02,
          -9.5266280074019216e-03, -1.5753130906967599e-02,
          8.1194047980006779e-03, 2.1909537948925573e-02,
          1.4822822710702874e-02, -2.1272149373187017e-02,
          1.4987535697757546e-02, 5.2302190534852262e-03,
          8.1902520795725537e-03, 1.2529056437688363e-02,
          1.0779099676968143e-02, -1.4307771074686731e-04,
          1.2499073381985762e-02, 1.8815490930690792e-02,
          8.0418207240423589e-03, 5.2302190534852262e-03,
          2.9588753720662025e-02, 1.3685743107127809e-02,
          1.8340105555971885e-02, 7.4735572031904458e-03,
          3.5514079106389075e-03, 2.2699664293334421e-02,
          4.2868303450586245e-02, 3.9976042777736372e-02,
          8.1902520795725537e-03, 1.3685743107127809e-02,
          1.0664261962055641e-01, 2.9113887615096992e-02,
          1.5151519327539343e-02, 8.1095159497271176e-03,
          5.6089065029431555e-02, 4.2629254449174939e-02,
          -9.5266280074019216e-03, 1.2529056437688367e-02,
          1.8340105555971885e-02, 2.9113887615096989e-02,
          1.9851908512967098e-01, 4.5867927659277351e-02,
          1.1643921596598529e-02, 5.0719785971143121e-02,
          2.6344897470882492e-02, -1.5753130906967599e-02,
          1.0779099676968143e-02, 7.4735572031904458e-03,
          1.5151519327539343e-02, 4.5867927659277351e-02,
          1.1184755420104578e-01, 7.9742540266802466e-03,
          1.2962520251763121e-02, 1.1639370829541664e-02,
          8.1194047980006779e-03, -1.4307771074686734e-04,
          3.5514079106389084e-03, 8.1095159497271141e-03,
          1.1643921596598531e-02, 7.9742540266802466e-03,
          1.2628979405653983e-02 ]
   - !!opencv-matrix
      rows: 9
      cols: 9
      dt: d
      data: [ 6.2025020521905128e-01, 1.7468363038105114e-01,
          -1.5493043860028519e-02, 3.2479273980726774e-02,
          -1.9583901843777596e-01, 4.1065186585033941e-02,
          -2.1369915109763051e-03, -1.1194227233527207e-02,
          6.3110780737097000e-02, 1.7468363038105114e-01,
          5.7587686249560077e-01, -8.9176931488528496e-02,
          1.0007580286342177e-01, -1.3643650889735540e-03,
          4.4586070448332855e-02, 6.2716256269834222e-02,
          7.5111745825478995e-03, 2.2871875622450102e-02,
          -1.5493043860028519e-02, -8.9176931488528496e-02,
          1.6588535930428103e-01, -2.7410230604646830e-02,
          6.6030847523196150e-03, 1.8746780287303446e-02,
          -1.8365309429568603e-02, 9.0450638098668081e-03,
          2.7173484174494496e-03, 3.2479273980726774e-02,
          1.0007580286342177e-01, -2.7410230604646830e-02,
          3.4175510406310811e-02, 3.7184191147575877e-03,
          8.4478755823375017e-03, 1.4045625755319575e-02,
          2.8072156686623504e-03, -1.0149908834477895e-04,
          -1.9583901843777596e-01, -1.3643650889735579e-03,
          6.6030847523196158e-03, 3.7184191147575864e-03,
          4.8895817221371390e-01, 1.5758558537896622e-02,
          1.0136431436103319e-01, 2.6004964169535939e-02,
