%YAML:1.0
---
groups:
   - intact
   - CD19
   - blast
intactGmmnames:
   - "intact.731.0"
   - "intact.731.1"
   - "intact.731.2"
   - "intact.731.3"
   - "intact.731.4"
intactLabels:
   - FSC-A
   - SSC-A
   - SY41
   - CD19
   - CD10
   - CD20
   - CD45
   - CD34
   - CD38
intactMu: !!opencv-matrix
   rows: 5
   cols: 9
   dt: d
   data: [ 5.8913424271469794e-01, 3.8366018732920670e-01,
       3.3850632742375377e+00, 9.1201673160439245e-01,
       1.2825537487020249e+00, 9.9449602674471826e-01,
       1.5298974696077623e+00, 1.1797991767559703e+00,
       1.7454947674480816e+00, 1.1567676165634564e+00,
       4.4401242296833365e-01, 3.5490484035054179e+00,
       1.0741523284027852e+00, 9.4692103845693110e-01,
       1.0513488503769168e+00, 3.7072749989636464e+00,
       1.0989489184484271e+00, 2.2413952069102758e+00,
       4.9568906523737122e-01, 2.3759280605119737e-01,
       3.8984249909133637e+00, 8.0653265731268231e-01,
       7.4001013478315336e-01, 9.1311251693667472e-01,
       3.4640066860904670e+00, 1.0663962650260834e+00,
       1.8720814156023438e+00, 1.4760096173572934e+00,
       3.0997478835068035e+00, 3.2947558836859874e+00,
       1.5881224489972585e+00, 2.0156430270246370e+00,
       1.2696818001441132e+00, 3.2758688331950876e+00,
       1.3184256972027610e+00, 2.0097472346133984e+00,
       1.1489876876619465e+00, 1.1344195994015396e+00,
       3.5464219468019866e+00, 1.2676782481505773e+00,
       1.5078607377319420e+00, 1.6633076592672609e+00,
       2.7372515394248493e+00, 1.6093675542376680e+00,
       2.2588100559051858e+00 ]
intactSigma:
   - !!opencv-matrix
      rows: 9
      cols: 9
      dt: d
      data: [ 9.1934928419043799e-02, 2.5770820260179638e-02,
          -5.5039473593081763e-02, 2.3999638845436527e-02,
          4.1506653591736990e-02, 2.6036373807221392e-02,
          3.8548067199693017e-02, 2.3860042905981670e-02,
          2.3512479810597248e-02, 2.5770820260179635e-02,
          2.6836341051382932e-02, -1.1179720356718523e-02,
          1.1598299785683159e-02, 3.0270776208067150e-02,
          2.9386713036474599e-02, 2.6850291551328544e-02,
          1.4025489580633790e-02, 2.1368890234824117e-02,
          -5.5039473593081763e-02, -1.1179720356718527e-02,
          3.3997094594234106e-01, -1.3425817589886438e-01,
          6.4083825078923330e-03, -3.1389275831212246e-02,
          -3.2999038613678332e-02, -6.6717264379516569e-02,
          4.4896855086287227e-02, 2.3999638845436530e-02,
          1.1598299785683159e-02, -1.3425817589886441e-01,
          7.4926089240599458e-02, 2.3409073709269444e-02,
          3.0357609377857791e-02, 2.6496957791399565e-02,
          2.5491958471805604e-02, -8.1991675343205759e-03,
          4.1506653591736990e-02, 3.0270776208067150e-02,
          6.4083825078923261e-03, 2.3409073709269451e-02,
          2.3202453619132174e-01, 4.6575754763929257e-02,
          8.4953403050890552e-02, 3.3564541776868627e-03,
          8.4559602184667390e-02, 2.6036373807221392e-02,
          2.9386713036474599e-02, -3.1389275831212246e-02,
          3.0357609377857791e-02, 4.6575754763929257e-02,
          1.3102472567774312e-01, 4.8192824026965488e-02,
          2.3714146873380710e-02, 3.5606622387422210e-02,
          3.8548067199693017e-02, 2.6850291551328544e-02,
          -3.2999038613678325e-02, 2.6496957791399565e-02,
          8.4953403050890552e-02, 4.8192824026965488e-02,
          1.2893976385272410e-01, 2.4538294268228455e-02,
          8.0124994642900821e-02, 2.3860042905981673e-02,
          1.4025489580633790e-02, -6.6717264379516583e-02,
          2.5491958471805604e-02, 3.3564541776868609e-03,
          2.3714146873380710e-02, 2.4538294268228452e-02,
          8.1372969408612147e-02, 2.3775374437796956e-03,
          2.3512479810597248e-02, 2.1368890234824120e-02,
          4.4896855086287213e-02, -8.1991675343205759e-03,
          8.4559602184667390e-02, 3.5606622387422210e-02,
          8.0124994642900821e-02, 2.3775374437796969e-03,
          1.0246949184260666e-01 ]
   - !!opencv-matrix
      rows: 9
      cols: 9
      dt: d
      data: [ 2.4378230237897791e-01, 1.8755076487348546e-02,
          -5.8963909024913365e-02, 2.8487596894181750e-02,
          -6.6329703067238765e-03, 1.1827776432765351e-02,
          4.4926017467694174e-02, -6.7764165846222180e-04,
          -3.8230908704645586e-02, 1.8755076487348549e-02,
          3.0494201296337561e-02, -3.6148678292044475e-02,
          2.2834264933523096e-02, 2.8768082356139587e-03,
          1.0514298273677966e-02, 1.7745243758240645e-02,
          2.3999547864192428e-03, 5.1158760162043404e-02,
          -5.8963909024913365e-02, -3.6148678292044482e-02,
          1.3129840083741642e-01, -6.3667919540566220e-02,
          -9.2349097444576998e-03, 2.7135659429877146e-03,
          -3.4859699831934217e-02, 1.6186470997084268e-03,
          -1.0410645686968734e-01, 2.8487596894181750e-02,
          2.2834264933523089e-02, -6.3667919540566220e-02,
          6.4575443534806029e-02, 8.3259938561823180e-03,
          3.8905588695284164e-03, 2.2793232717810637e-02,
          1.0911084872674229e-03, 5.0565275688357864e-02,
          -6.6329703067238748e-03, 2.8768082356139600e-03,
          -9.2349097444576998e-03, 8.3259938561823163e-03,
          7.6802133294523303e-02, -1.4718940097346077e-03,
          2.1044497998256259e-03, -5.3473403246147647e-03,
          -8.9104935464098291e-03, 1.1827776432765350e-02,
          1.0514298273677966e-02, 2.7135659429877159e-03,
          3.8905588695284164e-03, -1.4718940097346071e-03,
          8.7178634410820008e-02, 5.7422835328494832e-03,
          2.5552412034368090e-04, -2.1817598485540476e-02,
          4.4926017467694174e-02, 1.7745243758240648e-02,
          -3.4859699831934210e-02, 2.2793232717810637e-02,
          2.1044497998256250e-03, 5.7422835328494806e-03,
          2.9404652787141515e-02, -2.5563263302503685e-03,
          2.1304893685929728e-02, -6.7764165846222169e-04,
          2.3999547864192428e-03, 1.6186470997084272e-03,
          1.0911084872674232e-03, -5.3473403246147621e-03,
          2.5552412034368112e-04, -2.5563263302503685e-03,
          1.6621995046770294e-01, 1.1814479233022038e-02,
          -3.8230908704645593e-02, 5.1158760162043404e-02,
          -1.0410645686968732e-01, 5.0565275688357864e-02,
          -8.9104935464098325e-03, -2.1817598485540476e-02,
          2.1304893685929728e-02, 1.1814479233022038e-02,
          4.6908226631301625e-01 ]
   - !!opencv-matrix
      rows: 9
      cols: 9
      dt: d
      data: [ 6.1312774577931869e-02, 5.3091129012480844e-03,
          -2.3331869784816661e-02, 1.9098812659090199e-02,
          9.9708425882591191e-03, 1.2225044968690478e-02,
          2.1925339371847530e-02, 2.5690306658066102e-04,
          -7.0007942886451220e-03, 5.3091129012480844e-03,
          4.9683348114437191e-03, -2.0274827501062338e-03,
          3.4602452001452040e-03, 2.7705767717747290e-03,
          7.4097580821146499e-03, 4.1393323781707628e-03,
          3.4471135825999316e-04, -3.6531928993101368e-03,
          -2.3331869784816661e-02, -2.0274827501062334e-03,
          2.3395156112257773e-02, -1.9533376907414111e-02,
          -9.2253314605982937e-03, -4.8974421552258809e-03,
          -8.5898821566925757e-03, 9.6115496811834979e-04,
          3.9304709216700217e-03, 1.9098812659090199e-02,
          3.4602452001452053e-03, -1.9533376907414111e-02,
          3.3491617065534815e-02, 9.1117385611561054e-03,
          8.1004483637781653e-03, 8.3089276936501189e-03,
          6.3467872419470720e-04, -6.6081273477990215e-03,
          9.9708425882591191e-03, 2.7705767717747290e-03,
          -9.2253314605982954e-03, 9.1117385611561037e-03,
          3.2484864276052752e-02, -3.4308602177425470e-04,
          4.9928053967560138e-03, -3.9149997847807583e-03,
