%YAML:1.0
---
groups:
   - intact
   - CD19
intactGmmnames:
   - "intact.731.0"
   - "intact.731.1"
   - "intact.731.2"
   - "intact.731.3"
   - "intact.731.4"
intactLabels:
   - FSC-A
   - SSC-A
   - SY41
   - CD19
   - CD10
   - CD20
   - CD45
   - CD34
   - CD38
intactMu: !!opencv-matrix
   rows: 5
   cols: 9
   dt: d
   data: [ 1.3484352943905509e+00, 7.4009383418387986e-01,
       2.7184036265745224e+00, 1.2015737637832020e+00,
       1.1001393347128989e+00, 1.1898177604369742e+00,
       1.5052739438461811e+00, 1.1045042964890490e+00,
       1.6470052508239672e+00, 7.3880100776768243e-01,
       2.9800601934323157e-01, 2.7050978609347416e+00,
       1.2564668888640280e+00, 8.8232448216023573e-01,
       9.7810444344125691e-01, 3.5188262758020401e+00,
       1.0389034248978797e+00, 1.7525881613423895e+00,
       3.4157106849560916e+00, 3.3473153565352569e+00,
       2.5730283583852644e+00, 1.9227204822266315e+00,
       1.3565537600242552e+00, 1.2818369469376596e+00,
       3.1591803883804173e+00, 1.0808859788587690e+00,
       1.8202790378409472e+00, 2.1608862371432043e+00,
       1.7602135267621686e+00, 2.6804471339165832e+00,
       1.6840206205229824e+00, 1.2940426271973877e+00,
       1.3900334918440422e+00, 3.2312395542079737e+00,
       1.4153707255762387e+00, 2.5538759776049167e+00,
       9.5530423616199089e-01, 3.3210601453678473e-01,
       2.6123509296554572e+00, 9.2463826706261565e-01,
       8.8111019087571263e-01, 9.1511480235843601e-01,
       1.1200834298271343e+00, 9.9222052193667221e-01,
       1.5526163139638707e+00 ]
intactSigma:
   - !!opencv-matrix
      rows: 9
      cols: 9
      dt: d
      data: [ 4.1246610315656496e-01, 6.3895961381986416e-02,
          1.6690666044083799e-02, 2.5910752821295898e-02,
          7.0524498935144470e-03, 3.5198990035703780e-02,
          3.3092740145546543e-02, -3.3816739838535390e-03,
          5.5042813835432100e-03, 6.3895961381986402e-02,
          1.0716333499073495e-01, 2.1264984832330469e-02,
          5.8201996162198601e-02, 3.4851572600355117e-02,
          4.9344758137003938e-02, 4.7077114465866779e-02,
          2.7140457455114707e-03, 8.0837286231848701e-03,
          1.6690666044083795e-02, 2.1264984832330469e-02,
          7.0115075564460755e-02, 5.7176180217530835e-03,
          1.0059559067812735e-02, 1.8879815586382551e-02,
          -2.9768470597524613e-05, -8.1122282475866725e-03,
          4.4265118979248327e-03, 2.5910752821295891e-02,
          5.8201996162198601e-02, 5.7176180217530861e-03,
          8.3188012657941443e-02, 2.2773317509470058e-02,
          2.9311112052079473e-02, 2.5670725412024458e-02,
          3.8055952185282508e-03, 5.5095284293654972e-04,
          7.0524498935144479e-03, 3.4851572600355117e-02,
          1.0059559067812737e-02, 2.2773317509470054e-02,
          9.4831754015546207e-02, 1.4415744381893468e-02,
          2.1920585455623705e-02, -1.5433713238740569e-04,
          2.7744562333346756e-03, 3.5198990035703780e-02,
          4.9344758137003959e-02, 1.8879815586382551e-02,
          2.9311112052079476e-02, 1.4415744381893468e-02,
          7.7439851526544659e-02, 2.3980207868423965e-02,
          1.5540565276802424e-04, 4.4189929017178159e-03,
          3.3092740145546549e-02, 4.7077114465866779e-02,
          -2.9768470597524698e-05, 2.5670725412024458e-02,
          2.1920585455623712e-02, 2.3980207868423968e-02,
          2.2541308524635562e-01, 1.4667016231221209e-03,
          1.3877750427137025e-02, -3.3816739838535381e-03,
          2.7140457455114716e-03, -8.1122282475866760e-03,
          3.8055952185282508e-03, -1.5433713238740564e-04,
          1.5540565276802492e-04, 1.4667016231221211e-03,
          6.7389384573002101e-02, -2.0106717736458686e-03,
          5.5042813835432100e-03, 8.0837286231848684e-03,
          4.4265118979248327e-03, 5.5095284293654994e-04,
          2.7744562333346773e-03, 4.4189929017178159e-03,
          1.3877750427137025e-02, -2.0106717736458686e-03,
          1.2684668800837118e-02 ]
   - !!opencv-matrix
      rows: 9
      cols: 9
      dt: d
      data: [ 1.4554754269106174e-01, 1.6562560279052112e-02,
          -4.3895996542147361e-02, -3.2031374915348289e-03,
          3.1518461693718545e-03, 1.3722826566026197e-02,
          3.5378893319440559e-02, -2.4207142503099746e-03,
          -1.4891408104225436e-02, 1.6562560279052112e-02,
          1.1550182319345070e-02, -4.4449658823172014e-03,
          6.6025546657657429e-03, 4.6389115131906505e-03,
          9.6372901498949521e-03, 6.2689314119629613e-03,
          8.7957086096971835e-04, -2.5246813663507527e-03,
          -4.3895996542147354e-02, -4.4449658823172006e-03,
          2.2699632035711074e-02, 1.3787864815326017e-03,
          1.2388504188152419e-04, -2.3320181872153200e-03,
          -1.1093148573102811e-02, 4.2235715012562682e-04,
          3.9408844972146232e-03, -3.2031374915348289e-03,
          6.6025546657657429e-03, 1.3787864815326019e-03,
          9.4578952992269844e-02, 3.3502119031659124e-03,
          8.3093184527482013e-03, 1.1117152690695855e-03,
          4.5977183000140793e-03, -4.8632977597465703e-03,
          3.1518461693718536e-03, 4.6389115131906496e-03,
          1.2388504188152430e-04, 3.3502119031659132e-03,
          5.5543098842774412e-02, -3.8286835668854009e-03,
          1.5541653631666766e-03, -4.6496404081290245e-03,
          -1.7399812042298273e-03, 1.3722826566026199e-02,
          9.6372901498949521e-03, -2.3320181872153191e-03,
          8.3093184527481996e-03, -3.8286835668854017e-03,
          7.0734588246481406e-02, 6.6366400333068383e-03,
          8.9537589282386628e-04, -4.7564108834303540e-03,
          3.5378893319440559e-02, 6.2689314119629613e-03,
          -1.1093148573102811e-02, 1.1117152690695855e-03,
          1.5541653631666772e-03, 6.6366400333068383e-03,
          1.6575610193064194e-02, -2.0150030319169491e-03,
          -4.3843072894709737e-03, -2.4207142503099763e-03,
          8.7957086096971890e-04, 4.2235715012562666e-04,
          4.5977183000140785e-03, -4.6496404081290263e-03,
          8.9537589282386585e-04, -2.0150030319169504e-03,
          1.5494901546881812e-01, 1.3677292697497063e-03,
          -1.4891408104225432e-02, -2.5246813663507522e-03,
          3.9408844972146232e-03, -4.8632977597465703e-03,
          -1.7399812042298277e-03, -4.7564108834303540e-03,
          -4.3843072894709728e-03, 1.3677292697497059e-03,
          2.9853298269490309e-02 ]
   - !!opencv-matrix
      rows: 9
      cols: 9
      dt: d
      data: [ 4.4364587517544357e-01, 7.0970802216085552e-02,
          1.2922960265238282e-02, 8.9381458028391161e-03,
          -6.1690883452144768e-02, 3.1957426774112507e-02,
          -1.1488665318589985e-02, -1.1525252013824068e-03,
          2.3162070711671246e-02, 7.0970802216085566e-02,
          4.6665852312825085e-01, 4.2270695314898460e-03,
          7.3219652335180435e-02, 1.1790076480162717e-01,
          3.2577635585455296e-02, 6.2478763417678024e-02,
          1.3891446328882557e-02, -5.7807798852348817e-03,
          1.2922960265238283e-02, 4.2270695314898460e-03,
          2.1347590722296531e-02, 4.2323575213305169e-04,
          -3.6431280532951004e-03, 8.3194464536139462e-03,
          -4.4185126839908790e-03, 2.3451058582302131e-04,
          6.1121690005602244e-03, 8.9381458028391161e-03,
          7.3219652335180435e-02, 4.2323575213305131e-04,
          2.8023382941515653e-02, 2.3161598419381736e-02,
          6.6713568244301056e-03, 9.9417330636149184e-03,
          3.7983210404908649e-03, -3.3195068701069607e-03,
          -6.1690883452144754e-02, 1.1790076480162717e-01,
          -3.6431280532950995e-03, 2.3161598419381729e-02,
          2.5761152094064454e-01, -5.8200512090050586e-03,
          5.4308214034564289e-02, 6.7489246448386988e-03,
