%YAML:1.0
---
groups:
   - intact
   - CD19
   - blast
intactGmmnames:
   - "intact.734.0"
   - "intact.734.1"
   - "intact.734.2"
   - "intact.734.3"
   - "intact.734.4"
intactLabels:
   - FSC-A
   - SSC-A
   - SY41
   - CD19
   - CD10
   - CD20
   - CD45
   - CD34
   - CD38
intactMu: !!opencv-matrix
   rows: 5
   cols: 9
   dt: d
   data: [ 5.0937197271473467e-01, 4.7787654685294451e-01,
       2.9636806564446254e+00, 7.0584215857916377e-01,
       8.7177848042255623e-01, 1.0324226371737930e+00,
       1.0790867714447745e+00, 9.4426757751645940e-01,
       1.3388422303787180e+00, 9.5645756008117422e-01,
       8.4971496317096029e-01, 2.9869011515813577e+00,
       9.8742230954957866e-01, 9.6069178320935500e-01,
       1.1702063233465494e+00, 2.2868413103766971e+00,
       1.0790403458659497e+00, 1.8799337361618416e+00,
       1.0820777277596141e+00, 1.1172352553629588e+00,
       3.1688837579681919e+00, 1.4175737666285833e+00,
       3.1529861879123473e+00, 2.4172372032234768e+00,
       2.8930089071515268e+00, 1.8945967622398758e+00,
       1.5610495567823162e+00, 1.6889091190404761e+00,
       1.9563285741704610e+00, 2.7714176602006355e+00,
       1.5272680113442565e+00, 1.5739430919704123e+00,
       1.1628921128119549e+00, 3.0440593734506072e+00,
       1.0483742340063553e+00, 1.7630388635607921e+00,
       1.4050710636305921e+00, 8.7760050003469681e-01,
       3.0135807577542781e+00, 9.1514392589685778e-01,
       1.7555946774476219e+00, 1.1502175936047516e+00,
       1.2814855295672329e+00, 1.0196270132198977e+00,
       1.2862883434209875e+00 ]
intactSigma:
   - !!opencv-matrix
      rows: 9
      cols: 9
      dt: d
      data: [ 6.5704567544370068e-02, 2.8432246429654556e-02,
          -2.2580859538814425e-02, 2.5590256753146957e-02,
          9.2185406828741347e-03, 2.0420552312318228e-02,
          1.9297383550881290e-02, 8.8386070939128382e-05,
          5.4363568251420975e-04, 2.8432246429654556e-02,
          3.6329182040740683e-02, -1.6980520501772071e-02,
          3.3287038917518399e-02, 1.2075245715690595e-02,
          2.3294860889972763e-02, 1.9862680571414444e-02,
          4.8579958264234006e-04, 8.9212926945722636e-04,
          -2.2580859538814425e-02, -1.6980520501772071e-02,
          1.2368199009211925e-01, -4.2050687969009203e-02,
          -7.0533037584870383e-03, -8.3435251351312249e-03,
          -9.1224030590326653e-03, 1.5401080616235751e-03,
          1.6175994928759871e-03, 2.5590256753146957e-02,
          3.3287038917518399e-02, -4.2050687969009203e-02,
          5.4033942595117901e-02, 1.3671949128039873e-02,
          2.0841137819241948e-02, 1.8188515267180815e-02,
          1.6461333477462185e-03, -1.2324538675975607e-03,
          9.2185406828741330e-03, 1.2075245715690595e-02,
          -7.0533037584870400e-03, 1.3671949128039873e-02,
          6.2241835283457385e-02, 8.0785422651699756e-03,
          1.5863161167009331e-02, -1.1320486782163235e-03,
          -9.3240368176842087e-06, 2.0420552312318228e-02,
          2.3294860889972763e-02, -8.3435251351312214e-03,
          2.0841137819241944e-02, 8.0785422651699738e-03,
          6.2099465073173807e-02, 1.1512899183087354e-02,
          2.8928520078772965e-03, 1.7016116336879415e-03,
          1.9297383550881290e-02, 1.9862680571414441e-02,
          -9.1224030590326671e-03, 1.8188515267180815e-02,
          1.5863161167009327e-02, 1.1512899183087354e-02,
          1.2934418639490974e-01, -3.2506673644858157e-03,
          1.0705418248505918e-03, 8.8386070939128192e-05,
          4.8579958264233935e-04, 1.5401080616235757e-03,
          1.6461333477462180e-03, -1.1320486782163228e-03,
          2.8928520078772960e-03, -3.2506673644858166e-03,
          2.1491112790422224e-02, 1.0347139037408335e-03,
          5.4363568251420975e-04, 8.9212926945722636e-04,
          1.6175994928759867e-03, -1.2324538675975607e-03,
          -9.3240368176843425e-06, 1.7016116336879415e-03,
          1.0705418248505918e-03, 1.0347139037408335e-03,
          4.9617092808066738e-03 ]
   - !!opencv-matrix
      rows: 9
      cols: 9
      dt: d
      data: [ 2.7551051356080608e-01, 6.2790922204934527e-02,
          3.9029787707735276e-02, 3.8452479534524138e-02,
          4.8085358958693987e-02, 5.6792808258989337e-02,
          -4.8554411158240104e-03, 1.0253089629596451e-03,
          -2.0719781492249453e-02, 6.2790922204934513e-02,
          1.4008607710641724e-01, 1.4513816230480084e-03,
          1.1330708883068166e-01, 5.3622761495869323e-02,
          7.3608613819926616e-02, -1.1018321584279925e-01,
          1.9505652779098437e-02, 2.5649811081280526e-02,
          3.9029787707735276e-02, 1.4513816230480100e-03,
          8.6666724604093193e-02, -6.6191231416718290e-03,
          6.2557329610852652e-04, 2.8154134622260227e-02,
          -8.1577058227517332e-02, 6.5495803242535929e-03,
          -4.0046396053714760e-02, 3.8452479534524138e-02,
          1.1330708883068165e-01, -6.6191231416718307e-03,
          1.4296022195448510e-01, 3.9681906265306779e-02,
          7.2021562337867134e-02, -1.0688256374670833e-01,
          1.8948198941611531e-02, 3.0032795536742027e-02,
          4.8085358958693987e-02, 5.3622761495869323e-02,
          6.2557329610852868e-04, 3.9681906265306779e-02,
          8.6149485972433062e-02, 2.7407078665184499e-02,
          -6.9324187147805170e-03, 9.2419202231632004e-03,
          -1.2262870423924257e-02, 5.6792808258989330e-02,
          7.3608613819926602e-02, 2.8154134622260220e-02,
          7.2021562337867134e-02, 2.7407078665184503e-02,
          1.0679383370971431e-01, -1.3860591623116333e-01,
          2.0063418375815177e-02, -3.4950369354031813e-02,
          -4.8554411158240130e-03, -1.1018321584279923e-01,
          -8.1577058227517346e-02, -1.0688256374670833e-01,
          -6.9324187147805170e-03, -1.3860591623116333e-01,
          8.0846548348051983e-01, -4.6819156741746817e-02,
          2.2406586607688436e-01, 1.0253089629596466e-03,
          1.9505652779098440e-02, 6.5495803242535920e-03,
          1.8948198941611531e-02, 9.2419202231632021e-03,
          2.0063418375815181e-02, -4.6819156741746810e-02,
          1.5711775412864862e-01, 4.7398830165745143e-02,
          -2.0719781492249446e-02, 2.5649811081280515e-02,
          -4.0046396053714760e-02, 3.0032795536742020e-02,
          -1.2262870423924261e-02, -3.4950369354031820e-02,
          2.2406586607688436e-01, 4.7398830165745143e-02,
          3.6579708024362784e-01 ]
   - !!opencv-matrix
      rows: 9
      cols: 9
      dt: d
      data: [ 4.4356299349458167e-01, 2.0398207518468861e-01,
          7.6059124887740526e-02, 1.6084383511898342e-01,
          1.0216896548044374e-01, 1.1364156038014996e-01,
          1.2682484111565090e-01, 1.4425024559605337e-01,
          4.7119654431766869e-02, 2.0398207518468864e-01,
          7.6213998813381068e-01, 8.4283003395356493e-02,
          5.2415651021050769e-01, 5.4674913038117591e-02,
          6.2961492469153016e-02, 7.5174767129878972e-02,
          1.7363029026938795e-01, 5.4554119222776996e-02,
          7.6059124887740526e-02, 8.4283003395356479e-02,
          1.0878771023315456e-01, 5.9744133831062862e-02,
          -1.8914463961862318e-02, 5.3552954664373084e-02,
          -1.9642827817537310e-02, 2.9954568392267414e-02,
          1.2888442723731077e-02, 1.6084383511898345e-01,
          5.2415651021050769e-01, 5.9744133831062841e-02,
          5.9813880975480138e-01, 8.5035470365913607e-02,
          2.4316684140899127e-02, 9.7290067808099207e-02,
          1.8206856648313441e-01, 7.5026211468234558e-02,
          1.0216896548044374e-01, 5.4674913038117591e-02,
          -1.8914463961862318e-02, 8.5035470365913607e-02,
          2.4762199280333369e-01, 5.9553441856122061e-02,
          1.6103713444396203e-01, 1.3342505201137328e-01,
