%YAML:1.0
---
groups:
   - intact
   - CD19
   - blast
intactGmmnames:
   - "intact.757.0"
   - "intact.757.1"
   - "intact.757.2"
   - "intact.757.3"
   - "intact.757.4"
intactLabels:
   - FSC-A
   - SSC-A
   - SY41
   - CD19
   - CD10
   - CD20
   - CD45
   - CD34
   - CD38
intactMu: !!opencv-matrix
   rows: 5
   cols: 9
   dt: d
   data: [ 1.8672039643751750e+00, 6.1124704987777567e-01,
       3.9307464072721312e+00, 9.3442894799197851e-01,
       1.2323709975061969e+00, 1.2434681608523865e+00,
       3.8587968118025731e+00, 1.3243658826657285e+00,
       1.9787519482108020e+00, 1.2137891773331713e+00,
       4.6694243296806337e-01, 3.8662105231025565e+00,
       7.4620679692967273e-01, 7.5507416831203644e-01,
       1.0363558117009246e+00, 1.2287910750430020e+00,
       1.0954627676839837e+00, 1.5480649775508915e+00,
       2.0409046660547303e+00, 1.2588282076477411e+00,
       3.2066200242003786e+00, 1.2794329119934225e+00,
       1.3138525506800172e+00, 1.4286993829969807e+00,
       2.1160626229702655e+00, 1.7550350283322458e+00,
       1.8762879316534162e+00, 2.5264165419289943e+00,
       1.7108913559035697e+00, 3.8281832569254965e+00,
       1.7743533153340290e+00, 1.8227658005105984e+00,
       1.7686617917927772e+00, 3.6255747229058595e+00,
       1.5490431864922964e+00, 2.0031105898219490e+00,
       1.8815416300801162e+00, 3.1523846524327903e-01,
       3.7463408940463889e+00, 9.3813245305117243e-01,
       1.0598691396701378e+00, 1.1222688729775190e+00,
       3.6630728735204316e+00, 1.1792923585282733e+00,
       1.6270365923923946e+00 ]
intactSigma:
   - !!opencv-matrix
      rows: 9
      cols: 9
      dt: d
      data: [ 1.0963944224884006e-01, -4.8333517080231701e-03,
          -2.5405312718918345e-03, -7.3405777304151919e-03,
          -8.5888703009709376e-03, -9.6853924979610473e-04,
          -8.2529143999519319e-04, -6.1394728247632603e-03,
          -2.2361594097108708e-02, -4.8333517080231710e-03,
          2.5522936233452625e-02, 3.4027924176205167e-03,
          5.2806221343496742e-03, 4.6663321880169185e-03,
          4.9897871542042204e-03, 7.9553841328393240e-03,
          1.6211751159363876e-02, 1.7203756432362768e-02,
          -2.5405312718918345e-03, 3.4027924176205158e-03,
          2.1233487675395943e-02, -2.0501318814173681e-02,
          -1.1540651548635636e-02, -1.4746979134402402e-03,
          7.1618969354577072e-04, 1.5461837394206183e-03,
          -4.3497812361555166e-03, -7.3405777304151902e-03,
          5.2806221343496751e-03, -2.0501318814173681e-02,
          5.7495201870807214e-02, 2.9467036575019451e-02,
          9.3105579011148031e-03, 4.2503395930845282e-03,
          1.1143659945870396e-02, 1.3741351977734869e-02,
          -8.5888703009709393e-03, 4.6663321880169185e-03,
          -1.1540651548635638e-02, 2.9467036575019447e-02,
          8.9837018758168116e-02, 1.4368615644471580e-02,
          1.0121383723244932e-02, 3.2923154364177540e-03,
          2.2034992568153007e-02, -9.6853924979610473e-04,
          4.9897871542042196e-03, -1.4746979134402398e-03,
          9.3105579011148083e-03, 1.4368615644471580e-02,
          6.1257660163627187e-02, 3.1016921238194895e-03,
          5.2774986426629812e-03, 3.2704504676120194e-04,
          -8.2529143999519330e-04, 7.9553841328393240e-03,
          7.1618969354577072e-04, 4.2503395930845282e-03,
          1.0121383723244932e-02, 3.1016921238194895e-03,
          1.1521464415277098e-02, 3.4941820033939168e-03,
          4.7518047150761263e-05, -6.1394728247632611e-03,
          1.6211751159363880e-02, 1.5461837394206181e-03,
          1.1143659945870391e-02, 3.2923154364177531e-03,
          5.2774986426629821e-03, 3.4941820033939164e-03,
          2.1706859214894572e-01, 3.1908625657024112e-02,
          -2.2361594097108708e-02, 1.7203756432362768e-02,
          -4.3497812361555158e-03, 1.3741351977734869e-02,
          2.2034992568153004e-02, 3.2704504676120329e-04,
          4.7518047150761270e-05, 3.1908625657024105e-02,
          2.0911421509300052e-01 ]
   - !!opencv-matrix
      rows: 9
      cols: 9
      dt: d
      data: [ 1.8188460367805406e-01, 2.7945303510659963e-02,
          4.5376682363399623e-03, 5.4290708473414334e-04,
          6.9688588174949611e-03, 1.8154018042687264e-02,
          1.3198806193108316e-02, 1.4603391223327535e-03,
          2.0761436680116836e-03, 2.7945303510659963e-02,
          3.2457661041844506e-02, 1.5738530361459387e-02,
          -7.4383902086596699e-03, 1.0531695572662475e-02,
          3.0693562346450889e-02, 3.1323119864220698e-02,
          3.5758654567169777e-03, 1.0049132389143190e-02,
          4.5376682363399623e-03, 1.5738530361459391e-02,
          4.5700470002830007e-02, -3.7026194445212900e-02,
          -1.3921757549836367e-02, 1.2656639748844201e-02,
          1.1959100592600533e-02, 3.2567883720899761e-03,
          1.4682617467963396e-02, 5.4290708473414269e-04,
          -7.4383902086596699e-03, -3.7026194445212900e-02,
          3.6574641578655982e-02, 1.7139711312887936e-02,
          -3.4317779488393014e-03, -1.7961082963202316e-03,
          -1.8305194125492041e-03, -1.1818864008960270e-02,
          6.9688588174949611e-03, 1.0531695572662472e-02,
          -1.3921757549836366e-02, 1.7139711312887933e-02,
          7.1918064071151172e-02, 1.6697471520173729e-02,
          3.6995280362678608e-02, 9.6972405852737277e-04,
          5.0457913366715752e-03, 1.8154018042687264e-02,
          3.0693562346450889e-02, 1.2656639748844201e-02,
          -3.4317779488393005e-03, 1.6697471520173729e-02,
          1.2109956137988931e-01, 4.1590383579444730e-02,
          4.9709445765663872e-03, 1.1471940010980491e-02,
          1.3198806193108316e-02, 3.1323119864220705e-02,
          1.1959100592600531e-02, -1.7961082963202316e-03,
          3.6995280362678608e-02, 4.1590383579444730e-02,
          1.9228487423811805e-01, 3.3781604305363555e-03,
          2.5983214216210120e-02, 1.4603391223327526e-03,
          3.5758654567169773e-03, 3.2567883720899761e-03,
          -1.8305194125492047e-03, 9.6972405852737212e-04,
          4.9709445765663864e-03, 3.3781604305363542e-03,
          1.6083578275030385e-02, 2.2961353559493372e-03,
          2.0761436680116832e-03, 1.0049132389143190e-02,
          1.4682617467963394e-02, -1.1818864008960270e-02,
          5.0457913366715769e-03, 1.1471940010980492e-02,
          2.5983214216210113e-02, 2.2961353559493372e-03,
          1.8377726560859866e-02 ]
   - !!opencv-matrix
      rows: 9
      cols: 9
      dt: d
      data: [ 8.8638106456184618e-01, 3.4906250832512326e-01,
          -9.1191433886597777e-03, 4.4636451010595143e-02,
          -6.6868199342285925e-02, 1.7360076436931875e-02,
          6.7208397284686874e-02, 1.0098923341024817e-01,
          -8.9357220116656949e-02, 3.4906250832512320e-01,
          6.0353869421483608e-01, 3.5348151056285797e-02,
          1.0497747372537412e-01, 2.1447807385330812e-02,
          8.9808971119007971e-02, 8.0393172370701788e-02,
          9.8336218740160644e-02, -2.5557676700713215e-02,
          -9.1191433886597707e-03, 3.5348151056285797e-02,
          2.3672327413978933e-01, -7.0294669981242841e-02,
          4.3973595105430363e-02, 6.3985938491095684e-02,
          -2.6309214779120849e-03, -6.6785002810932886e-02,
          7.8804671714256661e-02, 4.4636451010595143e-02,
          1.0497747372537411e-01, -7.0294669981242855e-02,
          1.3133207893679902e-01, 1.1400401185387786e-01,
          7.6668188810537941e-02, 5.2112702652965415e-02,
          6.6007272909403961e-02, 5.6433321342845434e-02,
          -6.6868199342285953e-02, 2.1447807385330812e-02,
          4.3973595105430363e-02, 1.1400401185387786e-01,
          3.7010423126977304e-01, 2.2973724539357465e-01,
          1.2707947996270474e-01, 5.1229359524251117e-02,
