%YAML:1.0
---
groups:
   - intact
   - CD19
   - blast
intactGmmnames:
   - "intact.768.0"
   - "intact.768.1"
   - "intact.768.2"
   - "intact.768.3"
   - "intact.768.4"
intactLabels:
   - FSC-A
   - SSC-A
   - SY41
   - CD19
   - CD10
   - CD20
   - CD45
   - CD34
   - CD38
intactMu: !!opencv-matrix
   rows: 5
   cols: 9
   dt: d
   data: [ 1.4753598690530869e+00, 4.2154486090339538e-01,
       3.5003847624030260e+00, 1.0868206186807132e+00,
       8.5566262253426095e-01, 9.9866071835461545e-01,
       3.6462292183682425e+00, 1.0334112768829669e+00,
       1.8451739421712212e+00, 1.0206550171356270e+00,
       3.7826297325705255e-01, 3.1078240788290956e+00,
       1.1301281003060122e+00, 9.4116813010996492e-01,
       9.5332703103689753e-01, 1.4238411593055553e+00,
       1.0285617601269688e+00, 1.4858601886593421e+00,
       2.1232205434696159e+00, 3.3533459962490442e+00,
       3.2740879703728067e+00, 1.5537858533448627e+00,
       2.4709977561622294e+00, 1.2871572894794707e+00,
       3.1238662795227272e+00, 1.1352906561855884e+00,
       1.5261131862006763e+00, 1.9460445817279224e+00,
       1.2064870837133190e+00, 3.3295438819654559e+00,
       1.1799267671410869e+00, 1.0372859167058455e+00,
       1.2262157331615884e+00, 2.3354638574663893e+00,
       1.3290349422501808e+00, 2.0186968847826567e+00,
       3.0114365984237881e+00, 3.2988164103848239e+00,
       3.1798665057544637e+00, 1.5922566125953113e+00,
       1.1282715620388000e+00, 1.2798554029119786e+00,
       2.9502192639438962e+00, 1.0502242628733620e+00,
       1.8164866890347884e+00 ]
intactSigma:
   - !!opencv-matrix
      rows: 9
      cols: 9
      dt: d
      data: [ 2.0684404376672685e-01, 3.5019623548061346e-02,
          -1.2790286841043275e-01, 5.9486427042109206e-02,
          2.8833553119228555e-02, 2.0786643432529530e-02,
          3.9025500871150934e-02, -4.8671794756932971e-04,
          2.6238684600011605e-02, 3.5019623548061346e-02,
          2.2383567570895185e-02, -4.1767209800740793e-02,
          1.9141602560414684e-02, 9.3663631033417561e-03,
          1.0922517472866209e-02, 1.1933800980037957e-02,
          2.2366649815456123e-03, 1.9872364248259850e-02,
          -1.2790286841043275e-01, -4.1767209800740793e-02,
          2.0433886135400556e-01, -8.7472406369124039e-02,
          -4.2538130949053433e-02, -2.1042051132609544e-02,
          -4.0470777661856701e-02, 5.8370423857172929e-03,
          -3.0746608011030907e-02, 5.9486427042109206e-02,
          1.9141602560414684e-02, -8.7472406369124039e-02,
          5.3686868099083560e-02, 2.1983432501323480e-02,
          1.2888644684138984e-02, 1.8761056478807443e-02,
          -8.0408922863784056e-04, 1.0747588021483409e-02,
          2.8833553119228559e-02, 9.3663631033417561e-03,
          -4.2538130949053447e-02, 2.1983432501323483e-02,
          2.9750124252775550e-02, 2.4158343453009328e-03,
          8.6176000736965016e-03, -6.1120312328524079e-03,
          1.6908224070594344e-03, 2.0786643432529527e-02,
          1.0922517472866211e-02, -2.1042051132609537e-02,
          1.2888644684138984e-02, 2.4158343453009328e-03,
          9.1049031707781877e-02, 7.0606895241550954e-03,
          -1.9210580916779470e-04, -2.0365441678057802e-02,
          3.9025500871150934e-02, 1.1933800980037957e-02,
          -4.0470777661856701e-02, 1.8761056478807443e-02,
          8.6176000736964981e-03, 7.0606895241550954e-03,
          2.0178414464766668e-02, -2.6489665907473057e-03,
          8.6450875069564986e-03, -4.8671794756933014e-04,
          2.2366649815456115e-03, 5.8370423857173016e-03,
          -8.0408922863784012e-04, -6.1120312328524088e-03,
          -1.9210580916779424e-04, -2.6489665907473057e-03,
          2.1922253410297016e-01, 1.1924155451014870e-02,
          2.6238684600011605e-02, 1.9872364248259850e-02,
          -3.0746608011030907e-02, 1.0747588021483408e-02,
          1.6908224070594344e-03, -2.0365441678057802e-02,
          8.6450875069565055e-03, 1.1924155451014870e-02,
          2.8549726720847790e-01 ]
   - !!opencv-matrix
      rows: 9
      cols: 9
      dt: d
      data: [ 7.5676032122699674e-02, 1.7220357911372681e-02,
          -4.9267007660267256e-03, 4.7597764081703702e-03,
          4.8301068107077455e-03, 1.6582055413783481e-02,
          1.6951271782051525e-02, 2.6470521621141762e-03,
          5.7313923275824196e-03, 1.7220357911372684e-02,
          1.3203152759631034e-02, 8.7469275293698984e-03,
          1.3721625041521754e-03, 2.6618889618947664e-03,
          1.2497424849221882e-02, 1.2557595267500788e-02,
          1.0075168213347615e-03, 4.5135919147383362e-03,
          -4.9267007660267247e-03, 8.7469275293698984e-03,
          2.6958436257136409e-01, -4.4226573902461534e-02,
          -1.8784326418297685e-02, 2.7362370374596604e-02,
          -1.8966739705229014e-02, -2.8847357985413585e-02,
          1.7109765685860395e-02, 4.7597764081703693e-03,
          1.3721625041521761e-03, -4.4226573902461534e-02,
          1.2914916038419553e-02, 5.6944290805372132e-03,
          6.6922013763282787e-04, 4.7801787660251890e-03,
          2.8713464726910082e-03, -3.7682424162746083e-03,
          4.8301068107077464e-03, 2.6618889618947664e-03,
          -1.8784326418297682e-02, 5.6944290805372132e-03,
          2.1806806334986769e-02, -1.7655308865687604e-03,
          7.5702641023823103e-03, -3.7250381768547499e-04,
          -2.0244570823588920e-04, 1.6582055413783485e-02,
          1.2497424849221880e-02, 2.7362370374596611e-02,
          6.6922013763282798e-04, -1.7655308865687596e-03,
          7.5487467958276183e-02, 8.5502750624009121e-03,
          -6.0488124526351574e-03, 4.3991810074478768e-03,
          1.6951271782051525e-02, 1.2557595267500787e-02,
          -1.8966739705229017e-02, 4.7801787660251898e-03,
          7.5702641023823094e-03, 8.5502750624009121e-03,
          1.1632205833398938e-01, 7.1991185175829591e-03,
          9.1522500125210907e-03, 2.6470521621141762e-03,
          1.0075168213347617e-03, -2.8847357985413585e-02,
          2.8713464726910077e-03, -3.7250381768547488e-04,
          -6.0488124526351592e-03, 7.1991185175829591e-03,
          3.8463808318998566e-02, 5.3725963824173713e-04,
          5.7313923275824196e-03, 4.5135919147383362e-03,
          1.7109765685860392e-02, -3.7682424162746092e-03,
          -2.0244570823588912e-04, 4.3991810074478768e-03,
          9.1522500125210925e-03, 5.3725963824173702e-04,
          1.3636616845773407e-02 ]
   - !!opencv-matrix
      rows: 9
      cols: 9
      dt: d
      data: [ 4.0057946530043070e-01, 1.5680548269990927e-01,
          -6.9803506535915369e-02, 4.8424899290689646e-02,
          -2.5330164068633729e-02, 2.3770693916222836e-02,
          2.4810197169775866e-02, 1.6698940188984194e-03,
          4.7932114187838899e-03, 1.5680548269990921e-01,
          4.5504853807048129e-01, -8.2315043697577181e-02,
          9.4856811639169786e-02, 3.0939794190929348e-02,
          2.0193951220631966e-02, 4.5098236636976867e-02,
          9.7478498755376286e-04, 7.8105438798660261e-05,
          -6.9803506535915383e-02, -8.2315043697577195e-02,
          2.0080173831423215e-01, -8.5047040228841145e-02,
          -3.4517166659047326e-02, 1.4046929835026320e-04,
          -5.1872044800521093e-02, 6.6362628161569697e-03,
          6.1267586883635471e-03, 4.8424899290689646e-02,
          9.4856811639169772e-02, -8.5047040228841145e-02,
          6.6466723327070681e-02, 2.5235750282787687e-02,
          7.0383774024051259e-03, 3.1028090605425409e-02,
          -1.2650322452122471e-03, -7.7177989585609065e-03,
          -2.5330164068633722e-02, 3.0939794190929355e-02,
          -3.4517166659047326e-02, 2.5235750282787694e-02,
          1.7773104565722872e-01, 1.8534139806243438e-02,
          5.2958973441043215e-02, 8.2601440345726560e-03,
