%YAML:1.0
---
groups:
   - intact
   - CD19
intactGmmnames:
   - "intact.783.0"
   - "intact.783.1"
   - "intact.783.2"
   - "intact.783.3"
   - "intact.783.4"
intactLabels:
   - FSC-A
   - SSC-A
   - SY41
   - CD19
   - CD10
   - CD20
   - CD45
   - CD34
   - CD38
intactMu: !!opencv-matrix
   rows: 5
   cols: 9
   dt: d
   data: [ 2.4547647011187403e+00, 3.4308100869432643e+00,
       3.3200758907757444e+00, 1.5376134558854586e+00,
       1.6116528146219899e+00, 1.2212628549220159e+00,
       2.6336690318013685e+00, 1.1137008418588463e+00,
       1.6769983320344817e+00, 1.4417257285536760e+00,
       4.0494064784439471e-01, 2.9964938153455893e+00,
       1.0825203601292142e+00, 8.3743422452283334e-01,
       8.8813268559935510e-01, 3.5378470913213302e+00,
       1.0507583716308686e+00, 1.6194167390709484e+00,
       1.8516236136385376e+00, 3.3950684499650037e+00,
       2.5576773233672756e+00, 1.5526439461708528e+00,
       1.2488373579393983e+00, 1.6141227914209804e+00,
       2.8534930524815785e+00, 2.2425872284419035e+00,
       1.9700331763116021e+00, 1.5711668008631356e+00,
       5.4129735245187038e-01, 2.9790936001640893e+00,
       1.1209143763902576e+00, 8.4067212463569974e-01,
       8.8685319259729534e-01, 3.5288336389011046e+00,
       1.0993864893856253e+00, 2.0928419194460224e+00,
       1.2084350091568457e+00, 9.0260949630161014e-01,
       3.1626339590702264e+00, 1.1110780412334809e+00,
       1.2120297978752779e+00, 1.1867147879788911e+00,
       1.8417285077477021e+00, 1.2268857880093342e+00,
       1.8439489673922003e+00 ]
intactSigma:
   - !!opencv-matrix
      rows: 9
      cols: 9
      dt: d
      data: [ 4.7093229344551657e-01, 1.2061912596795643e-01,
          7.4530879019194720e-03, 2.8545410271980039e-02,
          -5.1314498697336397e-02, 2.6422763233716604e-02,
          -2.3385616632549323e-02, 1.9623656174350044e-03,
          6.6617958281843508e-03, 1.2061912596795643e-01,
          3.4423060503431646e-01, 4.2575092685553494e-03,
          6.1742958509328490e-02, 4.0055841450878725e-02,
          3.9949899453646229e-02, 1.3242096525226217e-02,
          9.7612141743855310e-03, 3.6917394949069842e-03,
          7.4530879019194711e-03, 4.2575092685553494e-03,
          9.8714782226977816e-03, -1.8919972605631928e-03,
          -1.6905444942583207e-03, 1.6170612210989052e-03,
          -2.1163141001188362e-03, 4.8369419274494593e-04,
          4.5745651042298851e-05, 2.8545410271980039e-02,
          6.1742958509328490e-02, -1.8919972605631928e-03,
          3.1094737112762002e-02, 8.1109895480954240e-03,
          7.8521495661204466e-03, 2.6988929270837861e-03,
          2.2591466559226856e-03, -2.2654168410417338e-03,
          -5.1314498697336397e-02, 4.0055841450878718e-02,
          -1.6905444942583213e-03, 8.1109895480954257e-03,
          1.4197730872835568e-01, -3.0970025456635247e-04,
          3.5710892530073424e-02, 2.6504140904429611e-03,
          -2.8595851114245961e-03, 2.6422763233716610e-02,
          3.9949899453646222e-02, 1.6170612210989052e-03,
          7.8521495661204466e-03, -3.0970025456635242e-04,
          4.8588906997850095e-02, 6.2741557271288339e-04,
          2.6483117755367763e-03, 1.2433760816248480e-03,
          -2.3385616632549327e-02, 1.3242096525226215e-02,
          -2.1163141001188362e-03, 2.6988929270837861e-03,
          3.5710892530073424e-02, 6.2741557271288328e-04,
          4.0292588267989690e-02, -5.8940731126158003e-05,
          -1.5652662350090667e-03, 1.9623656174350048e-03,
          9.7612141743855293e-03, 4.8369419274494599e-04,
          2.2591466559226852e-03, 2.6504140904429602e-03,
          2.6483117755367745e-03, -5.8940731126157773e-05,
          5.7820316142627948e-02, 8.3312414360919461e-04,
          6.6617958281843508e-03, 3.6917394949069842e-03,
          4.5745651042298871e-05, -2.2654168410417338e-03,
          -2.8595851114245952e-03, 1.2433760816248482e-03,
          -1.5652662350090661e-03, 8.3312414360919461e-04,
          8.0741896038593469e-03 ]
   - !!opencv-matrix
      rows: 9
      cols: 9
      dt: d
      data: [ 2.2399040357762889e-01, 4.7032797180342534e-02,
          -6.0294446726107537e-03, 1.8708910854520169e-02,
          5.6290859094539156e-03, 2.0678098016874119e-02,
          4.0812192208788491e-02, 2.7841728080101828e-03,
          -1.4041607810764542e-02, 4.7032797180342534e-02,
          2.9078014908828269e-02, 4.0087409356000475e-04,
          9.2157310526380480e-03, 3.5187171136380610e-03,
          1.1946472600440548e-02, 2.0650969273433458e-02,
          2.7575053948050345e-03, -7.6386210197358214e-03,
          -6.0294446726107545e-03, 4.0087409356000464e-04,
          1.5622450040848009e-02, -2.6497832242714965e-03,
          -5.1848886071173268e-04, 1.1113125162401434e-03,
          5.1788523208169224e-04, 2.4044951695850254e-07,
          -7.9196623909394837e-04, 1.8708910854520165e-02,
          9.2157310526380480e-03, -2.6497832242714974e-03,
          2.5622516008489134e-02, 1.4820184355190664e-03,
          4.0884816573638757e-03, 6.9324464349767179e-03,
          3.1664068023721076e-03, -4.7389887320685893e-03,
          5.6290859094539139e-03, 3.5187171136380610e-03,
          -5.1848886071173279e-04, 1.4820184355190669e-03,
          3.9950264472280811e-02, -3.6099784163782095e-03,
          2.5166633871030334e-03, -5.4044357066425960e-03,
          -1.3930676197680626e-03, 2.0678098016874119e-02,
          1.1946472600440548e-02, 1.1113125162401430e-03,
          4.0884816573638757e-03, -3.6099784163782095e-03,
          7.0169834899700856e-02, 9.0958928870858366e-03,
          1.4475239597711517e-03, -4.0507274637837350e-03,
          4.0812192208788491e-02, 2.0650969273433458e-02,
          5.1788523208169202e-04, 6.9324464349767179e-03,
          2.5166633871030342e-03, 9.0958928870858383e-03,
          2.4241906473033425e-02, -2.8384803577002205e-04,
          -7.6895368370806941e-03, 2.7841728080101836e-03,
          2.7575053948050350e-03, 2.4044951695859211e-07,
          3.1664068023721076e-03, -5.4044357066425942e-03,
          1.4475239597711528e-03, -2.8384803577002221e-04,
          1.4619184251292808e-01, 5.2399264220883335e-04,
          -1.4041607810764542e-02, -7.6386210197358214e-03,
          -7.9196623909394848e-04, -4.7389887320685910e-03,
          -1.3930676197680624e-03, -4.0507274637837350e-03,
          -7.6895368370806941e-03, 5.2399264220883346e-04,
          1.3603501619618949e-02 ]
   - !!opencv-matrix
      rows: 9
      cols: 9
      dt: d
      data: [ 4.1408028545918529e-01, 1.2915614569509598e-01,
          3.8590651908929252e-03, 2.9594006757036596e-02,
          1.8432157702901058e-02, 2.6667552715462679e-02,
          2.7515439699396693e-02, 2.3360985959443390e-02,
          2.1577693547031249e-02, 1.2915614569509601e-01,
          3.6190692977991595e-01, 1.8243379268306381e-02,
          5.0080714390939203e-02, 4.4698970108284622e-02,
          5.7836764496277705e-02, 6.0357530805733473e-02,
          6.6293861067033222e-02, 4.2099843125530861e-02,
          3.8590651908929252e-03, 1.8243379268306381e-02,
          5.5551624815443372e-03, 2.2583311583870384e-03,
          3.5201964029799807e-03, 3.5260505954692501e-03,
          2.9828697845252872e-03, 3.2482555007870332e-03,
          2.4926481872207568e-03, 2.9594006757036589e-02,
          5.0080714390939203e-02, 2.2583311583870380e-03,
          2.3424687667520254e-02, 7.5464161747003300e-03,
          8.1364794674984170e-03, 8.0913344267293848e-03,
          9.1176219500192380e-03, 3.9356187883245151e-03,
          1.8432157702901058e-02, 4.4698970108284622e-02,
          3.5201964029799807e-03, 7.5464161747003291e-03,
          5.4426955369767029e-02, 5.5347188421344092e-03,
          9.2149932285445144e-03, 5.6274561478357188e-03,
