%YAML:1.0
---
groups:
   - intact
   - CD19
   - blast
intactGmmnames:
   - "intact.797.0"
   - "intact.797.1"
   - "intact.797.2"
   - "intact.797.3"
   - "intact.797.4"
intactLabels:
   - FSC-A
   - SSC-A
   - SY41
   - CD19
   - CD10
   - CD20
   - CD45
   - CD34
   - CD38
intactMu: !!opencv-matrix
   rows: 5
   cols: 9
   dt: d
   data: [ 8.2793192150420880e-01, 3.1777231872025041e-01,
       3.2733441976010691e+00, 1.4358075391774969e+00,
       6.9644826681087713e-01, 7.7752297254823044e-01,
       3.2708932757260882e+00, 1.0755568337765087e+00,
       2.0945588206403962e+00, 1.1956145239011007e+00,
       4.7579897048194186e-01, 2.4528109244600094e+00,
       1.7467274488464071e+00, 9.2982292929078092e-01,
       9.4696612564914917e-01, 3.3789529923570121e+00,
       1.0424264356796722e+00, 2.0680220871795880e+00,
       7.6226677994046210e-01, 5.2604146500670335e-01,
       2.4844469016728832e+00, 1.0518121604252140e+00,
       1.0153033668558853e+00, 9.5371036612343141e-01,
       1.2697046507308718e+00, 1.0804005894444162e+00,
       1.3230394638177245e+00, 1.9940140856385364e+00,
       2.2455015280371970e+00, 2.9832250938727354e+00,
       1.5024406875864913e+00, 1.3357938175675270e+00,
       9.9614291990927128e-01, 2.1029661023660324e+00,
       1.1937498334796193e+00, 1.7124222428544675e+00,
       8.5889649152091474e-01, 2.8111813199932584e-01,
       2.7756547202669699e+00, 1.5850922583709273e+00,
       8.5657823633358599e-01, 9.0075689906576395e-01,
       3.2941996020586264e+00, 1.0401971146738236e+00,
       2.1082394027242648e+00 ]
intactSigma:
   - !!opencv-matrix
      rows: 9
      cols: 9
      dt: d
      data: [ 1.2898244467804762e-01, 1.6114842860065096e-02,
          7.1814230447560783e-03, 2.2593809067588892e-02,
          -3.4757627097976988e-03, -2.4409333498617116e-06,
          2.6594426151668540e-02, -3.0134600047570988e-04,
          2.0328569627003825e-02, 1.6114842860065093e-02,
          1.5768252398466506e-02, -5.9401331754290691e-04,
          1.3952328644378592e-02, 2.1191845408379197e-03,
          3.0126492805336675e-03, 8.9946158764413406e-03,
          9.2553448225602807e-04, 1.9775386539667718e-03,
          7.1814230447560783e-03, -5.9401331754290691e-04,
          7.1266313776701798e-02, -3.3370164500000007e-02,
          -4.4071886628186209e-02, -4.1815187410189504e-02,
          6.4918959081957193e-03, 1.0264199582358644e-02,
          1.2714458429555969e-02, 2.2593809067588892e-02,
          1.3952328644378592e-02, -3.3370164500000007e-02,
          9.0059606768224040e-02, 2.5295441564440486e-02,
          2.5453061813795384e-02, 1.6457524301455972e-02,
          -6.8088375534255023e-03, -2.0507315987284714e-03,
          -3.4757627097976988e-03, 2.1191845408379197e-03,
          -4.4071886628186216e-02, 2.5295441564440489e-02,
          4.3871344305479336e-02, 2.5423517770999327e-02,
          -2.7657625226315337e-03, -9.5009943316876257e-03,
          -8.3396106771385925e-03, -2.4409333498614693e-06,
          3.0126492805336675e-03, -4.1815187410189490e-02,
          2.5453061813795384e-02, 2.5423517770999327e-02,
          3.4184690502932505e-02, -1.0695308164800159e-03,
          -6.3451053530480380e-03, -7.7988980443468928e-03,
          2.6594426151668540e-02, 8.9946158764413406e-03,
          6.4918959081957193e-03, 1.6457524301455972e-02,
          -2.7657625226315337e-03, -1.0695308164800157e-03,
          1.8457971049678185e-02, 9.9963459394227590e-04,
          9.6986149928284301e-03, -3.0134600047570902e-04,
          9.2553448225602764e-04, 1.0264199582358651e-02,
          -6.8088375534254997e-03, -9.5009943316876275e-03,
          -6.3451053530480380e-03, 9.9963459394227698e-04,
          1.0777514450794226e-01, 4.4644757171641508e-03,
          2.0328569627003822e-02, 1.9775386539667723e-03,
          1.2714458429555969e-02, -2.0507315987284723e-03,
          -8.3396106771385908e-03, -7.7988980443468928e-03,
          9.6986149928284301e-03, 4.4644757171641517e-03,
          7.4373083026710529e-02 ]
   - !!opencv-matrix
      rows: 9
      cols: 9
      dt: d
      data: [ 1.6331865704163906e-01, 2.3306847066162625e-04,
          -3.0545625054746374e-02, 5.7800905235479507e-04,
          -1.7416241621044058e-03, 3.8989634491393048e-03,
          3.9716185452123064e-03, -2.3561142813977452e-03,
          -4.0319126697539089e-03, 2.3306847066162679e-04,
          2.2756242175235263e-02, -4.4446443610824176e-03,
          8.8381038178284160e-03, 1.0571376983161170e-03,
          3.7881610785429850e-03, 4.9440070163319517e-03,
          1.3607682847474541e-04, 1.6554003068568135e-02,
          -3.0545625054746381e-02, -4.4446443610824176e-03,
          1.2198037000576893e-01, -1.5181941493332156e-02,
          -4.9974089160110466e-03, -8.4363229929758626e-03,
          -1.0738221421853957e-02, 4.4326901151392952e-03,
          -1.0197452952747516e-03, 5.7800905235479486e-04,
          8.8381038178284178e-03, -1.5181941493332156e-02,
          3.9650185422383591e-02, 1.2687718425712575e-03,
          2.3020336941868250e-03, 1.4080136266867013e-02,
          5.8949273674493031e-04, 1.3511617791833112e-03,
          -1.7416241621044050e-03, 1.0571376983161170e-03,
          -4.9974089160110466e-03, 1.2687718425712568e-03,
          2.3870149726216743e-02, -1.6225202086213126e-03,
          5.7289028319941005e-04, -3.1687805080828110e-03,
          -1.9784340684143031e-03, 3.8989634491393048e-03,
          3.7881610785429841e-03, -8.4363229929758626e-03,
          2.3020336941868245e-03, -1.6225202086213126e-03,
          1.0072147186004429e-02, 1.3161058695638759e-03,
          -9.6476137562335630e-05, -4.8478758102650765e-04,
          3.9716185452123064e-03, 4.9440070163319517e-03,
          -1.0738221421853957e-02, 1.4080136266867013e-02,
          5.7289028319940961e-04, 1.3161058695638757e-03,
          1.3344562970029745e-02, 1.1210697195906418e-04,
          3.4914535804347348e-03, -2.3561142813977444e-03,
          1.3607682847474530e-04, 4.4326901151392952e-03,
          5.8949273674492977e-04, -3.1687805080828101e-03,
          -9.6476137562335887e-05, 1.1210697195906415e-04,
          1.3512116283114273e-01, 3.7181274462897186e-03,
          -4.0319126697539072e-03, 1.6554003068568135e-02,
          -1.0197452952747522e-03, 1.3511617791833117e-03,
          -1.9784340684143031e-03, -4.8478758102650748e-04,
          3.4914535804347348e-03, 3.7181274462897203e-03,
          1.3115596109514213e-01 ]
   - !!opencv-matrix
      rows: 9
      cols: 9
      dt: d
      data: [ 1.1037233751569939e-01, 2.7691245101006172e-02,
          -8.3072326335609001e-02, 1.8503808919972654e-02,
          1.0424000349263180e-02, 9.8558762111681918e-03,
          7.0707215022113856e-03, 1.2007016397608727e-03,
          -2.1242946114527297e-03, 2.7691245101006168e-02,
          5.3134343769118034e-02, 2.5537514207616095e-02,
          1.5981726850492671e-02, 1.9634696363447637e-02,
          1.0296449907700032e-02, 1.7804909420716501e-02,
          6.5451529894049491e-04, 1.5272534708158359e-02,
          -8.3072326335609001e-02, 2.5537514207616095e-02,
          4.3616881546953934e-01, -4.8699662764043347e-02,
          -8.6507687829739700e-03, -2.7272936770314605e-02,
          1.2514326927021186e-02, 5.7512906974715278e-04,
          4.9342495911707460e-02, 1.8503808919972654e-02,
          1.5981726850492671e-02, -4.8699662764043347e-02,
          4.1866904971143593e-02, 1.4357586482923937e-02,
          1.2135515888828306e-02, 6.2995235087759272e-03,
          -1.0947934920650035e-03, -5.4170745455076269e-03,
          1.0424000349263180e-02, 1.9634696363447637e-02,
          -8.6507687829739700e-03, 1.4357586482923937e-02,
          5.8712199024895065e-02, 9.2170615355760422e-03,
