%YAML:1.0
---
groups:
   - intact
   - CD19
   - blast
intactGmmnames:
   - "intact.798.0"
   - "intact.798.1"
   - "intact.798.2"
   - "intact.798.3"
   - "intact.798.4"
intactLabels:
   - FSC-A
   - SSC-A
   - SY41
   - CD19
   - CD10
   - CD20
   - CD45
   - CD34
   - CD38
intactMu: !!opencv-matrix
   rows: 5
   cols: 9
   dt: d
   data: [ 9.3861719198812887e-01, 4.7911322090080510e-01,
       2.6553220266020037e+00, 1.7133426098462268e+00,
       8.7563241220437449e-01, 9.1789521511309968e-01,
       3.3726907293303654e+00, 1.0270898878830950e+00,
       2.1168556071179467e+00, 1.6127363074937633e+00,
       1.2261546968017576e+00, 2.9481905542417670e+00,
       1.7151247813319628e+00, 1.1737895152960374e+00,
       1.2186141849443084e+00, 2.8184560787500770e+00,
       1.3323698401173798e+00, 2.1727138494228257e+00,
       6.3664044477805948e-01, 2.4176334772160787e-01,
       3.0849844335252730e+00, 1.4202343085320746e+00,
       7.8878185815957591e-01, 8.2656781783593924e-01,
       3.1614667065709181e+00, 1.0452834246782203e+00,
       1.8004077055245005e+00, 9.7403884232131066e-01,
       7.7643011274121498e-01, 2.0934084937476127e+00,
       1.2144770407660246e+00, 9.6890376296290448e-01,
       9.4026766169204890e-01, 1.3512497399828620e+00,
       1.1110558204971708e+00, 1.5337291730957596e+00,
       1.0829265118967075e+00, 2.5480853317156349e+00,
       2.9192942298768245e+00, 1.6416589553560090e+00,
       1.7886777855257063e+00, 9.7706441933063382e-01,
       2.3622289679075950e+00, 1.2126103488172710e+00,
       1.7383764009734590e+00 ]
intactSigma:
   - !!opencv-matrix
      rows: 9
      cols: 9
      dt: d
      data: [ 1.0249848264472416e-01, -5.3188697921511827e-03,
          -1.6802748987576721e-02, -8.3811878172884355e-04,
          2.5757514894308553e-04, 1.6839377400981533e-03,
          1.1876088816408742e-03, 8.3175859558803978e-05,
          -1.2697161698057674e-02, -5.3188697921511818e-03,
          2.8888252002788682e-02, -1.9301519885928538e-02,
          1.3874496679822263e-02, 7.3832292588280292e-03,
          6.9455287588430720e-03, 6.9430444227656140e-03,
          1.2238876317283241e-03, 2.4028420487348406e-02,
          -1.6802748987576721e-02, -1.9301519885928538e-02,
          1.0178292596374897e-01, -2.6064664872349919e-02,
          -1.6591769657843591e-02, -1.4374514153701877e-02,
          -1.5407119744242389e-02, 3.7770152597227753e-03,
          -3.2951741566571727e-02, -8.3811878172884323e-04,
          1.3874496679822266e-02, -2.6064664872349926e-02,
          5.2796253325044215e-02, 6.9671639339679648e-03,
          7.7612732272868551e-03, 2.1429206683430322e-02,
          -1.7194419850893796e-03, -3.5284441164470473e-03,
          2.5757514894308591e-04, 7.3832292588280292e-03,
          -1.6591769657843588e-02, 6.9671639339679639e-03,
          3.0555106930393483e-02, -6.1523839011208320e-04,
          3.7447596742354273e-03, -4.2078041429943723e-03,
          4.7836810211581730e-03, 1.6839377400981531e-03,
          6.9455287588430720e-03, -1.4374514153701876e-02,
          7.7612732272868534e-03, -6.1523839011208342e-04,
          2.1312678927164874e-02, 4.3685504207819333e-03,
          -1.1286366095359017e-03, 2.0425887986615472e-03,
          1.1876088816408740e-03, 6.9430444227656140e-03,
          -1.5407119744242389e-02, 2.1429206683430319e-02,
          3.7447596742354260e-03, 4.3685504207819333e-03,
          1.9245748999015339e-02, -1.6729192466792232e-03,
          -5.8198753245915589e-03, 8.3175859558803843e-05,
          1.2238876317283225e-03, 3.7770152597227744e-03,
          -1.7194419850893796e-03, -4.2078041429943723e-03,
          -1.1286366095359019e-03, -1.6729192466792241e-03,
          1.3995271400493084e-01, 4.8199145869607463e-03,
          -1.2697161698057680e-02, 2.4028420487348396e-02,
          -3.2951741566571734e-02, -3.5284441164470473e-03,
          4.7836810211581730e-03, 2.0425887986615463e-03,
          -5.8198753245915606e-03, 4.8199145869607420e-03,
          1.6386779470791554e-01 ]
   - !!opencv-matrix
      rows: 9
      cols: 9
      dt: d
      data: [ 1.4049356755208229e+00, 1.1367934395123215e-01,
          -3.1533263647980420e-01, 7.5511691314398693e-02,
          -3.5076045548348943e-02, -3.3656273119064210e-02,
          1.0937238033455096e-01, -1.4890733728142565e-02,
          6.1816646108852472e-02, 1.1367934395123210e-01,
          9.2110396435662367e-01, 1.2345485321096261e-01,
          2.1791416337165984e-01, 1.6811780634222703e-01,
          1.8484524965498325e-01, -4.9756075074515509e-02,
          9.2088102928676571e-02, 2.8524175697096376e-02,
          -3.1533263647980420e-01, 1.2345485321096261e-01,
          3.3611632975724726e-01, -2.5639008076636500e-03,
          -3.5937108184132510e-02, -1.8169099400685963e-03,
          2.3913890721324979e-02, 3.7907499428911771e-02,
          -5.8970364018593189e-03, 7.5511691314398693e-02,
          2.1791416337165984e-01, -2.5639008076636517e-03,
          2.5252977950490041e-01, 7.4619053469487689e-02,
          1.6641824061752247e-01, 1.3012731475023634e-01,
          -7.4244216406437790e-03, 2.5914568615904552e-02,
          -3.5076045548348943e-02, 1.6811780634222703e-01,
          -3.5937108184132510e-02, 7.4619053469487689e-02,
          3.0581366254036590e-01, 1.4923713486484275e-01,
          -6.9906621775733757e-02, 2.0297019399540834e-02,
          -3.3711745116415712e-02, -3.3656273119064210e-02,
          1.8484524965498322e-01, -1.8169099400685981e-03,
          1.6641824061752247e-01, 1.4923713486484275e-01,
          3.2280945664652927e-01, -5.8595792680678001e-02,
          3.7352982101019803e-02, -4.0346019739312594e-02,
          1.0937238033455095e-01, -4.9756075074515509e-02,
          2.3913890721324989e-02, 1.3012731475023634e-01,
          -6.9906621775733743e-02, -5.8595792680678001e-02,
          5.0871485801540173e-01, -7.8780261647048030e-02,
          1.2619285987233234e-01, -1.4890733728142565e-02,
          9.2088102928676571e-02, 3.7907499428911785e-02,
          -7.4244216406437790e-03, 2.0297019399540844e-02,
          3.7352982101019817e-02, -7.8780261647048017e-02,
          2.8581343474521892e-01, 5.2901909701063982e-02,
          6.1816646108852458e-02, 2.8524175697096376e-02,
          -5.8970364018593197e-03, 2.5914568615904552e-02,
          -3.3711745116415698e-02, -4.0346019739312594e-02,
          1.2619285987233234e-01, 5.2901909701063982e-02,
          3.4965721143680067e-01 ]
   - !!opencv-matrix
      rows: 9
      cols: 9
      dt: d
      data: [ 6.2493287946499103e-02, -2.4893371368340102e-03,
          -1.6758871580928016e-02, 3.1830524341378715e-03,
          3.8847134907172023e-03, 3.7991936109540323e-03,
          3.1839381988361449e-03, -1.3941858871098103e-03,
          1.5207198240435899e-04, -2.4893371368340115e-03,
          1.1043743917965834e-02, -2.6301594460283596e-04,
          4.9613689197305485e-03, 2.9293753625012817e-03,
          2.7000711154298914e-03, 2.2266444677862839e-03,
          8.1763131412437482e-04, -6.5863773163423193e-04,
          -1.6758871580928016e-02, -2.6301594460283591e-04,
          1.3869845421039986e-02, -4.9451397911282734e-03,
          -4.2059361578477240e-03, -3.6479392935187707e-03,
          -2.9671426709717971e-03, 1.2131738733355164e-03,
          5.1394821414588850e-05, 3.1830524341378706e-03,
          4.9613689197305485e-03, -4.9451397911282734e-03,
          4.1860242697556289e-02, 3.3379822790197558e-03,
          3.5621749297310309e-03, 7.2594567580874158e-03,
          -4.0702723634277321e-05, -2.8492510144881417e-03,
          3.8847134907172023e-03, 2.9293753625012804e-03,
          -4.2059361578477240e-03, 3.3379822790197558e-03,
          2.6986148064853988e-02, -2.2419576801027607e-03,
