%YAML:1.0
---
groups:
   - intact
   - CD19
   - blast
intactGmmnames:
   - "intact.798.0"
   - "intact.798.1"
   - "intact.798.2"
   - "intact.798.3"
   - "intact.798.4"
intactLabels:
   - FSC-A
   - SSC-A
   - SY41
   - CD19
   - CD10
   - CD20
   - CD45
   - CD34
   - CD38
intactMu: !!opencv-matrix
   rows: 5
   cols: 9
   dt: d
   data: [ 9.3861719198812887e-01, 4.7911322090080510e-01,
       2.6553220266020037e+00, 1.7133426098462268e+00,
       8.7563241220437449e-01, 9.1789521511309968e-01,
       3.3726907293303654e+00, 1.0270898878830950e+00,
       2.1168556071179467e+00, 1.6127363074937633e+00,
       1.2261546968017576e+00, 2.9481905542417670e+00,
       1.7151247813319628e+00, 1.1737895152960374e+00,
       1.2186141849443084e+00, 2.8184560787500770e+00,
       1.3323698401173798e+00, 2.1727138494228257e+00,
       6.3664044477805948e-01, 2.4176334772160787e-01,
       3.0849844335252730e+00, 1.4202343085320746e+00,
       7.8878185815957591e-01, 8.2656781783593924e-01,
       3.1614667065709181e+00, 1.0452834246782203e+00,
       1.8004077055245005e+00, 9.7403884232131066e-01,
       7.7643011274121498e-01, 2.0934084937476127e+00,
       1.2144770407660246e+00, 9.6890376296290448e-01,
       9.4026766169204890e-01, 1.3512497399828620e+00,
       1.1110558204971708e+00, 1.5337291730957596e+00,
       1.0829265118967075e+00, 2.5480853317156349e+00,
       2.9192942298768245e+00, 1.6416589553560090e+00,
       1.7886777855257063e+00, 9.7706441933063382e-01,
       2.3622289679075950e+00, 1.2126103488172710e+00,
       1.7383764009734590e+00 ]
intactSigma:
   - !!opencv-matrix
      rows: 9
      cols: 9
      dt: d
      data: [ 1.0249848264472416e-01, -5.3188697921511827e-03,
          -1.6802748987576721e-02, -8.3811878172884355e-04,
          2.5757514894308553e-04, 1.6839377400981533e-03,
          1.1876088816408742e-03, 8.3175859558803978e-05,
          -1.2697161698057674e-02, -5.3188697921511818e-03,
          2.8888252002788682e-02, -1.9301519885928538e-02,
          1.3874496679822263e-02, 7.3832292588280292e-03,
          6.9455287588430720e-03, 6.9430444227656140e-03,
          1.2238876317283241e-03, 2.4028420487348406e-02,
          -1.6802748987576721e-02, -1.9301519885928538e-02,
          1.0178292596374897e-01, -2.6064664872349919e-02,
          -1.6591769657843591e-02, -1.4374514153701877e-02,
          -1.5407119744242389e-02, 3.7770152597227753e-03,
          -3.2951741566571727e-02, -8.3811878172884323e-04,
          1.3874496679822266e-02, -2.6064664872349926e-02,
          5.2796253325044215e-02, 6.9671639339679648e-03,
          7.7612732272868551e-03, 2.1429206683430322e-02,
          -1.7194419850893796e-03, -3.5284441164470473e-03,
          2.5757514894308591e-04, 7.3832292588280292e-03,
          -1.6591769657843588e-02, 6.9671639339679639e-03,
          3.0555106930393483e-02, -6.1523839011208320e-04,
          3.7447596742354273e-03, -4.2078041429943723e-03,
          4.7836810211581730e-03, 1.6839377400981531e-03,
          6.9455287588430720e-03, -1.4374514153701876e-02,
          7.7612732272868534e-03, -6.1523839011208342e-04,
          2.1312678927164874e-02, 4.3685504207819333e-03,
          -1.1286366095359017e-03, 2.0425887986615472e-03,
          1.1876088816408740e-03, 6.9430444227656140e-03,
          -1.5407119744242389e-02, 2.1429206683430319e-02,
          3.7447596742354260e-03, 4.3685504207819333e-03,
          1.9245748999015339e-02, -1.6729192466792232e-03,
          -5.8198753245915589e-03, 8.3175859558803843e-05,
          1.2238876317283225e-03, 3.7770152597227744e-03,
          -1.7194419850893796e-03, -4.2078041429943723e-03,
          -1.1286366095359019e-03, -1.6729192466792241e-03,
          1.3995271400493084e-01, 4.8199145869607463e-03,
          -1.2697161698057680e-02, 2.4028420487348396e-02,
          -3.2951741566571734e-02, -3.5284441164470473e-03,
          4.7836810211581730e-03, 2.0425887986615463e-03,
          -5.8198753245915606e-03, 4.8199145869607420e-03,
          1.6386779470791554e-01 ]
   - !!opencv-matrix
      rows: 9
      cols: 9
      dt: d
      data: [ 1.4049356755208229e+00, 1.1367934395123215e-01,
          -3.1533263647980420e-01, 7.5511691314398693e-02,
          -3.5076045548348943e-02, -3.3656273119064210e-02,
          1.0937238033455096e-01, -1.4890733728142565e-02,
          6.1816646108852472e-02, 1.1367934395123210e-01,
          9.2110396435662367e-01, 1.2345485321096261e-01,
          2.1791416337165984e-01, 1.6811780634222703e-01,
          1.8484524965498325e-01, -4.9756075074515509e-02,
          9.2088102928676571e-02, 2.8524175697096376e-02,
          -3.1533263647980420e-01, 1.2345485321096261e-01,
          3.3611632975724726e-01, -2.5639008076636500e-03,
          -3.5937108184132510e-02, -1.8169099400685963e-03,
          2.3913890721324979e-02, 3.7907499428911771e-02,
          -5.8970364018593189e-03, 7.5511691314398693e-02,
          2.1791416337165984e-01, -2.5639008076636517e-03,
          2.5252977950490041e-01, 7.4619053469487689e-02,
          1.6641824061752247e-01, 1.3012731475023634e-01,
          -7.4244216406437790e-03, 2.5914568615904552e-02,
          -3.5076045548348943e-02, 1.6811780634222703e-01,
          -3.5937108184132510e-02, 7.4619053469487689e-02,
          3.0581366254036590e-01, 1.4923713486484275e-01,
          -6.9906621775733757e-02, 2.0297019399540834e-02,
          -3.3711745116415712e-02, -3.3656273119064210e-02,
          1.8484524965498322e-01, -1.8169099400685981e-03,
          1.6641824061752247e-01, 1.4923713486484275e-01,
          3.2280945664652927e-01, -5.8595792680678001e-02,
          3.7352982101019803e-02, -4.0346019739312594e-02,
          1.0937238033455095e-01, -4.9756075074515509e-02,
          2.3913890721324989e-02, 1.3012731475023634e-01,
          -6.9906621775733743e-02, -5.8595792680678001e-02,
          5.0871485801540173e-01, -7.8780261647048030e-02,
          1.2619285987233234e-01, -1.4890733728142565e-02,
          9.2088102928676571e-02, 3.7907499428911785e-02,
          -7.4244216406437790e-03, 2.0297019399540844e-02,
          3.7352982101019817e-02, -7.8780261647048017e-02,
          2.8581343474521892e-01, 5.2901909701063982e-02,
          6.1816646108852458e-02, 2.8524175697096376e-02,
          -5.8970364018593197e-03, 2.5914568615904552e-02,
          -3.3711745116415698e-02, -4.0346019739312594e-02,
          1.2619285987233234e-01, 5.2901909701063982e-02,
          3.4965721143680067e-01 ]
   - !!opencv-matrix
      rows: 9
      cols: 9
      dt: d
      data: [ 6.2493287946499103e-02, -2.4893371368340102e-03,
          -1.6758871580928016e-02, 3.1830524341378715e-03,
          3.8847134907172023e-03, 3.7991936109540323e-03,
          3.1839381988361449e-03, -1.3941858871098103e-03,
          1.5207198240435899e-04, -2.4893371368340115e-03,
          1.1043743917965834e-02, -2.6301594460283596e-04,
          4.9613689197305485e-03, 2.9293753625012817e-03,
          2.7000711154298914e-03, 2.2266444677862839e-03,
          8.1763131412437482e-04, -6.5863773163423193e-04,
          -1.6758871580928016e-02, -2.6301594460283591e-04,
          1.3869845421039986e-02, -4.9451397911282734e-03,
          -4.2059361578477240e-03, -3.6479392935187707e-03,
          -2.9671426709717971e-03, 1.2131738733355164e-03,
          5.1394821414588850e-05, 3.1830524341378706e-03,
          4.9613689197305485e-03, -4.9451397911282734e-03,
          4.1860242697556289e-02, 3.3379822790197558e-03,
          3.5621749297310309e-03, 7.2594567580874158e-03,
          -4.0702723634277321e-05, -2.8492510144881417e-03,
          3.8847134907172023e-03, 2.9293753625012804e-03,
          -4.2059361578477240e-03, 3.3379822790197558e-03,
          2.6986148064853988e-02, -2.2419576801027607e-03,
          1.7601197199363905e-03, -2.5540778448522126e-03,
          -5.6882891832538065e-04, 3.7991936109540319e-03,
          2.7000711154298918e-03, -3.6479392935187694e-03,
          3.5621749297310300e-03, -2.2419576801027607e-03,
          1.8360608218792540e-02, 1.9210048435300666e-03,
          -3.1068589855698028e-04, -6.8400606608600464e-04,
          3.1839381988361453e-03, 2.2266444677862839e-03,
          -2.9671426709717971e-03, 7.2594567580874158e-03,
          1.7601197199363905e-03, 1.9210048435300670e-03,
          8.9446843096952239e-03, 3.1142331497276420e-04,
          5.1970412820219664e-04, -1.3941858871098121e-03,
          8.1763131412437439e-04, 1.2131738733355167e-03,
          -4.0702723634277009e-05, -2.5540778448522104e-03,
          -3.1068589855698028e-04, 3.1142331497276430e-04,
          9.5335178992288300e-02, 1.5788704264945550e-03,
          1.5207198240435924e-04, -6.5863773163423183e-04,
          5.1394821414588918e-05, -2.8492510144881404e-03,
          -5.6882891832538043e-04, -6.8400606608600507e-04,
          5.1970412820219643e-04, 1.5788704264945556e-03,
          1.4486104485661592e-02 ]
   - !!opencv-matrix
      rows: 9
      cols: 9
      dt: d
      data: [ 3.9353443071410699e-01, 1.2479129583678117e-01,
          -9.6407270590667227e-02, 3.6147658189976666e-02,
          2.9216141494763392e-03, -2.3033258309051070e-03,
          4.5035879096788876e-02, 2.2983524015904682e-02,
          -2.7090247740849866e-03, 1.2479129583678115e-01,
          6.0105518235189259e-01, -2.6468941922171002e-02,
          1.5257206280841362e-01, 4.4737276540068281e-02,
          1.9574856679836616e-02, 3.2759026989200732e-02,
          -7.4741556085269273e-03, -7.6308788241522315e-03,
          -9.6407270590667227e-02, -2.6468941922171009e-02,
          2.6481846336760662e-01, -8.4110434448617013e-03,
          1.2110448666531781e-02, 2.3707257033740280e-02,
          3.8237606398216330e-03, 1.2416208519464493e-03,
          1.0057747666712323e-02, 3.6147658189976666e-02,
          1.5257206280841362e-01, -8.4110434448616996e-03,
          6.3736005185348665e-02, 1.4152584758794834e-02,
          7.8676463685998389e-03, 1.1363713403109923e-02,
          3.2338343676238858e-04, -3.2725381789540774e-03,
          2.9216141494763414e-03, 4.4737276540068281e-02,
          1.2110448666531782e-02, 1.4152584758794834e-02,
          4.3549982270682852e-02, 3.1156263161248544e-03,
          2.0547610981461007e-02, 2.6282903818273515e-04,
          2.6936869052762952e-03, -2.3033258309051070e-03,
          1.9574856679836609e-02, 2.3707257033740280e-02,
          7.8676463685998389e-03, 3.1156263161248557e-03,
          2.4061929901570307e-02, 5.3905631275597051e-03,
          1.4541232031850431e-03, 1.5642532252648175e-03,
          4.5035879096788869e-02, 3.2759026989200732e-02,
          3.8237606398216339e-03, 1.1363713403109925e-02,
          2.0547610981461011e-02, 5.3905631275597051e-03,
          7.9806480638752661e-02, 1.5923722483324756e-02,
          5.9124825238341568e-03, 2.2983524015904686e-02,
          -7.4741556085269291e-03, 1.2416208519464499e-03,
          3.2338343676238847e-04, 2.6282903818273531e-04,
          1.4541232031850422e-03, 1.5923722483324753e-02,
          4.6459018426068567e-02, 1.9788218919565225e-03,
          -2.7090247740849858e-03, -7.6308788241522315e-03,
          1.0057747666712323e-02, -3.2725381789540779e-03,
          2.6936869052762952e-03, 1.5642532252648175e-03,
          5.9124825238341568e-03, 1.9788218919565225e-03,
          3.4927874493319395e-03 ]
   - !!opencv-matrix
      rows: 9
      cols: 9
      dt: d
      data: [ 4.3788807818832687e-01, 3.7975456757236470e-01,
          -7.5828089375621591e-02, 1.0687052863557538e-01,
          1.2798139449058121e-01, 4.2871153423260595e-02,
          1.5421704850681500e-01, 1.1772274346643406e-02,
          1.6745078363895435e-02, 3.7975456757236470e-01,
          1.1803140925801323e+00, -1.2146286853935467e-01,
          3.2109384064524349e-01, 4.0896425267344222e-01,
          8.4189985860977770e-02, 4.2539771014135180e-01,
          4.9007299841447326e-02, 4.5667879977856943e-02,
          -7.5828089375621591e-02, -1.2146286853935469e-01,
          1.3028040780436317e-01, -5.4687905800094590e-02,
          -8.4469544646480016e-02, -2.9924500734051087e-02,
          -9.0846461527764544e-02, 8.1951103308082404e-03,
          -6.5147733586182529e-03, 1.0687052863557538e-01,
          3.2109384064524349e-01, -5.4687905800094590e-02,
          1.2239053615610158e-01, 1.4172616559984694e-01,
          3.1498196437707536e-02, 1.5130486417180858e-01,
          1.3843156651588768e-02, 1.1880706613338786e-02,
          1.2798139449058121e-01, 4.0896425267344227e-01,
          -8.4469544646480016e-02, 1.4172616559984691e-01,
          3.5155698659419921e-01, 4.4029692645695111e-02,
          2.6121539423668966e-01, 1.5539937588344042e-02,
          2.0611164945690916e-02, 4.2871153423260595e-02,
          8.4189985860977770e-02, -2.9924500734051094e-02,
          3.1498196437707536e-02, 4.4029692645695104e-02,
          3.8862642687971495e-02, 4.6001675478490843e-02,
          5.6577153261662787e-03, 5.2605900099707342e-03,
          1.5421704850681500e-01, 4.2539771014135169e-01,
          -9.0846461527764530e-02, 1.5130486417180858e-01,
          2.6121539423668966e-01, 4.6001675478490857e-02,
          3.2637581402038296e-01, 1.9715308998830672e-02,
          2.9130767081426791e-02, 1.1772274346643406e-02,
          4.9007299841447326e-02, 8.1951103308082387e-03,
          1.3843156651588770e-02, 1.5539937588344046e-02,
          5.6577153261662769e-03, 1.9715308998830672e-02,
          7.8979373537641201e-02, 3.6804147689520014e-03,
          1.6745078363895435e-02, 4.5667879977856929e-02,
          -6.5147733586182520e-03, 1.1880706613338786e-02,
          2.0611164945690916e-02, 5.2605900099707342e-03,
          2.9130767081426791e-02, 3.6804147689520014e-03,
          1.7515412915155553e-02 ]
intactC: !!opencv-matrix
   rows: 1
   cols: 5
   dt: d
   data: [ 1.9059967007276041e-01, 2.8976143263569794e-02,
       3.4139449951656126e-01, 5.9691562625843263e-02,
       5.9944215877105439e-02 ]
intactNumEvents: 187801.
intactMaxVals: !!opencv-matrix
   rows: 1
   cols: 9
   dt: d
   data: [ 4.5000000000000000e+00, 4.5000000000000000e+00,
       4.5000000000000000e+00, 4.5000000000000000e+00,
       4.5000000000000000e+00, 4.5000000000000000e+00,
       4.5000000000000000e+00, 4.5000000000000000e+00,
       4.5000000000000000e+00 ]
CD19Gmmnames:
   - "CD19.798.0"
   - "CD19.798.1"
CD19Labels:
   - FSC-A
   - SSC-A
   - SY41
   - CD19
   - CD10
   - CD20
   - CD45
   - CD34
   - CD38
CD19Mu: !!opencv-matrix
   rows: 2
   cols: 9
   dt: d
   data: [ 1.0388189211226930e+00, 5.2874906309837344e-01,
       2.7757069288195084e+00, 3.2205671249495333e+00,
       9.3851936403343983e-01, 2.7904447607615488e+00,
       3.2959687654307350e+00, 1.1527287411962996e+00,
       1.8964427652598965e+00, 6.9534735149225935e-01,
       2.9492620252431750e-01, 2.7648407239857256e+00,
       3.0899796173449041e+00, 8.5793641144932353e-01,
       2.6513155907870085e+00, 3.1807655621167554e+00,
       1.0720622911898057e+00, 1.7694297700521335e+00 ]
CD19Sigma:
   - !!opencv-matrix
      rows: 9
      cols: 9
      dt: d
      data: [ 3.8313742163250519e-01, 1.0105630406782355e-02,
          -4.3158515751790923e-02, 9.1020956625290257e-03,
          -1.9802894469148798e-03, 1.1849122294826032e-02,
          3.4852838981109233e-02, -3.3640635480939748e-03,
          2.1318409234712610e-02, 1.0105630406782353e-02,
          5.4420147756238026e-02, 2.7316048882431863e-02,
          1.3308176463556932e-02, 6.6804882958045597e-03,
          8.5204126336891860e-03, 1.6639571352151248e-02,
          2.1917219755996954e-03, 2.3609859531017321e-02,
          -4.3158515751790923e-02, 2.7316048882431863e-02,
          2.3541480039636625e-01, 6.6149450920951550e-03,
          -3.5304274469249677e-02, -1.5340189501153801e-02,
          2.5502320031582596e-02, 1.1361394990032836e-02,
          4.1941476512289973e-02, 9.1020956625290240e-03,
          1.3308176463556929e-02, 6.6149450920951567e-03,
          6.6520382129441891e-02, -2.9941060952451274e-04,
          5.4833755494316370e-02, 1.8399982363891690e-02,
          2.7732981842540408e-03, 2.2514885880403463e-03,
          -1.9802894469148793e-03, 6.6804882958045597e-03,
          -3.5304274469249691e-02, -2.9941060952451296e-04,
          1.3927753008012039e-01, 4.9619494097292516e-03,
          -2.6666854105924028e-03, -4.6204889091768066e-03,
          3.6451408116765648e-03, 1.1849122294826032e-02,
          8.5204126336891842e-03, -1.5340189501153801e-02,
          5.4833755494316370e-02, 4.9619494097292516e-03,
          1.1128658562957225e-01, 2.5780126118689121e-02,
          1.3736139274363574e-03, -1.4702423071368069e-02,
          3.4852838981109233e-02, 1.6639571352151248e-02,
          2.5502320031582596e-02, 1.8399982363891690e-02,
          -2.6666854105924028e-03, 2.5780126118689121e-02,
          5.3537602074288392e-02, -3.0208964254254517e-03,
          2.1330661382476534e-02, -3.3640635480939761e-03,
          2.1917219755996954e-03, 1.1361394990032836e-02,
          2.7732981842540417e-03, -4.6204889091768118e-03,
          1.3736139274363578e-03, -3.0208964254254517e-03,
          1.7963534145276697e-01, 8.2233151883248715e-03,
          2.1318409234712614e-02, 2.3609859531017321e-02,
          4.1941476512289973e-02, 2.2514885880403454e-03,
          3.6451408116765665e-03, -1.4702423071368069e-02,
          2.1330661382476534e-02, 8.2233151883248697e-03,
          1.1133235867968738e-01 ]
   - !!opencv-matrix
      rows: 9
      cols: 9
      dt: d
      data: [ 3.6468937243948479e-02, 1.7153392121278474e-03,
          -2.3026367240099904e-02, 1.0217772928956142e-03,
          3.3810434157463751e-03, 4.4976997545429756e-04,
          6.4798150850466059e-03, -1.5232979555034282e-03,
          4.3215472824861492e-04, 1.7153392121278476e-03,
          1.4488494515407468e-02, -1.2564325584215391e-02,
          5.0408762470632055e-03, 4.4937158939604678e-03,
          4.9909570287877394e-03, 4.3459895802880439e-03,
          3.8469332962419741e-05, 9.6350171379157377e-04,
          -2.3026367240099904e-02, -1.2564325584215391e-02,
          8.3261825578500204e-02, -1.4654011751448804e-02,
          -1.4028837671341823e-02, -1.6637111836820515e-02,
          -1.4999936549801841e-02, 2.9585464433644305e-03,
          -3.5211753548294866e-03, 1.0217772928956138e-03,
          5.0408762470632064e-03, -1.4654011751448811e-02,
          3.0798167770319906e-02, 2.2227256287243144e-03,
          1.1805783046116236e-02, 3.9174997431568204e-03,
          1.5642584644614918e-03, -1.7268767409591118e-03,
          3.3810434157463751e-03, 4.4937158939604678e-03,
          -1.4028837671341820e-02, 2.2227256287243144e-03,
          6.5851000011399943e-02, 1.7593125740171327e-03,
          2.8253267520097687e-03, -3.1630136870974589e-03,
          1.7212127718455998e-03, 4.4976997545429783e-04,
          4.9909570287877385e-03, -1.6637111836820515e-02,
          1.1805783046116236e-02, 1.7593125740171327e-03,
          3.0705970181008256e-02, 3.1854025981848423e-03,
          7.1851629683263420e-04, 2.6082340987451519e-03,
          6.4798150850466059e-03, 4.3459895802880448e-03,
          -1.4999936549801845e-02, 3.9174997431568196e-03,
          2.8253267520097695e-03, 3.1854025981848423e-03,
          1.3383244416557237e-02, -3.6598563824969267e-04,
          3.0841775494641730e-03, -1.5232979555034282e-03,
          3.8469332962419606e-05, 2.9585464433644314e-03,
          1.5642584644614923e-03, -3.1630136870974580e-03,
          7.1851629683263463e-04, -3.6598563824969250e-04,
          1.0261074705414147e-01, 1.5483608096103817e-03,
          4.3215472824861492e-04, 9.6350171379157377e-04,
          -3.5211753548294875e-03, -1.7268767409591122e-03,
          1.7212127718455998e-03, 2.6082340987451515e-03,
          3.0841775494641743e-03, 1.5483608096103828e-03,
          3.1740946083195130e-02 ]
CD19C: !!opencv-matrix
   rows: 1
   cols: 2
   dt: d
   data: [ 3.7273952254370489e-02, 2.8190613559336131e-01 ]
CD19NumEvents: 88072.
CD19MaxVals: !!opencv-matrix
   rows: 1
   cols: 9
   dt: d
   data: [ 4.5000000000000000e+00, 4.5000000000000000e+00,
       4.5000000000000000e+00, 4.5000000000000000e+00,
       4.5000000000000000e+00, 4.5000000000000000e+00,
       4.5000000000000000e+00, 4.5000000000000000e+00,
       4.5000000000000000e+00 ]
blastGmmnames:
   - "blast.798.0"
blastLabels:
   - FSC-A
   - SSC-A
   - SY41
   - CD19
   - CD10
   - CD20
   - CD45
   - CD34
   - CD38
blastMu: !!opencv-matrix
   rows: 1
   cols: 9
   dt: d
   data: [ 9.0014040470123291e-01, 5.5681557751308053e-01,
       2.7776851007493875e+00, 3.5613390389135327e+00,
       3.1682076211703025e+00, 1.4192001021514504e+00,
       2.6364924180305609e+00, 1.5090576263807587e+00,
       1.9018787084999731e+00 ]
blastSigma:
   - !!opencv-matrix
      rows: 9
      cols: 9
      dt: d
      data: [ 1.6855719359954552e-01, 1.7116456799242983e-02,
          -4.8087668944195590e-02, 1.7419808517625215e-02,
          2.8198861757265095e-04, -5.0337080107312103e-02,
          -2.7073953936477674e-02, 4.1117207780342432e-02,
          -2.0589354384510820e-02, 1.7116456799242983e-02,
          3.5598795074660433e-02, -8.4906702066583489e-03,
          2.4392371257389196e-02, -4.7094936292822361e-03,
          1.5342741596499367e-02, 3.1945852600133239e-02,
          -2.4451215263804416e-03, -3.5684263470597030e-04,
          -4.8087668944195590e-02, -8.4906702066583489e-03,
          9.4630426174077215e-02, -9.8069191007633498e-03,
          -2.6487752484871908e-03, -7.7785467442824219e-02,
          -9.0376442581591415e-02, 3.3431573820334919e-03,
          2.8614675797785944e-02, 1.7419808517625215e-02,
          2.4392371257389196e-02, -9.8069191007633498e-03,
          4.5717194782006983e-02, -6.1117007144184578e-03,
          -2.0735920182877701e-02, 2.9468634311242532e-02,
          1.5898373986253451e-02, -1.3265155771715370e-03,
          2.8198861757265095e-04, -4.7094936292822361e-03,
          -2.6487752484871908e-03, -6.1117007144184578e-03,
          5.8742257396087259e-02, -1.7464729324026158e-02,
          -1.1119199864018674e-02, 3.6228307797322758e-02,
          8.9629858713115057e-04, -5.0337080107312103e-02,
          1.5342741596499367e-02, -7.7785467442824219e-02,
          -2.0735920182877701e-02, -1.7464729324026158e-02,
          4.3748737412118599e-01, 3.2236251264372595e-01,
          -1.7371464910959925e-01, -3.2973197834250803e-02,
          -2.7073953936477674e-02, 3.1945852600133239e-02,
          -9.0376442581591415e-02, 2.9468634311242532e-02,
          -1.1119199864018674e-02, 3.2236251264372595e-01,
          5.4211876958839844e-01, -8.0446912373432267e-02,
          1.4671575243144578e-02, 4.1117207780342432e-02,
          -2.4451215263804416e-03, 3.3431573820334919e-03,
          1.5898373986253451e-02, 3.6228307797322758e-02,
          -1.7371464910959925e-01, -8.0446912373432267e-02,
          2.9839427760282572e-01, 7.6911443684686545e-03,
          -2.0589354384510820e-02, -3.5684263470597030e-04,
          2.8614675797785944e-02, -1.3265155771715370e-03,
          8.9629858713115057e-04, -3.2973197834250803e-02,
          1.4671575243144578e-02, 7.6911443684686545e-03,
          1.3516116685964230e-01 ]
blastC: !!opencv-matrix
   rows: 1
   cols: 1
   dt: d
   data: [ 2.1382079642810823e-04 ]
blastNumEvents: 59.
blastMaxVals: !!opencv-matrix
   rows: 1
   cols: 9
   dt: d
   data: [ 4.5000000000000000e+00, 4.5000000000000000e+00,
       4.5000000000000000e+00, 4.5000000000000000e+00,
       4.5000000000000000e+00, 4.5000000000000000e+00,
       4.5000000000000000e+00, 4.5000000000000000e+00,
       4.5000000000000000e+00 ]
