%YAML:1.0
---
groups:
   - intact
   - CD19
   - blast
intactGmmnames:
   - "intact.803.0"
   - "intact.803.1"
   - "intact.803.2"
   - "intact.803.3"
   - "intact.803.4"
intactLabels:
   - FSC-A
   - SSC-A
   - SY41
   - CD19
   - CD10
   - CD20
   - CD45
   - CD34
   - CD38
intactMu: !!opencv-matrix
   rows: 5
   cols: 9
   dt: d
   data: [ 1.1811146409680731e+00, 3.1963770562423555e-01,
       3.3535131076973759e+00, 1.4152287000148436e+00,
       1.0685887695705210e+00, 8.2543608402538526e-01,
       3.1588121574700914e+00, 1.1608934596099929e+00,
       1.9699332958088664e+00, 6.6835688611141320e-01,
       3.6335254381513510e-01, 3.3492692480905242e+00,
       1.1003171156704301e+00, 1.0507436268044859e+00,
       7.7645251290320094e-01, 1.5568935158170174e+00,
       1.1814542791596692e+00, 1.8527197350738156e+00,
       1.9951506688900813e+00, 1.5153326326149481e+00,
       2.8904238833714713e+00, 1.3780871237657417e+00,
       1.1527160819974893e+00, 9.9075061681921239e-01,
       1.8072373843042751e+00, 1.5120666043011100e+00,
       1.8888298985571610e+00, 1.4430695302952512e+00,
       5.5797459302020558e-01, 3.2050795894220898e+00,
       1.5345468111933602e+00, 1.0831488182971640e+00,
       8.6396465559123214e-01, 3.2788116493572295e+00,
       1.1794754579382600e+00, 2.0637623421219882e+00,
       1.5273194671551964e+00, 1.7070678602277405e+00,
       3.3441907217563127e+00, 1.5417167530705220e+00,
       1.1484777627626837e+00, 9.7267111050618071e-01,
       2.6762405697965521e+00, 1.6055130989033599e+00,
       2.3056330305142305e+00 ]
intactSigma:
   - !!opencv-matrix
      rows: 9
      cols: 9
      dt: d
      data: [ 1.6213237551378845e-01, 2.3792452022933842e-03,
          -1.6367070699688305e-02, 9.1673536691477472e-03,
          4.3725455324502751e-03, 8.7524678123825188e-03,
          1.1330245693366063e-02, -2.2651801190752109e-03,
          -5.4630441497936799e-04, 2.3792452022933851e-03,
          1.1254977655536177e-02, -1.9504651486945863e-03,
          4.9551614820674177e-03, 1.1989261629341387e-03,
          3.1315596811956506e-03, 5.1067013019985884e-03,
          8.3466059019204715e-05, -6.0568868324219194e-04,
          -1.6367070699688305e-02, -1.9504651486945863e-03,
          1.5244136164025502e-02, -6.1918917285627957e-03,
          -3.8691520687769991e-03, -6.8109761809964460e-03,
          -4.3339145112123870e-03, 1.6836761278574367e-03,
          4.6154981194738976e-04, 9.1673536691477490e-03,
          4.9551614820674186e-03, -6.1918917285627949e-03,
          1.9905220788092412e-02, 1.7895999512549340e-03,
          4.1675089350625633e-03, 8.1997690001463300e-03,
          -6.8297233589691825e-04, -9.1383441205305724e-04,
          4.3725455324502751e-03, 1.1989261629341383e-03,
          -3.8691520687770004e-03, 1.7895999512549336e-03,
          3.9751956960594219e-03, 1.1765714568632512e-03,
          1.4187547521719245e-03, -1.2863210131807453e-03,
          -1.7672393541142079e-04, 8.7524678123825188e-03,
          3.1315596811956506e-03, -6.8109761809964434e-03,
          4.1675089350625633e-03, 1.1765714568632510e-03,
          9.3765847116717184e-03, 3.6663930655852434e-03,
          -9.5612379364208632e-04, -6.4107778339751113e-04,
          1.1330245693366063e-02, 5.1067013019985884e-03,
          -4.3339145112123870e-03, 8.1997690001463300e-03,
          1.4187547521719245e-03, 3.6663930655852434e-03,
          1.4391166367599285e-02, -1.5582416702049400e-04,
          1.5515863565175771e-04, -2.2651801190752114e-03,
          8.3466059019204756e-05, 1.6836761278574374e-03,
          -6.8297233589691814e-04, -1.2863210131807453e-03,
          -9.5612379364208664e-04, -1.5582416702049400e-04,
          6.1530356730941350e-02, 5.9773821898630045e-04,
          -5.4630441497936809e-04, -6.0568868324219194e-04,
          4.6154981194738959e-04, -9.1383441205305724e-04,
          -1.7672393541142068e-04, -6.4107778339751135e-04,
          1.5515863565175765e-04, 5.9773821898630045e-04,
          3.3257046773992717e-03 ]
   - !!opencv-matrix
      rows: 9
      cols: 9
      dt: d
      data: [ 7.2942114026107771e-02, 1.0106092726625186e-02,
          -3.3804716771735993e-02, 8.9647452009659432e-03,
          7.0802811605007090e-03, 1.3377119781019993e-02,
          1.5645554509432081e-03, -2.7260780933363016e-03,
          -3.3214168814135796e-04, 1.0106092726625186e-02,
          2.0916524924974669e-02, 9.5106405268613799e-03,
          -3.9339405261086524e-04, -1.7707235687049784e-03,
          -2.1496601079818906e-03, 1.5290367062115813e-03,
          2.3998313863209143e-03, 1.0815519074517919e-03,
          -3.3804716771735993e-02, 9.5106405268613799e-03,
          1.1674938888838586e-01, -3.0066467317354788e-02,
          -2.6686057568222264e-02, -4.5524656389195381e-02,
          -1.3609345279286390e-03, 1.2660302367191536e-02,
          3.3012745819407546e-03, 8.9647452009659467e-03,
          -3.9339405261086508e-04, -3.0066467317354791e-02,
          1.4694981793477222e-02, 8.7492958574934172e-03,
          1.4612926952805942e-02, 8.9623277121885750e-04,
          -3.7866004706932875e-03, -1.1332692522885704e-03,
          7.0802811605007081e-03, -1.7707235687049784e-03,
          -2.6686057568222264e-02, 8.7492958574934190e-03,
          1.0683647109023432e-02, 1.2128151873043400e-02,
          7.3766618207181476e-04, -3.5650845775956259e-03,
          -8.3165272731949489e-04, 1.3377119781019992e-02,
          -2.1496601079818915e-03, -4.5524656389195388e-02,
          1.4612926952805940e-02, 1.2128151873043400e-02,
          2.6561958767737207e-02, 1.0794899642251430e-03,
          -5.8375982243365323e-03, -1.3763299191382145e-03,
          1.5645554509432081e-03, 1.5290367062115813e-03,
          -1.3609345279286394e-03, 8.9623277121885761e-04,
          7.3766618207181498e-04, 1.0794899642251430e-03,
          3.0590334846968413e-03, 2.6901762561989533e-04,
          2.4420760073446958e-04, -2.7260780933363012e-03,
          2.3998313863209152e-03, 1.2660302367191536e-02,
          -3.7866004706932875e-03, -3.5650845775956255e-03,
          -5.8375982243365323e-03, 2.6901762561989538e-04,
          1.2093828533628004e-02, 5.6638217075166491e-04,
          -3.3214168814135818e-04, 1.0815519074517919e-03,
          3.3012745819407546e-03, -1.1332692522885704e-03,
          -8.3165272731949489e-04, -1.3763299191382145e-03,
          2.4420760073446958e-04, 5.6638217075166502e-04,
          4.4245683823945791e-04 ]
   - !!opencv-matrix
      rows: 9
      cols: 9
      dt: d
      data: [ 1.1481609382612354e+00, 4.4485931422644753e-01,
          -2.3466866689567417e-01, 1.1705126498403647e-01,
          5.1038424280609861e-02, 1.0605162206564908e-01,
          1.2676479296065898e-01, 1.6540505796075905e-01,
          9.6810066653834816e-03, 4.4485931422644748e-01,
          6.1824901350628303e-01, -1.2921337396661317e-01,
          1.3324714552038619e-01, 4.1560344117837086e-02,
          9.3552160108785185e-02, 1.3082091323654860e-01,
          1.7015325264189479e-01, 1.3646881343133299e-02,
          -2.3466866689567423e-01, -1.2921337396661317e-01,
          2.3985725084035722e-01, -6.9964689025565852e-02,
          -4.3962339543877724e-02, -7.6843728453052249e-02,
          -4.7232936967990677e-02, -6.0533421456403287e-02,
          2.2292516854734742e-03, 1.1705126498403647e-01,
          1.3324714552038619e-01, -6.9964689025565852e-02,
          5.0163850664402154e-02, 1.7813791886617109e-02,
          3.5141847052234471e-02, 3.1975881487788731e-02,
          4.0809250443097328e-02, 1.1861814155879869e-03,
          5.1038424280609861e-02, 4.1560344117837086e-02,
          -4.3962339543877731e-02, 1.7813791886617105e-02,
          1.4177300178205971e-02, 1.8076273655806420e-02,
          1.2368736003563328e-02, 1.4024178075562856e-02,
          8.2295210632135171e-05, 1.0605162206564908e-01,
          9.3552160108785185e-02, -7.6843728453052249e-02,
          3.5141847052234471e-02, 1.8076273655806420e-02,
          4.4073214704790926e-02, 2.5845500121575944e-02,
          3.1681110838100629e-02, 9.5403632428215604e-04,
          1.2676479296065898e-01, 1.3082091323654860e-01,
          -4.7232936967990698e-02, 3.1975881487788731e-02,
          1.2368736003563328e-02, 2.5845500121575951e-02,
          4.4428440599266837e-02, 4.7392279661187121e-02,
          4.3502789428709219e-03, 1.6540505796075905e-01,
          1.7015325264189476e-01, -6.0533421456403287e-02,
          4.0809250443097328e-02, 1.4024178075562856e-02,
          3.1681110838100629e-02, 4.7392279661187121e-02,
          9.6667077242094099e-02, 4.9648723789065090e-03,
          9.6810066653834851e-03, 1.3646881343133299e-02,
          2.2292516854734738e-03, 1.1861814155879867e-03,
          8.2295210632135144e-05, 9.5403632428215615e-04,
          4.3502789428709219e-03, 4.9648723789065090e-03,
          1.7608578300893315e-03 ]
   - !!opencv-matrix
      rows: 9
      cols: 9
      dt: d
      data: [ 2.8770721017019363e-01, -6.8056376340364117e-03,
          -1.6947045305428354e-02, -5.5870057370506244e-03,
          2.3399902289839075e-03, 5.0658054865803086e-03,
          -6.5115977212465538e-03, -3.4672471670246403e-03,
          -6.6432750408075072e-03, -6.8056376340364100e-03,
          5.3273373675208402e-02, -5.0239879157909714e-03,
          1.1947741746347072e-02, 3.2304358562909468e-03,
          7.0933027308641566e-03, 2.7991391931918501e-03,
          6.2336998372515690e-03, 1.9796008046188101e-03,
          -1.6947045305428357e-02, -5.0239879157909723e-03,
          1.0224751503557113e-01, -2.9327836658425172e-02,
          -2.0816324113263833e-02, -3.5914487743869378e-02,
          -1.1983773237196719e-02, 6.9970065368522311e-03,
          1.1551305584117664e-03, -5.5870057370506262e-03,
          1.1947741746347072e-02, -2.9327836658425172e-02,
          3.6434020110050473e-02, 7.1704552599318877e-03,
          1.3131436828419185e-02, 1.9496272506534799e-02,
          -6.1096411223321423e-04, 3.5990169956203854e-04,
          2.3399902289839079e-03, 3.2304358562909468e-03,
          -2.0816324113263833e-02, 7.1704552599318877e-03,
          8.1669180062541816e-03, 7.9203014752128632e-03,
          2.1300131109529765e-03, -2.5765144259069952e-03,
          4.9617607182026672e-04, 5.0658054865803078e-03,
          7.0933027308641566e-03, -3.5914487743869378e-02,
          1.3131436828419187e-02, 7.9203014752128632e-03,
          2.1103767319776982e-02, 4.8070554796008479e-03,
          -2.4431884422928497e-03, 4.1648243274911223e-04,
          -6.5115977212465538e-03, 2.7991391931918488e-03,
          -1.1983773237196719e-02, 1.9496272506534799e-02,
          2.1300131109529765e-03, 4.8070554796008488e-03,
          2.9402487844106713e-02, -8.3280589727254667e-04,
          9.3760646649144411e-04, -3.4672471670246421e-03,
          6.2336998372515698e-03, 6.9970065368522285e-03,
          -6.1096411223321445e-04, -2.5765144259069957e-03,
          -2.4431884422928497e-03, -8.3280589727254646e-04,
          8.4194292378165503e-02, 1.6051193980030577e-03,
          -6.6432750408075064e-03, 1.9796008046188106e-03,
          1.1551305584117664e-03, 3.5990169956203876e-04,
          4.9617607182026672e-04, 4.1648243274911213e-04,
          9.3760646649144422e-04, 1.6051193980030577e-03,
          2.3959749423661063e-02 ]
   - !!opencv-matrix
      rows: 9
      cols: 9
      dt: d
      data: [ 5.8620328083384365e-01, 1.9861600564556678e-01,
          -2.3215888159493058e-02, 6.6501180966939702e-02,
          8.7104418079326038e-03, 1.8086178835652302e-02,
          7.0482328942556557e-02, 1.6818215117146925e-02,
          -2.1969550181802463e-02, 1.9861600564556678e-01,
          9.1679239010437441e-01, -4.0000821076428210e-02,
          1.7628625364150852e-01, 7.0235381734268146e-02,
          5.9349323563231020e-02, -2.6054346207701713e-02,
          -2.5846344347280975e-02, -1.1713940322471018e-01,
          -2.3215888159493058e-02, -4.0000821076428210e-02,
          1.6275881417721580e-01, -8.1651249755820526e-02,
          -5.2730003319060685e-02, -7.8958243492176075e-02,
          -7.3634304004347784e-02, 1.0034682271246827e-02,
          1.1226920035414341e-02, 6.6501180966939688e-02,
          1.7628625364150852e-01, -8.1651249755820526e-02,
          1.7535898091667557e-01, 4.7237363792840235e-02,
          1.0115999234653367e-01, 7.8036868079903010e-02,
          -2.2208530802345680e-02, -3.8208102534345617e-02,
          8.7104418079326021e-03, 7.0235381734268146e-02,
          -5.2730003319060678e-02, 4.7237363792840235e-02,
          9.9076572440220709e-02, 8.0431406571946196e-02,
          2.2865912068803810e-03, -6.3200773883834264e-03,
          -2.1778439488238380e-02, 1.8086178835652295e-02,
          5.9349323563231034e-02, -7.8958243492176075e-02,
          1.0115999234653367e-01, 8.0431406571946196e-02,
          1.8486307689454323e-01, 5.7266892946375219e-03,
          -1.2975652248238498e-02, -2.8062317449807084e-02,
          7.0482328942556544e-02, -2.6054346207701699e-02,
          -7.3634304004347784e-02, 7.8036868079903024e-02,
          2.2865912068803802e-03, 5.7266892946375193e-03,
          3.8281853708263192e-01, 1.5374190307932153e-02,
          5.7244771122936314e-02, 1.6818215117146922e-02,
          -2.5846344347280985e-02, 1.0034682271246827e-02,
          -2.2208530802345680e-02, -6.3200773883834273e-03,
          -1.2975652248238498e-02, 1.5374190307932158e-02,
          2.2254209533378438e-01, 4.1971892659601537e-02,
          -2.1969550181802470e-02, -1.1713940322471018e-01,
          1.1226920035414338e-02, -3.8208102534345610e-02,
          -2.1778439488238377e-02, -2.8062317449807084e-02,
          5.7244771122936314e-02, 4.1971892659601537e-02,
          1.7845236866759967e-01 ]
intactC: !!opencv-matrix
   rows: 1
   cols: 5
   dt: d
   data: [ 3.7745436779899716e-01, 2.2484130977370403e-01,
       8.2131250035939712e-02, 1.4803097595374681e-01,
       6.0282378781453143e-02 ]
intactNumEvents: 230818.
intactMaxVals: !!opencv-matrix
   rows: 1
   cols: 9
   dt: d
   data: [ 4.5000000000000000e+00, 4.5000000000000000e+00,
       4.5000000000000000e+00, 4.5000000000000000e+00,
       4.5000000000000000e+00, 4.5000000000000000e+00,
       4.5000000000000000e+00, 4.5000000000000000e+00,
       4.5000000000000000e+00 ]
CD19Gmmnames:
   - "CD19.803.0"
   - "CD19.803.1"
CD19Labels:
   - FSC-A
   - SSC-A
   - SY41
   - CD19
   - CD10
   - CD20
   - CD45
   - CD34
   - CD38
CD19Mu: !!opencv-matrix
   rows: 2
   cols: 9
   dt: d
   data: [ 1.0954922829672089e+00, 3.3875219765366044e-01,
       3.1798389306927493e+00, 3.0538990395865402e+00,
       1.0746930954911820e+00, 2.7499341647151017e+00,
       3.1220816330114438e+00, 1.1992913413110391e+00,
       1.9485157779466060e+00, 1.4879090634696803e+00,
       7.2971384209796242e-01, 3.2548956706575289e+00,
       3.1347080271368566e+00, 1.0926225522930644e+00,
       2.6573460082224742e+00, 3.1812250574817975e+00,
       1.2932509959195131e+00, 2.0822085927790961e+00 ]
CD19Sigma:
   - !!opencv-matrix
      rows: 9
      cols: 9
      dt: d
      data: [ 9.9137439779888842e-02, 2.9130770561968979e-03,
          -2.2672420111038035e-02, 2.7165911150201028e-03,
          3.6611949060682586e-03, 3.3254827863098044e-03,
          1.0657986193886432e-02, -5.6800208623573607e-04,
          7.1487873475168393e-04, 2.9130770561968979e-03,
          1.3586380115219652e-02, -5.4687320559883307e-03,
          6.2264974572390532e-03, 9.7162223887249991e-04,
          7.0867527215171290e-03, 5.2587136723955359e-03,
          6.2183920883476145e-04, 7.1537117914650678e-04,
          -2.2672420111038035e-02, -5.4687320559883307e-03,
          7.4028101427460163e-02, -1.0322605955825827e-02,
          -1.2414398151504365e-02, -1.1707639984046114e-02,
          -1.2339216230125604e-02, 3.5968623954746757e-03,
          -9.7672270923849450e-04, 2.7165911150201028e-03,
          6.2264974572390532e-03, -1.0322605955825827e-02,
          3.4262377768143684e-02, 1.2366004618027347e-03,
          1.3559088387964860e-02, 7.5026342489972770e-03,
          1.4751883179487846e-03, -4.9129231775020886e-06,
          3.6611949060682586e-03, 9.7162223887250023e-04,
          -1.2414398151504360e-02, 1.2366004618027345e-03,
          1.3784004042199361e-02, -6.0796756702832507e-04,
          1.8190208199292848e-03, -1.7103208366922361e-03,
          1.8035905026996939e-04, 3.3254827863098057e-03,
          7.0867527215171290e-03, -1.1707639984046114e-02,
          1.3559088387964860e-02, -6.0796756702832528e-04,
          3.3135160508283690e-02, 6.7921092938673117e-03,
          1.1504526712440037e-03, 1.4940937226875523e-03,
          1.0657986193886431e-02, 5.2587136723955359e-03,
          -1.2339216230125604e-02, 7.5026342489972779e-03,
          1.8190208199292839e-03, 6.7921092938673117e-03,
          1.9616900455108142e-02, 2.6657571595964434e-04,
          2.7250952513351218e-03, -5.6800208623573780e-04,
          6.2183920883476145e-04, 3.5968623954746749e-03,
          1.4751883179487855e-03, -1.7103208366922361e-03,
          1.1504526712440043e-03, 2.6657571595964380e-04,
          6.2950527163024184e-02, 7.8726914180524143e-04,
          7.1487873475168371e-04, 7.1537117914650668e-04,
          -9.7672270923849429e-04, -4.9129231775019895e-06,
          1.8035905026996926e-04, 1.4940937226875532e-03,
          2.7250952513351218e-03, 7.8726914180524176e-04,
          5.6338868933298964e-03 ]
   - !!opencv-matrix
      rows: 9
      cols: 9
      dt: d
      data: [ 5.8695198670170246e-01, -2.3077748183623916e-03,
          -9.8457700643142954e-03, 1.3169827447565140e-03,
          -7.4978696106633123e-04, -1.5017846644405485e-02,
          -2.0076628790825137e-02, -4.3477331258045008e-03,
          -4.8606986122706322e-02, -2.3077748183623894e-03,
          7.1474041612687639e-02, 8.9703147667758408e-03,
          1.9580089499008177e-02, -9.2278835224973328e-03,
          6.4053573499116261e-03, 9.0105478269421092e-03,
          -1.0227741557234653e-03, 1.4361341889530845e-02,
          -9.8457700643142954e-03, 8.9703147667758408e-03,
          1.2836818797765856e-01, -2.7266515039186624e-02,
          -2.8210630495425406e-02, -5.3796586885063793e-02,
          3.6329776377609256e-03, 8.0762474273941027e-03,
          3.0134247748381141e-02, 1.3169827447565129e-03,
          1.9580089499008184e-02, -2.7266515039186624e-02,
          1.0084253804953010e-01, -3.0709401100637744e-03,
          9.5696026587272304e-02, 1.4216562688426766e-02,
          6.1905339152905099e-03, -2.0877635266418292e-02,
          -7.4978696106633058e-04, -9.2278835224973328e-03,
          -2.8210630495425406e-02, -3.0709401100637757e-03,
          6.8060972939016001e-02, 2.1161784549472381e-03,
          -1.3796714874207479e-03, 1.1449168003395307e-03,
          -9.9251770809307685e-04, -1.5017846644405485e-02,
          6.4053573499116261e-03, -5.3796586885063793e-02,
          9.5696026587272304e-02, 2.1161784549472377e-03,
          4.5136306847510704e-01, 9.6154544861649982e-02,
          8.6284494828259076e-03, -1.2375509287595506e-01,
          -2.0076628790825137e-02, 9.0105478269421110e-03,
          3.6329776377609260e-03, 1.4216562688426766e-02,
          -1.3796714874207490e-03, 9.6154544861649982e-02,
          1.3125536062366494e-01, -1.0531991701665333e-03,
          3.3852442943844527e-02, -4.3477331258044991e-03,
          -1.0227741557234658e-03, 8.0762474273941027e-03,
          6.1905339152905099e-03, 1.1449168003395294e-03,
          8.6284494828259110e-03, -1.0531991701665333e-03,
          1.4265310274088874e-01, 2.4875215192590198e-03,
          -4.8606986122706322e-02, 1.4361341889530845e-02,
          3.0134247748381141e-02, -2.0877635266418292e-02,
          -9.9251770809307793e-04, -1.2375509287595506e-01,
          3.3852442943844527e-02, 2.4875215192590198e-03,
          1.6735731160235559e-01 ]
CD19C: !!opencv-matrix
   rows: 1
   cols: 2
   dt: d
   data: [ 1.0080201181355300e-01, 6.1637588304226899e-03 ]
CD19NumEvents: 27656.
CD19MaxVals: !!opencv-matrix
   rows: 1
   cols: 9
   dt: d
   data: [ 4.5000000000000000e+00, 4.5000000000000000e+00,
       4.5000000000000000e+00, 4.5000000000000000e+00,
       4.5000000000000000e+00, 4.5000000000000000e+00,
       4.5000000000000000e+00, 4.5000000000000000e+00,
       4.5000000000000000e+00 ]
blastGmmnames:
   - "blast.803.0"
blastLabels:
   - FSC-A
   - SSC-A
   - SY41
   - CD19
   - CD10
   - CD20
   - CD45
   - CD34
   - CD38
blastMu: !!opencv-matrix
   rows: 1
   cols: 9
   dt: d
   data: [ 1.4798061424180080e+00, 5.3559438394088488e-01,
       3.1819647393728556e+00, 3.4144333789223116e+00,
       2.6967858013353849e+00, 1.5879316878946204e+00,
       2.8686483094566744e+00, 1.2625714258143776e+00,
       2.0813718830284320e+00 ]
blastSigma:
   - !!opencv-matrix
      rows: 9
      cols: 9
      dt: d
      data: [ 3.2950512189223863e-01, 7.0950625262667403e-03,
          2.1252316556256874e-02, 1.3159666788433646e-03,
          2.8476417602279570e-02, 2.2913133062321522e-02,
          -1.2384030999824037e-02, -7.2705354748179756e-03,
          2.3674963752988866e-02, 7.0950625262667403e-03,
          2.7564440020756250e-02, 2.9127458332637878e-03,
          1.7740214082052314e-02, 1.6281188023155317e-03,
          1.0048099951653231e-02, 1.8901910172844053e-02,
          6.5691362035823200e-03, 6.1419894445718807e-03,
          2.1252316556256874e-02, 2.9127458332637878e-03,
          8.4638682862220593e-02, -2.0516140429916091e-02,
          -6.0110279709731339e-03, -1.5612639812455718e-03,
          -1.3847076037655222e-03, 3.5985637782015301e-03,
          1.6441213225426078e-03, 1.3159666788433646e-03,
          1.7740214082052314e-02, -2.0516140429916091e-02,
          5.9554515543766659e-02, 1.5102582696287373e-02,
          1.6124149737876878e-02, 2.8111900594297690e-02,
          2.0606700267353367e-03, 7.4758563402869405e-03,
          2.8476417602279570e-02, 1.6281188023155317e-03,
          -6.0110279709731339e-03, 1.5102582696287373e-02,
          6.3045278813145450e-02, 2.3008314229690428e-02,
          -5.9504683252043780e-04, 8.2289783136635861e-03,
          1.5252444757905862e-02, 2.2913133062321522e-02,
          1.0048099951653231e-02, -1.5612639812455718e-03,
          1.6124149737876878e-02, 2.3008314229690428e-02,
          1.4131110209665923e-01, -6.2254825896294825e-03,
          -5.3955549629958691e-03, 3.0182427574981380e-02,
          -1.2384030999824037e-02, 1.8901910172844053e-02,
          -1.3847076037655222e-03, 2.8111900594297690e-02,
          -5.9504683252043780e-04, -6.2254825896294825e-03,
          6.8820410050165051e-02, 8.3695347482946186e-03,
          1.2328514498486421e-03, -7.2705354748179756e-03,
          6.5691362035823200e-03, 3.5985637782015301e-03,
          2.0606700267353367e-03, 8.2289783136635861e-03,
          -5.3955549629958691e-03, 8.3695347482946186e-03,
          4.8580918173285137e-02, 1.1577276313385159e-02,
          2.3674963752988866e-02, 6.1419894445718807e-03,
          1.6441213225426078e-03, 7.4758563402869405e-03,
          1.5252444757905862e-02, 3.0182427574981380e-02,
          1.2328514498486421e-03, 1.1577276313385159e-02,
          3.9878713578435275e-02 ]
blastC: !!opencv-matrix
   rows: 1
   cols: 1
   dt: d
   data: [ 2.9394701218333173e-04 ]
blastNumEvents: 76.
blastMaxVals: !!opencv-matrix
   rows: 1
   cols: 9
   dt: d
   data: [ 4.5000000000000000e+00, 4.5000000000000000e+00,
       4.5000000000000000e+00, 4.5000000000000000e+00,
       4.5000000000000000e+00, 4.5000000000000000e+00,
       4.5000000000000000e+00, 4.5000000000000000e+00,
       4.5000000000000000e+00 ]
