%YAML:1.0
---
groups:
   - intact
   - CD19
   - blast
intactGmmnames:
   - "intact.803.0"
   - "intact.803.1"
   - "intact.803.2"
   - "intact.803.3"
   - "intact.803.4"
intactLabels:
   - FSC-A
   - SSC-A
   - SY41
   - CD19
   - CD10
   - CD20
   - CD45
   - CD34
   - CD38
intactMu: !!opencv-matrix
   rows: 5
   cols: 9
   dt: d
   data: [ 1.1811146409680731e+00, 3.1963770562423555e-01,
       3.3535131076973759e+00, 1.4152287000148436e+00,
       1.0685887695705210e+00, 8.2543608402538526e-01,
       3.1588121574700914e+00, 1.1608934596099929e+00,
       1.9699332958088664e+00, 6.6835688611141320e-01,
       3.6335254381513510e-01, 3.3492692480905242e+00,
       1.1003171156704301e+00, 1.0507436268044859e+00,
       7.7645251290320094e-01, 1.5568935158170174e+00,
       1.1814542791596692e+00, 1.8527197350738156e+00,
       1.9951506688900813e+00, 1.5153326326149481e+00,
       2.8904238833714713e+00, 1.3780871237657417e+00,
       1.1527160819974893e+00, 9.9075061681921239e-01,
       1.8072373843042751e+00, 1.5120666043011100e+00,
       1.8888298985571610e+00, 1.4430695302952512e+00,
       5.5797459302020558e-01, 3.2050795894220898e+00,
       1.5345468111933602e+00, 1.0831488182971640e+00,
       8.6396465559123214e-01, 3.2788116493572295e+00,
       1.1794754579382600e+00, 2.0637623421219882e+00,
       1.5273194671551964e+00, 1.7070678602277405e+00,
       3.3441907217563127e+00, 1.5417167530705220e+00,
       1.1484777627626837e+00, 9.7267111050618071e-01,
       2.6762405697965521e+00, 1.6055130989033599e+00,
       2.3056330305142305e+00 ]
intactSigma:
   - !!opencv-matrix
      rows: 9
      cols: 9
      dt: d
      data: [ 1.6213237551378845e-01, 2.3792452022933842e-03,
          -1.6367070699688305e-02, 9.1673536691477472e-03,
          4.3725455324502751e-03, 8.7524678123825188e-03,
          1.1330245693366063e-02, -2.2651801190752109e-03,
          -5.4630441497936799e-04, 2.3792452022933851e-03,
          1.1254977655536177e-02, -1.9504651486945863e-03,
          4.9551614820674177e-03, 1.1989261629341387e-03,
          3.1315596811956506e-03, 5.1067013019985884e-03,
          8.3466059019204715e-05, -6.0568868324219194e-04,
          -1.6367070699688305e-02, -1.9504651486945863e-03,
          1.5244136164025502e-02, -6.1918917285627957e-03,
          -3.8691520687769991e-03, -6.8109761809964460e-03,
          -4.3339145112123870e-03, 1.6836761278574367e-03,
          4.6154981194738976e-04, 9.1673536691477490e-03,
          4.9551614820674186e-03, -6.1918917285627949e-03,
          1.9905220788092412e-02, 1.7895999512549340e-03,
          4.1675089350625633e-03, 8.1997690001463300e-03,
          -6.8297233589691825e-04, -9.1383441205305724e-04,
          4.3725455324502751e-03, 1.1989261629341383e-03,
          -3.8691520687770004e-03, 1.7895999512549336e-03,
          3.9751956960594219e-03, 1.1765714568632512e-03,
          1.4187547521719245e-03, -1.2863210131807453e-03,
          -1.7672393541142079e-04, 8.7524678123825188e-03,
          3.1315596811956506e-03, -6.8109761809964434e-03,
          4.1675089350625633e-03, 1.1765714568632510e-03,
          9.3765847116717184e-03, 3.6663930655852434e-03,
          -9.5612379364208632e-04, -6.4107778339751113e-04,
          1.1330245693366063e-02, 5.1067013019985884e-03,
          -4.3339145112123870e-03, 8.1997690001463300e-03,
          1.4187547521719245e-03, 3.6663930655852434e-03,
          1.4391166367599285e-02, -1.5582416702049400e-04,
          1.5515863565175771e-04, -2.2651801190752114e-03,
          8.3466059019204756e-05, 1.6836761278574374e-03,
          -6.8297233589691814e-04, -1.2863210131807453e-03,
          -9.5612379364208664e-04, -1.5582416702049400e-04,
          6.1530356730941350e-02, 5.9773821898630045e-04,
          -5.4630441497936809e-04, -6.0568868324219194e-04,
          4.6154981194738959e-04, -9.1383441205305724e-04,
          -1.7672393541142068e-04, -6.4107778339751135e-04,
          1.5515863565175765e-04, 5.9773821898630045e-04,
          3.3257046773992717e-03 ]
   - !!opencv-matrix
      rows: 9
      cols: 9
      dt: d
      data: [ 7.2942114026107771e-02, 1.0106092726625186e-02,
          -3.3804716771735993e-02, 8.9647452009659432e-03,
          7.0802811605007090e-03, 1.3377119781019993e-02,
          1.5645554509432081e-03, -2.7260780933363016e-03,
          -3.3214168814135796e-04, 1.0106092726625186e-02,
          2.0916524924974669e-02, 9.5106405268613799e-03,
          -3.9339405261086524e-04, -1.7707235687049784e-03,
          -2.1496601079818906e-03, 1.5290367062115813e-03,
          2.3998313863209143e-03, 1.0815519074517919e-03,
          -3.3804716771735993e-02, 9.5106405268613799e-03,
          1.1674938888838586e-01, -3.0066467317354788e-02,
          -2.6686057568222264e-02, -4.5524656389195381e-02,
          -1.3609345279286390e-03, 1.2660302367191536e-02,
          3.3012745819407546e-03, 8.9647452009659467e-03,
          -3.9339405261086508e-04, -3.0066467317354791e-02,
          1.4694981793477222e-02, 8.7492958574934172e-03,
          1.4612926952805942e-02, 8.9623277121885750e-04,
          -3.7866004706932875e-03, -1.1332692522885704e-03,
          7.0802811605007081e-03, -1.7707235687049784e-03,
          -2.6686057568222264e-02, 8.7492958574934190e-03,
          1.0683647109023432e-02, 1.2128151873043400e-02,
          7.3766618207181476e-04, -3.5650845775956259e-03,
          -8.3165272731949489e-04, 1.3377119781019992e-02,
          -2.1496601079818915e-03, -4.5524656389195388e-02,
          1.4612926952805940e-02, 1.2128151873043400e-02,
          2.6561958767737207e-02, 1.0794899642251430e-03,
          -5.8375982243365323e-03, -1.3763299191382145e-03,
          1.5645554509432081e-03, 1.5290367062115813e-03,
          -1.3609345279286394e-03, 8.9623277121885761e-04,
          7.3766618207181498e-04, 1.0794899642251430e-03,
          3.0590334846968413e-03, 2.6901762561989533e-04,
          2.4420760073446958e-04, -2.7260780933363012e-03,
          2.3998313863209152e-03, 1.2660302367191536e-02,
          -3.7866004706932875e-03, -3.5650845775956255e-03,
          -5.8375982243365323e-03, 2.6901762561989538e-04,
          1.2093828533628004e-02, 5.6638217075166491e-04,
          -3.3214168814135818e-04, 1.0815519074517919e-03,
          3.3012745819407546e-03, -1.1332692522885704e-03,
          -8.3165272731949489e-04, -1.3763299191382145e-03,
          2.4420760073446958e-04, 5.6638217075166502e-04,
          4.4245683823945791e-04 ]
   - !!opencv-matrix
      rows: 9
      cols: 9
      dt: d
      data: [ 1.1481609382612354e+00, 4.4485931422644753e-01,
          -2.3466866689567417e-01, 1.1705126498403647e-01,
          5.1038424280609861e-02, 1.0605162206564908e-01,
          1.2676479296065898e-01, 1.6540505796075905e-01,
          9.6810066653834816e-03, 4.4485931422644748e-01,
          6.1824901350628303e-01, -1.2921337396661317e-01,
          1.3324714552038619e-01, 4.1560344117837086e-02,
          9.3552160108785185e-02, 1.3082091323654860e-01,
          1.7015325264189479e-01, 1.3646881343133299e-02,
          -2.3466866689567423e-01, -1.2921337396661317e-01,
          2.3985725084035722e-01, -6.9964689025565852e-02,
          -4.3962339543877724e-02, -7.6843728453052249e-02,
          -4.7232936967990677e-02, -6.0533421456403287e-02,
          2.2292516854734742e-03, 1.1705126498403647e-01,
          1.3324714552038619e-01, -6.9964689025565852e-02,
          5.0163850664402154e-02, 1.7813791886617109e-02,
          3.5141847052234471e-02, 3.1975881487788731e-02,
          4.0809250443097328e-02, 1.1861814155879869e-03,
          5.1038424280609861e-02, 4.1560344117837086e-02,
          -4.3962339543877731e-02, 1.7813791886617105e-02,
          1.4177300178205971e-02, 1.8076273655806420e-02,
