%YAML:1.0
---
groups:
   - intact
   - CD19
intactGmmnames:
   - "intact.803.0"
   - "intact.803.1"
   - "intact.803.2"
   - "intact.803.3"
   - "intact.803.4"
intactLabels:
   - FSC-A
   - SSC-A
   - SY41
   - CD19
   - CD10
   - CD20
   - CD45
   - CD34
   - CD38
intactMu: !!opencv-matrix
   rows: 5
   cols: 9
   dt: d
   data: [ 1.3627917827896234e+00, 1.1349940538083023e+00,
       3.6845662680324853e+00, 1.0213843286213806e+00,
       8.5893000292864374e-01, 1.0612348522417496e+00,
       3.5359221632417310e+00, 1.1623533047488441e+00,
       1.7974708599152047e+00, 2.1014614746082270e+00,
       3.3490287223607540e+00, 3.2702575744154361e+00,
       1.4879986087248498e+00, 2.1160951751433585e+00,
       1.1639079029356296e+00, 3.0737248836623583e+00,
       1.1188094112076434e+00, 1.5515581787225754e+00,
       8.3533418361466794e-01, 3.5009627109464059e-01,
       3.8410224667065833e+00, 8.6544693746342427e-01,
       7.7140449958333834e-01, 8.9687062081000224e-01,
       3.3916101425692338e+00, 1.0660198263753660e+00,
       1.5600419014244444e+00, 1.1535573424162027e+00,
       7.6358297964554578e-01, 3.1103578940201211e+00,
       1.0806483997333083e+00, 9.4882354790818235e-01,
       9.7953104283288983e-01, 1.6236143554159195e+00,
       1.3210553640072660e+00, 1.5548029546745454e+00,
       2.1937015712839076e+00, 2.4727272564549403e+00,
       3.4903648151800111e+00, 1.3423893988920323e+00,
       1.4176092692117661e+00, 1.4780151653152267e+00,
       2.6619822655591259e+00, 1.4341801851873779e+00,
       1.9152050176997071e+00 ]
intactSigma:
   - !!opencv-matrix
      rows: 9
      cols: 9
      dt: d
      data: [ 3.3818066154710652e-01, -4.2784656143635379e-02,
          -4.0901700156383107e-02, 8.5402481135470748e-03,
          1.4387046524575271e-02, 2.7850964530701988e-02,
          3.3951628023629506e-02, 7.3227045060118108e-03,
          9.3512308775474881e-03, -4.2784656143635379e-02,
          6.6680220929624523e-01, 8.5694450368932654e-02,
          3.5246463014975644e-02, 2.7775259068921459e-02,
          7.6503604849052442e-02, -9.0885384073169460e-03,
          6.8418469949038621e-02, 5.2388590368875797e-02,
          -4.0901700156383107e-02, 8.5694450368932640e-02,
          1.6638164404725581e-01, -8.2180544446019299e-02,
          -4.5612460462220270e-02, -3.0009750322723037e-03,
          -6.4709194285329820e-03, -5.0777252342964763e-03,
          -4.1919696351768641e-02, 8.5402481135470765e-03,
          3.5246463014975637e-02, -8.2180544446019299e-02,
          7.7134785249445656e-02, 3.2822017315178129e-02,
          5.8092843500946170e-03, -2.2023106830981382e-03,
          1.1246186138413166e-02, 2.2240922527828846e-02,
          1.4387046524575267e-02, 2.7775259068921459e-02,
          -4.5612460462220270e-02, 3.2822017315178129e-02,
          6.5393615037851210e-02, 1.0402533770334850e-02,
          1.3006246462678554e-03, 1.4544918785221185e-02,
          3.4507866018581822e-02, 2.7850964530701992e-02,
          7.6503604849052442e-02, -3.0009750322723037e-03,
          5.8092843500946153e-03, 1.0402533770334845e-02,
          1.1211246171256817e-01, 1.5068436694774629e-02,
          2.6368972669411947e-02, 3.6307143962322333e-02,
          3.3951628023629506e-02, -9.0885384073169460e-03,
          -6.4709194285329837e-03, -2.2023106830981374e-03,
          1.3006246462678554e-03, 1.5068436694774631e-02,
          3.2845357877040522e-02, 7.7132863462079553e-04,
          1.2429329231627769e-03, 7.3227045060118116e-03,
          6.8418469949038621e-02, -5.0777252342964789e-03,
          1.1246186138413166e-02, 1.4544918785221184e-02,
          2.6368972669411950e-02, 7.7132863462079553e-04,
          1.8322088251125915e-01, 4.3337399767950681e-02,
          9.3512308775474881e-03, 5.2388590368875783e-02,
          -4.1919696351768641e-02, 2.2240922527828846e-02,
          3.4507866018581815e-02, 3.6307143962322333e-02,
          1.2429329231627762e-03, 4.3337399767950681e-02,
          2.5929751581894928e-01 ]
   - !!opencv-matrix
      rows: 9
      cols: 9
      dt: d
      data: [ 6.1934310676988391e-01, 9.5022435244020376e-02,
          -1.1989247518824341e-02, 1.4462751401038939e-02,
          -1.7020747540301845e-01, 2.6141157319265050e-02,
          -2.5773506882716860e-02, 4.2946878213340444e-04,
          2.5250926831593756e-02, 9.5022435244020390e-02,
          4.1815009351784499e-01, -4.8512600676393604e-02,
          7.1053596950440084e-02, 5.1921055013551536e-02,
          3.4966436732245969e-02, 3.4490690211413294e-02,
          1.0210333307539707e-02, -3.5548078415208908e-03,
          -1.1989247518824344e-02, -4.8512600676393604e-02,
          1.1441310303259300e-01, -3.1945116477763429e-02,
          8.9186517586120097e-03, -4.4361251175539535e-03,
          -9.8620292637952786e-03, -1.1705578828543439e-03,
          4.7640994816133733e-03, 1.4462751401038934e-02,
          7.1053596950440084e-02, -3.1945116477763429e-02,
          3.3252024521265758e-02, 1.5298070529504769e-02,
          7.5289516009730056e-03, 9.8682034067456483e-03,
          2.8619099603519188e-03, -7.0724995710919189e-03,
          -1.7020747540301842e-01, 5.1921055013551536e-02,
          8.9186517586120131e-03, 1.5298070529504770e-02,
          5.5905814408198840e-01, 1.5508445873949055e-02,
          1.1522928640916838e-01, 1.0433205963533082e-02,
          -5.0008366805505439e-02, 2.6141157319265050e-02,
          3.4966436732245962e-02, -4.4361251175539535e-03,
          7.5289516009730039e-03, 1.5508445873949058e-02,
          7.6761680907449059e-02, 7.9337390383126313e-03,
          2.9002717320393595e-03, 7.6391940864202164e-04,
          -2.5773506882716860e-02, 3.4490690211413294e-02,
          -9.8620292637952769e-03, 9.8682034067456483e-03,
          1.1522928640916838e-01, 7.9337390383126313e-03,
          4.4945762701181502e-02, 8.7013695370761275e-04,
          -1.2735121832763612e-02, 4.2946878213340542e-04,
          1.0210333307539707e-02, -1.1705578828543428e-03,
          2.8619099603519188e-03, 1.0433205963533082e-02,
          2.9002717320393595e-03, 8.7013695370761199e-04,
          9.3650455308496125e-02, 8.7849868205671451e-04,
          2.5250926831593756e-02, -3.5548078415208874e-03,
          4.7640994816133733e-03, -7.0724995710919180e-03,
          -5.0008366805505439e-02, 7.6391940864202186e-04,
          -1.2735121832763612e-02, 8.7849868205671451e-04,
          3.4655537009565869e-02 ]
   - !!opencv-matrix
      rows: 9
      cols: 9
      dt: d
      data: [ 1.1689575707530392e-01, -4.9258963384390597e-03,
          -2.7620799619095530e-02, 1.9637784404158733e-02,
          9.7219018087109522e-03, 5.1780894157137779e-03,
          1.2017851400799574e-02, -2.4833670981273168e-03,
          -1.6018376240533785e-02, -4.9258963384390597e-03,
          3.2299335791590139e-02, 3.8433734698442891e-03,
          1.8129829778864453e-03, 1.6285254591387899e-03,
          6.2226216868381369e-03, 1.4760764716960132e-03,
          2.4985223412941882e-03, -1.3801447964170795e-03,
          -2.7620799619095530e-02, 3.8433734698442891e-03,
          1.3455669395752509e-02, -9.1126856627927674e-03,
          -4.2187698873556887e-03, 4.1701662594378161e-05,
          -3.1641660440259109e-03, 1.3721191956339791e-03,
          5.0321768273667205e-03, 1.9637784404158729e-02,
          1.8129829778864464e-03, -9.1126856627927674e-03,
          1.6509152754047865e-02, 3.5710888685113714e-03,
          1.7303093888224646e-03, 2.7389796061042977e-03,
          2.9217376674845423e-04, -6.4657732670120082e-03,
          9.7219018087109522e-03, 1.6285254591387899e-03,
          -4.2187698873556887e-03, 3.5710888685113714e-03,
          3.4222334920903631e-02, -7.3264709594058341e-03,
          1.8795995575499487e-03, -1.6535653029005543e-03,
