%YAML:1.0
---
groups:
   - intact
   - CD19
   - blast
intactGmmnames:
   - "intact.809.0"
   - "intact.809.1"
   - "intact.809.2"
   - "intact.809.3"
   - "intact.809.4"
intactLabels:
   - FSC-A
   - SSC-A
   - SY41
   - CD19
   - CD10
   - CD20
   - CD45
   - CD34
   - CD38
intactMu: !!opencv-matrix
   rows: 5
   cols: 9
   dt: d
   data: [ 8.7445834403824596e-01, 3.5553086488749991e-01,
       2.4865418704905311e+00, 9.7764686242104804e-01,
       1.0138147627397152e+00, 7.7038524493230942e-01,
       9.8951535547292979e-01, 1.0235633103096407e+00,
       1.1536978891111711e+00, 1.6611810036664050e+00,
       5.0141959279480952e-01, 2.3774214634350139e+00,
       1.7081701169344023e+00, 8.4733520298597753e-01,
       8.0754422636643752e-01, 3.4129624771400255e+00,
       1.0410294848945416e+00, 2.3430452200765703e+00,
       1.1649171306988320e+00, 2.4430401851354930e-01,
       2.6717097958769340e+00, 1.4371726859827256e+00,
       7.9589507267403392e-01, 6.9090839694461048e-01,
       3.2215880107575097e+00, 1.0286023354246925e+00,
       1.9430301000606285e+00, 2.3362956195928524e+00,
       3.2694274302976583e+00, 2.4339330072590428e+00,
       1.7687929133771432e+00, 2.0878507501509400e+00,
       9.8556370632825163e-01, 2.7616953488382197e+00,
       1.3153038049695340e+00, 1.5908072533682662e+00,
       1.7281348934464265e+00, 1.2445983232799518e+00,
       2.5722576275374172e+00, 1.3772372458429250e+00,
       1.3342061573546427e+00, 1.0751315188315873e+00,
       1.7632162483206997e+00, 1.2728964032582293e+00,
       1.6166715054968728e+00 ]
intactSigma:
   - !!opencv-matrix
      rows: 9
      cols: 9
      dt: d
      data: [ 8.0213059260443503e-02, 9.2910402223631283e-03,
          -5.1307678855732571e-02, 7.3654661048202117e-03,
          -7.8189776161429123e-03, 7.2752054104129292e-03,
          -4.1621884540225685e-03, -9.8843873026600491e-04,
          -5.1321193517808285e-03, 9.2910402223631283e-03,
          1.4180651256638649e-02, -2.0775634461824705e-03,
          3.7309380762677326e-03, 4.1734777503436510e-03,
          4.7812105557643913e-03, 3.9986612963566056e-03,
          8.8366130769479087e-04, 3.1598679528261498e-03,
          -5.1307678855732571e-02, -2.0775634461824696e-03,
          1.4174978915318356e-01, -1.3791619484325928e-02,
          6.5454870233450290e-03, -1.4949056799222631e-02,
          7.4342506405576363e-03, 4.4248238470569615e-03,
          1.3076588679026044e-02, 7.3654661048202135e-03,
          3.7309380762677326e-03, -1.3791619484325928e-02,
          2.1762167949388834e-02, 2.0063168595027218e-03,
          4.2969830944289984e-03, 6.7886157398579087e-04,
          7.6142174379007575e-05, -4.6572815337105914e-03,
          -7.8189776161429140e-03, 4.1734777503436510e-03,
          6.5454870233450290e-03, 2.0063168595027222e-03,
          1.0319579706872843e-01, -1.9176897890670048e-04,
          1.9171677410552472e-02, 2.7013307878737862e-04,
          1.2907313049692228e-02, 7.2752054104129309e-03,
          4.7812105557643913e-03, -1.4949056799222635e-02,
          4.2969830944289992e-03, -1.9176897890670053e-04,
          3.5268736153281209e-02, 1.3679728909318904e-03,
          -4.0704036743157595e-04, 7.4675997537893392e-05,
          -4.1621884540225650e-03, 3.9986612963566065e-03,
          7.4342506405576363e-03, 6.7886157398579098e-04,
          1.9171677410552472e-02, 1.3679728909318900e-03,
          8.7481056488386402e-02, 4.6387087340585163e-03,
          1.4830360415528532e-02, -9.8843873026600491e-04,
          8.8366130769479097e-04, 4.4248238470569624e-03,
          7.6142174379007630e-05, 2.7013307878737884e-04,
          -4.0704036743157551e-04, 4.6387087340585163e-03,
          2.0777452132383349e-02, 2.3167054776976966e-03,
          -5.1321193517808268e-03, 3.1598679528261502e-03,
          1.3076588679026047e-02, -4.6572815337105923e-03,
          1.2907313049692228e-02, 7.4675997537893406e-05,
          1.4830360415528532e-02, 2.3167054776976966e-03,
          3.3787996991255120e-02 ]
   - !!opencv-matrix
      rows: 9
      cols: 9
      dt: d
      data: [ 2.3351685452944546e-01, 1.5990348072838706e-04,
          -3.0986845336564279e-02, 2.3610234781163777e-02,
          4.9761658713684525e-03, 7.3768100729136509e-03,
          1.4565337615347413e-02, -4.6951198480026561e-03,
          2.8774163579835782e-02, 1.5990348072838701e-04,
          2.7789389906284254e-02, -1.1613403421561915e-02,
          8.2179205107605954e-03, 2.8279032591926002e-03,
          5.8955427138388449e-03, 5.1630674071636365e-03,
          2.3718843679103700e-03, 4.0123446221197734e-02,
          -3.0986845336564279e-02, -1.1613403421561915e-02,
          9.2287073496435099e-02, -1.8836603679274672e-02,
          -6.8571037078105600e-03, -9.9512066815482733e-03,
          -1.4719711767536893e-02, 1.3000233736725768e-03,
          -6.1107529388996988e-02, 2.3610234781163784e-02,
          8.2179205107605954e-03, -1.8836603679274672e-02,
          4.9428279396304897e-02, 3.6432973040616489e-03,
          6.6625158967431519e-03, 2.0536436269358412e-02,
          2.3704102165875696e-04, 1.8329291007260481e-02,
          4.9761658713684525e-03, 2.8279032591926006e-03,
          -6.8571037078105574e-03, 3.6432973040616498e-03,
          2.7982993933941151e-02, -1.7451916110952398e-03,
          2.1984818626561691e-03, -4.2266799273948785e-03,
          3.8720433481547164e-03, 7.3768100729136492e-03,
          5.8955427138388449e-03, -9.9512066815482733e-03,
          6.6625158967431519e-03, -1.7451916110952403e-03,
          3.8070255663416666e-02, 4.8678712360984318e-03,
          -1.1058880268715562e-03, 1.0064152076302979e-02,
          1.4565337615347413e-02, 5.1630674071636365e-03,
          -1.4719711767536897e-02, 2.0536436269358412e-02,
          2.1984818626561691e-03, 4.8678712360984309e-03,
          1.9287042981254394e-02, 1.9300540443066262e-04,
          1.8448776980449309e-02, -4.6951198480026570e-03,
          2.3718843679103709e-03, 1.3000233736725770e-03,
          2.3704102165875756e-04, -4.2266799273948776e-03,
          -1.1058880268715562e-03, 1.9300540443066238e-04,
          1.6681867913036397e-01, 7.1456413410952461e-03,
          2.8774163579835782e-02, 4.0123446221197734e-02,
          -6.1107529388996974e-02, 1.8329291007260481e-02,
          3.8720433481547164e-03, 1.0064152076302983e-02,
          1.8448776980449309e-02, 7.1456413410952444e-03,
          2.7312750645726747e-01 ]
   - !!opencv-matrix
      rows: 9
      cols: 9
      dt: d
      data: [ 1.3123863649474765e-01, 2.1088591242709185e-03,
          -2.2656193111453157e-02, 2.2644232779571428e-02,
          3.4533465076117382e-03, 8.8955082376700415e-03,
          1.3962887092981609e-02, -2.0063444838000939e-03,
          1.7254925464148058e-02, 2.1088591242709189e-03,
          6.0259972066321801e-03, -8.5317432294022019e-04,
          2.7216509757663743e-03, 1.1375080554910941e-03,
          2.6088291560285885e-03, 1.4446504916819712e-03,
          2.0710276564800647e-04, -7.8597826877417122e-04,
          -2.2656193111453154e-02, -8.5317432294022052e-04,
          1.4564364229686098e-02, -6.0101719646776909e-03,
          -2.0460544340141404e-03, -3.4400256785633463e-03,
          -3.7344250257811506e-03, 7.6647296505744187e-04,
          -3.4382276368598373e-03, 2.2644232779571432e-02,
          2.7216509757663739e-03, -6.0101719646776909e-03,
          4.2981568881397508e-02, 1.5293394391599849e-03,
          3.7652410706717583e-03, 7.2255800313463601e-03,
          4.4911662732679614e-04, -1.8689349254212323e-03,
          3.4533465076117386e-03, 1.1375080554910941e-03,
          -2.0460544340141413e-03, 1.5293394391599846e-03,
          2.3131867724573551e-02, -2.2460160326774926e-03,
          9.5468676551974823e-04, -2.5921905902318316e-03,
