%YAML:1.0
---
groups:
   - intact
   - CD19
   - blast
intactGmmnames:
   - "intact.Bln037.0"
   - "intact.Bln037.1"
   - "intact.Bln037.2"
   - "intact.Bln037.3"
   - "intact.Bln037.4"
intactLabels:
   - FSC-A
   - SSC-A
   - SY41
   - CD19
   - CD10
   - CD20
   - CD45
   - CD34
   - CD38
   - CD58
intactMu: !!opencv-matrix
   rows: 5
   cols: 10
   dt: d
   data: [ 1.1346043721466226e+00, 4.5793632061313677e-01,
       2.7445332946026517e+00, 9.1715389911864276e-01,
       1.1462679704553864e+00, 1.0167132528913367e+00,
       8.7509987794644506e-01, 1.1468726463215477e+00,
       2.0723095211530542e+00, 2.4327373926012497e+00,
       1.2173879024893490e+00, 4.1181124833275112e-01,
       2.5017756561526290e+00, 8.9532848561380707e-01,
       8.6759778295479273e-01, 9.3078153851185352e-01,
       2.4132341527014471e+00, 8.8489536336225849e-01,
       2.5168560122499946e+00, 1.7934907101295470e+00,
       2.6895572749185233e+00, 2.7635695240353311e+00,
       2.5837478872603339e+00, 1.1250454133591821e+00,
       1.8712400293160434e+00, 1.1857704779121090e+00,
       1.9632696267472882e+00, 1.4067508022287416e+00,
       2.6832095651329904e+00, 2.3178592402676661e+00,
       1.0096448121367030e+00, 2.8762433689505240e-01,
       2.4811358551884082e+00, 8.3304198790327577e-01,
       8.8949270516092382e-01, 9.4557537077204579e-01,
       2.3373424826949432e+00, 8.5668754366088540e-01,
       2.5188151618441919e+00, 1.0702962196261612e+00,
       2.1010647511734764e+00, 1.2179888067024942e+00,
       2.7458513472786530e+00, 1.2837299783087390e+00,
       1.5286377040968158e+00, 1.2507634658471511e+00,
       1.7323938390740516e+00, 1.4770959909895804e+00,
       2.7682728761533419e+00, 2.1707717194080001e+00 ]
intactSigma:
   - !!opencv-matrix
      rows: 10
      cols: 10
      dt: d
      data: [ 1.6191929613341499e-01, 5.4058038737399741e-02,
          3.5905329634027393e-02, 2.1802874068917635e-02,
          4.6826647063050605e-02, 6.3956259171194596e-03,
          1.2927838381498580e-02, 2.9086819325961875e-02,
          8.2066552203943266e-02, 5.3902099263313755e-02,
          5.4058038737399734e-02, 3.8761285760761585e-02,
          1.8554115442089954e-02, 1.5138396546861837e-02,
          3.1945706062786919e-02, 4.4214669663277580e-03,
          8.4823888491697853e-03, 1.9179240971962993e-02,
          6.2809895174490038e-02, 3.2541871540349057e-02,
          3.5905329634027400e-02, 1.8554115442089951e-02,
          4.0237335417432185e-02, 8.0028836176608501e-03,
          8.2142098443274240e-03, 3.7757016551649889e-03,
          5.3073361894103990e-03, 1.9743422035976191e-02,
          2.2200748083587851e-02, 2.0994748348024891e-02,
          2.1802874068917635e-02, 1.5138396546861839e-02,
          8.0028836176608501e-03, 9.3540867780862860e-02,
          3.9126444835411979e-02, 4.9108349873315466e-03,
          5.9876845671682733e-03, 7.3684600082017252e-03,
          5.3863119621941853e-02, 1.7722519071260181e-02,
          4.6826647063050612e-02, 3.1945706062786919e-02,
          8.2142098443274206e-03, 3.9126444835411972e-02,
          2.0919858427887786e-01, 8.0941101735921110e-03,
          1.0301850343844581e-02, 2.2263238474676820e-02,
          1.3601727961108007e-01, 3.9191515952922758e-02,
          6.3956259171194614e-03, 4.4214669663277580e-03,
          3.7757016551649898e-03, 4.9108349873315466e-03,
          8.0941101735921110e-03, 9.4042412443306449e-03,
          1.8078633852041072e-03, 5.0700951913571204e-03,
          1.0835973957239989e-02, 5.0245421582024354e-03,
          1.2927838381498582e-02, 8.4823888491697853e-03,
          5.3073361894103990e-03, 5.9876845671682725e-03,
          1.0301850343844579e-02, 1.8078633852041072e-03,
          2.1157333392991397e-02, 2.4454755309375703e-03,
          1.3340109857523855e-02, -5.7185345188784107e-03,
          2.9086819325961882e-02, 1.9179240971962993e-02,
          1.9743422035976191e-02, 7.3684600082017252e-03,
          2.2263238474676820e-02, 5.0700951913571213e-03,
          2.4454755309375703e-03, 4.2667784442316510e-02,
          4.1621605028278073e-02, 2.7231902568976819e-02,
          8.2066552203943294e-02, 6.2809895174490038e-02,
          2.2200748083587851e-02, 5.3863119621941853e-02,
          1.3601727961108007e-01, 1.0835973957239987e-02,
          1.3340109857523853e-02, 4.1621605028278059e-02,
          2.5897740049817503e-01, 8.2594925292509225e-02,
          5.3902099263313755e-02, 3.2541871540349050e-02,
          2.0994748348024891e-02, 1.7722519071260184e-02,
          3.9191515952922758e-02, 5.0245421582024363e-03,
          -5.7185345188784098e-03, 2.7231902568976819e-02,
          8.2594925292509225e-02, 5.7843203122138302e-02 ]
   - !!opencv-matrix
      rows: 10
      cols: 10
      dt: d
      data: [ 6.4022389929024620e-02, 8.8158460041861397e-03,
          3.3054126492311894e-03, -1.4634427256493177e-03,
          -2.0049142559845630e-03, -8.2539493300849646e-03,
          3.2724060816937441e-03, -7.8821209557388978e-04,
          4.2663141473623295e-02, 9.5459346029373414e-03,
          8.8158460041861397e-03, 1.3088010568338474e-02,
          2.3262151284446095e-03, 1.0587881497438490e-03,
          -2.1417434167083551e-03, -4.9690488992651148e-03,
          3.0311013357409893e-03, 3.1396057461349452e-03,
          3.1385549105987051e-02, 1.9843904329153061e-02,
          3.3054126492311894e-03, 2.3262151284446095e-03,
          1.4374113030913795e-02, 2.1767259904348587e-03,
          6.3704287182529413e-04, 2.7426588176437039e-04,
          3.8739616379446593e-03, 3.4795470618376035e-03,
          2.7906209464392258e-03, 6.9252024251579723e-03,
          -1.4634427256493177e-03, 1.0587881497438492e-03,
          2.1767259904348587e-03, 7.6022567304332128e-02,
          7.1499846664724986e-03, 2.6393149706793644e-03,
          2.8887248948325128e-03, -9.5210297596317445e-04,
          6.3939538990287403e-03, 4.7860216034866683e-03,
          -2.0049142559845630e-03, -2.1417434167083551e-03,
          6.3704287182529413e-04, 7.1499846664724986e-03,
          2.7922539239331808e-02, 3.3576304601591954e-03,
          6.0235054757053806e-03, -3.5914151275457377e-04,
          -1.8601742703374270e-03, -1.9756411189396771e-02,
          -8.2539493300849646e-03, -4.9690488992651148e-03,
          2.7426588176437011e-04, 2.6393149706793640e-03,
          3.3576304601591945e-03, 2.7327953990809752e-02,
          -1.3890480963879863e-03, -2.0835244827890169e-03,
          -6.2425562311390244e-02, -6.5952237278766052e-03,
          3.2724060816937423e-03, 3.0311013357409884e-03,
          3.8739616379446593e-03, 2.8887248948325120e-03,
          6.0235054757053798e-03, -1.3890480963879865e-03,
          2.8033342524493771e-02, 3.5279993370026202e-03,
          2.5436031378825413e-02, 3.8917061017463696e-03,
          -7.8821209557388978e-04, 3.1396057461349444e-03,
          3.4795470618376035e-03, -9.5210297596317424e-04,
          -3.5914151275457377e-04, -2.0835244827890165e-03,
          3.5279993370026202e-03, 2.0321115560946831e-02,
          2.6368770321369767e-02, 9.6313222290812864e-03,
          4.2663141473623316e-02, 3.1385549105987051e-02,
          2.7906209464392232e-03, 6.3939538990287377e-03,
          -1.8601742703374270e-03, -6.2425562311390237e-02,
          2.5436031378825424e-02, 2.6368770321369767e-02,
          7.0900995496134078e-01, 2.4676443492468447e-02,
          9.5459346029373414e-03, 1.9843904329153061e-02,
          6.9252024251579723e-03, 4.7860216034866692e-03,
          -1.9756411189396774e-02, -6.5952237278766070e-03,
          3.8917061017463696e-03, 9.6313222290812864e-03,
          2.4676443492468447e-02, 1.1426411641165107e-01 ]
   - !!opencv-matrix
      rows: 10
      cols: 10
      dt: d
