%YAML:1.0
---
groups:
   - intact
   - CD19
intactGmmnames:
   - "intact.Bln046.0"
   - "intact.Bln046.1"
   - "intact.Bln046.2"
   - "intact.Bln046.3"
   - "intact.Bln046.4"
intactLabels:
   - FSC-A
   - SSC-A
   - SY41
   - CD19
   - CD10
   - CD20
   - CD45
   - CD34
   - CD38
   - CD58
intactMu: !!opencv-matrix
   rows: 5
   cols: 10
   dt: d
   data: [ 9.3677054214997979e-01, 4.2516417386970634e-01,
       2.5851937563861620e+00, 7.3757122946230125e-01,
       9.7626528622961051e-01, 1.0002136949075144e+00,
       9.7566114655550840e-01, 1.0781167799778109e+00,
       1.6643809116096466e+00, 2.4020717798141269e+00,
       2.8635709377239782e+00, 3.3876861000014515e+00,
       2.4902705416026607e+00, 1.0256651280260431e+00,
       2.1943069041309444e+00, 1.1884868531560573e+00,
       1.9480390540055510e+00, 1.3059236519093653e+00,
       2.5829970400268185e+00, 2.2528182107432775e+00,
       1.0594023488820339e+00, 3.7645652460002554e-01,
       2.2430896781789875e+00, 7.4852588303406009e-01,
       9.1562531115242696e-01, 9.8311903804519141e-01,
       2.3188110852849095e+00, 9.7246576701508813e-01,
       2.1425062154787531e+00, 1.8057996172243829e+00,
       9.0075520611246529e-01, 2.5529554379084984e-01,
       2.3703897506989784e+00, 7.6962220827098826e-01,
       9.0103244572903207e-01, 9.8582570939942149e-01,
       2.2915192084544147e+00, 9.8212660135337204e-01,
       2.4056499419130617e+00, 1.1511797347551844e+00,
       1.9923725084739026e+00, 1.1150899502487812e+00,
       2.6790613614002408e+00, 9.6924787241143751e-01,
       1.2758145157792418e+00, 1.2562884857567440e+00,
       1.8027441127069443e+00, 1.3306520348436091e+00,
       2.7050779664466411e+00, 2.1835737421850023e+00 ]
intactSigma:
   - !!opencv-matrix
      rows: 10
      cols: 10
      dt: d
      data: [ 9.5859756281550468e-02, 3.2949156068734754e-02,
          2.6710665289259673e-02, 2.8347752183598474e-03,
          1.5440559941790081e-02, 1.9454761196356575e-03,
          3.8821332519840012e-03, 9.7807048655548772e-03,
          5.4880106745262058e-02, 3.7719282587794480e-02,
          3.2949156068734754e-02, 2.1597652462429288e-02,
          1.4950448989680183e-02, 2.1433358498218354e-03,
          9.1420832689585122e-03, 1.4891981982676015e-03,
          1.7906249410472215e-03, 6.3511185659196421e-03,
          3.1130898121320194e-02, 2.2248110661514081e-02,
          2.6710665289259673e-02, 1.4950448989680183e-02,
          3.6356720597341720e-02, 3.2325703304623443e-03,
          8.1624959023405986e-03, 2.5752306462657210e-03,
          2.3895639612280281e-03, 8.4672796557421319e-03,
          2.4952226462170917e-02, 1.9997285249826122e-02,
          2.8347752183598474e-03, 2.1433358498218345e-03,
          3.2325703304623456e-03, 5.7323349484603402e-02,
          1.4386282943266826e-03, -8.6151353144514327e-04,
          3.8227516967533634e-04, -1.7866385714561685e-03,
          5.6946781726308357e-03, 2.3508879621904153e-03,
          1.5440559941790085e-02, 9.1420832689585122e-03,
          8.1624959023406003e-03, 1.4386282943266821e-03,
          3.4205628846639184e-02, 1.0357906034706517e-03,
          2.5820424602780414e-04, 4.0807607432765160e-03,
          2.2726290122067470e-02, 1.3289176969704346e-02,
          1.9454761196356571e-03, 1.4891981982676019e-03,
          2.5752306462657215e-03, -8.6151353144514392e-04,
          1.0357906034706517e-03, 5.1419292473958529e-03,
          1.8642017733252206e-04, 1.2625811455416085e-03,
          2.6423381484692371e-03, 1.9894365938402112e-03,
          3.8821332519840012e-03, 1.7906249410472215e-03,
          2.3895639612280281e-03, 3.8227516967533634e-04,
          2.5820424602780408e-04, 1.8642017733252198e-04,
          3.2149397995610033e-03, -3.8464729616845066e-05,
          5.1921734398939334e-03, -2.5356771135952960e-03,
          9.7807048655548772e-03, 6.3511185659196421e-03,
          8.4672796557421319e-03, -1.7866385714561685e-03,
          4.0807607432765168e-03, 1.2625811455416090e-03,
          -3.8464729616845046e-05, 9.8692588663620764e-03,
          1.4735484685864646e-02, 1.1092870770736932e-02,
          5.4880106745262058e-02, 3.1130898121320194e-02,
          2.4952226462170917e-02, 5.6946781726308357e-03,
          2.2726290122067470e-02, 2.6423381484692366e-03,
          5.1921734398939316e-03, 1.4735484685864645e-02,
          1.4593574231107290e-01, 4.8354798227790707e-02,
          3.7719282587794473e-02, 2.2248110661514081e-02,
          1.9997285249826122e-02, 2.3508879621904140e-03,
          1.3289176969704346e-02, 1.9894365938402112e-03,
          -2.5356771135952960e-03, 1.1092870770736932e-02,
          4.8354798227790707e-02, 4.9018833077654957e-02 ]
   - !!opencv-matrix
      rows: 10
      cols: 10
      dt: d
      data: [ 3.3425393421249228e-01, 1.5992532448907826e-01,
          2.3275417899133268e-03, 1.1770807123084918e-02,
          -5.9107272338895355e-04, 1.3368388294866029e-02,
          6.9800720441411191e-03, 1.9710240572104985e-02,
          2.4338243072168749e-02, 9.5743880140759467e-03,
          1.5992532448907826e-01, 3.8332395486151366e-01,
          4.0567577368102589e-03, 1.7078657930456168e-02,
          3.6128604030846466e-02, 1.7527004092579460e-02,
          5.8008873412962207e-03, 2.0425253159959744e-02,
          4.3291912006621872e-02, 3.7333265017404103e-02,
          2.3275417899133255e-03, 4.0567577368102589e-03,
          2.4260176927381312e-02, 2.4661479471664938e-03,
          3.2677266024888430e-03, 5.4674002753533459e-03,
          1.2783604631419314e-04, 7.2071115696506725e-03,
          5.4605941637115461e-03, -1.7044362596310819e-04,
          1.1770807123084922e-02, 1.7078657930456171e-02,
          2.4661479471664925e-03, 9.6531821298978651e-02,
          1.7349126397803245e-02, 4.3640632505943114e-03,
          7.4884778223087822e-03, 1.9794494300525755e-03,
          9.1970687807890715e-03, 8.5204138577634168e-03,
          -5.9107272338895117e-04, 3.6128604030846466e-02,
          3.2677266024888421e-03, 1.7349126397803245e-02,
          2.0382859575063758e-01, 1.3854051300353789e-03,
          3.9553528303463037e-02, 2.0220461139128613e-02,
          -3.0986920219725392e-02, -1.1010453033762540e-03,
          1.3368388294866031e-02, 1.7527004092579460e-02,
          5.4674002753533459e-03, 4.3640632505943132e-03,
          1.3854051300353793e-03, 1.7939010757995318e-02,
          1.7449005362623266e-03, 6.8689309285847305e-03,
          7.6382066483418609e-03, 4.8051933030215169e-03,
          6.9800720441411191e-03, 5.8008873412962224e-03,
          1.2783604631419316e-04, 7.4884778223087787e-03,
          3.9553528303463030e-02, 1.7449005362623266e-03,
          3.1530995442065411e-02, 9.6859194862397406e-03,
          -1.0523061385421162e-02, 2.8885303326849584e-03,
          1.9710240572104985e-02, 2.0425253159959741e-02,
          7.2071115696506725e-03, 1.9794494300525759e-03,
          2.0220461139128613e-02, 6.8689309285847287e-03,
          9.6859194862397423e-03, 2.4223538388193171e-02,
          4.1149500462313669e-03, 5.4122022467158670e-03,
          2.4338243072168749e-02, 4.3291912006621872e-02,
          5.4605941637115470e-03, 9.1970687807890715e-03,
          -3.0986920219725385e-02, 7.6382066483418618e-03,
          -1.0523061385421162e-02, 4.1149500462313669e-03,
          5.9907898639360878e-02, 2.0525161925996776e-02,
          9.5743880140759467e-03, 3.7333265017404117e-02,
          -1.7044362596310822e-04, 8.5204138577634134e-03,
          -1.1010453033762540e-03, 4.8051933030215160e-03,
          2.8885303326849584e-03, 5.4122022467158661e-03,
          2.0525161925996783e-02, 2.8710505240609852e-02 ]
   - !!opencv-matrix
      rows: 10
      cols: 10
      dt: d
      data: [ 5.0829915369306262e-02, 6.8742647916391975e-03,
