%YAML:1.0
---
groups:
   - intact
   - CD19
intactGmmnames:
   - "intact.Bln018.0"
   - "intact.Bln018.1"
   - "intact.Bln018.2"
   - "intact.Bln018.3"
   - "intact.Bln018.4"
intactLabels:
   - FSC-A
   - SSC-A
   - SY41
   - CD19
   - CD10
   - CD20
   - CD45
   - CD34
   - CD38
   - CD58
intactMu: !!opencv-matrix
   rows: 5
   cols: 10
   dt: d
   data: [ 2.6916968221722519e+00, 3.2943198348435199e+00,
       2.6559990641295959e+00, 6.2626926954023099e-01,
       1.8884316214110866e+00, 6.5139049172347774e-01,
       1.8890047560680232e+00, 7.1940600143636591e-01,
       1.7042928236996417e+00, 1.6380212422795499e+00,
       2.3946571718262710e+00, 1.8387297992060698e+00,
       2.7643160685481107e+00, 7.0849255558764335e-01,
       1.1976744285356762e+00, 7.8187930297412067e-01,
       1.9618385617771463e+00, 8.7848624034151268e-01,
       1.9228890902424589e+00, 1.5375030692181635e+00,
       7.1559269097134370e-01, 3.2882297316424253e-01,
       2.7439879157443894e+00, 5.5256920140709742e-01,
       7.3328958510495834e-01, 5.8021652024473991e-01,
       6.2053427418267126e-01, 7.2985666160500762e-01,
       9.6292732891252708e-01, 1.6621951359397404e+00,
       1.8644201100806821e+00, 1.2009725300708600e+00,
       2.5863153109898573e+00, 5.9924549393694249e-01,
       8.2135120085363433e-01, 5.4272316207612159e-01,
       2.2827042396141639e+00, 7.5858584725415701e-01,
       2.6853787356436447e+00, 1.6535135086753381e+00,
       9.5390014216404850e-01, 3.5049632087825516e-01,
       2.7139405455207712e+00, 5.6802476569927607e-01,
       7.7154818403821468e-01, 5.7711610345887221e-01,
       2.3130440865270567e+00, 7.0398837019185911e-01,
       1.5251319999333002e+00, 1.2728021932840705e+00 ]
intactSigma:
   - !!opencv-matrix
      rows: 10
      cols: 10
      dt: d
      data: [ 3.0183854447299713e-01, 1.6424682697972834e-01,
          -8.5119004168624814e-03, 1.7330206735059258e-03,
          -7.7621775674413084e-04, 6.1142649067888726e-03,
          4.8210568069805238e-03, 5.9129938604042965e-03,
          2.2018116304351996e-02, 8.1806506509254362e-03,
          1.6424682697972834e-01, 3.5442419199183006e-01,
          -3.6679640207140851e-03, 3.9677294007898411e-03,
          3.3088843210650802e-02, 6.3275352472165211e-03,
          1.5688904177083775e-02, 7.1832024261794143e-03,
          3.4747632164112946e-02, 2.6129447031911061e-02,
          -8.5119004168624831e-03, -3.6679640207140877e-03,
          4.1064097246339304e-02, 1.1176038982502628e-03,
          2.4889578458744980e-03, 2.8901366807232674e-03,
          -1.7477861567496663e-03, 2.2466465336230352e-03,
          2.0740318029719143e-03, 2.2682344547477790e-03,
          1.7330206735059264e-03, 3.9677294007898411e-03,
          1.1176038982502630e-03, 7.0297508817501672e-03,
          9.3806179253359771e-03, 2.5842287346955863e-04,
          1.6538025851904811e-03, -1.3397746310315486e-03,
          1.1476948565211505e-03, 5.6202825767569849e-04,
          -7.7621775674413171e-04, 3.3088843210650802e-02,
          2.4889578458744972e-03, 9.3806179253359771e-03,
          1.2223065801263217e-01, 8.4461438534636022e-04,
          2.0034840345141327e-02, -7.7585221978621992e-03,
          -2.2214104481903208e-03, 2.4404297280476253e-03,
          6.1142649067888726e-03, 6.3275352472165185e-03,
          2.8901366807232674e-03, 2.5842287346955869e-04,
          8.4461438534635990e-04, 5.9291883585163279e-03,
          -3.3271457697983534e-04, 1.0841663502384974e-03,
          1.0655347191355772e-03, 6.0120185578853259e-04,
          4.8210568069805238e-03, 1.5688904177083768e-02,
          -1.7477861567496676e-03, 1.6538025851904814e-03,
          2.0034840345141327e-02, -3.3271457697983529e-04,
          1.7603723382626481e-02, -7.7783281510373245e-04,
          2.4034140036770829e-03, 6.4891002957783118e-03,
          5.9129938604042965e-03, 7.1832024261794152e-03,
          2.2466465336230357e-03, -1.3397746310315486e-03,
          -7.7585221978621992e-03, 1.0841663502384972e-03,
          -7.7783281510373278e-04, 5.4199707937122249e-03,
          2.5288919825071092e-03, 2.1286832159370327e-03,
          2.2018116304351999e-02, 3.4747632164112939e-02,
          2.0740318029719143e-03, 1.1476948565211505e-03,
          -2.2214104481903204e-03, 1.0655347191355772e-03,
          2.4034140036770829e-03, 2.5288919825071092e-03,
          4.9303114123736308e-02, 1.2236369463426973e-02,
          8.1806506509254327e-03, 2.6129447031911061e-02,
          2.2682344547477798e-03, 5.6202825767569806e-04,
          2.4404297280476240e-03, 6.0120185578853259e-04,
          6.4891002957783118e-03, 2.1286832159370327e-03,
          1.2236369463426973e-02, 2.3697957957185146e-02 ]
   - !!opencv-matrix
      rows: 10
      cols: 10
      dt: d
      data: [ 1.0586400863809027e+00, 8.0415665188537255e-01,
          2.4168682612463452e-02, 2.7862585037335387e-02,
          9.9492900665182779e-02, 6.2535298884685564e-02,
          7.5775252106009092e-02, 4.4373788013080021e-02,
          1.1434452121111803e-01, 7.2463892621767112e-02,
          8.0415665188537255e-01, 1.2222871362081964e+00,
          5.5141862935384929e-02, 2.8531425865481685e-02,
          2.2664450163771208e-01, 5.3949988310121773e-02,
          -5.1229723333512064e-04, 1.3083926538385082e-02,
          1.0529939470300913e-01, 3.8419139857101874e-02,
          2.4168682612463448e-02, 5.5141862935384922e-02,
          9.8522987013531418e-02, 2.1550810456411403e-03,
          4.4812210550461981e-03, 5.5410145567922247e-03,
          1.6171186705979800e-02, 5.6193455057091980e-03,
          9.0678047313136612e-03, 1.5818378916081871e-02,
          2.7862585037335397e-02, 2.8531425865481696e-02,
          2.1550810456411407e-03, 1.0646677876004339e-01,
          2.3258964117480890e-02, 8.5070857779448561e-02,
          3.3356398374831710e-02, 2.4577004482754024e-02,
          4.2062960978986409e-02, 1.7158076772609207e-02,
          9.9492900665182821e-02, 2.2664450163771208e-01,
          4.4812210550461973e-03, 2.3258964117480890e-02,
          2.0121015855837981e-01, 2.2166818788190275e-02,
          3.2439224736872989e-02, -1.5548266757920398e-03,
          4.7310942580142930e-03, -4.5619657348200745e-04,
          6.2535298884685564e-02, 5.3949988310121773e-02,
          5.5410145567922229e-03, 8.5070857779448561e-02,
          2.2166818788190275e-02, 1.7172230011775588e-01,
          3.2440025686871446e-02, 4.5806278866253880e-02,
          -2.8901100713032313e-02, 1.5333345182909242e-02,
          7.5775252106009092e-02, -5.1229723333512129e-04,
          1.6171186705979803e-02, 3.3356398374831710e-02,
          3.2439224736872989e-02, 3.2440025686871446e-02,
          2.9668831164302101e-01, 2.2205170910409619e-02,
          1.0932142719039610e-01, 4.9171904003909625e-02,
          4.4373788013080021e-02, 1.3083926538385087e-02,
          5.6193455057091980e-03, 2.4577004482754024e-02,
          -1.5548266757920398e-03, 4.5806278866253880e-02,
          2.2205170910409616e-02, 6.9495882510211160e-02,
          2.1670438373896636e-02, 3.3921532168725003e-02,
          1.1434452121111803e-01, 1.0529939470300913e-01,
          9.0678047313136629e-03, 4.2062960978986423e-02,
          4.7310942580142930e-03, -2.8901100713032313e-02,
          1.0932142719039610e-01, 2.1670438373896636e-02,
          5.2346795923438416e-01, 9.5109491510321317e-02,
          7.2463892621767112e-02, 3.8419139857101874e-02,
          1.5818378916081878e-02, 1.7158076772609207e-02,
          -4.5619657348200708e-04, 1.5333345182909236e-02,
          4.9171904003909611e-02, 3.3921532168725003e-02,
          9.5109491510321317e-02, 1.3658442486355479e-01 ]
   - !!opencv-matrix
      rows: 10
      cols: 10
      dt: d
      data: [ 5.4021993548357440e-02, 1.1855707853025036e-02,
