%YAML:1.0
---
groups:
   - intact
   - CD19
   - blast
intactGmmnames:
   - "intact.Bln019.0"
   - "intact.Bln019.1"
   - "intact.Bln019.2"
   - "intact.Bln019.3"
   - "intact.Bln019.4"
intactLabels:
   - FSC-A
   - SSC-A
   - SY41
   - CD19
   - CD10
   - CD20
   - CD45
   - CD34
   - CD38
   - CD58
intactMu: !!opencv-matrix
   rows: 5
   cols: 10
   dt: d
   data: [ 1.5190139420347184e+00, 6.9171440083602298e-01,
       2.1277356746869183e+00, 5.9431357593231515e-01,
       7.8521611702129335e-01, 6.4335615749395747e-01,
       2.4295987622817745e+00, 7.4832062169785618e-01,
       2.7955133512157131e+00, 1.5468875182855197e+00,
       7.4989660040898387e-01, 3.9198352442066098e-01,
       2.2713060967217196e+00, 5.8250072052633106e-01,
       7.3473824718062575e-01, 5.8116755796959751e-01,
       6.7825419372157369e-01, 7.2840972175668728e-01,
       1.1341185148319159e+00, 1.7819204588144855e+00,
       9.6896892156220227e-01, 3.6909781540005282e-01,
       2.1540043540611644e+00, 5.9228757997541859e-01,
       7.7219572658434221e-01, 5.7896096594908564e-01,
       2.3222664626595013e+00, 7.0808307073996579e-01,
       1.9812802156322276e+00, 1.3069298976922181e+00,
       2.3800385269883368e+00, 2.0347623014170377e+00,
       2.2959611729354856e+00, 6.9612032519245182e-01,
       1.2575959506147554e+00, 7.9329186987747613e-01,
       1.9408671711353918e+00, 9.7517172808242125e-01,
       2.3175185578859825e+00, 1.7391827887820599e+00,
       1.1302873649227052e+00, 6.5622467222602798e-01,
       2.4314859005354648e+00, 5.9905827439980819e-01,
       9.6768137141826105e-01, 6.0108926669598650e-01,
       8.7446441775306938e-01, 7.9228244656588886e-01,
       1.5545665904085733e+00, 1.9926196388439019e+00 ]
intactSigma:
   - !!opencv-matrix
      rows: 10
      cols: 10
      dt: d
      data: [ 2.8726573949404921e-01, 9.2536830515034224e-02,
          4.9117480825629445e-02, 8.8413537513532025e-04,
          6.6718719311683347e-04, -4.4963386221857100e-03,
          4.8314492469182686e-02, 7.0843792439677948e-03,
          -4.2042308995153769e-03, 9.1708309364931781e-02,
          9.2536830515034210e-02, 7.8821919419796729e-02,
          2.8319432079465027e-02, 1.0226007590524396e-03,
          1.1196488756065176e-03, 2.9104820827183762e-03,
          2.3379582064257439e-02, 9.2356580571342755e-03,
          4.7746299062861625e-02, 5.2410135987042118e-02,
          4.9117480825629445e-02, 2.8319432079465027e-02,
          6.2085538573341384e-02, 1.6864193403858818e-03,
          7.7937204354692493e-04, 2.5993880578592888e-03,
          1.0474896362485156e-02, 7.8255627777161201e-03,
          -1.4436972016735168e-02, 3.3955665359229351e-02,
          8.8413537513532025e-04, 1.0226007590524394e-03,
          1.6864193403858811e-03, 5.3405215912326132e-03,
          7.9866807154435301e-05, 6.3670459327468891e-04,
          4.6362216703766762e-04, -2.7022136848714652e-04,
          -1.6693777455187187e-03, 1.4934705647834134e-03,
          6.6718719311683326e-04, 1.1196488756065181e-03,
          7.7937204354692493e-04, 7.9866807154435396e-05,
          5.4215792474817488e-03, 3.8917113879399025e-04,
          1.2680393363609145e-03, 4.1767548651876056e-06,
          2.0155168930320634e-03, -5.1923997942646570e-03,
          -4.4963386221857100e-03, 2.9104820827183762e-03,
          2.5993880578592879e-03, 6.3670459327468847e-04,
          3.8917113879399003e-04, 2.8905741788823672e-02,
          5.2259752765385070e-04, 2.3878529768111109e-03,
          1.3938174576263772e-02, -1.5553957759098941e-03,
          4.8314492469182686e-02, 2.3379582064257439e-02,
          1.0474896362485157e-02, 4.6362216703766762e-04,
          1.2680393363609145e-03, 5.2259752765385070e-04,
          3.3184572357249281e-02, 1.4530322344646449e-03,
          1.0264669479664543e-02, 2.6574353804054405e-02,
          7.0843792439677939e-03, 9.2356580571342755e-03,
          7.8255627777161201e-03, -2.7022136848714663e-04,
          4.1767548651876081e-06, 2.3878529768111109e-03,
          1.4530322344646445e-03, 4.8163591019687408e-03,
          1.2996850740093480e-02, 7.1334331918957638e-03,
          -4.2042308995153752e-03, 4.7746299062861625e-02,
          -1.4436972016735168e-02, -1.6693777455187185e-03,
          2.0155168930320643e-03, 1.3938174576263770e-02,
          1.0264669479664543e-02, 1.2996850740093480e-02,
          2.5360348865604154e-01, -2.3600034372758899e-02,
          9.1708309364931753e-02, 5.2410135987042097e-02,
          3.3955665359229351e-02, 1.4934705647834134e-03,
          -5.1923997942646570e-03, -1.5553957759098936e-03,
          2.6574353804054405e-02, 7.1334331918957621e-03,
          -2.3600034372758899e-02, 1.2419220437122498e-01 ]
   - !!opencv-matrix
      rows: 10
      cols: 10
      dt: d
      data: [ 4.3576871811243631e-02, 1.9639043201335206e-03,
          -1.7759253987617459e-02, 2.0839462735733493e-04,
          -1.5238957498834077e-03, -4.6562938277151263e-04,
          -9.9361624948830210e-04, -5.8525885165155360e-04,
          -4.6348869503023242e-03, 5.2760115648675986e-03,
          1.9639043201335206e-03, 8.8222352669732988e-03,
          -8.8651678517242519e-04, 1.7576442203745605e-05,
          3.2107460241266811e-04, -4.6419418845722012e-05,
          2.1643391981464024e-03, 6.4421822266960769e-04,
          8.9818690015459040e-03, 8.2148908348770016e-03,
          -1.7759253987617456e-02, -8.8651678517242508e-04,
          5.8597729007186058e-02, 1.9998684925809148e-04,
          -8.2872144357181614e-04, 1.1873093456795981e-03,
          6.8839591196932478e-04, 3.0518794794808040e-03,
          4.2649311312561175e-03, 5.0222480998492183e-03,
          2.0839462735733501e-04, 1.7576442203745629e-05,
          1.9998684925809154e-04, 4.0133176058603148e-03,
          2.0294334765961743e-05, -2.8441419390200283e-04,
          -2.2210575212064329e-05, -3.3463872163608368e-04,
          8.3456941185593283e-05, 6.0565962265840313e-05,
          -1.5238957498834073e-03, 3.2107460241266800e-04,
          -8.2872144357181636e-04, 2.0294334765961729e-05,
          5.6100368448757506e-03, 2.2715956796629249e-05,
          1.0115931545865244e-03, -2.6333205092843553e-04,
          2.2834490956383691e-03, -3.7236301863787266e-03,
          -4.6562938277151241e-04, -4.6419418845722039e-05,
          1.1873093456795983e-03, -2.8441419390200294e-04,
          2.2715956796629242e-05, 2.0228704260650070e-03,
          3.6542896000415068e-05, 1.4975293439119391e-04,
          -5.5669395545722856e-04, 3.1354506421719393e-04,
          -9.9361624948830188e-04, 2.1643391981464024e-03,
          6.8839591196932456e-04, -2.2210575212064363e-05,
          1.0115931545865244e-03, 3.6542896000415081e-05,
          8.6271687617728039e-03, 1.7360847375798272e-04,
          4.8156204299948206e-03, -3.0979266801859852e-03,
          -5.8525885165155360e-04, 6.4421822266960769e-04,
          3.0518794794808040e-03, -3.3463872163608358e-04,
          -2.6333205092843553e-04, 1.4975293439119385e-04,
          1.7360847375798278e-04, 1.9728723534447458e-03,
          1.4054723390069166e-03, 2.7759029383651115e-03,
          -4.6348869503023233e-03, 8.9818690015459057e-03,
          4.2649311312561193e-03, 8.3456941185593148e-05,
          2.2834490956383686e-03, -5.5669395545722877e-04,
          4.8156204299948206e-03, 1.4054723390069163e-03,
          4.5923137272173328e-02, 1.1157498526666271e-02,
          5.2760115648675986e-03, 8.2148908348770016e-03,
          5.0222480998492183e-03, 6.0565962265840245e-05,
          -3.7236301863787266e-03, 3.1354506421719404e-04,
          -3.0979266801859843e-03, 2.7759029383651107e-03,
          1.1157498526666271e-02, 4.0119259926470696e-02 ]
   - !!opencv-matrix
      rows: 10
      cols: 10
      dt: d
