%YAML:1.0
---
groups:
   - intact
   - CD19
   - blast
intactGmmnames:
   - "intact.Bln068.0"
   - "intact.Bln068.1"
   - "intact.Bln068.2"
   - "intact.Bln068.3"
   - "intact.Bln068.4"
intactLabels:
   - FSC-A
   - SSC-A
   - SY41
   - CD19
   - CD10
   - CD20
   - CD45
   - CD34
   - CD38
   - CD58
intactMu: !!opencv-matrix
   rows: 5
   cols: 10
   dt: d
   data: [ 1.9969764816711166e+00, 9.9922685512973586e-01,
       2.9493077188924191e+00, 9.2863505319059281e-01,
       1.1182316044234140e+00, 1.2402644099375122e+00,
       1.6670985601457642e+00, 1.3355602496878600e+00,
       2.2180664261579301e+00, 2.0038111405066221e+00,
       1.0112648682403875e+00, 2.7986930325562909e-01,
       2.9680724757822756e+00, 7.7653108631399637e-01,
       8.6739856924561609e-01, 1.0634400740851109e+00,
       2.3466492674226731e+00, 1.0249539692504077e+00,
       2.4067294897809983e+00, 1.3322768586005116e+00,
       3.0791704461171459e+00, 3.0249875505537753e+00,
       2.8882548825417977e+00, 9.7900755734599021e-01,
       2.3380709459527953e+00, 1.1619122572461127e+00,
       2.0199539004814357e+00, 1.2030701627930920e+00,
       2.4770041876941726e+00, 2.3245080056002494e+00,
       9.5860674055545836e-01, 3.7715094660432846e-01,
       2.9798050769170765e+00, 6.8062140255173642e-01,
       8.6284277908245455e-01, 9.9346155429085792e-01,
       1.0146959698746283e+00, 1.1247517693344831e+00,
       1.6543804317720703e+00, 2.4408170557208955e+00,
       3.1205632710180398e+00, 2.7116840104110644e+00,
       2.7610207134862343e+00, 8.5920388684245230e-01,
       1.7741227768713348e+00, 1.1020053071640479e+00,
       1.8938722441516964e+00, 1.1138276084110896e+00,
       2.3997763815162947e+00, 2.1749886803983887e+00 ]
intactSigma:
   - !!opencv-matrix
      rows: 10
      cols: 10
      dt: d
      data: [ 9.7693730407188062e-01, 5.4729833613992451e-01,
          1.3818110562323670e-02, 1.1414487052016241e-01,
          1.3386342799960427e-01, 8.5008776041075804e-02,
          1.5758743078058174e-01, 1.6078687498550873e-01,
          3.4763143220649573e-01, 2.8406134851850151e-01,
          5.4729833613992462e-01, 6.4799466342167233e-01,
          -3.1037308585531915e-03, 1.0612927478429737e-01,
          1.6199863427106981e-01, 8.5991777017898563e-02,
          1.4508647707301461e-01, 1.1148403553065502e-01,
          3.4828407757149032e-01, 1.8495180684246837e-01,
          1.3818110562323672e-02, -3.1037308585531863e-03,
          1.3489882890331339e-01, 7.1580668073214409e-04,
          -1.0051632685813057e-03, 4.9171447666201684e-03,
          1.8964776064881437e-03, 1.6953378746445386e-02,
          4.0213976135443710e-02, 5.8030314392762287e-02,
          1.1414487052016241e-01, 1.0612927478429737e-01,
          7.1580668073214268e-04, 2.0562391333709151e-01,
          8.4809587395105426e-02, 1.1411231865691727e-01,
          7.1703350761728582e-02, 6.3989268973997079e-02,
          8.5338865353778062e-02, 3.5170975079700663e-02,
          1.3386342799960427e-01, 1.6199863427106981e-01,
          -1.0051632685813077e-03, 8.4809587395105399e-02,
          2.8389088479640751e-01, 4.6551739036264903e-02,
          7.2091386809488150e-02, 3.2973219443359979e-02,
          6.8646275227682421e-02, 1.5947375278590917e-02,
          8.5008776041075818e-02, 8.5991777017898563e-02,
          4.9171447666201684e-03, 1.1411231865691727e-01,
          4.6551739036264903e-02, 1.6599633440327613e-01,
          5.1032686084203381e-02, 5.9714990331026396e-02,
          7.9152040919776345e-02, 1.9348713688376953e-02,
          1.5758743078058174e-01, 1.4508647707301464e-01,
          1.8964776064881459e-03, 7.1703350761728568e-02,
          7.2091386809488150e-02, 5.1032686084203374e-02,
          3.8863379730786207e-01, 4.2962063477460531e-02,
          3.2863100503545040e-01, 5.6064340303006860e-02,
          1.6078687498550873e-01, 1.1148403553065502e-01,
          1.6953378746445383e-02, 6.3989268973997079e-02,
          3.2973219443359979e-02, 5.9714990331026396e-02,
          4.2962063477460531e-02, 1.5946523985953273e-01,
          1.4478985734491465e-01, 1.0340468102504176e-01,
          3.4763143220649567e-01, 3.4828407757149032e-01,
          4.0213976135443696e-02, 8.5338865353778062e-02,
          6.8646275227682407e-02, 7.9152040919776345e-02,
          3.2863100503545040e-01, 1.4478985734491465e-01,
          8.5383512846415421e-01, 2.7031714023003212e-01,
          2.8406134851850151e-01, 1.8495180684246837e-01,
          5.8030314392762287e-02, 3.5170975079700670e-02,
          1.5947375278590917e-02, 1.9348713688376946e-02,
          5.6064340303006860e-02, 1.0340468102504176e-01,
          2.7031714023003212e-01, 3.8113836899533216e-01 ]
   - !!opencv-matrix
      rows: 10
      cols: 10
      dt: d
      data: [ 1.3314796325319539e-01, 1.8740084554821641e-02,
          -6.4577549807968440e-02, -9.5110697432296155e-03,
          -7.8931017981954503e-03, -1.0333477744421858e-02,
          8.6601366950038797e-03, -1.0433448560389693e-02,
          -1.4895988302438469e-02, 7.2364622906789688e-02,
          1.8740084554821644e-02, 1.1381899051711924e-02,
          -1.4281129446013006e-02, -5.9395466674571067e-04,
          -2.4313734428441738e-03, -1.7191521553961782e-03,
          6.2339224326906926e-03, 2.3842036741335439e-04,
          1.7123185425275776e-02, 3.1552209190701723e-02,
          -6.4577549807968440e-02, -1.4281129446013006e-02,
          6.4306580547803402e-02, 9.9916251715031976e-03,
          8.4969954603507109e-03, 1.0329512850491293e-02,
          -2.0807704174472088e-03, 1.0597826714614766e-02,
          -3.1500564459084307e-02, -4.9501311407205213e-02,
          -9.5110697432296155e-03, -5.9395466674571100e-04,
          9.9916251715031976e-03, 5.8494009456868737e-02,
          2.2306295403420199e-03, 4.8231000501728722e-03,
          1.3024604037929180e-03, 8.8053050860114983e-04,
          -4.8594795821213337e-03, -5.3227752200060516e-03,
          -7.8931017981954520e-03, -2.4313734428441738e-03,
          8.4969954603507127e-03, 2.2306295403420199e-03,
          1.1582858945211013e-02, 2.0478651872322296e-03,
          3.6780202909662704e-04, 1.0859918361438119e-03,
          -1.0836832492838686e-02, -1.5765156269892829e-02,
          -1.0333477744421856e-02, -1.7191521553961780e-03,
          1.0329512850491294e-02, 4.8231000501728722e-03,
          2.0478651872322309e-03, 2.0409349547518576e-02,
          5.1456818226120382e-04, 2.6639973068637349e-03,
          -9.1115125614565605e-03, -6.6717233852477565e-03,
          8.6601366950038814e-03, 6.2339224326906908e-03,
          -2.0807704174472101e-03, 1.3024604037929180e-03,
          3.6780202909662721e-04, 5.1456818226120415e-04,
          1.3440394301673394e-02, 1.5210261629505829e-03,
          9.4660409593975564e-03, 1.6395302308428727e-02,
          -1.0433448560389689e-02, 2.3842036741335439e-04,
          1.0597826714614766e-02, 8.8053050860114983e-04,
          1.0859918361438117e-03, 2.6639973068637349e-03,
          1.5210261629505836e-03, 8.2000380342888337e-03,
          -1.3896901819871914e-03, 1.6904131305827395e-04,
          -1.4895988302438471e-02, 1.7123185425275776e-02,
          -3.1500564459084307e-02, -4.8594795821213328e-03,
          -1.0836832492838686e-02, -9.1115125614565605e-03,
          9.4660409593975564e-03, -1.3896901819871908e-03,
          4.6673123961446300e-01, 1.9680654436542259e-02,
          7.2364622906789688e-02, 3.1552209190701723e-02,
          -4.9501311407205206e-02, -5.3227752200060508e-03,
          -1.5765156269892836e-02, -6.6717233852477565e-03,
          1.6395302308428727e-02, 1.6904131305827411e-04,
          1.9680654436542249e-02, 1.5683376290915751e-01 ]
   - !!opencv-matrix
      rows: 10
      cols: 10
      dt: d
