%YAML:1.0
---
groups:
   - intact
   - CD19
   - blast
intactGmmnames:
   - "intact.Bln058.0"
   - "intact.Bln058.1"
   - "intact.Bln058.2"
   - "intact.Bln058.3"
   - "intact.Bln058.4"
intactLabels:
   - FSC-A
   - SSC-A
   - SY41
   - CD19
   - CD10
   - CD20
   - CD45
   - CD34
   - CD38
   - CD58
intactMu: !!opencv-matrix
   rows: 5
   cols: 10
   dt: d
   data: [ 9.0134318584069362e-01, 2.8970883857530277e-01,
       2.5516600070641240e+00, 8.1891008204127880e-01,
       9.1433312794680899e-01, 9.9946855796437073e-01,
       2.6109731310001045e+00, 9.8628088960588833e-01,
       2.6224145797726468e+00, 9.5028942928730298e-01,
       2.9180898162330000e+00, 2.6445009707325768e+00,
       2.6052309243770675e+00, 1.2495640738512581e+00,
       2.5527752835460107e+00, 1.2640623996863851e+00,
       2.2764176844099899e+00, 1.3057015928279785e+00,
       2.6109039050586538e+00, 2.1475686088811186e+00,
       1.0825678698413330e+00, 3.5042157571701849e-01,
       2.4200656577032795e+00, 8.0432244885666848e-01,
       8.8538982818772805e-01, 9.8256752243477563e-01,
       2.6279963370332462e+00, 9.5862502893694301e-01,
       2.1287895009845772e+00, 1.4626609678416582e+00,
       1.0111095258449367e+00, 3.8040357275350445e-01,
       2.5434787650488415e+00, 8.5638615578591759e-01,
       8.7324200890494430e-01, 1.1180549755497207e+00,
       2.6766839807021716e+00, 1.0262362343183287e+00,
       2.6498447200437996e+00, 1.6268381735664177e+00,
       1.2601550349890596e+00, 5.1782535031376642e-01,
       2.6306146536929034e+00, 8.5389895020168050e-01,
       1.0353282410114386e+00, 1.0608098749817081e+00,
       1.7742281466548153e+00, 1.1076095815056224e+00,
       1.9671636216292261e+00, 1.7922643597707049e+00 ]
intactSigma:
   - !!opencv-matrix
      rows: 10
      cols: 10
      dt: d
      data: [ 4.9637900183843398e-02, 4.3666173479225854e-03,
          -2.5133001744652134e-02, -6.2490110888786202e-04,
          1.2085912383535396e-03, -1.4353785267207659e-03,
          5.8237855909428699e-03, -6.8284414547106964e-03,
          1.4833785400874076e-03, 1.2427390977845024e-03,
          4.3666173479225863e-03, 3.0500502041039923e-03,
          -2.8596196061880575e-03, 5.1755208181525911e-04,
          9.7326283879254662e-04, 1.2221958955374655e-04,
          2.6234692076267958e-03, -1.4715541508319909e-04,
          -3.4286098928023997e-03, 1.8492018665441539e-03,
          -2.5133001744652134e-02, -2.8596196061880571e-03,
          2.8714641174085405e-02, 1.6652122482001847e-03,
          1.3896714518384689e-04, 1.6731301897520805e-03,
          -1.7088111199983276e-03, 6.6012724512293439e-03,
          -1.9168470310779702e-03, 7.4625607137350232e-04,
          -6.2490110888786224e-04, 5.1755208181525900e-04,
          1.6652122482001847e-03, 5.2959480742796411e-02,
          -1.7446051202916934e-04, -6.5376160811436170e-04,
          8.1853947100150220e-04, -1.3127805925767038e-03,
          -9.8561168461880366e-04, 1.0156587371418879e-03,
          1.2085912383535396e-03, 9.7326283879254640e-04,
          1.3896714518384695e-04, -1.7446051202916940e-04,
          6.1909297611601449e-03, 1.8834351984522573e-04,
          1.6595868598638795e-03, 1.4777345902058757e-04,
          -1.7045008367363823e-03, 2.9529155171064829e-04,
          -1.4353785267207664e-03, 1.2221958955374658e-04,
          1.6731301897520805e-03, -6.5376160811436181e-04,
          1.8834351984522570e-04, 1.0575884820696888e-02,
          3.3510189167605632e-04, 5.8303055811708727e-04,
          1.6588067156107019e-03, 4.5147930635854033e-04,
          5.8237855909428708e-03, 2.6234692076267958e-03,
          -1.7088111199983279e-03, 8.1853947100150154e-04,
          1.6595868598638795e-03, 3.3510189167605643e-04,
          6.4184420735407446e-03, 1.3108704308208689e-04,
          -3.2347153294302027e-03, 1.6995985308265970e-03,
          -6.8284414547106981e-03, -1.4715541508319915e-04,
          6.6012724512293439e-03, -1.3127805925767038e-03,
          1.4777345902058757e-04, 5.8303055811708727e-04,
          1.3108704308208689e-04, 5.5287169971243713e-03,
          -1.1777177741247543e-03, 7.7045420851760071e-04,
          1.4833785400874080e-03, -3.4286098928023988e-03,
          -1.9168470310779711e-03, -9.8561168461880366e-04,
          -1.7045008367363829e-03, 1.6588067156107025e-03,
          -3.2347153294302027e-03, -1.1777177741247534e-03,
          1.2254015957176662e-01, -6.9751362356682296e-03,
          1.2427390977845026e-03, 1.8492018665441539e-03,
          7.4625607137350232e-04, 1.0156587371418879e-03,
          2.9529155171064818e-04, 4.5147930635854044e-04,
          1.6995985308265974e-03, 7.7045420851760049e-04,
          -6.9751362356682304e-03, 7.3854960689388764e-03 ]
   - !!opencv-matrix
      rows: 10
      cols: 10
      dt: d
      data: [ 5.9539988176510750e-01, 4.2646181167277430e-01,
          -2.1754069971215231e-02, 3.7964389359330983e-02,
          1.4067534023509956e-01, -1.6554342289188808e-02,
          1.0930504060968262e-01, 2.7527880883687211e-02,
          6.9177675241213502e-02, 9.4993429411635188e-02,
          4.2646181167277430e-01, 6.4747721898235855e-01,
          -1.9928644566090278e-02, 7.9373223152505810e-03,
          2.1445840109564770e-01, -7.2874441606556123e-02,
          1.0805362461748129e-01, 1.8720379569773071e-02,
          7.9568513420016779e-02, 1.1987964879757688e-01,
          -2.1754069971215231e-02, -1.9928644566090278e-02,
          7.9793047999356034e-02, 6.3876717441414691e-03,
          -5.6364016252470649e-04, 8.1539148640794729e-03,
          -1.8691363671867254e-03, 2.0629099305283401e-03,
          7.3185970070653349e-03, -1.2107190754528695e-02,
          3.7964389359330969e-02, 7.9373223152505810e-03,
          6.3876717441414682e-03, 2.0977976921521557e-01,
          3.7688231815880603e-03, 1.3962804632206668e-01,
          4.8693183467780336e-02, 4.5179909973304087e-02,
          4.7810765495987326e-02, 3.2399654621251155e-02,
          1.4067534023509956e-01, 2.1445840109564770e-01,
          -5.6364016252470725e-04, 3.7688231815880603e-03,
          2.9573410442385240e-01, -8.0356972367420801e-02,
          7.5874512805939889e-02, -9.9734912059794567e-03,
          1.3887450032958168e-02, 6.0505653471273152e-02,
          -1.6554342289188808e-02, -7.2874441606556123e-02,
          8.1539148640794711e-03, 1.3962804632206668e-01,
          -8.0356972367420801e-02, 2.0016787759612220e-01,
          2.3764404792208055e-02, 6.3262505959312057e-02,
          3.9371011279254693e-02, 7.5508323064749500e-03,
          1.0930504060968262e-01, 1.0805362461748130e-01,
          -1.8691363671867254e-03, 4.8693183467780336e-02,
          7.5874512805939889e-02, 2.3764404792208055e-02,
          8.3959330809596666e-02, 1.4567761810084264e-02,
          4.1786771764284844e-02, 4.7549839718034385e-02,
          2.7527880883687211e-02, 1.8720379569773071e-02,
          2.0629099305283405e-03, 4.5179909973304087e-02,
          -9.9734912059794567e-03, 6.3262505959312057e-02,
          1.4567761810084269e-02, 8.1463977290548606e-02,
          3.3196125559921158e-02, 3.3040634649328555e-02,
          6.9177675241213502e-02, 7.9568513420016779e-02,
          7.3185970070653358e-03, 4.7810765495987326e-02,
          1.3887450032958163e-02, 3.9371011279254693e-02,
          4.1786771764284851e-02, 3.3196125559921158e-02,
          9.1811511402851681e-02, 5.6653295476544192e-02,
          9.4993429411635188e-02, 1.1987964879757688e-01,
          -1.2107190754528695e-02, 3.2399654621251155e-02,
          6.0505653471273152e-02, 7.5508323064749526e-03,
          4.7549839718034385e-02, 3.3040634649328555e-02,
          5.6653295476544192e-02, 1.0331499901863142e-01 ]
   - !!opencv-matrix
      rows: 10
      cols: 10
      dt: d
