%YAML:1.0
---
groups:
   - intact
   - CD19
   - blast
intactGmmnames:
   - "intact.Bln057.0"
   - "intact.Bln057.1"
   - "intact.Bln057.2"
   - "intact.Bln057.3"
   - "intact.Bln057.4"
intactLabels:
   - FSC-A
   - SSC-A
   - SY41
   - CD19
   - CD10
   - CD20
   - CD45
   - CD34
   - CD38
   - CD58
intactMu: !!opencv-matrix
   rows: 5
   cols: 10
   dt: d
   data: [ 2.5371699051903676e+00, 2.2763085097951037e+00,
       2.6488653555943222e+00, 1.0379580211146882e+00,
       1.8388625744002649e+00, 1.1848238725744757e+00,
       1.9557889499340748e+00, 1.2482804516464074e+00,
       2.4762752090774209e+00, 2.0009061392544560e+00,
       1.2386790722074796e+00, 3.6052027195283809e-01,
       2.4541362329737000e+00, 8.0948507046876828e-01,
       9.0510806068096805e-01, 1.0187311685686018e+00,
       2.5544959700543379e+00, 9.7962088936321523e-01,
       2.0169165140205196e+00, 1.7693275449910839e+00,
       2.7520190597274707e+00, 3.0786027307409949e+00,
       2.6282066250745340e+00, 1.1589759227804408e+00,
       2.6081311017668813e+00, 1.1417849646866403e+00,
       2.2634254277407604e+00, 1.2362283862617380e+00,
       2.4312468515948793e+00, 2.3271246033895330e+00,
       9.5258056576045358e-01, 2.7492654712951486e-01,
       2.5394969969940053e+00, 8.0753776956734546e-01,
       9.3484934953661858e-01, 9.8820176664218384e-01,
       2.4943008374433844e+00, 9.6531866454828230e-01,
       2.4988140076954313e+00, 9.7606540328078173e-01,
       1.1360374449371116e+00, 6.2381551955379488e-01,
       2.9739031286239537e+00, 8.1692174623975433e-01,
       9.8665285391504898e-01, 1.0502452944228222e+00,
       7.4449946913528031e-01, 1.1856363938684382e+00,
       1.9074804131120735e+00, 2.3766110900836326e+00 ]
intactSigma:
   - !!opencv-matrix
      rows: 10
      cols: 10
      dt: d
      data: [ 5.6128564743735476e-01, 3.4787417763642969e-01,
          -7.6948519581571404e-03, 1.0916074956117508e-02,
          -7.9337503119192174e-02, 1.0390638561280016e-02,
          1.4536859613787678e-02, 4.8643810003819402e-03,
          7.8133794284559299e-02, 6.8513712265100862e-02,
          3.4787417763642964e-01, 6.8777426468186065e-01,
          -2.2960614891353211e-02, 3.0389868885321199e-02,
          8.6093290292154373e-02, 1.3524132208198454e-02,
          5.0161266251607254e-03, -6.5710656356641568e-03,
          2.9197540965143355e-02, 4.2680053862788551e-02,
          -7.6948519581571430e-03, -2.2960614891353218e-02,
          1.0234683414436146e-01, 4.9206151858692806e-03,
          4.8963729643254454e-02, 1.1192507516758449e-02,
          2.1595648795529620e-02, 6.9176604015139496e-03,
          1.5662892938579052e-02, 5.4781749716377538e-05,
          1.0916074956117502e-02, 3.0389868885321199e-02,
          4.9206151858692797e-03, 1.1728663644460102e-01,
          4.4241443620982784e-02, 2.8834465606223793e-02,
          1.6384251388673859e-02, 1.7417998890065733e-02,
          1.9458164905861049e-03, 1.4103417624713994e-02,
          -7.9337503119192160e-02, 8.6093290292154373e-02,
          4.8963729643254454e-02, 4.4241443620982784e-02,
          4.8595876183179793e-01, 3.5756564320139368e-03,
          8.3957116922107916e-02, -8.4399415401053487e-03,
          -1.2719308128479095e-01, -5.9559910907163352e-02,
          1.0390638561280016e-02, 1.3524132208198454e-02,
          1.1192507516758449e-02, 2.8834465606223793e-02,
          3.5756564320139359e-03, 5.0119291584867560e-02,
          4.0444023917744071e-03, 2.5301141047471012e-02,
          1.5808229341553248e-02, 9.4830163660011169e-03,
          1.4536859613787678e-02, 5.0161266251607236e-03,
          2.1595648795529620e-02, 1.6384251388673863e-02,
          8.3957116922107916e-02, 4.0444023917744071e-03,
          9.6265396752920840e-02, 6.6671943769688559e-03,
          1.2919879672372944e-02, 2.7360920833825634e-02,
          4.8643810003819402e-03, -6.5710656356641577e-03,
          6.9176604015139496e-03, 1.7417998890065733e-02,
          -8.4399415401053487e-03, 2.5301141047471012e-02,
          6.6671943769688559e-03, 5.6632108677961861e-02,
          1.8895419449962890e-02, 2.5961393046693013e-02,
          7.8133794284559299e-02, 2.9197540965143359e-02,
          1.5662892938579052e-02, 1.9458164905861071e-03,
          -1.2719308128479095e-01, 1.5808229341553248e-02,
          1.2919879672372944e-02, 1.8895419449962890e-02,
          1.9026383803500105e-01, 5.5513671832498925e-02,
          6.8513712265100862e-02, 4.2680053862788538e-02,
          5.4781749716376873e-05, 1.4103417624713994e-02,
          -5.9559910907163345e-02, 9.4830163660011169e-03,
          2.7360920833825641e-02, 2.5961393046693013e-02,
          5.5513671832498925e-02, 8.0965269569557491e-02 ]
   - !!opencv-matrix
      rows: 10
      cols: 10
      dt: d
      data: [ 1.6491662031766099e-01, 1.0351434531351107e-02,
          -4.5080117925275026e-02, -2.3470008925762691e-03,
          -1.1838063729254909e-02, -5.0791364589187794e-03,
          1.6541065717315128e-02, -3.2418855075361688e-03,
          -3.7251828107924177e-02, 6.4154575033851677e-02,
          1.0351434531351107e-02, 7.8556038525497921e-03,
          -4.7057008626217815e-03, 5.8866994734619357e-04,
          -9.2694291836532719e-04, -2.8333160180356065e-04,
          4.7343885069607789e-03, 9.4058127201420609e-04,
          2.4034978140196925e-03, 1.6699543885131934e-02,
          -4.5080117925275026e-02, -4.7057008626217815e-03,
          4.7135775293049222e-02, 2.8259995367716593e-03,
          6.8425486877297190e-03, 3.2166525712682527e-03,
          -5.7555805289057991e-03, 4.3494911540099546e-03,
          6.9978905825073658e-03, -1.9343004558447112e-02,
          -2.3470008925762682e-03, 5.8866994734619346e-04,
          2.8259995367716597e-03, 5.5169369745424371e-02,
          1.3204680028324144e-03, 1.2077399435915120e-03,
          1.0734711117740641e-03, -1.1354265446541873e-03,
          5.0415206110524732e-03, -2.0766696391396676e-03,
          -1.1838063729254909e-02, -9.2694291836532719e-04,
          6.8425486877297190e-03, 1.3204680028324142e-03,
          2.7149232677751687e-02, 1.0429530435188844e-03,
          4.7595520977890168e-04, 4.1077159658898670e-04,
          1.9764728402428638e-02, -2.3972108782230685e-02,
          -5.0791364589187786e-03, -2.8333160180356065e-04,
          3.2166525712682532e-03, 1.2077399435915124e-03,
          1.0429530435188844e-03, 2.5680679783888143e-02,
          1.0437356337197107e-03, 5.8317384687251600e-04,
          1.7634982497129986e-03, -5.0510782972652130e-03,
          1.6541065717315138e-02, 4.7343885069607789e-03,
          -5.7555805289058000e-03, 1.0734711117740645e-03,
          4.7595520977890152e-04, 1.0437356337197107e-03,
          2.0566831250200229e-02, 2.3260794702135626e-04,
          2.4049564797395069e-02, 1.4553237705798061e-02,
          -3.2418855075361684e-03, 9.4058127201420620e-04,
          4.3494911540099546e-03, -1.1354265446541876e-03,
          4.1077159658898670e-04, 5.8317384687251611e-04,
          2.3260794702135613e-04, 4.7021699725637318e-03,
          3.8316373862656693e-03, 3.1921338876694421e-03,
          -3.7251828107924177e-02, 2.4034978140196912e-03,
          6.9978905825073632e-03, 5.0415206110524750e-03,
          1.9764728402428631e-02, 1.7634982497129984e-03,
          2.4049564797395079e-02, 3.8316373862656706e-03,
          6.0045857682644987e-01, -6.8828404733171283e-02,
          6.4154575033851691e-02, 1.6699543885131934e-02,
          -1.9343004558447112e-02, -2.0766696391396676e-03,
          -2.3972108782230685e-02, -5.0510782972652147e-03,
          1.4553237705798064e-02, 3.1921338876694421e-03,
          -6.8828404733171297e-02, 1.5265261863519730e-01 ]
   - !!opencv-matrix
      rows: 10
      cols: 10
      dt: d
