%YAML:1.0
---
groups:
   - intact
   - CD19
intactGmmnames:
   - "intact.Bln062.0"
   - "intact.Bln062.1"
   - "intact.Bln062.2"
   - "intact.Bln062.3"
   - "intact.Bln062.4"
intactLabels:
   - FSC-A
   - SSC-A
   - SY41
   - CD19
   - CD10
   - CD20
   - CD45
   - CD34
   - CD38
   - CD58
intactMu: !!opencv-matrix
   rows: 5
   cols: 10
   dt: d
   data: [ 2.8870547019182382e+00, 3.0211995579995374e+00,
       2.4896860343934972e+00, 8.8052770051897533e-01,
       1.9864869304161048e+00, 1.0512415311007375e+00,
       2.0520251369391005e+00, 1.1386496111378350e+00,
       2.2488010489054382e+00, 2.2891115570405329e+00,
       1.0712339762805501e+00, 3.3772166232630640e-01,
       2.3086737596750422e+00, 6.7044756064829347e-01,
       8.5613476206371719e-01, 9.6311425819998908e-01,
       2.4059109763887374e+00, 9.3529238065943099e-01,
       2.0485202297261518e+00, 1.3634335018238615e+00,
       2.9528638957932900e+00, 3.3353063282630973e+00,
       2.5324722704032774e+00, 9.4519052410092064e-01,
       2.3932530346847778e+00, 1.0861231903615940e+00,
       2.1093830521119021e+00, 1.2006781363798762e+00,
       2.3577994538955234e+00, 2.3657493452606739e+00,
       2.4519155661594478e+00, 2.2711441231904157e+00,
       2.5367519791232587e+00, 8.5415415001539396e-01,
       1.6960858381173265e+00, 1.0791242765446574e+00,
       2.0493077634481329e+00, 1.2101860498033954e+00,
       2.6118458964081164e+00, 2.0814714813396429e+00,
       1.4146180806442463e+00, 6.9888738950792151e-01,
       2.4656969776436908e+00, 8.2385630001372556e-01,
       9.9281951135828117e-01, 1.2355889945408232e+00,
       2.0578621561228898e+00, 1.1527842809800741e+00,
       2.4193254482495483e+00, 1.7653699427445451e+00 ]
intactSigma:
   - !!opencv-matrix
      rows: 10
      cols: 10
      dt: d
      data: [ 3.5732875296095118e-01, 1.7234387581669403e-01,
          -1.2765726279923863e-02, -1.8123983503143776e-03,
          -1.2031412534117561e-02, 2.0645478318428675e-03,
          -2.9088347749653415e-04, 4.9814735901379673e-03,
          1.9433666793928165e-02, 4.7534572530721049e-03,
          1.7234387581669403e-01, 3.4455028717386071e-01,
          1.8117002012467992e-04, 1.2378369308368414e-02,
          -1.7150152906645663e-02, 6.1526801835069160e-03,
          2.9336217014836086e-03, 1.8943210163383510e-02,
          4.4141741200388766e-02, 2.2451874682139744e-02,
          -1.2765726279923863e-02, 1.8117002012467978e-04,
          2.3793990283798392e-02, 2.8636484143016580e-03,
          -1.2534579318680171e-02, 2.2273687908956302e-03,
          -2.0643973312974187e-03, 3.3578185514442182e-03,
          4.2387379383680372e-03, 4.6048375552219046e-03,
          -1.8123983503143771e-03, 1.2378369308368409e-02,
          2.8636484143016584e-03, 7.4127749686774921e-02,
          1.8708774270117089e-02, -5.8096345631816683e-04,
          3.9002070408423479e-03, -9.0472078333126479e-04,
          3.3068130158520823e-03, 3.5598062665162179e-03,
          -1.2031412534117559e-02, -1.7150152906645670e-02,
          -1.2534579318680173e-02, 1.8708774270117089e-02,
          1.5466540308309493e-01, -3.6344800309422165e-03,
          8.3513568014618213e-03, -3.4793923131143920e-03,
          -2.4675416781642878e-02, -9.6099155355373195e-03,
          2.0645478318428675e-03, 6.1526801835069160e-03,
          2.2273687908956302e-03, -5.8096345631816640e-04,
          -3.6344800309422174e-03, 7.4854797407526577e-03,
          6.2068073523206444e-04, 1.6677068107467776e-03,
          1.1754342837770701e-03, 1.8393700758177354e-03,
          -2.9088347749653431e-04, 2.9336217014836095e-03,
          -2.0643973312974187e-03, 3.9002070408423479e-03,
          8.3513568014618247e-03, 6.2068073523206476e-04,
          1.7672124455135597e-02, 1.6392791654375820e-03,
          -4.2385145007539033e-03, -9.3195401457214820e-05,
          4.9814735901379673e-03, 1.8943210163383510e-02,
          3.3578185514442182e-03, -9.0472078333126468e-04,
          -3.4793923131143925e-03, 1.6677068107467776e-03,
          1.6392791654375825e-03, 1.1414173461040034e-02,
          5.0413739943081185e-03, 5.0890166927880605e-03,
          1.9433666793928168e-02, 4.4141741200388773e-02,
          4.2387379383680372e-03, 3.3068130158520810e-03,
          -2.4675416781642878e-02, 1.1754342837770697e-03,
          -4.2385145007539041e-03, 5.0413739943081211e-03,
          5.3243809556689191e-02, 1.1562072984482044e-02,
          4.7534572530721041e-03, 2.2451874682139744e-02,
          4.6048375552219054e-03, 3.5598062665162175e-03,
          -9.6099155355373160e-03, 1.8393700758177354e-03,
          -9.3195401457214834e-05, 5.0890166927880605e-03,
          1.1562072984482044e-02, 1.4765315690705123e-02 ]
   - !!opencv-matrix
      rows: 10
      cols: 10
      dt: d
      data: [ 4.1844478855639411e-02, 5.4287952373948418e-03,
          -1.1171774464022483e-02, 1.7697231408319043e-04,
          -1.5592429824222097e-03, 2.5531977353117325e-04,
          3.4662830075359754e-03, 2.2742958469595397e-04,
          -2.9492797558515971e-02, 2.3766875070491744e-02,
          5.4287952373948418e-03, 7.5805550647269930e-03,
          -2.2519602442949249e-03, 5.4400922502607365e-04,
          -1.6294741867572060e-03, 6.3178551320750606e-04,
          3.1446794013264127e-03, 1.1396316194940118e-03,
          -1.1954313124849895e-02, 2.6536234615164678e-02,
          -1.1171774464022481e-02, -2.2519602442949249e-03,
          1.5556447816083764e-02, 2.1920580458537937e-04,
          1.1293038836389057e-03, 6.0325636560155840e-05,
          -1.5962103797978377e-03, 4.2019097163863346e-04,
          1.0037225481123268e-02, -9.1668394881952477e-03,
          1.7697231408319032e-04, 5.4400922502607365e-04,
          2.1920580458537967e-04, 3.3422304295761165e-02,
          5.6417339724079653e-04, -6.4339631333970115e-04,
          8.0796691689411881e-04, -1.0327781890366488e-03,
          3.0291163602169584e-03, -1.6794444491652642e-03,
          -1.5592429824222093e-03, -1.6294741867572057e-03,
          1.1293038836389057e-03, 5.6417339724079663e-04,
          1.1332466127649996e-02, -2.0139613416967635e-04,
          2.1749321723567548e-03, -8.2275123450031948e-04,
          1.7074304808505386e-02, -2.4493534318656262e-02,
          2.5531977353117363e-04, 6.3178551320750638e-04,
          6.0325636560155779e-05, -6.4339631333970105e-04,
          -2.0139613416967630e-04, 6.1661753825399132e-03,
          4.4532628216719007e-04, 1.2114489007496850e-04,
          -1.8872024925356315e-04, 2.9564089766422959e-03,
          3.4662830075359746e-03, 3.1446794013264127e-03,
          -1.5962103797978375e-03, 8.0796691689411903e-04,
          2.1749321723567544e-03, 4.4532628216719007e-04,
          1.5428470843638095e-02, 2.4821721531904532e-04,
          1.6271613240753689e-02, -4.6457273460818022e-05,
          2.2742958469595389e-04, 1.1396316194940118e-03,
          4.2019097163863351e-04, -1.0327781890366488e-03,
          -8.2275123450031970e-04, 1.2114489007496858e-04,
          2.4821721531904532e-04, 2.4608021469540980e-03,
          -2.0786429684876398e-03, 6.9033750380567581e-03,
          -2.9492797558515981e-02, -1.1954313124849895e-02,
          1.0037225481123267e-02, 3.0291163602169605e-03,
          1.7074304808505386e-02, -1.8872024925356310e-04,
          1.6271613240753689e-02, -2.0786429684876389e-03,
          5.3958890447322816e-01, -1.5993656965825098e-01,
          2.3766875070491744e-02, 2.6536234615164678e-02,
          -9.1668394881952442e-03, -1.6794444491652644e-03,
          -2.4493534318656262e-02, 2.9564089766422955e-03,
          -4.6457273460817527e-05, 6.9033750380567581e-03,
          -1.5993656965825098e-01, 2.3137385602339341e-01 ]
   - !!opencv-matrix
      rows: 10
      cols: 10
      dt: d
