%YAML:1.0
---
groups:
   - intact
   - CD19
intactGmmnames:
   - "intact.Bln047.0"
   - "intact.Bln047.1"
   - "intact.Bln047.2"
   - "intact.Bln047.3"
   - "intact.Bln047.4"
intactLabels:
   - FSC-A
   - SSC-A
   - SY41
   - CD19
   - CD10
   - CD20
   - CD45
   - CD34
   - CD38
   - CD58
intactMu: !!opencv-matrix
   rows: 5
   cols: 10
   dt: d
   data: [ 8.3951753795647144e-01, 2.5194534613388075e-01,
       2.5174783263720486e+00, 7.6424385408448647e-01,
       8.8361140062739729e-01, 9.9197732793622895e-01,
       2.4207638883065190e+00, 9.9584583120183023e-01,
       2.3541078871966241e+00, 1.0880100800210610e+00,
       2.9848173741799755e+00, 3.4740728924421354e+00,
       2.5562386442677263e+00, 1.0825042278954597e+00,
       2.0904536501683406e+00, 1.1659990034699237e+00,
       1.9993862740655683e+00, 1.3232899000516865e+00,
       2.6170698809181405e+00, 2.3582029495593040e+00,
       1.1725548836817039e+00, 3.7966280094734284e-01,
       2.3644371946355323e+00, 7.4336196465990012e-01,
       8.2781548711779940e-01, 9.7861796202866558e-01,
       2.4588885150809117e+00, 9.6778446131478013e-01,
       2.1342987791808765e+00, 1.8344502236941380e+00,
       9.3040121941411735e-01, 3.5295549596487741e-01,
       2.7023745973485989e+00, 7.3442717986967410e-01,
       1.1249601190296097e+00, 9.8588005970272896e-01,
       8.7666566500675280e-01, 1.0871072855021324e+00,
       1.8999587120517818e+00, 2.3047363753426802e+00,
       1.9892320093280149e+00, 1.2211864960252898e+00,
       2.6691126532753331e+00, 1.0051780770019614e+00,
       1.4272602591417012e+00, 1.2511305349375834e+00,
       2.0120270376578571e+00, 1.2892589954550888e+00,
       2.6364657926924311e+00, 2.0967330407944136e+00 ]
intactSigma:
   - !!opencv-matrix
      rows: 10
      cols: 10
      dt: d
      data: [ 3.0587181111745656e-02, -5.3152282323338618e-04,
          -1.2595271781644317e-02, -1.7456963437641230e-03,
          -3.8733294055516516e-04, -2.4945085229305156e-03,
          1.8324790133226101e-04, -4.7373894436657984e-03,
          7.6806804291964844e-03, -7.0087894559561856e-03,
          -5.3152282323338618e-04, 1.8937689045473982e-03,
          4.5638527107713265e-04, 7.2093268033114762e-04,
          4.2012983682309540e-04, 5.5033270941713436e-04,
          1.3097905025120731e-03, 8.5640321206738768e-04,
          -4.1190161293935502e-03, 3.5280657651379338e-03,
          -1.2595271781644315e-02, 4.5638527107713244e-04,
          1.8326626923677210e-02, 2.3263814806913385e-03,
          7.0382309682552396e-04, 2.7490267330573899e-03,
          3.4200137326923663e-04, 4.6411650472266541e-03,
          -5.7860632310752329e-03, 7.5044172614050645e-03,
          -1.7456963437641230e-03, 7.2093268033114740e-04,
          2.3263814806913385e-03, 5.2114607661533814e-02,
          -1.1074074119486757e-04, -5.1028023360754974e-05,
          7.2797837031735968e-04, -9.9700509209804840e-04,
          -2.9156401948649436e-04, 2.2656219216845791e-03,
          -3.8733294055516505e-04, 4.2012983682309529e-04,
          7.0382309682552385e-04, -1.1074074119486744e-04,
          6.5747871112389776e-03, 3.5047862804997058e-04,
          8.2135343043585377e-04, 2.7862514775069803e-04,
          -1.5533513456470070e-03, -2.0165055650991602e-03,
          -2.4945085229305156e-03, 5.5033270941713436e-04,
          2.7490267330573903e-03, -5.1028023360754920e-05,
          3.5047862804997047e-04, 8.6492050317135954e-03,
          5.4850290465178228e-04, 1.1488999647928219e-03,
          -5.9018803872014497e-03, 2.3060635928603872e-03,
          1.8324790133226085e-04, 1.3097905025120733e-03,
          3.4200137326923646e-04, 7.2797837031735903e-04,
          8.2135343043585355e-04, 5.4850290465178239e-04,
          6.0993408506837881e-03, 8.3317676314244500e-04,
          -1.7280103323975150e-03, 3.0393720399675968e-03,
          -4.7373894436657984e-03, 8.5640321206738768e-04,
          4.6411650472266532e-03, -9.9700509209804883e-04,
          2.7862514775069792e-04, 1.1488999647928223e-03,
          8.3317676314244500e-04, 5.6022163506359302e-03,
          -4.5612216476366993e-03, 4.5964413648347507e-03,
          7.6806804291964853e-03, -4.1190161293935511e-03,
          -5.7860632310752303e-03, -2.9156401948649447e-04,
          -1.5533513456470075e-03, -5.9018803872014462e-03,
          -1.7280103323975146e-03, -4.5612216476366985e-03,
          1.4603607343363828e-01, -1.4460866258521604e-02,
          -7.0087894559561848e-03, 3.5280657651379347e-03,
          7.5044172614050671e-03, 2.2656219216845791e-03,
          -2.0165055650991602e-03, 2.3060635928603872e-03,
          3.0393720399675976e-03, 4.5964413648347515e-03,
          -1.4460866258521604e-02, 4.3747090896459416e-02 ]
   - !!opencv-matrix
      rows: 10
      cols: 10
      dt: d
      data: [ 2.9168231152575386e-01, 1.3524278891017463e-01,
          2.3972712274032211e-03, 8.4630143892171997e-03,
          4.9172199778608544e-03, 1.2610043339253432e-02,
          8.1245152560093133e-03, 1.8556319518600699e-02,
          1.5243224273727572e-02, 1.0732109615014083e-02,
          1.3524278891017461e-01, 3.2357736656081149e-01,
          4.1306909018724303e-03, 2.6427113883089833e-02,
          8.2740980550673776e-02, 1.7163188192953802e-02,
          2.3123191692373563e-02, 2.8341121064140828e-02,
          1.8131364019998941e-02, 2.7256876423525759e-02,
          2.3972712274032211e-03, 4.1306909018724320e-03,
          1.2037003876284362e-02, 1.6129325496835193e-03,
          -1.5588235231722937e-02, 3.8111137590470232e-03,
          -4.1872119026867540e-03, 4.2835014366836956e-03,
          9.0660205711008551e-03, 3.0628264328062234e-03,
          8.4630143892171997e-03, 2.6427113883089839e-02,
          1.6129325496835195e-03, 1.0078075901125833e-01,
          4.5241913754630769e-02, 4.2333118740037800e-03,
          1.3286466772019353e-02, 5.8934788766020450e-03,
          5.4822478258472439e-03, 8.9020766223435379e-03,
          4.9172199778608544e-03, 8.2740980550673776e-02,
          -1.5588235231722937e-02, 4.5241913754630762e-02,
          3.8677359374305981e-01, -1.7087697588344911e-03,
          7.6200423740736573e-02, 2.4404727353587261e-02,
          -3.8908550502155907e-02, 1.6564706317393700e-02,
          1.2610043339253432e-02, 1.7163188192953802e-02,
          3.8111137590470232e-03, 4.2333118740037800e-03,
          -1.7087697588344909e-03, 1.8161138381159667e-02,
          1.3152501152030693e-03, 7.5202257879816263e-03,
          5.5409970464322103e-03, 4.2301290570479965e-03,
          8.1245152560093133e-03, 2.3123191692373563e-02,
          -4.1872119026867523e-03, 1.3286466772019355e-02,
          7.6200423740736600e-02, 1.3152501152030693e-03,
          3.1495282973411219e-02, 8.8587463653548339e-03,
          -8.1575093122196497e-03, 6.2503216745384959e-03,
          1.8556319518600699e-02, 2.8341121064140828e-02,
          4.2835014366836956e-03, 5.8934788766020442e-03,
          2.4404727353587268e-02, 7.5202257879816263e-03,
          8.8587463653548339e-03, 2.6066749428873201e-02,
          7.9823804742924949e-03, 8.3616594354069505e-03,
          1.5243224273727573e-02, 1.8131364019998941e-02,
          9.0660205711008551e-03, 5.4822478258472439e-03,
          -3.8908550502155907e-02, 5.5409970464322103e-03,
          -8.1575093122196497e-03, 7.9823804742924932e-03,
          4.4870325197743470e-02, 6.2538007197985093e-03,
          1.0732109615014083e-02, 2.7256876423525759e-02,
          3.0628264328062234e-03, 8.9020766223435344e-03,
          1.6564706317393704e-02, 4.2301290570479974e-03,
          6.2503216745384959e-03, 8.3616594354069540e-03,
          6.2538007197985076e-03, 1.4138629489348112e-02 ]
   - !!opencv-matrix
      rows: 10
      cols: 10
      dt: d
