%YAML:1.0
---
groups:
   - intact
   - CD19
   - blast
intactGmmnames:
   - "intact.Bln028.0"
   - "intact.Bln028.1"
   - "intact.Bln028.2"
   - "intact.Bln028.3"
   - "intact.Bln028.4"
intactLabels:
   - FSC-A
   - SSC-A
   - SY41
   - CD19
   - CD10
   - CD20
   - CD45
   - CD34
   - CD38
   - CD58
intactMu: !!opencv-matrix
   rows: 5
   cols: 10
   dt: d
   data: [ 2.7452541801835761e+00, 2.6632294883780436e+00,
       2.5869775356419979e+00, 6.4505822320833373e-01,
       1.7104916258322949e+00, 9.1579596638002225e-01,
       1.9636762599527910e+00, 7.7376106335713968e-01,
       1.6147867510094895e+00, 1.6099828631691993e+00,
       8.6176570011536524e-01, 5.1602952629595400e-01,
       2.8601260497132786e+00, 5.7695368794196933e-01,
       7.1359514247607758e-01, 8.9887875818446639e-01,
       7.5277242349414208e-01, 7.7197795251675194e-01,
       1.0484344393804279e+00, 2.0201763513479496e+00,
       9.0033036772936970e-01, 3.4863251549620122e-01,
       2.6571207961360463e+00, 5.8478844172420696e-01,
       7.8085253021687351e-01, 8.9436378038160547e-01,
       2.1989109802739000e+00, 6.9492138747197219e-01,
       1.4970724574153771e+00, 1.2052928865416024e+00,
       6.0634117345333338e-01, 2.8640735660341837e-01,
       2.9062227701191254e+00, 5.9098933735239623e-01,
       7.8398111273927007e-01, 8.9489798109670748e-01,
       2.1800410957726752e+00, 7.1521090822309086e-01,
       1.6731460211966434e+00, 1.0673925497707419e+00,
       2.0059512191907438e+00, 1.2802790696009083e+00,
       2.9329539493800398e+00, 6.8088006372473209e-01,
       9.0620001513425297e-01, 9.7633636271155200e-01,
       1.4666381746617698e+00, 9.7470445716166998e-01,
       1.8192426955420140e+00, 2.0123199857503269e+00 ]
intactSigma:
   - !!opencv-matrix
      rows: 10
      cols: 10
      dt: d
      data: [ 5.4098947108855189e-01, 3.4121697982323990e-01,
          -1.2385084564842096e-02, 2.3681586956009648e-03,
          -5.0815597512647283e-02, 3.2841626539530243e-03,
          -1.2419050587680671e-02, 1.3225585054363958e-02,
          7.3254543061357258e-02, 6.1395846222683202e-02,
          3.4121697982323990e-01, 6.3346939084886067e-01,
          -5.6929414174434770e-02, 1.0979251433982247e-02,
          9.8528025568351885e-02, 2.4472124872945366e-03,
          2.4820428224735347e-02, 1.1480826255224206e-02,
          5.6642810211407921e-02, 1.1973330797258371e-01,
          -1.2385084564842091e-02, -5.6929414174434777e-02,
          7.5348568666329357e-02, 5.8622333663302297e-04,
          -1.0049597392808427e-02, 2.1943463269562848e-03,
          1.2937535395388298e-02, 8.0193694732970822e-03,
          2.5069433380847439e-02, -1.3570689888238016e-02,
          2.3681586956009648e-03, 1.0979251433982245e-02,
          5.8622333663302297e-04, 9.9265270329403372e-03,
          1.8955368334550565e-02, 2.3479734669310076e-04,
          7.4290149398288652e-03, 4.4862974479009887e-04,
          7.2375855829265659e-04, 4.2319209832988938e-03,
          -5.0815597512647283e-02, 9.8528025568351885e-02,
          -1.0049597392808427e-02, 1.8955368334550565e-02,
          3.0620201591400259e-01, 1.3934420340834508e-04,
          9.4591032224329796e-02, 4.7319834795373104e-03,
          -5.8380607320345175e-02, 2.9646390451344089e-02,
          3.2841626539530230e-03, 2.4472124872945366e-03,
          2.1943463269562852e-03, 2.3479734669310068e-04,
          1.3934420340834517e-04, 7.8784237524675378e-04,
          2.4810596755445109e-04, 7.5303842323665680e-04,
          2.0248516366118260e-03, 4.7795068384561017e-04,
          -1.2419050587680667e-02, 2.4820428224735350e-02,
          1.2937535395388302e-02, 7.4290149398288678e-03,
          9.4591032224329796e-02, 2.4810596755445131e-04,
          8.2636288796772081e-02, 5.9728027905779964e-03,
          7.8942169386727863e-04, 1.9631987564575078e-02,
          1.3225585054363958e-02, 1.1480826255224209e-02,
          8.0193694732970822e-03, 4.4862974479009887e-04,
          4.7319834795373104e-03, 7.5303842323665680e-04,
          5.9728027905779964e-03, 7.3521841937983102e-03,
          7.3452311133158470e-03, 3.2613740354598061e-03,
          7.3254543061357258e-02, 5.6642810211407921e-02,
          2.5069433380847449e-02, 7.2375855829265724e-04,
          -5.8380607320345175e-02, 2.0248516366118251e-03,
          7.8942169386727896e-04, 7.3452311133158470e-03,
          1.3000815870217802e-01, 3.3845484867687715e-02,
          6.1395846222683202e-02, 1.1973330797258371e-01,
          -1.3570689888238016e-02, 4.2319209832988938e-03,
          2.9646390451344089e-02, 4.7795068384561017e-04,
          1.9631987564575078e-02, 3.2613740354598053e-03,
          3.3845484867687715e-02, 6.2481244009486257e-02 ]
   - !!opencv-matrix
      rows: 10
      cols: 10
      dt: d
      data: [ 1.1821091550644607e-01, 5.3707130361518460e-02,
          1.3260293779238080e-03, 6.6057697378956207e-04,
          -1.4381340921375729e-03, 4.0439430249572425e-04,
          2.7049293411928636e-02, 7.6170861171315808e-03,
          3.8235704756421358e-02, 4.3523523071437809e-02,
          5.3707130361518460e-02, 3.9656486384251392e-02,
          1.2326232348795775e-02, 6.0336789710334099e-04,
          -1.9655781338369189e-03, 5.2088476485695175e-04,
          1.5549810941648352e-02, 7.4701943843355784e-03,
          2.6522798041472433e-02, 3.3957136988674232e-02,
          1.3260293779238086e-03, 1.2326232348795771e-02,
          6.0175442180593078e-02, 8.3177819514726188e-04,
          -2.3807568270084217e-03, 8.9043028081668750e-04,
          -6.1845503534311754e-03, 9.7798975991663165e-03,
          1.0702625840896847e-02, 2.4564963913981427e-02,
          6.6057697378956207e-04, 6.0336789710334088e-04,
          8.3177819514726210e-04, 4.6124145050889659e-03,
          9.6184058808267649e-05, -6.3530450059390116e-05,
          1.4067531657424071e-06, -2.6819811320871083e-04,
          7.2883116105527132e-04, 4.7518641018938658e-04,
          -1.4381340921375732e-03, -1.9655781338369176e-03,
          -2.3807568270084226e-03, 9.6184058808267649e-05,
          1.0219984657651978e-02, -4.4601563193292602e-05,
          4.1503359425265098e-04, -1.0123954597615482e-03,
          -2.4366146120531233e-04, -6.1145431823231055e-03,
          4.0439430249572430e-04, 5.2088476485695175e-04,
          8.9043028081668718e-04, -6.3530450059390102e-05,
          -4.4601563193292609e-05, 2.4712428911832107e-04,
          4.2997455641063733e-05, 2.7576589473954024e-04,
          2.9890471541277287e-04, 6.0558793198016176e-04,
          2.7049293411928636e-02, 1.5549810941648352e-02,
          -6.1845503534311763e-03, 1.4067531657423393e-06,
          4.1503359425265081e-04, 4.2997455641063726e-05,
          4.3171530695288292e-02, 4.2535213624983920e-04,
          1.1187916544365377e-02, 6.5004880997057083e-04,
          7.6170861171315808e-03, 7.4701943843355784e-03,
          9.7798975991663165e-03, -2.6819811320871083e-04,
          -1.0123954597615482e-03, 2.7576589473954024e-04,
          4.2535213624983936e-04, 5.5560603809330080e-03,
          6.7482934086664495e-03, 1.1258959556439003e-02,
          3.8235704756421358e-02, 2.6522798041472433e-02,
          1.0702625840896847e-02, 7.2883116105527143e-04,
          -2.4366146120531249e-04, 2.9890471541277282e-04,
          1.1187916544365375e-02, 6.7482934086664495e-03,
          4.3559281877796618e-02, 2.9512292496648395e-02,
          4.3523523071437802e-02, 3.3957136988674232e-02,
          2.4564963913981434e-02, 4.7518641018938626e-04,
          -6.1145431823231055e-03, 6.0558793198016176e-04,
          6.5004880997057170e-04, 1.1258959556439003e-02,
          2.9512292496648395e-02, 6.5901000713263269e-02 ]
   - !!opencv-matrix
      rows: 10
      cols: 10
      dt: d
