%YAML:1.0
---
groups:
   - intact
   - CD19
intactGmmnames:
   - "intact.Bln009.0"
   - "intact.Bln009.1"
   - "intact.Bln009.2"
   - "intact.Bln009.3"
   - "intact.Bln009.4"
intactLabels:
   - FSC-A
   - SSC-A
   - SY41
   - CD19
   - CD10
   - CD20
   - CD45
   - CD34
   - CD38
   - CD58
intactMu: !!opencv-matrix
   rows: 5
   cols: 10
   dt: d
   data: [ 8.4356301445649806e-01, 2.7032087197049148e-01,
       2.4915684339193112e+00, 5.7161038180868251e-01,
       8.0292440320266856e-01, 7.6643717543542855e-01,
       2.3851729322029369e+00, 7.1360323594272979e-01,
       1.5695805972157109e+00, 8.4649519867313516e-01,
       2.4658008256276105e+00, 3.1456877814982471e+00,
       2.4652426913583541e+00, 6.7711172798747699e-01,
       1.9515875422821982e+00, 8.3438887519954097e-01,
       2.2510009790376064e+00, 7.6408439909573000e-01,
       1.8357957669916571e+00, 1.8366146229367193e+00,
       1.1477812386376463e+00, 6.0543480669168903e-01,
       2.2012348237955965e+00, 5.5715263396133941e-01,
       7.7525552209375626e-01, 7.3804251294735079e-01,
       2.5524803996867838e+00, 7.1649536510140965e-01,
       2.9083944347965192e+00, 1.4273313080389303e+00,
       1.1753584741400041e+00, 4.4181358891426398e-01,
       2.3583335563005146e+00, 5.6449034572659829e-01,
       7.8689119179091394e-01, 7.6116072813743141e-01,
       2.4638644377031063e+00, 7.1264955055046530e-01,
       1.5945692454897451e+00, 1.2659834184149628e+00,
       1.7322629066728779e+00, 9.0825678442256863e-01,
       2.5770078249575081e+00, 6.1481843272988235e-01,
       8.3285603376409956e-01, 8.0932074305296664e-01,
       1.9587851917964623e+00, 9.0868280240351473e-01,
       1.9649130060893221e+00, 1.6695505641518014e+00 ]
intactSigma:
   - !!opencv-matrix
      rows: 10
      cols: 10
      dt: d
      data: [ 4.5467574600899015e-02, 1.9119627608633618e-03,
          -2.4096954493393892e-02, -2.3029454863674785e-04,
          4.4435444177882440e-04, -6.1321483991492445e-04,
          3.1139872909691359e-03, -3.2703622527295922e-03,
          -5.0770015101401170e-03, -4.4063223952843153e-04,
          1.9119627608633614e-03, 2.9214964884720870e-03,
          4.3958615595426627e-04, 2.0935593850034844e-04,
          5.2862241152715520e-04, 2.3703160642207221e-04,
          2.4127719496345799e-03, 4.4825237045251128e-04,
          -1.0481621933344063e-02, 1.0819939449019530e-03,
          -2.4096954493393889e-02, 4.3958615595426627e-04,
          3.6428343835356813e-02, 1.0962128995372356e-03,
          3.9539220177381445e-04, 7.6784240390158842e-04,
          1.0946931204839502e-03, 3.3896056776430736e-03,
          -7.0216769170541923e-03, 1.7574661827918390e-03,
          -2.3029454863674790e-04, 2.0935593850034844e-04,
          1.0962128995372356e-03, 3.7039769390421950e-03,
          9.1385005916354534e-06, 4.2327356945021199e-05,
          1.8353572440460178e-04, -2.1860308471371398e-04,
          -1.0870087312326608e-03, 1.9212211717738246e-04,
          4.4435444177882451e-04, 5.2862241152715531e-04,
          3.9539220177381445e-04, 9.1385005916354602e-06,
          1.1693578058972543e-03, 4.1671912870769869e-05,
          8.3204717047100530e-04, 7.2586604611418317e-05,
          -2.2222411256376646e-03, 3.5815578057972876e-05,
          -6.1321483991492445e-04, 2.3703160642207216e-04,
          7.6784240390158842e-04, 4.2327356945021199e-05,
          4.1671912870769883e-05, 9.4216974288199450e-04,
          1.8764775796104751e-04, 1.4432343809546306e-04,
          -2.2618721308564657e-03, 1.8456569767221452e-04,
          3.1139872909691350e-03, 2.4127719496345799e-03,
          1.0946931204839502e-03, 1.8353572440460165e-04,
          8.3204717047100541e-04, 1.8764775796104751e-04,
          6.0935707281690957e-03, 3.7748296357134560e-04,
          -8.9895943792732778e-03, 2.8968307806093337e-04,
          -3.2703622527295922e-03, 4.4825237045251128e-04,
          3.3896056776430736e-03, -2.1860308471371390e-04,
          7.2586604611418317e-05, 1.4432343809546300e-04,
          3.7748296357134571e-04, 1.7840355304890657e-03,
          -1.8330150368899999e-03, 4.9634736170454160e-04,
          -5.0770015101401170e-03, -1.0481621933344063e-02,
          -7.0216769170541931e-03, -1.0870087312326608e-03,
          -2.2222411256376646e-03, -2.2618721308564648e-03,
          -8.9895943792732778e-03, -1.8330150368900003e-03,
          1.7641398420941731e-01, -5.9547589961600747e-03,
          -4.4063223952843153e-04, 1.0819939449019530e-03,
          1.7574661827918390e-03, 1.9212211717738244e-04,
          3.5815578057972883e-05, 1.8456569767221447e-04,
          2.8968307806093342e-04, 4.9634736170454160e-04,
          -5.9547589961600729e-03, 2.3617042904668620e-03 ]
   - !!opencv-matrix
      rows: 10
      cols: 10
      dt: d
      data: [ 3.4056135641610213e-01, 1.4349636728751819e-01,
          2.5966101756106842e-02, -1.4450259803867301e-03,
          -1.9448766660310392e-02, -1.6993281394342356e-03,
          -6.9322890720920982e-03, 1.0938623851802840e-02,
          2.8328861056738947e-02, 3.2281288273361330e-03,
          1.4349636728751819e-01, 4.1478557354012696e-01,
          -8.9486165077164882e-03, -1.9434031784608844e-02,
          5.4114223632982662e-02, -4.6678662249353527e-02,
          1.7118239901232249e-02, -2.1790847053769311e-02,
          2.9422846417734724e-02, 9.8107196299630599e-03,
          2.5966101756106842e-02, -8.9486165077164882e-03,
          4.6170650621144435e-02, -9.1201096866025009e-04,
          -1.0622226113047901e-02, 2.3726162512347884e-05,
          -5.5052864919571155e-03, 3.6492050528640599e-03,
          6.0870624046785180e-03, -5.4465651666258013e-03,
          -1.4450259803867305e-03, -1.9434031784608844e-02,
          -9.1201096866025031e-04, 2.9144988765020030e-02,
          6.1819550021743374e-03, 2.8919830138265098e-02,
          5.5435485126658504e-03, 1.1749656093796274e-02,
          9.2952146717932577e-03, 8.6638662084630915e-03,
          -1.9448766660310389e-02, 5.4114223632982662e-02,
          -1.0622226113047901e-02, 6.1819550021743374e-03,
          1.5599284216365544e-01, -1.7766042113784235e-02,
          2.9602843686734014e-02, -2.0389340725125125e-02,
          5.5560951270738706e-04, 7.9808115556994162e-03,
          -1.6993281394342360e-03, -4.6678662249353527e-02,
          2.3726162512348020e-05, 2.8919830138265098e-02,
          -1.7766042113784235e-02, 5.2915790537563019e-02,
          5.4018862334351161e-04, 2.6364044670505883e-02,
          1.4442272089272030e-02, 1.2720143130788121e-02,
          -6.9322890720920965e-03, 1.7118239901232245e-02,
          -5.5052864919571129e-03, 5.5435485126658504e-03,
          2.9602843686734014e-02, 5.4018862334351150e-04,
          3.1939576520965463e-02, -2.0137561007372001e-03,
          3.2804360367937242e-03, 1.4489908144896079e-02,
          1.0938623851802836e-02, -2.1790847053769311e-02,
          3.6492050528640599e-03, 1.1749656093796274e-02,
          -2.0389340725125122e-02, 2.6364044670505883e-02,
          -2.0137561007371992e-03, 2.5485662037484810e-02,
          1.1352797874015219e-02, 1.1993904326600486e-02,
          2.8328861056738947e-02, 2.9422846417734731e-02,
          6.0870624046785197e-03, 9.2952146717932577e-03,
          5.5560951270738662e-04, 1.4442272089272030e-02,
          3.2804360367937229e-03, 1.1352797874015217e-02,
          5.2305139810477443e-02, 1.4119086799648004e-02,
          3.2281288273361321e-03, 9.8107196299630599e-03,
          -5.4465651666257995e-03, 8.6638662084630915e-03,
          7.9808115556994162e-03, 1.2720143130788121e-02,
          1.4489908144896077e-02, 1.1993904326600486e-02,
          1.4119086799648004e-02, 3.5500401071505421e-02 ]
   - !!opencv-matrix
      rows: 10
      cols: 10
      dt: d
