%YAML:1.0
---
groups:
   - intact
   - CD19
intactGmmnames:
   - "intact.Bln039.0"
   - "intact.Bln039.1"
   - "intact.Bln039.2"
   - "intact.Bln039.3"
   - "intact.Bln039.4"
intactLabels:
   - FSC-A
   - SSC-A
   - SY41
   - CD19
   - CD10
   - CD20
   - CD45
   - CD34
   - CD38
   - CD58
intactMu: !!opencv-matrix
   rows: 5
   cols: 10
   dt: d
   data: [ 2.3505841362806570e+00, 1.9442340811437870e+00,
       3.0081104576314375e+00, 9.3171674300236973e-01,
       1.6145885943235747e+00, 1.2901599675887192e+00,
       1.9962540886647833e+00, 1.2922598850178499e+00,
       2.6561914330915934e+00, 2.3058131847996202e+00,
       1.1453535400508084e+00, 3.5307937524209682e-01,
       2.7388354091925313e+00, 7.3035227613081866e-01,
       8.2850979708665329e-01, 1.2128271971339779e+00,
       2.5020840387622001e+00, 8.1974191214953462e-01,
       2.0481818108338743e+00, 1.7014117517060636e+00,
       1.7206872117703347e+00, 9.4341138432796334e-01,
       2.9562671198084565e+00, 9.2767626441723483e-01,
       8.6818702392684322e-01, 1.2314084790429138e+00,
       2.3970178691742032e+00, 1.2388131469186123e+00,
       3.4079648274839411e+00, 2.0850876755557373e+00,
       1.0173358418041103e+00, 2.3755556958639729e-01,
       2.8395497563931649e+00, 7.2962442404812033e-01,
       8.8650112175503770e-01, 1.2130724499334757e+00,
       2.4686943926403497e+00, 8.1404735249556381e-01,
       2.1291801424845196e+00, 9.8280442624395414e-01,
       8.3271911451500247e-01, 4.1060575068270816e-01,
       3.0232421733996246e+00, 7.0483900666351496e-01,
       6.8707977482301752e-01, 1.2245760630428604e+00,
       9.3185936060281316e-01, 1.0912357163767161e+00,
       1.6479829240800232e+00, 2.3787310106026287e+00 ]
intactSigma:
   - !!opencv-matrix
      rows: 10
      cols: 10
      dt: d
      data: [ 8.8543897153592965e-01, 8.7052529272343959e-01,
          2.1735959298249376e-02, 5.1919070800728551e-02,
          1.2760418406800147e-01, -9.6159924941928467e-03,
          1.4177037622690797e-01, 7.2048354292913785e-02,
          3.1284316055744621e-01, 2.0135334099754870e-01,
          8.7052529272343959e-01, 1.6548007482060492e+00,
          -3.2892161934872613e-02, 8.6545567138823623e-02,
          4.3406692970423122e-01, -3.1430233557653835e-02,
          2.0587070284803502e-01, 5.1720866442368320e-02,
          3.9147865212368760e-01, 1.9255707756137561e-01,
          2.1735959298249376e-02, -3.2892161934872620e-02,
          1.0810247081206963e-01, -3.5208668932316402e-03,
          -6.2526882086497315e-02, -2.2446929303410364e-03,
          -3.8296950070767354e-02, 4.6202977274925616e-02,
          2.5975278954037694e-02, 8.8074716082611304e-02,
          5.1919070800728565e-02, 8.6545567138823623e-02,
          -3.5208668932316433e-03, 1.6039117272653272e-01,
          8.2326428121213505e-02, 5.0076378586729163e-02,
          5.1887849120846333e-02, 4.4838282911364838e-02,
          5.6360725163161880e-02, 8.8745310068838647e-03,
          1.2760418406800145e-01, 4.3406692970423122e-01,
          -6.2526882086497329e-02, 8.2326428121213505e-02,
          5.6447757577384217e-01, 5.9345744492649748e-04,
          1.6390740877892351e-01, 3.6216775329534344e-02,
          1.0472452151309390e-01, 4.2940374571065736e-03,
          -9.6159924941928449e-03, -3.1430233557653835e-02,
          -2.2446929303410351e-03, 5.0076378586729163e-02,
          5.9345744492649813e-04, 6.7612252997197073e-02,
          1.9809457341537919e-02, 2.3358332080071997e-02,
          2.6777544401134458e-03, -1.1705449292379192e-02,
          1.4177037622690797e-01, 2.0587070284803505e-01,
          -3.8296950070767354e-02, 5.1887849120846333e-02,
          1.6390740877892351e-01, 1.9809457341537919e-02,
          3.0193313603138100e-01, 8.4959920433214497e-03,
          2.0028202127526162e-01, 3.7027693305944499e-02,
          7.2048354292913785e-02, 5.1720866442368327e-02,
          4.6202977274925616e-02, 4.4838282911364824e-02,
          3.6216775329534344e-02, 2.3358332080072000e-02,
          8.4959920433214497e-03, 1.2961498230085794e-01,
          7.6605612919369792e-02, 8.6526292111354500e-02,
          3.1284316055744621e-01, 3.9147865212368765e-01,
          2.5975278954037690e-02, 5.6360725163161880e-02,
          1.0472452151309390e-01, 2.6777544401134458e-03,
          2.0028202127526162e-01, 7.6605612919369778e-02,
          4.9814133741786437e-01, 1.9675320937883958e-01,
          2.0135334099754870e-01, 1.9255707756137561e-01,
          8.8074716082611304e-02, 8.8745310068838647e-03,
          4.2940374571065754e-03, -1.1705449292379190e-02,
          3.7027693305944499e-02, 8.6526292111354500e-02,
          1.9675320937883958e-01, 2.5586626036377796e-01 ]
   - !!opencv-matrix
      rows: 10
      cols: 10
      dt: d
      data: [ 4.9545403290557413e-02, 7.3315266233820479e-03,
          -1.4688482957468869e-03, 4.7949729500843739e-04,
          -1.0367659957538368e-03, -6.0924092022468979e-04,
          7.2890889497673620e-03, -2.5681828883318582e-03,
          7.8984400961327559e-03, 1.9755367306854423e-02,
          7.3315266233820488e-03, 1.1140609487940507e-02,
          2.2465319556060851e-03, 1.1250955367069703e-03,
          -2.3815557435643438e-03, -8.0496838840051236e-04,
          7.3372506215495237e-03, 1.3275057479752281e-03,
          2.6163728869383913e-02, 2.7552075676987611e-02,
          -1.4688482957468873e-03, 2.2465319556060855e-03,
          2.8252564112464837e-02, 1.4101386051985452e-03,
          1.4546461490559040e-06, 5.5908172515052915e-04,
          9.1324945969308083e-03, 5.7987000123673966e-03,
          -4.8912725499597465e-03, 1.9874366994903241e-02,
          4.7949729500843750e-04, 1.1250955367069701e-03,
          1.4101386051985452e-03, 4.3245563626252696e-02,
          6.1277612196142077e-04, -3.4844038837827278e-04,
          1.6602966218833611e-03, -2.9360934779804168e-03,
          1.4316169834610292e-02, -5.3284391941925448e-05,
          -1.0367659957538371e-03, -2.3815557435643438e-03,
          1.4546461490559400e-06, 6.1277612196142109e-04,
          1.9507137134936257e-02, 2.5232125398997593e-04,
          4.1813743469035274e-04, -1.9963384472315594e-03,
          -9.1807853015164005e-04, -2.3345879396564698e-02,
          -6.0924092022468979e-04, -8.0496838840051236e-04,
          5.5908172515052904e-04, -3.4844038837827289e-04,
          2.5232125398997598e-04, 1.7291745171687022e-03,
          -4.3160522068773588e-04, 2.8707446915291531e-04,
          -1.2246221880162623e-02, -1.1748815447078095e-03,
          7.2890889497673620e-03, 7.3372506215495237e-03,
          9.1324945969308083e-03, 1.6602966218833616e-03,
          4.1813743469035311e-04, -4.3160522068773577e-04,
          2.2810444706346859e-02, 2.3811754326337410e-03,
          3.8266136362190367e-02, 2.5809676161937925e-02,
          -2.5681828883318582e-03, 1.3275057479752276e-03,
          5.7987000123673966e-03, -2.9360934779804168e-03,
          -1.9963384472315589e-03, 2.8707446915291531e-04,
          2.3811754326337410e-03, 1.5472481153188652e-02,
          -2.5612655831403056e-03, 1.3730779654012270e-02,
          7.8984400961327576e-03, 2.6163728869383913e-02,
          -4.8912725499597465e-03, 1.4316169834610292e-02,
          -9.1807853015164038e-04, -1.2246221880162620e-02,
          3.8266136362190374e-02, -2.5612655831403061e-03,
          6.6287298285865548e-01, 1.7585478560105984e-02,
          1.9755367306854423e-02, 2.7552075676987611e-02,
          1.9874366994903244e-02, -5.3284391941925414e-05,
          -2.3345879396564698e-02, -1.1748815447078088e-03,
          2.5809676161937925e-02, 1.3730779654012268e-02,
          1.7585478560105988e-02, 1.8256210989731944e-01 ]
   - !!opencv-matrix
      rows: 10
      cols: 10
      dt: d
