%YAML:1.0
---
groups:
   - intact
   - CD19
   - blast
intactGmmnames:
   - "intact.Bln051.0"
   - "intact.Bln051.1"
   - "intact.Bln051.2"
   - "intact.Bln051.3"
   - "intact.Bln051.4"
intactLabels:
   - FSC-A
   - SSC-A
   - SY41
   - CD19
   - CD10
   - CD20
   - CD45
   - CD34
   - CD38
   - CD58
intactMu: !!opencv-matrix
   rows: 5
   cols: 10
   dt: d
   data: [ 8.3597256327037206e-01, 2.3895188862806632e-01,
       2.7293280054763662e+00, 7.4660597358881231e-01,
       8.7478032714967324e-01, 9.7886648565978551e-01,
       2.4593027524842066e+00, 9.8732181661314289e-01,
       2.3557719141845381e+00, 1.1158166649620902e+00,
       2.2219613048110314e+00, 1.9762363307749613e+00,
       2.7672038997941955e+00, 8.9685783237648853e-01,
       1.2797320782929786e+00, 1.1269056902059633e+00,
       1.7068994437872871e+00, 1.2444284385835782e+00,
       2.5502759006661435e+00, 2.1361764695459278e+00,
       7.1016137310569338e-01, 3.2669812797286835e-01,
       2.9492990548172160e+00, 7.1582724827214939e-01,
       9.7443305927106494e-01, 9.8541113352817367e-01,
       6.7501297649617831e-01, 1.0947604877387351e+00,
       1.8874140231928509e+00, 2.3435321276385901e+00,
       1.0916942090324580e+00, 3.2655635424741802e-01,
       2.5502269146573164e+00, 7.1628420529944947e-01,
       8.3628829447197861e-01, 9.7017250807570210e-01,
       2.4220064741117544e+00, 9.5680478452952100e-01,
       1.5786289931689546e+00, 1.6249524811518170e+00,
       1.1314200417047664e+00, 4.3775761977412703e-01,
       2.6532629669724517e+00, 7.6860932434568219e-01,
       8.2262273025171972e-01, 1.0649675845419817e+00,
       2.5110801834276812e+00, 1.0180973864239686e+00,
       2.6826802765127633e+00, 1.8066989280517720e+00 ]
intactSigma:
   - !!opencv-matrix
      rows: 10
      cols: 10
      dt: d
      data: [ 4.6487026303551567e-02, 1.8880216732777492e-03,
          -3.1135301686550619e-02, -1.9145197274322210e-03,
          6.9592162523586217e-05, -2.2386796075981089e-03,
          3.1890632018645206e-03, -6.6211359237690120e-03,
          1.0523633854172198e-02, -1.2810282060686845e-03,
          1.8880216732777490e-03, 1.7800970297909967e-03,
          -6.0503859515740330e-04, 4.3794588009404947e-04,
          4.8273294863618142e-04, 1.7760459725451973e-04,
          1.6440227898949506e-03, 3.7546406944099977e-04,
          -5.0979922928169503e-03, 2.3292490962035410e-03,
          -3.1135301686550619e-02, -6.0503859515740330e-04,
          5.6569936171176935e-02, 5.6120712272787424e-03,
          9.9261378776427270e-04, 2.7471429320473440e-03,
          2.5314203100708881e-04, 7.5541230324828734e-03,
          -1.6001850549748890e-02, 4.9209518839813601e-03,
          -1.9145197274322218e-03, 4.3794588009404936e-04,
          5.6120712272787407e-03, 4.8964797021165456e-02,
          2.5208201809141697e-04, -2.8910079176894547e-04,
          5.1251287977714319e-04, -1.3448381865199754e-03,
          -3.0486978016252874e-03, 5.8536210437532606e-04,
          6.9592162523586108e-05, 4.8273294863618131e-04,
          9.9261378776427248e-04, 2.5208201809141659e-04,
          6.4623663473683934e-03, 2.2387513404448759e-04,
          9.0446111553782081e-04, 6.5846456371176804e-05,
          -3.7509899125823597e-03, -3.0483783338677690e-03,
          -2.2386796075981080e-03, 1.7760459725451973e-04,
          2.7471429320473448e-03, -2.8910079176894536e-04,
          2.2387513404448754e-04, 7.7171168846791160e-03,
          1.2286806904227688e-04, 6.4888747787890009e-04,
          -4.7167602091172803e-03, 5.2562102844270814e-04,
          3.1890632018645188e-03, 1.6440227898949506e-03,
          2.5314203100708870e-04, 5.1251287977714330e-04,
          9.0446111553782070e-04, 1.2286806904227682e-04,
          5.9713404092904604e-03, 4.6833459332269484e-04,
          -3.5658524126613756e-03, 3.3943858474428323e-03,
          -6.6211359237690120e-03, 3.7546406944099977e-04,
          7.5541230324828743e-03, -1.3448381865199754e-03,
          6.5846456371176722e-05, 6.4888747787889987e-04,
          4.6833459332269495e-04, 5.4450346214852535e-03,
          -4.3143883256301216e-03, 2.8662069329517146e-03,
          1.0523633854172201e-02, -5.0979922928169503e-03,
          -1.6001850549748883e-02, -3.0486978016252856e-03,
          -3.7509899125823597e-03, -4.7167602091172777e-03,
          -3.5658524126613760e-03, -4.3143883256301198e-03,
          2.3541239013169576e-01, -1.5641773610123350e-03,
          -1.2810282060686841e-03, 2.3292490962035406e-03,
          4.9209518839813593e-03, 5.8536210437532617e-04,
          -3.0483783338677698e-03, 5.2562102844270825e-04,
          3.3943858474428323e-03, 2.8662069329517146e-03,
          -1.5641773610123365e-03, 4.7929058519897920e-02 ]
   - !!opencv-matrix
      rows: 10
      cols: 10
      dt: d
      data: [ 9.2626126877174830e-01, 9.1324154178618500e-01,
          9.8410844704450474e-03, -1.6410567603122234e-02,
          3.3399059116648325e-02, -1.4122690367365949e-02,
          2.0387667442968932e-01, -2.2536007190401511e-02,
          3.3496526426136342e-01, 2.4132451923276343e-01,
          9.1324154178618500e-01, 1.7239211990431873e+00,
          -1.1433888746569329e-02, 2.0349788016373670e-02,
          3.5917322817767772e-01, -4.6798946040780130e-02,
          3.6947418353860334e-01, -8.6895525909854304e-02,
          4.4423727285933995e-01, 3.0563033893118741e-01,
          9.8410844704450457e-03, -1.1433888746569327e-02,
          1.1573703639081052e-01, 4.7022748206156312e-03,
          5.8600449782311315e-03, 4.7714843181097160e-03,
          -8.0455421552758748e-03, 2.6794754417547841e-02,
          3.9370996784406594e-02, 5.5030594010842086e-02,
          -1.6410567603122227e-02, 2.0349788016373674e-02,
          4.7022748206156338e-03, 1.4654213957014794e-01,
          7.4822837390331104e-02, 5.7293675066423910e-02,
          4.2873433377294344e-02, 4.8450567081408248e-02,
          2.1584262189824378e-02, 1.8090268708724058e-02,
          3.3399059116648325e-02, 3.5917322817767772e-01,
          5.8600449782311315e-03, 7.4822837390331104e-02,
          4.5123771073939767e-01, 4.2909561912678317e-03,
          1.6885130937149395e-01, -1.5636705191582570e-02,
          -3.6933787885333774e-02, 6.1280446612484614e-02,
          -1.4122690367365950e-02, -4.6798946040780103e-02,
          4.7714843181097160e-03, 5.7293675066423910e-02,
          4.2909561912678317e-03, 9.9935374386903211e-02,
          1.4503477821478350e-02, 7.4060006721263338e-02,
          3.8800687801455479e-02, 9.3337125219772367e-03,
          2.0387667442968932e-01, 3.6947418353860328e-01,
          -8.0455421552758730e-03, 4.2873433377294344e-02,
          1.6885130937149395e-01, 1.4503477821478350e-02,
          3.5125410198490220e-01, 2.3583265599641374e-02,
          2.3774384843776700e-01, 1.1326798859534910e-01,
          -2.2536007190401518e-02, -8.6895525909854304e-02,
          2.6794754417547841e-02, 4.8450567081408241e-02,
          -1.5636705191582570e-02, 7.4060006721263338e-02,
          2.3583265599641374e-02, 1.4457579093425676e-01,
          9.4379579308152023e-02, 4.2937774215405386e-02,
          3.3496526426136342e-01, 4.4423727285933995e-01,
          3.9370996784406594e-02, 2.1584262189824371e-02,
          -3.6933787885333767e-02, 3.8800687801455486e-02,
          2.3774384843776700e-01, 9.4379579308152023e-02,
          7.3103398459531588e-01, 2.3836533449632613e-01,
          2.4132451923276338e-01, 3.0563033893118741e-01,
          5.5030594010842086e-02, 1.8090268708724058e-02,
          6.1280446612484614e-02, 9.3337125219772367e-03,
          1.1326798859534910e-01, 4.2937774215405386e-02,
          2.3836533449632613e-01, 2.3587402523333961e-01 ]
   - !!opencv-matrix
      rows: 10
      cols: 10
      dt: d
