%YAML:1.0
---
groups:
   - intact
   - CD19
   - blast
intactGmmnames:
   - "intact.Bln066.0"
   - "intact.Bln066.1"
   - "intact.Bln066.2"
   - "intact.Bln066.3"
   - "intact.Bln066.4"
intactLabels:
   - FSC-A
   - SSC-A
   - SY41
   - CD19
   - CD10
   - CD20
   - CD45
   - CD34
   - CD38
   - CD58
intactMu: !!opencv-matrix
   rows: 5
   cols: 10
   dt: d
   data: [ 1.8760475204692717e+00, 8.9536260796940859e-01,
       2.3254267955379588e+00, 8.7049978152750040e-01,
       1.0840690206330956e+00, 1.2985046398077431e+00,
       2.6761532197240387e+00, 1.0248967628147638e+00,
       2.4618923653201534e+00, 2.0584431019713056e+00,
       8.0328126746748341e-01, 5.1887578447826654e-01,
       2.6453098435119431e+00, 6.8626772037499428e-01,
       8.8263596909550146e-01, 9.8444099639224592e-01,
       9.7992210140930747e-01, 1.0814351280783321e+00,
       1.2512679321068692e+00, 2.2207930601822587e+00,
       1.2091972528472730e+00, 3.9642201692903328e-01,
       2.2596142594857245e+00, 7.3987702534846211e-01,
       9.0685266490068350e-01, 9.7000496557643701e-01,
       2.4686822893747968e+00, 9.5035730199264745e-01,
       2.2325027307244598e+00, 9.2452795658152198e-01,
       2.4553295958741792e+00, 2.2952901684431168e+00,
       2.4976734230498208e+00, 1.0008707325061561e+00,
       1.6037536834348785e+00, 1.1807180987705712e+00,
       1.6466636049453720e+00, 1.3900370057475653e+00,
       2.1937345622920716e+00, 2.2463113323728505e+00,
       1.3432558423700831e+00, 6.2639619510463052e-01,
       2.1667592861863585e+00, 7.5867658039908070e-01,
       9.2718321442791007e-01, 9.8547194556420015e-01,
       2.5536336693217714e+00, 9.4600295297217518e-01,
       2.0826560589849872e+00, 1.7923214275784947e+00 ]
intactSigma:
   - !!opencv-matrix
      rows: 10
      cols: 10
      dt: d
      data: [ 6.0769985346636157e-01, 2.2246308604390563e-01,
          7.5961814658413715e-02, 2.6086104742238662e-02,
          1.4104276370501732e-02, -7.1649068825271861e-02,
          7.4782915461868368e-02, 2.8860251909069049e-02,
          2.2571755756933309e-01, 1.5619370097226684e-01,
          2.2246308604390563e-01, 1.9259447379135264e-01,
          5.2435923173918160e-02, 2.6600660282082564e-02,
          2.2064538080806932e-02, -3.6252586649345601e-02,
          5.0542349067255556e-02, 2.5919417397389705e-02,
          1.6653672736457734e-01, 1.3051208450546292e-01,
          7.5961814658413715e-02, 5.2435923173918160e-02,
          7.0065838773703829e-02, 4.7572181360886895e-03,
          6.2419695863020685e-03, -3.1639255608086399e-02,
          6.2325715048811396e-03, 1.8741313010404027e-02,
          2.9675467661423777e-02, 3.6428006635714626e-02,
          2.6086104742238662e-02, 2.6600660282082564e-02,
          4.7572181360886860e-03, 8.6519214588004892e-02,
          4.9705558920058275e-03, 9.5337978818527489e-03,
          1.0645409311099415e-02, 1.0853296831961014e-03,
          4.9729179834331318e-02, 2.4680146096762071e-02,
          1.4104276370501727e-02, 2.2064538080806932e-02,
          6.2419695863020711e-03, 4.9705558920058275e-03,
          7.9585198366411758e-02, -2.9139178204550430e-02,
          8.3825721430719688e-03, 5.0037646227490181e-03,
          1.4315160555919065e-02, 2.2681040815387136e-02,
          -7.1649068825271847e-02, -3.6252586649345601e-02,
          -3.1639255608086399e-02, 9.5337978818527524e-03,
          -2.9139178204550427e-02, 1.6012999878198078e-01,
          8.3641698910082787e-03, -1.3277302783773601e-02,
          -7.1127650501634693e-02, -2.3489160059265192e-02,
          7.4782915461868368e-02, 5.0542349067255556e-02,
          6.2325715048811361e-03, 1.0645409311099419e-02,
          8.3825721430719688e-03, 8.3641698910082770e-03,
          4.0310332022064556e-02, -1.7494311486180097e-04,
          4.5766779460772525e-02, 4.2376086744517247e-02,
          2.8860251909069049e-02, 2.5919417397389705e-02,
          1.8741313010404024e-02, 1.0853296831961014e-03,
          5.0037646227490181e-03, -1.3277302783773601e-02,
          -1.7494311486180124e-04, 2.2918515091573537e-02,
          1.0803891664467999e-02, 2.0218899957185205e-02,
          2.2571755756933304e-01, 1.6653672736457728e-01,
          2.9675467661423777e-02, 4.9729179834331318e-02,
          1.4315160555919061e-02, -7.1127650501634693e-02,
          4.5766779460772525e-02, 1.0803891664467999e-02,
          7.1892801265971173e-01, 1.2285789708981017e-01,
          1.5619370097226684e-01, 1.3051208450546292e-01,
          3.6428006635714626e-02, 2.4680146096762078e-02,
          2.2681040815387136e-02, -2.3489160059265185e-02,
          4.2376086744517240e-02, 2.0218899957185208e-02,
          1.2285789708981019e-01, 1.9045310891795669e-01 ]
   - !!opencv-matrix
      rows: 10
      cols: 10
      dt: d
      data: [ 6.5064693080334218e-02, 2.3497195652289166e-02,
          -3.3799549530458424e-03, 1.7750169442689355e-03,
          4.9637179887322639e-03, 4.6723761701395042e-04,
          -1.6590752869628992e-04, 2.6368676024081800e-03,
          2.8990870581678343e-02, 1.6945942991026478e-02,
          2.3497195652289162e-02, 2.5877814201610054e-02,
          9.4904685008319455e-03, 2.4690257417571385e-03,
          6.1111876350734874e-03, 1.3156783735837538e-03,
          -3.4920617393933756e-04, 7.0575321923393754e-03,
          2.7731128361436829e-02, 2.1952257168718937e-02,
          -3.3799549530458438e-03, 9.4904685008319455e-03,
          3.6138589478177413e-02, 2.9879526554747690e-03,
          4.7396793573778566e-03, 2.1050623636214285e-03,
          1.0096352251154862e-03, 1.0565855679183001e-02,
          1.5554687252044402e-02, 1.8882257718772017e-02,
          1.7750169442689355e-03, 2.4690257417571385e-03,
          2.9879526554747703e-03, 5.2111940304582750e-02,
          1.2046448431217293e-03, -9.1901139650557497e-04,
          -1.0275595253646348e-04, -1.6036557382630903e-03,
          4.9851641294134681e-03, 3.0412313668991870e-03,
          4.9637179887322639e-03, 6.1111876350734874e-03,
          4.7396793573778549e-03, 1.2046448431217293e-03,
          2.0881562453250777e-02, 6.2490623392801514e-04,
          -9.4224567508467629e-04, 2.8821134138775233e-03,
          1.1126701271791438e-02, 8.3120322876033045e-03,
          4.6723761701395042e-04, 1.3156783735837540e-03,
          2.1050623636214285e-03, -9.1901139650557529e-04,
          6.2490623392801514e-04, 3.7167168829910237e-03,
          -2.7526061373046921e-05, 1.0802676625807793e-03,
          1.1301851634171519e-03, 2.0491027725738809e-03,
          -1.6590752869628995e-04, -3.4920617393933767e-04,
          1.0096352251154858e-03, -1.0275595253646338e-04,
          -9.4224567508467629e-04, -2.7526061373046897e-05,
          2.5962028592787425e-03, -8.6204368479123169e-04,
          1.2231598776931924e-05, -5.7779318143905212e-03,
          2.6368676024081800e-03, 7.0575321923393754e-03,
          1.0565855679183001e-02, -1.6036557382630909e-03,
          2.8821134138775233e-03, 1.0802676625807789e-03,
          -8.6204368479123148e-04, 1.1537356883079207e-02,
          1.1979795351836266e-02, 1.3080773168357184e-02,
          2.8990870581678343e-02, 2.7731128361436829e-02,
          1.5554687252044404e-02, 4.9851641294134698e-03,
          1.1126701271791438e-02, 1.1301851634171523e-03,
          1.2231598776931941e-05, 1.1979795351836266e-02,
          9.9039441895573121e-02, 3.5311263233223873e-02,
          1.6945942991026478e-02, 2.1952257168718934e-02,
          1.8882257718772017e-02, 3.0412313668991878e-03,
          8.3120322876033045e-03, 2.0491027725738800e-03,
          -5.7779318143905212e-03, 1.3080773168357188e-02,
          3.5311263233223880e-02, 5.3154742178934872e-02 ]
   - !!opencv-matrix
      rows: 10
      cols: 10
      dt: d
