%YAML:1.0
---
groups:
   - intact
   - CD19
   - blast
intactGmmnames:
   - "intact.Bln041.0"
   - "intact.Bln041.1"
   - "intact.Bln041.2"
   - "intact.Bln041.3"
   - "intact.Bln041.4"
intactLabels:
   - FSC-A
   - SSC-A
   - SY41
   - CD19
   - CD10
   - CD20
   - CD45
   - CD34
   - CD38
   - CD58
intactMu: !!opencv-matrix
   rows: 5
   cols: 10
   dt: d
   data: [ 1.0799564221306062e+00, 2.5685625792595257e-01,
       1.8187657440773140e+00, 8.5706166687517527e-01,
       8.9850672782508256e-01, 9.6613949548070388e-01,
       2.1931090656442831e+00, 9.5088196180016682e-01,
       2.3979868733266794e+00, 9.5364145122623767e-01,
       9.9100051329073036e-01, 4.1988576758836144e-01,
       2.1746906228309655e+00, 8.5454957992805958e-01,
       1.1205533587746754e+00, 1.0076202940678567e+00,
       9.4474152826235880e-01, 1.1011172912720362e+00,
       1.4617608563684994e+00, 2.4164641937414468e+00,
       1.1590036993509789e+00, 4.4268108431779574e-01,
       1.8734814689972381e+00, 9.2852875823359249e-01,
       1.0784140150289698e+00, 1.0015205534185905e+00,
       2.0925824796795163e+00, 9.7986564667214504e-01,
       2.7742651531950653e+00, 1.6153373800991482e+00,
       1.9895154117384011e+00, 1.4515796375552672e+00,
       2.1567957897853258e+00, 1.0844660509587665e+00,
       1.4972047431734110e+00, 1.2308441903714360e+00,
       1.5114453680517641e+00, 1.3544077395674812e+00,
       2.2983540127680571e+00, 2.0582978755221157e+00,
       1.0793261222266926e+00, 3.2314761646482465e-01,
       1.7319916036441627e+00, 8.6659803625180976e-01,
       9.2213763704694529e-01, 9.6607432983918706e-01,
       2.1579850343397751e+00, 9.4992304246611581e-01,
       2.0651559513667435e+00, 1.3147266644899223e+00 ]
intactSigma:
   - !!opencv-matrix
      rows: 10
      cols: 10
      dt: d
      data: [ 2.1230210724370500e-02, 8.5446766984716106e-04,
          -1.4024242137328509e-03, 9.7102982843570195e-05,
          6.2030341932172676e-04, -3.1149769079029637e-04,
          2.3341394212293876e-03, -8.1510847207285611e-04,
          -4.8338034936719235e-04, 5.8582759389199691e-04,
          8.5446766984716106e-04, 2.2353824055728754e-03,
          -6.5503184119220404e-04, 3.0322742859959791e-04,
          6.1082901477920500e-04, 4.1955049560913825e-05,
          2.3043543705215156e-03, -1.3371880791440005e-04,
          -1.8145932565751365e-03, 8.1982934133819870e-04,
          -1.4024242137328509e-03, -6.5503184119220404e-04,
          1.9602484280862038e-02, 4.2345402337861033e-04,
          4.8762631050129987e-04, 8.4734179277939708e-04,
          -3.1593133716384509e-03, 1.5478428488444661e-03,
          -3.6123222787072511e-03, 1.7015153073069180e-03,
          9.7102982843569937e-05, 3.0322742859959802e-04,
          4.2345402337861033e-04, 4.9952064084755589e-02,
          1.2088591337023133e-04, -1.1971161868538373e-03,
          5.8315840155802583e-04, -1.2962006242759878e-03,
          1.2058920056410179e-03, 9.5950768475114594e-04,
          6.2030341932172665e-04, 6.1082901477920500e-04,
          4.8762631050129981e-04, 1.2088591337023126e-04,
          6.7515225590028304e-03, 1.9472918111273422e-04,
          1.1512607584169042e-03, -3.1017794743845174e-06,
          -1.4932030409886348e-03, 8.7515681194199539e-04,
          -3.1149769079029610e-04, 4.1955049560913845e-05,
          8.4734179277939730e-04, -1.1971161868538369e-03,
          1.9472918111273422e-04, 7.7206556941063773e-03,
          3.6786273883419406e-05, 1.9500598296560360e-04,
          -4.6374298323840551e-03, 2.7001612535389907e-04,
          2.3341394212293876e-03, 2.3043543705215156e-03,
          -3.1593133716384509e-03, 5.8315840155802583e-04,
          1.1512607584169042e-03, 3.6786273883419426e-05,
          8.5912791482124426e-03, -1.6442847383822356e-04,
          -1.7209509453328330e-03, 4.1435080342355589e-04,
          -8.1510847207285633e-04, -1.3371880791440005e-04,
          1.5478428488444665e-03, -1.2962006242759876e-03,
          -3.1017794743845135e-06, 1.9500598296560360e-04,
          -1.6442847383822353e-04, 3.1113810365856029e-03,
          -1.6498134073674902e-03, 3.9488110544204645e-04,
          -4.8338034936719235e-04, -1.8145932565751365e-03,
          -3.6123222787072511e-03, 1.2058920056410198e-03,
          -1.4932030409886348e-03, -4.6374298323840551e-03,
          -1.7209509453328326e-03, -1.6498134073674902e-03,
          2.0061464677635146e-01, -4.3262070973595279e-03,
          5.8582759389199681e-04, 8.1982934133819870e-04,
          1.7015153073069184e-03, 9.5950768475114626e-04,
          8.7515681194199561e-04, 2.7001612535389912e-04,
          4.1435080342355589e-04, 3.9488110544204667e-04,
          -4.3262070973595279e-03, 4.9224470096621053e-03 ]
   - !!opencv-matrix
      rows: 10
      cols: 10
      dt: d
      data: [ 8.5328508515260498e-02, 2.4019617847387830e-02,
          2.5039606929719366e-02, 4.2121654474537376e-03,
          2.2338842159560644e-02, 3.0143762648389399e-03,
          1.3874494000400925e-02, 9.7943021016266389e-03,
          4.5372728653646506e-02, 3.1198568965257949e-02,
          2.4019617847387830e-02, 1.6832413549040068e-02,
          1.2372311394663457e-02, 2.4086727136320919e-03,
          1.1702180408390245e-02, 1.6413975733231500e-03,
          7.0731086386306890e-03, 5.5737587461004920e-03,
          2.3229153452633693e-02, 1.7527791538878863e-02,
          2.5039606929719366e-02, 1.2372311394663455e-02,
          3.4263403990250393e-02, 2.9906698972248466e-03,
          1.4024396943663395e-02, 2.3808273317984527e-03,
          7.5722518343522751e-03, 8.5395767428961041e-03,
          2.5981916965458422e-02, 2.2268943230890157e-02,
          4.2121654474537367e-03, 2.4086727136320919e-03,
          2.9906698972248466e-03, 6.4908119668034281e-02,
          3.2798590799426883e-03, -1.1433013754386426e-03,
          1.7470499541287847e-03, -1.7372047852986382e-03,
          9.7945283738792733e-03, 3.0332419063539466e-03,
          2.2338842159560644e-02, 1.1702180408390246e-02,
          1.4024396943663395e-02, 3.2798590799426883e-03,
          5.6479926270429325e-02, 2.1277440426438143e-03,
          6.9783264162936202e-03, 7.1469016674201441e-03,
          3.8038936377492373e-02, 2.2183521247084191e-02,
          3.0143762648389394e-03, 1.6413975733231500e-03,
          2.3808273317984536e-03, -1.1433013754386428e-03,
          2.1277440426438143e-03, 5.2105549476294030e-03,
          1.0844894288202661e-03, 1.2972615081612801e-03,
          3.1757472129785814e-03, 2.6876015162511689e-03,
          1.3874494000400925e-02, 7.0731086386306890e-03,
          7.5722518343522751e-03, 1.7470499541287837e-03,
          6.9783264162936202e-03, 1.0844894288202663e-03,
          6.5319287515885425e-03, 3.3671860333233682e-03,
          2.0171563699770311e-02, 9.1830047277146713e-03,
          9.7943021016266372e-03, 5.5737587461004920e-03,
          8.5395767428961059e-03, -1.7372047852986380e-03,
          7.1469016674201467e-03, 1.2972615081612801e-03,
          3.3671860333233674e-03, 1.0947989944756478e-02,
          1.4081657110363827e-02, 1.1308829169474687e-02,
          4.5372728653646513e-02, 2.3229153452633690e-02,
          2.5981916965458433e-02, 9.7945283738792733e-03,
          3.8038936377492380e-02, 3.1757472129785814e-03,
          2.0171563699770311e-02, 1.4081657110363823e-02,
          1.5696874892415016e-01, 4.0395482562199075e-02,
          3.1198568965257953e-02, 1.7527791538878863e-02,
          2.2268943230890157e-02, 3.0332419063539466e-03,
          2.2183521247084195e-02, 2.6876015162511689e-03,
          9.1830047277146696e-03, 1.1308829169474687e-02,
          4.0395482562199075e-02, 4.3333565244997131e-02 ]
   - !!opencv-matrix
      rows: 10
      cols: 10
      dt: d
