%YAML:1.0
---
groups:
   - intact
   - CD19
intactGmmnames:
   - "intact.Bue047.0"
   - "intact.Bue047.1"
   - "intact.Bue047.2"
   - "intact.Bue047.3"
   - "intact.Bue047.4"
intactLabels:
   - FSC-A
   - SSC-A
   - SY41
   - CD19
   - CD10
   - CD20
   - CD45
   - CD34
   - CD38
   - CD58
intactMu: !!opencv-matrix
   rows: 5
   cols: 10
   dt: d
   data: [ 1.3599207351637577e+00, 2.3408090591172109e-01,
       3.3843933737352758e+00, 1.1610490315546294e+00,
       9.8088447714073790e-01, 1.1061932368271714e+00,
       3.0796227608791700e+00, 1.6878641333237345e+00,
       1.3628288741930950e+00, 2.2352481392973607e+00,
       1.6620091796921403e+00, 3.7853790728315728e-01,
       3.3452341960925893e+00, 1.2421865585547265e+00,
       1.1361924291220227e+00, 1.5014395741481956e+00,
       1.7045788948075404e+00, 2.1702741835354753e+00,
       1.2084007118029900e+00, 2.7838562582792341e+00,
       1.4526035633827243e+00, 2.7687600501051002e-01,
       2.9763512690050815e+00, 1.1545880073626420e+00,
       9.8104140327096556e-01, 1.1624182968311685e+00,
       1.3888991796042580e+00, 1.7811351352408307e+00,
       1.1011510009927021e+00, 2.9806574039273181e+00,
       2.3348555238244550e+00, 1.4671464295083156e+00,
       3.4391531011948229e+00, 1.3583961961608784e+00,
       1.6714104157107688e+00, 1.3890769345308327e+00,
       2.8899849936330777e+00, 2.3369258195428624e+00,
       2.1247019337960213e+00, 2.7079992327175844e+00,
       1.6186774503190773e+00, 3.7388505370821101e-01,
       3.3912675802576606e+00, 1.1848963573813871e+00,
       9.8057742923719815e-01, 1.0820800857012114e+00,
       3.0052384896888453e+00, 1.8103837171406605e+00,
       2.5364784534907838e+00, 2.3094179645274773e+00 ]
intactSigma:
   - !!opencv-matrix
      rows: 10
      cols: 10
      dt: d
      data: [ 1.1568823780543365e-01, 1.2802185502034281e-02,
          -1.7884677251320067e-02, 1.8223105916403343e-03,
          4.4392247284110287e-05, -5.6050435679918023e-04,
          7.1678839120538421e-03, -1.3823677136597099e-02,
          -2.6272163538191805e-02, 4.7375840084482951e-02,
          1.2802185502034279e-02, 5.4008891938620140e-03,
          -1.1521521849058149e-03, 1.2461531404923459e-03,
          1.2279238588625459e-03, -4.1046769674464421e-05,
          2.3988296463931858e-03, 3.0809852315577878e-03,
          -1.1875034402852027e-03, 1.1724105951275285e-02,
          -1.7884677251320067e-02, -1.1521521849058144e-03,
          1.8353353665142052e-02, 3.5443275905192934e-04,
          1.8841644919249585e-03, -1.7545066477687454e-04,
          -4.1316077789765602e-03, 9.5932871400859800e-03,
          2.3966157450091706e-03, -4.3727944731252804e-03,
          1.8223105916403345e-03, 1.2461531404923461e-03,
          3.5443275905192972e-04, 1.8764047094896451e-02,
          7.5739559145866385e-04, -1.9918492635924345e-04,
          8.8316071199210137e-04, -4.3621820806786660e-03,
          3.6953849960034556e-04, 3.8545636172745371e-03,
          4.4392247284110334e-05, 1.2279238588625459e-03,
          1.8841644919249580e-03, 7.5739559145866363e-04,
          2.1111215900439080e-02, 3.2533175912587242e-03,
          -3.3143636972701458e-04, 4.4307931946864975e-03,
          1.8832672874064666e-03, 2.4987734326282502e-03,
          -5.6050435679917980e-04, -4.1046769674464455e-05,
          -1.7545066477687448e-04, -1.9918492635924334e-04,
          3.2533175912587242e-03, 3.4568944553597748e-02,
          1.0659059545679854e-03, 1.7802627833076751e-03,
          -3.0340716156345613e-03, 5.8547018021448604e-03,
          7.1678839120538421e-03, 2.3988296463931858e-03,
          -4.1316077789765593e-03, 8.8316071199210180e-04,
          -3.3143636972701458e-04, 1.0659059545679854e-03,
          2.1544920727437574e-02, 2.4307938536613761e-03,
          3.4891753337344157e-03, 6.5330502640528918e-03,
          -1.3823677136597099e-02, 3.0809852315577882e-03,
          9.5932871400859800e-03, -4.3621820806786669e-03,
          4.4307931946864949e-03, 1.7802627833076751e-03,
          2.4307938536613752e-03, 9.0704048179728963e-02,
          4.8292977480817187e-03, 8.6713427544773541e-03,
          -2.6272163538191801e-02, -1.1875034402852023e-03,
          2.3966157450091698e-03, 3.6953849960034610e-04,
          1.8832672874064679e-03, -3.0340716156345600e-03,
          3.4891753337344166e-03, 4.8292977480817196e-03,
          1.1677174666160384e-01, -2.7879518015658827e-02,
          4.7375840084482951e-02, 1.1724105951275285e-02,
          -4.3727944731252813e-03, 3.8545636172745363e-03,
          2.4987734326282489e-03, 5.8547018021448587e-03,
          6.5330502640528918e-03, 8.6713427544773524e-03,
          -2.7879518015658827e-02, 9.5321970238967879e-02 ]
   - !!opencv-matrix
      rows: 10
      cols: 10
      dt: d
      data: [ 3.5950925702874464e-01, 7.7411216841954122e-02,
          -2.2653697834399168e-02, 5.0948882640222655e-03,
          2.5053434001637856e-02, -5.2449671223360909e-02,
          -1.9092359275292396e-02, 2.0471867266889571e-02,
          3.9323540424522546e-02, 1.2713123549652638e-01,
          7.7411216841954122e-02, 3.9426126007128443e-02,
          -1.4422296575568374e-02, 4.6247013400964728e-03,
          1.4384705487038397e-02, -4.6189315934774197e-03,
          4.6225387360091467e-03, 1.7695261518031954e-02,
          1.5832134207177072e-02, 4.7104140434706544e-02,
          -2.2653697834399168e-02, -1.4422296575568370e-02,
          1.0766420471909020e-01, 6.4994818016011558e-03,
          1.6212913938219550e-03, 1.7473710376417765e-02,
          4.5740290090361020e-02, 2.1812229489407024e-02,
          -3.3209350726895368e-03, -4.2201805032094773e-02,
          5.0948882640222673e-03, 4.6247013400964728e-03,
          6.4994818016011575e-03, 5.7461373014039002e-02,
          1.2740051819266905e-02, 4.3437708665954408e-02,
          3.3389956802382034e-02, 3.0560577020525243e-02,
          1.0765884282015864e-02, 1.1622954978224088e-02,
          2.5053434001637856e-02, 1.4384705487038397e-02,
          1.6212913938219553e-03, 1.2740051819266905e-02,
          6.7672726129658828e-02, 2.7808344217421375e-02,
          2.6298228527708307e-02, 4.2254706130512944e-02,
          1.4378469121470120e-02, 2.8151246718308098e-02,
          -5.2449671223360902e-02, -4.6189315934774215e-03,
          1.7473710376417765e-02, 4.3437708665954408e-02,
          2.7808344217421371e-02, 2.6011448710300178e-01,
          8.9015213318956343e-02, 2.1182648234802617e-01,
          -2.3159310422938440e-03, 4.2164105790946087e-02,
          -1.9092359275292403e-02, 4.6225387360091467e-03,
          4.5740290090361034e-02, 3.3389956802382027e-02,
          2.6298228527708307e-02, 8.9015213318956343e-02,
          1.8964700078267802e-01, 8.1731739277856180e-02,
          2.4852521078861708e-02, -2.5472764347991183e-02,
          2.0471867266889564e-02, 1.7695261518031951e-02,
          2.1812229489407028e-02, 3.0560577020525243e-02,
          4.2254706130512944e-02, 2.1182648234802617e-01,
          8.1731739277856166e-02, 3.3431760920980874e-01,
          1.0003580350916221e-02, 9.8590472910145416e-02,
          3.9323540424522546e-02, 1.5832134207177072e-02,
          -3.3209350726895381e-03, 1.0765884282015865e-02,
          1.4378469121470120e-02, -2.3159310422938440e-03,
          2.4852521078861708e-02, 1.0003580350916221e-02,
          6.0220525875558650e-02, 2.7428046697152653e-02,
          1.2713123549652638e-01, 4.7104140434706544e-02,
          -4.2201805032094773e-02, 1.1622954978224088e-02,
          2.8151246718308098e-02, 4.2164105790946087e-02,
          -2.5472764347991183e-02, 9.8590472910145416e-02,
          2.7428046697152649e-02, 1.7421094264331285e-01 ]
   - !!opencv-matrix
      rows: 10
      cols: 10
      dt: d
