%YAML:1.0
---
groups:
   - intact
   - CD19
   - blast
intactGmmnames:
   - "intact.Bue011.0"
   - "intact.Bue011.1"
   - "intact.Bue011.2"
   - "intact.Bue011.3"
   - "intact.Bue011.4"
intactLabels:
   - FSC-A
   - SSC-A
   - SY41
   - CD19
   - CD10
   - CD20
   - CD45
   - CD34
   - CD38
   - CD58
intactMu: !!opencv-matrix
   rows: 5
   cols: 10
   dt: d
   data: [ 1.3833991203456024e+00, 5.2996650774470022e-01,
       3.1013823293839078e+00, 1.1806164675696480e+00,
       9.8135751604861166e-01, 1.1198720996084008e+00,
       1.8124246389529428e+00, 1.3843771530852251e+00,
       1.3094442589375201e+00, 2.8292495319051421e+00,
       1.6458527774815397e+00, 4.2168313311767613e-01,
       2.7269296239209102e+00, 1.1880503506501134e+00,
       9.6894212352214593e-01, 1.1191727407728669e+00,
       3.5219845728096839e+00, 1.1695863259268378e+00,
       3.1650502165243064e+00, 2.2747420850799251e+00,
       1.2682015801983242e+00, 2.6549767109947769e-01,
       2.7455966494745843e+00, 1.1729318767642558e+00,
       9.5153051628299812e-01, 1.1168554394810928e+00,
       3.3766970476596754e+00, 1.1606174919197285e+00,
       1.6555830131503184e+00, 1.4746151412148891e+00,
       1.9881685844154720e+00, 9.4100827475446247e-01,
       3.0273098426606522e+00, 1.2418990252052233e+00,
       1.2116535281448837e+00, 1.2826372986507286e+00,
       2.8908750518366415e+00, 1.7517339304803496e+00,
       2.3714137835524607e+00, 2.4400995612798386e+00,
       8.9880961580225316e-01, 3.0745692142192305e-01,
       2.8228764053952902e+00, 1.1663746669109891e+00,
       9.3529090657645131e-01, 1.1074720748842224e+00,
       1.4869368502674194e+00, 1.2611124747152829e+00,
       1.1846776858508894e+00, 2.6826545842019476e+00 ]
intactSigma:
   - !!opencv-matrix
      rows: 10
      cols: 10
      dt: d
      data: [ 1.8429133878417883e-01, 5.0176523448210095e-02,
          1.7233176109417679e-02, -1.4906744156075477e-04,
          4.8139582817975212e-03, -5.8031616094744601e-04,
          4.7725208878352382e-02, 3.0708223204384561e-03,
          1.2890767741603533e-02, 4.7934824711996220e-02,
          5.0176523448210095e-02, 2.7996884871724890e-02,
          8.7011127437772121e-03, 4.8277211143753641e-04,
          3.6038955002767876e-03, 6.0883044726670781e-04,
          2.5233794536618802e-02, 7.8234962575190903e-03,
          1.1106683759267478e-02, 1.6785302742037985e-02,
          1.7233176109417679e-02, 8.7011127437772104e-03,
          2.7075953906437526e-02, 1.2700545366984238e-04,
          2.1342231559931704e-03, 9.3776604149066749e-04,
          1.0797430550295436e-02, 1.0555793072797900e-02,
          3.5458881683328222e-03, -2.3993541192405500e-03,
          -1.4906744156075464e-04, 4.8277211143753641e-04,
          1.2700545366984230e-04, 7.8411158192868997e-03,
          3.7133050651727740e-04, -4.1480753672938869e-04,
          6.6625437593152541e-04, -6.2660211300070200e-03,
          6.8932838326799233e-04, -9.5891046545901242e-05,
          4.8139582817975203e-03, 3.6038955002767889e-03,
          2.1342231559931704e-03, 3.7133050651727768e-04,
          3.2134963624735932e-02, 7.9125344864937081e-04,
          5.6379893079002187e-03, -1.6014224807103516e-03,
          2.3046485442349538e-03, -8.2417808427103162e-04,
          -5.8031616094744536e-04, 6.0883044726670781e-04,
          9.3776604149066716e-04, -4.1480753672938875e-04,
          7.9125344864937048e-04, 1.2201449599368150e-02,
          1.2599011879286905e-03, 3.2237876301748780e-04,
          -6.4375177584108368e-04, -6.9213803130013264e-04,
          4.7725208878352382e-02, 2.5233794536618791e-02,
          1.0797430550295436e-02, 6.6625437593152541e-04,
          5.6379893079002196e-03, 1.2599011879286905e-03,
          7.6982454816524187e-02, 1.1118345300228896e-02,
          1.4357165019346398e-02, 1.2712114957123989e-02,
          3.0708223204384544e-03, 7.8234962575190903e-03,
          1.0555793072797899e-02, -6.2660211300070226e-03,
          -1.6014224807103510e-03, 3.2237876301748807e-04,
          1.1118345300228899e-02, 6.8153951209183009e-02,
          4.8135559054164586e-03, 1.4462372447279431e-04,
          1.2890767741603533e-02, 1.1106683759267478e-02,
          3.5458881683328217e-03, 6.8932838326799233e-04,
          2.3046485442349534e-03, -6.4375177584108357e-04,
          1.4357165019346398e-02, 4.8135559054164594e-03,
          2.1673515685629998e-02, 2.1079179966604772e-03,
          4.7934824711996220e-02, 1.6785302742037985e-02,
          -2.3993541192405495e-03, -9.5891046545901391e-05,
          -8.2417808427103162e-04, -6.9213803130013264e-04,
          1.2712114957123989e-02, 1.4462372447279423e-04,
          2.1079179966604772e-03, 3.5636834608668268e-02 ]
   - !!opencv-matrix
      rows: 10
      cols: 10
      dt: d
      data: [ 4.3884509763371438e-02, 1.0403614507632200e-02,
          1.6719327000896476e-02, 8.4606081695116095e-04,
          8.9245736657590660e-04, -1.7954069786644137e-03,
          4.7683123961388641e-03, -1.9003801154387418e-03,
          2.3179579569592421e-02, 1.1789206825733468e-02,
          1.0403614507632200e-02, 8.0403741096562818e-03,
          4.1915603074679396e-03, 4.6928185756601830e-04,
          5.8574873320224987e-04, -1.2718728488938320e-03,
          2.3700125992451933e-03, 4.7103776130583385e-04,
          1.3271467577853711e-02, 6.3517168249718975e-03,
          1.6719327000896473e-02, 4.1915603074679387e-03,
          2.0756093284629053e-02, 1.2975594925989888e-04,
          2.8491813656481626e-04, -9.3419634260745505e-06,
          1.8389352120690213e-03, 9.0455468492687136e-06,
          -5.8938984410822079e-03, 2.4243558528500389e-03,
          8.4606081695116073e-04, 4.6928185756601830e-04,
          1.2975594925989896e-04, 7.0651198756986307e-03,
          7.9726749372932334e-05, -1.2923378387902551e-03,
          1.0127414283551119e-04, -7.5771170470522661e-03,
          2.2621987451709618e-03, 8.6275697870726021e-04,
          8.9245736657590682e-04, 5.8574873320225008e-04,
          2.8491813656481593e-04, 7.9726749372932321e-05,
          1.8843785355847256e-02, -4.7279559913656732e-05,
          8.5854060863999244e-04, -1.3867588688243877e-03,
          -2.5883476599989318e-04, -5.2789203012358046e-04,
          -1.7954069786644137e-03, -1.2718728488938322e-03,
          -9.3419634260743354e-06, -1.2923378387902551e-03,
          -4.7279559913656610e-05, 6.4918163804696505e-02,
          1.0599839981164027e-03, -1.3874436056492921e-03,
          -1.3216279812677164e-02, -2.5301539747495288e-03,
          4.7683123961388641e-03, 2.3700125992451933e-03,
          1.8389352120690213e-03, 1.0127414283551111e-04,
          8.5854060863999298e-04, 1.0599839981164031e-03,
          1.0116429305528467e-02, 5.8947579326628860e-04,
          -6.2611241546089071e-03, 2.7854681175416857e-03,
          -1.9003801154387425e-03, 4.7103776130583396e-04,
          9.0455468492686425e-06, -7.5771170470522661e-03,
          -1.3867588688243877e-03, -1.3874436056492919e-03,
          5.8947579326628849e-04, 6.8679679371941790e-02,
          -4.7838995346824644e-03, 1.8253915729736574e-03,
          2.3179579569592421e-02, 1.3271467577853711e-02,
          -5.8938984410822062e-03, 2.2621987451709627e-03,
          -2.5883476599989318e-04, -1.3216279812677164e-02,
          -6.2611241546089071e-03, -4.7838995346824661e-03,
          1.5428073462202099e-01, 2.3706525892519374e-02,
          1.1789206825733469e-02, 6.3517168249718975e-03,
          2.4243558528500389e-03, 8.6275697870725999e-04,
          -5.2789203012358035e-04, -2.5301539747495292e-03,
          2.7854681175416857e-03, 1.8253915729736574e-03,
          2.3706525892519374e-02, 3.0956645449830796e-02 ]
   - !!opencv-matrix
      rows: 10
      cols: 10
      dt: d
