%YAML:1.0
---
groups:
   - intact
   - CD19
   - blast
intactGmmnames:
   - "intact.Bue086.0"
   - "intact.Bue086.1"
   - "intact.Bue086.2"
   - "intact.Bue086.3"
   - "intact.Bue086.4"
intactLabels:
   - FSC-A
   - SSC-A
   - SY41
   - CD19
   - CD10
   - CD20
   - CD45
   - CD34
   - CD38
   - CD58
intactMu: !!opencv-matrix
   rows: 5
   cols: 10
   dt: d
   data: [ 1.4626928145034632e+00, 2.7360538830694225e-01,
       2.1879166511335528e+00, 9.6957732101448479e-01,
       8.4424948306795011e-01, 9.1901766636486704e-01,
       3.0120547409455418e+00, 1.1361471218297432e+00,
       1.6062001622725979e+00, 1.5250315767222649e+00,
       1.7842833292384224e+00, 1.1173980298692381e+00,
       2.5302330713325247e+00, 1.0399027468260869e+00,
       1.2184219108997345e+00, 1.0231598221371243e+00,
       1.9233724101944250e+00, 1.6761836917931745e+00,
       1.3773762891694450e+00, 2.8954841077422726e+00,
       1.5115778772712600e+00, 3.0147475942599689e-01,
       2.5151805742882503e+00, 1.5350071200939004e+00,
       2.9950719697488442e+00, 2.0603315305579200e+00,
       1.5000896953819889e+00, 1.4323391595886978e+00,
       1.5059805344000801e+00, 2.1809987482537085e+00,
       1.3317109313625100e+00, 4.8431898656892119e-01,
       2.2492922903187065e+00, 9.6530640528535305e-01,
       1.0118740752878643e+00, 8.9514921671982772e-01,
       1.6476432321020258e+00, 1.3595124081328187e+00,
       1.3178500797433532e+00, 2.5501894507971672e+00,
       2.0662211048207824e+00, 1.3108874277519595e+00,
       2.4651167638951264e+00, 1.1434715912189868e+00,
       1.3557318878609017e+00, 1.3986890832907670e+00,
       2.3990944947380717e+00, 1.7506135429385787e+00,
       1.8866289226999198e+00, 2.2815966643779912e+00 ]
intactSigma:
   - !!opencv-matrix
      rows: 10
      cols: 10
      dt: d
      data: [ 1.0017015521821747e-01, 1.3742949870637412e-02,
          -1.8699755494029222e-02, -6.4168803884377345e-05,
          3.0696268847252004e-03, 9.5147602848916386e-04,
          2.3079636655599978e-02, -2.2839238663338170e-03,
          9.0588872182156450e-03, 6.9537939922588013e-02,
          1.3742949870637412e-02, 8.1573162909523746e-03,
          2.8916431542515470e-03, 4.8133085777109978e-04,
          1.5932305202755238e-03, 1.2986671614843416e-03,
          8.1262526834497764e-03, 2.6940171501297241e-03,
          3.4030530576760125e-03, 3.2104585982022794e-02,
          -1.8699755494029222e-02, 2.8916431542515479e-03,
          3.8311592350381458e-02, 1.0470061120612403e-03,
          1.1312948852124870e-03, 1.9655635942462339e-03,
          -1.0453346645551162e-03, 9.1099318207558590e-03,
          -5.4009324640653831e-03, 1.4571084421023171e-02,
          -6.4168803884377481e-05, 4.8133085777109951e-04,
          1.0470061120612403e-03, 3.3516334251576907e-02,
          9.7896501030591871e-04, -2.2851769355244024e-05,
          5.2962291326368591e-04, -7.8121497594113099e-03,
          1.0964453816429045e-03, 3.2329262518217476e-03,
          3.0696268847252004e-03, 1.5932305202755238e-03,
          1.1312948852124870e-03, 9.7896501030591871e-04,
          2.4313897682009134e-02, 3.0801105574200759e-03,
          2.2641370611143235e-03, -2.1338248529446618e-03,
          -1.3602330976352514e-03, 6.7267250882000725e-03,
          9.5147602848916386e-04, 1.2986671614843416e-03,
          1.9655635942462339e-03, -2.2851769355244038e-05,
          3.0801105574200759e-03, 6.7683757127329311e-02,
          1.7468610620453419e-03, -5.1900791066411534e-04,
          -5.2970814988789585e-03, 8.0143724567783899e-03,
          2.3079636655599978e-02, 8.1262526834497764e-03,
          -1.0453346645551164e-03, 5.2962291326368580e-04,
          2.2641370611143244e-03, 1.7468610620453419e-03,
          2.4726737985213951e-02, 3.2164547650261363e-03,
          2.7937638274228311e-03, 4.0983729016513981e-02,
          -2.2839238663338157e-03, 2.6940171501297241e-03,
          9.1099318207558573e-03, -7.8121497594113099e-03,
          -2.1338248529446610e-03, -5.1900791066411501e-04,
          3.2164547650261354e-03, 3.6995657263927575e-02,
          -3.3137321208568066e-03, 1.2270571056234482e-02,
          9.0588872182156450e-03, 3.4030530576760125e-03,
          -5.4009324640653831e-03, 1.0964453816429051e-03,
          -1.3602330976352512e-03, -5.2970814988789593e-03,
          2.7937638274228307e-03, -3.3137321208568066e-03,
          1.4382127508082862e-01, 9.6441868202182535e-03,
          6.9537939922588013e-02, 3.2104585982022794e-02,
          1.4571084421023169e-02, 3.2329262518217476e-03,
          6.7267250882000751e-03, 8.0143724567783899e-03,
          4.0983729016513981e-02, 1.2270571056234482e-02,
          9.6441868202182535e-03, 2.5458672771251972e-01 ]
   - !!opencv-matrix
      rows: 10
      cols: 10
      dt: d
      data: [ 2.5993154585130696e-01, 4.9702653169302571e-02,
          5.1040041954357414e-02, -2.1549022732561036e-04,
          1.5654341596152810e-02, 8.7774844094165305e-03,
          1.8260366793811687e-02, 1.7320644840330308e-02,
          4.1346055073443657e-03, 1.5693823404206914e-04,
          4.9702653169302571e-02, 2.3374851176661832e-01,
          -8.8536405809081682e-03, 1.2746784063707443e-02,
          6.3822578004036692e-02, 2.4674732632289743e-02,
          8.0640023442738296e-02, 7.3561033130735434e-02,
          1.4676096931843531e-02, 1.0128184897386440e-01,
          5.1040041954357414e-02, -8.8536405809081682e-03,
          5.9155558088695076e-02, -2.9652426805882964e-05,
          -2.4324295873345636e-03, 6.3707060177526408e-03,
          -2.2501833368298221e-03, 4.7399927626168214e-03,
          1.3283354344450307e-03, -1.8019097831039520e-02,
          -2.1549022732561098e-04, 1.2746784063707446e-02,
          -2.9652426805882842e-05, 6.8095147367751324e-02,
          4.7435650733759563e-03, -1.8969238419892296e-04,
          5.2578657371671776e-03, -7.2215224475947765e-03,
          1.6811720109962578e-03, 6.6228527199984734e-03,
          1.5654341596152810e-02, 6.3822578004036692e-02,
          -2.4324295873345636e-03, 4.7435650733759572e-03,
          6.6236289119092004e-02, 1.3386625356407505e-02,
          3.9718410062579979e-02, 3.5976528069987468e-02,
          6.1221563583468801e-03, 3.2592788484724834e-02,
          8.7774844094165288e-03, 2.4674732632289739e-02,
          6.3707060177526425e-03, -1.8969238419892345e-04,
          1.3386625356407512e-02, 7.8677259786881767e-02,
          1.2679031047897017e-02, 1.6670715707144266e-02,
          6.3131744952357456e-04, 1.1031743977695484e-02,
          1.8260366793811687e-02, 8.0640023442738296e-02,
          -2.2501833368298212e-03, 5.2578657371671776e-03,
          3.9718410062579979e-02, 1.2679031047897017e-02,
          5.5091797801025341e-02, 4.5183035980569469e-02,
          6.9603631929491139e-03, 4.0506355608338429e-02,
          1.7320644840330308e-02, 7.3561033130735420e-02,
          4.7399927626168214e-03, -7.2215224475947765e-03,
          3.5976528069987468e-02, 1.6670715707144266e-02,
          4.5183035980569469e-02, 9.8804145782215122e-02,
          7.2988101597232270e-03, 3.7901917012551661e-02,
          4.1346055073443657e-03, 1.4676096931843529e-02,
          1.3283354344450304e-03, 1.6811720109962578e-03,
          6.1221563583468809e-03, 6.3131744952357434e-04,
          6.9603631929491122e-03, 7.2988101597232270e-03,
          4.6316631656123540e-03, 7.0383636253623294e-03,
          1.5693823404206914e-04, 1.0128184897386440e-01,
          -1.8019097831039520e-02, 6.6228527199984734e-03,
          3.2592788484724834e-02, 1.1031743977695485e-02,
          4.0506355608338429e-02, 3.7901917012551661e-02,
          7.0383636253623302e-03, 6.5334746345052402e-02 ]
   - !!opencv-matrix
      rows: 10
      cols: 10
      dt: d
