%YAML:1.0
---
groups:
   - intact
   - CD19
   - blast
intactGmmnames:
   - "intact.Bue064.0"
   - "intact.Bue064.1"
   - "intact.Bue064.2"
   - "intact.Bue064.3"
   - "intact.Bue064.4"
intactLabels:
   - FSC-A
   - SSC-A
   - SY41
   - CD19
   - CD10
   - CD20
   - CD45
   - CD34
   - CD38
   - CD58
intactMu: !!opencv-matrix
   rows: 5
   cols: 10
   dt: d
   data: [ 1.1106634089221192e+00, 1.7103495824114420e-01,
       3.8588998107277863e+00, 8.7688436969524508e-01,
       8.5762205267060343e-01, 1.0444342347776066e+00,
       2.8937631034860414e+00, 1.1945222673245806e+00,
       1.6421946677641772e+00, 9.8499013114533840e-01,
       1.5711786682652671e+00, 5.0890533761721324e-01,
       4.1131846839705428e+00, 9.5718565646279574e-01,
       9.0241949648845898e-01, 1.0825535242017552e+00,
       1.7270587115268068e+00, 1.6307586499425331e+00,
       1.2744257303522863e+00, 2.5333062700074525e+00,
       2.1974655909351437e+00, 1.6668896860822793e+00,
       4.0373251526114444e+00, 1.0338238424673885e+00,
       1.1088589025951439e+00, 1.2505730145774792e+00,
       2.6100980362195392e+00, 1.8019817516291325e+00,
       2.5132493392726349e+00, 2.1778573818618763e+00,
       1.2994136107354932e+00, 3.1093982307383733e-01,
       3.7409956554637880e+00, 8.7372138073020511e-01,
       8.7940210565592269e-01, 1.0553930055175311e+00,
       3.1628008020734382e+00, 1.0712360044314146e+00,
       1.9146522443711624e+00, 1.6024260125170067e+00,
       1.2560282724772296e+00, 3.3216102387256152e-01,
       3.7660402915681033e+00, 8.5629996007862741e-01,
       8.7513180281234160e-01, 1.0317328537141264e+00,
       1.4615601075211551e+00, 1.2704574845512611e+00,
       1.2054749501446516e+00, 2.5823376131738081e+00 ]
intactSigma:
   - !!opencv-matrix
      rows: 10
      cols: 10
      dt: d
      data: [ 1.7607374095687411e-02, 2.7303858339440623e-03,
          2.3293167138922059e-03, -1.1772009032474447e-04,
          4.2073162397652933e-04, -2.5321982452717468e-04,
          8.9883401690979449e-03, -3.8672018288987437e-03,
          -1.2109228349189028e-02, -5.5956586908452520e-04,
          2.7303858339440623e-03, 1.4223998617729266e-03,
          4.9059993235294190e-04, 8.2834605544365044e-05,
          1.6164683335496741e-04, -1.3691432562312121e-04,
          2.3750412519667145e-03, -2.0240650003061252e-03,
          -3.1718748913308935e-03, 3.6225249050879495e-05,
          2.3293167138922050e-03, 4.9059993235294201e-04,
          3.1059447892656947e-03, 2.3554546513779575e-04,
          5.5039204277083604e-05, 1.0414356395648724e-04,
          1.3185076049994648e-03, 1.5589061637876255e-03,
          -4.6558319617697481e-03, -2.2061950872597977e-03,
          -1.1772009032474464e-04, 8.2834605544365017e-05,
          2.3554546513779575e-04, 3.2958154648324155e-02,
          3.8413794487233716e-04, -1.0567462397320739e-03,
          -2.9995181585858931e-04, -1.1586196547608287e-02,
          6.3378344664846568e-04, 6.4433804847524146e-07,
          4.2073162397652917e-04, 1.6164683335496741e-04,
          5.5039204277083644e-05, 3.8413794487233716e-04,
          1.0123927241909232e-02, 2.8365553431149312e-04,
          1.1285501129180019e-03, -1.8659669517206491e-03,
          -1.6413373878511608e-03, -1.7068733247103669e-04,
          -2.5321982452717468e-04, -1.3691432562312110e-04,
          1.0414356395648724e-04, -1.0567462397320744e-03,
          2.8365553431149290e-04, 2.7058137209627617e-02,
          3.9459862109320271e-04, -2.0414478305208630e-04,
          -3.7393104772695451e-03, 1.3624382859126104e-04,
          8.9883401690979466e-03, 2.3750412519667145e-03,
          1.3185076049994650e-03, -2.9995181585858904e-04,
          1.1285501129180019e-03, 3.9459862109320271e-04,
          5.3311853501040195e-02, -2.1238376827267509e-03,
          -9.8653401440432584e-03, 4.1355604695969718e-04,
          -3.8672018288987446e-03, -2.0240650003061256e-03,
          1.5589061637876246e-03, -1.1586196547608289e-02,
          -1.8659669517206491e-03, -2.0414478305208649e-04,
          -2.1238376827267509e-03, 7.1943139341800633e-02,
          -3.9099506628927153e-03, 5.7804079391284740e-04,
          -1.2109228349189028e-02, -3.1718748913308935e-03,
          -4.6558319617697481e-03, 6.3378344664846622e-04,
          -1.6413373878511608e-03, -3.7393104772695451e-03,
          -9.8653401440432584e-03, -3.9099506628927179e-03,
          1.3929925430178045e-01, -1.0747756158347014e-03,
          -5.5956586908452552e-04, 3.6225249050879461e-05,
          -2.2061950872597977e-03, 6.4433804847515327e-07,
          -1.7068733247103669e-04, 1.3624382859126090e-04,
          4.1355604695969691e-04, 5.7804079391284762e-04,
          -1.0747756158347014e-03, 4.5765315052955493e-03 ]
   - !!opencv-matrix
      rows: 10
      cols: 10
      dt: d
      data: [ 1.6798960175872102e-01, 4.9684933334408189e-02,
          2.6401362442427995e-02, -1.0936773703896950e-03,
          3.8162225844160656e-03, 5.9465855202366189e-04,
          8.7002665496731885e-02, 1.8177084307775732e-02,
          8.1528761620063474e-03, 8.1675925548035253e-02,
          4.9684933334408182e-02, 4.3103384589336206e-02,
          7.1953699202954068e-03, -1.8038013166335552e-03,
          5.2235854124494880e-03, 1.4484337536754600e-03,
          2.7702122800630759e-02, 2.1281920748616189e-02,
          6.6886891703840873e-03, 6.3463213962532711e-02,
          2.6401362442427995e-02, 7.1953699202954103e-03,
          3.4377136441580407e-02, 4.2290362544939999e-03,
          -1.0199311365808332e-03, 4.5717081377680026e-03,
          2.4025896210697357e-02, 2.6909079978279543e-02,
          2.0359030858273504e-03, -1.2585727621598952e-03,
          -1.0936773703896950e-03, -1.8038013166335547e-03,
          4.2290362544939982e-03, 8.2487982699740614e-02,
          -3.5909713552933857e-04, 2.3833694431028309e-04,
          1.0185938492986001e-03, -1.6463043053548385e-02,
          4.0246043149661708e-04, -2.6715317955550595e-05,
          3.8162225844160661e-03, 5.2235854124494888e-03,
          -1.0199311365808328e-03, -3.5909713552933906e-04,
          2.9004625663966190e-02, 6.6815910308820636e-04,
          4.0142290683092694e-04, 7.2294929186949710e-05,
          9.8517671472153493e-04, 8.2561945007629135e-03,
          5.9465855202366145e-04, 1.4484337536754600e-03,
          4.5717081377680026e-03, 2.3833694431028309e-04,
          6.6815910308820549e-04, 3.2649844982069812e-02,
          5.0674108857122150e-03, 1.3752870897956843e-02,
          8.1454422194697480e-05, -2.9491554767924278e-03,
          8.7002665496731885e-02, 2.7702122800630752e-02,
          2.4025896210697357e-02, 1.0185938492985995e-03,
          4.0142290683092737e-04, 5.0674108857122141e-03,
          3.0020529209876590e-01, 2.8218195434448860e-02,
          9.3282942335842101e-03, 2.6773818343946557e-02,
          1.8177084307775742e-02, 2.1281920748616189e-02,
          2.6909079978279543e-02, -1.6463043053548385e-02,
          7.2294929186949913e-05, 1.3752870897956843e-02,
          2.8218195434448853e-02, 1.9971332241466319e-01,
          1.0710455715537312e-02, 1.6488091510080623e-02,
          8.1528761620063492e-03, 6.6886891703840873e-03,
          2.0359030858273504e-03, 4.0246043149661697e-04,
          9.8517671472153536e-04, 8.1454422194697398e-05,
          9.3282942335842084e-03, 1.0710455715537312e-02,
          1.2496919329536690e-02, 8.2410994776175479e-03,
          8.1675925548035253e-02, 6.3463213962532711e-02,
          -1.2585727621598959e-03, -2.6715317955550653e-05,
          8.2561945007629135e-03, -2.9491554767924269e-03,
          2.6773818343946553e-02, 1.6488091510080627e-02,
          8.2410994776175462e-03, 2.4082193885313188e-01 ]
   - !!opencv-matrix
      rows: 10
      cols: 10
      dt: d
