%YAML:1.0
---
groups:
   - intact
   - CD19
   - blast
intactGmmnames:
   - "intact.Bue008.0"
   - "intact.Bue008.1"
   - "intact.Bue008.2"
   - "intact.Bue008.3"
   - "intact.Bue008.4"
intactLabels:
   - FSC-A
   - SSC-A
   - SY41
   - CD19
   - CD10
   - CD20
   - CD45
   - CD34
   - CD38
   - CD58
intactMu: !!opencv-matrix
   rows: 5
   cols: 10
   dt: d
   data: [ 1.3060876383464279e+00, 2.8095700777410643e-01,
       3.8710457520285249e+00, 1.0946390911220671e+00,
       9.4147305577755169e-01, 1.1682138510303823e+00,
       3.5355413947570136e+00, 1.2117832640088271e+00,
       1.9253964268684784e+00, 2.2072503679902606e+00,
       2.0344944699484668e+00, 2.0101617433844541e+00,
       4.0951975434968642e+00, 1.1796177289735790e+00,
       1.6508316387748263e+00, 1.2792954397237699e+00,
       3.1447163907858990e+00, 1.9842967720423192e+00,
       1.8878926758392265e+00, 2.7422448375082715e+00,
       9.8154441520800417e-01, 2.7504448461152342e-01,
       3.8636714066832694e+00, 1.0945126284833684e+00,
       9.2277420327359716e-01, 1.1440800966523201e+00,
       1.9774910593421395e+00, 1.2832970329681348e+00,
       1.2687585857598667e+00, 2.8109408982797786e+00,
       1.0587531242628803e+00, 1.6556692660985081e-01,
       4.1462713785769019e+00, 1.0974257873154982e+00,
       9.1801706242583903e-01, 1.1519045473218110e+00,
       3.3102388763889250e+00, 1.2010470643632627e+00,
       1.6013065216767712e+00, 1.3609120164292163e+00,
       1.3772408435237928e+00, 4.9533059289685111e-01,
       3.9827906479700217e+00, 1.3159015225303707e+00,
       1.0483882581326818e+00, 1.3848183571275912e+00,
       2.9601965474454710e+00, 1.5079059483871173e+00,
       1.7873355816810246e+00, 2.2296270022053535e+00 ]
intactSigma:
   - !!opencv-matrix
      rows: 10
      cols: 10
      dt: d
      data: [ 1.6661368084219141e-02, 3.5458298202022819e-03,
          -2.3157887074512990e-03, 5.0035746447220920e-05,
          4.7518372640000954e-04, -1.1404403295644391e-03,
          2.5084445558132789e-03, 7.5962876908918355e-04,
          1.3481147739120727e-02, 7.5618114420304165e-03,
          3.5458298202022819e-03, 3.1845413713996458e-03,
          3.0511986053632690e-05, 1.7441204328638718e-04,
          3.9460109811811374e-04, -3.8039601338670697e-04,
          1.9404095553446305e-03, 1.0789908452605178e-03,
          6.0785107599288079e-03, 5.0490717082323057e-03,
          -2.3157887074512985e-03, 3.0511986053632632e-05,
          7.1919996464344230e-02, 8.6926719867406641e-04,
          -1.9609231736656335e-04, 1.4846803771412244e-03,
          -2.6020055075447581e-03, 1.9054828653140411e-03,
          2.0038851508978349e-02, 3.2212310002331323e-03,
          5.0035746447220818e-05, 1.7441204328638723e-04,
          8.6926719867406641e-04, 9.0308129211954403e-03,
          2.7967933920269741e-04, -2.7458323304568638e-04,
          -9.8210375645333548e-05, -7.9333672861395099e-03,
          2.4136851371927347e-03, 4.0612398914561724e-04,
          4.7518372640000965e-04, 3.9460109811811364e-04,
          -1.9609231736656367e-04, 2.7967933920269731e-04,
          2.0793101178087942e-02, 5.6595604756131085e-04,
          8.8108837706956701e-04, -4.0432174498912900e-03,
          -2.0587714819759978e-03, -1.2100756216601326e-03,
          -1.1404403295644386e-03, -3.8039601338670697e-04,
          1.4846803771412244e-03, -2.7458323304568655e-04,
          5.6595604756131139e-04, 2.1050918442532301e-02,
          1.6103368046861322e-04, -1.4606552115781490e-03,
          -7.6717566138587634e-03, -4.9052833620115931e-04,
          2.5084445558132789e-03, 1.9404095553446296e-03,
          -2.6020055075447572e-03, -9.8210375645333642e-05,
          8.8108837706956733e-04, 1.6103368046861322e-04,
          1.1295327081049187e-02, 1.5561158290783670e-03,
          -8.1557616312083869e-03, 4.2917225246087807e-04,
          7.5962876908918344e-04, 1.0789908452605180e-03,
          1.9054828653140411e-03, -7.9333672861395099e-03,
          -4.0432174498912900e-03, -1.4606552115781484e-03,
          1.5561158290783668e-03, 6.6857475115620971e-02,
          -6.1558369454241691e-03, 2.6324846731389964e-03,
          1.3481147739120727e-02, 6.0785107599288062e-03,
          2.0038851508978356e-02, 2.4136851371927347e-03,
          -2.0587714819759969e-03, -7.6717566138587634e-03,
          -8.1557616312083851e-03, -6.1558369454241665e-03,
          4.1410656921587125e-01, 2.1726139241654622e-02,
          7.5618114420304165e-03, 5.0490717082323057e-03,
          3.2212310002331318e-03, 4.0612398914561751e-04,
          -1.2100756216601328e-03, -4.9052833620115866e-04,
          4.2917225246087850e-04, 2.6324846731389964e-03,
          2.1726139241654622e-02, 3.6192912648622559e-02 ]
   - !!opencv-matrix
      rows: 10
      cols: 10
      dt: d
      data: [ 9.3212336222203498e-02, 1.2528829038809802e-01,
          -5.4935665633314892e-03, 3.9255550758955943e-03,
          4.2524093211525433e-03, 1.2868762316553638e-02,
          5.0672960157680490e-03, 4.2179014355651613e-02,
          2.9352413412139407e-02, 1.5712785077507577e-02,
          1.2528829038809802e-01, 2.8178143926433236e-01,
          -5.9260138431545756e-03, 5.9664946001159033e-03,
          4.2536760135655258e-02, 1.5315568409059838e-02,
          2.2552294279319207e-02, 5.8616406457523473e-02,
          5.1280876463474172e-02, 2.7095594083298081e-02,
          -5.4935665633314909e-03, -5.9260138431545747e-03,
          1.7219844762808658e-02, -5.7049632635522527e-04,
          -9.8394897648220701e-03, 1.6711312872085075e-04,
          -2.6935141294664434e-03, 4.3327413216457598e-04,
          3.3582485696081205e-03, -1.7667869606964360e-03,
          3.9255550758955935e-03, 5.9664946001159016e-03,
          -5.7049632635522538e-04, 3.5937646181213520e-02,
          9.6475122587703147e-03, 1.4239149555224171e-03,
          3.7463549172367036e-03, -6.5901253378103826e-03,
          -4.0348898883989839e-04, 1.3927621322428474e-03,
          4.2524093211525416e-03, 4.2536760135655265e-02,
          -9.8394897648220701e-03, 9.6475122587703199e-03,
          2.2490096902543741e-01, 3.6398036455749325e-03,
          4.0082877680239513e-02, 2.1870172353582657e-03,
          -2.8378991230281161e-02, 4.2327640394593776e-03,
          1.2868762316553633e-02, 1.5315568409059838e-02,
          1.6711312872085048e-04, 1.4239149555224176e-03,
          3.6398036455749338e-03, 2.4906725306527010e-02,
          2.1016491252574547e-03, 1.2328234438242594e-02,
          2.3891346244196622e-05, 2.5003648770802376e-03,
          5.0672960157680472e-03, 2.2552294279319207e-02,
          -2.6935141294664434e-03, 3.7463549172367040e-03,
          4.0082877680239513e-02, 2.1016491252574552e-03,
          2.0729545917325072e-02, 5.4193856315910439e-03,
          -9.9603553023871090e-03, 3.3302449783313023e-03,
          4.2179014355651606e-02, 5.8616406457523473e-02,
          4.3327413216457598e-04, -6.5901253378103835e-03,
          2.1870172353582653e-03, 1.2328234438242592e-02,
          5.4193856315910439e-03, 9.6752174727755727e-02,
          7.1293951705287172e-03, 8.1879553131641997e-03,
          2.9352413412139410e-02, 5.1280876463474172e-02,
          3.3582485696081197e-03, -4.0348898883989839e-04,
          -2.8378991230281161e-02, 2.3891346244196982e-05,
          -9.9603553023871090e-03, 7.1293951705287129e-03,
          7.2863272010376415e-02, 7.7047664290170736e-03,
          1.5712785077507573e-02, 2.7095594083298081e-02,
          -1.7667869606964360e-03, 1.3927621322428474e-03,
          4.2327640394593758e-03, 2.5003648770802380e-03,
          3.3302449783313023e-03, 8.1879553131642014e-03,
          7.7047664290170736e-03, 1.0930192050824215e-02 ]
   - !!opencv-matrix
      rows: 10
      cols: 10
      dt: d
