%YAML:1.0
---
groups:
   - intact
   - CD19
   - blast
intactGmmnames:
   - "intact.Bue009.0"
   - "intact.Bue009.1"
   - "intact.Bue009.2"
   - "intact.Bue009.3"
   - "intact.Bue009.4"
intactLabels:
   - FSC-A
   - SSC-A
   - SY41
   - CD19
   - CD10
   - CD20
   - CD45
   - CD34
   - CD38
   - CD58
intactMu: !!opencv-matrix
   rows: 5
   cols: 10
   dt: d
   data: [ 2.2276465301527413e+00, 1.6965955552483065e+00,
       3.3724528888288376e+00, 1.2298386646719324e+00,
       1.4729984585738236e+00, 1.3103428267994188e+00,
       2.9295518881392639e+00, 2.2223102767066440e+00,
       1.9636580002022090e+00, 2.6620978407049813e+00,
       1.2251780563060068e+00, 2.4785638926129272e-01,
       3.4454688747096833e+00, 1.1492960295865429e+00,
       9.2776594897728637e-01, 9.5546647387904649e-01,
       1.7080141929996322e+00, 1.7246724142246297e+00,
       1.2097142499909714e+00, 2.7209895718562516e+00,
       1.2070028714740457e+00, 1.4762202306517003e-01,
       3.3689898327078578e+00, 1.1542855417016016e+00,
       9.2297810651091827e-01, 9.5175675626983858e-01,
       3.1298327635051453e+00, 1.7004967086641656e+00,
       1.8507483755008196e+00, 1.2176534443976490e+00,
       1.7593399904707674e+00, 5.1573235177404431e-01,
       3.5684804634841005e+00, 1.2675783365154041e+00,
       1.0234313553005938e+00, 1.2341311732626115e+00,
       2.5408138253945154e+00, 2.0858305362112719e+00,
       1.8570587347870373e+00, 2.4625964258543709e+00,
       1.3991997727961296e+00, 2.8087492267001957e-01,
       3.3505829021679872e+00, 1.1463843396890701e+00,
       9.2988172454432283e-01, 9.2333909824536031e-01,
       3.3644302394296162e+00, 1.1774856636903861e+00,
       2.0114784902421157e+00, 2.1047845394713840e+00 ]
intactSigma:
   - !!opencv-matrix
      rows: 10
      cols: 10
      dt: d
      data: [ 7.4535390339926608e-02, 8.1304895348842637e-02,
          7.1968575842861343e-03, 2.8470100215428722e-03,
          7.1319395362954719e-03, 2.4184201552920719e-02,
          8.2573748443121682e-04, 2.6510131353060108e-02,
          3.1382933660155356e-02, 1.2409281573133922e-02,
          8.1304895348842637e-02, 2.2136837971620554e-01,
          -1.3150018683004399e-03, 7.0412297451300197e-03,
          6.6126005076322977e-02, 3.3201344994384610e-02,
          4.5095957906533882e-02, 3.5557004942463784e-02,
          1.8244374116069738e-02, 2.4727962140070798e-02,
          7.1968575842861343e-03, -1.3150018683004392e-03,
          1.3281700355976223e-02, -8.5425175659211642e-04,
          -9.0119264824499706e-03, -1.3470869276749993e-04,
          -7.5951308189273819e-03, 6.9095903025729179e-04,
          1.1470696150351772e-02, 7.9173124954092709e-05,
          2.8470100215428730e-03, 7.0412297451300145e-03,
          -8.5425175659211686e-04, 3.1558122041876815e-02,
          8.0733906136500715e-03, 5.2494080428008572e-03,
          5.8058998050221191e-03, -8.3383291281997169e-04,
          -1.6911594638860630e-03, 2.3846331837845502e-03,
          7.1319395362954676e-03, 6.6126005076322977e-02,
          -9.0119264824499688e-03, 8.0733906136500697e-03,
          1.6425895652865175e-01, 2.1674473622307219e-02,
          4.9348066845330538e-02, 1.6402442211149157e-02,
          -3.3337934672385154e-02, 1.0231682029227944e-02,
          2.4184201552920719e-02, 3.3201344994384603e-02,
          -1.3470869276749995e-04, 5.2494080428008572e-03,
          2.1674473622307216e-02, 1.0935761390239900e-01,
          1.3384475245468238e-02, 3.7825164136220182e-02,
          -5.5400092315786966e-03, 1.0151017115475910e-02,
          8.2573748443121693e-04, 4.5095957906533868e-02,
          -7.5951308189273819e-03, 5.8058998050221182e-03,
          4.9348066845330545e-02, 1.3384475245468238e-02,
          4.3675374701110728e-02, 1.1328171829089245e-02,
          -2.5955894528024045e-02, 7.8768492838670254e-03,
          2.6510131353060108e-02, 3.5557004942463784e-02,
          6.9095903025729189e-04, -8.3383291281997137e-04,
          1.6402442211149157e-02, 3.7825164136220182e-02,
          1.1328171829089247e-02, 8.2071864656275487e-02,
          9.4353218401856500e-04, 1.1916392777606208e-02,
          3.1382933660155356e-02, 1.8244374116069738e-02,
          1.1470696150351772e-02, -1.6911594638860630e-03,
          -3.3337934672385168e-02, -5.5400092315786966e-03,
          -2.5955894528024045e-02, 9.4353218401856532e-04,
          9.3333565923552089e-02, 4.3199474197491887e-03,
          1.2409281573133920e-02, 2.4727962140070798e-02,
          7.9173124954092682e-05, 2.3846331837845507e-03,
          1.0231682029227945e-02, 1.0151017115475910e-02,
          7.8768492838670271e-03, 1.1916392777606208e-02,
          4.3199474197491879e-03, 1.3285682359572996e-02 ]
   - !!opencv-matrix
      rows: 10
      cols: 10
      dt: d
      data: [ 1.2524324445655904e-01, 2.0313466707274606e-02,
          4.4183297530661102e-02, 8.0984175559166991e-04,
          4.5701659693727081e-03, 9.3653059526209361e-03,
          4.9763399946754001e-02, 3.8737339727428433e-02,
          8.2460349563060979e-03, 2.9238263271539229e-02,
          2.0313466707274609e-02, 6.5542029700984073e-03,
          9.0094279422975581e-03, 2.7045528749174115e-04,
          1.2059719898441974e-03, 2.5556696093562430e-03,
          1.1466996261412519e-02, 1.0542795198499389e-02,
          2.6648009427781634e-03, 7.0365261091224268e-03,
          4.4183297530661102e-02, 9.0094279422975598e-03,
          3.3499703762895558e-02, 5.2922168096455175e-04,
          2.1882047532139725e-03, 5.0870213441820420e-03,
          2.6479373693886789e-02, 2.2808690499182827e-02,
          4.2791428128151595e-03, 1.2995377134566524e-02,
          8.0984175559166958e-04, 2.7045528749174098e-04,
          5.2922168096455153e-04, 1.1836571229773461e-02,
          5.0840935846233720e-06, -3.2525194182794775e-04,
          6.8475610425089266e-04, -7.9995221646303565e-03,
          3.2025602002792999e-04, 4.3474085974485336e-04,
          4.5701659693727064e-03, 1.2059719898441974e-03,
          2.1882047532139730e-03, 5.0840935846233948e-06,
          2.6804168045970793e-02, 1.4158363201717740e-03,
          3.5438771919396443e-03, -5.8655755324535223e-04,
          7.6644982150591797e-04, 1.0671822246368829e-04,
          9.3653059526209361e-03, 2.5556696093562430e-03,
          5.0870213441820420e-03, -3.2525194182794759e-04,
          1.4158363201717738e-03, 5.9604573302180462e-02,
          5.9690566865258929e-03, 2.2554573744379660e-02,
          -8.1801438489306322e-06, 3.0683526145212708e-04,
          4.9763399946754001e-02, 1.1466996261412519e-02,
          2.6479373693886789e-02, 6.8475610425089266e-04,
          3.5438771919396443e-03, 5.9690566865258912e-03,
          8.5432728676232403e-02, 2.6493021869636004e-02,
          5.1502017190284887e-03, 1.5193344928340959e-02,
          3.8737339727428433e-02, 1.0542795198499386e-02,
          2.2808690499182827e-02, -7.9995221646303565e-03,
          -5.8655755324535223e-04, 2.2554573744379667e-02,
          2.6493021869636004e-02, 2.1838753285871221e-01,
          1.0650268338651122e-02, 3.8089762568370113e-04,
          8.2460349563060979e-03, 2.6648009427781634e-03,
          4.2791428128151595e-03, 3.2025602002792999e-04,
          7.6644982150591776e-04, -8.1801438489306170e-06,
          5.1502017190284879e-03, 1.0650268338651125e-02,
          6.1844406038773572e-03, 2.2519287910470159e-03,
          2.9238263271539229e-02, 7.0365261091224268e-03,
          1.2995377134566524e-02, 4.3474085974485319e-04,
          1.0671822246368824e-04, 3.0683526145212751e-04,
          1.5193344928340959e-02, 3.8089762568370065e-04,
          2.2519287910470159e-03, 2.1194370264175047e-02 ]
   - !!opencv-matrix
      rows: 10
      cols: 10
      dt: d
