%YAML:1.0
---
groups:
   - intact
   - CD19
intactGmmnames:
   - "intact.Bue039.0"
   - "intact.Bue039.1"
   - "intact.Bue039.2"
   - "intact.Bue039.3"
   - "intact.Bue039.4"
intactLabels:
   - FSC-A
   - SSC-A
   - SY41
   - CD19
   - CD10
   - CD20
   - CD45
   - CD34
   - CD38
   - CD58
intactMu: !!opencv-matrix
   rows: 5
   cols: 10
   dt: d
   data: [ 1.2517696670605047e+00, 1.7139123819564692e-01,
       3.2172281381710448e+00, 8.7298197369536035e-01,
       9.2514046499700375e-01, 1.0226923577032669e+00,
       3.2367426944100357e+00, 1.7223830568009484e+00,
       1.5623619146503944e+00, 1.1061212036415824e+00,
       1.0980525334322750e+00, 3.4548981007199758e-01,
       3.3077612112034718e+00, 8.6873533902150046e-01,
       9.3238662786871207e-01, 1.0275051894291920e+00,
       1.5090501595274217e+00, 1.7957576246812705e+00,
       1.1586337783995198e+00, 2.7751612279764308e+00,
       1.9624470732597696e+00, 7.3467481241046761e-01,
       3.5272782012973294e+00, 9.5394477676245015e-01,
       9.9683874947576634e-01, 1.1350071656615113e+00,
       3.0379749426395883e+00, 1.9240070075223747e+00,
       2.5921160681559754e+00, 2.3830503137136390e+00,
       1.8873532002517430e+00, 1.8841190640774608e+00,
       3.3825618009627272e+00, 9.9450950562564000e-01,
       1.6080231945824273e+00, 1.2469921104323469e+00,
       2.5421840954260149e+00, 2.1096766402597251e+00,
       1.6446512228465167e+00, 2.6445759675655056e+00,
       1.4196303208856478e+00, 3.2743854434978809e-01,
       3.2499712123337239e+00, 8.6710451965346214e-01,
       9.3592202285786119e-01, 1.0307022939787778e+00,
       3.3642208004120158e+00, 1.3108151593333623e+00,
       1.9478542065169979e+00, 1.9136386994250851e+00 ]
intactSigma:
   - !!opencv-matrix
      rows: 10
      cols: 10
      dt: d
      data: [ 1.7549391217606094e-02, 3.0522109344438843e-03,
          3.9448890904993711e-03, -2.3673990320134205e-05,
          8.9197751151102230e-04, 3.7736494320044898e-05,
          5.2109068470460995e-03, -2.1689768679642356e-03,
          -1.2497752632287548e-02, 6.7075251389284276e-03,
          3.0522109344438843e-03, 2.4553968280274928e-03,
          9.2135516538373319e-04, 2.5519826427398230e-04,
          3.4127491863796721e-04, -8.0710982976830553e-05,
          2.1165211278336609e-03, -6.8095314409725614e-04,
          -4.3534190265319137e-03, 1.6375041014173745e-02,
          3.9448890904993711e-03, 9.2135516538373330e-04,
          5.2534663491249104e-03, 1.4481096908507506e-04,
          2.8472724006467552e-04, 2.6180517403466189e-04,
          1.4743999376876848e-03, 2.2106966388303257e-03,
          -5.9021896595295355e-03, 1.9825352742461566e-04,
          -2.3673990320134185e-05, 2.5519826427398225e-04,
          1.4481096908507509e-04, 2.7582824639939253e-02,
          -2.0986175087426941e-04, -1.5054003877834163e-03,
          -3.5386105785536536e-05, -1.1632689197467119e-02,
          6.2808128578168971e-04, 2.4677471559017955e-03,
          8.9197751151102263e-04, 3.4127491863796732e-04,
          2.8472724006467531e-04, -2.0986175087426927e-04,
          9.3146024142466578e-03, 4.4067206321964141e-04,
          6.4026827773515425e-04, -1.3774532311249970e-03,
          -1.5967577982254838e-03, -1.9815846730741367e-04,
          3.7736494320044878e-05, -8.0710982976830525e-05,
          2.6180517403466200e-04, -1.5054003877834163e-03,
          4.4067206321964157e-04, 3.4098725917449495e-02,
          2.5659921236310609e-04, -1.6763627145026376e-03,
          -4.2671970685934056e-03, -1.4968699235366899e-03,
          5.2109068470460995e-03, 2.1165211278336609e-03,
          1.4743999376876848e-03, -3.5386105785536421e-05,
          6.4026827773515436e-04, 2.5659921236310620e-04,
          9.3355251463717089e-03, -2.5794260801234332e-03,
          -7.6775944332060191e-03, 5.7771010868591117e-03,
          -2.1689768679642343e-03, -6.8095314409725614e-04,
          2.2106966388303266e-03, -1.1632689197467119e-02,
          -1.3774532311249970e-03, -1.6763627145026383e-03,
          -2.5794260801234332e-03, 9.7129212369487405e-02,
          -1.2324823436409137e-03, 1.5178696985304352e-02,
          -1.2497752632287548e-02, -4.3534190265319137e-03,
          -5.9021896595295355e-03, 6.2808128578168961e-04,
          -1.5967577982254838e-03, -4.2671970685934082e-03,
          -7.6775944332060173e-03, -1.2324823436409144e-03,
          1.6021735794317468e-01, -2.3779425051914202e-02,
          6.7075251389284284e-03, 1.6375041014173745e-02,
          1.9825352742461517e-04, 2.4677471559017955e-03,
          -1.9815846730741350e-04, -1.4968699235366892e-03,
          5.7771010868591117e-03, 1.5178696985304349e-02,
          -2.3779425051914205e-02, 2.7119359761156475e-01 ]
   - !!opencv-matrix
      rows: 10
      cols: 10
      dt: d
      data: [ 7.3174365956267418e-02, 2.0893782190390099e-02,
          3.5404318491186013e-02, 8.5891650106906389e-04,
          2.4116752321115768e-03, 4.8035930241901561e-03,
          2.9988649193293384e-02, 4.8972510711574678e-02,
          1.3825284353029444e-02, 2.3491683683254900e-02,
          2.0893782190390096e-02, 1.1596107856114287e-02,
          1.2768236402824203e-02, 3.6902512385068994e-04,
          1.1079501388811634e-03, 2.0983328370797060e-03,
          1.1818099576498896e-02, 2.2027617193709246e-02,
          6.8043814772178191e-03, 1.1242867806783062e-02,
          3.5404318491186013e-02, 1.2768236402824203e-02,
          5.3891044705817764e-02, 1.1419549062101303e-03,
          1.3901230985448828e-03, 5.6450787003423809e-03,
          1.7451685300585454e-02, 5.0265715929028891e-02,
          8.4567783157901422e-03, 1.2450571035892907e-02,
          8.5891650106906454e-04, 3.6902512385069005e-04,
          1.1419549062101310e-03, 3.2089767160177536e-02,
          -1.2322572314356098e-04, -7.7258580401654670e-04,
          5.6438530408521505e-04, -1.1504382623238784e-02,
          8.2552543204302128e-04, 3.3094934079646741e-04,
          2.4116752321115768e-03, 1.1079501388811641e-03,
          1.3901230985448828e-03, -1.2322572314356096e-04,
          1.6819347163498706e-02, 6.9329914382304752e-04,
          2.3401442815436800e-03, -1.5601147286741366e-04,
          4.7754247557745520e-04, -3.9847156190888722e-04,
          4.8035930241901552e-03, 2.0983328370797064e-03,
          5.6450787003423809e-03, -7.7258580401654681e-04,
          6.9329914382304731e-04, 3.1619029555216407e-02,
          3.6337650962212078e-03, 6.6812344307769231e-03,
          -1.6415590828927385e-04, 1.8931867840771516e-03,
          2.9988649193293384e-02, 1.1818099576498896e-02,
          1.7451685300585454e-02, 5.6438530408521484e-04,
          2.3401442815436800e-03, 3.6337650962212078e-03,
          7.8332987984893646e-02, 3.1123830314544968e-02,
          8.3755340885998952e-03, 1.1041857121754267e-02,
          4.8972510711574671e-02, 2.2027617193709246e-02,
          5.0265715929028905e-02, -1.1504382623238784e-02,
          -1.5601147286741366e-04, 6.6812344307769231e-03,
          3.1123830314544968e-02, 1.7936092894634989e-01,
          2.0548639835145589e-02, 1.7140091604964072e-02,
          1.3825284353029444e-02, 6.8043814772178208e-03,
          8.4567783157901422e-03, 8.2552543204302128e-04,
          4.7754247557745520e-04, -1.6415590828927385e-04,
          8.3755340885998952e-03, 2.0548639835145592e-02,
          1.4999842000884535e-02, 5.6527596430918405e-03,
          2.3491683683254903e-02, 1.1242867806783062e-02,
          1.2450571035892907e-02, 3.3094934079646741e-04,
          -3.9847156190888711e-04, 1.8931867840771516e-03,
          1.1041857121754267e-02, 1.7140091604964072e-02,
          5.6527596430918422e-03, 2.9932961956074044e-02 ]
   - !!opencv-matrix
      rows: 10
      cols: 10
      dt: d
