%YAML:1.0
---
groups:
   - intact
   - CD19
   - blast
intactGmmnames:
   - "intact.Bue013.0"
   - "intact.Bue013.1"
   - "intact.Bue013.2"
   - "intact.Bue013.3"
   - "intact.Bue013.4"
intactLabels:
   - FSC-A
   - SSC-A
   - SY41
   - CD19
   - CD10
   - CD20
   - CD45
   - CD34
   - CD38
   - CD58
intactMu: !!opencv-matrix
   rows: 5
   cols: 10
   dt: d
   data: [ 8.2922112721575902e-01, 2.0558855207240806e-01,
       2.4363492819376522e+00, 8.9484487393541712e-01,
       9.4937260043512572e-01, 9.5126411362375496e-01,
       1.4716918933276442e+00, 1.3754362504494555e+00,
       1.2551014643336451e+00, 2.6165653551951489e+00,
       2.3083617960648577e+00, 2.2161336846130917e+00,
       2.4584359422126352e+00, 1.1014715350318058e+00,
       2.0547208880389438e+00, 1.1894708386829624e+00,
       3.1423434872238203e+00, 2.0409695483875798e+00,
       2.0944859355897250e+00, 2.7203416555845337e+00,
       1.3866226636794552e+00, 3.1233135237138959e-01,
       2.2633560466783904e+00, 9.4925986338982016e-01,
       9.9982835542663406e-01, 9.7804469090756296e-01,
       3.4308652542885185e+00, 1.1294500937101113e+00,
       1.5487754739572552e+00, 1.9361548763136973e+00,
       1.4611839820490204e+00, 7.4248214792828993e-01,
       2.5967474711201595e+00, 1.2040745768255599e+00,
       1.6707734979862614e+00, 1.2621881587570725e+00,
       2.7350905284118272e+00, 1.8127083376505555e+00,
       1.8691659350290775e+00, 2.2854419000766404e+00,
       1.1186763889920148e+00, 3.2350041157134229e-01,
       2.6924928190022435e+00, 9.4014469487407037e-01,
       9.9283012738493814e-01, 9.9020514334995657e-01,
       1.7002129902515586e+00, 1.5087938529895384e+00,
       1.4021233025070876e+00, 2.7258511289178102e+00 ]
intactSigma:
   - !!opencv-matrix
      rows: 10
      cols: 10
      dt: d
      data: [ 1.7299300611135472e-02, 2.7967711807362836e-03,
          -4.6049257428603333e-03, -3.1392786405900997e-04,
          1.1894985977541720e-04, -3.6747878676034380e-04,
          2.0739221949771817e-03, 3.1472986389346862e-03,
          7.4571813521334186e-04, 3.6282993306422243e-03,
          2.7967711807362831e-03, 2.3283891822679665e-03,
          3.1215291210321669e-04, -2.7286079381431241e-05,
          2.7371317941824781e-04, 1.3211893220481017e-04,
          2.0642550076464760e-03, 1.6048238738060369e-03,
          8.5419008417128442e-04, 3.7177101416507345e-03,
          -4.6049257428603324e-03, 3.1215291210321680e-04,
          1.2327048739318650e-02, 1.6396488912737237e-04,
          2.0837597204305391e-05, 1.3033587018449173e-05,
          1.5928841940040031e-04, -1.0031264561918482e-03,
          8.9674281297651235e-04, 1.5833223658896466e-03,
          -3.1392786405900992e-04, -2.7286079381431278e-05,
          1.6396488912737248e-04, 2.8706207189166579e-02,
          1.2175767638480933e-04, -4.7241994525278795e-04,
          -2.4202153624106760e-06, -2.1805155461843511e-02,
          1.9194617903793505e-04, 5.1735643207193233e-04,
          1.1894985977541739e-04, 2.7371317941824754e-04,
          2.0837597204305414e-05, 1.2175767638480951e-04,
          2.0501178138443790e-02, 4.9850435373668435e-04,
          9.9316202213664637e-04, -4.7961375452233480e-03,
          2.6543459813678777e-05, -9.2959517104177912e-04,
          -3.6747878676034380e-04, 1.3211893220481030e-04,
          1.3033587018449212e-05, -4.7241994525278784e-04,
          4.9850435373668457e-04, 2.7727364362739808e-02,
          1.6965594662471571e-04, -4.6209238052506594e-03,
          -1.3907834753965102e-03, 2.0445845339580956e-04,
          2.0739221949771826e-03, 2.0642550076464760e-03,
          1.5928841940040004e-04, -2.4202153624107273e-06,
          9.9316202213664659e-04, 1.6965594662471546e-04,
          1.8351369095049575e-02, 2.0733483085647224e-03,
          1.6511508877213922e-03, 4.0695767897440073e-03,
          3.1472986389346866e-03, 1.6048238738060369e-03,
          -1.0031264561918489e-03, -2.1805155461843508e-02,
          -4.7961375452233480e-03, -4.6209238052506603e-03,
          2.0733483085647224e-03, 1.1998152219770457e-01,
          -2.4471055476941434e-05, 1.0957938562395359e-03,
          7.4571813521334197e-04, 8.5419008417128442e-04,
          8.9674281297651235e-04, 1.9194617903793500e-04,
          2.6543459813678713e-05, -1.3907834753965104e-03,
          1.6511508877213922e-03, -2.4471055476941454e-05,
          5.4123599332032276e-03, 2.9139367067619192e-03,
          3.6282993306422247e-03, 3.7177101416507345e-03,
          1.5833223658896466e-03, 5.1735643207193255e-04,
          -9.2959517104177923e-04, 2.0445845339580939e-04,
          4.0695767897440073e-03, 1.0957938562395353e-03,
          2.9139367067619196e-03, 1.6558325468285371e-02 ]
   - !!opencv-matrix
      rows: 10
      cols: 10
      dt: d
      data: [ 1.1051826558328502e-01, 1.2476118263483639e-01,
          9.4908414625167661e-03, 6.6045884083819782e-03,
          -2.6164726400670531e-03, 1.8216334412025810e-02,
          1.4269159423562910e-03, 3.6396819546962618e-02,
          1.9905099227447213e-02, 1.1968666624195171e-02,
          1.2476118263483639e-01, 2.4923127779886212e-01,
          1.0478240248965372e-02, 9.0860155631025674e-03,
          2.5443937813615310e-02, 1.7978366352756396e-02,
          1.7324538981038435e-02, 3.9426639226013263e-02,
          3.8887504192876225e-02, 1.4915159265694380e-02,
          9.4908414625167661e-03, 1.0478240248965374e-02,
          8.5827866509805180e-03, 1.7756821521986449e-04,
          -8.2953458793940844e-03, 2.2176541863484956e-03,
          -4.1406507616983945e-03, 5.0168010053712490e-03,
          1.1558929724708206e-03, 1.0121720608218521e-03,
          6.6045884083819773e-03, 9.0860155631025639e-03,
          1.7756821521986449e-04, 1.0573986599182125e-01,
          1.1538694748526774e-02, 3.2245736666874731e-03,
          5.7654797190158577e-03, -1.5102910698857568e-02,
          2.4381621681265689e-03, 2.0408381476351295e-03,
          -2.6164726400670561e-03, 2.5443937813615310e-02,
          -8.2953458793940810e-03, 1.1538694748526774e-02,
          1.7706725068021764e-01, 6.0647255164140218e-03,
          3.3977283702130184e-02, 3.1198247699013048e-03,
          -1.8430298747822949e-03, 5.4851049412269750e-04,
          1.8216334412025810e-02, 1.7978366352756403e-02,
          2.2176541863484956e-03, 3.2245736666874731e-03,
          6.0647255164140200e-03, 6.4426583814874719e-02,
          3.4121597576170356e-03, 1.0912850478241615e-02,
          -2.2790769587262621e-03, 3.1667773515924058e-03,
          1.4269159423562910e-03, 1.7324538981038435e-02,
          -4.1406507616983945e-03, 5.7654797190158594e-03,
          3.3977283702130184e-02, 3.4121597576170348e-03,
          2.0198302209290069e-02, 4.8264639945295746e-03,
          -3.2348441099483308e-04, 1.1210862493175758e-03,
          3.6396819546962611e-02, 3.9426639226013263e-02,
          5.0168010053712473e-03, -1.5102910698857564e-02,
          3.1198247699013048e-03, 1.0912850478241615e-02,
          4.8264639945295746e-03, 8.6365481032286098e-02,
          3.4274619933935746e-03, 6.3719512290490695e-03,
          1.9905099227447206e-02, 3.8887504192876225e-02,
          1.1558929724708210e-03, 2.4381621681265689e-03,
          -1.8430298747822949e-03, -2.2790769587262612e-03,
          -3.2348441099483313e-04, 3.4274619933935737e-03,
          5.8347927387244133e-02, 4.6447520653488004e-03,
          1.1968666624195169e-02, 1.4915159265694380e-02,
          1.0121720608218521e-03, 2.0408381476351299e-03,
          5.4851049412269761e-04, 3.1667773515924066e-03,
          1.1210862493175758e-03, 6.3719512290490695e-03,
          4.6447520653488004e-03, 9.1848979059390018e-03 ]
   - !!opencv-matrix
      rows: 10
      cols: 10
      dt: d
