%YAML:1.0
---
groups:
   - intact
   - CD19
   - blast
intactGmmnames:
   - "intact.Bue053.0"
   - "intact.Bue053.1"
   - "intact.Bue053.2"
   - "intact.Bue053.3"
   - "intact.Bue053.4"
intactLabels:
   - FSC-A
   - SSC-A
   - SY41
   - CD19
   - CD10
   - CD20
   - CD45
   - CD34
   - CD38
   - CD58
intactMu: !!opencv-matrix
   rows: 5
   cols: 10
   dt: d
   data: [ 2.0776574133206269e+00, 2.3258402683089514e+00,
       2.6591308156632740e+00, 9.2318856441503028e-01,
       1.4726846912629383e+00, 1.1816947081519640e+00,
       3.0009636255362926e+00, 1.6718253934710601e+00,
       1.9840970356123266e+00, 2.8127760529758450e+00,
       9.6598156571684157e-01, 2.8514518566923841e-01,
       2.5931781828153690e+00, 8.1657329829517844e-01,
       8.2164414372806516e-01, 1.0252529934168144e+00,
       1.6274879139652119e+00, 1.2623694633285578e+00,
       1.1600404392265169e+00, 2.7581130177526041e+00,
       1.6159428877251458e+00, 9.2042954074391381e-01,
       2.6250980093808307e+00, 1.2410870563037080e+00,
       1.3702150926844794e+00, 1.2838645930171713e+00,
       2.7050148416063222e+00, 1.6357464722717683e+00,
       1.9473653359151832e+00, 2.4470802278691814e+00,
       1.2254267360422004e+00, 2.8816635932486967e-01,
       2.4642273556553933e+00, 8.1466345304696164e-01,
       8.2476440641079818e-01, 1.1354672632990903e+00,
       3.3337195874981949e+00, 1.1166151261082427e+00,
       1.0659478258471229e+00, 2.2626587902135959e+00,
       1.1515498530917652e+00, 2.5631445132256236e-01,
       2.3797112017009554e+00, 8.2251434750469543e-01,
       8.2513650420475770e-01, 1.0340396300015613e+00,
       3.3210089844914790e+00, 1.1406152067950970e+00,
       2.2549816034335000e+00, 1.6306015815037866e+00 ]
intactSigma:
   - !!opencv-matrix
      rows: 10
      cols: 10
      dt: d
      data: [ 4.7098096955783757e-02, 8.7518979744788436e-02,
          1.0795522081681238e-02, 3.2180742101656492e-03,
          4.8713644789530582e-03, 8.5994246666971537e-03,
          1.9763290457919741e-03, 2.5822519989068666e-02,
          2.5071200569595817e-02, 6.3658807150490573e-03,
          8.7518979744788436e-02, 3.0711533766893939e-01,
          2.4060041577526232e-02, 2.4384307181695235e-03,
          2.3719617417347690e-02, 1.3396326301013034e-02,
          2.2600461713684725e-02, 4.6920904132737744e-02,
          5.0947415208284857e-02, 1.7954355476654606e-02,
          1.0795522081681238e-02, 2.4060041577526232e-02,
          2.2771535496769215e-02, -1.7918190897326823e-04,
          -1.6443731776203886e-02, 1.9505531635997371e-03,
          -1.0524848369841612e-02, 7.4785702686064213e-03,
          1.3291484309044746e-02, -1.4637683433177629e-03,
          3.2180742101656497e-03, 2.4384307181695231e-03,
          -1.7918190897326831e-04, 1.1057192047091093e-01,
          1.8248498006445738e-02, 3.8210445524776529e-04,
          8.1265853514169064e-03, -1.9571456311909621e-02,
          1.2071088379854481e-03, 2.2570030163473562e-03,
          4.8713644789530556e-03, 2.3719617417347690e-02,
          -1.6443731776203886e-02, 1.8248498006445735e-02,
          2.0250944885881275e-01, 5.4999738343069707e-03,
          7.4567744117583226e-02, -1.2419876414498593e-03,
          -2.9709714853953736e-02, 1.5168124989727113e-02,
          8.5994246666971537e-03, 1.3396326301013034e-02,
          1.9505531635997382e-03, 3.8210445524776551e-04,
          5.4999738343069699e-03, 4.9289899793923349e-02,
          3.0786147474486242e-03, 7.6386890642414426e-03,
          8.8684306005240934e-04, 1.5094813256291055e-03,
          1.9763290457919733e-03, 2.2600461713684728e-02,
          -1.0524848369841614e-02, 8.1265853514169064e-03,
          7.4567744117583226e-02, 3.0786147474486229e-03,
          5.5904028252247794e-02, 1.7771914722846652e-03,
          -2.1170863839871660e-02, 1.0813669236841286e-02,
          2.5822519989068666e-02, 4.6920904132737751e-02,
          7.4785702686064196e-03, -1.9571456311909621e-02,
          -1.2419876414498602e-03, 7.6386890642414435e-03,
          1.7771914722846652e-03, 8.7492565127788136e-02,
          1.1675236416997933e-02, 3.6080640547509371e-03,
          2.5071200569595817e-02, 5.0947415208284857e-02,
          1.3291484309044746e-02, 1.2071088379854479e-03,
          -2.9709714853953736e-02, 8.8684306005241032e-04,
          -2.1170863839871660e-02, 1.1675236416997931e-02,
          7.3851903341120601e-02, -1.0334374662514508e-03,
          6.3658807150490581e-03, 1.7954355476654606e-02,
          -1.4637683433177634e-03, 2.2570030163473571e-03,
          1.5168124989727114e-02, 1.5094813256291055e-03,
          1.0813669236841286e-02, 3.6080640547509371e-03,
          -1.0334374662514512e-03, 8.6717654592343135e-03 ]
   - !!opencv-matrix
      rows: 10
      cols: 10
      dt: d
      data: [ 9.1076067432909413e-02, 2.6098413167454631e-02,
          3.3017004672479353e-02, 2.5549846674592829e-03,
          3.4270674337780306e-03, 1.7244120672506716e-03,
          2.9529741570737792e-02, 7.8073701662534920e-03,
          5.8746965221862070e-03, 3.7963196956563521e-02,
          2.6098413167454631e-02, 1.0794409931758599e-02,
          1.0483923129841815e-02, 1.0427725143986586e-03,
          1.4399176218474338e-03, 7.0832840581414416e-04,
          1.1489071151214638e-02, 3.4839975459659569e-03,
          2.4935004879193547e-03, 1.5065703680899068e-02,
          3.3017004672479353e-02, 1.0483923129841815e-02,
          4.1375573983257308e-02, 7.6122851712658707e-04,
          1.3237500671469103e-03, 4.9685824698494441e-04,
          1.1756277914630422e-02, 4.0819653323248845e-03,
          2.2615226455830330e-03, 1.5361681081840890e-02,
          2.5549846674592824e-03, 1.0427725143986586e-03,
          7.6122851712658610e-04, 4.7244048805849488e-02,
          2.8343532939096826e-03, -7.7197149481278112e-04,
          1.5389109641602964e-03, -1.2489844499860459e-02,
          8.4249044910324081e-04, 1.2584582691384288e-03,
          3.4270674337780306e-03, 1.4399176218474338e-03,
          1.3237500671469107e-03, 2.8343532939096813e-03,
          3.2909031330587722e-02, 1.1290291631135007e-03,
          3.3309697650609075e-03, -2.7202934713567695e-03,
          6.5147060390679948e-04, -5.2660000523786429e-04,
          1.7244120672506727e-03, 7.0832840581414405e-04,
          4.9685824698494419e-04, -7.7197149481278123e-04,
          1.1290291631135005e-03, 2.3905994716940129e-02,
          8.7561860017325950e-04, -1.4791174162767681e-03,
          -1.1486911600779416e-03, 1.0704904618456888e-03,
          2.9529741570737792e-02, 1.1489071151214642e-02,
          1.1756277914630426e-02, 1.5389109641602966e-03,
          3.3309697650609075e-03, 8.7561860017325939e-04,
          4.3034808588853453e-02, 6.1470224528423004e-03,
          2.9696360047204128e-03, 1.6200799019591285e-02,
          7.8073701662534902e-03, 3.4839975459659560e-03,
          4.0819653323248845e-03, -1.2489844499860459e-02,
          -2.7202934713567687e-03, -1.4791174162767683e-03,
          6.1470224528423004e-03, 4.5622472235301241e-02,
          9.7481007319199077e-04, 4.9168467060269460e-03,
          5.8746965221862079e-03, 2.4935004879193547e-03,
          2.2615226455830330e-03, 8.4249044910324081e-04,
          6.5147060390679959e-04, -1.1486911600779416e-03,
          2.9696360047204128e-03, 9.7481007319199077e-04,
          4.5450204960787131e-03, 3.1106116462989858e-03,
          3.7963196956563521e-02, 1.5065703680899068e-02,
          1.5361681081840887e-02, 1.2584582691384282e-03,
          -5.2660000523786451e-04, 1.0704904618456894e-03,
          1.6200799019591285e-02, 4.9168467060269451e-03,
          3.1106116462989858e-03, 4.1588657547824710e-02 ]
   - !!opencv-matrix
      rows: 10
      cols: 10
      dt: d
