%YAML:1.0
---
groups:
   - intact
   - CD19
   - blast
intactGmmnames:
   - "intact.Bue104.0"
   - "intact.Bue104.1"
   - "intact.Bue104.2"
   - "intact.Bue104.3"
   - "intact.Bue104.4"
intactLabels:
   - FSC-A
   - SSC-A
   - SY41
   - CD19
   - CD10
   - CD20
   - CD45
   - CD34
   - CD38
   - CD58
intactMu: !!opencv-matrix
   rows: 5
   cols: 10
   dt: d
   data: [ 1.4933899319055985e+00, 4.8079660304354843e-01,
       2.2608194331132552e+00, 1.2588693493345944e+00,
       9.1525586942238535e-01, 1.1183327442404887e+00,
       2.1749831556740764e+00, 1.4694909259149203e+00,
       2.1403864293684571e+00, 2.5173825412044124e+00,
       8.5947121847142482e-01, 2.1370618840016078e-01,
       2.1438584984816886e+00, 1.1673983940342181e+00,
       7.8691286880674893e-01, 9.9654875391975617e-01,
       1.4678141658901620e+00, 1.2253564461667226e+00,
       1.2036139353105604e+00, 2.7940332671620927e+00,
       1.1019282907821570e+00, 1.8475673706023454e-01,
       1.9897519581129444e+00, 1.1725616063452564e+00,
       7.9583404909967270e-01, 1.0135980856892008e+00,
       2.9525599923343759e+00, 1.0614690182832167e+00,
       1.9254196707110924e+00, 1.3895812379783421e+00,
       1.3446329900243517e+00, 2.8430945635391275e-01,
       1.9289972963763453e+00, 1.1794137167430854e+00,
       8.1075866371690375e-01, 1.0261953102970793e+00,
       3.2105451160850405e+00, 1.0690006193454384e+00,
       2.0461098872681389e+00, 2.2787495425226716e+00,
       2.2598577678199039e+00, 1.5588199574731523e+00,
       2.2148402659056092e+00, 1.2669627881125014e+00,
       1.3446332925743467e+00, 1.1555088466983177e+00,
       2.4607576451707858e+00, 1.6924713406115099e+00,
       2.6249144538313769e+00, 2.9034074042347222e+00 ]
intactSigma:
   - !!opencv-matrix
      rows: 10
      cols: 10
      dt: d
      data: [ 4.2118010093805897e-01, 1.3677649836161096e-01,
          3.5860888041426328e-02, 4.4284803099072746e-03,
          2.3314788774834738e-02, -1.0565544387233880e-02,
          2.0433655109810259e-01, 9.7528516557832678e-02,
          3.2235172044634169e-01, 1.7175275183530586e-01,
          1.3677649836161099e-01, 8.4676975566525939e-02,
          1.2118753174034366e-02, 6.3165252742751442e-03,
          1.7885239931283881e-02, 7.8604560802512952e-03,
          8.2355883247036271e-02, 5.7451483883299147e-02,
          1.4434830012281347e-01, 9.0170669960772443e-02,
          3.5860888041426328e-02, 1.2118753174034365e-02,
          6.0487007417830897e-02, -5.0327757757787257e-03,
          -1.8266770309899670e-03, -7.7489206580885544e-04,
          -5.7720206960445351e-02, 2.1538946093660208e-02,
          -1.7516135840344917e-02, 3.2413472304185349e-02,
          4.4284803099072737e-03, 6.3165252742751468e-03,
          -5.0327757757787249e-03, 4.0623011145513734e-02,
          1.1796683341955586e-02, 2.6229943366309908e-02,
          3.3755269823588001e-02, 1.0516356086914622e-02,
          1.7554276140545621e-02, 5.9967062809870826e-03,
          2.3314788774834734e-02, 1.7885239931283874e-02,
          -1.8266770309899670e-03, 1.1796683341955586e-02,
          8.9491055915363840e-02, 1.7844709907906788e-02,
          4.4156493895169041e-02, 2.1690530011153109e-02,
          1.7026811730213632e-02, 1.4701804550255595e-02,
          -1.0565544387233880e-02, 7.8604560802512970e-03,
          -7.7489206580885512e-04, 2.6229943366309908e-02,
          1.7844709907906788e-02, 1.0838575056831304e-01,
          2.8109166301180252e-02, 3.3021026714190195e-02,
          -1.0725719120302849e-02, 2.5257299221164717e-03,
          2.0433655109810259e-01, 8.2355883247036271e-02,
          -5.7720206960445351e-02, 3.3755269823588001e-02,
          4.4156493895169027e-02, 2.8109166301180252e-02,
          4.9945155810489655e-01, 8.1669995166365889e-02,
          3.3105701066659665e-01, 6.2065010375355507e-02,
          9.7528516557832678e-02, 5.7451483883299154e-02,
          2.1538946093660208e-02, 1.0516356086914622e-02,
          2.1690530011153116e-02, 3.3021026714190195e-02,
          8.1669995166365889e-02, 2.1293613944214165e-01,
          1.0634975344457027e-01, 8.5187311565468826e-02,
          3.2235172044634169e-01, 1.4434830012281344e-01,
          -1.7516135840344910e-02, 1.7554276140545621e-02,
          1.7026811730213639e-02, -1.0725719120302851e-02,
          3.3105701066659665e-01, 1.0634975344457027e-01,
          6.9725273944972932e-01, 1.5087508718720033e-01,
          1.7175275183530586e-01, 9.0170669960772443e-02,
          3.2413472304185349e-02, 5.9967062809870852e-03,
          1.4701804550255595e-02, 2.5257299221164743e-03,
          6.2065010375355507e-02, 8.5187311565468826e-02,
          1.5087508718720033e-01, 2.7918130000127406e-01 ]
   - !!opencv-matrix
      rows: 10
      cols: 10
      dt: d
      data: [ 6.9065381072151474e-02, 1.5287192127824215e-02,
          2.4609150462747028e-02, 7.7087291339751152e-04,
          3.7065850196994392e-03, 9.2610993041218679e-04,
          4.5662608413410332e-03, 7.8566108027597822e-03,
          1.3096037052915689e-02, 2.3163813814191182e-02,
          1.5287192127824215e-02, 5.4544586696116211e-03,
          8.5317189562449051e-03, 2.8843930171559281e-04,
          1.2826715296885508e-03, 4.7912149377473415e-04,
          1.5900116063043187e-03, 3.5820378333652901e-03,
          4.8451291039834209e-03, 7.1959146308310908e-03,
          2.4609150462747028e-02, 8.5317189562449051e-03,
          3.9033540102846542e-02, 8.7775017260581728e-04,
          2.8314790425499141e-03, 1.5741528509170231e-03,
          2.4839023205846930e-03, 1.1437401327909314e-02,
          1.0162947835100791e-02, 8.5473409280673370e-03,
          7.7087291339751173e-04, 2.8843930171559270e-04,
          8.7775017260581761e-04, 5.0940625260396701e-03,
          4.9210489802575005e-04, -1.7746182413548123e-04,
          1.9336936056752984e-04, -4.9159456289386725e-03,
          6.4483690042606181e-04, 2.1344878212274659e-04,
          3.7065850196994392e-03, 1.2826715296885504e-03,
          2.8314790425499137e-03, 4.9210489802574994e-04,
          4.2794727598113334e-02, 4.5741283614164619e-04,
          8.1656281849863807e-04, -4.3384258532982844e-03,
          1.5602191140534720e-03, 1.5221973528380055e-04,
          9.2610993041218679e-04, 4.7912149377473415e-04,
          1.5741528509170229e-03, -1.7746182413548131e-04,
          4.5741283614164597e-04, 1.4709794922870950e-02,
          3.9495501333423736e-04, -1.5462477729770293e-03,
          -7.9692030163281053e-04, 1.6748002948924236e-04,
          4.5662608413410350e-03, 1.5900116063043187e-03,
          2.4839023205846930e-03, 1.9336936056752992e-04,
          8.1656281849863828e-04, 3.9495501333423725e-04,
          3.9524822214829416e-03, 1.4237553009242593e-03,
          1.8981293070687970e-03, 1.3734274468827179e-03,
          7.8566108027597822e-03, 3.5820378333652901e-03,
          1.1437401327909312e-02, -4.9159456289386725e-03,
          -4.3384258532982852e-03, -1.5462477729770302e-03,
          1.4237553009242593e-03, 5.7404956357302618e-02,
          3.5745944256709993e-03, 4.3297216936342801e-03,
          1.3096037052915691e-02, 4.8451291039834209e-03,
          1.0162947835100793e-02, 6.4483690042606181e-04,
          1.5602191140534714e-03, -7.9692030163281064e-04,
          1.8981293070687965e-03, 3.5745944256710006e-03,
          1.5832459728922749e-02, 5.0372157424424567e-03,
          2.3163813814191182e-02, 7.1959146308310908e-03,
          8.5473409280673370e-03, 2.1344878212274673e-04,
          1.5221973528380041e-04, 1.6748002948924242e-04,
          1.3734274468827185e-03, 4.3297216936342801e-03,
          5.0372157424424567e-03, 2.2128089500586597e-02 ]
   - !!opencv-matrix
      rows: 10
      cols: 10
      dt: d
