%YAML:1.0
---
groups:
   - intact
   - CD19
   - blast
intactGmmnames:
   - "intact.Bue101.0"
   - "intact.Bue101.1"
   - "intact.Bue101.2"
   - "intact.Bue101.3"
   - "intact.Bue101.4"
intactLabels:
   - FSC-A
   - SSC-A
   - SY41
   - CD19
   - CD10
   - CD20
   - CD45
   - CD34
   - CD38
   - CD58
intactMu: !!opencv-matrix
   rows: 5
   cols: 10
   dt: d
   data: [ 2.1699027927283483e+00, 2.2183868925365702e+00,
       2.0629133686183461e+00, 1.0995032294131628e+00,
       1.8881879038532616e+00, 1.1904223438334973e+00,
       2.3963606668121984e+00, 1.3885914692435495e+00,
       1.9207642639413618e+00, 2.6268575813690900e+00,
       1.5787679422712870e+00, 3.2023881805433807e-01,
       1.9524391420254061e+00, 1.0060504832183528e+00,
       8.8187303270127837e-01, 1.1089321056880601e+00,
       3.1874927977100556e+00, 1.0771014584977547e+00,
       1.5847931695768318e+00, 2.1452180945831731e+00,
       1.6475671193339569e+00, 3.8516254105549896e-01,
       1.9035638652319509e+00, 1.0258120556033836e+00,
       8.8097847673593144e-01, 1.1295172641063906e+00,
       3.1635178284074099e+00, 1.1218244092744283e+00,
       3.1070324405739282e+00, 2.2022792394304722e+00,
       1.1942044859975303e+00, 2.8107508539329734e-01,
       2.1264722773950009e+00, 1.0076268615672477e+00,
       8.8182535587406397e-01, 1.0955744334659616e+00,
       1.5024175162685578e+00, 1.1741745671266357e+00,
       1.3366693257742912e+00, 2.7836224976991599e+00,
       1.2631327962423096e+00, 1.9870295472498214e-01,
       1.8942353262792555e+00, 1.0075086532026156e+00,
       8.5994803243914697e-01, 1.1042890293566496e+00,
       2.9332990176885145e+00, 1.0885299867075220e+00,
       1.6607790216926546e+00, 1.2699828826653357e+00 ]
intactSigma:
   - !!opencv-matrix
      rows: 10
      cols: 10
      dt: d
      data: [ 2.8493753431991631e-01, 4.6196310128620338e-01,
          -2.7223242901624516e-02, -1.0054040911792928e-02,
          1.8662230235992255e-01, -5.3730964280392132e-02,
          1.2780095022580767e-01, -5.6568769402144954e-02,
          1.1609624436354975e-01, 1.2916502495283966e-01,
          4.6196310128620338e-01, 1.5314158843204206e+00,
          -1.7062561647412572e-01, -3.0768704748300364e-02,
          7.0678421967528082e-01, -1.0894731723529141e-01,
          2.6396657636993098e-01, -1.7446400525074557e-01,
          1.0442204178761395e-01, 2.5671204003778497e-01,
          -2.7223242901624516e-02, -1.7062561647412572e-01,
          1.1692406719752717e-01, 5.7324267584834181e-03,
          -1.1861034100353147e-01, 3.1131837469714981e-02,
          -5.7791361261832583e-02, 5.9200679331750987e-02,
          -5.5792717842539936e-03, -1.2669424592222037e-02,
          -1.0054040911792928e-02, -3.0768704748300370e-02,
          5.7324267584834155e-03, 5.6591179468690370e-02,
          -8.4099532698744765e-03, 2.2588335415639208e-02,
          8.3178645136855658e-03, 8.9354766929773833e-03,
          3.3815586691074363e-03, -4.5948854771448263e-04,
          1.8662230235992255e-01, 7.0678421967528082e-01,
          -1.1861034100353147e-01, -8.4099532698744747e-03,
          5.5633731659617169e-01, -5.3336880748237975e-02,
          1.8045120077569501e-01, -1.0906370210908219e-01,
          -5.3450013914967016e-03, 1.2661962958148637e-01,
          -5.3730964280392132e-02, -1.0894731723529141e-01,
          3.1131837469714981e-02, 2.2588335415639208e-02,
          -5.3336880748237975e-02, 8.4871012630790513e-02,
          -2.6951496700475815e-02, 6.4203130063471364e-02,
          -2.8886891262192124e-02, -2.1338319741510320e-02,
          1.2780095022580767e-01, 2.6396657636993098e-01,
          -5.7791361261832583e-02, 8.3178645136855675e-03,
          1.8045120077569501e-01, -2.6951496700475815e-02,
          2.0514261861367455e-01, -4.5248297976684747e-02,
          7.5739323405502712e-02, 5.7804239458545910e-02,
          -5.6568769402144954e-02, -1.7446400525074557e-01,
          5.9200679331750987e-02, 8.9354766929773868e-03,
          -1.0906370210908219e-01, 6.4203130063471364e-02,
          -4.5248297976684747e-02, 2.1359416570328499e-01,
          -9.8435682912290916e-03, -1.3606059404720377e-02,
          1.1609624436354975e-01, 1.0442204178761395e-01,
          -5.5792717842539910e-03, 3.3815586691074363e-03,
          -5.3450013914966964e-03, -2.8886891262192124e-02,
          7.5739323405502698e-02, -9.8435682912290916e-03,
          2.1415459642306783e-01, 4.4586664519827714e-02,
          1.2916502495283966e-01, 2.5671204003778497e-01,
          -1.2669424592222032e-02, -4.5948854771448263e-04,
          1.2661962958148637e-01, -2.1338319741510320e-02,
          5.7804239458545910e-02, -1.3606059404720377e-02,
          4.4586664519827714e-02, 1.4537325901687009e-01 ]
   - !!opencv-matrix
      rows: 10
      cols: 10
      dt: d
      data: [ 2.0809693779977875e-02, 3.7773218865570332e-03,
          6.3721701488882289e-03, 3.2534098005188364e-04,
          7.8582381123202280e-04, 2.9878934272246541e-04,
          4.6357186093716691e-03, 1.3697047156258893e-03,
          -7.0756716285149913e-03, 9.0119452118125418e-03,
          3.7773218865570332e-03, 3.9603386029087089e-03,
          1.3610800603858504e-03, 1.7318721101587445e-04,
          5.0848975760112354e-04, 1.3890258347820466e-04,
          3.8160495095217579e-03, 8.3513509808153419e-04,
          2.8984713356193154e-03, 5.0190878452194762e-03,
          6.3721701488882289e-03, 1.3610800603858504e-03,
          8.4290002767372654e-02, 9.0572466152372859e-05,
          -4.8474719606204523e-05, -5.1318429018805292e-04,
          -8.5128709618332108e-03, -1.4605713798176631e-04,
          -2.1218617423626358e-02, 4.1493983510264018e-03,
          3.2534098005188364e-04, 1.7318721101587439e-04,
          9.0572466152372575e-05, 7.6404750933013925e-03,
          3.1240123340834833e-04, -3.6137054193739049e-04,
          5.4444872468488164e-05, -2.9965730479846078e-03,
          -1.4346333783162803e-03, 4.5919578095837959e-04,
          7.8582381123202269e-04, 5.0848975760112364e-04,
          -4.8474719606204672e-05, 3.1240123340834833e-04,
          1.5245149481047432e-02, 2.2123017126684941e-04,
          1.0833317623796506e-03, -2.4711309007411915e-03,
          -5.2432789628547182e-05, -6.9297109086479541e-04,
          2.9878934272246552e-04, 1.3890258347820460e-04,
          -5.1318429018805281e-04, -3.6137054193739065e-04,
          2.2123017126684933e-04, 9.0520630326098150e-03,
          9.0453107682652830e-04, -5.3940025280337263e-04,
          -1.9412882118278558e-03, -2.0492799307471690e-04,
          4.6357186093716691e-03, 3.8160495095217574e-03,
          -8.5128709618332108e-03, 5.4444872468488090e-05,
          1.0833317623796502e-03, 9.0453107682652786e-04,
          2.6039414695479920e-02, 2.0003720688115366e-03,
          2.1422380740973804e-02, 5.2496617078819736e-04,
          1.3697047156258889e-03, 8.3513509808153419e-04,
          -1.4605713798176631e-04, -2.9965730479846078e-03,
          -2.4711309007411910e-03, -5.3940025280337263e-04,
          2.0003720688115375e-03, 1.5398227228029087e-02,
          1.7889449964080982e-04, 1.2682127188651904e-03,
          -7.0756716285149913e-03, 2.8984713356193154e-03,
          -2.1218617423626355e-02, -1.4346333783162796e-03,
          -5.2432789628547169e-05, -1.9412882118278565e-03,
          2.1422380740973804e-02, 1.7889449964080982e-04,
          1.4886697840296975e-01, -3.6508820229573095e-03,
          9.0119452118125418e-03, 5.0190878452194762e-03,
          4.1493983510264036e-03, 4.5919578095837948e-04,
          -6.9297109086479563e-04, -2.0492799307471690e-04,
          5.2496617078819736e-04, 1.2682127188651908e-03,
          -3.6508820229573099e-03, 3.2227454076566527e-02 ]
   - !!opencv-matrix
      rows: 10
      cols: 10
      dt: d
